116.89	-132.25
116.36	-157.68
115.73	-167.85
115.06	-178.03
114.34	-183.11
113.61	-188.2
112.86	-183.11
112.13	-193.29
111.35	-198.37
110.56	-208.54
109.72	-208.54
108.89	-218.72
108.02	-223.8
107.12	-228.89
106.21	-228.89
105.29	-233.98
104.35	-233.98
103.42	-244.15
102.44	-244.15
101.46	-244.15
100.49	-249.24
99.49	-244.15
98.51	-228.89
97.6	-218.72
96.72	-193.29
95.95	-172.94
95.26	-152.59
94.65	-122.07
94.16	-101.73
93.75	-76.3
93.45	-55.95
93.22	-30.52
93.1	-10.17
93.06	10.17
93.1	25.43
93.2	40.69
93.37	40.69
93.53	45.78
93.71	35.61
93.86	25.43
93.96	15.26
94.02	10.17
94.06	-5.09
94.04	-15.26
93.98	-25.43
93.88	-40.69
93.71	-137.33
93.16	-106.82
92.74	-132.25
92.21	-157.68
91.58	-178.03
90.86	-178.03
90.15	-162.77
89.5	-137.33
88.95	-91.56
88.59	-35.61
88.44	10.17
88.48	50.86
88.69	66.12
88.95	61.04
89.2	40.69
89.36	0
89.36	-40.69
89.2	-81.38
88.87	-106.82
88.44	-122.07
87.95	-142.42
87.39	-147.51
86.8	-162.77
86.14	-167.85
85.47	-172.94
84.78	-183.11
84.05	-183.11
83.32	-172.94
82.62	-147.51
82.03	-122.07
81.55	-81.38
81.22	-45.78
81.04	-10.17
81	20.35
81.08	40.69
81.24	55.95
81.46	55.95
81.69	55.95
81.91	55.95
82.14	50.86
82.34	45.78
82.52	45.78
82.71	35.61
82.85	35.61
82.99	25.43
83.09	20.35
83.17	15.26
83.23	15.26
83.3	25.43
83.4	55.95
83.62	96.64
84.01	152.59
84.62	223.8
85.51	295.01
86.69	361.14
88.14	427.26
89.85	467.95
91.72	503.56
93.73	513.73
95.79	518.82
97.86	508.65
99.9	503.56
101.91	493.39
103.89	478.13
105.8	462.87
107.65	457.78
109.48	437.43
111.23	427.26
112.94	412
114.59	401.83
116.19	391.66
117.76	381.48
119.29	376.4
120.79	366.22
122.26	356.05
123.68	345.88
125.07	335.71
126.41	325.53
127.71	315.36
128.97	300.1
130.17	295.01
131.35	284.84
132.49	269.58
133.57	254.32
134.59	244.15
135.56	233.98
136.5	213.63
137.35	203.46
138.17	188.2
138.92	178.03
139.63	167.85
140.3	152.59
140.92	147.51
141.51	132.25
142.03	111.9
142.48	91.56
142.85	61.04
143.09	40.69
143.25	20.35
143.34(S)	-5.09
143.32	-20.35
143.23	-45.78
143.05	-61.04
142.81	-91.56
142.44	-122.07
141.95	-152.59
141.34	-188.2
140.59	-233.98
139.65	-279.75
138.53	-325.53
137.23	-381.48
135.71	-437.43
133.96	-503.56
131.94	-554.42
129.72	-595.11
127.34	-590.03
124.98	-559.51
122.75	-488.3
120.79	-406.92
119.17	-325.53
117.86	-254.32
116.85	-198.37
116.05	-162.77
115.4	-137.33
114.85	-116.99
114.38	-101.73
113.98	-86.47
113.63	-66.12
113.37	-55.95
113.14	-40.69
112.98	-30.52
112.86	-35.61
112.72	-40.69
112.55	-55.95
112.33	-76.3
112.02	-91.56
111.66	-106.82
111.23	-111.9
110.78	-116.99
110.31	-111.9
109.87	-106.82
109.44	-96.64
109.05	-81.38
108.73	-76.3
108.42	-71.21
108.14	-71.21
107.85	-71.21
107.57	-76.3
107.26	-81.38
106.94	-81.38
106.61	-76.3
106.31	-71.21
106.02	-66.12
105.76	-55.95
105.53	-45.78
105.35	-45.78
105.17	-40.69
105	-45.78
104.82	-61.04
104.58	-76.3
104.27	-91.56
103.91	-116.99
103.44	-127.16
102.93	-147.51
102.34	-152.59
101.73	-152.59
101.12	-147.51
100.53	-137.33
99.98	-116.99
99.51	-101.73
99.1	-91.56
98.74	-86.47
98.39	-91.56
98.03	-111.9
97.58	-122.07
97.09	-137.33
96.54	-147.51
95.95	-142.42
95.38	-127.16
94.87	-111.9
94.42	-86.47
94.08	-71.21
93.79	-61.04
93.55	-50.86
93.35	-55.95
93.12	-61.04
92.88	-66.12
92.61	-76.3
92.31	-71.21
92.02	-81.38
91.7	-76.3
91.39	-76.3
91.09	-81.38
90.76	-76.3
90.46	-76.3
90.15	-76.3
89.85	-71.21
89.56	-66.12
89.3	-61.04
89.05	-55.95
88.83	-45.78
88.65	-50.86
88.44	-45.78
88.26	-45.78
88.08	-50.86
87.87	-55.95
87.65	-61.04
87.41	-61.04
87.16	-66.12
86.9	-76.3
86.59	-76.3
86.29	-81.38
85.96	-86.47
85.62	-86.47
85.27	-91.56
84.9	-91.56
84.54	-86.47
84.19	-86.47
83.85	-86.47
83.5	-76.3
83.19	-76.3
82.89	-71.21
82.6	-66.12
82.34	-61.04
82.1	-61.04
81.85	-55.95
81.63	-50.86
81.42	-50.86
81.22	-50.86
81.02	-45.78
80.83	-40.69
80.67	-35.61
80.53	-35.61
80.39	-25.43
80.28	-20.35
80.2	-15.26
80.14	-15.26
80.08	-10.17
80.04	-10.17
 80.00(D)	0
80	10.17
80.04	25.43
80.14	55.95
80.37	86.47
80.71	137.33
81.26	188.2
82.01	244.15
82.99	310.27
84.23	366.22
85.7	422.18
87.39	462.87
89.24	488.3
91.19	498.47
93.18	503.56
95.2	493.39
97.17	478.13
99.08	462.87
100.94	452.69
102.75	447.61
104.54	442.52
106.31	452.69
108.12	462.87
109.97	462.87
111.82	467.95
113.69	462.87
115.54	447.61
117.33	437.43
119.08	417.09
120.75	391.66
122.32	366.22
123.78	340.79
125.15	320.45
126.43	300.1
127.63	284.84
128.77	279.75
129.89	269.58
130.97	259.41
132	254.32
133.02	239.06
133.98	233.98
134.91	223.8
135.81	213.63
136.66	203.46
137.48	193.29
138.25	178.03
138.96	167.85
139.63	147.51
140.22	127.16
140.73	106.82
141.16	86.47
141.51	71.21
141.79	50.86
141.99	35.61
142.14	20.35
142.22	5.09
142.24(S)	-10.17
142.2	-40.69
142.03	-61.04
141.79	-96.64
141.4	-137.33
140.85	-178.03
140.14	-223.8
139.25	-264.5
138.19	-310.27
136.95	-350.97
135.54	-391.66
133.98	-422.18
132.29	-462.87
130.44	-483.21
128.5	-498.47
126.51	-493.39
124.54	-478.13
122.62	-447.61
120.83	-417.09
119.17	-381.48
117.64	-345.88
116.26	-310.27
115.01	-274.67
113.92	-239.06
112.96	-203.46
112.15	-162.77
111.49	-122.07
111.01	-86.47
110.66	-45.78
110.48	-25.43
110.38	0
110.38	5.09
110.4	0
110.4	-15.26
110.34	-25.43
110.23	-50.86
110.03	-61.04
109.79	-81.38
109.46	-91.56
109.09	-96.64
108.71	-101.73
108.3	-106.82
107.87	-106.82
107.45	-106.82
107.02	-101.73
106.61	-101.73
106.21	-101.73
105.8	-91.56
105.43	-91.56
105.07	-91.56
104.7	-86.47
104.35	-81.38
104.03	-81.38
103.7	-81.38
103.38	-81.38
103.05	-81.38
102.73	-86.47
102.38	-86.47
102.03	-91.56
101.67	-101.73
101.26	-101.73
100.85	-111.9
100.41	-111.9
99.96	-122.07
99.47	-122.07
98.98	-122.07
98.49	-116.99
98.03	-122.07
97.54	-116.99
97.07	-111.9
96.62	-111.9
96.17	-106.82
95.75	-101.73
95.34	-96.64
94.95	-96.64
94.57	-91.56
94.2	-86.47
93.86	-86.47
93.51	-86.47
93.16	-86.47
92.82	-81.38
92.49	-86.47
92.15	-86.47
91.8	-81.38
91.47	-81.38
91.15	-81.38
90.82	-76.3
90.52	-76.3
90.21	-81.38
89.89	-81.38
89.56	-86.47
89.22	-86.47
88.87	-86.47
88.52	-86.47
88.18	-86.47
87.83	-81.38
87.51	-76.3
87.2	-76.3
86.9	-76.3
86.59	-76.3
86.29	-71.21
86	-76.3
85.7	-76.3
85.39	-71.21
85.11	-66.12
84.84	-66.12
84.58	-61.04
84.33	-66.12
84.07	-61.04
83.82	-61.04
83.58	-66.12
83.32	-71.21
83.03	-76.3
82.73	-71.21
82.44	-76.3
82.14	-76.3
81.83	-76.3
81.53	-71.21
81.24	-71.21
80.96	-66.12
80.69	-61.04
80.45	-55.95
80.22	-55.95
80	-50.86
79.8	-50.86
79.59	-45.78
79.41	-45.78
79.23	-45.78
79.04	-40.69
78.88	-40.69
78.72	-40.69
78.56	-35.61
78.41	-35.61
78.27	-35.61
78.13	-35.61
77.99	-35.61
77.84	-30.52
77.72	-30.52
77.6	-20.35
77.52	-15.26
 77.46(D)	5.09
77.48	35.61
77.62	71.21
77.9	116.99
78.37	178.03
79.08	244.15
80.06	310.27
81.3	376.4
82.81	427.26
84.52	478.13
86.43	498.47
88.42	513.73
90.48	508.65
92.51	498.47
94.51	478.13
96.42	467.95
98.29	452.69
100.1	452.69
101.91	447.61
103.7	452.69
105.51	452.69
107.32	447.61
109.11	437.43
110.86	422.18
112.55	406.92
114.18	386.57
115.73	361.14
117.17	340.79
118.53	315.36
119.8	295.01
120.98	279.75
122.1	264.5
123.15	249.24
124.15	244.15
125.13	228.89
126.04	223.8
126.94	213.63
127.79	213.63
128.65	208.54
129.48	208.54
130.31	203.46
131.13	198.37
131.92	193.29
132.7	178.03
133.41	157.68
134.04	142.42
134.61	122.07
135.1	96.64
135.48	76.3
135.79	55.95
136.01	35.61
136.15	20.35
136.24(S)	0
136.24	-20.35
136.15	-45.78
135.97	-71.21
135.69	-116.99
135.22	-157.68
134.59	-213.63
133.73	-259.41
132.7	-310.27
131.45	-361.14
130.01	-396.74
128.42	-442.52
126.65	-467.95
124.78	-493.39
122.81	-503.56
120.79	-493.39
118.82	-457.78
116.99	-406.92
115.36	-340.79
114	-269.58
112.92	-208.54
112.09	-152.59
111.47	-122.07
110.99	-101.73
110.58	-91.56
110.21	-86.47
109.87	-86.47
109.52	-76.3
109.22	-71.21
108.93	-61.04
108.69	-45.78
108.5	-40.69
108.34	-40.69
108.18	-35.61
108.04	-45.78
107.85	-55.95
107.63	-66.12
107.36	-76.3
107.06	-81.38
106.73	-86.47
106.39	-91.56
106.02	-91.56
105.66	-91.56
105.29	-86.47
104.94	-86.47
104.6	-86.47
104.25	-76.3
103.95	-81.38
103.62	-71.21
103.34	-76.3
103.03	-71.21
102.75	-66.12
102.48	-71.21
102.2	-76.3
101.89	-71.21
101.61	-76.3
101.3	-81.38
100.98	-86.47
100.63	-86.47
100.28	-91.56
99.92	-91.56
99.55	-96.64
99.17	-91.56
98.8	-96.64
98.41	-101.73
98.01	-96.64
97.62	-101.73
97.21	-101.73
96.81	-96.64
96.42	-96.64
96.03	-91.56
95.67	-91.56
95.3	-81.38
94.97	-86.47
94.63	-76.3
94.32	-76.3
94.02	-76.3
93.71	-76.3
93.41	-71.21
93.12	-71.21
92.84	-71.21
92.55	-71.21
92.27	-66.12
92	-66.12
91.74	-71.21
91.45	-71.21
91.17	-71.21
90.88	-71.21
90.6	-76.3
90.29	-71.21
90.01	-76.3
89.7	-71.21
89.42	-71.21
89.13	-66.12
88.87	-61.04
88.63	-66.12
88.36	-61.04
88.12	-61.04
87.87	-61.04
87.63	-66.12
87.36	-66.12
87.1	-66.12
86.84	-71.21
86.55	-76.3
86.25	-71.21
85.96	-76.3
85.66	-71.21
85.37	-71.21
85.09	-71.21
84.8	-71.21
84.52	-66.12
84.25	-61.04
84.01	-66.12
83.74	-61.04
83.5	-55.95
83.28	-61.04
83.03	-55.95
82.81	-61.04
82.56	-55.95
82.34	-55.95
82.12	-55.95
81.89	-50.86
81.69	-50.86
81.48	-50.86
81.28	-55.95
81.06	-55.95
80.83	-61.04
80.59	-61.04
80.35	-66.12
80.08	-66.12
79.82	-66.12
79.55	-61.04
79.31	-55.95
79.08	-61.04
78.84	-50.86
78.64	-50.86
78.43	-40.69
78.27	-30.52
78.15	-20.35
78.07	-5.09
 78.05(D)	15.26
78.11	35.61
78.25	71.21
78.53	101.73
78.94	152.59
79.55	203.46
80.37	269.58
81.44	330.62
82.77	391.66
84.33	447.61
86.12	488.3
88.08	523.9
90.17	539.16
92.33	534.08
94.47	528.99
96.58	503.56
98.6	483.21
100.53	457.78
102.36	452.69
104.17	442.52
105.94	447.61
107.73	457.78
109.56	467.95
111.43	473.04
113.33	462.87
115.18	447.61
116.97	406.92
118.6	366.22
120.06	310.27
121.3	264.5
122.36	223.8
123.25	208.54
124.09	213.63
124.94	239.06
125.9	274.67
127	305.19
128.22	335.71
129.56	350.97
130.97	361.14
132.41	376.4
133.92	376.4
135.42	386.57
136.97	391.66
138.53	391.66
140.1	396.74
141.69	371.31
143.17	315.36
144.43	228.89
145.35	111.9
145.80(S)	-20.35
145.72	-142.42
145.15	-239.06
144.19	-305.19
142.97	-330.62
141.65	-320.45
140.37	-305.19
139.14	-259.41
138.11	-228.89
137.19	-228.89
136.28	-305.19
135.06	-427.26
133.35	-544.25
131.17	-620.55
128.69	-625.63
126.18	-595.11
123.8	-645.98
121.22	-839.26
117.86	-1180.06
113.14	-1556.45
106.92	-1805.69
99.69	-1815.86
92.43	-1515.76
86.37	-981.68
82.44	-335.71
81.1	264.5
82.16	717.19
85.03	961.34
88.87	1027.46
92.98	956.25
96.81	793.49
99.98	605.29
102.4	422.18
104.09	259.41
105.13	116.99
105.59	-10.17
105.55	-122.07
105.07	-208.54
104.23	-233.98
103.3	-188.2
102.54	-66.12
102.28	116.99
102.75	310.27
103.99	493.39
105.96	630.72
108.48	712.1
111.33	762.97
114.38	773.14
117.48	778.23
120.59	783.31
123.72	808.75
126.96	829.09
130.27	818.92
133.55	727.36
136.46	534.08
138.6	239.06
139.55	-127.16
139.04	-493.39
137.07	-818.92
133.79	-1057.98
129.56	-1195.32
124.78	-1215.66
119.92	-1149.54
115.32	-1017.29
111.25	-859.61
107.81	-686.67
105.07	-528.99
102.95	-401.83
101.34	-315.36
100.08	-289.93
98.92	-335.71
97.58	-427.26
95.87	-549.34
93.67	-645.98
91.09	-671.41
88.4	-610.37
85.96	-452.69
84.15	-239.06
83.19	10.17
83.23	239.06
84.19	401.83
85.8	488.3
87.75	483.21
89.68	412
91.33	300.1
92.53	178.03
93.24	86.47
93.59	35.61
93.73	30.52
93.86	71.21
94.14	162.77
94.79	274.67
95.89	386.57
97.44	473.04
99.33	498.47
101.32	452.69
103.13	320.45
104.41	127.16
104.92	-122.07
104.43	-396.74
102.85	-671.41
100.16	-915.56
96.5	-1078.33
92.19	-1169.88
87.51	-1159.71
82.87	-1052.9
78.66	-864.7
75.2	-615.46
72.74	-310.27
 71.50(D)	5.09
71.52	330.62
72.84	610.37
75.28	839.26
78.64	986.77
82.58	1032.55
86.71	991.86
90.68	854.52
94.1	630.72
96.62	356.05
98.05	66.12
98.31	-218.72
97.44	-452.69
95.63	-615.46
93.16	-696.84
90.38	-681.58
87.65	-584.94
85.31	-417.09
83.64	-203.46
82.83	35.61
82.97	269.58
84.05	488.3
86	671.41
88.69	818.92
91.96	910.47
95.6	951.17
99.41	940.99
103.17	885.04
106.71	788.4
109.87	656.15
112.49	508.65
114.53	366.22
115.99	223.8
116.89	116.99
117.35	35.61
117.5	0
117.5	-5.09
117.48	25.43
117.58	81.38
117.9	147.51
118.49	233.98
119.43	315.36
120.69	391.66
122.26	457.78
124.09	503.56
126.1	528.99
128.22	528.99
130.34	498.47
132.33	457.78
134.16	391.66
135.73	320.45
137.01	249.24
138.01	167.85
138.68	106.82
139.1	45.78
139.29(S)	0
139.29	-40.69
139.12	-66.12
138.86	-86.47
138.51	-96.64
138.13	-111.9
137.68	-122.07
137.19	-137.33
136.64	-152.59
136.03	-172.94
135.34	-203.46
134.53	-228.89
133.61	-264.5
132.55	-295.01
131.37	-315.36
130.11	-335.71
128.77	-356.05
127.34	-361.14
125.9	-376.4
124.39	-376.4
122.89	-376.4
121.38	-366.22
119.92	-345.88
118.53	-320.45
117.25	-289.93
116.09	-264.5
115.04	-249.24
114.04	-244.15
113.06	-249.24
112.06	-264.5
111.01	-269.58
109.93	-264.5
108.87	-244.15
107.89	-213.63
107.04	-162.77
106.39	-111.9
105.94	-61.04
105.7	-5.09
105.68	35.61
105.82	61.04
106.06	81.38
106.39	86.47
106.73	81.38
107.06	55.95
107.28	30.52
107.41	-5.09
107.39	-50.86
107.18	-96.64
106.8	-132.25
106.27	-172.94
105.57	-193.29
104.8	-208.54
103.97	-213.63
103.11	-203.46
102.3	-183.11
101.57	-152.59
100.96	-116.99
100.49	-86.47
100.14	-50.86
99.94	-20.35
99.86	0
99.86	5.09
99.88	0
99.88	-5.09
99.86	-35.61
99.71	-61.04
99.47	-91.56
99.1	-127.16
98.6	-157.68
97.97	-178.03
97.25	-198.37
96.46	-203.46
95.65	-203.46
94.83	-198.37
94.04	-178.03
93.33	-152.59
92.72	-132.25
92.19	-101.73
91.78	-81.38
91.45	-61.04
91.21	-45.78
91.03	-35.61
90.88	-30.52
90.76	-25.43
90.66	-35.61
90.52	-35.61
90.38	-45.78
90.19	-55.95
89.97	-61.04
89.72	-71.21
89.44	-81.38
89.11	-76.3
88.81	-81.38
88.48	-81.38
88.16	-71.21
87.87	-66.12
87.61	-55.95
87.39	-50.86
87.18	-45.78
87	-45.78
86.82	-45.78
86.63	-50.86
86.43	-61.04
86.18	-66.12
85.92	-76.3
85.62	-81.38
85.29	-86.47
84.94	-91.56
84.58	-91.56
84.21	-86.47
83.87	-86.47
83.52	-81.38
83.19	-76.3
82.89	-71.21
82.6	-66.12
82.34	-61.04
82.1	-61.04
81.85	-66.12
81.59	-66.12
81.32	-66.12
81.06	-71.21
80.77	-81.38
80.45	-76.3
80.14	-81.38
79.82	-81.38
79.49	-76.3
79.19	-71.21
78.9	-66.12
78.64	-50.86
78.43	-35.61
78.29	-30.52
78.17	-20.35
78.09	-15.26
78.03	-5.09
78.01	-5.09
77.99	0
77.99	0
77.99	-5.09
77.97	-10.17
77.92	-10.17
77.88	-20.35
77.8	-25.43
77.7	-30.52
77.58	-35.61
77.44	-40.69
77.27	-40.69
77.11	-40.69
76.95	-40.69
76.79	-35.61
76.64	-30.52
76.52	-30.52
76.4	-25.43
76.3	-25.43
76.2	-30.52
76.07	-35.61
75.93	-35.61
75.79	-40.69
75.63	-45.78
75.44	-55.95
75.22	-55.95
74.99	-61.04
74.75	-71.21
74.47	-66.12
74.2	-76.3
73.9	-71.21
73.61	-66.12
73.35	-66.12
73.08	-61.04
72.84	-50.86
72.63	-40.69
72.47	-30.52
72.35	-25.43
72.25	-15.26
72.19	-5.09
72.17	-5.09
 72.15(D)	5.09
72.17	20.35
72.25	35.61
72.39	71.21
72.68	116.99
73.14	178.03
73.86	254.32
74.87	335.71
76.22	422.18
77.9	503.56
79.92	564.6
82.18	605.29
84.6	625.63
87.1	630.72
89.62	620.55
92.11	605.29
94.53	595.11
96.91	584.94
99.25	584.94
101.59	590.03
103.95	600.2
106.35	605.29
108.77	610.37
111.21	605.29
113.63	590.03
115.99	569.68
118.27	544.25
120.45	508.65
122.48	467.95
124.35	437.43
126.1	401.83
127.71	371.31
129.2	345.88
130.58	315.36
131.84	300.1
133.04	279.75
134.16	264.5
135.22	249.24
136.22	233.98
137.15	223.8
138.05	208.54
138.88	203.46
139.69	198.37
140.49	188.2
141.24	183.11
141.97	172.94
142.66	162.77
143.32	152.59
143.93	137.33
144.48	122.07
144.96	106.82
145.39	81.38
145.72	61.04
145.96	40.69
146.12	15.26
146.18(S)	-5.09
146.16	-35.61
146.02	-66.12
145.76	-96.64
145.37	-132.25
144.84	-172.94
144.15	-218.72
143.28	-269.58
142.2	-310.27
140.96	-361.14
139.51	-401.83
137.9	-437.43
136.15	-473.04
134.26	-493.39
132.29	-508.65
130.25	-498.47
128.26	-478.13
126.35	-447.61
124.56	-401.83
122.95	-356.05
121.53	-315.36
120.26	-279.75
119.15	-244.15
118.17	-228.89
117.25	-203.46
116.44	-183.11
115.71	-162.77
115.06	-142.42
114.49	-122.07
114	-106.82
113.57	-91.56
113.2	-86.47
112.86	-86.47
112.51	-86.47
112.17	-91.56
111.8	-96.64
111.41	-101.73
111.01	-106.82
110.58	-106.82
110.15	-111.9
109.7	-111.9
109.26	-116.99
108.79	-116.99
108.32	-122.07
107.83	-116.99
107.36	-122.07
106.88	-116.99
106.41	-116.99
105.94	-111.9
105.49	-106.82
105.07	-101.73
104.66	-101.73
104.25	-91.56
103.89	-91.56
103.52	-86.47
103.17	-91.56
102.81	-91.56
102.44	-91.56
102.07	-96.64
101.69	-101.73
101.28	-106.82
100.85	-106.82
100.43	-106.82
100	-111.9
99.55	-106.82
99.12	-111.9
98.68	-111.9
98.23	-116.99
97.76	-122.07
97.27	-137.33
96.72	-142.42
96.15	-157.68
95.52	-162.77
94.87	-162.77
94.22	-167.85
93.55	-152.59
92.94	-147.51
92.35	-127.16
91.84	-111.9
91.39	-91.56
91.03	-71.21
90.74	-55.95
90.52	-30.52
90.4	-10.17
90.36	0
90.36	10.17
90.4	15.26
90.46	10.17
90.5	0
90.5	-15.26
90.44	-30.52
90.32	-50.86
90.11	-71.21
89.83	-86.47
89.48	-101.73
89.07	-111.9
88.63	-122.07
88.14	-122.07
87.65	-122.07
87.16	-116.99
86.69	-111.9
86.25	-96.64
85.86	-81.38
85.53	-71.21
85.25	-61.04
85	-55.95
84.78	-50.86
84.58	-50.86
84.37	-50.86
84.17	-61.04
83.93	-66.12
83.66	-71.21
83.38	-86.47
83.03	-91.56
82.66	-96.64
82.28	-106.82
81.85	-106.82
81.42	-111.9
80.98	-111.9
80.53	-106.82
80.1	-101.73
79.69	-96.64
79.31	-86.47
78.96	-81.38
78.64	-71.21
78.35	-61.04
78.11	-61.04
77.86	-50.86
77.66	-45.78
77.48	-35.61
77.33	-35.61
77.19	-35.61
77.05	-30.52
76.93	-30.52
76.81	-35.61
76.66	-30.52
76.54	-35.61
76.4	-30.52
76.28	-30.52
76.15	-25.43
76.05	-20.35
75.97	-15.26
 75.91(D)	0
75.91	15.26
75.97	40.69
76.13	81.38
76.46	122.07
76.95	183.11
77.68	233.98
78.62	300.1
79.82	350.97
81.22	401.83
82.83	432.35
84.56	447.61
86.35	457.78
88.18	457.78
90.01	452.69
91.82	447.61
93.61	442.52
95.38	447.61
97.17	447.61
98.96	452.69
100.77	457.78
102.6	452.69
104.41	447.61
106.21	432.35
107.93	417.09
109.6	391.66
111.17	371.31
112.65	345.88
114.04	320.45
115.32	295.01
116.5	274.67
117.6	259.41
118.64	239.06
119.59	228.89
120.51	218.72
121.38	213.63
122.24	203.46
123.05	193.29
123.82	188.2
124.58	178.03
125.29	167.85
125.96	157.68
126.59	142.42
127.16	127.16
127.67	116.99
128.14	101.73
128.54	91.56
128.91	76.3
129.22	61.04
129.46	50.86
129.66	30.52
129.79	15.26
129.85	-5.09
129.83	-30.52
129.7	-55.95
129.48	-91.56
129.11	-116.99
128.65	-157.68
128.02	-193.29
127.24	-239.06
126.29	-274.67
125.19	-320.45
123.91	-361.14
122.46	-401.83
120.85	-427.26
119.15	-442.52
117.37	-447.61
115.58	-427.26
113.88	-396.74
112.29	-350.97
110.88	-295.01
109.7	-239.06
108.75	-203.46
107.93	-172.94
107.24	-152.59
106.63	-152.59
106.02	-142.42
105.45	-132.25
104.92	-122.07
104.43	-101.73
104.03	-86.47
103.68	-66.12
103.42	-50.86
103.21	-40.69
103.05	-40.69
102.89	-40.69
102.73	-45.78
102.54	-50.86
102.34	-55.95
102.12	-61.04
101.87	-66.12
101.61	-66.12
101.34	-71.21
101.06	-71.21
100.77	-71.21
100.49	-76.3
100.18	-76.3
99.88	-76.3
99.57	-81.38
99.25	-76.3
98.94	-76.3
98.64	-81.38
98.31	-76.3
98.01	-76.3
97.7	-76.3
97.4	-71.21
97.11	-76.3
96.81	-71.21
96.52	-71.21
96.24	-76.3
95.93	-71.21
95.65	-71.21
95.36	-76.3
95.06	-76.3
94.75	-76.3
94.45	-81.38
94.12	-86.47
93.77	-86.47
93.43	-86.47
93.08	-86.47
92.74	-91.56
92.37	-86.47
92.02	-86.47
91.68	-81.38
91.35	-81.38
91.03	-81.38
90.7	-81.38
90.38	-76.3
90.07	-76.3
89.77	-76.3
89.46	-71.21
89.18	-76.3
88.87	-71.21
88.59	-76.3
88.28	-71.21
88	-71.21
87.71	-71.21
87.43	-71.21
87.14	-71.21
86.86	-66.12
86.59	-66.12
86.33	-66.12
86.06	-66.12
85.8	-66.12
85.53	-66.12
85.27	-66.12
85	-61.04
84.76	-61.04
84.52	-61.04
84.27	-61.04
84.03	-61.04
83.78	-55.95
83.56	-55.95
83.34	-55.95
83.11	-55.95
82.89	-55.95
82.66	-55.95
82.44	-61.04
82.2	-55.95
81.97	-55.95
81.75	-55.95
81.53	-55.95
81.3	-55.95
81.08	-55.95
80.85	-55.95
80.63	-61.04
80.39	-61.04
80.14	-61.04
79.9	-61.04
79.65	-66.12
79.39	-66.12
79.12	-66.12
78.86	-66.12
78.6	-66.12
78.33	-61.04
78.09	-61.04
77.84	-61.04
77.6	-55.95
77.38	-55.95
77.15	-50.86
76.95	-50.86
76.74	-45.78
76.56	-35.61
76.42	-35.61
76.28	-25.43
76.17	-20.35
76.09	-20.35
76.01	-20.35
75.93	-20.35
75.85	-20.35
75.77	-20.35
75.69	-15.26
75.63	-5.09
 75.60(D)	5.09
75.63	30.52
75.75	61.04
75.99	106.82
76.42	162.77
77.07	228.89
77.99	295.01
79.17	366.22
80.63	427.26
82.34	467.95
84.21	498.47
86.21	513.73
88.26	508.65
90.29	503.56
92.31	488.3
94.26	483.21
96.19	478.13
98.11	483.21
100.04	493.39
102.01	498.47
104.01	508.65
106.04	508.65
108.08	503.56
110.09	493.39
112.06	478.13
113.98	452.69
115.79	422.18
117.48	396.74
119.06	366.22
120.53	345.88
121.91	320.45
123.19	305.19
124.41	289.93
125.57	274.67
126.67	269.58
127.75	254.32
128.77	244.15
129.75	239.06
130.7	223.8
131.6	208.54
132.43	203.46
133.24	183.11
133.98	172.94
134.67	157.68
135.3	142.42
135.87	127.16
136.38	111.9
136.83	96.64
137.21	81.38
137.54	66.12
137.8	45.78
137.99	30.52
138.11	15.26
138.17(S)	-15.26
138.11	-35.61
137.96	-61.04
137.72	-91.56
137.35	-122.07
136.87	-162.77
136.22	-198.37
135.42	-239.06
134.47	-284.84
133.33	-330.62
132	-366.22
130.54	-406.92
128.91	-432.35
127.18	-457.78
125.35	-467.95
123.48	-457.78
121.65	-432.35
119.92	-391.66
118.35	-350.97
116.95	-300.1
115.75	-264.5
114.69	-233.98
113.75	-213.63
112.9	-198.37
112.11	-188.2
111.35	-172.94
110.66	-152.59
110.05	-132.25
109.52	-111.9
109.07	-86.47
108.73	-76.3
108.42	-55.95
108.2	-55.95
107.98	-50.86
107.77	-55.95
107.55	-61.04
107.3	-71.21
107.02	-71.21
106.73	-81.38
106.41	-81.38
106.08	-86.47
105.74	-86.47
105.39	-86.47
105.05	-81.38
104.72	-86.47
104.37	-86.47
104.03	-86.47
103.68	-91.56
103.32	-91.56
102.95	-96.64
102.56	-96.64
102.18	-96.64
101.79	-96.64
101.4	-96.64
101.02	-96.64
100.63	-96.64
100.24	-91.56
99.88	-91.56
99.51	-96.64
99.12	-91.56
98.76	-96.64
98.37	-96.64
97.99	-96.64
97.6	-96.64
97.21	-96.64
96.83	-96.64
96.44	-96.64
96.05	-91.56
95.69	-91.56
95.32	-96.64
94.93	-91.56
94.57	-91.56
94.2	-91.56
93.83	-86.47
93.49	-91.56
93.12	-86.47
92.78	-86.47
92.43	-86.47
92.09	-81.38
91.76	-81.38
91.43	-76.3
91.13	-71.21
90.84	-76.3
90.54	-71.21
90.25	-66.12
89.99	-71.21
89.7	-66.12
89.44	-71.21
89.16	-71.21
88.87	-71.21
88.59	-76.3
88.28	-76.3
87.98	-76.3
87.67	-76.3
87.36	-76.3
87.06	-76.3
86.75	-71.21
86.47	-76.3
86.16	-71.21
85.88	-71.21
85.59	-66.12
85.33	-66.12
85.07	-66.12
84.8	-61.04
84.56	-66.12
84.29	-61.04
84.05	-66.12
83.78	-61.04
83.54	-66.12
83.28	-61.04
83.03	-61.04
82.79	-66.12
82.52	-61.04
82.28	-66.12
82.01	-61.04
81.77	-66.12
81.51	-66.12
81.24	-66.12
80.98	-66.12
80.71	-66.12
80.45	-66.12
80.18	-66.12
79.92	-61.04
79.67	-61.04
79.43	-61.04
79.19	-61.04
78.94	-55.95
78.72	-55.95
78.49	-55.95
78.27	-45.78
78.09	-45.78
77.9	-35.61
77.76	-35.61
77.62	-20.35
77.54	-25.43
77.44	-15.26
77.38	-20.35
77.29	-20.35
77.21	-20.35
77.13	-15.26
77.07	-15.26
77.01	-5.09
 76.99(D)	5.09
77.01	30.52
77.13	61.04
77.38	96.64
77.76	157.68
78.39	213.63
79.25	284.84
80.39	350.97
81.79	401.83
83.4	452.69
85.21	483.21
87.14	498.47
89.13	498.47
91.13	493.39
93.1	488.3
95.06	478.13
96.97	478.13
98.88	483.21
100.81	488.3
102.77	493.39
104.74	493.39
106.71	493.39
108.69	483.21
110.62	473.04
112.51	457.78
114.34	432.35
116.07	406.92
117.7	381.48
119.23	356.05
120.65	335.71
121.99	315.36
123.25	295.01
124.43	279.75
125.55	269.58
126.63	259.41
127.67	244.15
128.65	239.06
129.6	223.8
130.5	213.63
131.35	198.37
132.15	193.29
132.92	172.94
133.61	167.85
134.28	147.51
134.87	137.33
135.42	122.07
135.91	101.73
136.32	91.56
136.68	71.21
136.97	50.86
137.17	35.61
137.31	15.26
137.37	-10.17
137.33	-25.43
137.23	-55.95
137.01	-81.38
136.68	-106.82
136.26	-142.42
135.69	-172.94
134.99	-213.63
134.14	-249.24
133.14	-284.84
132	-330.62
130.68	-366.22
129.22	-406.92
127.59	-432.35
125.86	-447.61
124.07	-462.87
122.22	-442.52
120.45	-422.18
118.76	-381.48
117.23	-335.71
115.89	-295.01
114.71	-254.32
113.69	-228.89
112.78	-208.54
111.94	-193.29
111.17	-172.94
110.48	-157.68
109.85	-137.33
109.3	-111.9
108.85	-91.56
108.48	-71.21
108.2	-61.04
107.95	-50.86
107.75	-55.95
107.53	-61.04
107.28	-66.12
107.02	-71.21
106.73	-81.38
106.41	-86.47
106.06	-86.47
105.72	-91.56
105.35	-91.56
104.98	-91.56
104.62	-91.56
104.25	-91.56
103.89	-91.56
103.52	-91.56
103.15	-91.56
102.79	-91.56
102.42	-91.56
102.05	-91.56
101.69	  N/A
114.34	-30.52
114.22	-35.61
114.08	-55.95
113.86	-86.47
113.51	-96.64
113.12	-101.73
112.72	-81.38
112.39	-66.12
112.13	-50.86
111.92	-40.69
111.76	-45.78
111.58	-50.86
111.37	-61.04
111.13	-66.12
110.86	-61.04
110.62	-55.95
110.4	-45.78
110.21	-40.69
110.05	-40.69
109.89	-40.69
109.72	-55.95
109.5	-66.12
109.24	-81.38
108.91	-91.56
108.54	-101.73
108.14	-111.9
107.69	-111.9
107.24	-122.07
106.75	-111.9
106.31	-111.9
105.86	-106.82
105.43	-111.9
104.98	-101.73
104.58	-96.64
104.19	-81.38
103.87	-50.86
103.66	-25.43
103.56	-15.26
103.5	-5.09
103.48	-20.35
103.4	-45.78
103.21	-76.3
102.91	-106.82
102.48	-122.07
101.99	-142.42
101.42	-147.51
100.83	-142.42
100.26	-142.42
99.69	-137.33
99.15	-132.25
98.62	-137.33
98.07	-137.33
97.52	-147.51
96.93	-152.59
96.32	-162.77
95.67	-162.77
95.01	-157.68
94.38	-132.25
93.86	-111.9
93.41	-71.21
93.12	-45.78
92.94	-25.43
92.84	-15.26
92.78	-10.17
92.74	-15.26
92.68	-25.43
92.57	-50.86
92.37	-81.38
92.04	-106.82
91.62	-132.25
91.09	-147.51
90.5	-142.42
89.93	-116.99
89.46	-81.38
89.13	-35.61
88.99	5.09
89.01	30.52
89.13	40.69
89.3	35.61
89.44	25.43
89.54	15.26
89.6	5.09
89.62	0
89.62	0
89.62	-10.17
89.58	-15.26
89.52	-30.52
89.4	-55.95
89.18	-81.38
88.85	-101.73
88.44	-116.99
87.98	-132.25
87.45	-132.25
86.92	-122.07
86.43	-111.9
85.98	-91.56
85.62	-71.21
85.33	-50.86
85.13	-40.69
84.96	-40.69
84.8	-40.69
84.64	-40.69
84.48	-30.52
84.35	-25.43
84.25	-5.09
84.23	10.17
84.27	10.17
84.31	5.09
84.33	-10.17
84.29	-25.43
84.19	-30.52
84.07	-15.26
84.01	30.52
84.13	86.47
84.48	152.59
85.09	213.63
85.94	274.67
87.04	315.36
88.3	335.71
89.64	320.45
90.93	305.19
92.15	269.58
93.22	249.24
94.22	233.98
95.16	244.15
96.13	269.58
97.21	305.19
98.43	345.88
99.82	376.4
101.32	401.83
102.93	417.09
104.6	412
106.25	406.92
107.87	391.66
109.44	381.48
110.97	366.22
112.43	361.14
113.88	356.05
115.3	350.97
116.7	335.71
118.05	325.53
119.35	325.53
120.65	340.79
122.01	376.4
123.52	412
125.17	422.18
126.86	412
128.5	366.22
129.97	310.27
131.21	244.15
132.19	198.37
132.98	178.03
133.69	172.94
134.38	183.11
135.12	193.29
135.89	188.2
136.64	178.03
137.35	157.68
137.99	137.33
138.53	127.16
139.04	111.9
139.49	106.82
139.92	101.73
140.32	86.47
140.67	76.3
140.98	50.86
141.18	20.35
141.26(S)	-5.09
141.24	-35.61
141.1	-61.04
140.85	-91.56
140.49	-111.9
140.04	-152.59
139.43	-193.29
138.66	-244.15
137.68	-300.1
136.48	-356.05
135.06	-396.74
133.47	-422.18
131.78	-432.35
130.05	-417.09
128.38	-381.48
126.86	-330.62
125.53	-279.75
124.41	-244.15
123.44	-218.72
122.56	-208.54
121.73	-208.54
120.89	-198.37
120.1	-162.77
119.45	-81.38
119.12	5.09
119.15	20.35
119.23	-50.86
119.02	-172.94
118.33	-300.1
117.13	-366.22
115.67	-340.79
114.3	-249.24
113.31	-106.82
112.88	15.26
112.94	86.47
113.29	91.56
113.65	45.78
113.83	-30.52
113.71	-86.47
113.37	-106.82
112.94	-96.64
112.55	-66.12
112.29	-30.52
112.17	-10.17
112.13	-15.26
112.06	-45.78
111.88	-76.3
111.58	-106.82
111.15	-122.07
110.66	-111.9
110.21	-91.56
109.85	-76.3
109.54	-61.04
109.3	-55.95
109.07	-66.12
108.81	-81.38
108.48	-96.64
108.1	-96.64
107.71	-101.73
107.3	-96.64
106.92	-86.47
106.57	-86.47
106.23	-86.47
105.88	-91.56
105.51	-101.73
105.11	-101.73
104.7	-106.82
104.27	-101.73
103.87	-101.73
103.46	-96.64
103.07	-96.64
102.69	-96.64
102.3	-96.64
101.91	-106.82
101.48	-106.82
101.06	-101.73
100.65	-101.73
100.24	-91.56
99.88	-86.47
99.53	-81.38
99.21	-76.3
98.9	-71.21
98.62	-71.21
98.33	-76.3
98.03	-71.21
97.74	-76.3
97.44	-71.21
97.15	-76.3
96.85	-71.21
96.56	-76.3
96.26	-71.21
95.97	-76.3
95.67	-76.3
95.36	-76.3
95.06	-76.3
94.75	-76.3
94.45	-71.21
94.16	-76.3
93.86	-81.38
93.53	-76.3
93.22	-81.38
92.9	-81.38
92.57	-86.47
92.23	-86.47
91.88	-91.56
91.52	-91.56
91.15	-96.64
90.76	-91.56
90.4	-91.56
90.03	-76.3
89.72	-71.21
89.44	-55.95
89.22	-50.86
89.01	-50.86
88.81	-50.86
88.61	-61.04
88.36	-66.12
88.1	-76.3
87.79	-81.38
87.47	-81.38
87.14	-81.38
86.82	-76.3
86.51	-76.3
86.21	-76.3
85.9	-76.3
85.59	-71.21
85.31	-76.3
85	-76.3
84.7	-76.3
84.39	-71.21
84.11	-55.95
83.89	-45.78
83.7	-30.52
83.58	-15.26
83.52	-10.17
83.48	-10.17
83.44	-15.26
83.38	-25.43
83.28	-30.52
83.15	-25.43
83.05	-5.09
 83.03(D)	35.61
83.17	91.56
83.54	142.42
84.11	193.29
84.88	239.06
85.84	269.58
86.92	300.1
88.12	305.19
89.34	305.19
90.56	315.36
91.82	335.71
93.16	376.4
94.67	406.92
96.3	422.18
97.99	412
99.63	366.22
101.1	315.36
102.36	279.75
103.48	269.58
104.56	289.93
105.72	325.53
107.02	366.22
108.48	391.66
110.05	391.66
111.62	371.31
113.1	345.88
114.49	310.27
115.73	284.84
116.87	269.58
117.94	254.32
118.96	233.98
119.9	213.63
120.75	198.37
121.55	188.2
122.3	208.54
123.13	249.24
124.13	305.19
125.35	340.79
126.71	366.22
128.18	350.97
129.58	320.45
130.86	274.67
131.96	228.89
132.88	193.29
133.65	157.68
134.28	132.25
134.81	111.9
135.26	91.56
135.63	76.3
135.93	61.04
136.17	50.86
136.38	45.78
136.56	50.86
136.76	45.78
136.95	45.78
137.13	20.35
137.21(S)	-15.26
137.15	-50.86
136.95	-101.73
136.54	-142.42
135.97	-178.03
135.26	-218.72
134.38	-249.24
133.39	-284.84
132.25	-325.53
130.95	-366.22
129.48	-401.83
127.87	-427.26
126.16	-427.26
124.46	-391.66
122.89	-335.71
121.55	-274.67
120.45	-228.89
119.53	-198.37
118.74	-183.11
118.01	-193.29
117.23	-208.54
116.4	-223.8
115.5	-228.89
114.59	-218.72
113.71	-203.46
112.9	-178.03
112.19	-147.51
111.6	-106.82
111.17	-76.3
110.86	-50.86
110.66	-35.61
110.52	-25.43
110.42	-30.52
110.29	-35.61
110.15	-50.86
109.95	-61.04
109.7	-81.38
109.38	-96.64
108.99	-111.9
108.54	-111.9
108.1	-96.64
107.71	-71.21
107.43	-30.52
107.3	0
107.3	25.43
107.41	30.52
107.53	20.35
107.61	0
107.61	-40.69
107.45	-61.04
107.2	-86.47
106.86	-91.56
106.49	-96.64
106.1	-91.56
105.74	-91.56
105.37	-96.64
104.98	-91.56
104.62	-101.73
104.21	-96.64
103.82	-96.64
103.44	-91.56
103.07	-81.38
102.75	-86.47
102.4	-81.38
102.07	-86.47
101.73	-91.56
101.36	-96.64
100.98	-101.73
100.57	-101.73
100.16	-111.9
99.71	-106.82
99.29	-106.82
98.86	-111.9
98.41	-111.9
97.97	-111.9
97.52	-116.99
97.05	-116.99
96.58	-111.9
96.13	-111.9
95.69	-106.82
95.26	-96.64
94.87	-96.64
94.49	-81.38
94.16	-81.38
93.83	-76.3
93.53	-76.3
93.22	-71.21
92.94	-71.21
92.65	-71.21
92.37	-66.12
92.11	-66.12
91.84	-66.12
91.58	-61.04
91.33	-66.12
91.07	-66.12
90.8	-61.04
90.56	-61.04
90.32	-61.04
90.07	-66.12
89.81	-66.12
89.54	-76.3
89.24	-76.3
88.93	-81.38
88.61	-81.38
88.28	-81.38
87.95	-81.38
87.63	-81.38
87.3	-86.47
86.96	-86.47
86.61	-86.47
86.27	-76.3
85.96	-76.3
85.66	-61.04
85.41	-55.95
85.19	-50.86
84.98	-45.78
84.8	-45.78
84.62	-55.95
84.39	-61.04
84.15	-76.3
83.85	-86.47
83.5	-96.64
83.11	-137.33
82.56	-228.89
81.65	-376.4
80.14	-523.9
78.05	-564.6
75.79	-422.18
74.1	-111.9
 73.65(D)	284.84
74.79	645.98
77.38	839.26
80.73	829.09
84.05	620.55
86.53	295.01
87.71	-30.52
87.59	-289.93
86.43	-412
84.78	-412
83.13	-315.36
81.87	-188.2
81.12	-71.21
80.83	-10.17
80.79	35.61
80.94	76.3
81.24	122.07
81.73	198.37
82.52	274.67
83.62	350.97
85.03	401.83
86.63	417.09
88.3	412
89.95	391.66
91.52	381.48
93.04	381.48
94.57	401.83
96.17	422.18
97.86	442.52
99.63	442.52
101.4	437.43
103.15	417.09
104.82	391.66
106.39	381.48
107.91	381.48
109.44	386.57
110.99	391.66
112.55	386.57
114.1	366.22
115.56	335.71
116.91	295.01
118.09	259.41
119.12	228.89
120.04	213.63
120.89	198.37
121.69	193.29
122.46	193.29
123.23	193.29
124.01	188.2
124.76	183.11
125.49	172.94
126.18	172.94
126.88	162.77
127.53	157.68
128.16	147.51
128.75	127.16
129.26	101.73
129.66	86.47
130.01	66.12
130.27	50.86
130.48	40.69
130.64	30.52
130.76	10.17
130.80(S)	-15.26
130.74	-40.69
130.58	-66.12
130.31	-81.38
129.99	-101.73
129.58	-116.99
129.11	-132.25
128.59	-157.68
127.95	-193.29
127.18	-233.98
126.25	-274.67
125.15	-315.36
123.89	-330.62
122.56	-315.36
121.3	-269.58
120.22	-213.63
119.37	-172.94
118.68	-162.77
118.03	-188.2
117.27	-239.06
116.32	-289.93
115.16	-315.36
113.9	-305.19
112.68	-274.67
111.58	-218.72
110.7	-167.85
110.03	-132.25
109.5	-111.9
109.05	-101.73
108.65	-101.73
108.24	-96.64
107.85	-81.38
107.53	-61.04
107.28	-40.69
107.12	-20.35
107.04	-10.17
107	-10.17
106.96	-20.35
106.88	-30.52
106.75	-40.69
106.59	-40.69
106.43	-35.61
106.29	-20.35
106.21	5.09
106.23	20.35
106.31	30.52
106.43	30.52
106.55	10.17
106.59	-10.17
106.55	-35.61
106.41	-55.95
106.18	-61.04
105.94	-71.21
105.66	-71.21
105.37	-71.21
105.09	-71.21
104.8	-71.21
104.52	-71.21
104.23	-71.21
103.95	-71.21
103.66	-66.12
103.4	-61.04
103.15	-61.04
102.91	-55.95
102.69	-61.04
102.44	-66.12
102.18	-66.12
101.91	-76.3
101.61	-86.47
101.26	-91.56
100.89	-96.64
100.51	-101.73
100.1	-96.64
99.71	-106.82
99.29	-106.82
98.86	-111.9
98.41	-127.16
97.9	-137.33
97.35	-147.51
96.76	-147.51
96.17	-147.51
95.58	-147.51
94.99	-137.33
94.45	-132.25
93.92	-127.16
93.41	-122.07
92.92	-111.9
92.47	-106.82
92.04	-96.64
91.66	-81.38
91.33	-71.21
91.05	-50.86
90.84	-35.61
90.7	-15.26
90.64	5.09
90.66	20.35
90.74	25.43
90.84	30.52
90.97	15.26
91.03	10.17
91.07	-5.09
91.05	-20.35
90.97	-20.35
90.88	-30.52
90.76	-35.61
90.62	-40.69
90.46	-50.86
90.25	-55.95
90.03	-61.04
89.79	-61.04
89.54	-61.04
89.3	-61.04
89.05	-55.95
88.83	-61.04
88.59	-66.12
88.32	-71.21
88.04	-86.47
87.69	-96.64
87.3	-106.82
86.88	-111.9
86.43	-111.9
85.98	-101.73
85.57	-91.56
85.21	-76.3
84.9	-76.3
84.6	-86.47
84.25	-106.82
83.82	-137.33
83.28	-152.59
82.66	-152.59
82.05	-127.16
81.55	-81.38
81.22	-30.52
81.1	15.26
81.16	35.61
81.3	20.35
81.38	-5.09
81.36	-40.69
81.2	-40.69
81.04	-10.17
 81.00(D)	40.69
81.16	106.82
81.59	167.85
82.26	228.89
83.17	295.01
84.35	345.88
85.74	386.57
87.28	396.74
88.87	381.48
90.4	350.97
91.8	310.27
93.04	279.75
94.16	269.58
95.24	274.67
96.34	295.01
97.52	325.53
98.82	350.97
100.22	366.22
101.69	376.4
103.19	376.4
104.7	381.48
106.23	381.48
107.75	391.66
109.32	401.83
110.93	406.92
112.55	412
114.2	412
115.85	406.92
117.48	391.66
119.04	376.4
120.55	350.97
121.95	325.53
123.25	300.1
124.46	274.67
125.55	259.41
126.59	259.41
127.63	295.01
128.81	350.97
130.21	412
131.86	452.69
133.67	447.61
135.46	381.48
136.99	249.24
137.99	96.64
138.37	-40.69
138.21	-122.07
137.72	-122.07
137.23	-45.78
137.05	55.95
137.27	137.33
137.82	172.94
138.51	152.59
139.12	81.38
139.45(S)	-5.09
139.43	-96.64
139.04	-172.94
138.35	-233.98
137.42	-279.75
136.3	-310.27
135.06	-315.36
133.79	-300.1
132.59	-264.5
131.54	-213.63
130.68	-157.68
130.05	-122.07
129.56	-111.9
129.11	-132.25
128.59	-162.77
127.93	-193.29
127.16	-193.29
126.39	-183.11
125.66	-157.68
125.02	-127.16
124.52	-101.73
124.11	-96.64
123.72	-111.9
123.28	-152.59
122.66	-208.54
121.83	-269.58
120.75	-310.27
119.51	-330.62
118.19	-315.36
116.93	-269.58
115.85	-203.46
115.04	-147.51
114.45	-91.56
114.08	-66.12
113.81	-55.95
113.59	-55.95
113.37	-55.95
113.14	-50.86
112.94	-40.69
112.78	-25.43
112.68	-15.26
112.61	-15.26
112.55	-35.61
112.41	-66.12
112.15	-106.82
111.72	-142.42
111.15	-172.94
110.46	-183.11
109.72	-183.11
108.99	-162.77
108.34	-127.16
107.83	-106.82
107.41	-86.47
107.06	-76.3
106.75	-55.95
106.53	-40.69
106.37	-10.17
106.33	15.26
106.39	45.78
106.57	66.12
106.84	71.21
107.12	61.04
107.36	30.52
107.49	-5.09
107.47	-40.69
107.3	-61.04
107.06	-81.38
106.73	-96.64
106.35	-106.82
105.92	-127.16
105.41	-147.51
104.82	-183.11
104.09	-218.72
103.21	-249.24
102.22	-289.93
101.06	-315.36
99.8	-345.88
98.41	-361.14
96.97	-366.22
95.5	-371.31
94.02	-350.97
92.61	-335.71
91.27	-310.27
90.03	-274.67
88.93	-244.15
87.95	-208.54
87.12	-178.03
86.41	-147.51
85.82	-116.99
85.35	-91.56
84.98	-66.12
84.72	-50.86
84.52	-30.52
84.39	-10.17
 84.35(D)	5.09
84.37	20.35
84.46	30.52
84.58	45.78
84.76	61.04
85	66.12
85.27	76.3
85.57	81.38
85.9	86.47
86.25	86.47
86.59	91.56
86.96	86.47
87.3	91.56
87.67	86.47
88.02	81.38
88.34	76.3
88.65	76.3
88.95	66.12
89.22	55.95
89.44	55.95
89.66	45.78
89.85	35.61
89.99	25.43
90.09	20.35
90.17	10.17
90.21	0
90.21	-5.09
90.19	-15.26
90.13	-20.35
90.05	-25.43
89.95	-35.61
89.81	-35.61
89.66	-40.69
89.5	-40.69
89.34	-40.69
89.18	-45.78
88.99	-45.78
88.81	-40.69
88.65	-40.69
88.48	-35.61
88.34	-35.61
88.2	-30.52
88.08	-25.43
87.98	-25.43
87.87	-15.26
87.81	-10.17
87.77	0
87.77	0
87.77	5.09
87.79	15.26
87.85	15.26
87.91	20.35
88	20.35
88.08	25.43
88.18	25.43
88.28	30.52
88.4	25.43
88.5	25.43
88.61	20.35
88.69	20.35
88.77	15.26
88.83	15.26
88.89	15.26
88.95	20.35
89.03	20.35
89.11	20.35
89.2	25.43
89.3	30.52
89.42	35.61
89.56	35.61
89.7	40.69
89.87	40.69
90.03	40.69
90.19	45.78
90.38	40.69
90.54	45.78
90.72	40.69
90.88	40.69
91.05	35.61
91.19	35.61
91.33	35.61
91.47	35.61
91.62	35.61
91.76	30.52
91.88	30.52
92	30.52
92.13	30.52
92.25	35.61
92.39	30.52
92.51	30.52
92.63	25.43
92.74	20.35
92.82	10.17
92.86	0
92.86	-5.09
92.84	-10.17
92.8	-5.09
92.78	10.17
92.82	10.17
92.86	-20.35
92.78	-81.38
92.45	-137.33
91.9	-183.11
91.17	-223.8
90.27	-259.41
89.24	-259.41
88.2	-193.29
87.43	-10.17
87.39	269.58
88.46	595.11
90.84	885.04
94.38	1063.07
98.64	1093.59
103.01	991.86
106.98	798.57
110.17	590.03
112.53	432.35
114.26	350.97
115.67	330.62
116.99	315.36
118.25	295.01
119.43	223.8
120.33	132.25
120.85	25.43
120.96	-30.52
120.83	-10.17
120.79	111.9
121.24	233.98
122.18	264.5
123.23	147.51
123.82(S)	-66.12
123.56	-315.36
122.3	-523.9
120.2	-610.37
117.76	-574.77
115.46	-447.61
113.67	-284.84
112.53	-157.68
111.9	-91.56
111.54	-91.56
111.17	-116.99
110.7	-147.51
110.11	-137.33
109.56	-86.47
109.22	-15.26
109.16	61.04
109.4	106.82
109.83	111.9
110.27	81.38
110.6	35.61
110.74	-15.26
110.68	-50.86
110.48	-55.95
110.25	-45.78
110.07	-20.35
109.99	0
109.99	10.17
110.03	10.17
110.07	-5.09
110.05	-15.26
109.99	-30.52
109.87	-40.69
109.7	-40.69
109.54	-35.61
109.4	-45.78
109.22	-50.86
109.01	-61.04
108.77	-81.38
108.44	-96.64
108.06	-111.9
107.61	-122.07
107.12	-127.16
106.61	-127.16
106.1	-122.07
105.62	-122.07
105.13	-127.16
104.62	-127.16
104.11	-137.33
103.56	-132.25
103.03	-127.16
102.52	-116.99
102.05	-116.99
101.59	-137.33
101.04	-172.94
100.35	-239.06
99.39	-300.1
98.19	-330.62
96.87	-305.19
95.65	-218.72
94.77	-106.82
94.34	20.35
94.42	106.82
94.85	147.51
95.44	132.25
95.97	76.3
96.28	15.26
96.34	-45.78
96.15	-76.3
95.85	-86.47
95.5	-76.3
95.2	-61.04
94.95	-66.12
94.69	-81.38
94.36	-111.9
93.92	-142.42
93.35	-167.85
92.68	-167.85
92	-147.51
91.41	-111.9
90.97	-76.3
90.66	-30.52
90.54	-10.17
90.5	0
90.5	0
90.5	-15.26
90.44	-25.43
90.34	-35.61
90.19	-45.78
90.01	-50.86
89.81	-55.95
89.58	-71.21
89.3	-81.38
88.97	-101.73
88.57	-106.82
88.14	-116.99
87.67	-111.9
87.22	-101.73
86.82	-96.64
86.43	-91.56
86.06	-81.38
85.74	-86.47
85.39	-76.3
85.09	-76.3
84.78	-76.3
84.48	-71.21
84.19	-66.12
83.93	-61.04
83.68	-55.95
83.46	-55.95
83.23	-55.95
83.01	-55.95
82.79	-35.61
 82.64(D)	15.26
82.71	86.47
83.05	162.77
83.7	228.89
84.62	284.84
85.76	315.36
87.02	330.62
88.34	325.53
89.64	300.1
90.84	269.58
91.92	239.06
92.88	228.89
93.79	233.98
94.73	259.41
95.77	300.1
96.97	345.88
98.35	381.48
99.88	412
101.53	432.35
103.25	437.43
105	432.35
106.73	437.43
108.48	432.35
110.21	427.26
111.92	422.18
113.61	412
115.26	396.74
116.85	366.22
118.31	340.79
119.67	305.19
120.89	284.84
122.03	264.5
123.09	259.41
124.13	254.32
125.15	254.32
126.16	249.24
127.16	244.15
128.14	233.98
129.07	213.63
129.93	193.29
130.7	178.03
131.41	167.85
132.08	147.51
132.67	142.42
133.24	137.33
133.79	142.42
134.36	152.59
134.97	157.68
135.6	152.59
136.22	142.42
136.78	122.07
137.27	96.64
137.66	66.12
137.92	35.61
138.07(S)	0
138.07	-20.35
137.99	-45.78
137.8	-66.12
137.54	-91.56
137.17	-122.07
136.68	-152.59
136.07	-198.37
135.28	-244.15
134.3	-289.93
133.14	-330.62
131.82	-366.22
130.36	-386.57
128.81	-401.83
127.2	-406.92
125.57	-376.4
124.07	-340.79
122.71	-284.84
121.57	-228.89
120.65	-178.03
119.94	-152.59
119.33	-137.33
118.78	-127.16
118.27	-86.47
117.92	-10.17
117.88	40.69
118.05	15.26
118.11	-91.56
117.74	-239.06
116.78	-350.97
115.38	-396.74
113.79	-345.88
112.41	-228.89
111.49	-86.47
111.15	25.43
111.25	81.38
111.58	71.21
111.86	15.26
111.92	-45.78
111.74	-96.64
111.35	-111.9
110.9	-91.56
110.54	-61.04
110.29	-30.52
110.17	-15.26
110.11	-20.35
110.03	-45.78
109.85	-76.3
109.54	-96.64
109.16	-106.82
108.73	-101.73
108.32	-91.56
107.95	-71.21
107.67	-66.12
107.41	-71.21
107.12	-81.38
106.8	-96.64
106.41	-101.73
106	-111.9
105.55	-111.9
105.11	-101.73
104.7	-96.64
104.31	-91.56
103.95	-86.47
103.6	-96.64
103.21	-96.64
102.83	-106.82
102.4	-111.9
101.95	-116.99
101.48	-116.99
101.02	-122.07
100.53	-116.99
100.06	-122.07
99.57	-122.07
99.08	-111.9
98.64	-106.82
98.21	-96.64
97.82	-76.3
97.52	-66.12
97.25	-45.78
97.07	-35.61
96.93	-30.52
96.81	-20.35
96.72	-20.35
96.64	-20.35
96.56	-20.35
96.48	-30.52
96.36	-30.52
96.24	-50.86
96.03	-61.04
95.79	-81.38
95.46	-96.64
95.08	-111.9
94.63	-127.16
94.12	-137.33
93.57	-137.33
93.02	-142.42
92.45	-137.33
91.9	-132.25
91.37	-127.16
90.86	-127.16
90.36	-116.99
89.89	-106.82
89.46	-106.82
89.03	-101.73
88.63	-96.64
88.24	-86.47
87.89	-86.47
87.55	-81.38
87.22	-76.3
86.92	-71.21
86.63	-66.12
86.37	-55.95
86.14	-50.86
85.94	-50.86
85.74	-45.78
85.55	-40.69
85.39	-45.78
85.21	-45.78
85.03	-40.69
84.86	-40.69
84.7	-45.78
84.52	-50.86
84.31	-61.04
84.07	-61.04
83.82	-76.3
83.52	-76.3
83.21	-76.3
82.91	-71.21
82.62	-50.86
82.42	-30.52
82.3	-5.09
 82.28(D)	20.35
82.36	45.78
82.54	50.86
82.75	50.86
82.95	35.61
83.09	20.35
83.17	0
83.17	-10.17
83.13	10.17
83.17	35.61
83.32	76.3
83.62	132.25
84.15	178.03
84.86	233.98
85.8	274.67
86.9	295.01
88.08	310.27
89.32	305.19
90.54	284.84
91.68	269.58
92.76	249.24
93.75	244.15
94.73	244.15
95.71	259.41
96.74	289.93
97.9	330.62
99.23	376.4
100.73	412
102.38	417.09
104.05	391.66
105.62	330.62
106.94	249.24
107.93	167.85
108.61	116.99
109.07	122.07
109.56	188.2
110.31	284.84
111.45	371.31
112.94	427.26
114.65	422.18
116.34	371.31
117.82	305.19
119.04	239.06
120	203.46
120.81	198.37
121.61	228.89
122.52	269.58
123.6	310.27
124.84	330.62
126.16	335.71
127.51	315.36
128.77	300.1
129.97	284.84
131.11	264.5
132.17	254.32
133.18	244.15
134.16	218.72
135.04	203.46
135.85	167.85
136.52	137.33
137.07	101.73
137.48	61.04
137.72	10.17
137.76(S)	-30.52
137.64	-76.3
137.33	-122.07
136.85	-162.77
136.19	-208.54
135.36	-244.15
134.38	-289.93
133.22	-330.62
131.9	-366.22
130.44	-401.83
128.83	-437.43
127.08	-442.52
125.31	-417.09
123.64	-361.14
122.2	-295.01
121.02	-244.15
120.04	-208.54
119.21	-193.29
118.43	-183.11
117.7	-183.11
116.97	-178.03
116.26	-172.94
115.56	-162.77
114.91	-147.51
114.32	-137.33
113.77	-127.16
113.27	-111.9
112.82	-96.64
112.43	-76.3
112.13	-66.12
111.86	-55.95
111.64	-55.95
111.41	-55.95
111.19	-55.95
110.97	-50.86
110.76	-45.78
110.58	-40.69
110.42	-35.61
110.27	-40.69
110.11	-66.12
109.85	-132.25
109.32	-315.36
108.06	-696.84
105.27	-1205.49
100.45	-1541.19
94.28	-1388.6
88.73	-630.72
86.21	513.73
88.26	1642.92
94.83	2405.89
104.46	2624.61
114.95	2304.16
124.17	1602.23
130.58	742.62
133.55	-81.38
133.22	-701.93
130.42	-1042.72
126.25	-1068.15
121.97	-874.87
118.47	-595.11
116.09	-381.48
114.57	-335.71
113.22	-462.87
111.37	-727.36
108.46	-1007.12
104.43	-1215.66
99.57	-1271.61
94.49	-1134.28
89.95	-839.26
86.59	-462.87
84.74	-96.64
 84.35(D)	172.94
85.05	325.53
86.35	345.88
87.73	279.75
88.85	188.2
89.6	122.07
90.09	101.73
90.5	142.42
91.07	198.37
91.86	264.5
92.92	300.1
94.12	295.01
95.3	264.5
96.36	213.63
97.21	167.85
97.88	137.33
98.43	122.07
98.92	111.9
99.37	106.82
99.8	81.38
100.12	35.61
100.26	-15.26
100.2	-76.3
99.9	-137.33
99.35	-167.85
98.68	-188.2
97.92	-183.11
97.19	-157.68
96.56	-147.51
95.97	-132.25
95.44	-137.33
94.89	-157.68
94.26	-167.85
93.59	-178.03
92.88	-178.03
92.17	-152.59
91.56	-111.9
91.11	-71.21
90.82	-30.52
90.7	-5.09
90.68	10.17
90.72	5.09
90.74	-5.09
90.72	-20.35
90.64	-35.61
90.5	-40.69
90.34	-45.78
90.15	-40.69
89.99	-45.78
89.81	-40.69
89.64	-45.78
89.46	-45.78
89.28	-45.78
89.09	-55.95
88.87	-61.04
88.63	-66.12
88.36	-71.21
88.08	-76.3
87.77	-76.3
87.47	-61.04
87.22	-55.95
87	-50.86
86.8	-50.86
86.59	-55.95
86.37	-66.12
86.1	-81.38
85.78	-81.38
85.45	-71.21
85.17	-35.61
85.03	25.43
85.13	96.64
85.51	178.03
86.23	249.24
87.22	300.1
88.42	325.53
89.72	325.53
91.03	300.1
92.23	254.32
93.24	213.63
94.1	188.2
94.85	188.2
95.6	223.8
96.5	269.58
97.58	325.53
98.88	376.4
100.39	406.92
102.01	427.26
103.72	427.26
105.43	432.35
107.16	432.35
108.89	442.52
110.66	452.69
112.47	462.87
114.32	462.87
116.17	462.87
118.03	447.61
119.82	427.26
121.53	396.74
123.11	361.14
124.56	345.88
125.94	345.88
127.32	350.97
128.73	340.79
130.09	310.27
131.33	284.84
132.47	244.15
133.45	213.63
134.3	188.2
135.06	167.85
135.73	157.68
136.36	142.42
136.93	127.16
137.44	122.07
137.92	106.82
138.35	91.56
138.72	81.38
139.04	66.12
139.31	50.86
139.51	25.43
139.61	10.17
139.65(S)	-15.26
139.59	-25.43
139.49	-30.52
139.37	-40.69
139.21	-40.69
139.04	-45.78
138.86	-55.95
138.64	-76.3
138.33	-101.73
137.92	-132.25
137.4	-172.94
136.7	-218.72
135.83	-259.41
134.79	-305.19
133.57	-345.88
132.19	-366.22
130.72	-371.31
129.24	-330.62
127.91	-274.67
126.82	-203.46
126	-147.51
125.41	-116.99
124.94	-111.9
124.5	-116.99
124.03	-142.42
123.46	-162.77
122.81	-172.94
122.12	-178.03
121.4	-167.85
120.73	-142.42
120.16	-81.38
119.84	30.52
119.96	132.25
120.49	147.51
121.08	66.12
121.34	-91.56
120.98	-244.15
120	-335.71
118.66	-340.79
117.29	-254.32
116.28	-132.25
115.75	-20.35
115.67	35.61
115.81	35.61
115.95	-15.26
115.89	-91.56
115.52	-157.68
114.89	-183.11
114.16	-178.03
113.45	-147.51
112.86	-101.73
112.45	-76.3
112.15	-71.21
111.86	-96.64
111.47	-127.16
110.97	-157.68
110.34	-183.11
109.6	-172.94
108.91	-157.68
108.28	-127.16
107.77	-91.56
107.41	-66.12
107.14	-50.86
106.94	-50.86
106.73	-55.95
106.51	-76.3
106.21	-91.56
105.84	-101.73
105.43	-111.9
104.98	-106.82
104.56	-101.73
104.15	-86.47
103.8	-81.38
103.48	-81.38
103.15	-86.47
102.81	-101.73
102.4	-111.9
101.95	-116.99
101.48	-116.99
101.02	-111.9
100.57	-106.82
100.14	-91.56
99.78	-81.38
99.45	-76.3
99.15	-66.12
98.88	-50.86
98.68	-50.86
98.47	-40.69
98.31	-35.61
98.17	-40.69
98.01	-40.69
97.84	-45.78
97.66	-55.95
97.44	-61.04
97.19	-66.12
96.93	-71.21
96.64	-76.3
96.34	-76.3
96.03	-81.38
95.71	-81.38
95.38	-86.47
95.04	-86.47
94.69	-91.56
94.32	-96.64
93.94	-101.73
93.53	-101.73
93.12	-111.9
92.68	-122.07
92.19	-127.16
91.68	-132.25
91.15	-137.33
90.6	-122.07
90.11	-111.9
89.66	-86.47
89.32	-61.04
89.07	-40.69
88.91	-30.52
88.79	-20.35
88.71	-20.35
88.63	-30.52
88.5	-30.52
88.38	-40.69
88.22	-40.69
88.06	-45.78
87.87	-45.78
87.69	-50.86
87.49	-55.95
87.26	-55.95
87.04	-61.04
86.8	-66.12
86.53	-61.04
86.29	-71.21
86	-71.21
85.72	-71.21
85.43	-71.21
85.15	-55.95
84.92	-45.78
84.74	-25.43
84.64	-15.26
 84.58(D)	0
84.58	0
84.58	0
84.58	0
84.58	0
84.58	20.35
84.66	61.04
84.9	122.07
85.39	183.11
86.12	239.06
87.08	295.01
88.26	335.71
89.6	356.05
91.03	356.05
92.45	340.79
93.81	305.19
95.04	264.5
96.09	233.98
97.03	223.8
97.92	228.89
98.84	259.41
99.88	295.01
101.06	340.79
102.42	366.22
103.89	381.48
105.41	381.48
106.94	371.31
108.42	361.14
109.87	356.05
111.29	381.48
112.82	417.09
114.49	467.95
116.36	493.39
118.33	508.65
120.37	488.3
122.32	437.43
124.07	376.4
125.57	300.1
126.77	249.24
127.77	218.72
128.65	218.72
129.52	228.89
130.44	254.32
131.45	259.41
132.49	259.41
133.53	239.06
134.49	218.72
135.36	198.37
136.15	183.11
136.89	167.85
137.56	157.68
138.19	147.51
138.78	137.33
139.33	127.16
139.84	116.99
140.3	111.9
140.75	91.56
141.12	81.38
141.44	61.04
141.69	35.61
141.83	15.26
141.89	-5.09
141.87	-30.52
141.75	-50.86
141.55	-76.3
141.24	-96.64
140.85	-137.33
140.3	-167.85
139.63	-208.54
138.8	-254.32
137.78	-300.1
136.58	-340.79
135.22	-391.66
133.65	-427.26
131.94	-442.52
130.17	-427.26
128.46	-371.31
126.98	-305.19
125.76	-233.98
124.82	-188.2
124.07	-167.85
123.4	-172.94
122.71	-193.29
121.93	-213.63
121.08	-228.89
120.16	  N/A
	
