102.28	2146.48
110.86	1078.33
115.18	-203.46
114.36	-1236.01
109.42	-1368.26
103.95	-951.17
100.14	630.72
102.66	885.04
106.21	854.52
109.62	661.24
112.27	356.05
113.69	96.64
114.08	-45.78
113.9	-50.86
113.69	50.86
113.9	223.8
114.79	417.09
116.46	549.34
118.66	574.77
120.96	503.56
122.97	376.4
124.48	213.63
125.33	76.3
125.64	15.26
125.7	30.52
125.82	106.82
126.25	269.58
127.32	376.4
128.83	386.57
130.38	366.22
131.84	295.01
133.02	203.46
133.83	162.77
134.49	208.54
135.32	223.8
136.22	188.2
136.97	178.03
137.68	162.77
138.33	162.77
138.98	213.63
139.84	284.84
140.98	295.01
142.16	233.98
143.09	152.59
143.7	86.47
144.05	25.43
144.15	10.17
144.19	45.78
144.37	96.64
144.76	116.99
145.23	152.59
145.84	152.59
146.45	96.64
146.84	40.69
147	20.35
147.08	-15.26
147.02	-61.04
146.77	-76.3
146.47	-81.38
146.14	-91.56
145.78	-96.64
145.39	-106.82
144.96	-111.9
144.52	-122.07
144.03	-167.85
143.36	-223.8
142.46	-284.84
141.32	-330.62
140	-381.48
138.47	-427.26
136.76	-442.52
134.99	-473.04
133.1	-518.82
131.03	-564.6
128.77	-620.55
126.29	-666.32
123.62	-686.67
120.87	-707.02
118.05	-813.83
114.79	-930.82
111.07	-773.14
107.98	-391.66
106.41	-101.73
106	-473.04
104.11	-1658.18
97.48	-2644.95
86.9	-2680.56
76.17	-2273.64
67.08	-1963.37
59.23	-1759.91
52.19	-1398.77
46.59	-813.83
43.34	-528.99
41.22	-696.84
38.43	-1464.9
32.57	-584.94
30.23	-523.9
28.14	-350.97
26.73	-147.51
26.14	-30.52
26.02	-50.86
25.82	-162.77
25.17	-315.36
23.91	-432.35
22.18	-503.56
20.16	-483.21
18.23	-371.31
16.74	-203.46
 15.93(E)	0
15.93	193.29
16.7	361.14
18.15	452.69
19.96	488.3
21.91	478.13
23.82	452.69
25.64	417.09
27.3	401.83
28.91	401.83
30.52	437.43
32.27	513.73
34.32	610.37
36.76	722.28
39.65	813.83
42.91	895.22
46.49	940.99
50.25	996.94
54.24	1052.9
58.45	1073.24
62.75	1047.81
66.94	991.86
70.91	900.3
74.51	808.75
77.74	701.93
80.55	600.2
82.95	544.25
85.13	579.86
87.45	732.45
90.38	920.65
94.06	1185.14
98.8	1271.61
103.89	773.14
106.98	396.74
108.57	437.43
110.31	417.09
111.98	172.94
112.68	-81.38
112.35	-193.29
111.58	-335.71
110.23	-523.9
108.14	-549.34
105.94	-396.74
104.35	-157.68
103.72	96.64
104.11	279.75
105.23	381.48
106.75	386.57
108.3	289.93
109.46	132.25
109.99	-50.86
109.79	-228.89
108.87	-325.53
107.57	-330.62
106.25	-259.41
105.21	-152.59
104.6	-55.95
104.37	10.17
104.41	10.17
104.46	-40.69
104.29	-152.59
103.68	-264.5
102.62	-376.4
101.12	-462.87
99.27	-498.47
97.27	-493.39
95.3	-478.13
93.39	-457.78
91.56	-457.78
89.72	-457.78
87.89	-422.18
86.21	-386.57
84.66	-381.48
83.13	-345.88
81.75	-127.16
81.24	-198.37
80.45	-1225.83
75.54	-2278.73
66.43	-2502.53
56.42	-2212.61
47.57	-1810.78
40.33	-1347.91
34.93	-839.26
31.58	-233.98
30.64	330.62
31.96	645.98
34.55	645.98
37.13	345.88
38.51	-137.33
37.97	-630.72
35.44	-1022.38
31.35	-1230.92
26.43	-1236.01
21.49	-1063.07
17.23	-762.97
14.18	-427.26
12.47	-101.73
12.07	152.59
12.68	284.84
13.81	289.93
14.97	178.03
15.69	-25.43
15.58	-244.15
14.61	-432.35
12.88	-544.25
10.7	-579.86
8.38	-528.99
6.27	-396.74
4.68	-228.89
3.76	-71.21
  3.48(D)	61.04
3.72	147.51
4.31	162.77
4.96	147.51
5.55	116.99
6.02	81.38
6.35	45.78
6.53	25.43
6.63	0
6.63	50.86
6.84	111.9
7.28	152.59
7.89	167.85
8.57	178.03
9.28	157.68
9.91	101.73
10.32	25.43
10.42	-40.69
10.25	-61.04
10.01	-61.04
9.77	-55.95
9.54	-30.52
9.42	-5.09
9.4	10.17
9.44	30.52
9.56	50.86
9.77	55.95
9.99	50.86
10.19	25.43
10.29	15.26
10.36	10.17
10.4	0
10.4	-10.17
10.36	-10.17
10.32	-5.09
10.29	-10.17
10.25	0
10.25	25.43
10.36	50.86
10.56	45.78
10.74	15.26
10.8	10.17
10.84	5.09
10.86	10.17
10.91	20.35
10.99	15.26
11.05	15.26
11.11	20.35
11.19	35.61
11.33	40.69
11.5	20.35
11.58	25.43
11.68	61.04
11.92	183.11
12.66	356.05
14.08	254.32
15.1	-147.51
14.51	-503.56
12.49	-630.72
9.97	-457.78
8.14	-147.51
7.55	137.33
8.1	356.05
9.52	508.65
11.56	508.65
13.59	386.57
15.14	188.2
15.89	-20.35
15.81	-193.29
15.04	-295.01
13.86	-325.53
12.55	-269.58
11.48	-157.68
10.84	-30.52
10.72	96.64
11.11	183.11
11.84	228.89
12.76	208.54
13.59	142.42
14.16	61.04
14.4	-30.52
14.28	-101.73
13.88	-137.33
13.33	-142.42
12.76	-111.9
12.31	-61.04
12.07	0
12.07	55.95
12.29	91.56
12.66	96.64
13.04	91.56
13.41	61.04
13.65	15.26
13.71	-20.35
13.63	-45.78
13.45	-66.12
13.18	-55.95
12.96	-35.61
12.82	-10.17
12.78	15.26
12.84	40.69
13	55.95
13.22	50.86
13.43	45.78
13.61	25.43
13.71	5.09
13.73	-10.17
13.69	-20.35
13.61	-30.52
13.49	-30.52
13.37	-15.26
13.31	0
13.31	10.17
13.35	25.43
13.45	30.52
13.57	30.52
13.69	30.52
13.81	15.26
13.88	5.09
13.9	-5.09
13.88	-15.26
13.81	-15.26
13.75	-10.17
13.71	-5.09
13.69	-5.09
13.67	0
13.67	10.17
13.71	15.26
13.77	15.26
13.84	10.17
13.88	10.17
13.92	0
13.92	-5.09
13.9	-10.17
13.86	-10.17
13.81	-5.09
13.79	-5.09
13.77	0
13.77	0
13.77	5.09
13.79	10.17
13.84	10.17
13.88	10.17
13.92	0
13.92	5.09
13.94	-5.09
13.92	0
13.92	0
13.92	-5.09
13.9	5.09
13.92	5.09
13.94	5.09
13.96	5.09
13.98	10.17
14.02	0
14.02	5.09
14.04	-5.09
14.02	-5.09
14	-5.09
13.98	0
13.98	-5.09
13.96	5.09
13.98	5.09
14	5.09
14.02	0
14.02	5.09
14.04	5.09
14.06	0
14.06	-5.09
14.04	0
14.04	5.09
14.06	5.09
14.08	0
14.08	5.09
14.1	10.17
14.14	5.09
14.16	0
14.16	0
14.16	0
14.16	0
14.16	5.09
14.18	0
14.18	5.09
14.2	5.09
14.22	5.09
14.24	0
14.24	0
14.24	0
14.24	5.09
14.26	5.09
14.28	10.17
14.32	25.43
14.43	30.52
14.55	25.43
14.65	20.35
14.73	25.43
14.83	25.43
14.93	20.35
15.02	25.43
15.12	40.69
15.28	45.78
15.46	71.21
15.75	91.56
16.11	122.07
16.6	132.25
17.13	157.68
17.76	172.94
18.45	167.85
19.13	162.77
19.78	162.77
20.43	152.59
21.04	137.33
21.59	116.99
22.05	96.64
22.44	81.38
22.77	76.3
23.07	66.12
23.34	76.3
23.64	91.56
24.01	116.99
24.48	178.03
 25.19(E)	249.24
26.19	340.79
27.55	432.35
29.28	528.99
31.39	640.89
33.96	824
37.25	1083.41
41.59	1393.69
47.16	1709.05
54	2085.44
62.34	2731.42
73.27	3560.52
87.51	3626.64
102.01	2238.04
110.97	412
112.61	-946.08
108.83	-1871.81
101.34	-2060.01
93.1	-1363.17
87.65	-213.63
86.8	930.82
90.52	1749.74
97.52	2070.19
105.8	1765
112.86	981.68
116.78	50.86
116.99	-757.88
113.96	-1113.93
109.5	-905.39
105.88	-350.97
104.48	371.31
105.96	1113.93
110.42	1571.71
116.7	1668.36
123.38	1383.51
128.91	722.28
131.8	66.12
132.06	-391.66
130.5	-590.03
128.14	-462.87
126.29	-106.82
125.86	330.62
127.18	686.67
129.93	798.57
133.12	707.02
135.95	620.55
138.43	493.39
140.41	259.41
141.44	132.25
141.97	157.68
142.6	208.54
143.44	193.29
144.21	233.98
145.15	244.15
146.12	244.15
147.1	371.31
148.59	478.13
150.5	467.95
152.37	315.36
153.63	101.73
154.04	5.09
154.06	45.78
154.24	71.21
154.53	35.61
154.67	61.04
154.91	162.77
155.56	259.41
156.6	244.15
157.58	157.68
158.21	91.56
158.58	30.52
158.70(S)	-25.43
158.6	-55.95
158.37	-86.47
158.03	-66.12
157.76	-15.26
157.7	-5.09
157.68	-10.17
157.64	-20.35
157.56	-40.69
157.4	-86.47
157.05	-172.94
156.36	-254.32
155.34	-305.19
154.12	-315.36
152.86	-284.84
151.72	-254.32
150.7	-264.5
149.64	-305.19
148.42	-356.05
147	-412
145.35	-473.04
143.46	-518.82
141.38	-564.6
139.12	-610.37
136.68	-645.98
134.1	-681.58
131.37	-712.1
128.52	-732.45
125.59	-747.71
122.6	-732.45
119.67	-701.93
116.87	-671.41
114.18	-590.03
111.82	-386.57
110.27	-849.44
106.88	-1851.47
99.47	-2263.47
90.42	-2446.58
80.63	-2629.69
70.11	-2497.45
60.12	-2171.91
51.43	-1775.17
44.33	-1154.62
39.72	-350.97
38.31	427.26
40.02	935.91
43.76	874.87
47.26	96.64
47.65	-1068.15
43.38	-1785.34
36.24	-1851.47
28.83	-1637.84
22.28	-1256.35
17.25	-701.93
14.45	-162.77
13.79	228.89
14.71	422.18
16.4	427.26
18.11	269.58
19.19	10.17
19.23	-264.5
18.17	-488.3
16.22	-610.37
13.77	-605.29
11.35	-503.56
9.34	-330.62
8.02	-127.16
  7.51(D)	61.04
7.75	208.54
8.59	269.58
9.66	264.5
10.72	188.2
11.48	71.21
11.76	-55.95
11.54	-147.51
10.95	-203.46
10.13	-193.29
9.36	-142.42
8.79	-66.12
8.52	35.61
8.67	122.07
9.16	188.2
9.91	223.8
10.8	228.89
11.72	172.94
12.41	91.56
12.78	25.43
12.88	-30.52
12.76	-81.38
12.43	-91.56
12.07	-81.38
11.74	-50.86
11.54	-10.17
11.5	35.61
11.64	66.12
11.9	76.3
12.21	86.47
12.55	76.3
12.86	45.78
13.04	15.26
13.1	-25.43
13	-61.04
12.76	-66.12
12.49	-61.04
12.25	-50.86
12.04	-20.35
11.96	20.35
12.04	55.95
12.27	71.21
12.55	71.21
12.84	61.04
13.08	30.52
13.2	0
13.2	-20.35
13.12	-35.61
12.98	-45.78
12.8	-50.86
12.59	-40.69
12.43	-25.43
12.33	5.09
12.35	25.43
12.45	35.61
12.59	50.86
12.8	35.61
12.94	0
12.94	-35.61
12.8	-35.61
12.66	-40.69
12.49	-25.43
12.39	-5.09
12.37	5.09
12.39	25.43
12.49	40.69
12.66	40.69
12.82	30.52
12.94	30.52
13.06	25.43
13.16	10.17
13.2	15.26
13.27	40.69
13.43	66.12
13.69	71.21
13.98	50.86
14.18	50.86
14.38	66.12
14.65	81.38
14.97	86.47
15.32	111.9
15.77	132.25
16.3	162.77
16.95	193.29
17.72	228.89
18.64	249.24
19.63	264.5
20.69	208.54
21.53	0
21.53	-228.89
20.61	-295.01
19.43	-188.2
18.68	0
 18.68(E)	147.51
19.27	218.72
20.14	259.41
21.18	289.93
22.34	310.27
23.58	300.1
24.78	295.01
25.96	295.01
27.14	361.14
28.59	523.9
30.68	768.05
33.75	1124.11
38.25	1500.5
44.25	1749.74
51.25	1719.22
58.13	1495.42
64.11	1256.35
69.14	1007.12
73.16	839.26
76.52	1225.83
81.42	2222.78
90.32	2828.07
101.63	2187.17
110.38	1174.97
115.08	381.48
116.6	-651.07
114	-1653.1
107.39	-1780.26
100.26	-1007.12
96.24	71.21
96.52	951.17
100.33	1429.29
106.04	1525.93
112.15	1261.44
117.19	722.28
120.08	106.82
120.51	-356.05
119.08	-559.51
116.85	-442.52
115.08	-122.07
114.59	345.88
115.97	783.31
119.1	1012.2
123.15	1022.38
127.24	798.57
130.44	442.52
132.21	101.73
132.61	-132.25
132.08	-198.37
131.29	-106.82
130.86	45.78
131.05	203.46
131.86	386.57
133.41	528.99
135.52	528.99
137.64	422.18
139.33	264.5
140.39	172.94
141.08	142.42
141.65	162.77
142.3	188.2
143.05	193.29
143.82	239.06
144.78	284.84
145.92	325.53
147.22	310.27
148.46	239.06
149.42	228.89
150.34	198.37
151.13	116.99
151.6	71.21
151.88	106.82
152.31	132.25
152.84	127.16
153.35	142.42
153.92	142.42
154.49	122.07
154.97	111.9
155.42	101.73
155.83	81.38
156.15	40.69
156.32(S)	-15.26
156.26	-30.52
156.13	-35.61
155.99	-45.78
155.81	-50.86
155.6	-55.95
155.38	-76.3
155.08	-86.47
154.73	-116.99
154.26	-162.77
153.61	-203.46
152.8	-239.06
151.84	-259.41
150.8	-284.84
149.66	-305.19
148.44	-345.88
147.06	-371.31
145.57	-406.92
143.95	-442.52
142.18	-498.47
140.18	-544.25
138.01	-579.86
135.69	-615.46
133.22	-630.72
130.7	-656.15
128.08	-696.84
125.29	-712.1
122.44	-757.88
119.41	-783.31
116.28	-630.72
113.75	-508.65
111.72	-656.15
109.09	-1322.48
103.8	-2283.82
94.67	-2746.68
83.68	-2619.52
73.2	-2405.89
63.58	-2146.48
54.99	-1678.53
48.28	-986.77
44.33	-249.24
43.34	356.05
44.76	625.63
47.26	457.78
49.09	-10.17
49.05	-590.03
46.69	-1113.93
42.24	-1581.89
35.91	-1892.16
28.34	-1754.83
21.32	-1230.92
16.4	-661.24
13.75	-162.77
13.1	213.63
13.96	432.35
15.69	457.78
17.52	315.36
18.78	81.38
19.1	-172.94
18.41	-381.48
16.89	-478.13
14.97	-422.18
13.29	-264.5
12.23	-25.43
 12.13(E)	228.89
13.04	467.95
14.91	656.15
17.54	762.97
20.59	803.66
23.8	762.97
26.86	676.5
29.56	569.68
31.84	488.3
33.79	473.04
35.69	554.42
37.9	742.62
40.87	986.77
44.82	1169.88
49.5	1215.66
54.36	1174.97
59.06	1139.36
63.62	1093.59
68	1037.64
72.15	966.43
76.01	920.65
79.69	879.96
83.21	813.83
86.47	778.23
89.58	773.14
92.68	869.78
96.15	1286.87
101.3	1653.1
107.91	1454.72
113.73	1042.72
117.9	412
119.55	-457.78
117.72	-920.65
114.04	-768.05
110.97	-447.61
109.18	-172.94
108.48	76.3
108.79	300.1
109.99	432.35
111.72	452.69
113.53	366.22
114.99	213.63
115.85	55.95
116.07	-66.12
115.81	-116.99
115.34	-116.99
114.87	-45.78
114.69	45.78
114.87	111.9
115.32	152.59
115.93	157.68
116.56	127.16
117.07	55.95
117.29	-10.17
117.25	-91.56
116.89	-137.33
116.34	-152.59
115.73	-162.77
115.08	-167.85
114.4	-157.68
113.77	-152.59
113.16	-172.94
112.47	-203.46
111.66	-244.15
110.68	-295.01
109.5	-345.88
108.12	-401.83
106.51	-432.35
104.78	-462.87
102.93	-478.13
101.02	-508.65
98.98	-539.16
96.83	-569.68
94.55	-564.6
92.29	-559.51
90.05	-559.51
87.81	-412
86.16	-157.68
85.53	-76.3
85.23	-798.57
82.03	-1953.2
74.22	-2568.66
63.95	-2472.01
54.06	-1988.8
46.1	-1393.69
40.53	-783.31
37.4	-193.29
36.62	269.58
37.7	513.73
39.76	528.99
41.87	305.19
43.09	-127.16
42.58	-615.46
40.12	-1047.81
35.93	-1297.04
30.74	-1327.56
25.43	-1169.88
20.75	-864.7
17.29	-503.56
15.28	-172.94
14.59	76.3
14.89	213.63
15.75	233.98
16.68	152.59
17.29	15.26
17.35	-137.33
16.81	-254.32
15.79	-310.27
14.55	-320.45
13.27	-274.67
12.17	-183.11
11.43	-91.56
11.07	-10.17
11.03	25.43
11.13	-15.26
11.07	-96.64
10.68	-188.2
9.93	-239.06
8.97	-249.24
7.98	-213.63
7.12	-178.03
6.41	-142.42
5.84	-66.12
  5.57(D)	55.95
5.8	142.42
6.37	218.72
7.24	295.01
8.42	340.79
9.79	330.62
11.11	254.32
12.13	137.33
12.68	10.17
12.72	-101.73
12.31	-183.11
11.58	-208.54
10.74	-193.29
9.97	-122.07
9.48	-35.61
9.34	50.86
9.54	127.16
10.05	167.85
10.72	162.77
11.37	127.16
11.88	81.38
12.21	20.35
12.29	-20.35
12.21	-66.12
11.94	-91.56
11.58	-91.56
11.21	-66.12
10.95	-35.61
10.8	5.09
10.82	25.43
10.93	40.69
11.09	45.78
11.27	45.78
11.45	40.69
11.62	30.52
11.74	10.17
11.78	-10.17
11.74	-25.43
11.64	-45.78
11.45	-35.61
11.31	5.09
11.33	35.61
11.48	45.78
11.66	55.95
11.88	50.86
12.09	20.35
12.17	5.09
12.19	-15.26
12.13	-35.61
11.98	-35.61
11.84	-20.35
11.76	15.26
11.82	55.95
12.04	96.64
12.43	172.94
13.12	188.2
13.88	45.78
14.06	-223.8
13.16	-437.43
11.41	-371.31
9.93	-127.16
9.42	40.69
9.58	137.33
10.13	254.32
11.15	295.01
12.33	249.24
13.33	157.68
13.96	50.86
14.16	-55.95
13.94	-137.33
13.39	-172.94
12.7	-167.85
12.02	-122.07
11.54	-55.95
11.31	15.26
11.37	71.21
11.66	111.9
12.11	116.99
12.57	96.64
12.96	61.04
13.2	15.26
13.27	-30.52
13.14	-61.04
12.9	-71.21
12.61	-61.04
12.37	-40.69
12.21	-20.35
12.13	15.26
12.19	30.52
12.31	45.78
12.49	45.78
12.68	35.61
12.82	25.43
12.92	0
12.92	-15.26
12.86	-30.52
12.74	-35.61
12.59	-30.52
12.47	-10.17
12.43	0
12.43	10.17
12.47	20.35
12.55	25.43
12.66	25.43
12.76	15.26
12.82	5.09
12.84	-10.17
12.8	-10.17
12.76	-15.26
12.7	-20.35
12.61	-15.26
12.55	-5.09
12.53	5.09
12.55	10.17
12.59	15.26
12.66	10.17
12.7	10.17
12.74	10.17
12.78	0
12.78	-5.09
12.76	-10.17
12.72	-10.17
12.68	-15.26
12.61	-10.17
12.57	-10.17
12.53	0
12.53	-5.09
12.51	0
12.51	0
12.51	-10.17
12.47	-5.09
12.45	-5.09
12.43	-15.26
12.37	-10.17
12.33	-15.26
12.27	-10.17
12.23	-10.17
12.19	-10.17
12.15	-10.17
12.11	5.09
12.13	10.17
12.17	15.26
12.23	10.17
12.27	5.09
12.29	0
12.29	5.09
12.31	15.26
12.37	25.43
12.47	35.61
12.61	55.95
12.84	76.3
13.14	86.47
13.49	86.47
13.84	96.64
14.22	106.82
14.65	86.47
14.99	66.12
15.26	66.12
15.52	101.73
15.93	132.25
16.46	147.51
17.05	142.42
17.62	122.07
18.11	101.73
18.51	81.38
18.84	71.21
19.13	71.21
19.41	96.64
19.8	132.25
20.33	178.03
 21.04(E)	239.06
21.99	315.36
23.26	396.74
24.84	488.3
26.8	625.63
29.3	864.7
32.76	1200.4
37.56	1561.54
43.8	1805.69
51.03	1866.73
58.49	1739.57
65.45	1881.99
72.98	2655.13
83.6	3179.03
96.32	2573.74
106.61	1464.9
112.47	473.04
114.36	-707.02
111.54	-1922.68
103.84	-2054.93
95.63	-879.96
92.11	554.42
94.32	1373.34
99.82	1592.06
106.18	1475.07
112.09	971.51
115.97	223.8
116.87	-447.61
115.08	-793.49
111.9	-651.07
109.3	-157.68
108.67	442.52
110.44	1012.2
114.49	1403.86
120.1	1408.95
125.74	1108.85
130.17	620.55
132.65	81.38
132.98	-345.88
131.6	-549.34
129.4	-412
127.75	-40.69
127.59	376.4
129.09	676.5
131.8	803.66
135.01	757.88
138.05	635.81
140.59	437.43
142.34	178.03
143.05	10.17
143.09	5.09
143.11	101.73
143.52	244.15
144.5	361.14
145.94	432.35
147.67	473.04
149.56	442.52
151.33	340.79
152.7	254.32
153.71	239.06
154.67	208.54
155.5	111.9
155.95	50.86
156.15	116.99
156.62	132.25
157.15	66.12
157.42	61.04
157.66	91.56
158.03	152.59
158.64	208.54
159.47	188.2
160.22	116.99
160.69	30.52
160.81(S)	-35.61
160.67	-81.38
160.35	-101.73
159.94	-106.82
159.51	-86.47
159.17	-61.04
158.92	-50.86
158.72	-61.04
158.47	-86.47
158.13	-116.99
157.66	-147.51
157.07	-218.72
156.19	-279.75
155.08	-330.62
153.75	-376.4
152.25	-401.83
150.64	-412
148.99	-422.18
147.3	-447.61
145.51	-478.13
143.6	-539.16
141.44	-600.2
139.04	-666.32
136.38	-712.1
133.53	-747.71
130.54	-747.71
127.55	-788.4
124.39	-879.96
120.87	-778.23
117.76	-554.42
115.54	-366.22
114.08	-676.5
111.37	-1780.26
104.25	-2502.53
94.24	-2512.71
84.19	-2400.8
74.59	-2227.87
65.68	-1932.85
57.94	-1602.23
51.54	-1139.36
46.98	-635.81
44.44	-284.84
43.3	-178.03
42.58	-269.58
41.51	-371.31
40.02	-396.74
38.43	-432.35
36.7	-635.81
34.16	-1057.98
29.93	-1327.56
24.62	-1195.32
19.84	-910.47
16.2	-681.58
13.47	-417.09
11.8	-157.68
11.17	15.26
11.23	81.38
11.56	81.38
11.88	15.26
11.94	-61.04
11.7	-137.33
11.15	-172.94
10.46	-157.68
9.83	-76.3
9.52	40.69
  9.68(E)	162.77
10.34	279.75
11.45	376.4
12.96	452.69
14.77	513.73
16.83	549.34
19.02	559.51
21.26	539.16
23.42	503.56
25.43	483.21
27.37	478.13
29.28	544.25
31.45	707.02
34.28	869.78
37.76	930.82
41.49	869.78
44.96	778.23
48.08	732.45
51.01	737.54
53.96	803.66
57.17	849.44
60.57	885.04
64.11	900.3
67.71	879.96
71.23	829.09
74.55	768.05
77.62	691.76
80.39	615.46
82.85	498.47
84.84	356.05
86.27	259.41
87.3	249.24
88.3	366.22
89.77	600.2
92.17	859.61
95.6	1017.29
99.67	752.79
102.69	371.31
104.17	305.19
105.39	239.06
106.35	30.52
106.47	-162.77
105.82	-249.24
104.82	-269.58
103.74	-289.93
102.58	-310.27
101.34	-300.1
100.14	-178.03
99.43	15.26
99.49	142.42
100.06	167.85
100.73	132.25
101.26	61.04
101.51	-35.61
101.36	-122.07
100.87	-193.29
100.1	-233.98
99.17	-249.24
98.17	-239.06
97.21	-193.29
96.44	-162.77
95.79	-167.85
95.12	-183.11
94.38	-228.89
93.47	-310.27
92.23	-386.57
90.68	-442.52
88.91	-483.21
86.98	-498.47
84.98	-498.47
82.99	-462.87
81.14	-330.62
79.82	-218.72
78.94	-244.15
77.97	-142.42
77.4	-142.42
76.83	-915.56
73.16	-1800.6
65.96	-2075.27
57.66	-1902.33
50.05	-1505.59
44.03	-1073.24
39.74	-757.88
36.7	-401.83
35.1	15.26
35.16	295.01
36.34	356.05
37.76	198.37
38.56	-86.47
38.21	-432.35
36.48	-752.79
33.47	-976.6
29.56	-1052.9
25.35	-966.43
21.49	-793.49
18.31	-554.42
16.09	-295.01
14.91	-81.38
14.59	50.86
14.79	96.64
15.18	55.95
15.4	-35.61
15.26	-147.51
14.67	-244.15
13.69	-300.1
12.49	-310.27
11.25	-279.75
10.13	-218.72
9.26	-152.59
8.65	-81.38
8.32	-25.43
8.22	10.17
8.26	10.17
8.3	-50.86
8.1	-111.9
7.65	-142.42
7.08	-157.68
6.45	-167.85
5.78	-152.59
5.17	-111.9
4.72	-76.3
4.42	-35.61
  4.27(D)	35.61
4.42	137.33
4.96	218.72
5.84	259.41
6.88	233.98
7.81	147.51
8.4	55.95
8.63	-30.52
8.5	-96.64
8.12	-122.07
7.63	-106.82
7.2	-61.04
6.96	15.26
7.02	86.47
7.37	132.25
7.89	152.59
8.5	147.51
9.09	101.73
9.5	55.95
9.73	25.43
9.83	0
9.83	-10.17
9.79	-15.26
9.73	-15.26
9.66	15.26
9.73	111.9
10.17	295.01
11.35	330.62
12.68	5.09
12.7	-376.4
11.19	-630.72
8.67	-610.37
6.23	-350.97
4.82	-45.78
4.64	249.24
5.64	483.21
7.57	584.94
9.91	528.99
12.02	361.14
13.47	132.25
14	-86.47
13.65	-264.5
12.59	-345.88
11.21	-320.45
9.93	-239.06
8.97	-111.9
8.52	10.17
8.57	127.16
9.07	208.54
9.91	233.98
10.84	208.54
11.68	127.16
12.19	35.61
12.33	-45.78
12.15	-106.82
11.72	-137.33
11.17	-111.9
10.72	-71.21
10.44	-25.43
10.34	20.35
10.42	61.04
10.66	86.47
11.01	91.56
11.37	101.73
11.78	81.38
12.11	25.43
12.21	-50.86
12	-91.56
11.64	-101.73
11.23	-71.21
10.95	-40.69
10.78	15.26
10.84	61.04
11.09	66.12
11.35	50.86
11.56	35.61
11.7	30.52
11.82	20.35
11.9	15.26
11.96	0
11.96	-20.35
11.88	-30.52
11.76	-25.43
11.66	-20.35
11.58	-20.35
11.5	-10.17
11.45	-5.09
11.43	-5.09
11.41	-5.09
11.39	0
11.39	10.17
11.43	20.35
11.52	35.61
11.66	45.78
11.84	35.61
11.98	25.43
12.09	15.26
12.15	0
12.15	-5.09
12.13	-5.09
12.11	-10.17
12.07	-5.09
12.04	0
12.04	0
12.04	5.09
12.07	10.17
12.11	0
12.11	5.09
12.13	-5.09
12.11	-10.17
12.07	-5.09
12.04	-5.09
12.02	0
12.02	0
12.02	10.17
12.07	25.43
12.17	15.26
12.23	20.35
12.31	15.26
12.37	10.17
12.41	0
12.41	0
12.41	-15.26
12.35	-10.17
12.31	-5.09
12.29	0
12.29	-5.09
12.27	-5.09
12.25	-5.09
12.23	0
12.23	0
12.23	5.09
12.25	15.26
12.31	5.09
12.33	0
12.33	10.17
12.37	15.26
12.43	15.26
12.49	20.35
12.57	15.26
12.63	5.09
12.66	-5.09
12.63	-5.09
12.61	-10.17
12.57	5.09
12.59	0
12.59	0
12.59	-5.09
12.57	15.26
12.63	30.52
12.76	40.69
12.92	66.12
13.18	66.12
13.45	55.95
13.67	55.95
13.9	50.86
14.1	50.86
14.3	55.95
14.53	76.3
14.83	76.3
15.14	76.3
15.44	86.47
15.79	106.82
16.22	116.99
16.68	116.99
17.15	111.9
17.6	96.64
17.99	86.47
18.33	91.56
18.7	96.64
19.08	122.07
19.57	162.77
20.22	233.98
21.16	300.1
22.36	371.31
23.85	442.52
25.62	503.56
27.63	574.77
29.93	737.54
32.88	1017.29
36.95	1363.17
42.4	1642.92
48.97	1810.78
56.22	1932.85
63.95	2293.99
73.12	3087.48
85.47	3265.5
98.53	2029.49
106.65	757.88
109.68	-10.17
109.64	-925.73
105.94	-1510.68
99.9	-1108.85
95.46	-264.5
94.4	508.65
96.44	1047.81
100.63	1266.53
105.7	1169.88
110.38	732.45
113.31	101.73
113.71	-406.92
112.09	-590.03
109.72	-401.83
108.12	10.17
108.16	523.9
110.25	1027.46
114.36	1327.56
119.67	1241.09
124.64	829.09
127.95	315.36
129.22	-132.25
128.69	-417.09
127.02	-422.18
125.33	-142.42
124.76	172.94
125.45	467.95
127.32	747.71
130.31	849.44
133.71	752.79
136.72	554.42
138.94	300.1
140.14	61.04
140.39	-106.82
139.96	-106.82
139.53	45.78
139.71	228.89
140.63	376.4
142.14	422.18
143.82	417.09
145.49	376.4
147	315.36
148.26	269.58
149.34	595.11
151.72	116.99
152.19	50.86
152.39	-10.17
152.35	-91.56
151.98	-66.12
151.72	101.73
152.13	249.24
153.12	289.93
154.28	239.06
155.24	71.21
155.52(S)	-55.95
155.3	-50.86
155.1	-71.21
154.81	-137.33
154.26	-178.03
153.55	-167.85
152.88	-152.59
152.27	-157.68
151.64	-147.51
151.05	-122.07
150.56	-122.07
150.07	-157.68
149.44	-223.8
148.54	-295.01
147.36	-381.48
145.84	-437.43
144.09	-467.95
142.22	-493.39
140.24	-518.82
138.17	-544.25
135.99	-584.94
133.65	-640.89
131.09	-701.93
128.28	-757.88
125.25	-788.4
122.1	-839.26
118.74	-895.22
115.16	-839.26
111.8	-554.42
109.58	-157.68
108.95	-620.55
106.47	-1876.9
98.96	-2421.15
89.28	-2324.51
79.98	-2344.85
70.6	-2197.35
61.81	-1892.16
54.24	-1546.28
48.06	-1200.4
43.26	-920.65
39.57	-615.46
37.11	-284.84
35.97	-71.21
35.69	-5.09
35.67	-61.04
35.42	-203.46
34.61	-401.83
33	-620.55
30.52	-793.49
27.34	-900.3
23.74	-890.13
20.18	-788.4
17.03	-605.29
14.61	-401.83
13	-203.46
12.19	-15.26
12.13	106.82
12.55	162.77
13.2	122.07
13.69	25.43
13.79	-101.73
13.39	-198.37
12.59	-249.24
11.6	-249.24
10.6	-172.94
9.91	-76.3
9.6	-15.26
9.54	-35.61
9.4	-116.99
8.93	-223.8
8.04	-249.24
7.04	-132.25
  6.51(D)	50.86
  6.71(E)	213.63
7.57	325.53
8.87	371.31
10.36	366.22
11.82	300.1
13.02	208.54
13.86	132.25
14.38	86.47
14.73	71.21
15.02	101.73
15.42	147.51
16.01	208.54
16.85	249.24
17.84	289.93
19	356.05
20.43	457.78
22.26	574.77
24.56	712.1
27.41	864.7
30.86	1027.46
34.97	1230.92
39.9	1337.74
45.25	1307.22
50.48	1200.4
55.28	1032.55
59.41	885.04
62.95	788.4
66.1	722.28
68.99	696.84
71.78	757.88
74.81	869.78
78.29	991.86
82.26	1098.67
86.65	1388.6
92.21	2004.06
100.22	1953.2
108.04	1241.09
113	712.1
115.85	218.72
116.72	-335.71
115.38	-610.37
112.94	-488.3
110.99	-213.63
110.13	-20.35
110.05	127.16
110.56	259.41
111.6	315.36
112.86	264.5
113.92	162.77
114.57	66.12
114.83	50.86
115.04	96.64
115.42	167.85
116.09	244.15
117.07	300.1
118.27	305.19
119.49	274.67
120.59	218.72
121.46	157.68
122.1	101.73
122.5	71.21
122.79	66.12
123.05	66.12
123.32	86.47
123.66	116.99
124.13	  N/A
10.46	162.77
11.11	142.42
11.68	91.56
12.04	30.52
12.17	-40.69
12	-81.38
11.68	-106.82
11.25	-101.73
10.84	-55.95
10.62	0
10.62	35.61
10.76	71.21
11.05	76.3
11.35	81.38
11.68	71.21
11.96	45.78
12.15	15.26
12.21	-10.17
12.17	-25.43
12.07	-30.52
11.94	-25.43
11.84	-10.17
11.8	5.09
11.82	20.35
11.9	40.69
12.07	45.78
12.25	66.12
12.51	61.04
12.76	35.61
12.9	5.09
12.92	-15.26
12.86	-20.35
12.78	-10.17
12.74	25.43
12.84	111.9
13.29	300.1
14.49	366.22
15.95	45.78
16.13	-417.09
14.47	-681.58
11.74	-615.46
9.28	-305.19
8.06	71.21
8.34	335.71
9.68	478.13
11.6	523.9
13.69	442.52
15.46	249.24
16.46	30.52
16.58	-157.68
15.95	-284.84
14.81	-335.71
13.47	-305.19
12.25	-208.54
11.41	-86.47
11.07	45.78
11.25	157.68
11.88	213.63
12.74	218.72
13.61	167.85
14.28	91.56
14.65	-5.09
14.63	-91.56
14.26	-127.16
13.75	-132.25
13.22	-116.99
12.76	-66.12
12.49	-5.09
12.47	45.78
12.66	86.47
13	96.64
13.39	86.47
13.73	66.12
14	30.52
14.12	0
14.12	-25.43
14.02	-45.78
13.84	-40.69
13.67	-35.61
13.53	-15.26
13.47	0
13.47	25.43
13.57	30.52
13.69	35.61
13.84	40.69
14	30.52
14.12	20.35
14.2	10.17
14.24	-5.09
14.22	-20.35
14.14	-20.35
14.06	-25.43
13.96	-15.26
13.9	-5.09
13.88	5.09
13.9	20.35
13.98	20.35
14.06	15.26
14.12	10.17
14.16	10.17
14.2	0
14.2	-5.09
14.18	-5.09
14.16	-5.09
14.14	-5.09
14.12	-5.09
14.1	-5.09
14.08	0
14.08	-5.09
14.06	5.09
14.08	5.09
14.1	5.09
14.12	10.17
14.16	5.09
14.18	0
14.18	0
14.18	5.09
14.2	5.09
14.22	0
14.22	10.17
14.26	15.26
14.32	15.26
14.38	10.17
14.43	15.26
14.49	5.09
14.51	0
14.51	-10.17
14.47	-5.09
14.45	5.09
14.47	5.09
14.49	0
14.49	0
14.49	0
14.49	5.09
14.51	15.26
14.57	5.09
14.59	0
14.59	0
14.59	5.09
14.61	-5.09
14.59	-10.17
14.55	0
14.55	5.09
14.57	10.17
14.61	10.17
14.65	10.17
14.69	5.09
14.71	0
14.71	-5.09
14.69	-5.09
14.67	-5.09
14.65	0
14.65	-5.09
14.63	5.09
14.65	15.26
14.71	15.26
14.77	15.26
14.83	20.35
14.91	25.43
15.02	20.35
15.1	5.09
15.12	5.09
15.14	10.17
15.18	10.17
15.22	25.43
15.32	35.61
15.46	55.95
15.69	71.21
15.97	81.38
16.3	111.9
16.74	137.33
17.29	157.68
17.92	183.11
18.66	188.2
19.41	178.03
20.12	178.03
20.83	167.85
21.51	162.77
22.16	142.42
22.73	111.9
23.17	81.38
23.5	71.21
23.78	71.21
24.07	71.21
24.35	71.21
24.64	86.47
24.98	101.73
25.39	157.68
 26.02(E)	218.72
26.9	289.93
28.06	381.48
29.58	473.04
31.47	605.29
33.9	778.23
37.01	1002.03
41.02	1281.79
46.14	1592.06
52.51	1943.02
60.28	2583.92
70.62	3433.35
84.35	3606.29
98.78	2370.29
108.26	600.2
110.66	-829.09
107.34	-1800.6
100.14	-2095.62
91.76	-1556.45
85.53	-483.21
83.6	681.58
86.33	1617.49
92.8	2049.84
101	1892.16
108.57	1225.83
113.47	310.27
114.71	-559.51
112.47	-1088.5
108.12	-1073.24
103.82	-569.68
101.55	127.16
102.05	813.83
105.31	1383.51
110.84	1648.01
117.44	1464.9
123.3	940.99
127.06	274.67
128.16	-269.58
127.08	-508.65
125.05	-488.3
123.09	-269.58
122.01	116.99
122.48	539.16
124.64	813.83
127.89	839.26
131.25	696.84
134.04	518.82
136.11	366.22
137.58	172.94
138.27	25.43
138.37	-25.43
138.27	20.35
138.35	188.2
139.1	350.97
140.51	488.3
142.46	610.37
144.9	564.6
147.16	289.93
148.32	10.17
148.36	-101.73
147.95	-61.04
147.71	-5.09
147.69	91.56
148.06	228.89
148.97	335.71
150.31	325.53
151.62	213.63
152.47	86.47
152.82	10.17
152.86	-40.69
152.7	-76.3
152.39	-50.86
152.19	-10.17
152.15	35.61
152.29	76.3
152.59	81.38
152.92	15.26
152.98(S)	-96.64
152.59	-152.59
151.98	-183.11
151.25	-193.29
150.48	-183.11
149.75	-157.68
149.11	-178.03
148.4	-203.46
147.59	-233.98
146.65	-264.5
145.59	-300.1
144.39	-350.97
142.99	-386.57
141.44	-412
139.8	-452.69
137.99	-473.04
136.09	-473.04
134.2	-508.65
132.17	-574.77
129.87	-625.63
127.36	-656.15
124.74	-686.67
121.99	-727.36
119.08	-762.97
116.03	-793.49
112.86	-737.54
109.91	-493.39
107.93	-122.07
107.45	-503.56
105.43	-1663.27
98.78	-2288.9
89.62	-2573.74
79.33	-2746.68
68.34	-2558.48
58.11	-2182.09
49.38	-1709.05
42.54	-1022.38
38.45	-213.63
37.6	523.9
39.69	925.73
43.4	701.93
46.21	-157.68
45.57	-1149.54
40.98	-1597.15
34.59	-1602.23
28.18	-1444.55
22.4	-1103.76
17.99	-630.72
15.46	-178.03
14.75	142.42
15.32	315.36
16.58	320.45
17.86	193.29
18.64	-20.35
18.56	-233.98
17.62	-417.09
15.95	-513.73
13.9	-523.9
11.8	-447.61
10.01	-325.53
8.71	-172.94
8.02	-20.35
  7.93(D)	127.16
8.44	203.46
9.26	213.63
10.11	178.03
10.82	91.56
11.19	-5.09
11.17	-91.56
10.8	-147.51
10.21	-178.03
9.5	-157.68
8.87	-96.64
8.48	-5.09
8.46	96.64
8.85	167.85
9.52	213.63
10.38	228.89
11.29	198.37
12.09	137.33
12.63	55.95
12.86	-15.26
12.8	-76.3
12.49	-101.73
12.09	-106.82
11.66	-81.38
11.33	-40.69
11.17	10.17
11.21	50.86
11.41	91.56
11.78	111.9
12.23	96.64
12.61	61.04
12.86	10.17
12.9	-55.95
12.68	-86.47
12.33	-81.38
12	-55.95
11.78	-25.43
11.68	10.17
11.72	40.69
11.88	66.12
12.15	81.38
12.47	66.12
12.74	50.86
12.94	30.52
13.06	5.09
13.08	-15.26
13.02	-25.43
12.92	-45.78
12.74	-55.95
12.51	-45.78
12.33	-15.26
12.27	0
12.27	5.09
12.29	25.43
12.39	40.69
12.55	50.86
12.76	40.69
12.92	10.17
12.96	5.09
12.98	0
12.98	-25.43
12.88	-20.35
12.8	0
12.8	15.26
12.86	15.26
12.92	10.17
12.96	0
12.96	10.17
13	25.43
13.1	45.78
13.29	55.95
13.51	76.3
13.81	91.56
14.18	86.47
14.53	86.47
14.87	76.3
15.18	71.21
15.46	76.3
15.77	86.47
16.11	147.51
16.7	233.98
17.64	193.29
18.41	50.86
18.62	-61.04
18.37	-81.38
18.05	20.35
 18.13(E)	152.59
18.74	193.29
19.51	208.54
20.35	193.29
21.12	152.59
21.73	106.82
22.16	66.12
22.42	40.69
22.58	45.78
22.77	96.64
23.15	183.11
23.89	289.93
25.05	412
26.69	574.77
28.99	788.4
32.15	1057.98
36.38	1378.43
41.89	1637.84
48.44	1693.79
55.22	1490.33
61.18	1185.14
65.92	956.25
69.75	778.23
72.86	905.39
76.48	1693.79
83.26	2589
93.61	2502.53
103.62	1683.61
110.36	910.47
114	-55.95
113.77	-1241.09
108.81	-1683.61
102.07	-1068.15
97.8	-122.07
97.31	569.68
99.59	991.86
103.56	1129.19
108.08	986.77
112.02	615.46
114.49	147.51
115.08	-198.37
114.28	-325.53
112.98	-244.15
112	5.09
112.02	381.48
113.55	737.54
116.5	915.56
120.16	874.87
123.66	691.76
126.43	447.61
128.22	157.68
128.85	-45.78
128.67	-122.07
128.18	-127.16
127.67	-35.61
127.53	172.94
128.22	366.22
129.68	452.69
131.49	473.04
133.39	457.78
135.22	340.79
136.58	188.2
137.33	111.9
137.78	71.21
138.07	66.12
138.33	157.68
138.96	289.93
140.12	396.74
141.71	432.35
143.44	366.22
144.9	233.98
145.84	132.25
146.37	81.38
146.69	50.86
146.9	50.86
147.1	96.64
147.49	162.77
148.14	198.37
148.93	203.46
149.75	183.11
150.48	142.42
151.05	122.07
151.54	76.3
151.84(S)	-10.17
151.8	-76.3
151.49	-101.73
151.09	-61.04
150.84	-5.09
150.82	25.43
150.93	15.26
150.99	-10.17
150.95	-61.04
150.7	-127.16
150.19	-172.94
149.5	-183.11
148.77	-208.54
147.93	-233.98
147	-239.06
146.04	-244.15
145.07	-269.58
143.99	-310.27
142.75	-366.22
141.28	-422.18
139.59	-483.21
137.66	-518.82
135.58	-544.25
133.41	-564.6
131.15	-574.77
128.85	-579.86
126.53	-640.89
123.97	-707.02
121.14	-762.97
118.09	-818.92
114.81	-798.57
111.62	-539.16
109.46	-305.19
108.24	-452.69
106.43	-1251.27
101.42	-2410.98
91.78	-2746.68
80.79	-2166.83
72.13	-1602.23
65.72	-1622.58
59.23	-2090.53
50.86	-2115.96
42.4	-1571.71
36.11	-996.94
32.13	-437.43
30.38	142.42
30.95	574.77
33.25	783.31
36.38	696.84
39.17	300.1
40.37	-264.5
39.31	-798.57
36.11	-1169.88
31.43	-1281.79
26.31	-1134.28
21.77	-773.14
18.68	-315.36
 17.42(E)	157.68
18.05	554.42
20.26	803.66
23.48	874.87
26.98	788.4
30.13	584.94
32.47	340.79
33.84	127.16
34.34	20.35
34.43	35.61
34.57	178.03
35.28	396.74
36.87	661.24
39.51	920.65
43.19	1113.93
47.65	1241.09
52.61	1276.7
57.72	1220.75
62.6	1119.02
67.08	991.86
71.05	859.61
74.49	773.14
77.58	737.54
80.53	752.79
83.54	778.23
86.65	829.09
89.97	869.78
93.45	885.04
96.99	1200.4
101.79	1693.79
108.57	1515.76
114.63	803.66
117.84	147.51
118.43	-223.8
117.54	-437.43
115.79	-483.21
113.86	-356.05
112.43	-244.15
111.45	-147.51
110.86	-20.35
110.78	86.47
111.13	157.68
111.76	218.72
112.63	239.06
113.59	218.72
114.47	137.33
115.01	40.69
115.18	-40.69
115.01	-96.64
114.63	-111.9
114.18	-106.82
113.75	-81.38
113.43	-35.61
113.29	5.09
113.31	25.43
113.41	10.17
113.45	-35.61
113.31	-106.82
112.88	-198.37
112.09	-279.75
110.97	-340.79
109.6	-366.22
108.14	-366.22
106.67	-361.14
105.23	-361.14
103.78	-381.48
102.26	-396.74
100.67	-427.26
98.96	-488.3
97.01	-549.34
94.81	-590.03
92.45	-579.86
90.13	-544.25
87.95	-498.47
85.96	-371.31
84.48	-183.11
83.74	-345.88
82.36	-1337.74
77.01	-2410.98
67.36	-2690.73
56.6	-2497.45
46.61	-2177
37.9	-1658.18
31.27	-971.51
27.39	-101.73
26.98	707.02
29.81	1119.02
34.28	1057.98
38.51	610.37
40.96	-86.47
40.61	-808.75
37.38	-1358.08
31.94	-1622.58
25.45	-1581.89
19.13	-1291.96
13.96	-844.35
10.58	-350.97
9.18	96.64
9.56	422.18
11.25	564.6
13.51	513.73
15.56	315.36
16.83	25.43
16.93	-279.75
15.81	-528.99
13.69	-691.76
10.93	-712.1
8.08	-615.46
5.62	-462.87
3.76	-269.58
2.69	-66.12
  2.42(D)	96.64
2.81	712.1
5.66	116.99
6.12	10.17
6.16	-30.52
6.04	0
6.04	91.56
6.41	178.03
7.12	218.72
8	223.8
8.89	167.85
9.56	96.64
9.95	0
9.95	-96.64
9.56	-157.68
8.93	-167.85
8.26	-127.16
7.75	-66.12
7.49	5.09
7.51	66.12
7.77	116.99
8.24	132.25
8.77	122.07
9.26	76.3
9.56	30.52
9.68	-25.43
9.58	-50.86
9.38	-71.21
9.09	-81.38
8.77	-61.04
8.52	-35.61
8.38	10.17
8.42	40.69
8.59	45.78
8.77	50.86
8.97	45.78
9.16	15.26
9.22	-10.17
9.18	-25.43
9.07	-35.61
8.93	-45.78
8.75	-30.52
8.63	-30.52
8.5	-35.61
8.36	-15.26
8.3	25.43
8.4	66.12
8.67	81.38
8.99	76.3
9.3	55.95
9.52	35.61
9.66	30.52
9.79	5.09
9.81	-5.09
9.79	-5.09
9.77	5.09
9.79	20.35
9.87	30.52
9.99	35.61
10.13	35.61
10.27	10.17
10.32	-10.17
10.27	-35.61
10.13	-45.78
9.95	-35.61
9.81	-10.17
9.77	10.17
9.81	30.52
9.93	45.78
10.11	55.95
10.34	71.21
10.62	71.21
10.91	55.95
11.13	50.86
11.33	71.21
11.62	45.78
11.8	-61.04
11.56	-239.06
10.6	-412
8.95	-325.53
7.65	-55.95
7.43	106.82
7.85	178.03
8.57	259.41
9.6	279.75
10.72	203.46
11.54	96.64
11.92	-5.09
11.9	-101.73
11.5	-162.77
10.84	-178.03
10.13	-147.51
9.54	-86.47
9.2	-15.26
9.14	45.78
9.32	96.64
9.7	111.9
10.15	96.64
10.54	71.21
10.82	30.52
10.95	-20.35
10.86	-55.95
10.64	-76.3
10.34	-71.21
10.05	-61.04
9.81	-35.61
9.66	0
9.66	20.35
9.75	40.69
9.91	50.86
10.11	50.86
10.32	25.43
10.42	10.17
10.46	-5.09
10.44	-25.43
10.34	-30.52
10.21	-30.52
10.09	-15.26
10.03	-5.09
10.01	5.09
10.03	15.26
10.09	20.35
10.17	20.35
10.25	15.26
10.32	5.09
10.34	0
10.34	-10.17
10.29	-10.17
10.25	-15.26
10.19	-10.17
10.15	0
10.15	0
10.15	10.17
10.19	10.17
10.23	15.26
10.29	10.17
10.34	10.17
10.38	10.17
10.42	0
10.42	0
10.42	0
10.42	0
10.42	-5.09
10.4	0
10.4	5.09
10.42	0
10.42	-5.09
10.4	0
10.4	0
10.4	5.09
10.42	5.09
10.44	0
10.44	5.09
10.46	10.17
10.5	5.09
10.52	0
10.52	10.17
10.56	10.17
10.6	0
10.6	-5.09
10.58	-5.09
10.56	0
10.56	0
10.56	-5.09
10.54	0
10.54	5.09
10.56	5.09
10.58	5.09
10.6	0
10.6	5.09
10.62	5.09
10.64	-5.09
10.62	-5.09
10.6	0
10.6	0
10.6	-5.09
10.58	0
10.58	5.09
10.6	-5.09
10.58	0
10.58	-5.09
10.56	-5.09
10.54	0
10.54	0
10.54	5.09
10.56	5.09
10.58	0
10.58	0
10.58	5.09
10.6	-5.09
10.58	-10.17
10.54	-10.17
10.5	-5.09
10.48	-10.17
10.44	-5.09
10.42	-5.09
10.4	5.09
10.42	10.17
10.46	30.52
10.58	50.86
10.78	76.3
11.09	71.21
11.37	45.78
11.56	45.78
11.74	30.52
11.86	10.17
11.9	-15.26
11.84	-20.35
11.76	-5.09
11.74	5.09
 11.76(E)	20.35
11.84	45.78
12.02	86.47
12.37	116.99
12.84	111.9
13.29	96.64
13.67	71.21
13.96	50.86
14.16	35.61
14.3	55.95
14.53	111.9
14.97	178.03
15.69	264.5
16.74	350.97
18.15	442.52
19.92	498.47
21.91	564.6
24.17	661.24
26.82	839.26
30.17	1113.93
34.63	1444.55
40.41	1795.52
47.59	1993.89
55.56	2004.06
63.58	2273.64
72.68	3011.18
84.72	3229.9
97.64	2207.52
106.47	930.82
110.19	-142.42
109.62	-1332.65
104.29	-1754.83
97.27	-1012.2
93.22	-45.78
93.04	661.24
95.69	1088.5
100.04	1205.49
104.86	956.25
108.69	467.95
110.56	-66.12
110.29	-442.52
108.52	-457.78
106.69	-157.68
106.06	233.98
107	681.58
109.72	1047.81
113.92	1164.8
118.58	961.34
122.42	513.73
124.48	91.56
124.84	-203.46
124.03	-356.05
122.6	-264.5
121.55	35.61
121.69	366.22
123.15	615.46
125.61	707.02
128.44	656.15
131.07	518.82
133.14	396.74
134.73	249.24
135.73	96.64
136.11	50.86
136.32	71.21
136.6	111.9
137.05	152.59
137.66	218.72
138.53	300.1
139.73	295.01
140.92	249.24
141.91	279.75
143.03	310.27
144.27	223.8
145.17	96.64
145.55	5.09
145.57	-35.61
145.43	10.17
145.47	81.38
145.8	122.07
146.29	193.29
147.06	233.98
148	132.25
148.52	15.26
148.59	5.09
148.61	5.09
148.63(S)	-30.52
148.5	-20.35
148.42	-45.78
148.24	-106.82
147.81	-147.51
147.22	-167.85
146.55	-183.11
145.82	-183.11
145.09	-178.03
144.37	-193.29
143.6	-218.72
142.73	-254.32
141.71	-315.36
140.45	-391.66
138.88	-467.95
137.01	-523.9
134.91	-579.86
132.59	-625.63
130.09	-656.15
127.47	-686.67
124.72	-696.84
121.93	-712.1
119.08	-717.19
116.22	-727.36
113.31	-635.81
110.76	-371.31
109.28	-116.99
108.81	-717.19
105.94	-2202.43
97.13	-2705.99
86.31	-2451.67
76.5	-2314.33
67.24	-2019.32
59.17	-1703.96
52.35	-1500.5
46.35	-1154.62
41.73	-747.71
38.74	-167.85
38.07	401.83
39.67	549.34
41.87	295.01
43.05	-167.85
42.38	-651.07
39.78	-1057.98
35.54	-1302.13
30.34	-1363.17
24.88	-1225.83
19.98	-976.6
16.07	-651.07
13.47	-340.79
12.11	-96.64
11.72	61.04
11.96	106.82
12.39	71.21
12.68	-40.69
12.51	-178.03
11.8	-289.93
10.64	-361.14
9.2	-371.31
7.71	-315.36
6.45	-208.54
5.62	-86.47
5.27	40.69
5.43	132.25
5.96	178.03
6.67	152.59
7.28	66.12
7.55	-50.86
7.34	-152.59
6.73	-178.03
6.02	-147.51
5.43	-111.9
4.98	-61.04
  4.74(D)	81.38
5.07	203.46
5.88	244.15
6.86	244.15
7.83	203.46
8.65	147.51
9.24	71.21
9.52	20.35
9.6	5.09
9.62	40.69
9.79	96.64
10.17	167.85
10.84	233.98
11.78	289.93
12.94	295.01
14.12	295.01
15.3	305.19
 16.52(E)	356.05
17.94	427.26
19.65	534.08
21.79	661.24
24.44	783.31
27.57	930.82
31.29	1083.41
35.63	1134.28
40.16	1078.33
44.48	986.77
48.42	879.96
51.94	793.49
55.12	768.05
58.19	788.4
61.34	839.26
64.7	879.96
68.22	951.17
72.02	1037.64
76.17	1078.33
80.49	1022.38
84.58	925.73
88.28	1057.98
92.51	1469.98
98.39	1276.7
103.5	732.45
106.43	590.03
108.79	437.43
110.54	40.69
110.7	-274.67
109.6	-340.79
108.24	-244.15
107.26	-81.38
106.94	81.38
107.26	178.03
107.98	183.11
108.71	137.33
109.26	101.73
109.66	111.9
110.11	152.59
110.72	203.46
111.54	233.98
112.47	244.15
113.45	223.8
114.34	188.2
115.1	137.33
115.65	76.3
115.95	30.52
116.07	15.26
116.13	35.61
116.28	66.12
116.54	101.73
116.95	116.99
117.42	127.16
117.92	116.99
118.39	91.56
118.76	40.69
118.92	15.26
118.98	-5.09
118.96	-35.61
118.82	-61.04
118.58	-71.21
118.29	-71.21
118.01	-76.3
117.7	-91.56
117.33	-106.82
116.91	-137.33
116.36	-188.2
115.6	-233.98
114.67	-284.84
113.53	-330.62
112.21	-366.22
110.74	-396.74
109.16	-432.35
107.43	-467.95
105.55	-483.21
103.62	-518.82
101.55	-549.34
99.35	-579.86
97.03	-574.77
94.73	-544.25
92.55	-508.65
90.52	-518.82
88.44	-356.05
87.02	-350.97
85.62	-1266.53
80.55	-2222.78
71.66	-2105.79
63.23	-1571.71
56.95	-1322.48
51.66	-1200.4
46.86	-1007.12
42.83	-712.1
39.98	-508.65
37.94	-406.92
36.32	-284.84
35.18	-203.46
34.36	-208.54
33.53	-254.32
32.51	-300.1
31.31	-386.57
29.77	-498.47
27.77	-584.94
25.43	-661.24
22.79	-681.58
20.06	-625.63
17.56	-523.9
15.46	-401.83
13.86	-249.24
12.86	-122.07
12.37	-25.43
12.27	20.35
12.35	25.43
12.45	-5.09
12.43	-40.69
12.27	-86.47
11.92	-132.25
11.39	-157.68
10.76	-152.59
10.15	-147.51
9.56	-162.77
8.91	-178.03
8.2	-142.42
7.63	-86.47
7.28	-50.86
7.08	-15.26
  7.02(D)	30.52
7.14	66.12
7.41	81.38
7.73	111.9
8.18	127.16
8.69	127.16
9.2	106.82
9.62	86.47
9.97	45.78
10.15	10.17
10.19	-15.26
10.13	-25.43
10.03	-15.26
9.97	15.26
10.03	40.69
10.19	81.38
10.52	96.64
10.91	101.73
11.31	81.38
11.64	55.95
11.86	25.43
11.96	10.17
12	-10.17
11.96	-5.09
11.94	10.17
11.98	5.09
12	-10.17
11.96	-5.09
11.94	5.09
11.96	10.17
12	10.17
12.04	10.17
12.09	25.43
12.19	30.52
12.31	25.43
12.41	20.35
12.49	15.26
12.55	10.17
12.59	5.09
12.61	0
12.61	0
12.61	0
12.61	20.35
12.7	20.35
12.78	20.35
12.86	25.43
12.96	15.26
13.02	15.26
13.08	20.35
13.16	25.43
13.27	20.35
13.35	10.17
13.39	-25.43
13.29	-45.78
13.1	-45.78
12.92	-25.43
12.82	-5.09
12.8	35.61
12.94	116.99
13.41	239.06
14.36	391.66
15.93	259.41
16.97	-203.46
16.15	-630.72
13.63	-732.45
10.7	-493.39
8.73	-116.99
8.26	193.29
9.03	406.92
10.66	528.99
12.78	523.9
14.87	376.4
16.38	167.85
17.05	-45.78
16.87	-218.72
15.99	-320.45
14.71	-340.79
13.35	-289.93
12.19	-162.77
11.54	-25.43
11.43	106.82
11.86	203.46
12.68	233.98
13.61	218.72
14.49	147.51
15.08	55.95
15.3	-45.78
15.12	-122.07
14.63	-152.59
14.02	-152.59
13.41	-111.9
12.96	-55.95
12.74	10.17
12.78	66.12
13.04	96.64
13.43	106.82
13.86	91.56
14.22	55.95
14.45	25.43
14.55	-25.43
14.45	-50.86
14.24	-66.12
13.98	-55.95
13.75	-40.69
13.59	-20.35
13.51	10.17
13.55	30.52
13.67	45.78
13.86	50.86
14.06	35.61
14.2	20.35
14.28	5.09
14.3	-10.17
14.26	-20.35
14.18	-20.35
14.1	-20.35
14.02	-15.26
13.96	-5.09
13.94	5.09
13.96	10.17
14	20.35
14.08	20.35
14.16	15.26
14.22	10.17
14.26	5.09
14.28	-5.09
14.26	-5.09
14.24	-10.17
14.2	-5.09
14.18	-5.09
14.16	0
14.16	10.17
14.2	10.17
14.24	10.17
14.28	10.17
14.32	15.26
14.38	5.09
14.4	-5.09
14.38	-10.17
14.34	-5.09
14.32	-10.17
14.28	0
14.28	0
14.28	5.09
14.3	15.26
14.36	25.43
14.47	30.52
14.59	30.52
14.71	25.43
14.81	5.09
14.83	0
14.83	10.17
14.87	15.26
14.93	30.52
15.06	50.86
15.26	55.95
15.48	86.47
15.83	116.99
16.3	137.33
16.85	147.51
17.44	152.59
18.05	147.51
18.64	147.51
19.23	157.68
19.86	167.85
20.53	162.77
21.18	137.33
21.73	101.73
22.14	86.47
22.48	66.12
22.75	66.12
23.01	66.12
23.28	66.12
23.54	81.38
23.87	96.64
24.25	147.51
 24.84(E)	223.8
25.74	300.1
26.94	381.48
28.46	473.04
30.36	590.03
32.72	778.23
35.83	1052.9
40.04	1373.34
45.53	1642.92
52.11	1856.55
59.53	1973.54
67.43	2324.51
76.72	3092.56
89.09	3168.86
101.77	1831.12
109.09	274.67
110.19	-742.62
107.22	-1429.29
101.51	-1525.93
95.4	-925.73
91.7	-71.21
91.41	737.54
94.36	1317.39
99.63	1505.59
105.66	1271.61
110.74	707.02
113.57	35.61
113.71	-498.47
111.72	-686.67
108.97	-513.73
106.92	-66.12
106.65	498.47
108.65	1068.15
112.92	1414.03
118.58	1424.21
124.27	1083.41
128.61	498.47
130.6	-50.86
130.4	-412
128.75	-493.39
126.77	-320.45
125.49	-5.09
125.47	366.22
126.94	712.1
129.79	900.3
133.39	839.26
136.74	645.98
139.33	417.09
141	152.59
141.61	-25.43
141.51	-45.78
141.32	0
141.32	116.99
141.79	269.58
142.87	396.74
144.46	483.21
146.39	523.9
148.48	503.56
150.5	366.22
151.96	188.2
152.72	91.56
153.08	45.78
153.26	-15.26
153.2	25.43
153.31	157.68
153.94	259.41
154.97	254.32
155.99	178.03
156.7	76.3
157.01	5.09
157.03	20.35
157.11	86.47
157.46	101.73
157.86	45.78
158.05(S)	0
158.05	-20.35
157.96	-35.61
157.82	-71.21
157.54	-81.38
157.21	-76.3
156.91	-71.21
156.62	-81.38
156.3	-122.07
155.81	-172.94
155.12	-208.54
154.28	-249.24
153.29	-274.67
152.19	-295.01
151.01	-300.1
149.81	-325.53
148.5	-356.05
147.08	-391.66
145.51	-432.35
143.78	-478.13
141.87	-534.08
139.73	-574.77
137.44	-610.37
134.99	-645.98
132.41	-671.41
129.72	-671.41
127.04	-666.32
124.37	-712.1
121.53	-798.57
118.33	-762.97
115.28	-518.82
113.2	-152.59
112.59	-503.56
110.58	-1749.74
103.58	-2405.89
93.96	-2461.84
84.11	-2527.97
74	-2349.94
64.6	-2029.49
56.48	-1693.79
49.7	-1180.06
44.98	-651.07
42.38	-279.75
41.26	0
41.26	228.89
42.18	193.29
42.95	-300.1
41.75	-996.94
37.76	-1322.48
32.47	-1205.49
27.65	-1017.29
23.58	-808.75
20.35	-528.99
18.23	-259.41
17.19	-91.56
16.83	-5.09
16.81	20.35
16.89	-15.26
16.83	-81.38
16.5	-152.59
15.89	-193.29
15.12	-178.03
14.4	-86.47
14.06	40.69
 14.22(E)	178.03
14.93	295.01
16.11	391.66
17.68	452.69
19.49	493.39
21.46	508.65
23.5	508.65
25.53	513.73
27.59	513.73
29.64	523.9
31.74	549.34
33.94	610.37
36.38	727.36
39.29	864.7
42.75	971.51
46.63	971.51
50.52	895.22
54.1	839.26
57.46	849.44
60.85	885.04
64.39	910.47
68.04	905.39
71.66	905.39
75.28	910.47
78.92	859.61
82.36	768.05
85.43	666.32
88.1	590.03
90.46	523.9
92.55	498.47
94.55	671.41
97.23	1154.62
101.85	1353
107.26	966.43
111.13	412
112.78	-10.17
112.74	-228.89
111.82	-289.93
110.66	-254.32
109.64	-223.8
108.75	-188.2
108	-76.3
107.69	10.17
107.73	15.26
107.79	0
107.79	15.26
107.85	50.86
108.06	61.04
108.3	66.12
108.57	71.21
108.85	61.04
109.09	40.69
109.26	10.17
109.3	-35.61
109.16	-71.21
108.87	-111.9
108.42	-132.25
107.89	-142.42
107.32	-152.59
106.71	-157.68
106.08	-183.11
105.35	-203.46
104.54	-239.06
103.58	-284.84
102.44	-330.62
101.12	-366.22
99.65	-406.92
98.03	-432.35
96.3	-467.95
94.42	-493.39
92.45	-513.73
90.4	-498.47
88.4	-447.61
86.61	-361.14
85.17	-335.71
83.82	-254.32
82.81	-71.21
82.52	-366.22
81.06	-1353
75.65	-2253.3
66.63	-2517.79
56.56	-2263.47
47.51	-1714.13
40.65	-1057.98
36.42	-376.4
34.91	264.5
35.97	686.67
38.72	737.54
41.67	432.35
43.4	-66.12
43.13	-605.29
40.71	-1047.81
36.52	-1312.3
31.27	-1337.74
25.92	-1164.8
21.26	-864.7
17.8	-503.56
15.79	-162.77
15.14	91.56
15.5	228.89
16.42	228.89
17.33	132.25
17.86	-15.26
17.8	-178.03
17.09	-284.84
15.95	-340.79
14.59	-330.62
13.27	-279.75
12.15	-198.37
11.35	-101.73
10.95	-20.35
10.86	15.26
10.93	15.26
10.99	-15.26
10.93	-55.95
10.7	-116.99
10.23	-162.77
9.58	-193.29
8.81	-213.63
7.96	-218.72
7.08	-193.29
6.31	-127.16
5.8	-5.09
  5.78(D)	142.42
6.35	274.67
7.45	371.31
8.93	391.66
10.5	345.88
11.88	233.98
12.82	66.12
13.08	-96.64
12.7	-208.54
11.86	-254.32
10.84	-223.8
9.95	-137.33
9.4	-35.61
9.26	66.12
9.52	137.33
10.07	183.11
10.8	183.11
11.54	147.51
12.13	96.64
12.51	45.78
12.7	-20.35
12.61	-81.38
12.29	-116.99
11.82	-116.99
11.35	-86.47
11.01	-45.78
10.82	15.26
10.89	66.12
11.15	96.64
11.54	122.07
12.02	208.54
12.86	249.24
13.86	106.82
14.28	-218.72
13.41	-544.25
11.23	-544.25
9.05	-233.98
8.12	45.78
8.3	193.29
9.07	330.62
10.4	391.66
11.96	350.97
13.37	228.89
14.28	76.3
14.59	-71.21
14.3	-183.11
13.57	-228.89
12.66	-218.72
11.78	-152.59
11.17	-66.12
10.91	30.52
11.03	106.82
11.45	157.68
12.09	162.77
12.74	132.25
13.27	71.21
13.55	5.09
13.57	-45.78
13.39	-86.47
13.04	-106.82
12.61	-96.64
12.23	-55.95
12	-15.26
11.94	25.43
12.04	61.04
12.29	81.38
12.61	76.3
12.92	55.95
13.14	25.43
13.25	0
13.25	-25.43
13.14	-50.86
12.94	-45.78
12.76	-35.61
12.61	-20.35
12.53	-5.09
12.51	15.26
12.57	30.52
12.7	35.61
12.84	25.43
12.94	20.35
13.02	10.17
13.06	0
13.06	-10.17
13.02	-15.26
12.96	-15.26
12.9	-10.17
12.86	-10.17
12.82	0
12.82	10.17
12.86	10.17
12.9	15.26
12.96	15.26
13.02	15.26
13.08	10.17
13.12	5.09
13.14	5.09
13.16	-5.09
13.14	0
13.14	-5.09
13.12	0
13.12	5.09
13.14	0
13.14	0
13.14	5.09
13.16	5.09
13.18	0
13.18	5.09
13.2	5.09
13.22	0
13.22	0
13.22	0
13.22	-5.09
13.2	0
13.2	0
13.2	0
13.2	0
13.2	5.09
13.22	5.09
13.25	5.09
13.27	5.09
13.29	5.09
13.31	0
13.31	-5.09
13.29	0
13.29	5.09
13.31	0
13.31	5.09
13.33	5.09
13.35	0
13.35	5.09
13.37	0
13.37	0
13.37	0
13.37	5.09
13.39	5.09
13.41	0
13.41	0
13.41	  N/A
10.95	0
10.95	5.09
10.97	0
10.97	0
10.97	0
10.97	-5.09
10.95	5.09
10.97	0
10.97	0
10.97	0
10.97	5.09
10.99	0
10.99	0
10.99	0
10.99	0
10.99	0
10.99	0
10.99	0
10.99	0
10.99	0
10.99	0
10.99	0
10.99	0
10.99	0
10.99	0
10.99	0
10.99	0
10.99	0
10.99	5.09
11.01	0
11.01	-5.09
10.99	0
10.99	5.09
11.01	0
11.01	-5.09
10.99	0
10.99	0
10.99	0
10.99	0
10.99	0
10.99	-5.09
10.97	5.09
10.99	0
10.99	-5.09
10.97	0
10.97	0
10.97	0
10.97	0
10.97	0
10.97	0
10.97	0
10.97	0
10.97	5.09
10.99	0
10.99	0
10.99	0
10.99	0
10.99	5.09
11.01	0
11.01	0
11.01	0
11.01	0
11.01	0
11.01	0
11.01	0
11.01	0
11.01	0
11.01	-5.09
10.99	0
10.99	0
10.99	0
10.99	0
10.99	0
10.99	0
10.99	0
10.99	0
10.99	0
10.99	-5.09
10.97	0
10.97	0
10.97	0
10.97	0
10.97	0
10.97	-5.09
10.95	5.09
10.97	0
10.97	-5.09
10.95	5.09
10.97	0
10.97	-5.09
10.95	0
10.95	0
10.95	0
10.95	0
10.95	0
10.95	0
10.95	0
10.95	0
10.95	5.09
10.97	-5.09
10.95	0
10.95	0
10.95	0
10.95	0
10.95	0
10.95	5.09
10.97	0
10.97	0
10.97	0
10.97	5.09
10.99	0
10.99	-5.09
10.97	5.09
10.99	0
10.99	0
10.99	0
10.99	5.09
11.01	0
11.01	5.09
11.03	-5.09
11.01	0
11.01	0
11.01	5.09
11.03	-5.09
11.01	0
11.01	0
11.01	0
11.01	-5.09
10.99	5.09
11.01	0
11.01	0
11.01	-5.09
10.99	0
10.99	-5.09
10.97	0
10.97	-5.09
10.95	0
10.95	-5.09
10.93	0
10.93	0
10.93	0
10.93	-5.09
10.91	-5.09
10.89	0
10.89	0
10.89	-5.09
10.86	5.09
10.89	0
10.89	0
10.89	0
10.89	5.09
10.91	0
10.91	5.09
10.93	0
10.93	5.09
10.95	5.09
10.97	5.09
10.99	5.09
11.01	0
11.01	5.09
11.03	5.09
11.05	5.09
11.07	5.09
11.09	0
11.09	5.09
11.11	5.09
11.13	0
11.13	0
11.13	0
11.13	-5.09
11.11	5.09
11.13	0
11.13	-5.09
11.11	-5.09
11.09	0
11.09	-5.09
11.07	0
11.07	-5.09
11.05	-5.09
11.03	-5.09
11.01	0
11.01	-5.09
10.99	-10.17
10.95	-5.09
10.93	0
10.93	-10.17
10.89	0
10.89	-5.09
10.86	0
10.86	-5.09
10.84	0
10.84	-5.09
10.82	0
10.82	-5.09
10.8	0
10.8	5.09
10.82	0
10.82	-5.09
10.8	5.09
10.82	5.09
10.84	0
10.84	0
10.84	5.09
10.86	5.09
10.89	0
10.89	5.09
10.91	10.17
10.95	5.09
10.97	0
10.97	5.09
10.99	0
10.99	5.09
11.01	5.09
11.03	0
11.03	5.09
11.05	0
11.05	5.09
11.07	0
11.07	0
11.07	0
11.07	0
11.07	-5.09
11.05	0
11.05	5.09
11.07	-5.09
11.05	0
11.05	-5.09
11.03	0
11.03	-5.09
11.01	0
11.01	-5.09
10.99	0
10.99	-5.09
10.97	-5.09
10.95	0
10.95	-5.09
10.93	0
10.93	-5.09
10.91	0
10.91	0
10.91	-5.09
10.89	0
10.89	0
10.89	0
10.89	0
10.89	0
10.89	0
10.89	5.09
10.91	5.09
10.93	5.09
10.95	0
10.95	0
10.95	5.09
10.97	0
10.97	5.09
10.99	5.09
11.01	0
11.01	-5.09
10.99	5.09
11.01	0
11.01	0
11.01	0
11.01	0
11.01	5.09
11.03	0
11.03	0
11.03	0
11.03	0
11.03	0
11.03	0
11.03	0
11.03	0
11.03	0
11.03	0
11.03	-5.09
11.01	0
11.01	-5.09
10.99	0
10.99	-5.09
10.97	0
10.97	-5.09
10.95	0
10.95	-5.09
10.93	0
10.93	-5.09
10.91	0
10.91	-5.09
10.89	0
10.89	-5.09
10.86	5.09
10.89	0
10.89	-5.09
10.86	0
10.86	5.09
10.89	0
10.89	-5.09
10.86	0
10.86	5.09
10.89	0
10.89	0
10.89	0
10.89	0
10.89	0
10.89	5.09
10.91	0
10.91	5.09
10.93	0
10.93	5.09
10.95	0
10.95	5.09
10.97	0
10.97	5.09
10.99	-5.09
10.97	0
10.97	0
10.97	5.09
10.99	5.09
11.01	0
11.01	0
11.01	0
11.01	0
11.01	0
11.01	0
11.01	0
11.01	0
11.01	0
11.01	0
11.01	-5.09
10.99	0
10.99	0
10.99	0
10.99	0
10.99	-5.09
10.97	-5.09
10.95	0
10.95	0
10.95	-5.09
10.93	5.09
10.95	0
10.95	-5.09
10.93	0
10.93	5.09
10.95	-5.09
10.93	0
10.93	0
10.93	5.09
10.95	0
10.95	0
10.95	-5.09
10.93	5.09
10.95	0
10.95	0
10.95	0
10.95	0
10.95	0
10.95	0
10.95	0
10.95	0
10.95	5.09
10.97	0
10.97	0
10.97	0
10.97	5.09
10.99	0
10.99	-5.09
10.97	0
10.97	0
10.97	0
10.97	0
10.97	0
10.97	0
10.97	0
10.97	0
10.97	-5.09
10.95	0
10.95	5.09
10.97	-5.09
10.95	0
10.95	0
10.95	0
10.95	0
10.95	-5.09
10.93	0
10.93	0
10.93	0
10.93	0
10.93	0
10.93	0
10.93	-5.09
10.91	5.09
10.93	0
10.93	0
10.93	5.09
10.95	0
10.95	0
10.95	0
10.95	-5.09
10.93	5.09
10.95	0
10.95	0
10.95	0
10.95	0
10.95	0
10.95	5.09
10.97	0
10.97	0
10.97	0
10.97	0
10.97	0
10.97	0
10.97	5.09
10.99	0
10.99	0
10.99	0
10.99	0
10.99	0
10.99	0
10.99	0
10.99	0
10.99	0
10.99	-5.09
10.97	0
10.97	5.09
10.99	0
10.99	-5.09
10.97	0
10.97	0
10.97	0
10.97	-5.09
10.95	-5.09
10.93	0
10.93	0
10.93	0
10.93	0
10.93	0
10.93	0
10.93	0
10.93	0
10.93	5.09
10.95	0
10.95	0
10.95	-5.09
10.93	5.09
10.95	0
10.95	0
10.95	0
10.95	0
10.95	0
10.95	0
10.95	0
10.95	0
10.95	0
10.95	0
10.95	0
10.95	5.09
10.97	0
10.97	-5.09
10.95	5.09
10.97	0
10.97	0
10.97	-5.09
10.95	0
10.95	0
10.95	0
10.95	0
10.95	0
10.95	0
10.95	0
10.95	0
10.95	-5.09
10.93	0
10.93	0
10.93	0
10.93	5.09
10.95	0
10.95	0
10.95	5.09
10.97	-5.09
10.95	0
10.95	0
10.95	0
10.95	5.09
10.97	-5.09
10.95	0
10.95	0
10.95	0
10.95	-5.09
10.93	0
10.93	0
10.93	0
10.93	5.09
10.95	-5.09
10.93	0
10.93	0
10.93	0
10.93	0
10.93	0
10.93	5.09
10.95	5.09
10.97	-5.09
10.95	0
10.95	0
10.95	0
10.95	5.09
10.97	0
10.97	0
10.97	0
10.97	0
10.97	5.09
10.99	0
10.99	0
10.99	0
10.99	0
10.99	5.09
11.01	0
11.01	0
11.01	5.09
11.03	0
11.03	-5.09
11.01	0
11.01	5.09
11.03	0
11.03	0
11.03	5.09
11.05	5.09
11.07	5.09
11.09	15.26
11.15	10.17
11.19	10.17
11.23	-5.09
11.21	-10.17
11.17	0
11.17	5.09
11.19	0
11.19	0
11.19	-20.35
11.11	0
11.11	-10.17
11.07	-15.26
11.01	-5.09
10.99	30.52
11.11	-40.69
10.95	-66.12
10.68	-10.17
10.64	25.43
10.74	30.52
10.86	-20.35
10.78	-35.61
10.64	0
10.64	20.35
10.72	10.17
10.76	-10.17
10.72	-25.43
10.62	10.17
10.66	25.43
10.76	10.17
10.8	0
10.8	-5.09
10.78	-5.09
10.76	5.09
10.78	10.17
10.82	5.09
10.84	0
10.84	5.09
10.86	10.17
10.91	0
10.91	-5.09
10.89	10.17
10.93	10.17
10.97	-5.09
10.95	-10.17
10.91	5.09
10.93	-5.09
10.91	0
10.91	5.09
10.93	0
10.93	-10.17
10.89	-10.17
10.84	-10.17
10.8	5.09
10.82	5.09
10.84	5.09
10.86	-5.09
10.84	-5.09
10.82	-5.09
10.8	0
10.8	15.26
10.86	5.09
10.89	0
10.89	-5.09
10.86	-5.09
10.84	0
10.84	10.17
10.89	5.09
10.91	5.09
10.93	-5.09
10.91	-5.09
10.89	0
10.89	5.09
10.91	5.09
10.93	0
10.93	0
10.93	-5.09
10.91	0
10.91	0
10.91	5.09
10.93	5.09
10.95	-5.09
10.93	-5.09
10.91	-5.09
10.89	0
10.89	15.26
10.95	0
10.95	0
10.95	-10.17
10.91	0
10.91	0
10.91	10.17
10.95	5.09
10.97	5.09
10.99	5.09
11.01	-5.09
10.99	5.09
11.01	5.09
11.03	10.17
11.07	10.17
11.11	-10.17
11.07	-10.17
11.03	0
11.03	10.17
11.07	0
11.07	-5.09
11.05	0
11.05	-5.09
11.03	0
11.03	5.09
11.05	0
11.05	10.17
11.09	-5.09
11.07	-10.17
11.03	-5.09
11.01	5.09
11.03	5.09
11.05	5.09
11.07	0
11.07	-10.17
11.03	0
11.03	0
11.03	5.09
11.05	5.09
11.07	0
11.07	-5.09
11.05	-5.09
11.03	0
11.03	5.09
11.05	0
11.05	5.09
11.07	-10.17
11.03	-5.09
11.01	0
11.01	5.09
11.03	5.09
11.05	0
11.05	-5.09
11.03	0
11.03	0
11.03	0
11.03	10.17
11.07	-5.09
11.05	-5.09
11.03	-5.09
11.01	0
11.01	5.09
11.03	5.09
11.05	0
11.05	0
11.05	-5.09
11.03	-5.09
11.01	5.09
11.03	0
11.03	5.09
11.05	-5.09
11.03	-5.09
11.01	5.09
11.03	-5.09
11.01	10.17
11.05	-5.09
11.03	0
11.03	0
11.03	5.09
11.05	-5.09
11.03	5.09
11.05	0
11.05	0
11.05	-5.09
11.03	0
11.03	0
11.03	5.09
11.05	0
11.05	5.09
11.07	-5.09
11.05	0
11.05	-15.26
10.99	5.09
11.01	5.09
11.03	5.09
11.05	0
11.05	-5.09
11.03	0
11.03	-5.09
11.01	5.09
11.03	0
11.03	5.09
11.05	-5.09
11.03	0
11.03	-5.09
11.01	0
11.01	5.09
11.03	-5.09
11.01	5.09
11.03	0
11.03	0
11.03	0
11.03	-5.09
11.01	10.17
11.05	-10.17
11.01	0
11.01	0
11.01	5.09
11.03	0
11.03	0
11.03	-5.09
11.01	0
11.01	0
11.01	0
11.01	5.09
11.03	0
11.03	0
11.03	-5.09
11.01	0
11.01	-5.09
10.99	10.17
11.03	0
11.03	0
11.03	-10.17
10.99	0
10.99	5.09
11.01	0
11.01	0
11.01	0
11.01	0
11.01	0
11.01	-5.09
10.99	0
10.99	-5.09
10.97	5.09
10.99	5.09
11.01	0
11.01	-5.09
10.99	-10.17
10.95	0
10.95	0
10.95	5.09
10.97	-5.09
10.95	0
10.95	-5.09
10.93	-5.09
10.91	5.09
10.93	0
10.93	10.17
10.97	0
10.97	10.17
11.01	-10.17
10.97	-30.52
10.84	61.04
11.09	35.61
11.23	5.09
11.25	20.35
11.33	-20.35
11.25	-122.07
10.76	0
10.76	40.69
10.93	30.52
11.05	10.17
11.09	0
11.09	-30.52
10.97	-15.26
10.91	15.26
10.97	10.17
11.01	5.09
11.03	-5.09
11.01	-5.09
10.99	-5.09
10.97	-5.09
10.95	15.26
11.01	0
11.01	0
11.01	0
11.01	-10.17
10.97	-5.09
10.95	5.09
10.97	10.17
11.01	0
11.01	-5.09
10.99	-5.09
10.97	0
10.97	0
10.97	5.09
10.99	5.09
11.01	-5.09
10.99	-5.09
10.97	0
10.97	0
10.97	25.43
11.07	-20.35
10.99	0
10.99	-5.09
10.97	0
10.97	0
10.97	10.17
11.01	5.09
11.03	35.61
11.17	0
11.17	233.98
12.11	-549.34
9.91	-5.09
9.89	-91.56
9.52	-335.71
8.18	544.25
10.36	2070.19
18.64	-849.44
15.24	2558.48
25.47	-4130.2
8.95	-3804.66
-6.27	4033.55
9.87	-4206.49
-6.96	12349.9
42.44	-5366.2
20.98	1414.03
26.63	6368.24
52.11	11047.77
96.3	269.58
97.37	4425.21
115.08	2461.84
124.92	2212.61
133.77	2558.48
144.01	1088.5
148.36	605.29
150.78(S)	-722.28
147.89	-2365.2
138.43	-3840.27
123.07	-6475.05
97.17	-13758.85
42.14	-4720.23
23.26	-2166.83
14.59	-1134.28
10.05	-244.15
9.07	279.75
10.19	137.33
10.74	239.06
11.7	-116.99
11.23	35.61
11.37	193.29
12.15	86.47
12.49	-289.93
11.33	101.73
11.74	406.92
13.37	732.45
16.3	345.88
17.68	1617.49
24.15	8443.51
57.92	12136.27
106.47	-406.92
104.84	2451.67
114.65	3011.18
126.69	1820.95
133.98	1800.6
141.18	1541.19
147.34	503.56
149.36	-401.83
147.75	-2110.88
139.31	-4379.43
121.79	-6129.17
97.27	-14252.23
40.26	-2700.9
29.46	-4526.94
11.35	-310.27
 10.11(E)	2421.15
19.8	5890.11
43.36	7222.76
72.25	6373.32
97.74	2777.2
108.85	-1317.39
103.58	773.14
106.67	-752.79
103.66	-2446.58
93.88	-3184.12
81.14	-9903.32
41.53	-2787.37
30.38	-3875.87
14.87	-1286.87
9.73	-768.05
6.65	-625.63
  4.15(D)	742.62
7.12	167.85
7.79	371.31
9.28	-198.37
8.48	284.84
9.62	30.52
9.75	162.77
10.4	193.29
11.17	-381.48
9.64	122.07
10.13	10.17
10.17	111.9
10.62	15.26
10.68	-198.37
9.89	10.17
9.93	5.09
9.95	10.17
9.99	15.26
10.05	10.17
10.09	20.35
10.17	20.35
10.25	25.43
10.36	25.43
10.46	25.43
10.56	25.43
10.66	25.43
10.76	15.26
10.82	5.09
10.84	5.09
10.86	0
10.86	-10.17
10.82	0
10.82	5.09
10.84	15.26
10.91	20.35
10.99	20.35
11.07	20.35
11.15	20.35
11.23	10.17
11.27	10.17
11.31	10.17
11.35	-5.09
11.33	-10.17
11.29	0
11.29	5.09
11.31	0
11.31	5.09
11.33	0
11.33	0
11.33	0
11.33	5.09
11.35	5.09
11.37	0
11.37	5.09
11.39	5.09
11.41	-5.09
11.39	-10.17
11.35	5.09
11.37	5.09
11.39	-5.09
11.37	-5.09
11.35	5.09
11.37	10.17
11.41	10.17
11.45	25.43
11.56	30.52
11.68	25.43
11.78	35.61
11.92	45.78
12.11	40.69
12.27	25.43
12.37	20.35
12.45	15.26
12.51	30.52
12.63	20.35
12.72	15.26
12.78	25.43
12.88	25.43
12.98	30.52
13.1	35.61
13.25	50.86
13.45	50.86
13.65	61.04
13.9	91.56
14.26	132.25
14.79	188.2
 15.54(E)	239.06
16.5	274.67
17.6	320.45
18.88	356.05
20.31	386.57
21.85	422.18
23.54	508.65
25.57	696.84
28.36	920.65
32.04	1078.33
36.36	1149.54
40.96	1246.18
45.94	1571.71
52.23	2273.64
61.32	3011.18
73.37	2833.15
84.7	2024.41
92.8	1739.57
99.76	1190.23
104.52	208.54
105.35	-259.41
104.31	-325.53
103.01	-401.83
101.4	-366.22
99.94	-228.89
99.02	-50.86
98.82	116.99
99.29	188.2
100.04	233.98
100.98	305.19
102.2	391.66
103.76	493.39
105.74	620.55
108.22	666.32
110.88	620.55
113.37	508.65
115.4	406.92
117.03	295.01
118.21	178.03
118.92	157.68
119.55	244.15
120.53	361.14
121.97	427.26
123.68	467.95
125.55	437.43
127.3	432.35
129.03	371.31
130.52	284.84
131.66	264.5
132.72	239.06
133.67	183.11
134.4	147.51
134.99	172.94
135.69	208.54
136.52	223.8
137.42	233.98
138.35	269.58
139.43	320.45
140.71	305.19
141.93	228.89
142.85	127.16
143.36	111.9
143.8	122.07
144.29	127.16
144.8	122.07
145.29	127.16
145.8	172.94
146.49	203.46
147.3	172.94
148	96.64
148.38	71.21
148.67	147.51
149.26	178.03
149.97	116.99
150.44	25.43
150.54(S)	-45.78
150.36	-86.47
150.01	-111.9
149.56	-116.99
149.09	-111.9
148.65	-132.25
148.12	-147.51
147.53	-157.68
146.9	-193.29
146.12	-228.89
145.21	-269.58
144.13	-289.93
142.97	-305.19
141.75	-315.36
140.49	-305.19
139.27	-300.1
138.07	-325.53
136.76	-371.31
135.28	-452.69
133.47	-549.34
131.27	-630.72
128.75	-686.67
126	-737.54
123.05	-818.92
119.78	-778.23
116.66	-513.73
114.61	-315.36
113.35	-1017.29
109.28	-1866.73
101.81	-1943.02
94.04	-1922.68
86.35	-1876.9
78.84	-1617.49
72.37	-1439.47
66.61	-1363.17
61.16	-1174.97
56.46	-1007.12
52.43	-946.08
48.65	-874.87
45.15	-793.49
41.97	-727.36
39.06	-635.81
36.52	-528.99
34.4	-473.04
32.51	-447.61
30.72	-442.52
28.95	-462.87
27.1	-483.21
25.17	-467.95
23.3	-442.52
21.53	-406.92
19.9	-361.14
18.45	-330.62
17.13	-289.93
15.97	-239.06
15.02	-208.54
14.18	-183.11
13.45	-157.68
12.82	-147.51
12.23	-132.25
11.7	-122.07
11.21	-101.73
10.8	-76.3
10.5	-71.21
10.21	-61.04
9.97	-50.86
9.77	-10.17
  9.73(D)	45.78
9.91	116.99
10.38	213.63
11.23	305.19
12.45	381.48
13.98	447.61
15.77	452.69
17.58	406.92
19.21	340.79
20.57	269.58
21.65	198.37
22.44	116.99
22.91	40.69
23.07	-61.04
22.83	-167.85
22.16	-228.89
21.24	-269.58
20.16	-315.36
18.9	-345.88
17.52	-345.88
16.13	-315.36
14.87	-259.41
13.84	-203.46
13.02	-142.42
12.45	-71.21
12.17	-5.09
12.15	25.43
12.25	10.17
12.29	15.26
12.35	15.26
12.41	5.09
12.43	0
12.43	10.17
12.47	10.17
12.51	-10.17
12.47	-66.12
12.21	-116.99
11.74	-111.9
11.29	-81.38
10.97	-40.69
10.8	10.17
10.84	66.12
11.11	91.56
11.48	96.64
11.86	71.21
12.15	20.35
12.23	-15.26
12.17	-45.78
11.98	-50.86
11.78	-5.09
11.76	71.21
12.04	132.25
12.57	178.03
13.29	218.72
14.16	228.89
15.08	223.8
15.97	208.54
16.81	167.85
17.48	147.51
18.07	157.68
18.7	188.2
19.45	193.29
20.22	178.03
20.94	178.03
21.65	178.03
22.36	188.2
23.11	188.2
23.87	167.85
24.54	132.25
25.07	96.64
25.45	96.64
25.84	96.64
26.23	106.82
 26.65(E)	86.47
27	66.12
27.26	81.38
27.59	106.82
28.02	172.94
28.71	284.84
29.85	442.52
31.62	661.24
34.26	895.22
37.84	1073.24
42.14	1210.58
46.98	1220.75
51.86	1047.81
56.05	849.44
59.45	849.44
62.85	996.94
66.84	1480.16
72.76	2334.68
82.1	2878.93
93.61	2370.29
103.09	1581.89
109.42	1322.48
114.71	1134.28
119.25	228.89
120.16	-1210.58
115.32	-1648.01
108.73	-839.26
105.37	-96.64
104.98	289.93
106.14	595.11
108.52	762.97
111.58	651.07
114.18	300.1
115.38	-40.69
115.22	-223.8
114.32	-127.16
113.81	264.5
114.87	757.88
117.9	1139.36
122.46	1200.4
127.26	956.25
131.09	564.6
133.35	152.59
133.96	-76.3
133.65	-157.68
133.02	-157.68
132.39	-71.21
132.11	76.3
132.41	239.06
133.37	376.4
134.87	417.09
136.54	427.26
138.25	432.35
139.98	361.14
141.42	295.01
142.6	264.5
143.66	259.41
144.7	284.84
145.84	274.67
146.94	218.72
147.81	142.42
148.38	91.56
148.75	45.78
148.93	50.86
149.13	86.47
149.48	137.33
150.03	193.29
150.8	239.06
151.76	228.89
152.67	183.11
153.41	127.16
153.92	111.9
154.36	137.33
154.91	157.68
155.54	132.25
156.07	96.64
156.46	61.04
156.7	40.69
156.87	20.35
156.95	15.26
157.01	15.26
157.07	20.35
157.15	5.09
157.17(S)	-5.09
157.15	-20.35
157.07	-50.86
156.87	-96.64
156.48	-132.25
155.95	-157.68
155.32	-183.11
154.59	-198.37
153.79	-198.37
153	-213.63
152.15	-228.89
151.23	-269.58
150.15	-361.14
148.71	-417.09
147.04	-467.95
145.17	-503.56
143.15	-528.99
141.04	-549.34
138.84	-564.6
136.58	-595.11
134.2	-630.72
131.68	-656.15
129.05	-701.93
126.25	-742.62
123.28	-773.14
120.18	-808.75
116.95	-742.62
113.98	-630.72
111.45	-920.65
107.77	-1566.63
101.51	-1917.59
93.83	-2065.1
85.57	-2049.84
77.38	-1795.52
70.19	-1495.42
64.21	-1297.04
59.02	-981.68
55.1	-696.84
52.31	-579.86
49.99	-549.34
47.79	-595.11
45.41	-732.45
42.48	-890.13
38.92	-1017.29
34.85	-1057.98
30.62	-1007.12
26.59	-859.61
23.15	-610.37
20.71	-371.31
19.23	-264.5
18.17	-208.54
17.33	-152.59
16.72	-254.32
15.71	-437.43
13.96	-452.69
12.15	-457.78
10.32	-427.26
8.61	-116.99
8.14	366.22
9.6	737.54
12.55	849.44
15.95	1154.62
20.57	1480.16
26.49	1068.15
30.76	147.51
31.35	-696.84
28.57	-1271.61
23.48	-1363.17
18.03	-1124.11
13.53	-1012.2
9.48	-854.52
6.06	-427.26
4.35	50.86
4.56	473.04
6.45	773.14
9.54	900.3
13.14	824
16.44	605.29
18.86	279.75
19.98	-96.64
19.59	-457.78
17.76	-727.36
14.85	-859.61
11.41	-900.3
7.81	-874.87
4.31	-768.05
1.24	-610.37
-1.2	-417.09
-2.87	-188.2
 -3.62(D)	40.69
-3.46	233.98
-2.52	401.83
-0.92	508.65
1.12	483.21
3.05	391.66
4.62	350.97
6.02	371.31
7.51	239.06
8.46	61.04
8.71	-66.12
8.44	-142.42
7.87	-183.11
7.14	-228.89
6.23	-244.15
5.25	-101.73
4.84	152.59
5.45	228.89
6.37	193.29
7.14	183.11
7.87	147.51
8.46	254.32
9.48	447.61
11.27	96.64
11.66	-518.82
9.58	-584.94
7.24	-361.14
5.8	-167.85
5.13	-203.46
4.31	-193.29
3.54	-956.25
-0.28	-7507.6
-30.32	-16673.38
-97.01	-13397.71
-150.6	-3611.38
-165.05	1276.7
-159.94	5284.82
-138.8	10294.97
-97.62	12660.17
-46.98	12939.93
4.78	11393.65
50.36	6948.09
78.15	1180.06
82.87	-4303.14
65.66	-8321.43
32.37	-8692.74
-2.4	-7115.94
-30.86	-5203.44
-51.68	-2817.89
-62.95	-356.05
-64.37	1688.7
-57.62	3077.3
-45.31	3840.27
-29.95	3830.1
-14.63	3234.98
-1.69	2085.44
6.65	768.05
9.73	625.63
12.23	1602.23
18.64	1734.48
25.57	1383.51
31.11	1592.06
37.48	1083.41
41.81	167.85
42.48	488.3
44.44	2243.12
53.41	3026.44
65.51	1551.37
71.72	-483.21
69.79	-1129.19
65.27	203.46
66.08	1373.34
71.58	2115.96
80.04	4776.18
99.15	8855.51
134.57	10315.32
175.83	7817.87
207.1	5635.79
229.64	6047.79
253.83	7131.2
282.36	4064.07
298.62	-7614.42
268.16	-17141.34
199.59	-14710.01
140.75	-8677.48
106.04	-5544.23
83.87	-2309.25
74.63	3723.28
89.52	13097.61
141.91	24252.19
238.92	32009.03
366.96	28804.57
482.18	9359.07
519.61	-11714.09
472.76	-25111.8
372.31	-26261.34
267.26	-18453.64
193.45	-11846.34
146.06	-7004.04
118.05	-2517.79
107.98	595.11
110.36	2848.41
121.75	4593.06
140.12	4898.25
159.71	3921.65
175.4	2507.62
185.43	930.82
189.15	-493.39
187.18	-1658.18
180.55	-2436.41
170.8	-2614.44
160.35	-2243.12
151.37	-1612.4
144.92	-951.17
141.12	-315.36
139.86	116.99
140.32	274.67
141.42	269.58
142.5	244.15
143.48	152.59
144.09	50.86
144.29	45.78
144.48	30.52
144.6	-147.51
144.01	-391.66
142.44	-564.6
140.18	-630.72
137.66	-554.42
135.44	-325.53
134.14	-101.73
133.73	91.56
134.1	249.24
135.1	401.83
136.7	651.07
139.31	645.98
141.89	401.83
143.5	366.22
144.96	320.45
146.25	172.94
146.94	132.25
147.47	213.63
148.32	259.41
149.36	162.77
150.01	132.25
150.54	228.89
151.45	116.99
151.92	-137.33
151.37	-223.8
150.48	-264.5
149.42	-310.27
148.18	-310.27
146.94	-269.58
145.86	-289.93
144.7	-356.05
143.28	-386.57
141.73	-427.26
140.02	-412
138.37	-239.06
137.42	-10.17
137.37	91.56
137.74	81.38
138.07	81.38
138.39	91.56
138.76	35.61
138.9	-81.38
138.58	-178.03
137.86	-289.93
136.7	-473.04
134.81	-645.98
132.23	-696.84
129.44	-686.67
126.69	-701.93
123.89	-686.67
121.14	-635.81
118.6	-564.6
116.34	-488.3
114.38	-406.92
112.76	-315.36
111.49	-295.01
110.31	-325.53
109.01	-340.79
107.65	-340.79
106.29	-330.62
104.96	-295.01
103.78	-208.54
102.95	-137.33
102.4	-101.73
101.99	-76.3
101.69	-50.86
101.48	-30.52
101.36	-35.61
101.22	-30.52
101.1	-10.17
101.06	20.35
101.14	61.04
101.38	101.73
101.79	122.07
102.28	162.77
102.93	157.68
103.56	86.47
103.91	40.69
104.07	30.52
104.19	50.86
104.39	76.3
104.7	81.38
105.03	76.3
105.33	81.38
105.66	66.12
105.92	25.43
106.02	-25.43
105.92	-71.21
105.64	-91.56
105.27	-106.82
104.84	-127.16
104.33	-137.33
103.78	-132.25
103.25	-122.07
102.77	-106.82
102.34	-132.25
101.81	-218.72
100.94	-269.58
99.86	-259.41
98.82	-244.15
97.84	-213.63
96.99	-167.85
96.32	-147.51
95.73	-142.42
95.16	-152.59
94.55	-152.59
93.94	-167.85
93.27	-172.94
92.57	-178.03
91.86	-162.77
91.21	-157.68
90.58	-147.51
89.99	-111.9
89.54	-55.95
89.32	-30.52
89.2	-61.04
88.95	-66.12
88.69	-50.86
88.48	-40.69
88.32	-15.26
88.26	20.35
88.34	61.04
88.59	91.56
88.95	61.04
89.2	25.43
89.3	0
89.3	0
89.3	-15.26
89.24	-25.43
89.13	-20.35
89.05	-15.26
88.99	-5.09
88.97	15.26
89.03	40.69
89.2	61.04
89.44	55.95
89.66	25.43
89.77	-5.09
89.75	-45.78
89.56	-66.12
89.3	-71.21
89.01	-71.21
88.73	-86.47
88.38	-91.56
88.02	-76.3
87.71	-50.86
87.51	-45.78
87.32	-50.86
87.12	-81.38
86.8	-91.56
86.43	-106.82
86	-116.99
85.53	-116.99
85.07	-127.16
84.56	-127.16
84.05	-116.99
83.58	-122.07
83.09	-122.07
82.6	-91.56
82.24	-71.21
81.95	-55.95
81.73	-55.95
81.51	-15.26
81.44	45.78
81.63	81.38
81.95	-5.09
81.93	-132.25
81.4	-137.33
80.85	-50.86
80.65	30.52
80.77	96.64
81.16	193.29
81.93	335.71
83.28	513.73
85.33	656.15
87.95	752.79
90.97	818.92
94.24	854.52
97.66	798.57
100.85	645.98
103.44	493.39
105.41	432.35
107.14	452.69
108.95	488.3
110.9	528.99
113.02	590.03
115.38	635.81
117.92	625.63
120.43	554.42
122.64	473.04
124.54	406.92
126.16	386.57
127.71	406.92
129.34	366.22
130.8	244.15
131.78	178.03
132.49	203.46
133.31	264.5
134.36	269.58
135.44	284.84
136.58	345.88
137.96	391.66
139.53	381.48
141.06	376.4
142.56	386.57
144.11	376.4
145.61	356.05
147.04	325.53
148.34	320.45
149.62	320.45
150.9	325.53
152.21	325.53
153.51	320.45
154.79	279.75
155.91	254.32
156.93	259.41
157.96	264.5
159.02	259.41
160.06	259.41
161.1	249.24
162.09	239.06
163.05	249.24
164.05	228.89
164.96	208.54
165.8	198.37
166.59	167.85
167.26	147.51
167.85	137.33
168.4	122.07
168.89	106.82
169.32	96.64
169.7	81.38
170.03	61.04
170.27	35.61
170.42	25.43
170.52	20.35
170.6	0
170.6	-20.35
170.52	-45.78
170.34	-61.04
170.09	-96.64
169.7	-127.16
169.2	-157.68
168.56	-183.11
167.83	-208.54
167	-223.8
166.1	-244.15
165.13	-264.5
164.07	-274.67
162.97	-300.1
161.77	  N/A

