133.14	1149.54
137.74	1032.55
141.87	869.78
145.35	676.5
148.06	462.87
149.91	269.58
150.99	101.73
151.39	-30.52
151.27	-111.9
150.82	-162.77
150.17	-172.94
149.48	-152.59
148.87	-122.07
148.38	-66.12
148.12	-5.09
148.1	50.86
148.3	101.73
148.71	152.59
149.32	183.11
150.05	213.63
150.9	228.89
151.82	223.8
152.72	203.46
153.53	157.68
154.16	101.73
154.57	45.78
154.75	0
154.75	-40.69
154.59	-76.3
154.28	-101.73
153.88	-127.16
153.37	-167.85
152.7	-198.37
151.9	-239.06
150.95	-279.75
149.83	-335.71
148.48	-381.48
146.96	-427.26
145.25	-473.04
143.36	-513.73
141.3	-554.42
139.08	-584.94
136.74	-615.46
134.28	-615.46
131.82	-615.46
129.36	-620.55
126.88	-666.32
124.21	-757.88
121.18	-900.3
117.58	-1078.33
113.27	-1241.09
108.3	-1368.26
102.83	-1444.55
97.05	-1464.9
91.19	-1459.81
85.35	-1419.12
79.67	-1373.34
74.18	-1317.39
68.91	-1261.44
63.87	-1200.4
59.06	-1129.19
54.55	-1052.9
50.34	-971.51
46.45	-885.04
42.91	-803.66
39.69	-732.45
36.76	-661.24
34.12	-615.46
31.66	-559.51
29.42	-523.9
27.32	-478.13
25.41	-422.18
23.72	-361.14
22.28	-279.75
21.16	-183.11
20.43	-81.38
20.1	25.43
20.2	137.33
20.75	213.63
21.61	208.54
22.44	106.82
22.87	-106.82
22.44	-371.31
20.96	-640.89
18.39	-844.35
15.02	-940.99
11.25	-925.73
7.55	-808.75
4.31	-620.55
1.83	-396.74
0.24	-183.11
-0.49	0
-0.49	127.16
0.02	208.54
0.85	244.15
1.83	233.98
2.77	218.72
3.64	193.29
4.42	167.85
5.09	152.59
5.7	137.33
6.25	132.25
6.78	132.25
7.3	127.16
7.81	127.16
8.32	127.16
8.83	127.16
9.34	122.07
9.83	116.99
10.29	111.9
10.74	106.82
11.17	96.64
11.56	91.56
11.92	86.47
12.27	86.47
12.61	81.38
12.94	81.38
13.27	86.47
13.61	96.64
14	106.82
14.43	122.07
14.91	137.33
15.46	147.51
16.05	157.68
16.68	162.77
17.33	157.68
17.97	152.59
18.58	142.42
19.15	116.99
19.61	101.73
20.02	76.3
20.33	55.95
20.55	35.61
20.69	5.09
20.71	-15.26
20.65	-35.61
20.51	-50.86
20.31	-61.04
20.06	-71.21
19.78	-71.21
19.49	-61.04
19.25	-45.78
19.06	-25.43
 18.96(E)	-5.09
18.94	30.52
19.06	76.3
19.37	127.16
19.88	203.46
20.69	289.93
21.85	381.48
23.38	483.21
25.31	584.94
27.65	681.58
30.38	778.23
33.49	859.61
36.93	940.99
40.69	1007.12
44.72	1073.24
49.01	1134.28
53.55	1195.32
58.33	1246.18
63.32	1276.7
68.42	1276.7
73.53	1241.09
78.49	1180.06
83.21	1088.5
87.57	986.77
91.52	874.87
95.01	762.97
98.07	656.15
100.69	564.6
102.95	467.95
104.82	391.66
106.39	310.27
107.63	249.24
108.63	193.29
109.4	162.77
110.05	147.51
110.64	157.68
111.27	193.29
112.04	264.5
113.1	386.57
114.65	544.25
116.83	701.93
119.63	839.26
122.99	930.82
126.71	956.25
130.54	910.47
134.18	818.92
137.46	676.5
140.16	523.9
142.26	361.14
143.7	218.72
144.58	101.73
144.98	15.26
145.05(S)	-40.69
144.88	-71.21
144.6	-76.3
144.29	-66.12
144.03	-45.78
143.84	-20.35
143.76	10.17
143.8	35.61
143.95	40.69
144.11	40.69
144.27	25.43
144.37	-5.09
144.35	-40.69
144.19	-76.3
143.89	-111.9
143.44	-137.33
142.89	-157.68
142.26	-172.94
141.57	-183.11
140.83	-198.37
140.04	-203.46
139.23	-208.54
138.39	-218.72
137.52	-228.89
136.6	-254.32
135.58	-284.84
134.45	-335.71
133.1	-396.74
131.52	-473.04
129.62	-559.51
127.39	-630.72
124.86	-696.84
122.07	-752.79
119.06	-803.66
115.85	-849.44
112.45	-905.39
108.83	-946.08
105.05	-996.94
101.06	-1032.55
96.93	-1068.15
92.65	-1098.67
88.26	-1134.28
83.72	-1164.8
79.06	-1190.23
74.3	-1215.66
69.44	-1220.75
64.56	-1215.66
59.69	-1190.23
54.93	-1129.19
50.42	-1052.9
46.21	-951.17
42.4	-834.18
39.06	-717.19
36.2	-605.29
33.77	-508.65
31.74	-427.26
30.03	-361.14
28.59	-315.36
27.32	-269.58
26.25	-223.8
25.35	-172.94
24.66	-137.33
24.11	-101.73
23.7	-101.73
23.3	-127.16
22.79	-203.46
21.97	-325.53
20.67	-457.78
18.84	-579.86
16.52	-666.32
13.86	-686.67
11.11	-640.89
8.55	-544.25
6.37	-406.92
4.74	-254.32
3.72	-111.9
3.28	15.26
  3.34(E)	106.82
3.76	162.77
4.42	198.37
5.21	213.63
6.06	213.63
6.92	213.63
7.77	218.72
8.65	223.8
9.54	223.8
10.44	228.89
11.35	228.89
12.27	233.98
13.2	244.15
14.18	264.5
15.24	295.01
16.42	345.88
17.8	412
19.45	488.3
21.4	569.68
23.68	661.24
26.33	737.54
29.28	813.83
32.53	864.7
35.99	905.39
39.61	925.73
43.32	935.91
47.06	935.91
50.8	935.91
54.55	930.82
58.27	925.73
61.97	925.73
65.68	925.73
69.38	925.73
73.08	930.82
76.81	925.73
80.51	900.3
84.11	854.52
87.53	798.57
90.72	727.36
93.63	651.07
96.24	574.77
98.53	508.65
100.57	442.52
102.34	381.48
103.87	330.62
105.19	279.75
106.31	233.98
107.24	198.37
108.04	167.85
108.71	142.42
109.28	127.16
109.79	127.16
110.29	147.51
110.88	188.2
111.64	244.15
112.61	335.71
113.96	427.26
115.67	513.73
117.72	584.94
120.06	615.46
122.52	600.2
124.92	534.08
127.06	437.43
128.81	305.19
130.03	178.03
130.74	40.69
130.90(S)	-71.21
130.62	-172.94
129.93	-259.41
128.89	-330.62
127.57	-381.48
126.04	-422.18
124.35	-442.52
122.58	-442.52
120.81	-432.35
119.08	-412
117.44	-391.66
115.87	-381.48
114.34	-391.66
112.78	-417.09
111.11	-462.87
109.26	-518.82
107.18	-579.86
104.86	-630.72
102.34	-666.32
99.67	-656.15
97.05	-625.63
94.55	-569.68
92.27	-528.99
90.15	-508.65
88.12	-539.16
85.96	-595.11
83.58	-676.5
80.87	-757.88
77.84	-824
74.55	-885.04
71.01	-920.65
67.32	-930.82
63.6	-930.82
59.88	-900.3
56.28	-864.7
52.82	-813.83
49.56	-762.97
46.51	-707.02
43.68	-661.24
41.04	-615.46
38.58	-574.77
36.28	-539.16
34.12	-503.56
32.11	-473.04
30.21	-442.52
28.44	-406.92
26.82	-371.31
25.33	-330.62
24.01	-274.67
22.91	-223.8
22.01	-162.77
21.36	-91.56
21	-20.35
20.92	50.86
21.12	101.73
21.53	116.99
21.99	50.86
22.2	-76.3
21.89	-264.5
20.83	-467.95
18.96	-645.98
16.38	-747.71
13.39	-773.14
10.29	-701.93
7.49	-574.77
5.19	-417.09
3.52	-254.32
2.5	-116.99
2.03	-15.26
  1.97(D)	45.78
2.16	81.38
2.48	91.56
2.85	96.64
3.23	86.47
3.58	86.47
3.93	81.38
4.25	91.56
4.62	96.64
5.01	106.82
5.43	101.73
5.84	86.47
6.19	61.04
6.43	20.35
6.51	-15.26
6.45	-40.69
6.29	-40.69
6.12	5.09
6.14	86.47
6.49	203.46
7.3	315.36
8.57	406.92
10.19	437.43
11.94	412
13.59	330.62
14.91	208.54
15.75	81.38
16.07	-30.52
15.95	-106.82
15.52	-142.42
14.95	-142.42
14.38	-96.64
14	-30.52
13.88	35.61
14.02	106.82
14.45	152.59
15.06	178.03
15.77	183.11
16.5	157.68
17.13	111.9
17.58	50.86
17.78	-15.26
17.72	-81.38
17.4	-142.42
16.83	-178.03
16.11	-208.54
15.28	-218.72
14.4	-213.63
13.55	-193.29
12.78	-172.94
12.09	-147.51
11.5	-122.07
11.01	-101.73
10.6	-76.3
10.29	-61.04
10.05	-45.78
9.87	-30.52
9.75	-10.17
9.7	0
9.7	15.26
9.77	25.43
9.87	30.52
9.99	40.69
10.15	45.78
10.34	50.86
10.54	50.86
10.74	55.95
10.97	61.04
11.21	66.12
11.48	66.12
11.74	71.21
12.02	76.3
12.33	76.3
12.63	71.21
12.92	71.21
13.2	71.21
13.49	66.12
13.75	66.12
14.02	71.21
14.3	81.38
14.63	96.64
15.02	116.99
15.48	137.33
16.03	157.68
16.66	147.51
17.25	122.07
17.74	76.3
18.05	35.61
18.19	20.35
18.27	20.35
18.35	40.69
18.51	66.12
18.78	86.47
19.13	91.56
19.49	76.3
19.8	45.78
19.98	15.26
20.04	-15.26
19.98	-40.69
19.82	-55.95
19.59	-55.95
19.37	-40.69
 19.21(E)	-10.17
19.17	20.35
19.25	50.86
19.45	71.21
19.74	91.56
20.1	111.9
20.55	147.51
21.14	188.2
21.89	259.41
22.93	350.97
24.33	457.78
26.16	590.03
28.52	727.36
31.43	879.96
34.95	1012.2
39	1129.19
43.52	1185.14
48.26	1185.14
53	1113.93
57.46	986.77
61.4	824
64.7	671.41
67.39	574.77
69.68	539.16
71.84	600.2
74.24	747.71
77.23	976.6
81.14	1246.18
86.12	1490.33
92.09	1632.75
98.62	1632.75
105.15	1475.07
111.05	1205.49
115.87	879.96
119.39	559.51
121.63	305.19
122.85	157.68
123.48	132.25
124.01	228.89
124.92	396.74
126.51	605.29
128.93	768.05
132	869.78
135.48	869.78
138.96	788.4
142.12	640.89
144.68	473.04
146.57	315.36
147.83	167.85
148.5	66.12
148.77	0
148.77	-30.52
148.65	-35.61
148.5	-25.43
148.4	0
148.4	30.52
148.52	66.12
148.79	96.64
149.18	116.99
149.64	132.25
150.17	122.07
150.66	111.9
151.11	86.47
151.45	55.95
151.68	30.52
151.8	10.17
151.84	-5.09
151.82	-15.26
151.76	-20.35
151.68	-30.52
151.56	-35.61
151.41	-55.95
151.19	-81.38
150.86	-116.99
150.4	-157.68
149.77	-203.46
148.95	-249.24
147.95	-300.1
146.75	-371.31
145.27	-452.69
143.46	-539.16
141.3	-625.63
138.8	-707.02
135.97	-762.97
132.92	-818.92
129.64	-890.13
126.08	-971.51
122.2	-1068.15
117.92	-1154.62
113.31	-1230.92
108.38	-1276.7
103.28	-1286.87
98.13	-1266.53
93.06	-1230.92
88.14	-1185.14
83.4	-1159.71
78.76	-1134.28
74.22	-1129.19
69.7	-1124.11
65.21	-1119.02
60.73	-1108.85
56.3	-1088.5
51.94	-1057.98
47.71	-1012.2
43.66	-956.25
39.84	-890.13
36.28	-813.83
33.02	-742.62
30.05	-671.41
27.37	-625.63
24.86	-590.03
22.5	-574.77
20.2	-564.6
17.94	-554.42
15.73	-534.08
13.59	-488.3
11.64	-422.18
9.95	-335.71
8.61	-233.98
7.67	-122.07
7.18	-20.35
7.1	66.12
7.37	132.25
7.89	162.77
8.55	162.77
9.2	122.07
9.68	66.12
9.95	-15.26
9.89	-106.82
9.46	-198.37
8.67	-279.75
7.55	-335.71
6.21	-376.4
4.7	-386.57
3.15	-371.31
1.67	-335.71
0.33	-289.93
-0.83	-228.89
-1.75	-172.94
-2.44	-116.99
-2.91	-55.95
-3.13	-10.17
 -3.17(D)	50.86
-2.97	96.64
-2.58	152.59
-1.97	198.37
-1.18	239.06
-0.22	269.58
0.85	295.01
2.03	315.36
3.3	330.62
4.62	340.79
5.98	361.14
7.43	366.22
8.89	350.97
10.29	284.84
11.43	162.77
12.09	-5.09
12.07	-178.03
11.35	-335.71
10.01	-437.43
8.26	-473.04
6.37	-437.43
4.62	-345.88
3.23	-213.63
2.38	-71.21
2.1	61.04
2.34	172.94
3.03	254.32
4.05	305.19
5.27	325.53
6.57	320.45
7.85	300.1
9.05	264.5
10.11	228.89
11.03	178.03
11.74	132.25
12.27	76.3
12.57	35.61
12.72	5.09
12.74	-20.35
12.66	-30.52
12.53	-25.43
 12.43(E)	-10.17
12.39	10.17
12.43	40.69
12.59	86.47
12.94	137.33
13.49	203.46
14.3	274.67
15.4	361.14
16.85	457.78
18.68	549.34
20.87	640.89
23.44	732.45
26.37	818.92
29.64	890.13
33.2	961.34
37.05	1022.38
41.14	1068.15
45.41	1113.93
49.87	1129.19
54.38	1129.19
58.9	1113.93
63.36	1068.15
67.63	986.77
71.58	874.87
75.08	742.62
78.05	610.37
80.49	488.3
82.44	406.92
84.07	376.4
85.57	396.74
87.16	462.87
89.01	574.77
91.31	712.1
94.16	834.18
97.5	935.91
101.24	966.43
105.11	935.91
108.85	844.35
112.23	717.19
115.1	584.94
117.44	473.04
119.33	417.09
121	422.18
122.69	483.21
124.62	569.68
126.9	651.07
129.5	686.67
132.25	656.15
134.87	574.77
137.17	437.43
138.92	284.84
140.06	122.07
140.55	-15.26
140.49	-106.82
140.06	-162.77
139.41	-162.77
138.76	-142.42
138.19	-96.64
137.8	-35.61
137.66	25.43
137.76	76.3
138.07	122.07
138.55	147.51
139.14	157.68
139.78	157.68
140.41	137.33
140.96	106.82
141.38	66.12
141.65	20.35
141.73(S)	-20.35
141.65	-66.12
141.38	-111.9
140.94	-147.51
140.35	-178.03
139.63	-208.54
138.8	-239.06
137.84	-259.41
136.81	-289.93
135.65	-315.36
134.38	-350.97
132.98	-401.83
131.37	-457.78
129.54	-523.9
127.45	-595.11
125.07	-691.76
122.3	-813.83
119.04	-961.34
115.2	-1108.85
110.76	-1225.83
105.86	-1302.13
100.65	-1327.56
95.34	-1307.22
90.11	-1256.35
85.09	-1190.23
80.33	-1129.19
75.81	-1083.41
71.47	-1052.9
67.26	-1032.55
63.13	-1027.46
59.02	-1007.12
54.99	-991.86
51.03	-961.34
47.18	-915.56
43.52	-864.7
40.06	-808.75
36.83	-752.79
33.81	-701.93
31.01	-645.98
28.42	-600.2
26.02	-559.51
23.78	-513.73
21.73	-473.04
19.84	-427.26
18.13	-391.66
16.56	-350.97
15.16	-305.19
13.94	-254.32
12.92	-193.29
12.15	-127.16
11.64	-61.04
11.39	0
11.39	50.86
11.6	86.47
11.94	96.64
12.33	86.47
12.68	71.21
12.96	50.86
13.16	20.35
13.25	-5.09
13.22	-35.61
13.08	-71.21
12.8	-111.9
12.35	-152.59
11.74	-193.29
10.97	-218.72
10.09	-228.89
9.18	-218.72
8.3	-198.37
7.51	-167.85
6.84	-132.25
6.31	-91.56
5.94	-61.04
5.7	-25.43
  5.60(D)	5.09
5.62	25.43
5.72	45.78
5.9	61.04
6.14	81.38
6.47	101.73
6.88	122.07
7.37	147.51
7.96	162.77
8.61	178.03
9.32	183.11
10.05	188.2
10.8	183.11
11.54	178.03
12.25	172.94
12.94	162.77
13.59	162.77
14.24	157.68
14.87	167.85
15.54	162.77
16.2	172.94
16.89	178.03
17.6	172.94
18.29	167.85
18.96	152.59
19.57	142.42
20.14	127.16
20.65	101.73
21.06	86.47
21.4	61.04
21.65	40.69
21.81	25.43
21.91	5.09
21.93	-5.09
21.91	-15.26
21.85	-25.43
21.75	-35.61
21.61	-30.52
21.49	-35.61
21.34	-30.52
21.22	-20.35
21.14	-15.26
 21.08(E)	5.09
21.1	25.43
21.2	50.86
21.4	81.38
21.73	116.99
22.2	162.77
22.85	223.8
23.74	284.84
24.88	371.31
26.37	467.95
28.24	569.68
30.52	666.32
33.18	762.97
36.24	839.26
39.59	890.13
43.15	920.65
46.84	930.82
50.56	920.65
54.24	895.22
57.82	885.04
61.36	900.3
64.96	976.6
68.87	1083.41
73.2	1185.14
77.94	1251.27
82.95	1251.27
87.95	1174.97
92.65	1042.72
96.83	879.96
100.35	727.36
103.25	630.72
105.78	590.03
108.14	605.29
110.56	666.32
113.22	727.36
116.13	773.14
119.23	778.23
122.34	742.62
125.31	676.5
128.02	590.03
130.38	498.47
132.37	422.18
134.06	361.14
135.5	310.27
136.74	274.67
137.84	244.15
138.82	213.63
139.67	178.03
140.39	152.59
141	127.16
141.51	106.82
141.93	96.64
142.32	86.47
142.66	86.47
143.01	81.38
143.34	86.47
143.68	96.64
144.07	106.82
144.5	122.07
144.98	132.25
145.51	147.51
146.1	147.51
146.69	142.42
147.26	122.07
147.75	101.73
148.16	81.38
148.48	50.86
148.69	25.43
148.79(S)	0
148.79	-30.52
148.67	-55.95
148.44	-86.47
148.1	-111.9
147.65	-142.42
147.08	-167.85
146.41	-203.46
145.59	-244.15
144.62	-289.93
143.46	-330.62
142.14	-386.57
140.59	-427.26
138.88	-478.13
136.97	-523.9
134.87	-564.6
132.61	-615.46
130.15	-691.76
127.39	-818.92
124.11	-976.6
120.2	-1144.45
115.63	-1291.96
110.46	-1398.77
104.86	-1449.64
99.06	-1444.55
93.29	-1398.77
87.69	-1327.56
82.38	-1256.35
77.35	-1200.4
72.55	-1144.45
67.98	-1113.93
63.52	-1078.33
59.21	-1042.72
55.04	-1002.03
51.03	-956.25
47.2	-900.3
43.6	-839.26
40.24	-783.31
37.11	-732.45
34.18	-686.67
31.43	-635.81
28.89	-600.2
26.49	-549.34
24.29	-513.73
22.24	-462.87
20.39	-412
18.74	-361.14
17.29	-300.1
16.09	-239.06
15.14	-178.03
14.43	-122.07
13.94	-76.3
13.63	-40.69
13.47	-25.43
13.37	-25.43
13.27	-25.43
13.16	-40.69
13	-55.95
12.78	-61.04
12.53	-71.21
12.25	-71.21
11.96	-71.21
11.68	-66.12
11.41	-76.3
11.11	-86.47
10.76	-101.73
10.36	-122.07
9.87	-127.16
9.36	-127.16
8.85	-127.16
8.34	-111.9
7.89	-101.73
7.49	-86.47
7.14	-71.21
6.86	-61.04
6.61	-40.69
6.45	-30.52
6.33	-15.26
  6.27(D)	15.26
6.33	35.61
6.47	66.12
6.73	96.64
7.12	122.07
7.61	147.51
8.2	162.77
8.85	172.94
9.54	172.94
10.23	172.94
10.93	162.77
11.58	152.59
12.19	147.51
12.78	142.42
13.35	137.33
13.9	142.42
14.47	152.59
15.08	162.77
15.73	172.94
16.42	183.11
17.15	188.2
17.9	188.2
18.66	178.03
19.37	162.77
20.02	137.33
20.57	111.9
21.02	86.47
21.36	50.86
21.57	25.43
21.67	5.09
21.69	-20.35
21.61	-30.52
21.49	-40.69
21.32	-50.86
21.12	-55.95
20.9	-50.86
20.69	-55.95
20.47	-40.69
20.31	-35.61
 20.16(E)	-10.17
20.12	10.17
20.16	45.78
20.35	81.38
20.67	122.07
21.16	172.94
21.85	228.89
22.77	300.1
23.97	366.22
25.43	442.52
27.2	528.99
29.32	605.29
31.74	686.67
34.49	757.88
37.52	818.92
40.79	890.13
44.35	946.08
48.14	1002.03
52.15	1052.9
56.36	1093.59
60.73	1113.93
65.19	1124.11
69.68	1103.76
74.1	1057.98
78.33	986.77
82.28	879.96
85.8	773.14
88.89	671.41
91.58	595.11
93.96	564.6
96.22	574.77
98.51	635.81
101.06	717.19
103.93	798.57
107.12	864.7
110.58	895.22
114.16	879.96
117.68	834.18
121.02	762.97
124.07	676.5
126.77	584.94
129.11	498.47
131.11	422.18
132.8	350.97
134.2	284.84
135.34	223.8
136.24	167.85
136.91	122.07
137.4	81.38
137.72	61.04
137.96	55.95
138.19	66.12
138.45	76.3
138.76	96.64
139.14	116.99
139.61	127.16
140.12	142.42
140.69	142.42
141.26	152.59
141.87	147.51
142.46	142.42
143.03	132.25
143.56	127.16
144.07	106.82
144.5	91.56
144.86	71.21
145.15	50.86
145.35	25.43
145.45	5.09
145.47(S)	-15.26
145.41	-35.61
145.27	-66.12
145	-91.56
144.64	-122.07
144.15	-167.85
143.48	-208.54
142.64	-249.24
141.65	-295.01
140.47	-335.71
139.12	-371.31
137.64	-412
135.99	-442.52
134.22	-473.04
132.33	-498.47
130.34	-523.9
128.24	-574.77
125.94	-671.41
123.25	-813.83
120	-976.6
116.09	-1134.28
111.56	-1246.18
106.57	-1322.48
101.28	-1337.74
95.93	-1322.48
90.64	-1276.7
85.53	-1230.92
80.61	-1185.14
75.87	-1154.62
71.25	-1139.36
66.69	-1124.11
62.2	-1108.85
57.76	-1083.41
53.43	-1042.72
49.26	-986.77
45.31	-925.73
41.61	-854.52
38.19	-783.31
35.06	-717.19
32.19	-656.15
29.56	-600.2
27.16	-559.51
24.92	-513.73
22.87	-478.13
20.96	-437.43
19.21	-401.83
17.6	-366.22
16.13	-325.53
14.83	-274.67
13.73	-228.89
12.82	-167.85
12.15	-106.82
11.72	-50.86
11.52	-5.09
11.5	20.35
11.58	35.61
11.72	35.61
11.86	15.26
11.92	-10.17
11.88	-30.52
11.76	-61.04
11.52	-86.47
11.17	-101.73
10.76	-106.82
10.34	-111.9
9.89	-91.56
9.52	-76.3
9.22	-45.78
9.03	-25.43
8.93	-10.17
8.89	-5.09
8.87	-5.09
8.85	-15.26
8.79	-25.43
8.69	-30.52
8.57	-45.78
8.38	-55.95
8.16	-61.04
7.91	-71.21
7.63	-71.21
7.34	-66.12
7.08	-45.78
6.9	-15.26
  6.84(D)	20.35
6.92	55.95
7.14	91.56
7.51	127.16
8.02	157.68
8.65	172.94
9.34	188.2
10.09	188.2
10.84	188.2
11.6	178.03
12.31	167.85
12.98	147.51
13.57	127.16
14.08	116.99
14.55	106.82
14.97	96.64
15.36	101.73
15.77	106.82
16.2	116.99
16.66	122.07
17.15	122.07
17.64	127.16
18.15	122.07
18.64	111.9
19.08	96.64
19.47	76.3
19.78	55.95
20	30.52
20.12	5.09
20.14	-10.17
20.1	-30.52
19.98	-40.69
19.82	-45.78
19.63	-40.69
19.47	-30.52
19.35	-20.35
 19.27(E)	-5.09
19.25	20.35
19.33	40.69
19.49	71.21
19.78	101.73
20.18	142.42
20.75	188.2
21.51	254.32
22.52	325.53
23.82	412
25.47	508.65
27.51	610.37
29.95	701.93
32.76	788.4
35.91	864.7
39.37	925.73
43.07	971.51
46.96	1007.12
50.99	1027.46
55.1	1037.64
59.25	1042.72
63.42	1032.55
67.55	1017.29
71.62	981.68
75.54	930.82
79.27	859.61
82.71	783.31
85.84	712.1
88.69	681.58
91.41	681.58
94.14	727.36
97.05	803.66
100.26	879.96
103.78	935.91
107.53	956.25
111.35	930.82
115.08	874.87
118.58	788.4
121.73	681.58
124.46	569.68
126.73	467.95
128.61	381.48
130.13	305.19
131.35	254.32
132.37	213.63
133.22	193.29
134	178.03
134.71	172.94
135.4	172.94
136.09	172.94
136.78	167.85
137.46	167.85
138.13	162.77
138.78	162.77
139.43	157.68
140.06	162.77
140.71	162.77
141.36	167.85
142.03	172.94
142.73	172.94
143.42	162.77
144.07	152.59
144.68	132.25
145.21	101.73
145.61	76.3
145.92	55.95
146.14	40.69
146.31	30.52
146.43	10.17
146.47(S)	-5.09
146.45	-30.52
146.33	-55.95
146.1	-91.56
145.74	-127.16
145.23	-162.77
144.58	-188.2
143.82	-218.72
142.95	-244.15
141.97	-269.58
140.89	-295.01
139.71	-330.62
138.39	-376.4
136.89	-427.26
135.18	-493.39
133.2	-564.6
130.95	-635.81
128.4	-732.45
125.47	-864.7
122.01	-1017.29
117.94	-1174.97
113.24	-1307.22
108.02	-1393.69
102.44	-1434.38
96.7	-1429.29
90.99	-1393.69
85.41	-1332.65
80.08	-1276.7
74.97	-1220.75
70.09	-1169.88
65.41	-1134.28
60.87	-1098.67
56.48	-1063.07
52.23	-1022.38
48.14	-971.51
44.25	-925.73
40.55	-869.78
37.07	-813.83
33.81	-757.88
30.78	-707.02
27.96	-651.07
25.35	-610.37
22.91	-559.51
20.67	-513.73
18.62	-473.04
16.72	-437.43
14.97	-396.74
13.39	-361.14
11.94	-325.53
10.64	-274.67
9.54	-218.72
8.67	-152.59
8.06	-96.64
7.67	-30.52
7.55	5.09
7.57	35.61
7.71	40.69
7.87	30.52
8	5.09
8.02	-25.43
7.91	-50.86
7.71	-81.38
7.39	-101.73
6.98	-116.99
6.51	-116.99
6.04	-122.07
5.55	-111.9
5.11	-101.73
4.7	-81.38
4.37	-61.04
4.13	-40.69
3.97	-20.35
3.89	-5.09
3.87	0
3.87	0
3.87	-5.09
3.85	-20.35
3.76	-35.61
3.62	-45.78
3.44	-61.04
3.19	-61.04
2.95	-61.04
2.71	-45.78
2.52	-25.43
  2.42(D)	0
2.42	20.35
2.5	45.78
2.69	61.04
2.93	81.38
3.26	91.56
3.62	101.73
4.03	106.82
4.46	111.9
4.9	116.99
5.37	111.9
5.82	111.9
6.27	116.99
6.73	116.99
7.2	122.07
7.69	127.16
8.2	127.16
8.71	137.33
9.26	137.33
9.81	142.42
10.38	132.25
10.91	127.16
11.41	116.99
11.88	96.64
12.27	86.47
12.61	66.12
12.88	50.86
13.08	30.52
13.2	10.17
13.25	-5.09
13.22	-15.26
13.16	-30.52
13.04	-30.52
12.92	-40.69
12.76	-30.52
12.63	-25.43
 12.53(E)	-10.17
12.49	15.26
12.55	35.61
12.7	71.21
12.98	111.9
13.43	157.68
14.06	208.54
14.89	269.58
15.97	340.79
17.33	422.18
19.02	508.65
21.06	600.2
23.46	681.58
26.19	762.97
29.24	834.18
32.57	900.3
36.17	946.08
39.96	981.68
43.89	1007.12
47.91	1012.2
51.96	1007.12
55.99	986.77
59.94	966.43
63.8	940.99
67.57	905.39
71.19	864.7
74.65	808.75
77.88	747.71
80.87	696.84
83.66	676.5
86.37	696.84
89.16	768.05
92.23	869.78
95.71	961.34
99.55	1017.29
103.62	1022.38
107.71	951.17
111.52	834.18
114.85	686.67
117.6	544.25
119.78	437.43
121.53	371.31
123.01	335.71
124.35	330.62
125.68	330.62
127	330.62
128.32	305.19
129.54	269.58
130.62	218.72
131.49	162.77
132.15	116.99
132.61	76.3
132.92	55.95
133.14	50.86
133.35	45.78
133.53	66.12
133.79	86.47
134.14	111.9
134.59	132.25
135.12	147.51
135.71	157.68
136.34	152.59
136.95	147.51
137.54	132.25
138.07	122.07
138.55	96.64
138.94	81.38
139.27	61.04
139.51	40.69
139.67	10.17
139.71(S)	-10.17
139.67	-35.61
139.53	-61.04
139.29	-86.47
138.94	-116.99
138.47	-137.33
137.92	-167.85
137.25	-193.29
136.48	-228.89
135.56	-269.58
134.49	-315.36
133.22	-361.14
131.78	-406.92
130.15	-452.69
128.34	-503.56
126.33	-554.42
124.11	-620.55
121.63	-727.36
118.72	-869.78
115.24	-1032.55
111.11	-1180.06
106.39	-1291.96
101.22	-1353
95.81	-1363.17
90.36	-1347.91
84.96	-1302.13
79.76	-1251.27
74.75	-1205.49
69.93	-1169.88
65.25	-1139.36
60.69	-1113.93
56.24	-1083.41
51.9	-1052.9
47.69	-1002.03
43.68	-951.17
39.88	-890.13
36.32	-818.92
33.04	-752.79
30.03	-686.67
27.28	-625.63
24.78	-569.68
22.5	-518.82
20.43	-478.13
18.51	-442.52
16.74	-406.92
15.12	-376.4
13.61	-345.88
12.23	-315.36
10.97	-284.84
9.83	-249.24
8.83	-208.54
8	-162.77
7.34	-106.82
6.92	-50.86
6.71	-5.09
6.69	25.43
6.8	35.61
6.94	35.61
7.08	15.26
7.14	-10.17
7.1	-40.69
6.94	-66.12
6.67	-91.56
6.31	-132.25
5.78	-188.2
5.03	-279.75
3.91	-462.87
2.05	-783.31
-1.08	-1251.27
-6.08	-1759.91
-13.12	-2182.09
-21.85	-2329.59
-31.17	-2136.31
-39.72	-1612.4
-46.16	-915.56
-49.83	-213.63
-50.68(D)	356.05
-49.26	737.54
-46.31	920.65
-42.62	930.82
-38.9	798.57
-35.71	574.77
-33.41	325.53
-32.11	91.56
-31.74	-86.47
-32.09	-203.46
-32.9	-249.24
-33.9	-228.89
-34.81	-147.51
-35.4	-20.35
-35.48	122.07
-34.99	254.32
-33.98	371.31
-32.49	447.61
-30.7	503.56
-28.69	523.9
-26.59	534.08
-24.46	508.65
-22.42	457.78
-20.59	381.48
-19.06	284.84
-17.92	188.2
-17.17	111.9
-16.72	40.69
-16.56	-15.26
-16.62	-61.04
-16.87	-96.64
-17.25	-106.82
-17.68	-91.56
-18.05	-35.61
-18.19	40.69
-18.03	137.33
-17.48	239.06
-16.52	356.05
-15.1	488.3
-13.14	635.81
-10.6	839.26
-7.24	1088.5
-2.89	1358.08
2.54	1622.58
9.03	1841.29
16.4	1998.97
24.39	2100.7
32.8	2151.57
41.4	2121.05
49.89	2024.41
57.99	1846.38
65.37	1632.75
71.9	1378.43
77.42	1129.19
81.93	859.61
85.37	549.34
87.57	172.94
88.26	-264.5
87.2	-717.19
84.33	-1103.76
79.92	-1322.48
74.63	-1332.65
69.3	-1113.93
64.84	-701.93
62.03	-172.94
61.34	350.97
62.75	793.49
65.92	1088.5
70.27	1246.18
75.26	1302.13
80.47	1276.7
85.57	1210.58
90.42	1144.45
94.99	1083.41
99.33	1027.46
103.44	935.91
107.18	793.49
110.36	595.11
112.74	361.14
114.18	142.42
114.75	10.17
114.79	10.17
114.83	142.42
115.4	386.57
116.95	717.19
119.82	1088.5
124.17	1485.24
130.11	1851.47
137.52	2146.48
146.1	2329.59
155.42	2400.8
165.02	2360.11
174.47	2238.04
183.42	2065.1
191.68	1897.25
199.27	1739.57
206.23	1617.49
212.69	1480.16
218.62	1286.87
223.76	1002.03
227.77	600.2
230.17	122.07
230.66	-381.48
229.13	-849.44
225.74	-1215.66
220.87	-1444.55
215.1	-1525.93
208.99	-1495.42
203.01	-1363.17
197.56	-1195.32
192.78	-1017.29
188.71	-864.7
185.25	-742.62
182.28	-666.32
179.61	-625.63
177.11	-610.37
174.67	-620.55
172.19	-640.89
169.62	-671.41
166.94	-707.02
164.11	-757.88
161.08	-808.75
157.84	-874.87
154.34	-935.91
150.6	-1002.03
146.59	-1057.98
142.36	-1108.85
137.92	-1149.54
133.33	-1174.97
128.63	-1169.88
123.95	-1149.54
119.35	-1083.41
115.01	-1002.03
111.01	-885.04
107.47	-762.97
104.41	-620.55
101.93	-483.21
100	-350.97
98.6	-228.89
97.68	-127.16
97.17	-40.69
97.01	35.61
97.15	96.64
97.54	157.68
98.17	213.63
99.02	269.58
100.1	325.53
101.4	371.31
102.89	401.83
104.5	422.18
106.18	422.18
107.87	412
109.52	381.48
111.05	345.88
112.43	310.27
113.67	269.58
114.75	228.89
115.67	193.29
116.44	147.51
117.03	106.82
117.46	55.95
117.68	15.26
117.74	-30.52
117.62	-76.3
117.31	  N/A
124.92	-549.34
122.73	-574.77
120.43	-595.11
118.05	-615.46
115.58	-661.24
112.94	-773.14
109.85	-935.91
106.1	-1134.28
101.57	-1322.48
96.28	-1459.81
90.44	-1520.85
84.35	-1510.68
78.31	-1449.64
72.51	-1363.17
67.06	-1281.79
61.93	-1200.4
57.13	-1129.19
52.61	-1073.24
48.32	-1012.2
44.27	-956.25
40.45	-910.47
36.81	-849.44
33.41	-793.49
30.23	-737.54
27.28	-676.5
24.58	-620.55
22.1	-559.51
19.86	-498.47
17.86	-432.35
16.13	-361.14
14.69	-295.01
13.51	-218.72
12.63	-147.51
12.04	-76.3
11.74	-5.09
11.72	66.12
11.98	132.25
12.51	188.2
13.27	249.24
14.26	295.01
15.44	340.79
16.81	386.57
18.35	432.35
20.08	488.3
22.03	544.25
24.21	605.29
26.63	666.32
29.3	717.19
32.17	752.79
35.18	778.23
38.29	788.4
41.44	788.4
44.6	783.31
47.73	783.31
50.86	783.31
54	778.23
57.11	778.23
60.22	768.05
63.3	737.54
66.25	712.1
69.09	671.41
71.78	640.89
74.34	605.29
76.76	584.94
79.1	564.6
81.36	544.25
83.54	518.82
85.62	493.39
87.59	457.78
89.42	422.18
91.11	381.48
92.63	345.88
94.02	315.36
95.28	274.67
96.38	228.89
97.29	172.94
97.99	111.9
98.43	40.69
98.6	-20.35
98.51	-76.3
98.21	-116.99
97.74	-152.59
97.13	-167.85
96.46	-178.03
95.75	-183.11
95.01	-188.2
94.26	-198.37
93.47	-213.63
92.61	-233.98
91.68	-249.24
90.68	-259.41
89.64	-249.24
88.65	-239.06
87.69	-244.15
86.71	-300.1
85.51	-406.92
83.89	-554.42
81.67	-712.1
78.82	-839.26
75.46	-905.39
71.84	-900.3
68.24	-844.35
64.86	-762.97
61.81	-681.58
59.08	-635.81
56.54	-625.63
54.04	-645.98
51.45	-671.41
48.77	-691.76
46	-696.84
43.21	-681.58
40.49	-651.07
37.88	-615.46
35.42	-574.77
33.12	-544.25
30.95	-518.82
28.87	-498.47
26.88	-493.39
24.9	-473.04
23.01	-457.78
21.18	-432.35
19.45	-396.74
17.86	-356.05
16.44	-320.45
15.16	-274.67
14.06	-244.15
13.08	-218.72
12.21	-188.2
11.45	-162.77
10.8	-142.42
10.23	-116.99
9.77	-91.56
9.4	-76.3
9.09	-50.86
8.89	-35.61
8.75	-30.52
8.63	-20.35
8.55	-25.43
8.44	-30.52
8.32	-30.52
8.2	-40.69
8.04	-40.69
7.87	-35.61
7.73	-30.52
7.61	-20.35
7.53	-10.17
  7.49(D)	10.17
7.53	20.35
7.61	30.52
7.73	35.61
7.87	40.69
8.04	45.78
8.22	40.69
8.38	35.61
8.52	40.69
8.69	35.61
8.83	35.61
8.97	40.69
9.14	35.61
9.28	35.61
9.42	35.61
9.56	30.52
9.68	25.43
9.79	20.35
9.87	15.26
9.93	10.17
9.97	10.17
10.01	5.09
10.03	5.09
10.05	5.09
10.07	0
10.07	5.09
10.09	5.09
10.11	5.09
10.13	0
10.13	-5.09
10.11	-5.09
10.09	-5.09
10.07	-5.09
10.05	-5.09
10.03	-10.17
9.99	-5.09
9.97	-10.17
9.93	-15.26
9.87	-10.17
9.83	-15.26
9.77	-15.26
9.7	-15.26
9.64	-10.17
9.6	-10.17
9.56	-5.09
9.54	0
9.54	-5.09
9.52	0
9.52	0
9.52	5.09
9.54	0
9.54	5.09
9.56	0
9.56	5.09
9.58	5.09
9.6	5.09
9.62	5.09
9.64	5.09
9.66	0
9.66	5.09
9.68	5.09
9.7	5.09
9.73	5.09
9.75	5.09
9.77	10.17
9.81	10.17
9.85	10.17
9.89	10.17
9.93	10.17
9.97	10.17
10.01	10.17
10.05	10.17
10.09	5.09
10.11	10.17
10.15	5.09
10.17	10.17
10.21	5.09
10.23	10.17
10.27	5.09
10.29	10.17
10.34	10.17
10.38	5.09
10.4	10.17
10.44	10.17
10.48	10.17
10.52	10.17
10.56	10.17
10.6	10.17
10.64	5.09
10.66	5.09
10.68	5.09
10.7	5.09
10.72	5.09
10.74	5.09
10.76	0
10.76	0
10.76	-5.09
10.74	0
10.74	-5.09
10.72	-10.17
10.68	-5.09
10.66	0
10.66	0
10.66	0
10.66	10.17
10.7	10.17
10.74	15.26
10.8	20.35
10.89	20.35
10.97	20.35
11.05	25.43
11.15	25.43
11.25	30.52
11.37	30.52
11.5	30.52
11.62	35.61
11.76	35.61
11.9	35.61
12.04	30.52
12.17	35.61
12.31	30.52
12.43	30.52
12.55	35.61
12.7	45.78
12.88	55.95
13.1	66.12
13.37	86.47
13.71	101.73
14.12	116.99
14.59	127.16
15.1	142.42
15.67	147.51
16.26	142.42
16.83	132.25
17.35	122.07
17.84	101.73
18.25	81.38
18.58	66.12
18.84	45.78
19.02	35.61
19.17	25.43
19.27	20.35
19.35	15.26
19.41	15.26
19.47	5.09
19.49	5.09
19.51	0
19.51	5.09
 19.53(E)	15.26
19.59	35.61
19.74	61.04
19.98	91.56
20.35	137.33
20.9	193.29
21.67	264.5
22.73	366.22
24.19	488.3
26.14	640.89
28.71	788.4
31.86	940.99
35.63	1078.33
39.94	1200.4
44.74	1297.04
49.93	1383.51
55.46	1459.81
61.3	1490.33
67.26	1480.16
73.18	1403.86
78.8	1291.96
83.97	1154.62
88.59	1017.29
92.65	930.82
96.38	869.78
99.86	854.52
103.28	849.44
106.67	829.09
109.99	788.4
113.14	722.28
116.03	625.63
118.53	523.9
120.63	427.26
122.34	366.22
123.8	335.71
125.15	335.71
126.49	361.14
127.93	366.22
129.4	371.31
130.88	350.97
132.29	325.53
133.59	305.19
134.81	289.93
135.97	279.75
137.09	269.58
138.17	249.24
139.17	208.54
140	152.59
140.61	106.82
141.04	76.3
141.34	86.47
141.69	111.9
142.14	157.68
142.77	213.63
143.62	264.5
144.68	295.01
145.86	289.93
147.02	239.06
147.98	147.51
148.57	35.61
148.71(S)	-86.47
148.36	-183.11
147.63	-239.06
146.67	-264.5
145.61	-259.41
144.58	-249.24
143.58	-249.24
142.58	-254.32
141.57	-274.67
140.47	-305.19
139.25	-325.53
137.94	-350.97
136.54	-366.22
135.08	-381.48
133.55	-412
131.9	-442.52
130.13	-473.04
128.24	-508.65
126.2	-534.08
124.07	-539.16
121.91	-534.08
119.78	-518.82
117.7	-534.08
115.56	-605.29
113.14	-732.45
110.21	-900.3
106.61	-1057.98
102.38	-1180.06
97.66	-1256.35
92.63	-1281.79
87.51	-1281.79
82.38	-1271.61
77.29	-1266.53
72.23	-1261.44
67.18	-1251.27
62.18	-1210.58
57.33	-1139.36
52.78	-1047.81
48.59	-956.25
44.76	-874.87
41.26	-824
37.97	-788.4
34.81	-773.14
31.72	-742.62
28.75	-707.02
25.92	-651.07
23.32	-579.86
21	-503.56
18.98	-427.26
17.27	-366.22
15.81	-320.45
14.53	-284.84
13.39	-264.5
12.33	-239.06
11.37	-213.63
10.52	-188.2
9.77	-152.59
9.16	-122.07
8.67	-86.47
8.32	-55.95
8.1	-35.61
7.96	-20.35
7.87	-10.17
7.83	-5.09
7.81	0
7.81	5.09
7.83	10.17
7.87	10.17
7.91	20.35
8	15.26
8.06	20.35
8.14	15.26
8.2	5.09
8.22	-5.09
8.2	-15.26
8.14	-25.43
8.04	-30.52
7.91	-25.43
7.81	-15.26
  7.75(D)	5.09
7.77	20.35
7.85	40.69
8.02	55.95
8.24	66.12
8.5	66.12
8.77	66.12
9.03	55.95
9.26	45.78
9.44	40.69
9.6	30.52
9.73	30.52
9.85	30.52
9.97	25.43
10.07	30.52
10.19	30.52
10.32	30.52
10.44	20.35
10.52	25.43
10.62	20.35
10.7	20.35
10.78	20.35
10.86	30.52
10.99	30.52
11.11	30.52
11.23	30.52
11.35	35.61
11.5	35.61
11.64	40.69
11.8	40.69
11.96	50.86
12.17	55.95
12.39	66.12
12.66	76.3
12.96	76.3
13.27	81.38
13.59	81.38
13.92	71.21
14.2	61.04
14.45	30.52
14.57	5.09
14.59	-25.43
14.49	-50.86
14.28	-71.21
14	-61.04
13.75	-45.78
 13.57(E)	-10.17
13.53	30.52
13.65	71.21
13.94	111.9
14.38	137.33
14.93	157.68
15.56	178.03
16.28	203.46
17.09	249.24
18.09	325.53
19.39	422.18
21.08	544.25
23.26	666.32
25.92	778.23
29.03	874.87
32.53	940.99
36.3	991.86
40.26	1017.29
44.33	1037.64
48.48	1032.55
52.61	1022.38
56.7	1007.12
60.73	991.86
64.7	986.77
68.65	1002.03
72.65	1032.55
76.79	1057.98
81.02	1052.9
85.23	1017.29
89.3	961.34
93.14	910.47
96.78	864.7
100.24	818.92
103.52	773.14
106.61	717.19
109.48	645.98
112.06	559.51
114.3	478.13
116.22	391.66
117.78	330.62
119.1	284.84
120.24	249.24
121.24	239.06
122.2	223.8
123.09	213.63
123.95	218.72
124.82	213.63
125.68	213.63
126.53	213.63
127.39	203.46
128.2	193.29
128.97	178.03
129.68	172.94
130.38	167.85
131.05	172.94
131.74	172.94
132.43	167.85
133.1	157.68
133.73	142.42
134.3	132.25
134.83	122.07
135.32	116.99
135.79	111.9
136.24	106.82
136.66	91.56
137.03	76.3
137.33	50.86
137.54	15.26
137.60(S)	-15.26
137.54	-45.78
137.35	-66.12
137.09	-81.38
136.76	-91.56
136.4	-106.82
135.97	-132.25
135.44	-167.85
134.77	-218.72
133.9	-269.58
132.82	-315.36
131.56	-366.22
130.09	-391.66
128.52	-417.09
126.86	-447.61
125.07	-488.3
123.11	-539.16
120.96	-590.03
118.6	-620.55
116.11	-656.15
113.49	-701.93
110.68	-803.66
107.47	-946.08
103.68	-1119.02
99.21	-1281.79
94.08	-1398.77
88.48	-1444.55
82.71	-1429.29
76.99	-1368.26
71.52	-1286.87
66.37	-1210.58
61.53	-1149.54
56.93	-1098.67
52.53	-1047.81
48.34	-1002.03
44.33	-935.91
40.59	-859.61
37.15	-773.14
34.06	-686.67
31.31	-615.46
28.85	-554.42
26.63	-513.73
24.58	-488.3
22.62	-462.87
20.77	-447.61
18.98	-427.26
17.27	-386.57
15.73	-350.97
14.32	-310.27
13.08	-264.5
12.02	-228.89
11.11	-193.29
10.34	-172.94
9.64	-147.51
9.05	-127.16
8.55	-111.9
8.1	-91.56
7.73	-66.12
7.47	-45.78
7.28	-15.26
  7.22(D)	5.09
7.24	25.43
7.34	40.69
7.51	45.78
7.69	45.78
7.87	40.69
8.04	35.61
8.18	25.43
8.28	10.17
8.32	10.17
8.36	0
8.36	0
8.36	0
8.36	0
8.36	5.09
8.38	10.17
8.42	15.26
8.48	20.35
8.57	30.52
8.69	30.52
8.81	35.61
8.95	35.61
9.09	40.69
9.26	40.69
9.42	40.69
9.58	40.69
9.75	30.52
9.87	25.43
9.97	25.43
10.07	15.26
10.13	15.26
10.19	10.17
10.23	10.17
10.27	15.26
10.34	20.35
10.42	30.52
10.54	45.78
10.72	61.04
10.97	71.21
11.25	86.47
11.6	96.64
11.98	111.9
12.43	111.9
12.88	111.9
13.33	106.82
13.75	91.56
14.12	81.38
14.45	66.12
14.71	50.86
14.91	45.78
15.1	35.61
15.24	25.43
15.34	25.43
15.44	10.17
15.48	-5.09
15.46	-30.52
15.34	-55.95
15.12	-71.21
14.83	-76.3
14.53	-71.21
14.24	-40.69
 14.08(E)	-10.17
14.04	40.69
14.2	96.64
14.59	152.59
15.2	213.63
16.05	284.84
17.19	366.22
18.66	452.69
20.47	554.42
22.69	661.24
25.33	768.05
28.4	869.78
31.88	956.25
35.71	1022.38
39.8	1078.33
44.11	1098.67
48.5	1103.76
52.92	1088.5
57.27	1063.07
61.53	1042.72
65.7	1037.64
69.85	1042.72
74.02	1037.64
78.17	1022.38
82.26	1017.29
86.33	1027.46
90.44	1037.64
94.59	1027.46
98.7	991.86
102.66	910.47
106.31	818.92
109.58	717.19
112.45	625.63
114.95	544.25
117.13	473.04
119.02	417.09
120.69	371.31
122.18	320.45
123.46	284.84
124.6	249.24
125.59	228.89
126.51	223.8
127.41	228.89
128.32	233.98
129.26	239.06
130.21	244.15
131.19	233.98
132.13	223.8
133.02	208.54
133.86	198.37
134.65	198.37
135.44	198.37
136.24	203.46
137.05	198.37
137.84	193.29
138.62	167.85
139.29	152.59
139.9	127.16
140.41	111.9
140.85	101.73
141.26	91.56
141.63	91.56
141.99	76.3
142.3	71.21
142.58	50.86
142.79	20.35
142.87(S)	-15.26
142.81	-45.78
142.62	-76.3
142.32	-96.64
141.93	-122.07
141.44	-142.42
140.87	-167.85
140.2	-198.37
139.41	-228.89
138.49	-269.58
137.42	-310.27
136.17	-350.97
134.77	-401.83
133.16	-447.61
131.37	-498.47
129.38	-539.16
127.22	-579.86
124.9	-610.37
122.46	-630.72
119.94	-666.32
117.27	-732.45
114.34	-864.7
110.88	-1042.72
106.71	-1225.83
101.81	-1393.69
96.24	-1500.5
90.23	-1536.11
84.09	-1515.76
78.03	-1449.64
72.23	-1368.26
66.75	-1286.87
61.61	-1215.66
56.74	-1144.45
52.17	-1093.59
47.79	-1032.55
43.66	-981.68
39.74	-925.73
36.03	-864.7
32.57	-803.66
29.36	-737.54
26.41	-676.5
23.7	-620.55
21.22	-559.51
18.98	-508.65
16.95	-467.95
15.08	-422.18
13.39	-381.48
11.86	-345.88
10.48	-310.27
9.24	-269.58
8.16	-244.15
7.18	-208.54
6.35	-183.11
5.62	-162.77
4.96	-142.42
4.39	-116.99
3.93	-91.56
3.56	-66.12
3.3	-40.69
3.13	-20.35
  3.05(D)	0
3.05	20.35
3.13	30.52
3.26	35.61
3.4	35.61
3.54	35.61
3.68	20.35
3.76	5.09
3.78	-10.17
3.74	-15.26
3.68	-20.35
3.6	-15.26
3.54	-10.17
3.5	5.09
3.52	20.35
3.6	25.43
3.7	35.61
3.85	35.61
3.99	40.69
4.15	35.61
4.29	30.52
4.42	30.52
4.54	25.43
4.64	30.52
4.76	35.61
4.9	35.61
5.05	35.61
5.19	35.61
5.33	30.52
5.45	30.52
5.57	25.43
5.68	30.52
5.8	30.52
5.92	35.61
6.06	45.78
6.25	50.86
6.45	55.95
6.67	66.12
6.94	61.04
7.18	71.21
7.47	71.21
7.75	76.3
8.06	86.47
8.4	91.56
8.77	96.64
9.16	96.64
9.54	86.47
9.89	76.3
10.19	55.95
10.42	35.61
10.56	10.17
10.6	-5.09
10.58	-15.26
10.52	-15.26
10.46	-20.35
10.38	-10.17
10.34	0
 10.34(E)	5.09
10.36	20.35
10.44	25.43
10.54	30.52
10.66	50.86
10.86	66.12
11.13	96.64
11.52	152.59
12.13	218.72
13	310.27
14.24	406.92
15.87	513.73
17.92	620.55
20.41	722.28
23.3	808.75
26.53	895.22
30.11	956.25
33.94	1017.29
38.01	1052.9
42.22	1083.41
46.55	1083.41
50.88	1073.24
55.18	1052.9
59.39	1027.46
63.5	1012.2
67.55	1017.29
71.62	1017.29
75.69	1017.29
79.76	996.94
83.74	971.51
87.63	956.25
91.45	956.25
95.28	946.08
99.06	920.65
102.75	874.87
106.25	798.57
109.44	707.02
112.27	610.37
114.71	518.82
116.78	437.43
118.53	371.31
120.02	315.36
121.28	284.84
122.42	269.58
123.5	254.32
124.52	244.15
125.49	249.24
126.49	239.06
127.45	239.06
128.4	228.89
129.32	223.8
130.21	218.72
131.09	203.46
131.9	198.37
132.7	193.29
133.47	188.2
134.22	183.11
134.95	172.94
135.65	167.85
136.32	152.59
136.93	142.42
137.5	132.25
138.03	127.16
138.53	111.9
138.98	96.64
139.37	86.47
139.71	66.12
139.98	45.78
140.16	25.43
140.26(S)	0
140.26	-25.43
140.16	-45.78
139.98	-71.21
139.69	-96.64
139.31	-111.9
138.86	-137.33
138.31	-167.85
137.64	-208.54
136.81	-254.32
135.79	-305.19
134.57	-350.97
133.16	-391.66
131.6	-442.52
129.83	-483.21
127.89	-523.9
125.8	-559.51
123.56	-595.11
121.18	-610.37
118.74	-625.63
116.24	-676.5
113.53	-778.23
110.42	-940.99
106.65	-1134.28
102.12	-1332.65
96.78	-1469.98
90.91	-1541.19
84.74	-1531.02
78.62	-1459.81
72.78	-1353
67.36	-1241.09
62.4	-1159.71
57.76	-1088.5
53.41	-1057.98
49.18	-1032.55
45.05	-1007.12
41.02	-971.51
37.13	-910.47
33.49	-829.09
30.17	-737.54
27.22	-640.89
24.66	-559.51
22.42	-488.3
20.47	-442.52
18.7	-406.92
17.07	-381.48
15.54	-356.05
14.12	-320.45
12.84	-289.93
11.68	-249.24
10.68	-203.46
9.87	-172.94
9.18	-137.33
8.63	-111.9
8.18	-91.56
7.81	-76.3
7.51	-55.95
7.28	-50.86
7.08	-45.78
6.9	-45.78
6.71	-40.69
6.55	-40.69
6.39	-25.43
6.29	-5.09
  6.27(D)	15.26
6.33	40.69
6.49	55.95
6.71	66.12
6.98	66.12
7.24	61.04
7.49	45.78
7.67	25.43
7.77	10.17
7.81	5.09
7.83	-5.09
7.81	5.09
7.83	10.17
7.87	25.43
7.98	35.61
8.12	40.69
8.28	40.69
8.44	45.78
8.63	45.78
8.81	40.69
8.97	40.69
9.14	45.78
9.32	45.78
9.5	50.86
9.7	50.86
9.91	45.78
10.09	50.86
10.29	45.78
10.48	40.69
10.64	40.69
10.8	35.61
10.95	40.69
11.11	45.78
11.29	55.95
11.52	71.21
11.8	81.38
12.13	101.73
12.53	111.9
12.98	127.16
13.49	132.25
14.02	137.33
14.57	127.16
15.08	116.99
15.54	96.64
15.93	76.3
16.24	61.04
16.48	40.69
16.64	35.61
16.79	25.43
16.89	25.43
16.99	25.43
17.09	15.26
17.15	10.17
17.19	-5.09
17.17	-15.26
17.11	-30.52
16.99	-30.52
16.87	-30.52
16.74	-15.26
 16.68(E)	5.09
16.7	40.69
16.87	76.3
17.17	122.07
17.66	183.11
18.39	249.24
19.39	330.62
20.71	412
22.36	518.82
24.44	615.46
26.9	722.28
29.79	818.92
33.06	910.47
36.7	981.68
40.63	1032.55
44.76	1068.15
49.03	1068.15
53.31	1057.98
57.54	1037.64
61.69	1012.2
65.74	1022.38
69.83	1052.9
74.04	1098.67
78.43	1144.45
83.01	1164.8
87.67	1149.54
92.27	1124.11
96.76	1068.15
101.04	991.86
105	905.39
108.63	813.83
111.88	717.19
114.75	610.37
117.19	513.73
119.25	422.18
120.94	345.88
122.32	289.93
123.48	259.41
124.52	254.32
125.53	264.5
126.59	289.93
127.75	310.27
128.99	320.45
130.27	315.36
131.54	300.1
132.74	279.75
133.86	264.5
134.91	244.15
135.89	233.98
136.83	228.89
137.74	213.63
138.6	213.63
139.45	203.46
140.26	203.46
141.08	193.29
141.85	188.2
142.6	183.11
143.34	183.11
144.07	172.94
144.76	162.77
145.41	142.42
145.98	122.07
146.47	101.73
146.88	86.47
147.22	66.12
147.49	45.78
147.67	20.35
147.75(S)	-5.09
147.73	-25.43
147.63	-55.95
147.41	-76.3
147.1	-96.64
146.71	-127.16
146.2	-172.94
145.51	-223.8
144.62	-274.67
143.52	-320.45
142.24	-356.05
140.81	-381.48
139.29	-406.92
137.66	-442.52
135.89	-483.21
133.96	-539.16
131.8	-590.03
129.44	-625.63
126.94	-651.07
124.33	-691.76
121.57	-778.23
118.45	-910.47
114.81	-1098.67
110.42	-1286.87
105.27	-1439.47
99.51	-1531.02
93.39	-1546.28
87.2	-1500.5
81.2	-1414.03
75.54	-1317.39
70.27	-1225.83
65.37	-1154.62
60.75	-1098.67
56.36	-1052.9
52.15	-1012.2
48.1	-971.51
44.21	-915.56
40.55	-854.52
37.13	-788.4
33.98	-722.28
31.09	-651.07
28.48	-600.2
26.08	-544.25
23.91	-503.56
21.89	-462.87
20.04	-427.26
18.33	-396.74
16.74	-366.22
15.28	-330.62
13.96	-295.01
12.78	-264.5
11.72	-228.89
10.8	-188.2
10.05	-157.68
9.42	-127.16
8.91	-96.64
8.52	-81.38
8.2	-55.95
7.98	-35.61
7.83	-20.35
7.75	-10.17
  7.71(D)	10.17
7.75	20.35
7.83	30.52
7.96	40.69
8.12	50.86
8.32	45.78
8.5	45.78
8.69	45.78
8.87	40.69
9.03	30.52
9.16	35.61
9.3	25.43
9.4	30.52
9.52	30.52
9.64	25.43
9.75	25.43
9.85	10.17
9.89	-5.09
9.87	-25.43
9.77	-45.78
9.58	-45.78
9.4	-45.78
9.22	-30.52
9.09	-5.09
9.07	25.43
9.18	50.86
9.38	61.04
9.62	71.21
9.91	66.12
10.17	55.95
10.4	40.69
10.56	30.52
10.68	25.43
10.78	25.43
10.89	25.43
10.99	30.52
11.11	40.69
11.27	40.69
11.43	40.69
11.6	45.78
11.78	45.78
11.96	50.86
12.17	50.86
12.37	61.04
12.61	76.3
12.92	81.38
13.25	101.73
13.65	111.9
14.1	122.07
14.59	127.16
15.1	127.16
15.61	116.99
16.07	111.9
16.52	91.56
16.89	76.3
17.19	66.12
17.46	50.86
17.66	40.69
17.82	35.61
17.97	25.43
18.07	20.35
18.15	15.26
18.21	-5.09
18.19	-15.26
18.13	-30.52
18.01	-40.69
17.84	-50.86
17.64	-40.69
17.48	-35.61
 17.33(E)	-5.09
17.31	20.35
17.4	61.04
17.64	111.9
18.09	162.77
18.74	223.8
19.63	295.01
20.81	376.4
22.32	467.95
24.19	569.68
26.47	671.41
29.16	768.05
32.23	859.61
35.67	940.99
39.43	1002.03
43.44	1047.81
47.63	1068.15
51.9	1068.15
56.17	1052.9
60.39	1022.38
64.48	996.94
68.46	996.94
72.45	1017.29
76.52	1052.9
80.73	1093.59
85.11	1119.02
89.58	1139.36
94.14	1119.02
98.62	1068.15
102.89	976.6
106.8	869.78
110.27	757.88
113.31	645.98
115.89	559.51
118.13	483.21
120.06	422.18
121.75	376.4
123.25	325.53
124.56	300.1
125.76	274.67
126.86	259.41
127.89	264.5
128.95	259.41
129.99	269.58
131.07	264.5
132.13	254.32
133.14	244.15
134.12	233.98
135.06	223.8
135.95	213.63
136.81	223.8
137.7	223.8
138.6	239.06
139.55	233.98
140.49	228.89
141.4	218.72
142.28	203.46
143.09	178.03
143.8	157.68
144.43	137.33
144.98	127.16
145.49	116.99
145.96	96.64
146.35	81.38
146.67	61.04
146.92	30.52
147.04	5.09
147.06(S)	-20.35
146.98	-35.61
146.84	-55.95
146.61	-61.04
146.37	-76.3
146.06	-96.64
145.68	-116.99
145.21	-147.51
144.62	-183.11
143.89	-223.8
142.99	-274.67
141.89	-325.53
140.59	-371.31
139.1	-432.35
137.37	-483.21
135.44	-534.08
133.31	-574.77
131.01	-610.37
128.57	-620.55
126.08	-640.89
123.52	-676.5
120.81	-773.14
117.72	-940.99
113.96	-1149.54
109.36	-1347.91
103.97	-1505.59
97.94	-1576.8
91.64	-1556.45
85.41	-1490.33
79.45	-1378.43
73.94	-1281.79
68.81	-1205.49
63.99	-1144.45
59.41	-1113.93
54.95	-1083.41
50.62	-1042.72
46.45	-986.77
42.5	-910.47
38.86	-829.09
35.54	-742.62
32.57	-666.32
29.91	-600.2
27.51	-549.34
25.31	-518.82
23.23	-488.3
21.28	-452.69
19.47	-417.09
17.8	-376.4
16.3	-330.62
14.97	-279.75
13.86	-244.15
12.88	-213.63
12.02	-183.11
11.29	-162.77
10.64	-142.42
10.07	-132.25
9.54	-106.82
9.11	-86.47
8.77	-61.04
8.52	-30.52
  8.40(D)	0
8.4	15.26
8.46	30.52
8.59	40.69
8.75	45.78
8.93	40.69
9.09	35.61
9.24	25.43
9.34	25.43
9.44	20.35
9.52	20.35
9.6	20.35
9.68	25.43
9.79	25.43
9.89	25.43
9.99	25.43
10.09	10.17
10.13	-5.09
10.11	-25.43
10.01	-50.86
9.81	-71.21
9.52	-71.21
9.24	-66.12
8.97	-45.78
8.79	-10.17
8.75	20.35
8.83	50.86
9.03	71.21
9.32	76.3
9.62	76.3
9.93	61.04
10.17	50.86
10.38	35.61
10.52	30.52
10.64	25.43
10.74	30.52
10.86	40.69
11.03	40.69
11.19	45.78
11.37	50.86
11.58	55.95
11.8	55.95
12.02	55.95
12.25	55.95
12.47	66.12
12.74	71.21
13.02	81.38
13.35	96.64
13.73	106.82
14.16	116.99
14.63	116.99
15.1	116.99
15.56	106.82
15.99	86.47
16.34	76.3
16.64	55.95
16.87	45.78
17.05	40.69
17.21	25.43
17.31	20.35
17.4	15.26
17.46	0
17.46	-10.17
17.42	-20.35
17.33	-40.69
17.17	-55.95
16.95	-61.04
16.7	-61.04
16.46	-50.86
16.26	-35.61
 16.11(E)	-5.09
16.09	25.43
16.2	71.21
16.48	111.9
16.93	167.85
17.6	233.98
18.54	305.19
19.76	391.66
21.32	483.21
23.26	584.94
25.6	676.5
28.3	768.05
31.37	854.52
34.79	925.73
38.49	986.77
42.44	1032.55
46.57	1052.9
50.78	1057.98
55.02	1047.81
59.21	1022.38
63.3	996.94
67.28	991.86
71.25	991.86
75.22	1002.03
79.23	1022.38
83.32	1037.64
87.47	1052.9
91.68	1057.98
95.91	1032.55
100.04	971.51
103.93	879.96
107.45	762.97
110.5	645.98
113.08	544.25
115.26	457.78
117.09	406.92
118.72	366.22
120.18	335.71
121.53	320.45
122.81	300.1
124.01	284.84
125.15	274.67
126.25	264.5
127.3	264.5
128.36	259.41
129.4	254.32
130.42	244.15
131.39	239.06
132.35	228.89
133.26	223.8
134.16	213.63
135.01	203.46
135.83	193.29
136.6	188.2
137.35	188.2
138.11	188.2
138.86	188.2
139.61	188.2
140.37	172.94
141.06	152.59
141.67	137.33
142.22	116.99
142.69	101.73
143.09	96.64
143.48	86.47
143.82	66.12
144.09	45.78
144.27	20.35
144.35(S)	-20.35
144.27	-50.86
144.07	-91.56
143.7	-116.99
143.23	-152.59
142.62	-172.94
141.93	-208.54
141.1	-233.98
140.16	-274.67
139.06	-315.36
137.8	-361.14
136.36	-396.74
134.77	-442.52
133	-478.13
131.09	-523.9
128.99	-564.6
126.73	-600.2
124.33	-625.63
121.83	-640.89
119.27	-686.67
116.52	-768.05
113.45	-915.56
109.79	-1103.76
105.37	-1291.96
100.2	-1449.64
94.4	-1525.93
88.3	-1541.19
82.14	-1490.33
76.17	-1419.12
70.5	-1342.82
65.13	-1266.53
60.06	-1215.66
55.2	-1164.8
50.54	-1119.02
46.06	-1047.81
41.87	-971.51
37.99	-879.96
34.47	-783.31
31.33	-696.84
28.55	-630.72
26.02	-574.77
23.72	-539.16
21.57	-518.82
19.49	-498.47
17.5	-478.13
15.58	-442.52
13.81	-401.83
12.21	-356.05
10.78	-305.19
9.56	-259.41
8.52	-223.8
7.63	-193.29
6.86	-178.03
6.14	-178.03
5.43	-178.03
4.72	-178.03
4.01	-162.77
3.36	-132.25
2.83	-96.64
2.44	-45.78
  2.26(D)	0
2.26	35.61
2.4	66.12
2.67	71.21
2.95	76.3
3.26	66.12
3.52	50.86
3.72	40.69
3.89	25.43
3.99	20.35
4.07	15.26
4.13	10.17
4.17	5.09
4.19	10.17
4.23	5.09
4.25	0
4.25	5.09
4.27	0
4.27	5.09
4.29	10.17
4.33	15.26
4.39	15.26
4.46	25.43
4.56	20.35
4.64	30.52
4.76	25.43
4.86	30.52
4.98	30.52
5.11	30.52
5.23	25.43
5.33	30.52
5.45	25.43
5.55	25.43
5.66	30.52
5.78	25.43
5.88	35.61
6.02	35.61
6.16	35.61
6.31	40.69
6.47	40.69
6.63	50.86
6.84	50.86
7.04	50.86
7.24	61.04
7.49	71.21
7.77	76.3
8.08	86.47
8.42	96.64
8.81	106.82
9.24	106.82
9.66	106.82
10.09	96.64
10.48	71.21
10.76	50.86
10.97	25.43
11.07	0
11.07	-15.26
11.01	-25.43
10.91	-25.43
10.8	-15.26
10.74	-10.17
10.7	-5.09
10.68	0
 10.68(E)	5.09
10.7	5.09
10.72	15.26
10.78	25.43
10.89	45.78
11.07	81.38
11.39	127.16
11.9	193.29
12.68	269.58
13.75	356.05
15.18	447.61
16.97	544.25
19.15	635.81
21.69	727.36
24.6	803.66
27.81	874.87
31.31	940.99
35.08	986.77
39.02	1017.29
43.09	1037.64
47.24	1032.55
51.37	1017.29
55.44	996.94
59.43	976.6
63.34	966.43
67.2	976.6
71.11	981.68
75.04	1007.12
79.06	1017.29
83.13	1032.55
87.26	1047.81
91.45	1042.72
95.63	1027.46
99.74	971.51
103.62	885.04
107.16	788.4
110.31	671.41
113	554.42
115.22	447.61
117.01	361.14
118.45	289.93
119.61	244.15
120.59	233.98
121.53	223.8
122.42	233.98
123.36	233.98
124.29	233.98
125.23	228.89
126.14	228.89
127.06	233.98
128	233.98
128.93	233.98
129.87	244.15
130.84	239.06
131.8	233.98
132.74	223.8
133.63	218.72
134.51	203.46
135.32	193.29
136.09	183.11
136.83	167.85
137.5	157.68
138.13	137.33
138.68	122.07
139.17	106.82
139.59	86.47
139.94	76.3
140.24	55.95
140.47	35.61
140.61	15.26
140.67(S)	-10.17
140.63	-40.69
140.47	-61.04
140.22	-86.47
139.88	-116.99
139.41	-137.33
138.86	-162.77
138.21	-203.46
137.4	-244.15
136.42	-289.93
135.26	-350.97
133.86	-401.83
132.25	-442.52
130.48	-478.13
128.57	-503.56
126.55	-523.9
124.46	-539.16
122.3	-559.51
120.06	-590.03
117.7	-651.07
115.1	-773.14
112	-946.08
108.22	-1149.54
103.62	-1332.65
98.29	-1475.07
92.39	-1531.02
86.27	-1515.76
80.2	-1449.64
74.4	-1363.17
68.95	-1281.79
63.82	-1220.75
58.94	-1169.88
54.26	-1134.28
49.73	-1093.59
45.35	-1042.72
41.18	-966.43
37.31	-874.87
33.81	-778.23
30.7	-681.58
27.98	-595.11
25.6	-518.82
23.52	-473.04
21.63	-437.43
19.88	-417.09
18.21	-391.66
16.64	-371.31
15.16	-345.88
13.77	-305.19
12.55	-269.58
11.48	-228.89
10.56	-188.2
9.81	  N/A
	
