  I     	  II     	  LV     	  LV'		
-11.90   	-58.59   	 43.30   	 -81.38		
-12.21   	-62.87   	 42.97   	-162.77		
-11.60   	-72.02   	 42.32   	-289.93		
 -9.46   	-80.87   	 41.16   	-406.92		
 -6.71   	-86.36   	 39.53   	-513.73		
 -4.27   	-86.36   	 37.48   	-595.11		
 -3.36   	-81.18   	 35.10   	-620.55		
 -4.27   	-72.94   	 32.61   	-584.94		
 -6.71   	-65.00   	 30.27   	-523.90		
 -9.77   	-59.81   	 28.18   	-447.61		
-12.51   	-58.90   	 26.39   	-350.97		
-14.34   	-60.42   	 24.98   	-244.15		
-15.56   	-62.87   	 24.01   	-122.07		
-16.17   	-65.31   	 23.52   	  -5.09		
-16.78   	-67.14   	 23.50   	  71.21		
-17.40   	-67.75   	 23.78   	 122.07		
-17.40   	-65.61   	 24.27   	  96.64		
-16.78   	-61.34   	 24.66   	  25.43		
-15.87   	-57.07   	 24.76   	 -40.69		
-15.26   	-56.76   	 24.60   	 -96.64		
-15.26   	-62.87   	 24.21   	-142.42		
-15.56   	-74.46   	 23.64   	-147.51		
-15.87   	-88.20   	 23.05   	-172.94		
-15.26   	-98.88   	 22.36   	-228.89		
-13.73   	-102.84   	 21.44   	-274.67		
-11.90   	-100.10   	 20.35   	-279.75		
-10.38   	-92.77   	 19.23   	-142.42		
 -9.77   	-84.23   	 18.66   	 152.59		
 -9.46   	-76.29   	 19.27   	 523.90		
-10.07   	-70.19   	 21.36   	 874.87		
-10.68   	-66.83   	 24.86   	1129.19		
-11.29   	-67.14   	 29.38   	1144.45		
-11.60   	-70.19   	 33.96   	 930.82		
-11.60   	-75.99   	 37.68   	 549.34		
-11.29   	-83.92   	 39.88   	 111.90		
-10.99   	-93.99   	 40.33   	-381.48		
-11.29   	-105.90   	 38.80   	-996.94		
-11.60   	-116.58   	 34.81   	-1444.55		
-12.21   	-121.15   	 29.03   	-1363.17		
-12.82   	-116.27   	 23.58   	-976.60		
-13.12   	-104.06   	 19.67   	-554.42		
-13.43   	-90.03   	 17.46   	 -91.56		
-14.04   	-79.65   	 17.09   	 279.75		
-13.43   	-75.68   	 18.21   	 554.42		
-11.90   	-78.43   	 20.43   	 818.92		
 -9.77   	-86.67   	 23.70   	1083.41		
 -7.32   	-97.96   	 28.04   	1215.66		
 -5.80   	-108.95   	 32.90   	1088.50		
 -4.88   	-114.44   	 37.25   	 686.67		
 -4.88   	-111.69   	 40.00   	  76.30		
 -4.58   	-101.93   	 40.31   	-579.86		
 -4.88   	-90.64   	 37.99   	-1093.59		
 -6.10   	-83.31   	 33.61   	-1261.44		
 -8.24   	-82.40   	 28.57   	-1068.15		
-10.99   	-85.45   	 24.29   	-696.84		
-13.73   	-89.72   	 21.51   	-310.27		
-15.26   	-93.38   	 20.26   	 -10.17		
-15.87   	-96.44   	 20.22   	 244.15		
-16.48   	-99.18   	 21.20   	 462.87		
-17.70   	-100.40   	 23.05   	 635.81		
-19.53   	-100.71   	 25.60   	 671.41		
-21.97   	-102.84   	 28.28   	 579.86		
-23.50   	-109.56   	 30.60   	 401.83		
-24.11   	-121.15   	 32.21   	 178.03		
-23.19   	-133.67   	 32.92   	 -55.95		
-21.36   	-140.08   	 32.70   	-223.80		
-19.23   	-133.97   	 31.80   	-345.88		
-17.09   	-117.19   	 30.42   	-391.66		
-15.56   	-97.35   	 28.85   	-371.31		
-14.65   	-85.75   	 27.37   	-300.10		
-14.95   	-86.36   	 26.16   	-183.11		
-15.87   	-94.60   	 25.43   	 -61.04		
-16.78   	-101.32   	 25.19   	  71.21		
-16.48   	-99.79   	 25.47   	 188.20		
-14.95   	-90.94   	 26.23   	 259.41		
-13.12   	-82.70   	 27.26   	 284.84		
-11.60   	-81.18   	 28.40   	 264.50		
-11.90   	-86.06   	 29.46   	 193.29		
-13.43   	-93.08   	 30.23   	 111.90		
-14.65   	-98.88   	 30.68   	  15.26		
-14.95   	-102.54   	 30.74   	 -71.21		
-13.43   	-104.37   	 30.46   	-127.16		
-11.29   	-104.06   	 29.95   	-157.68		
 -9.77   	-99.79   	 29.32   	-157.68		
 -9.16   	-91.86   	 28.69   	-122.07		
 -8.85   	-82.40   	 28.20   	 -81.38		
 -7.93   	-75.99   	 27.87   	 -30.52		
 -6.41   	-74.46   	 27.75   	  20.35		
 -4.88   	-77.51   	 27.83   	  71.21		
 -4.58   	-83.31   	 28.12   	 101.73		
 -6.41   	-90.03   	 28.52   	  96.64		
 -9.77   	-96.44   	 28.91   	  81.38		
-12.82   	-101.32   	 29.24   	  61.04		
-15.26   	-103.76   	 29.48   	  35.61		
-16.17   	-102.84   	 29.62   	  10.17		
-16.17   	-99.49   	 29.66   	 -10.17		
-15.87   	-95.52   	 29.62   	 -30.52		
-15.26   	-93.08   	 29.50   	 -40.69		
-15.26   	-93.69   	 29.34   	 -35.61		
-15.87   	-95.83   	 29.20   	 -30.52		
-17.40   	-95.52   	 29.07   	 -20.35		
-18.92   	-89.72   	 28.99   	   0.00		
-19.84   	-79.96   	 28.99   	  20.35		
-19.23   	-71.11   	 29.07   	  25.43		
-18.01   	-67.75   	 29.18   	  25.43		
-17.09   	-69.27   	 29.28   	  35.61		
-17.40   	-72.94   	 29.42   	  35.61		
-18.62   	-75.07   	 29.56   	  25.43		
-19.84   	-76.29   	 29.66   	  15.26		
-20.14   	-79.96   	 29.73   	  15.26		
-19.53   	-89.11   	 29.79   	  10.17		
-18.31   	-100.10   	 29.83   	  10.17		
-17.09   	-104.68   	 29.87   	  10.17		
-15.87   	-97.96   	 29.91   	   0.00		
-15.26   	-82.70   	 29.91   	   5.09		
-14.95   	-67.75   	 29.93   	   0.00		
-15.26   	-63.17   	 29.93   	  -5.09		
-14.95   	-72.02   	 29.91   	 -10.17		
-13.43   	-86.98   	 29.87   	  -5.09		
-11.60   	-96.13   	 29.85   	   0.00		
-10.07   	-92.16   	 29.85   	   0.00		
 -9.16   	-77.82   	 29.85   	  10.17		
 -9.46   	-61.95   	 29.89   	  10.17		
 -9.77   	-52.19   	 29.93   	  15.26		
 -9.77   	-50.05   	 29.99   	   5.09		
 -9.16   	-51.57   	 30.01   	   0.00		
 -8.85   	-51.88   	 30.01   	 -10.17		
 -8.24   	-50.66   	 29.97   	 -10.17		
 -7.32   	-50.05   	 29.93   	 -15.26		
 -6.10   	-50.05   	 29.87   	 -15.26		
 -4.88   	-49.13   	 29.81   	 -20.35		
 -3.97   	-44.86   	 29.73   	 -10.17		
 -3.97   	-36.62   	 29.68   	 -15.26		
 -4.88   	-27.16   	 29.62   	 -10.17		
 -6.71   	-20.14   	 29.58   	 -10.17		
 -8.85   	-18.31   	 29.54   	 -15.26		
-10.68   	-23.19   	 29.48   	 -15.26		
-10.99   	-33.26   	 29.42   	 -20.35		
-10.38   	-46.69   	 29.34   	 -25.43		
 -9.46   	-59.81   	 29.24   	 -30.52		
 -8.85   	-69.27   	 29.11   	 -30.52		
 -8.85   	-72.94   	 28.99   	 -30.52		
 -9.46   	-72.33   	 28.87   	 -35.61		
 -9.46   	-70.19   	 28.73   	 -30.52		
 -8.54   	-68.97   	 28.61   	 -30.52		
 -6.71   	-69.27   	 28.48   	 -25.43		
 -5.49   	-69.89   	 28.38   	 -30.52		
 -4.88   	-68.66   	 28.26   	 -35.61		
 -6.10   	-63.78   	 28.12   	 -40.69		
 -8.24   	-57.07   	 27.96   	 -40.69		
-10.68   	-51.27   	 27.79   	 -40.69		
-12.51   	-50.05   	 27.63   	 -45.78		
-13.43   	-54.02   	 27.45   	 -40.69		
-13.43   	-61.04   	 27.28   	 -40.69		
-12.51   	-66.53   	 27.12   	 -35.61		
-11.90   	-67.44   	 26.98   	 -30.52		
-11.60   	-63.48   	 26.86   	 -30.52		
-11.60   	-57.68   	 26.73   	 -30.52		
-11.90   	-54.63   	 26.61   	 -25.43		
-11.29   	-56.76   	 26.51   	 -20.35		
-10.07   	-62.56   	 26.43   	 -30.52		
 -8.54   	-68.36   	 26.31   	 -35.61		
 -7.32   	-69.58   	 26.16   	 -40.69		
 -7.32   	-65.92   	 26.00   	 -50.86		
 -7.63   	-61.04   	 25.80   	 -61.04		
 -7.63   	-59.81   	 25.55   	 -66.12		
 -7.32   	-63.48   	 25.29   	 -66.12		
 -6.71   	-68.36   	 25.03   	 -71.21		
 -6.10   	-68.66   	 24.74   	 -71.21		
 -5.49   	-62.56   	 24.46   	 -71.21		
 -4.27   	-53.41   	 24.17   	 -66.12		
 -2.14   	-47.91   	 23.91   	 -66.12		
  0.00   	-50.35   	 23.64   	 -55.95		
  1.22   	-57.68   	 23.42   	 -50.86		
  0.31   	-64.09   	 23.21   	 -50.86		
 -2.75   	-65.31   	 23.01   	 -45.78		
 -6.10   	-62.87   	 22.83   	 -45.78		
 -9.16   	-60.73   	 22.64   	 -40.69		
-10.38   	-61.95   	 22.48   	 -35.61		
-10.07   	-63.48   	 22.34   	 -35.61		
 -8.85   	-61.34   	 22.20   	 -30.52		
 -7.93   	-52.19   	 22.08   	 -25.43		
 -7.32   	-39.37   	 21.97   	 -25.43		
 -7.02   	-28.38   	 21.87   	 -20.35		
 -6.71   	-24.72   	 21.79   	 -20.35		
 -5.80   	-28.69   	 21.71   	 -20.35		
 -5.19   	-38.15   	 21.63   	 -25.43		
 -3.97   	-47.91   	 21.53   	 -25.43		
 -2.14   	-54.02   	 21.42   	 -25.43		
 -0.61   	-54.32   	 21.32   	 -25.43		
 -0.31   	-47.61   	 21.22   	 -25.43		
 -2.14   	-35.71   	 21.12   	 -25.43		
 -4.58   	-22.58   	 21.02   	 -30.52		
 -6.41   	-14.65   	 20.90   	 -25.43		
 -6.41   	-16.17   	 20.79   	 -25.43		
 -4.88   	-25.63   	 20.69   	 -30.52		
 -3.36   	-35.71   	 20.57   	 -25.43		
 -3.05   	-39.67   	 20.47   	 -20.35		
 -3.05   	-35.71   	 20.39   	 -20.35		
 -3.05   	-28.99   	 20.31   	 -25.43		
 -2.14   	-26.25   	 20.20   	 -20.35		
 -1.22   	-28.99   	 20.12   	 -15.26		
 -1.53   	-31.13   	 20.06   	 -20.35		
 -2.75   	-27.47   	 19.98   	 -20.35		
 -3.36   	-17.40   	 19.90   	 -15.26		
 -3.05   	 -7.32   	 19.84   	  -5.09		
 -1.22   	 -3.66   	 19.82   	 -10.17		
  0.31   	 -8.54   	 19.78   	 -10.17		
  0.31   	-16.78   	 19.74   	  -5.09		
 -0.31   	-21.06   	 19.72   	  -5.09		
 -0.92   	-17.70   	 19.69   	  -5.09		
  0.31   	-10.38   	 19.67   	 -15.26		
  3.36   	 -6.10   	 19.61   	 -10.17		
  7.02   	 -9.46   	 19.57   	  -5.09		
 10.38   	-19.23   	 19.55   	 -10.17		
 11.29   	-27.77   	 19.51   	  -5.09		
  9.16   	-27.47   	 19.49   	   0.00		
  4.58   	-16.17   	 19.49   	   0.00		
 -0.92   	 -0.92   	 19.49   	   5.09		
 -5.19   	  7.63   	 19.51   	   5.09		
 -6.41   	  3.97   	 19.53   	   5.09		
 -5.49   	 -7.93   	 19.55   	   0.00		
 -3.66   	-18.31   	 19.55   	   0.00		
 -3.36   	-19.23   	 19.55   	  -5.09		
 -4.27   	 -9.77   	 19.53   	   0.00		
 -5.19   	  3.05   	 19.53   	   0.00		
 -5.19   	 10.99   	 19.53   	  -5.09		
 -3.97   	 11.29   	 19.51   	  -5.09		
 -2.14   	  7.02   	 19.49   	   0.00		
 -1.22   	  1.53   	 19.49   	  -5.09		
 -1.83   	 -3.36   	 19.47   	  -5.09		
 -3.36   	 -7.32   	 19.45   	  -5.09		
 -5.19   	-10.07   	 19.43   	  -5.09		
 -6.41   	 -9.46   	 19.41   	  -5.09		
 -6.41   	 -3.66   	 19.39   	   0.00		
 -4.88   	  5.49   	 19.39   	  -5.09		
 -3.05   	 14.04   	 19.37   	   0.00		
 -1.22   	 17.40   	 19.37   	  -5.09		
  0.00   	 14.65   	 19.35   	   0.00		
  1.22   	  9.77   	 19.35   	   0.00		
  2.44   	  6.41   	 19.35   	  -5.09		
  3.36   	  6.10   	 19.33   	   0.00		
  3.05   	  8.24   	 19.33   	 -10.17		
  1.83   	 10.38   	 19.29   	 -10.17		
  0.00   	 10.07   	 19.25   	 -10.17		
 -0.92   	  7.93   	 19.21   	 -15.26		
 -1.22   	  5.19   	 19.15   	 -10.17		
 -0.92   	  4.27   	 19.10   	 -20.35		
 -0.31   	  6.41   	 19.02   	 -15.26		
  0.61   	 11.29   	 18.96   	 -15.26		
  2.44   	 16.48   	 18.90   	 -10.17		
  5.19   	 18.92   	 18.86   	  -5.09		
  7.63   	 16.78   	 18.84   	   0.00		
  9.46   	 11.29   	 18.84   	   0.00		
 10.07   	  4.58   	 18.84   	   5.09		
 10.68   	 -0.61   	 18.86   	   5.09		
 10.99   	 -2.44   	 18.88   	   5.09		
 10.38   	  0.61   	 18.90   	   5.09		
  8.54   	 10.68   	 18.92   	  -5.09		
  5.49   	 25.94   	 18.90   	 -10.17		
  2.14   	 39.98   	 18.86   	 -10.17		
 -0.31   	 43.95   	 18.82   	 -20.35		
 -0.92   	 32.65   	 18.74   	 -20.35		
 -0.61   	 10.99   	 18.66   	 -15.26		
  0.00   	 -6.41   	 18.60   	 -10.17		
  0.00   	 -7.93   	 18.56   	  -5.09		
  0.31   	  6.10   	 18.54   	   0.00		
  1.22   	 22.28   	 18.54   	   5.09		
  2.75   	 27.47   	 18.56   	   0.00		
  3.97   	 18.92   	 18.56   	   0.00		
  3.36   	  6.41   	 18.56   	   0.00		
  2.14   	  2.75   	 18.56   	 -10.17		
  0.92   	 11.60   	 18.51   	  -5.09		
  0.31   	 24.72   	 18.49   	 -10.17		
  0.61   	 31.74   	 18.45   	  -5.09		
  1.22   	 26.55   	 18.43   	 -10.17		
  1.53   	 14.34   	 18.39   	  -5.09		
  1.53   	  5.19   	 18.37   	 -10.17		
  0.61   	  4.58   	 18.33   	 -10.17		
 -0.31   	  8.24   	 18.29   	 -10.17		
 -0.92   	  9.77   	 18.25   	 -10.17		
 -0.31   	  7.63   	 18.21   	 -10.17		
  2.44   	  6.71   	 18.17   	 -10.17		
  6.10   	 12.51   	 18.13   	 -10.17		
  8.85   	 24.41   	 18.09   	 -10.17		
  9.46   	 32.65   	 18.05   	 -15.26		
  7.93   	 28.69   	 17.99   	 -25.43		
  6.71   	 -1.53   	 17.88   	  -5.09		
  7.02   	 10.99   	 17.86   	 -25.43		
  1.53   	 35.10   	 17.76   	 -15.26		
  1.83   	 19.53   	 17.70   	 -20.35		
  5.19   	  2.75   	 17.62   	 -15.26		
  9.77   	 -4.88   	 17.56   	 -15.26		
 14.34   	  0.31   	 17.50   	 -10.17		
 17.09   	 14.65   	 17.46   	  -5.09		
 17.40   	 28.69   	 17.44   	   0.00		
 16.48   	 34.48   	 17.44   	  -5.09		
 14.95   	 31.43   	 17.42   	  -5.09		
 14.65   	 24.41   	 17.40   	   0.00		
 15.26   	 19.84   	 17.40   	 -10.17		
 15.26   	 20.45   	 17.35   	  -5.09		
 13.73   	 22.28   	 17.33   	 -10.17		
 10.38   	 21.06   	 17.29   	 -15.26		
  7.02   	 14.95   	 17.23   	 -15.26		
  5.49   	  6.41   	 17.17   	 -10.17		
  6.71   	  0.00   	 17.13   	   0.00		
  8.54   	 -0.31   	 17.13   	   0.00		
  9.16   	  6.10   	 17.13   	   5.09		
  7.32   	 17.70   	 17.15   	   5.09		
  5.19   	 30.52   	 17.17   	  10.17		
  4.27   	 37.84   	 17.21   	  10.17		
  5.80   	 33.57   	 17.25   	   5.09		
  7.93   	 18.31   	 17.27   	   0.00		
  9.16   	  0.92   	 17.27   	   0.00		
  8.54   	 -4.88   	 17.27   	  -5.09		
  6.71   	  6.41   	 17.25   	 -10.17		
  5.19   	 27.77   	 17.21   	 -10.17		
  4.58   	 41.81   	 17.17   	 -10.17		
  5.19   	 36.01   	 17.13   	  -5.09		
  5.19   	 14.34   	 17.11   	 -10.17		
  3.97   	 -7.02   	 17.07   	  -5.09		
  2.44   	-11.90   	 17.05   	   5.09		
  2.44   	  2.75   	 17.07   	  10.17		
  4.88   	 26.25   	 17.11   	   0.00		
  8.24   	 43.64   	 17.11   	   5.09		
 10.68   	 44.56   	 17.13   	   0.00		
 10.68   	 32.04   	 17.13   	   5.09		
  9.16   	 16.78   	 17.15   	   5.09		
  8.24   	  9.77   	 17.17   	   0.00		
  8.54   	 13.73   	 17.17   	 -10.17		
  8.54   	 21.97   	 17.13   	   0.00		
  7.63   	 25.02   	 17.13   	  -5.09		
  5.49   	 17.40   	 17.11   	  -5.09		
  3.36   	  5.80   	 17.09   	 -15.26		
  3.66   	  0.61   	 17.03   	 -10.17		
  6.10   	 10.38   	 16.99   	   5.09		
 11.29   	 35.40   	 17.01(E)	   5.09		
 18.62   	 71.11   	 17.03   	   0.00		
 26.55   	115.05   	 17.03   	   5.09		
 31.74   	173.34   	 17.05   	  15.26		
 29.91   	262.45   	 17.11   	  35.61		
 20.75   	406.19   	 17.25   	  55.95		
 11.29   	618.59   	 17.48   	  81.38		
 12.51   	881.35   	 17.80   	 137.33		
 31.43   	1135.25   	 18.35   	 188.20		
 62.87   	1296.69   	 19.10   	 218.72		
 90.03   	1304.63(R)	 19.98   	 228.89		
 93.08   	1159.97   	 20.90   	 244.15		
 63.48   	926.51   	 21.87   	 264.50		
 10.68   	690.00   	 22.93   	 289.93		
-46.08   	506.59   	 24.09   	 295.01		
-89.11   	383.30   	 25.27   	 284.84		
-110.17   	296.63   	 26.41   	 295.01		
-111.69   	224.00   	 27.59   	 361.14		
-99.18   	159.61   	 29.03   	 478.13		
-76.90   	104.98   	 30.95   	 635.81		
-48.83   	 58.59   	 33.49   	 854.52		
-21.67   	 14.34   	 36.91   	1119.02		
 -2.14   	-27.77   	 41.38   	1358.08		
  6.10   	-60.42   	 46.82   	1510.68		
  4.27   	-74.46   	 52.86   	1586.97		
 -1.53   	-66.83   	 59.21   	1531.02		
 -4.58   	-47.00   	 65.33   	1047.81		
 -2.75   	-30.52   	 69.52   	 172.94		
  2.44   	-28.08   	 70.21   	-310.27		
  7.32   	-41.50   	 68.97   	  -5.09		
  8.24   	-62.26   	 68.95   	 503.56		
  5.19   	-79.35   	 70.97   	 991.86		
  0.61   	-86.67   	 74.93   	1688.70		
 -1.53   	-86.98   	 81.69   	1978.63		
  0.31   	-82.70   	 89.60   	1485.24		
  5.80   	-71.72   	 95.54   	 778.23		
 10.68   	-50.66   	 98.66   	 162.77		
 12.51   	-24.72   	 99.31   	-554.42		
 11.60   	-10.68   	 97.09   	-1185.14		
 10.07   	-23.80   	 92.35   	-1378.43		
 10.99   	-63.48   	 86.84   	-1139.36		
 14.04   	-106.20   	 82.28   	-742.62		
 17.40   	-120.24   	 79.31   	-259.41		
 19.53   	-92.77   	 78.27   	 274.67		
 20.14   	-41.50   	 79.37   	 737.54		
 20.14   	 -1.53   	 82.32   	1052.90		
 20.75   	  0.92   	 86.53   	1220.75		
 21.67   	-30.21   	 91.41   	1185.14		
 21.67   	-66.22   	 96.15   	1002.03		
 20.14   	-79.04   	100.16   	 727.36		
 18.62   	-65.61   	103.07   	 406.92		
 18.62   	-44.56   	104.70   	  71.21		
 20.14   	-35.40   	104.98   	-295.01		
 22.58   	-36.93   	103.80   	-645.98		
 24.11   	-32.65   	101.22   	-890.13		
 25.02   	-16.17   	 97.66   	-879.96		
 27.16   	 -2.75   	 94.14   	-574.77		
 31.13   	-13.73   	 91.84   	-116.99		
 36.01   	-47.30   	 91.37   	 310.27		
 39.67   	-72.63   	 92.61   	 696.84		
 42.42   	-55.54   	 95.40   	 986.77		
 44.56   	  4.88   	 99.35   	1047.81		
 48.22   	 69.58   	103.54   	 874.87		
 52.80   	 91.25   	107.04   	 620.55		
 57.07   	 57.07   	109.52   	 310.27		
 58.90   	 -0.31   	110.76(S)	 -76.30		
 58.59   	-28.69   	110.46   	-412.00		
 57.68   	 -1.22   	108.81   	-574.77		
 58.29   	 65.31   	106.51   	-554.42		
 60.42   	126.65   	104.29   	-391.66		
 64.09   	148.01   	102.73   	-167.85		
 67.75   	128.48   	102.05   	  81.38		
 70.80   	 95.52   	102.38   	 300.10		
 72.63   	 81.18   	103.58   	 437.43		
 73.85   	100.71   	105.33   	 422.18		
 75.07   	146.79   	107.02   	 284.84		
 76.29   	197.75   	108.16   	 116.99		
 77.51   	232.24   	108.63   	 -25.43		
 78.43   	240.48   	108.52   	-147.51		
 78.74   	224.61   	107.93   	-254.32		
 77.21   	197.75   	106.92   	-305.19		
 73.85   	175.17   	105.70   	-295.01		
 69.27   	167.24   	104.52   	-259.41		
 64.39   	172.42   	103.48   	-183.11		
 59.81   	180.36   	102.75   	-106.82		
 55.24   	179.75   	102.32   	 -55.95		
 49.44   	166.63   	102.10   	 -30.52		
 41.50   	144.04   	101.97   	 -50.86		
 32.35   	119.93   	101.77   	 -96.64		
 23.50   	 98.88   	101.38   	-183.11		
 16.48   	 81.18   	100.65   	-274.67		
 11.60   	 65.00   	 99.55   	-386.57		
  8.54   	 49.44   	 98.01   	-493.39		
  6.41   	 36.32   	 96.03   	-574.77		
  4.27   	 27.47   	 93.73   	-640.89		
  1.83   	 21.67   	 91.17   	-676.50		
 -0.61   	 16.78   	 88.46   	-691.76		
 -3.05   	 11.29   	 85.70   	-681.58		
 -5.80   	  5.19   	 82.97   	-666.32		
 -7.93   	  0.31   	 80.30   	-676.50		
 -9.16   	 -2.14   	 77.60   	-666.32		
 -9.46   	 -3.36   	 74.93   	-508.65		
 -9.16   	 -4.88   	 72.90   	-244.15		
 -8.54   	 -7.02   	 71.92   	-137.33		
 -8.85   	 -9.77   	 71.37   	-386.57		
 -9.77   	-11.90   	 69.83   	-834.18		
-11.60   	-13.12   	 66.49   	-1256.35		
-13.12   	-13.43   	 61.46   	-1541.19		
-14.04   	-13.12   	 55.30   	-1632.75		
-14.04   	-12.82   	 48.77   	-1525.93		
-13.73   	-12.82   	 42.67   	-1266.53		
-12.51   	-13.73   	 37.60   	-849.44		
-11.90   	-14.95   	 34.20   	-417.09		
-11.60   	-15.87   	 32.53   	 -71.21		
-12.51   	-15.56   	 32.25   	 157.68		
-13.73   	-13.43   	 32.88   	 249.24		
-15.56   	-10.99   	 33.88   	 198.37		
-16.78   	 -9.77   	 34.67   	  -5.09		
-17.09   	-10.38   	 34.65   	-289.93		
-16.17   	-12.21   	 33.49   	-564.60		
-14.04   	-11.90   	 31.23   	-768.05		
-10.99   	 -8.85   	 28.16   	-864.70		
 -7.63   	 -3.36   	 24.70   	-854.52		
 -5.19   	  2.44   	 21.28   	-732.45		
 -3.97   	  5.80   	 18.35   	-534.08		
 -3.97   	  6.41   	 16.22   	-315.36		
 -4.88   	  5.19   	 14.95   	-122.07		
 -6.41   	  3.66   	 14.47   	  35.61		
 -8.54   	  2.44   	 14.61   	 127.16		
-11.60   	  1.83   	 15.12   	 152.59		
-14.34   	  0.61   	 15.73   	 162.77		
-17.09   	 -1.22   	 16.38   	 137.33		
-18.62   	 -3.66   	 16.93   	  66.12		
-18.62   	 -5.80   	 17.19   	 -45.78		
-17.09   	 -5.19   	 17.01   	-162.77		
-14.95   	 -2.44   	 16.36   	-264.50		
-12.82   	  1.83   	 15.30   	-284.84		
-11.29   	  4.88   	 14.16   	-259.41		
-10.68   	  4.88   	 13.12   	-193.29		
-11.29   	  1.53   	 12.35   	 -81.38		
-12.21   	 -3.97   	 12.02(D)	  40.69		
-12.51   	-10.38   	 12.19   	 152.59		
-11.90   	-15.87   	 12.80   	 244.15		
-10.99   	-19.23   	 13.77   	 274.67		
 -9.77   	-19.23   	 14.87   	 249.24		
 -9.16   	-15.87   	 15.87   	 198.37		
 -8.85   	-10.99   	 16.66   	 157.68		
 -9.16   	 -7.32   	 17.29   	 188.20		
-10.07   	 -6.71   	 18.05   	 300.10		
-10.99   	 -9.46   	 19.25   	 508.65		
-11.90   	-13.43   	 21.28   	 584.94		
-12.21   	-17.09   	 23.62   	 279.75		
-11.90   	-20.14   	 24.74   	-783.31		
-13.12   	-27.77   	 21.61   	-259.41		
-13.73   	-28.08   	 20.57   	-305.19		
-13.73   	-27.47   	 19.35   	-320.45		
-13.43   	-28.69   	 18.07   	-279.75		
-12.82   	-32.35   	 16.95   	-223.80		
-12.21   	-37.23   	 16.05   	-279.75		
-11.29   	-33.57   	 14.93   	  61.04		
-11.29   	-28.99   	 15.18   	 518.82		
-14.04   	-36.62   	 17.25   	 264.50		
-15.56   	-41.50   	 18.31   	 279.75		
-17.40   	-44.86   	 19.43   	 305.19		
-18.92   	-47.00   	 20.65   	 300.10		
-20.14   	-48.83   	 21.85   	 264.50		
-20.45   	-49.74   	 22.91   	 218.72		
-20.14   	-49.44   	 23.78   	 116.99		
-18.92   	-47.30   	 24.25   	 -50.86		
-18.31   	-43.64   	 24.05   	-239.06		
-17.40   	-40.89   	 23.09   	-386.57		
-16.78   	-39.98   	 21.55   	-406.92		
-15.56   	-41.20   	 19.92   	-320.45		
-13.73   	-43.03   	 18.64   	-162.77		
-12.21   	-44.56   	 17.99   	 -15.26		
-11.60   	-44.86   	 17.92   	 101.73		
-12.21   	-45.47   	 18.33   	 188.20		
-13.43   	-47.91   	 19.08   	 254.32		
-15.26   	-52.80   	 20.10   	 269.58		
-17.70   	-59.51   	 21.18   	 259.41		
-19.84   	-65.61   	 22.22   	 198.37		
-21.97   	-68.05   	 23.01   	  81.38		
-23.19   	-65.92   	 23.34   	 -30.52		
-23.50   	-60.12   	 23.21   	 -96.64		
-22.58   	-54.32   	 22.83   	-137.33		
-21.67   	-51.88   	 22.28   	-157.68		
-20.45   	-54.63   	 21.65   	-152.59		
-19.53   	-61.04   	 21.04   	-127.16		
-18.31   	-66.22   	 20.53   	 -66.12		
-16.48   	-66.53   	 20.26   	  15.26		
-14.04   	-60.42   	 20.33   	  86.47		
-11.60   	-51.27   	 20.67   	 142.42		
-10.07   	-43.03   	 21.24   	 172.94		
 -9.46   	-39.98   	 21.93   	 157.68		
-10.68   	-43.33   	 22.56   	 106.82		
-12.21   	-51.88   	 22.99   	  45.78		
-11.90   	-60.12   	 23.17   	 -15.26		
 -7.63   	-58.59   	 23.11   	 -55.95		
  0.61   	-33.57   	 22.89   	 -81.38		
  9.77   	 29.60   	 22.56   	 -76.30		
 14.04   	140.99   	 22.26   	 -45.78		
 10.68   	307.01   	 22.08   	  10.17		
  4.58   	525.21   	 22.12(E)	  76.30		
  6.10   	776.67   	 22.42   	 152.59		
 22.89   	1016.54   	 23.03   	 218.72		
 52.49   	1182.25   	 23.91   	 279.75		
 80.26   	1219.48(R)	 25.03   	 315.36		
 89.11   	1117.55   	 26.29   	 335.71		
 70.50   	916.14   	 27.63   	 335.71		
 29.30   	685.42   	 28.97   	 330.62		
-19.23   	483.09   	 30.29   	 310.27		
-61.34   	329.90   	 31.54   	 284.84		
-89.42   	220.64   	 32.68   	 264.50		
-102.23   	141.60   	 33.73   	 269.58		
-100.71   	 83.01   	 34.81   	 279.75		
-85.45   	 37.84   	 35.93   	 315.36		
-60.12   	 -2.75   	 37.19   	 417.09		
-31.43   	-45.78   	 38.86   	 640.89		
 -9.46   	-86.98   	 41.42   	 966.43		
  0.00   	-114.75   	 45.29   	1302.13		
 -1.53   	-121.15   	 50.50   	1515.76		
 -7.63   	-112.00   	 56.56   	1551.37		
-12.21   	-102.54   	 62.77   	1464.90		
-12.21   	-104.68   	 68.63   	1322.48		
 -9.77   	-118.71   	 73.92   	1236.01		
 -7.93   	-135.80   	 78.86   	1113.93		
 -7.32   	-146.48   	 83.32   	 849.44		
 -7.32   	-146.79   	 86.71   	 640.89		
 -6.71   	-138.24   	 89.28   	 584.94		
 -5.19   	-126.34   	 91.62   	 239.06		
 -3.66   	-116.27   	 92.57   	-188.20		
 -3.05   	-111.08   	 91.82   	 -61.04		
 -3.05   	-111.39   	 91.58   	 401.83		
 -3.97   	-115.36   	 93.18   	 732.45		
 -4.88   	-120.85   	 96.11   	 859.61		
 -5.49   	-126.65   	 99.55   	 859.61		
 -4.88   	-130.92   	102.99   	 579.86		
 -3.05   	-131.53   	105.31   	 127.16		
 -0.61   	-126.65   	105.82   	-244.15		
  2.14   	-116.27   	104.84   	-478.13		
  4.58   	-101.93   	102.93   	-666.32		
  6.41   	-86.98   	100.26   	-717.19		
  7.32   	-75.68   	 97.40   	-549.34		
  8.24   	-71.72   	 95.20   	-233.98		
  9.46   	-75.68   	 94.26   	 178.03		
 10.99   	-83.62   	 94.97   	 630.72		
 12.51   	-90.03   	 97.50   	 991.86		
 14.04   	-89.72   	101.46   	1144.45		
 14.34   	-81.18   	106.04   	1042.72		
 12.82   	-68.36   	110.21   	 829.09		
 10.99   	-57.98   	113.53   	 544.25		
  9.77   	-53.41   	115.71   	 193.29		
 10.99   	-55.24   	116.48   	-137.33		
 14.34   	-59.20   	115.93   	-335.71		
 18.01   	-61.65   	114.59   	-350.97		
 21.36   	-60.42   	113.18   	-254.32		
 23.80   	-56.15   	112.17   	-132.25		
 25.94   	-50.66   	111.64   	 -15.26		
 28.69   	-44.25   	111.58   	  96.64		
 32.65   	-35.40   	111.96   	 233.98		
 36.62   	-22.28   	112.90   	 371.31		
 40.59   	 -4.58   	114.38   	 427.26		
 43.95   	 16.78   	116.09   	 350.97		
 47.30   	 39.37   	117.50   	 198.37		
 50.35   	 61.34   	118.29   	  55.95		
 53.71   	 83.31   	118.51(S)	 -45.78		
 57.37   	105.90   	118.33   	-106.82		
 61.04   	127.87   	117.90   	-122.07		
 64.70   	147.71   	117.42   	-116.99		
 68.05   	163.57   	116.95   	 -91.56		
 70.19   	173.34   	116.58   	 -81.38		
 71.41   	176.39   	116.26   	 -40.69		
 71.41   	173.95   	116.09   	  10.17		
 70.50   	168.15   	116.13   	  50.86		
 68.05   	161.74   	116.34   	  55.95		
 64.39   	156.25   	116.56   	  30.52		
 59.81   	150.76   	116.68   	  -5.09		
 54.63   	141.91   	116.66   	 -66.12		
 49.74   	127.87   	116.40   	-157.68		
 45.17   	108.03   	115.77   	-244.15		
 41.81   	 82.40   	114.79   	-284.84		
 38.76   	 53.41   	113.65   	-269.58		
 35.71   	 22.58   	112.57   	-233.98		
 32.04   	 -5.19   	111.64   	-178.03		
 27.16   	-25.02   	110.93   	-122.07		
 21.67   	-36.01   	110.44   	 -91.56		
 15.56   	-40.89   	110.07   	-106.82		
  9.77   	-45.78   	109.64   	-178.03		
  4.27   	-55.24   	108.93   	-305.19		
 -0.31   	-69.89   	107.71   	-442.52		
 -3.66   	-86.67   	105.94   	-574.77		
 -6.41   	-100.40   	103.64   	-717.19		
 -8.24   	-106.81   	100.77   	-859.61		
 -9.77   	-104.37   	 97.33   	-946.08		
-11.29   	-94.91   	 93.55   	-925.73		
-12.21   	-84.84   	 89.85   	-707.02		
-13.12   	-80.57   	 87.02   	-396.74		
-14.04   	-86.98   	 85.43   	-183.11		
-14.95   	-101.32   	 84.70   	-116.99		
-15.26   	-116.27   	 84.23   	-193.29		
-15.26   	-123.60   	 83.46   	-539.16		
-14.34   	-121.46   	 81.30   	-1205.49		
-13.73   	-111.69   	 76.48   	-1759.91		
-14.04   	-100.10   	 69.44   	-1719.22		
-15.56   	-92.47   	 62.56   	-1424.21		
-17.70   	-90.03   	 56.87   	-1373.34		
-19.84   	-90.33   	 51.37   	-1230.92		
-20.75   	-90.03   	 46.45   	-854.52		
-19.84   	-86.98   	 43.03   	-539.16		
-18.31   	-82.70   	 40.87   	-320.45		
-16.78   	-80.57   	 39.59   	-122.07		
-16.48   	-84.84   	 39.10   	   0.00		
-17.09   	-95.21   	 39.10   	  30.52		
-17.70   	-107.42   	 39.23   	 -40.69		
-17.70   	-115.66   	 39.06   	-172.94		
-17.09   	-115.97   	 38.37   	-315.36		
-16.17   	-108.34   	 37.11   	-452.69		
-15.56   	-97.35   	 35.30   	-554.42		
-14.95   	-90.03   	 33.08   	-615.46		
-14.34   	-88.20   	 30.62   	-605.29		
-13.43   	-89.72   	 28.20   	-534.08		
-12.21   	-91.55   	 26.06   	-422.18		
-10.38   	-92.47   	 24.37   	-330.62		
 -8.85   	-94.60   	 23.05   	-249.24		
 -7.32   	-100.71   	 22.05   	-172.94		
 -4.88   	-109.86   	 21.36   	-116.99		
 -1.83   	-116.88   	 20.90   	 -61.04		
  1.22   	-117.49   	 20.65   	 -15.26		
  3.66   	-112.92   	 20.59   	  -5.09		
  3.97   	-107.73   	 20.57   	  10.17		
  2.14   	-104.68   	 20.61   	  30.52		
 -1.22   	-102.84   	 20.73   	  40.69		
 -4.88   	-99.18   	 20.90   	   0.00		
 -7.63   	-91.86   	 20.90   	 -50.86		
 -9.46   	-84.23   	 20.69   	-101.73		
-10.07   	-83.01   	 20.28   	-183.11		
-10.38   	-90.33   	 19.55   	-244.15		
-10.68   	-101.93   	 18.58   	-218.72		
-11.90   	-110.78   	 17.70   	  20.35		
-13.12   	-111.08   	 17.78   	 422.18		
-13.73   	-103.15   	 19.47   	 788.40		
-13.12   	-93.08   	 22.62   	1002.03		
-11.90   	-87.59   	 26.63   	1022.38		
-10.07   	-89.42   	 30.72   	 834.18		
 -9.16   	-95.21   	 34.06   	 493.39		
 -9.16   	-100.10   	 36.03   	  86.47		
-10.68   	-100.40   	 36.38   	-274.67		
-12.21   	-96.74   	 35.28   	-513.73		
-13.73   	-93.38   	 33.22   	-722.28		
-13.73   	-95.52   	 30.34   	-986.77		
-12.82   	-102.23   	 26.39   	-1088.50		
-12.21   	-110.47   	 22.03   	-849.44		
-12.51   	-114.44   	 18.64   	-442.52		
-14.04   	-112.30   	 16.87   	 -61.04		
-15.87   	-106.81   	 16.62   	 437.43		
-16.17   	-102.54   	 18.37   	1022.38		
-14.95   	-101.62   	 22.46   	1388.60		
-12.21   	-102.84   	 28.02   	1302.13		
-10.38   	-102.84   	 33.22   	 879.96		
 -9.46   	-98.57   	 36.74   	 315.36		
-10.07   	-91.86   	 38.01   	-198.37		
-10.99   	-86.98   	 37.21   	-600.20		
-10.68   	-87.28   	 34.81   	-890.13		
 -8.85   	-92.47   	 31.25   	-1012.20		
 -5.80   	-100.10   	 27.20   	-915.56		
 -2.44   	-105.29   	 23.54   	-645.98		
  0.31   	-105.90   	 20.96   	-300.10		
  1.83   	-103.15   	 19.76   	  61.04		
  2.75   	-101.01   	 20.00   	 345.88		
  3.05   	-102.23   	 21.38   	 518.82		
  2.75   	-106.51   	 23.46   	 569.68		
  1.83   	-110.78   	 25.74   	 513.73		
  0.00   	-109.86   	 27.79   	 396.74		
 -2.14   	-101.93   	 29.38   	 264.50		
 -3.97   	-90.03   	 30.44   	 127.16		
 -5.49   	-80.26   	 30.95   	 -20.35		
 -5.80   	-78.74   	 30.86   	-172.94		
 -6.10   	-86.36   	 30.17   	-295.01		
 -6.71   	-99.79   	 28.99   	-340.79		
 -7.93   	-111.69   	 27.63   	-305.19		
-10.38   	-117.19   	 26.41   	-218.72		
-12.21   	-115.36   	 25.53   	-137.33		
-13.43   	-110.47   	 24.98   	 -35.61		
-12.82   	-108.03   	 24.84   	  81.38		
-11.90   	-108.64   	 25.17   	 183.11		
-11.60   	-110.78   	 25.90   	 233.98		
-12.51   	-111.08   	 26.84   	 249.24		
-14.34   	-107.73   	 27.83   	 228.89		
-15.87   	-101.62   	 28.75   	 178.03		
-15.87   	-95.21   	 29.46   	  91.56		
-14.95   	-90.64   	 29.83   	 -15.26		
-13.73   	-88.20   	 29.77   	-101.73		
-12.82   	-86.98   	 29.36   	-147.51		
-13.43   	-87.89   	 28.77   	-172.94		
-15.56   	-92.47   	 28.08   	-152.59		
-18.01   	-100.71   	 27.47   	-106.82		
-18.62   	-108.34   	 27.04   	 -40.69		
-14.95   	-101.93   	 26.88   	  20.35		
 -7.93   	-63.48   	 26.96(E)	  66.12		
 -1.83   	 22.28   	 27.22   	 106.82		
 -0.92   	165.41   	 27.65   	 147.51		
 -3.36   	366.52   	 28.24   	 188.20		
 -1.22   	610.35   	 28.99   	 223.80		
 15.26   	861.51   	 29.89   	 239.06		
 47.91   	1065.06   	 30.84   	 244.15		
 86.06   	1163.64(R)	 31.82   	 249.24		
111.69   	1127.01   	 32.82   	 244.15		
110.47   	973.51   	 33.79   	 233.98		
 80.87   	758.36   	 34.73   	 228.89		
 34.79   	541.99   	 35.65   	 239.06		
-12.21   	359.19   	 36.60   	 264.50		
-49.74   	216.37   	 37.66   	 320.45		
-73.24   	111.08   	 38.94   	 381.48		
-82.09   	 38.76   	 40.47   	 467.95		
-76.90   	 -3.97   	 42.34   	 579.86		
-58.59   	-29.60   	 44.66   	 737.54		
-32.65   	-55.24   	 47.61   	 956.25		
 -7.93   	-88.81   	 51.43   	1236.01		
  6.71   	-121.77   	 56.38   	1495.42		
  8.54   	-140.99   	 62.36   	1622.58		
  2.75   	-141.91   	 68.85   	1642.92		
 -3.97   	-133.36   	 75.42   	1663.27		
 -6.41   	-126.04   	 82.07   	1556.45		
 -5.49   	-123.60   	 88.30   	1236.01		
 -3.97   	-123.29   	 93.24   	 925.73		
 -4.58   	-123.29   	 96.95   	 722.28		
 -6.41   	-125.12   	 99.84   	 249.24		
 -7.32   	-129.70   	100.83   	-366.22		
 -6.71   	-135.50   	 99.37   	-228.89		
 -4.58   	-137.63   	 98.45   	 473.04		
 -2.44   	-134.89   	100.35   	 940.99		
 -1.53   	-129.39   	104.11   	1037.64		
 -2.14   	-126.65   	108.26   	 940.99		
 -3.05   	-128.17   	112.02   	 584.94		
 -3.97   	-133.36   	114.36   	 106.82		
 -3.97   	-138.24   	114.79   	-269.58		
 -3.05   	-140.69   	113.71   	-523.90		
 -2.14   	-140.08   	111.62   	-722.28		
 -1.22   	-138.55   	108.73   	-824.00		
 -0.92   	-137.33   	105.43   	-712.10		
 -0.92   	-136.11   	102.58   	-391.66		
 -0.61   	-132.75   	101.02   	  71.21		
  0.92   	-126.34   	101.30   	 590.03		
  3.05   	-117.19   	103.66   	1098.67		
  6.10   	-107.42   	108.06   	1363.17		
  9.16   	-97.66   	113.51   	1291.96		
 12.51   	-86.98   	118.68   	1022.38		
 16.17   	-75.68   	122.77   	 676.50		
 20.45   	-65.31   	125.47   	 284.84		
 24.72   	-57.68   	126.61   	-101.73		
 28.38   	-53.71   	126.20   	-417.09		
 30.82   	-50.05   	124.54   	-574.77		
 31.74   	-43.64   	122.24   	-488.30		
 32.04   	-33.87   	120.28   	-239.06		
 32.04   	-21.36   	119.33   	  25.43		
 32.65   	 -9.16   	119.43   	 203.46		
 33.57   	  0.92   	120.24   	 330.62		
 35.10   	  8.85   	121.57   	 452.69		
 37.84   	 15.26   	123.38   	 483.21		
 41.81   	 20.75   	125.31   	 427.26		
 47.61   	 25.94   	127.02   	 345.88		
 54.32   	 32.35   	128.40   	 249.24		
 60.42   	 40.59   	129.40   	  76.30		
 65.31   	 51.57   	129.70   	-127.16		
 68.36   	 65.31   	129.20   	-259.41		
 70.50   	 80.87   	128.16   	-289.93		
 72.63   	 96.74   	127.00   	-264.50		
 75.07   	111.69   	125.94   	-213.63		
 77.51   	125.73   	125.09   	-142.42		
 79.65   	139.77   	124.52   	 -66.12		
 80.87   	154.72   	124.25   	  15.26		
 79.96   	169.37   	124.31   	  71.21		
 77.21   	180.05   	124.60   	  86.47		
 72.94   	184.33   	124.94   	  40.69		
 67.75   	180.05   	125.11   	 -55.95		
 63.17   	167.24   	124.88   	-116.99		
 58.29   	147.40   	124.41   	-172.94		
 52.80   	122.68   	123.72   	-223.80		
 45.78   	 94.91   	122.83   	-259.41		
 37.84   	 67.14   	121.79   	-274.67		
 30.52   	 41.20   	120.69   	-295.01		
 24.41   	 19.84   	119.51   	-335.71		
 20.14   	  3.97   	118.17   	-371.31		
 17.09   	 -6.71   	116.68   	-422.18		
 14.95   	-14.34   	114.99   	-473.04		
 13.73   	-22.58   	113.10   	-508.65		
 12.82   	-32.96   	111.07   	-508.65		
 12.21   	-45.78   	109.03   	-493.39		
 11.29   	-57.98   	107.06   	-503.56		
  9.77   	-67.14   	105.05   	-584.94		
  7.63   	-71.41   	102.71   	-681.58		
  5.49   	-73.24   	 99.98   	-707.02		
  3.36   	-74.16   	 97.15   	-600.20		
  2.14   	-75.07   	 94.75   	-508.65		
  0.92   	-74.16   	 92.72   	-483.21		
  0.31   	-71.11   	 90.78   	-417.09		
 -0.61   	-67.44   	 89.11   	-467.95		
 -1.22   	-65.31   	 87.24   	-717.19		
 -2.44   	-67.14   	 84.37   	-1047.81		
 -3.97   	-72.02   	 80.18   	-1475.07		
 -6.41   	-76.90   	 74.28   	-1861.64		
 -8.54   	-79.35   	 66.84   	-1795.52		
 -9.46   	-78.74   	 59.65   	-1505.59		
 -9.16   	-75.99   	 53.63   	-1373.34		
 -8.24   	-73.55   	 48.14   	-1241.09		
 -7.93   	-72.33   	 43.17   	-956.25		
 -7.32   	-72.63   	 39.35   	-686.67		
 -6.71   	-72.63   	 36.60   	-467.95		
 -5.19   	-70.19   	 34.73   	-345.88		
 -3.36   	-64.39   	 33.35   	-259.41		
 -1.83   	-57.07   	 32.31   	-188.20		
 -0.61   	-51.57   	 31.56   	-193.29		
  0.61   	-49.44   	 30.78   	-239.06		
  2.14   	-51.27   	 29.83   	-320.45		
  3.05   	-54.32   	 28.55   	-422.18		
  2.14   	-56.15   	 26.86   	-508.65		
 -0.31   	-54.32   	 24.82   	-549.34		
 -3.05   	-49.74   	 22.62   	-549.34		
 -4.58   	-43.33   	 20.43   	-523.90		
 -4.58   	-38.15   	 18.33   	-483.21		
 -3.36   	-37.54   	 16.40   	-427.26		
 -1.83   	-41.50   	 14.69   	-350.97		
 -0.92   	-46.69   	 13.29   	-259.41		
 -0.92   	-49.44   	 12.25   	-162.77		
 -2.14   	-48.22   	 11.60   	 -71.21		
 -3.66   	-45.47   	 11.31   	  10.17		
 -4.27   	-46.69   	 11.35   	  45.78		
 -2.75   	-53.10   	 11.54   	  35.61		
  0.31   	-60.42   	 11.68   	 -10.17		
  3.05   	-62.56   	 11.64   	 -86.47		
  4.58   	-57.07   	 11.29   	-152.59		
  5.19   	-46.08   	 10.68   	-183.11		
  6.41   	-36.32   	  9.95   	-188.20		
  9.16   	-33.26   	  9.20   	-193.29		
 12.21   	-37.54   	  8.42   	-188.20		
 13.73   	-44.86   	  7.67   	-132.25		
 12.82   	-49.74   	  7.14   	 -10.17		
 10.38   	-48.83   	  7.10(D)	 152.59		
  7.32   	-42.42   	  7.71   	 371.31		
  4.27   	-34.48   	  9.20   	 640.89		
  1.83   	-29.60   	 11.76   	 879.96		
  0.00   	-29.60   	 15.28   	 951.17		
 -1.22   	-33.26   	 19.08   	 752.79		
 -2.14   	-38.15   	 22.10   	 366.22		
 -3.36   	-40.59   	 23.56   	 -15.26		
 -4.58   	-40.28   	 23.50   	-325.53		
 -5.19   	-37.54   	 22.20   	-508.65		
 -4.27   	-33.87   	 20.16   	-559.51		
 -2.44   	-30.21   	 17.92   	-523.90		
 -0.31   	-27.77   	 15.83   	-447.61		
  0.31   	-27.77   	 14.04   	-350.97		
 -0.61   	-30.82   	 12.63   	-239.06		
 -2.14   	-35.71   	 11.68   	 -86.47		
 -3.66   	-41.20   	 11.33   	  25.43		
 -4.58   	-45.47   	 11.43   	  96.64		
 -4.58   	-47.91   	 11.82   	 310.27		
 -3.97   	-48.52   	 13.06   	 564.60		
 -2.75   	-47.00   	 15.32   	 605.29		
 -1.53   	-43.03   	 17.74   	 518.82		
 -0.92   	-37.54   	 19.82   	 406.92		
 -1.22   	-32.96   	 21.44   	 213.63		
 -2.14   	-31.43   	 22.30   	 -76.30		
 -2.14   	-32.96   	 21.99   	-401.83		
 -0.31   	-36.93   	 20.39   	-676.50		
  2.14   	-40.59   	 17.68   	-788.40		
  4.27   	-42.72   	 14.53   	-681.58		
  4.27   	-43.64   	 11.80   	-437.43		
  2.44   	-43.64   	 10.05   	-178.03		
 -0.61   	-43.03   	  9.34   	  61.04		
 -3.05   	-41.81   	  9.58   	 305.19		
 -4.58   	-39.67   	 10.80   	 523.90		
 -4.88   	-36.62   	 12.90   	 625.63		
 -4.27   	-33.87   	 15.40   	 564.60		
 -3.36   	-33.57   	 17.66   	 396.74		
 -1.53   	-36.62   	 19.25   	 178.03		
  1.83   	-41.20   	 19.96   	 -25.43		
  5.49   	-43.64   	 19.86   	-188.20		
  8.54   	-41.50   	 19.10   	-295.01		
  9.77   	-35.10   	 17.92   	-335.71		
  7.93   	-27.77   	 16.58   	-310.27		
  3.66   	-22.89   	 15.34   	-244.15		
 -1.22   	-22.28   	 14.36   	-137.33		
 -5.49   	-25.33   	 13.81   	   5.09		
 -7.32   	-29.91   	 13.84   	 127.16		
 -6.71   	-34.79   	 14.34   	 208.54		
 -4.88   	-37.84   	 15.18   	 264.50		
 -2.44   	-37.54   	 16.24   	 269.58		
 -0.92   	-33.87   	 17.31   	 218.72		
  0.00   	-29.60   	 18.19   	 122.07		
  0.00   	-27.47   	 18.68   	  15.26		
 -0.61   	-28.69   	 18.74   	 -81.38		
 -1.53   	-30.82   	 18.41   	-147.51		
 -2.44   	-31.43   	 17.82   	-178.03		
 -3.36   	-29.91   	 17.11   	-157.68		
 -3.97   	-27.47   	 16.48   	-106.82		
 -3.66   	-25.94   	 16.05   	 -45.78		
 -2.14   	-25.33   	 15.87   	  20.35		
 -0.61   	-24.11   	 15.95   	  86.47		
  0.00   	-21.36   	 16.30   	 106.82		
 -0.61   	-19.84   	 16.72   	 101.73		
 -2.44   	-21.97   	 17.13   	  66.12		
 -3.05   	-28.99   	 17.40   	  25.43		
 -2.14   	-38.45   	 17.50   	 -10.17		
  0.31   	-45.47   	 17.46   	 -20.35		
  2.75   	-46.69   	 17.38   	 -25.43		
  3.97   	-41.50   	 17.27   	 -20.35		
  3.36   	-32.96   	 17.19   	 -10.17		
  2.44   	-25.33   	 17.15   	 -10.17		
  1.83   	-21.36   	 17.11   	  -5.09		
  2.14   	-21.67   	 17.09   	   5.09		
  4.27   	-23.50   	 17.11   	   0.00		
  7.32   	-24.72   	 17.11   	  -5.09		
  9.77   	-25.94   	 17.09   	 -10.17		
 10.99   	-28.38   	 17.05   	  -5.09		
 10.99   	-31.13   	 17.03   	  10.17		
 10.07   	-30.52   	 17.07   	  15.26		
  9.16   	-24.72   	 17.13   	  25.43		
  9.46   	-16.17   	 17.23   	  30.52		
 10.99   	-12.51   	 17.35   	  30.52		
 12.82   	-18.92   	 17.48   	  10.17		
 13.12   	-30.82   	 17.52   	   0.00		
 11.60   	-37.23   	 17.52   	 -20.35		
  8.85   	-31.43   	 17.44   	 -25.43		
  7.63   	-16.17   	 17.33   	 -35.61		
  8.54   	 -4.27   	 17.19   	 -35.61		
 10.99   	 -4.58   	 17.05   	 -30.52		
 12.51   	-15.87   	 16.93   	 -20.35		
 11.29   	-28.08   	 16.85   	 -10.17		
  7.63   	-31.43   	 16.81   	 -10.17		
  3.66   	-24.11   	 16.76   	 -15.26		
  1.53   	-11.60   	 16.70   	  -5.09		
  2.44   	 -1.53   	 16.68   	 -15.26		
  4.58   	  1.22   	 16.62   	 -10.17		
  6.41   	 -3.36   	 16.58   	 -10.17		
  7.32   	-10.99   	 16.54   	  -5.09		
  7.32   	-17.09   	 16.52   	   0.00		
  7.02   	-18.31   	 16.52   	   5.09		
  7.02   	-15.26   	 16.54   	  15.26		
  7.63   	-11.90   	 16.60   	  15.26		
  8.24   	-10.68   	 16.66   	  10.17		
  7.93   	-11.29   	 16.70   	   5.09		
  6.71   	-10.07   	 16.72   	   0.00		
  4.27   	 -4.58   	 16.72   	 -15.26		
  1.22   	  0.61   	 16.66   	 -25.43		
 -1.22   	  0.31   	 16.56   	 -30.52		
 -1.53   	 -8.54   	 16.44   	 -35.61		
  0.61   	-22.89   	 16.30   	 -35.61		
  3.97   	-32.35   	 16.15   	 -20.35		
  6.71   	-28.38   	 16.07   	 -15.26		
  7.63   	-13.12   	 16.01   	   5.09		
  7.02   	  3.05   	 16.03   	  10.17		
  6.71   	  9.46   	 16.07   	   5.09		
  7.02   	  1.53   	 16.09   	   5.09		
  7.93   	-14.04   	 16.11   	  -5.09		
  7.93   	-26.86   	 16.09   	 -15.26		
  6.71   	-30.52   	 16.03   	 -20.35		
  5.19   	-25.63   	 15.95   	 -20.35		
  4.88   	-16.48   	 15.87   	 -15.26		
  7.02   	 -6.10   	 15.81   	 -10.17		
 11.60   	  5.49   	 15.77   	 -10.17		
 17.40   	 14.65   	 15.73   	  -5.09		
 21.67   	 18.01   	 15.71   	  -5.09		
 23.19   	 12.51   	 15.69   	  -5.09		
 20.75   	 -0.92   	 15.67   	   5.09		
 15.87   	-15.87   	 15.69   	  10.17		
 10.38   	-22.89   	 15.73   	  20.35		
  6.71   	-16.48   	 15.81   	  25.43		
  4.88   	  1.53   	 15.91   	  15.26		
  3.97   	 21.67   	 15.97   	   5.09		
  2.75   	 32.96   	 15.99   	   5.09		
  2.75   	 28.38   	 16.01   	   0.00		
  5.19   	 17.40   	 16.01   	 -15.26		
 10.68   	 23.19   	 15.95   	 -20.35		
 17.40   	 71.72   	 15.87   	 -20.35		
 21.67   	177.31   	 15.79   	  -5.09		
 21.67   	343.32   	 15.77(E)	  25.43		
 20.75   	561.83   	 15.87   	  81.38		
 25.63   	811.16   	 16.20   	 142.42		
 43.03   	1050.42   	 16.76   	 213.63		
 71.11   	1219.18   	 17.62   	 244.15		
 97.96   	1260.38(R)	 18.60   	 254.32		
106.81   	1157.23   	 19.61   	 259.41		
 86.36   	950.01   	 20.65   	 269.58		
 38.15   	715.03   	 21.73   	 274.67		
-21.06   	515.75   	 22.83   	 274.67		
-73.55   	371.09   	 23.93   	 279.75		
-105.29   	268.86   	 25.05   	 274.67		
-114.14   	191.96   	 26.14   	 305.19		
-105.29   	133.36   	 27.37   	 412.00		
-84.84   	 89.11   	 29.01   	 595.11		
-58.90   	 49.44   	 31.39   	 849.44		
-31.74   	  3.05   	 34.79   	1149.54		
 -9.16   	-42.72   	 39.39   	1398.77		
  4.58   	-64.70   	 44.98   	1531.02		
  9.46   	-48.52   	 51.11   	1525.93		
  8.54   	-11.90   	 57.21   	1439.47		
  6.10   	  7.32   	 62.97   	1373.34		
  4.88   	-17.09   	 68.46   	1291.96		
  5.19   	-74.77   	 73.63   	1271.61		
  5.49   	-127.87   	 78.72   	1174.97		
  5.19   	-144.35   	 83.42   	 539.16		
  5.19   	-117.80   	 85.57   	-213.63		
  7.63   	-66.83   	 84.72   	-178.03		
 12.21   	-19.53   	 84.01   	 401.83		
 18.92   	  2.75   	 85.62   	 885.04		
 25.02   	 -9.46   	 89.16   	1251.27		
 29.30   	-50.66   	 94.16   	1378.43		
 30.82   	-100.10   	 99.67   	1159.71		
 29.60   	-130.31   	104.31   	 645.98		
 25.94   	-122.68   	106.90   	 -25.43		
 21.06   	-78.43   	106.80   	-620.55		
 16.78   	-20.14   	104.31   	-1047.81		
 14.65   	 21.97   	100.12   	-1139.36		
 15.56   	 25.63   	 95.56   	-854.52		
 18.01   	-12.82   	 92.15   	-422.18		
 19.53   	-74.16   	 90.46   	  91.56		
 18.92   	-126.04   	 90.82   	 691.76		
 16.48   	-140.08   	 93.59   	1210.58		
 13.73   	-108.95   	 98.43   	1419.12		
 11.90   	-52.19   	104.11   	1256.35		
 12.51   	 -3.05   	109.13   	 920.65		
 14.95   	 10.68   	112.82   	 467.95		
 18.92   	-15.56   	114.69   	 -55.95		
 22.89   	-61.04   	114.47   	-473.04		
 25.33   	-94.30   	112.57   	-681.58		
 25.94   	-93.99   	109.85   	-645.98		
 25.33   	-61.34   	107.26   	-417.09		
 25.63   	-16.17   	105.59   	 -91.56		
 27.47   	 17.09   	105.23   	 254.32		
 30.82   	 25.94   	106.25   	 498.47		
 34.18   	 16.17   	108.24   	 518.82		
 36.32   	  3.97   	110.31   	 412.00		
 36.93   	  2.44   	111.96   	 366.22		
 37.84   	 14.34   	113.43   	 325.53		
 39.98   	 35.71   	114.73   	 172.94		
 43.95   	 61.04   	115.42   	  61.04		
 49.44   	 86.36   	115.67   	  50.86		
 55.54   	106.81   	115.87   	  40.69		
 61.65   	118.71   	116.03   	  10.17		
 67.14   	121.46   	116.07   	 -45.78		
 71.11   	120.24   	115.89   	-101.73		
 74.16   	122.68   	115.48   	-116.99		
 76.29   	135.80   	115.01   	 -86.47		
 78.74   	159.30   	114.67   	 -15.26		
 82.70   	187.07   	114.61   	  61.04		
 87.59   	212.10   	114.85   	 157.68		
 92.16   	229.19   	115.48   	 254.32		
 95.21   	236.82   	116.50   	 310.27		
 96.13   	236.82   	117.74   	 289.93		
 94.30   	231.63   	118.90   	 213.63		
 90.33   	222.47   	119.76   	 132.25		
 84.23   	210.27   	120.28   	  10.17		
 75.99   	194.09   	120.33(S)	-137.33		
 65.92   	174.26   	119.78   	-264.50		
 55.24   	152.59   	118.72   	-340.79		
 45.17   	130.92   	117.35   	-366.22		
 35.71   	110.47   	115.89   	-350.97		
 27.47   	 91.55   	114.49   	-274.67		
 20.45   	 72.94   	113.39   	-157.68		
 15.26   	 54.63   	112.76   	 -61.04		
 11.29   	 37.84   	112.51   	 -40.69		
  8.24   	 24.41   	112.35   	 -86.47		
  4.88   	 15.56   	112.00   	-213.63		
  1.53   	 10.99   	111.15   	-406.92		
 -2.44   	  7.93   	109.52   	-600.20		
 -6.10   	  3.36   	107.12   	-762.97		
 -9.16   	 -4.27   	104.07   	-895.22		
-11.90   	-14.34   	100.49   	-1052.90		
-13.73   	-24.11   	 96.28   	-1210.58		
-14.65   	-30.82   	 91.43   	-1190.23		
-14.65   	-32.65   	 86.67   	-849.44		
-14.04   	-30.52   	 83.28   	-340.79		
-13.73   	-26.55   	 81.91   	  10.17		
-13.73   	-22.58   	 81.95   	 -25.43		
-14.34   	-19.84   	 81.85   	-539.16		
-15.26   	-19.23   	 79.69   	-1251.27		
-16.17   	-19.53   	 74.69   	-1790.43		
-16.48   	-20.75   	 67.53   	-1785.34		
-16.78   	-21.36   	 60.39   	-1566.63		
-16.48   	-21.06   	 54.12   	-1546.28		
-15.87   	-20.14   	 47.93   	-1363.17		
-15.26   	-19.23   	 42.48   	-981.68		
-14.04   	-19.23   	 38.56   	-590.03		
-13.12   	-20.14   	 36.20   	-203.46		
-11.90   	-20.14   	 35.38   	 -30.52		
-10.68   	-18.31   	 35.26   	  15.26		
 -8.85   	-14.65   	 35.32   	  10.17		
 -7.02   	-11.60   	 35.36   	-101.73		
 -5.19   	 -9.77   	 34.95   	-289.93		
 -3.97   	-10.38   	 33.79   	-503.56		
 -3.66   	-11.29   	 31.78   	-676.50		
 -3.97   	-11.29   	 29.07   	-752.79		
 -4.58   	 -8.85   	 26.06   	-768.05		
 -5.49   	 -5.80   	 22.99   	-742.62		
 -6.71   	 -3.05   	 20.02   	-651.07		
 -8.24   	 -3.05   	 17.42   	-513.73		
 -9.46   	 -5.49   	 15.36   	-366.22		
 -9.77   	 -9.16   	 13.90   	-228.89		
 -9.46   	-11.60   	 12.98   	-101.73		
 -9.46   	-11.90   	 12.57   	 -15.26		
-10.68   	-10.07   	 12.51   	  15.26		
-12.82   	 -8.85   	 12.57   	  55.95		
-15.26   	-10.99   	 12.80   	  96.64		
-16.78   	-16.17   	 13.18   	  40.69		
-16.78   	-21.97   	 13.35   	 -61.04		
-15.56   	-24.11   	 13.10   	-111.90		
-13.73   	-21.06   	 12.66   	 -66.12		
-12.21   	-14.65   	 12.39   	 -35.61		
-10.99   	 -9.77   	 12.25   	 -66.12		
-10.68   	-10.07   	 11.98   	 -61.04		
-11.29   	-15.56   	 11.74(D)	   0.00		
-11.90   	-22.58   	 11.74   	 111.90		
-12.21   	-25.63   	 12.19   	 264.50		
-12.21   	-22.89   	 13.25   	 376.40		
-11.90   	-16.78   	 14.75   	 467.95		
-11.90   	-12.82   	 16.62   	 513.73		
-11.60   	-14.65   	 18.68   	 559.51		
-11.29   	-21.67   	 20.92   	 645.98		
-10.99   	-28.69   	 23.50   	 701.93		
-10.68   	-30.52   	 26.31   	 691.76		
-10.07   	-25.63   	 29.07   	 493.39		
 -9.46   	-17.70   	 31.05   	 -30.52		
 -8.54   	-11.90   	 30.93   	-666.32		
 -7.02   	-11.90   	 28.26   	-946.08		
 -4.88   	-18.01   	 24.48   	-829.09		
 -2.75   	-27.16   	 21.16   	-666.32		
 -1.53   	-35.71   	 18.49   	-523.90		
 -1.83   	-40.59   	 16.40   	-315.36		
 -3.05   	-40.89   	 15.14   	   5.09		
 -4.88   	-38.15   	 15.16   	 350.97		
 -7.32   	-36.62   	 16.56   	 574.77		
-10.07   	-39.67   	 18.86   	 554.42		
-12.82   	-47.61   	 21.08   	 325.53		
-15.26   	-56.76   	 22.38   	  45.78		
-16.48   	-63.48   	 22.56   	-132.25		
-16.78   	-66.22   	 22.03   	-152.59		
-16.48   	-65.92   	 21.42   	 -86.47		
-16.17   	-64.39   	 21.08   	 -50.86		
-16.17   	-62.56   	 20.87   	 -20.35		
-16.78   	-60.12   	 20.79   	  40.69		
-17.40   	-57.37   	 20.96   	  66.12		
-18.01   	-56.15   	 21.22   	  45.78		
-18.01   	-59.51   	 21.40   	 -35.61		
-17.70   	-66.22   	 21.26   	 -96.64		
-17.70   	-73.24   	 20.87   	-116.99		
-18.31   	-76.29   	 20.41   	 -71.21		
-18.62   	-74.16   	 20.12   	 -15.26		
-18.92   	-68.97   	 20.06   	  20.35		
-18.62   	-64.70   	 20.14   	  61.04		
-18.31   	-64.09   	 20.39   	  96.64		
-18.01   	-67.75   	 20.77   	 111.90		
-18.31   	-74.46   	 21.22   	  91.56		
-18.62   	-83.01   	 21.59   	  76.30		
-18.92   	-91.86   	 21.89   	  66.12		
-18.62   	-98.57   	 22.16   	  35.61		
-18.01   	-100.40   	 22.30   	  10.17		
-18.01   	-96.44   	 22.34   	  -5.09		
-18.62   	-88.20   	 22.32   	 -15.26		
-19.53   	-79.04   	 22.26   	 -15.26		
-20.45   	-73.24   	 22.20   	 -15.26		
-19.84   	-72.94   	 22.14   	 -25.43		
-18.31   	-78.13   	 22.03   	 -15.26		
-16.48   	-85.14   	 21.97   	  10.17		
-14.34   	-91.25   	 22.01   	  15.26		
-12.82   	-94.60   	 22.08   	  30.52		
-10.99   	-94.91   	 22.20   	  30.52		
 -9.46   	-92.47   	 22.32   	  30.52		
 -7.63   	-89.11   	 22.44   	  30.52		
 -6.41   	-85.14   	 22.56   	  40.69		
 -6.10   	-79.65   	 22.73   	  50.86		
 -7.02   	-73.24   	 22.93   	  61.04		
 -8.85   	-66.83   	 23.17   	  66.12		
-11.29   	-62.87   	 23.44   	  61.04		
-13.43   	-62.26   	 23.68   	  55.95		
-15.26   	-66.22   	 23.91   	  50.86		
-15.87   	-73.55   	 24.11   	  35.61		
-15.56   	-81.48   	 24.25   	  10.17		
-14.65   	-86.98   	 24.29   	  -5.09		
-13.43   	-88.81   	 24.27   	 -15.26		
-13.43   	-87.28   	 24.21   	 -10.17		
-14.04   	-85.75   	 24.17   	  -5.09		
-15.26   	-86.06   	 24.15   	   5.09		
-15.56   	-89.42   	 24.17   	  20.35		
-15.26   	-94.60   	 24.25   	  25.43		
-14.65   	-99.49   	 24.35   	  25.43		
-14.34   	-101.32   	 24.46   	  10.17		
-14.04   	-99.79   	 24.50   	  10.17		
-13.43   	-95.83   	 24.54   	  10.17		
-12.21   	-92.47   	 24.58   	   0.00		
-10.38   	-93.69   	 24.58   	  -5.09		
 -9.46   	-100.40   	 24.56   	 -10.17		
-10.07   	-108.64   	 24.52   	   0.00		
-12.51   	-111.08   	 24.52   	   5.09		
-15.87   	-104.37   	 24.54   	   5.09		
-18.92   	-90.94   	 24.56   	  10.17		
-20.75   	-78.13   	 24.60   	  15.26		
-21.36   	-71.41   	 24.66   	  25.43		
-20.45   	-71.72   	 24.76   	  25.43		
-18.62   	-75.68   	 24.86   	  20.35		
-17.40   	-80.26   	 24.94   	  15.26		
-17.09   	-84.23   	 25.00   	  20.35		
-17.70   	-87.89   	 25.09   	  25.43		
-18.62   	-90.94   	 25.19   	  15.26		
-18.31   	-90.64   	 25.25   	  20.35		
-17.09   	-84.84   	 25.33   	  25.43		
-15.26   	-75.38   	 25.43   	  25.43		
-14.04   	-66.53   	 25.53   	  30.52		
-14.04   	-64.39   	 25.66   	  25.43		
-14.65   	-71.41   	 25.76   	  15.26		
-14.65   	-83.31   	 25.82   	  25.43		
-14.04   	-92.47   	 25.92   	  30.52		
-12.21   	-92.47   	 26.04   	  15.26		
-10.99   	-83.62   	 26.10   	  10.17		
-10.99   	-73.55   	 26.14   	  20.35		
-12.51   	-69.89   	 26.23   	  20.35		
-14.95   	-74.46   	 26.31   	  15.26		
-16.48   	-81.48   	 26.37   	   5.09		
-17.09   	-84.84   	 26.39   	  10.17		
-16.48   	-82.40   	 26.43   	  15.26		
-16.17   	-80.57   	 26.49   	   5.09		
-16.17   	-85.45   	 26.51   	 -10.17		
-16.48   	-97.96   	 26.47   	   0.00		
-16.48   	-110.78   	 26.47   	   0.00		
-16.48   	-115.05   	 26.47   	   5.09		
-16.17   	-105.90   	 26.49   	   5.09		
-15.56   	-88.20   	 26.51   	  10.17		
-15.26   	-72.33   	 26.55   	  25.43		
-14.34   	-65.92   	 26.65   	  25.43		
-14.04   	-69.58   	 26.75   	  30.52		
-14.04   	-78.43   	 26.88   	  25.43		
-14.65   	-85.75   	 26.98   	  20.35		
-15.87   	-86.36   	 27.06   	  15.26		
-16.78   	-81.48   	 27.12   	   0.00		
-17.70   	-74.77   	 27.12   	 -10.17		
-18.01   	-71.41   	 27.08   	 -10.17		
-18.01   	-73.24   	 27.04   	   5.09		
-18.01   	-77.82   	 27.06   	   5.09		
-18.01   	-81.48   	 27.08   	   0.00		
-18.31   	-82.70   	 27.08   	   5.09		
-18.92   	-83.62   	 27.10   	  30.52		
-19.53   	-89.11   	 27.22   	   0.00		
-19.23   	-83.92   	 27.22   	  10.17		
-18.62   	-80.26   	 27.26   	  20.35		
-18.01   	-83.92   	 27.34   	  10.17		
-16.78   	-94.91   	 27.39   	  15.26		
-14.65   	-105.29   	 27.45   	  25.43		
-11.90   	-105.29   	 27.55   	  25.43		
 -9.16   	-91.86   	 27.65   	  20.35		
 -7.02   	-72.33   	 27.73   	  10.17		
 -6.71   	-58.59   	 27.77   	  15.26		
 -7.93   	-57.07   	 27.83   	  15.26		
-10.07   	-65.31   	 27.89   	  10.17		
-12.21   	-74.77   	 27.93   	  10.17		
-13.73   	-76.90   	 27.98   	  20.35		
-14.65   	-70.80   	 28.06   	  25.43		
-14.95   	-61.65   	 28.16   	  30.52		
-14.95   	-55.24   	 28.28   	  20.35		
-14.65   	-54.93   	 28.36   	  25.43		
-14.04   	-58.90   	 28.46   	  30.52		
-13.12   	-64.39   	 28.59   	  20.35		
-11.60   	-69.89   	 28.67   	  20.35		
-10.07   	-76.60   	 28.75   	  15.26		
 -9.46   	-85.45   	 28.81   	   0.00		
 -9.77   	-93.99   	 28.81   	   5.09		
-10.38   	-97.66   	 28.83   	  10.17		
-10.68   	-93.99   	 28.87   	  -5.09		
-10.68   	-83.92   	 28.85   	 -10.17		
-10.38   	-72.94   	 28.81   	  -5.09		
-10.07   	-67.44   	 28.79   	   0.00		
-10.38   	-72.02   	 28.79   	   0.00		
-10.68   	-84.53   	 28.79   	   5.09		
-10.38   	-98.57   	 28.81   	  10.17		
 -9.77   	-106.81   	 28.85   	   0.00		
 -9.46   	-104.37   	 28.85   	  -5.09		
 -9.77   	-92.16   	 28.83   	   5.09		
-10.99   	-75.38   	 28.85   	  -5.09		
-12.51   	-61.34   	 28.83   	  -5.09		
-13.12   	-56.76   	 28.81   	   0.00		
-12.51   	-64.39   	 28.81   	  10.17		
-11.60   	-81.18   	 28.85   	  10.17		
-10.68   	-98.27   	 28.89   	  10.17		
-10.38   	-106.20   	 28.93   	  15.26		
-10.38   	-99.49   	 28.99   	  15.26		
-10.07   	-81.79   	 29.05   	  10.17		
 -8.24   	-63.48   	 29.09   	   0.00		
 -5.49   	-53.41   	 29.09   	 -10.17		
 -2.75   	-53.41   	 29.05   	   0.00		
 -0.61   	-57.68   	 29.05   	   5.09		
  0.31   	-58.29   	 29.07   	  10.17		
 -0.31   	-51.88   	 29.11   	  20.35		
 -1.22   	-43.95   	 29.20   	  25.43		
 -2.44   	-41.20   	 29.30   	  20.35		
 -3.66   	-47.91   	 29.38   	  25.43		
 -4.88   	-59.20   	 29.48   	  20.35		
 -6.10   	-68.05   	 29.56   	  15.26		
 -7.32   	-69.89   	 29.62   	  10.17		
 -8.54   	-66.22   	 29.66   	   5.09		
 -9.16   	-63.78   	 29.68   	   5.09		
 -9.16   	-65.92   	 29.70   	  10.17		
 -8.54   	-70.19   	 29.75   	   5.09		
 -7.32   	-71.72   	 29.77   	   5.09		
 -6.41   	-66.83   	 29.79   	   5.09		
 -6.41   	-59.51   	 29.81   	  10.17		
 -7.02   	-57.98   	 29.85   	  10.17		
 -7.93   	-66.53   	 29.89   	  10.17		
 -8.24   	-79.96   	 29.93   	  15.26		
 -8.24   	-88.81   	 29.99   	  10.17		
 -7.32   	-86.06   	 30.03   	  15.26		
 -6.41   	-73.85   	 30.09   	   5.09		
 -5.49   	-60.12   	 30.11   	  -5.09		
 -5.19   	-52.19   	 30.09   	   0.00		
 -5.80   	-50.66   	 30.09   	   0.00		
 -7.32   	-50.96   	 30.09   	  -5.09		
 -8.85   	-50.66   	 30.07   	  -5.09		
-10.38   	-50.96   	 30.05   	   0.00		
-11.29   	-54.02   	 30.05   	   0.00		
-11.29   	-60.12   	 30.05   	   5.09		
-10.38   	-65.00   	 30.07   	   0.00		
 -8.85   	-64.39   	 30.07   	   5.09		
 -7.63   	-57.68   	 30.09   	   5.09		
 -7.02   	-49.13   	 30.11   	   0.00		
 -7.32   	-43.95   	 30.11   	   0.00		
 -8.24   	-45.17   	 30.11   	  -5.09		
 -8.54   	-51.88   	 30.09   	   5.09		
 -8.54   	-60.73   	 30.11   	   5.09		
 -7.93   	-69.58   	 30.13   	  10.17		
 -7.32   	-75.38   	 30.17   	  10.17		
 -6.41   	-76.60   	 30.21   	   0.00		
 -5.49   	-71.72   	 30.21   	  10.17		
 -3.66   	-61.65   	 30.25   	  10.17		
 -1.22   	-49.74   	 30.29   	   5.09		
  1.83   	-40.89   	 30.32   	   5.09		
  4.88   	-38.15   	 30.34   	   0.00		
  7.02   	-41.81   	 30.34   	   5.09		
  7.32   	-48.22   	 30.36   	   5.09		
  5.49   	-53.71   	 30.38   	   5.09		
  2.44   	-56.15   	 30.40   	  -5.09		
 -0.61   	-54.93   	 30.38   	   0.00		
 -3.05   	-49.74   	 30.38   	   0.00		
 -5.19   	-42.11   	 30.38   	  -5.09		
 -6.71   	-34.48   	 30.36   	  -5.09		
 -6.71   	-30.82   	 30.34   	   0.00		
 -3.66   	-29.30   	 30.34   	  -5.09		
  1.83   	-19.84   	 30.32   	   0.00		
  7.32   	 14.65   	 30.32(E)	  10.17		
  7.93   	 94.60   	 30.36   	  25.43		
  2.44   	234.99   	 30.46   	  50.86		
 -4.27   	438.23   	 30.66   	  91.56		
 -1.22   	686.65   	 31.03   	 137.33		
 18.62   	939.33   	 31.58   	 193.29		
 52.80   	1134.95   	 32.35   	 228.89		
 86.98   	1214.29(R)	 33.27   	 259.41		
102.84   	1150.82   	 34.30   	 279.75		
 90.03   	970.15   	 35.42   	 295.01		
 53.10   	736.39   	 36.60   	 300.10		
  6.10   	517.27   	 37.80   	 320.45		
-37.54   	349.12   	 39.08   	 371.31		
-69.27   	234.07   	 40.57   	 462.87		
-86.98   	153.81   	 42.42   	 595.11		
-90.33   	 90.94   	 44.80   	 752.79		
-79.04   	 36.62   	 47.81   	 930.82		
-55.85   	-13.73   	 51.54   	1154.62		
-28.38   	-60.12   	 56.15   	1408.95		
 -6.41   	-97.35   	 61.79   	1668.36		
  3.36   	-117.19   	 68.46   	1943.02		
  1.83   	-116.58   	 76.24   	2182.09		
 -4.88   	-104.06   	 84.96   	1912.51		
 -9.46   	-93.38   	 92.61   	 925.73		
 -9.46   	-93.38   	 96.32   	-208.54		
 -5.49   	-101.62   	 95.48   	-640.89		
 -1.22   	-110.47   	 92.92   	-162.77		
  1.22   	-114.14   	 92.27   	 671.41		
  1.53   	-114.44   	 94.95   	1205.49		
  1.22   	-114.75   	 99.78   	1358.08		
  1.22   	-115.97   	105.21   	1225.83		
  2.14   	-115.66   	110.11   	 885.04		
  3.05   	-112.92   	113.65   	 457.78		
  3.36   	-110.17   	115.48   	 -61.04		
  2.14   	-111.69   	115.24   	-615.46		
 -0.31   	-116.88   	112.78   	-951.17		
 -3.66   	-121.77   	108.97   	-986.77		
 -5.49   	-122.68   	105.03   	-890.13		
 -5.80   	-119.32   	101.46   	-737.54		
 -5.19   	-115.97   	 98.51   	-396.74		
 -3.97   	-116.58   	 96.93   	  86.47		
 -2.75   	-120.24   	 97.27   	 483.21		
 -2.14   	-122.68   	 99.21   	 895.22		
 -1.22   	-119.32   	102.79   	1322.48		
 -0.31   	-111.69   	108.08   	1520.85		
  0.61   	-104.37   	114.16   	1464.90		
  0.61   	-99.79   	120.02   	1139.36		
  0.92   	-97.35   	124.58   	 696.84		
  1.22   	-93.38   	127.36   	 320.45		
  2.75   	-87.28   	128.65   	-249.24		
  5.49   	-82.09   	127.65   	-910.47		
  8.54   	-82.40   	124.01   	-1297.04		
 11.29   	-87.28   	118.82   	-1246.18		
 13.73   	-90.94   	113.83   	-559.51		
 15.56   	-86.98   	111.60   	 829.09		
 17.70   	-74.46   	114.91   	1968.46		
 20.45   	-58.29   	122.79   	1780.26		
 23.50   	-44.86   	129.91   	1073.24		
 26.25   	-38.15   	134.20   	 681.58		
 28.69   	-36.62   	136.93   	 462.87		
 31.13   	-36.01   	138.78   	  50.86		
 34.48   	-30.82   	138.98   	-528.99		
 38.45   	-17.70   	136.87   	-981.68		
 43.03   	  3.05   	132.94   	-1286.87		
 47.30   	 27.16   	127.79   	-1342.82		
 51.27   	 48.52   	122.42   	-727.36		
 55.24   	 65.00   	119.51   	 274.67		
 59.81   	 77.51   	120.61   	1134.28		
 64.09   	 90.03   	125.15   	1739.57		
 68.36   	104.68   	132.11   	2115.96		
 71.41   	119.93   	140.57   	2293.99		
 73.55   	134.58   	149.75   	1785.34		
 74.46   	148.01   	156.89   	 335.71		
 74.46   	162.66   	158.23   	-1383.51		
 73.55   	179.75   	152.70   	-2690.73		
 72.02   	198.06   	141.93   	-3112.91		
 69.89   	212.71   	129.48   	-2655.13		
 67.44   	218.20   	118.86   	-1602.23		
 65.31   	212.40   	112.45   	 -15.26		
 62.56   	196.84   	112.39   	1714.13		
 58.90   	175.48   	119.25   	2822.98		
 54.02   	152.59   	130.54   	3026.44		
 47.30   	130.00   	142.64   	2512.71		
 39.98   	108.34   	152.70   	1210.58		
 32.96   	 86.98   	157.54   	-773.14		
 27.16   	 66.22   	154.44   	-2690.73		
 21.97   	 46.39   	143.68   	-3606.29		
 17.09   	 27.77   	129.26   	-3530.00		
 11.90   	 10.99   	115.14   	-2817.89		
  7.32   	 -4.58   	103.87   	-1449.64		
  3.66   	-18.31   	 98.07   	 127.16		
  1.53   	-30.21   	 98.58   	1459.81		
  0.31   	-40.28   	104.41   	2136.31		
 -0.92   	-47.30   	112.96   	1810.78		
 -2.75   	-50.66   	120.20   	 803.66		
 -5.19   	-50.35   	123.42   	-584.94		
 -7.02   	-49.44   	121.08   	-2029.49		
 -7.93   	-50.66   	112.96   	-2822.98		
 -7.02   	-56.15   	101.67   	-2812.81		
 -5.80   	-63.48   	 90.42   	-2293.99		
 -4.88   	-68.36   	 81.24   	-1561.54		
 -4.58   	-67.14   	 74.99   	-996.94		
 -3.97   	-61.65   	 71.01   	-600.20		
 -3.36   	-56.76   	 68.61   	-223.80		
 -2.44   	-57.37   	 67.71   	   5.09		
 -1.83   	-62.56   	 67.73   	-127.16		
 -1.22   	-67.75   	 67.22   	-569.68		
 -1.22   	-67.44   	 64.94   	-996.94		
 -0.61   	-61.04   	 60.96   	-1297.04		
  0.61   	-53.10   	 55.77   	-1358.08		
  2.75   	-49.74   	 50.34   	-1174.97		
  4.27   	-52.80   	 45.64   	-885.04		
  3.66   	-58.90   	 42.10   	-559.51		
  1.83   	-61.95   	 39.86   	-259.41		
  0.00   	-57.68   	 38.82   	 -86.47		
 -0.31   	-47.00   	 38.47   	-101.73		
  0.92   	-33.87   	 38.07   	-223.80		
  2.14   	-23.80   	 37.17   	-371.31		
  1.22   	-20.14   	 35.69   	-569.68		
 -1.53   	-24.41   	 33.41   	-788.40		
 -4.88   	-33.57   	 30.25   	-966.43		
 -7.02   	-42.42   	 26.39   	-1063.07		
 -7.32   	-47.30   	 22.14   	-1139.36		
 -6.10   	-45.47   	 17.58   	-1291.96		
 -4.58   	-39.06   	 12.41   	-1230.92		
 -3.36   	-32.96   	  7.49   	-798.57		
 -2.75   	-29.60   	  4.29   	-157.68		
 -2.75   	-29.60   	  3.66   	 493.39		
 -2.75   	-31.43   	  5.64   	1052.90		
 -2.14   	-32.65   	  9.85   	1403.86		
 -1.22   	-33.26   	 15.46   	1429.29		
 -0.31   	-34.79   	 21.18   	1210.58		
 -0.31   	-37.23   	 26.02   	 864.70		
 -0.92   	-40.59   	 29.48   	 396.74		
 -2.14   	-42.11   	 31.07   	 -76.30		
 -3.05   	-41.20   	 30.76   	-437.43		
 -3.36   	-38.76   	 29.01   	-584.94		
 -2.44   	-37.54   	 26.67   	-554.42		
 -0.92   	-39.06   	 24.46   	-432.35		
  0.61   	-42.42   	 22.73   	-335.71		
  1.53   	-44.25   	 21.38   	-264.50		
  0.92   	-42.11   	 20.33   	-132.25		
 -0.31   	-37.54   	 19.80   	 127.16		
 -1.83   	-34.48   	 20.31   	 452.69		
 -2.44   	-36.62   	 22.12   	 651.07		
 -2.14   	-44.56   	 24.72   	 834.18		
 -1.22   	-54.63   	 28.06   	1037.64		
 -1.53   	-60.42   	 32.21   	 844.35		
 -2.14   	-58.29   	 35.58   	 193.29		
 -2.75   	-48.52   	 36.36   	-432.35		
 -2.14   	-36.32   	 34.63   	-757.88		
 -0.61   	-27.77   	 31.60   	-976.60		
  1.53   	-25.63   	 27.69   	-1261.44		
  3.36   	-29.30   	 22.64   	-1393.69		
  4.27   	-35.10   	 17.07   	-1195.32		
  3.97   	-40.89   	 12.29   	-696.84		
  3.36   	-45.47   	  9.50   	 -55.95		
  2.75   	-48.22   	  9.28   	 381.48		
  2.44   	-49.13   	 10.80   	 493.39		
  2.14   	-46.39   	 12.78   	 508.65		
  1.22   	-42.11   	 14.81   	 696.84		
 -0.92   	-38.45   	 17.60   	 890.13		
 -3.36   	-37.23   	 21.16   	 747.71		
 -4.58   	-37.23   	 24.15   	 366.22		
 -4.58   	-35.10   	 25.62   	  -5.09		
 -3.66   	-28.99   	 25.60   	-356.05		
 -3.66   	-21.67   	 24.17   	-701.93		
 -5.19   	-20.14   	 21.36   	-905.39		
 -7.63   	-28.99   	 17.74   	-844.35		
 -9.46   	-46.69   	 14.36   	-579.86		
-10.99   	-65.31   	 12.04   	-315.36		
-11.90   	-72.94   	 10.78   	 -96.64		
-12.82   	-63.17   	 10.40   	 188.20		
-12.51   	-39.98   	 11.15   	 437.43		
-10.68   	-16.78   	 12.90   	 452.69		
 -7.02   	 -6.10   	 14.71   	 356.05		
 -3.66   	-12.21   	 16.13   	 264.50		
 -2.75   	-27.77   	 17.19   	  55.95		
 -4.58   	-42.11   	 17.42   	-345.88		
 -8.24   	-49.44   	 16.03   	-717.19		
-10.99   	-50.35   	 13.16   	-813.83		
-12.21   	-49.13   	  9.91   	-696.84		
-11.90   	-48.52   	  7.12   	-534.08		
-10.99   	-48.22   	  4.98   	-381.48		
-10.99   	-48.22   	  3.46   	-264.50		
-11.90   	-49.13   	  2.40   	-183.11		
-13.12   	-50.66   	  1.67   	-132.25		
-14.04   	-50.35   	  1.14   	-116.99		
-14.34   	-44.86   	  0.67   	-111.90		
-13.43   	-35.71   	  0.22   	 -50.86		
-11.60   	-26.86   	  0.02   	  30.52		
-10.68   	-25.02   	  0.14   	  20.35		
-10.68   	-32.35   	  0.22   	 -66.12		
-11.29   	-43.64   	 -0.04   	 -76.30		
-12.21   	-50.96   	 -0.35   	   0.00		
-13.12   	-48.52   	 -0.35   	  81.38		
-13.43   	-38.15   	 -0.02   	 198.37		
-12.82   	-26.55   	  0.77   	 366.22		
-11.29   	-21.67   	  2.24   	 366.22		
 -9.16   	-26.86   	  3.70   	 274.67		
 -7.02   	-37.54   	  4.80   	 483.21		
 -5.80   	-47.00   	  6.73   	 361.14		
 -6.41   	-49.74   	  8.18   	-284.84		
 -8.54   	-45.17   	  7.04   	-503.56		
-10.38   	-35.71   	  5.03   	-401.83		
-10.99   	-25.02   	  3.42   	-467.95		
-10.07   	-16.48   	  1.55   	-300.10		
 -8.85   	-12.51   	  0.35   	 183.11		
 -8.85   	-14.34   	  1.08   	 564.60		
-10.99   	-21.06   	  3.34   	 783.31		
-14.65   	-29.30   	  6.47   	1083.41		
-17.70   	-35.71   	 10.80   	1485.24		
-18.31   	-37.23   	 16.74   	1902.33		
-16.78   	-34.48   	 24.35   	2044.75		
-14.65   	-30.21   	 32.53   	1449.64		
-12.82   	-29.30   	 38.33   	 295.01		
-12.51   	-32.65   	 39.51   	-645.98		
-13.43   	-37.84   	 36.93   	-1373.34		
-14.95   	-40.28   	 31.43   	-2085.44		
-16.17   	-37.84   	 23.09   	-2477.10		
-16.78   	-32.96   	 13.18   	-2512.71		
-16.17   	-31.13   	  3.13   	-2390.63		
-14.34   	-34.48   	 -6.43   	-1953.20		
-11.29   	-39.98   	-14.24   	-1139.36		
 -9.16   	-41.81   	-18.80   	-269.58		
 -7.93   	-38.15   	-19.88   	 508.65		
 -8.85   	-31.13   	-17.84   	1113.93		
-10.68   	-25.94   	-13.39   	1434.38		
-12.51   	-25.94   	 -7.65   	1464.90		
-14.34   	-30.21   	 -1.79   	1271.61		
-16.17   	-36.01   	  3.30   	 935.91		
-18.31   	-40.59   	  7.04   	 539.16		
-19.53   	-43.33   	  9.20   	 142.42		
-19.23   	-45.17   	  9.77   	-132.25		
-17.09   	-45.17   	  9.24   	-233.98		
-14.34   	-42.72   	  8.30   	-295.01		
-11.90   	-36.32   	  7.12   	-264.50		
-10.07   	-27.77   	  6.06   	 -10.17		
 -8.54   	-20.14   	  6.02   	 295.01		
 -7.63   	-16.48   	  7.20   	 478.13		
 -6.71   	-18.31   	  9.11   	 676.50		
 -6.41   	-23.19   	 11.82   	 864.70		
 -5.49   	-27.77   	 15.28   	 940.99		
 -3.66   	-30.82   	 19.04   	 905.39		
 -1.22   	-32.65   	 22.67   	 778.23		
  0.31   	-33.26   	 25.78   	 635.81		
  0.31   	-31.74   	 28.32   	 503.56		
 -2.14   	-28.99   	 30.34   	 300.10		
 -4.88   	-26.55   	 31.54   	  45.78		
 -6.71   	-24.72   	 31.72   	-157.68		
 -7.02   	-23.50   	 31.09   	-310.27		
 -7.02   	-22.28   	 29.85   	-422.18		
 -7.02   	-20.75   	 28.16   	-498.47		
 -7.02   	-18.92   	 26.16   	-508.65		
 -6.71   	-18.01   	 24.13   	-427.26		
 -5.80   	-17.40   	 22.42   	-320.45		
 -4.88   	-18.01   	 21.14   	-223.80		
 -4.58   	-21.36   	 20.24   	-167.85		
 -5.49   	-27.77   	 19.57   	-137.33		
 -7.32   	-32.35   	 19.02   	-106.82		
 -9.16   	-31.13   	 18.60   	 -96.64		
-10.07   	-23.50   	 18.21   	-116.99		
 -9.46   	-13.73   	 17.74   	-142.42		
 -8.85   	 -8.85   	 17.17   	-132.25		
 -8.85   	-11.29   	 16.64   	-142.42		
 -9.46   	-18.92   	 16.07   	-167.85		
-10.07   	-27.16   	 15.40   	-167.85		
 -9.77   	-33.26   	 14.73   	-111.90		
 -8.54   	-36.01   	 14.28   	 -45.78		
 -7.02   	-33.87   	 14.10   	 -20.35		
 -6.10   	-27.16   	 14.02   	   0.00		
 -6.41   	-19.23   	 14.02   	  76.30		
 -7.63   	-14.65   	 14.32   	 137.33		
 -9.46   	-15.56   	 14.87   	 137.33		
-10.38   	-18.01   	 15.42   	  91.56		
-10.07   	-18.01   	 15.79   	  40.69		
 -8.85   	-13.73   	 15.95   	  20.35		
 -7.02   	 -7.93   	 16.03   	   5.09		
 -5.80   	 -6.41   	 16.05   	 -55.95		
 -4.58   	 -9.16   	 15.83   	 -91.56		
 -3.05   	-12.21   	 15.46   	-101.73		
 -0.92   	-12.21   	 15.06   	-106.82		
  1.22   	-10.07   	 14.63   	-101.73		
  3.66   	 -8.54   	 14.22   	 -81.38		
  6.10   	 -7.02   	 13.90   	 -86.47		
  8.24   	 -1.83   	 13.55   	 -71.21		
  9.77   	  9.77   	 13.27   	 -15.26		
  8.24   	 23.50   	 13.20   	  20.35		
  3.05   	 28.38   	 13.29   	  15.26		
 -4.58   	 16.17   	 13.35   	  45.78		
-10.07   	 -6.71   	 13.53   	  61.04		
-10.07   	-20.14   	 13.77   	  76.30		
 -2.14   	  0.92   	 14.08   	  66.12		
 10.38   	 72.94   	 14.34   	  45.78		
 20.75   	197.14   	 14.53   	  25.43		
 24.11   	367.13   	 14.63   	  25.43		
 22.89   	574.34   	 14.73   	  45.78		
 25.02   	805.36   	 14.91   	 101.73		
 39.98   	1028.44   	 15.32   	 147.51		
 66.83   	1191.41   	 15.91   	 208.54		
 93.08   	1243.29(R)	 16.74   	 249.24		
100.71   	1165.16   	 17.74   	 228.89		
 79.04   	987.24   	 18.66   	 254.32		
 32.04   	771.18   	 19.67   	 371.31		
-23.50   	573.43   	 21.16   	 457.78		
-70.80   	417.79   	 22.99   	 478.13		
-100.71   	299.38   	 24.90   	 442.52		
-112.30   	208.44   	 26.67   	 289.93		
-109.25   	139.47   	 27.83   	 198.37		
-94.30   	 89.42   	 28.63   	 340.79		
-69.58   	 49.74   	 29.99   	 574.77		
-39.98   	 10.07   	 32.29   	 737.54		
-13.43   	-27.77   	 35.24   	 915.56		
  1.83   	-50.96   	 38.90   	1185.14		
  4.88   	-52.80   	 43.64   	1297.04		
  0.00   	-40.89   	 48.83   	1215.66		
 -6.10   	-34.79   	 53.69   	1159.71		
 -7.93   	-47.30   	 58.33   	1139.36		
 -5.49   	-71.72   	 62.89   	1134.28		
 -2.44   	-88.81   	 67.43   	1174.97		
  0.00   	-87.89   	 72.13   	1251.27		
  1.53   	-76.60   	 77.13   	1230.92		
  3.36   	-68.05   	 82.05   	 732.45		
  5.49   	-67.75   	 84.98   	  25.43		
  7.32   	-70.19   	 85.09   	 -50.86		
  7.32   	-65.61   	 84.88   	 366.22		
  6.71   	-53.10   	 86.35   	 732.45		
  6.71   	-45.78   	 89.28   	1022.38		
  7.63   	-55.24   	 93.37   	1068.15		
  8.85   	-74.46   	 97.64   	 717.19		
  9.16   	-83.92   	100.51   	 228.89		
  8.54   	-67.14   	101.42   	-289.93		
  7.93   	-28.99   	100.26   	-752.79		
  7.63   	  3.66   	 97.25   	-1037.64		
  7.93   	  1.83   	 93.10   	-1037.64		
  9.16   	-36.01   	 88.95   	-707.02		
 10.07   	-81.48   	 86.12   	-203.46		
 10.99   	-99.79   	 85.31   	 310.27		
 11.60   	-76.60   	 86.55   	 813.83		
 12.21   	-31.43   	 89.81   	1241.09		
 13.43   	 -1.22   	 94.77   	1337.74		
 15.56   	 -7.93   	100.12   	1088.50		
 18.31   	-39.37   	104.48   	 727.36		
 19.84   	-63.17   	107.39   	 274.67		
 19.23   	-54.93   	108.48   	-274.67		
 17.09   	-20.45   	107.39   	-676.50		
 15.56   	  9.77   	104.68   	-793.49		
 16.48   	  9.16   	101.51   	-488.30		
 20.75   	-17.40   	 99.55   	 -61.04		
 25.63   	-39.06   	 99.31   	 -50.86		
 29.30   	-28.99   	 99.10   	-132.25		
 30.52   	 10.68   	 98.58   	 -81.38		
 30.21   	 49.74   	 98.25   	 -45.78		
 31.13   	 58.90   	 98.07   	 -35.61		
 33.87   	 35.71   	 97.92   	 -30.52		
 38.15   	  7.02   	 97.80   	 -30.52		
 42.72   	  3.66   	 97.68   	 -25.43		
 46.69   	 34.18   	 97.58   	 -15.26		
 49.74   	 80.57   	 97.52   	 -10.17		
 52.19   	117.19   	 97.48   	 -20.35		
 54.93   	131.53   	 97.40   	 -25.43		
 57.68   	131.53   	 97.29   	 -10.17		
 61.04   	132.45   	 97.25   	   5.09		
 63.78   	145.87   	 97.27   	  -5.09		
 66.83   	170.29   	 97.25   	  15.26		
 69.58   	197.14   	 97.31   	  35.61		
 71.72   	217.90   	 97.46   	  10.17		
 73.55   	230.10   	 97.50   	 -10.17		
 73.55   	235.29   	 97.46   	   5.09		
 71.72   	235.60   	 97.48   	  N/A		
