  I     	  II     	  PW     	  PW'		
-19.23   	 -0.92   	 13.96   	  -5.09		
-16.17   	  0.92   	 13.94   	  -5.09		
-11.29   	 -0.92   	 13.92   	 -10.17		
-27.77   	-27.16   	 13.88   	 -15.26		
-45.17   	-36.62   	 13.81   	 -25.43		
-56.76   	-40.89   	 13.71   	 -15.26		
-54.93   	-36.93   	 13.65   	  -5.09		
-40.89   	-26.25   	 13.63   	 -20.35		
-20.45   	-13.12   	 13.55   	 -35.61		
 -2.44   	 -3.66   	 13.41   	 -35.61		
  6.41   	 -1.53   	 13.27   	 -50.86		
  2.14   	 -5.80   	 13.06   	 -71.21		
-12.82   	-14.04   	 12.78   	 -71.21		
-32.96   	-22.28   	 12.49   	 -40.69		
-48.22   	-27.47   	 12.33   	 -35.61		
-51.57   	-27.16   	 12.19   	 -40.69		
-41.50   	-23.50   	 12.02   	 -35.61		
-24.11   	-17.40   	 11.88   	 -15.26		
 -5.49   	 -9.46   	 11.82   	 -10.17		
 10.38   	 -1.53   	 11.78   	 -10.17		
 18.92   	  3.36   	 11.74   	 -15.26		
 18.31   	  2.75   	 11.68   	   0.00		
  7.32   	 -4.58   	 11.68   	  -5.09		
-10.07   	-15.87   	 11.66   	 -15.26		
-26.55   	-23.50   	 11.60   	 -25.43		
-35.10   	-24.11   	 11.50   	 -25.43		
-35.71   	-21.36   	 11.39   	 -15.26		
-31.43   	-21.67   	 11.33   	 -15.26		
-23.50   	-26.86   	 11.27   	 -15.26		
-11.90   	-32.04   	 11.21   	 -20.35		
  0.61   	-30.52   	 11.13   	 -20.35		
  7.02   	-21.67   	 11.05   	 -25.43		
  2.75   	-11.90   	 10.95   	 -20.35		
-10.68   	-11.29   	 10.86   	 -25.43		
-24.11   	-20.75   	 10.76   	 -20.35		
-27.77   	-33.26   	 10.68   	 -25.43		
-21.67   	-40.59   	 10.58   	  -5.09		
-14.65   	-39.06   	 10.56   	   0.00		
-11.90   	-31.43   	 10.56   	   5.09		
-11.90   	-21.97   	 10.58   	  10.17		
 -9.16   	-14.04   	 10.62   	  30.52		
  0.92   	 -7.93   	 10.74   	  30.52		
 13.73   	 -4.58   	 10.86   	  30.52		
 18.62   	 -7.63   	 10.99   	  45.78		
  7.93   	-17.40   	 11.17   	  30.52		
-14.95   	-30.82   	 11.29   	  30.52		
-37.84   	-39.98   	 11.41   	  45.78		
-45.78   	-36.01   	 11.60   	  66.12		
-31.43   	-16.48   	 11.86   	  45.78		
 -0.61   	 14.04   	 12.04   	 -20.35		
 32.65   	 44.25   	 11.96   	 -66.12		
 54.02   	 63.48   	 11.70   	  20.35		
 56.76   	 66.53   	 11.78   	  96.64		
 45.17   	 56.76   	 12.17   	  50.86		
 30.82   	 43.95   	 12.37   	  10.17		
 22.89   	 36.01   	 12.41   	   5.09		
 22.89   	 36.01   	 12.43   	   0.00		
 29.30   	 41.50   	 12.43   	 -55.95		
 41.81   	 48.83   	 12.21   	-122.07		
 58.90   	 54.32   	 11.72   	-101.73		
 77.82   	 53.71   	 11.31   	 -76.30		
 91.55   	 42.72   	 11.01   	-137.33		
 91.25   	 19.23   	 10.46   	-193.29		
 72.02   	-11.29   	  9.68   	-147.51		
 42.72   	-34.79   	  9.09   	 -76.30		
 18.01   	-39.06   	  8.79   	 -45.78		
  7.63   	-24.11   	  8.61   	   0.00		
 11.29   	 -1.22   	  8.61   	  50.86		
 21.36   	 15.56   	  8.81   	 111.90		
 28.69   	 16.78   	  9.26   	 203.46		
 25.63   	  2.75   	 10.07   	 269.58		
 11.90   	-20.45   	 11.15   	 274.67		
 -8.24   	-43.33   	 12.25   	 228.89		
-26.86   	-58.90   	 13.16   	 162.77		
-36.62   	-62.26   	 13.81   	  91.56		
-36.01   	-54.32   	 14.18   	  35.61		
-34.48   	-42.42   	 14.32   	 -76.30		
-40.89   	-34.48   	 14.02   	-213.63		
-54.32   	-32.04   	 13.16   	-259.41		
-62.87   	-32.96   	 12.13   	-233.98		
-54.32   	-34.79   	 11.19   	-249.24		
-27.77   	-36.62   	 10.19   	-183.11		
  2.44   	-40.59   	  9.46   	 -20.35		
 17.70   	-47.30   	  9.38   	  71.21		
 13.43   	-52.19   	  9.66   	 157.68		
  0.92   	-44.56   	 10.29   	 325.53		
 -2.75   	-16.17   	 11.60   	 406.92		
 12.82   	 35.71   	 13.22   	 320.45		
 47.91   	108.03   	 14.51   	 249.24		
 94.60   	190.73   	 15.50   	 137.33		
150.45   	274.35   	 16.05   	 -96.64		
221.56   	353.70   	 15.67   	-274.67		
320.43   	424.19   	 14.57   	-391.66		
457.46   	476.68   	 13.00   	-401.83		
618.90   	489.50(R)	 11.39   	-254.32		
747.07   	438.54   	 10.38   	 -81.38		
760.50   	322.88   	 10.05   	  -5.09		
610.35   	172.12   	 10.03   	  91.56		
326.23   	 36.93   	 10.40   	 244.15		
 21.06   	-39.67   	 11.37   	 310.27		
-174.56   	-51.57   	 12.61   	 320.45		
-205.08   	-29.91   	 13.90   	 330.62		
-123.29   	-14.34   	 15.22   	 340.79		
-34.48   	-24.41   	 16.58   	 498.47		
-10.38   	-53.41   	 18.58   	 595.11		
-47.61   	-81.48   	 20.96   	 259.41		
-96.13   	-93.99   	 21.99   	 -96.64		
-114.14   	-90.64   	 21.61   	-122.07		
-100.40   	-79.04   	 21.12   	-228.89		
-78.13   	-67.44   	 20.20   	-462.87		
-64.70   	-58.59   	 18.35   	-620.55		
-58.90   	-51.27   	 15.87   	-701.93		
-52.80   	-46.69   	 13.06   	-762.97		
-45.78   	-46.08   	 10.01   	-707.02		
-43.64   	-51.27   	  7.18   	-427.26		
-50.66   	-61.34   	  5.47   	 -86.47		
-62.56   	-72.33   	  5.13   	 178.03		
-71.11   	-79.04   	  5.84   	 366.22		
-70.80   	-78.43   	  7.30   	 523.90		
-65.00   	-73.55   	  9.40   	 681.58		
-59.51   	-67.44   	 12.13   	 829.09		
-56.46   	-61.34   	 15.44   	 900.30		
-54.63   	-54.93   	 19.04   	 691.76		
-51.57   	-48.83   	 21.81   	 310.27		
-47.91   	-45.78   	 23.05   	  15.26		
-48.83   	-49.44   	 23.11   	-422.18		
-55.54   	-60.12   	 21.42   	-1124.11		
-64.70   	-72.02   	 16.93   	-1444.55		
-70.80   	-78.74   	 11.15   	-1057.98		
-71.11   	-77.82   	  6.92   	-742.62		
-69.27   	-72.02   	  3.95   	-818.92		
-68.05   	-65.61   	  0.67   	-493.39		
-66.53   	-63.48   	 -1.30   	  20.35		
-61.95   	-65.31   	 -1.22   	 330.62		
-54.32   	-68.05   	  0.10   	 691.76		
-46.69   	-68.36   	  2.87   	 940.99		
-42.42   	-65.61   	  6.63   	 854.52		
-42.11   	-60.12   	 10.05   	 523.90		
-44.56   	-54.93   	 12.15   	 188.20		
-49.44   	-51.57   	 12.90   	-162.77		
-55.24   	-48.83   	 12.25   	-676.50		
-58.59   	-45.78   	  9.54   	-1047.81		
-55.54   	-41.20   	  5.35   	-849.44		
-44.56   	-35.71   	  1.95   	-818.92		
-30.52   	-30.21   	 -1.32   	-829.09		
-19.84   	-24.11   	 -4.64   	-183.11		
-18.92   	-20.45   	 -5.37   	 406.92		
-26.55   	-21.06   	 -3.74   	 467.95		
-36.01   	-25.94   	 -1.87   	 808.75		
-41.50   	-30.82   	  1.36   	1790.43		
-43.64   	-32.35   	  8.52   	2171.91		
-45.47   	-28.08   	 17.21   	1469.98		
-49.13   	-21.06   	 23.09   	 935.91		
-56.15   	-17.40   	 26.84   	 605.29		
-62.56   	-17.09   	 29.26   	  61.04		
-62.26   	-14.34   	 29.50   	 900.30		
-53.71   	 -5.19   	 33.10   	1749.74		
-41.20   	  8.54   	 40.10(A)	-1246.18		
-29.91   	 21.67   	 35.12   	-1846.38		
-23.50   	 30.52   	 27.73   	  10.17		
-22.28   	 35.10   	 27.77   	-417.09		
-24.41   	 38.45   	 26.10   	-849.44		
-27.77   	 43.95   	 22.71   	-1012.20		
-30.21   	 51.27   	 18.66   	-249.24		
-30.21   	 59.51   	 17.66   	 696.84		
-26.55   	 69.89   	 20.45   	 239.06		
-20.45   	 81.79   	 21.40   	-284.84		
-15.56   	 93.08   	 20.26   	-757.88		
-14.04   	101.62   	 17.23   	-1551.37		
-16.17   	105.29   	 11.03   	-1434.38		
-19.84   	104.37   	  5.29   	-595.11		
-22.89   	 99.49   	  2.91   	-447.61		
-25.02   	 92.16   	  1.12   	-747.71		
-27.47   	 84.23   	 -1.87   	-462.87		
-27.77   	 79.35   	 -3.72   	 406.92		
-22.89   	 80.57   	 -2.10   	1261.44		
-10.68   	 87.59   	  2.95   	1093.59		
  7.63   	 97.35   	  7.32   	  66.12		
 24.41   	102.23   	  7.59   	  35.61		
 29.30   	 94.91   	  7.73   	1210.58		
 18.62   	 74.16   	 12.57   	1612.40		
 -1.22   	 44.86   	 19.02   	 534.08		
-16.17   	 16.48   	 21.16   	-259.41		
-12.51   	 -0.92   	 20.12   	  30.52		
  9.16   	 -6.41   	 20.24   	 -81.38		
 34.79   	 -7.32   	 19.92   	-890.13		
 47.61   	-10.68   	 16.36   	-1261.44		
 42.11   	-18.62   	 11.31   	-890.13		
 25.02   	-27.47   	  7.75   	-325.53		
  9.46   	-33.57   	  6.45   	 -71.21		
  4.27   	-36.01   	  6.16   	-269.58		
  7.93   	-37.84   	  5.09   	-356.05		
 14.95   	-42.11   	  3.66   	  91.56		
 23.19   	-45.78   	  4.03   	 427.26		
 32.04   	-45.17   	  5.74   	 223.80		
 43.33   	-37.54   	  6.63   	-183.11		
 52.80   	-27.16   	  5.90   	-101.73		
 51.88   	-23.50   	  5.49   	 600.20		
 36.01   	-32.35   	  7.89   	1576.80		
 10.07   	-50.35   	 14.20   	1637.84		
-14.34   	-68.36   	 20.75   	-1251.27		
-25.02   	-75.68   	 15.75   	-1820.95		
-18.01   	-69.89   	  8.46   	 920.65		
 -0.61   	-57.68   	 12.15   	1739.57		
 13.43   	-49.74   	 19.10   	 111.90		
 17.70   	-49.13   	 19.55   	-595.11		
 13.73   	-53.41   	 17.17   	 498.47		
  7.02   	-57.68   	 19.17   	 752.79		
  3.36   	-60.12   	 22.18   	 -35.61		
  3.97   	-61.34   	 22.03   	-406.92		
  6.71   	-63.17   	 20.41   	-549.34		
 10.07   	-65.31   	 18.21   	-1246.18		
 14.95   	-65.61   	 13.22   	-7553.38		
 28.69   	-49.74   	-16.99   	-2507.62		
 25.63   	-45.47   	-27.02   	-951.17		
 22.28   	-42.42   	-30.82   	 508.65		
 21.36   	-39.67   	-28.79   	1566.63		
 19.84   	-39.06   	-22.52   	3255.33		
 10.99   	-43.95   	 -9.50   	4923.68		
 -7.93   	-54.63   	 10.19   	5294.99		
-29.60   	-67.14   	 31.37   	4908.42		
-41.20   	-74.46   	 51.01   	4394.69		
-33.57   	-71.11   	 68.59   	2960.31		
-12.21   	-58.29   	 80.43   	1037.64		
  7.02   	-43.64   	 84.58   	 244.15		
  9.16   	-36.32   	 85.55(V)	-1765.00		
 -6.10   	-38.76   	 78.49   	-3809.75		
-26.25   	-45.78   	 63.26   	-3270.59		
-37.23   	-49.74   	 50.17   	-2970.49		
-34.79   	-46.39   	 38.29   	-4003.04		
-25.33   	-38.45   	 22.28   	-3799.58		
-20.14   	-33.57   	  7.08   	-2009.15		
-23.50   	-36.32   	 -0.96   	  55.95		
-29.60   	-43.95   	 -0.73   	1113.93		
-30.82   	-49.13   	  3.72   	 574.77		
-25.33   	-47.61   	  6.02   	 686.67		
-19.53   	-41.20   	  8.77   	1419.12		
-20.14   	-35.40   	 14.45   	1007.12		
-25.02   	-32.65   	 18.47   	  50.86		
-26.86   	-32.04   	 18.68   	 -25.43		
-20.75   	-32.65   	 18.58   	 157.68		
 -9.46   	-34.18   	 19.21   	-193.29		
 -4.27   	-41.50   	 18.43   	-462.87		
-11.90   	-54.63   	 16.58   	-818.92		
-25.94   	-66.22   	 13.31   	-773.14		
-36.01   	-69.89   	 10.21   	-147.51		
-34.79   	-63.48   	  9.62   	-498.47		
-23.80   	-51.88   	  7.63   	-976.60		
-11.29   	-43.03   	  3.72   	-315.36		
 -3.36   	-41.81   	  2.46   	 274.67		
 -1.22   	-46.39   	  3.56   	 218.72		
 -2.14   	-51.88   	  4.44   	 417.09		
 -4.27   	-54.63   	  6.10   	 905.39		
 -6.41   	-53.71   	  9.73   	 976.60		
 -7.02   	-50.66   	 13.63   	 859.61		
 -4.58   	-46.39   	 17.07   	 961.34		
  0.61   	-40.89   	 20.92   	 930.82		
  6.71   	-36.62   	 24.64   	 610.37		
 10.38   	-36.01   	 27.08   	 427.26		
  9.77   	-41.81   	 28.79   	 178.03		
  7.63   	-51.27   	 29.50   	-259.41		
  8.85   	-57.68   	 28.46   	-442.52		
 15.26   	-55.54   	 26.69   	-518.82		
 23.19   	-47.61   	 24.62   	-645.98		
 23.80   	-43.33   	 22.03   	-315.36		
 12.21   	-50.05   	 20.77   	 -91.56		
 -7.32   	-65.00   	 20.41   	-818.92		
-22.28   	-76.60   	 17.13   	-620.55		
-21.97   	-74.77   	 14.65   	-1002.03		
 -7.32   	-61.95   	 10.64   	-2232.95		
 10.68   	-49.44   	  1.71   	-895.22		
 19.23   	-49.13   	 -1.87   	-325.53		
 14.04   	-62.56   	 -3.17   	-1200.40		
  2.44   	-79.65   	 -7.98   	-1078.33		
 -4.27   	-87.89   	-12.29   	 147.51		
 -1.22   	-83.62   	-11.70   	 981.68		
  8.24   	-72.63   	 -7.77   	1754.83		
 15.26   	-63.78   	 -0.75   	1637.84		
 15.56   	-61.34   	  5.80   	1195.32		
 13.43   	-62.26   	 10.58   	1556.45		
 18.31   	-60.12   	 16.81   	2019.32		
 29.91   	-54.02   	 24.88   	2573.74		
 38.15   	-50.05   	 35.18   	 513.73		
 33.26   	-52.80   	 37.23   	-590.03		
 14.65   	-61.34   	 34.87   	-681.58		
 -4.88   	-70.80   	 32.15   	-4069.16		
 -7.32   	-72.94   	 15.87   	-2431.32		
 16.17   	-64.09   	  6.14   	1322.48		
 54.02   	-47.91   	 11.43   	-1683.61		
 84.84   	-31.43   	  4.70   	-4598.15		
 91.86   	-20.14   	-13.69   	3265.50		
 74.46   	-16.48   	 -0.63   	5305.17		
 48.22   	-18.62   	 20.59   	-610.37		
 34.18   	-21.97   	 18.15   	-956.25		
 43.95   	-21.06   	 14.32   	2070.19		
 71.72   	-15.56   	 22.60   	1810.78		
100.10   	 -8.85   	 29.85   	-798.57		
113.22   	 -4.88   	 26.65   	-2563.57		
107.42   	 -5.80   	 16.40   	-2456.76		
 91.55   	-10.38   	  6.57   	-1581.89		
 78.74   	-16.17   	  0.24   	-1729.39		
 75.99   	-21.67   	 -6.67   	-2248.21		
 80.87   	-27.16   	-15.67   	-279.75		
 86.06   	-33.57   	-16.79   	1297.04		
 83.92   	-40.89   	-11.60   	 457.78		
 73.55   	-47.30   	 -9.77   	 895.22		
 56.46   	-51.27   	 -6.19   	3504.56		
 36.62   	-52.80   	  7.83   	5320.43		
 17.09   	-54.93   	 29.11   	4354.00		
  0.00   	-59.20   	 46.53   	1922.68		
-14.65   	-65.92   	 54.22   	 208.54		
-25.02   	-72.02   	 55.06   	-101.73		
-28.08   	-72.02   	 54.65   	-1454.72		
-25.02   	-65.92   	 48.83   	-3616.47		
-20.45   	-59.20   	 34.36   	-3468.96		
-18.01   	-57.68   	 20.49   	-2578.83		
-18.92   	-63.17   	 10.17   	-2177.00		
-22.89   	-71.72   	  1.46   	-1500.50		
-25.63   	-74.46   	 -4.54   	-783.31		
-25.33   	-67.44   	 -7.67   	  96.64		
-24.72   	-56.46   	 -7.28   	 966.43		
-24.41   	-48.83   	 -3.42   	1475.07		
-20.45   	-45.78   	  2.48   	1836.21		
 -9.16   	-40.28   	  9.83   	2446.58		
 10.38   	-20.75   	 19.61   	2594.09		
 36.93   	 22.28   	 29.99   	1953.20		
 65.31   	 86.67   	 37.80   	1734.48		
 91.86   	162.05   	 44.74   	 620.55		
120.85   	238.04   	 47.22   	-1642.92		
167.54   	308.53   	 40.65   	-2924.71		
252.69   	369.87   	 28.95   	-3112.91		
391.85   	418.09   	 16.50   	-2675.47		
583.19   	441.28(R)	  5.80   	-1820.95		
778.81   	415.65   	 -1.49   	-1063.07		
885.31   	331.42   	 -5.74   	-610.37		
818.18   	206.60   	 -8.18   	-274.67		
563.35   	 77.21   	 -9.28   	 691.76		
205.38   	-16.17   	 -6.51   	1698.87		
-106.51   	-54.32   	  0.28   	1297.04		
-250.85   	-51.88   	  5.47   	1073.24		
-218.81   	-39.67   	  9.77   	2283.82		
-104.68   	-36.62   	 18.90   	2914.54		
-18.62   	-43.64   	 30.56   	2512.71		
 -9.46   	-53.71   	 40.61   	1805.69		
-51.57   	-63.17   	 47.83   	 808.75		
-88.81   	-71.41   	 51.07(A)	-427.26		
-90.64   	-79.65   	 49.36   	-2090.53		
-69.27   	-86.06   	 41.00   	-3184.12		
-52.19   	-87.28   	 28.26   	-2594.09		
-52.19   	-83.62   	 17.88   	-1688.70		
-61.65   	-78.74   	 11.13   	-1912.51		
-65.61   	-75.68   	  3.48   	-1892.16		
-56.46   	-73.85   	 -4.09   	-523.90		
-40.59   	-73.85   	 -6.19   	1012.20		
-28.99   	-77.51   	 -2.14   	1683.61		
-29.60   	-86.06   	  4.60   	1948.11		
-41.81   	-98.57   	 12.39   	2080.36		
-56.46   	-110.17   	 20.71   	1678.53		
-62.87   	-115.05   	 27.43   	 732.45		
-57.68   	-111.69   	 30.36   	-106.82		
-48.83   	-103.76   	 29.93   	-625.63		
-45.47   	-96.74   	 27.43   	-971.51		
-51.27   	-94.91   	 23.54   	-1169.88		
-59.81   	-97.35   	 18.86   	-1261.44		
-62.26   	-101.01   	 13.81   	-1215.66		
-56.15   	-103.15   	  8.95   	-925.73		
-46.39   	-103.45   	  5.25   	-518.82		
-40.28   	-103.45   	  3.17   	-295.01		
-42.42   	-104.06   	  1.99   	-193.29		
-50.96   	-105.90   	  1.22   	   5.09		
-60.42   	-106.51   	  1.24   	 183.11		
-64.39   	-105.29   	  1.97   	 279.75		
-60.73   	-102.23   	  3.09   	 386.57		
-49.44   	-98.57   	  4.64   	 493.39		
-32.96   	-95.21   	  6.61   	 569.68		
-17.40   	-93.08   	  8.89   	 651.07		
 -9.16   	-93.38   	 11.50   	 508.65		
-11.29   	-95.21   	 13.53   	 391.66		
-21.67   	-97.05   	 15.10   	 442.52		
-36.32   	-97.96   	 16.87   	 391.66		
-49.13   	-97.96   	 18.43   	 178.03		
-54.32   	-96.74   	 19.15   	-101.73		
-51.27   	-96.13   	 18.74   	-233.98		
-42.42   	-96.74   	 17.80   	-284.84		
-30.52   	-96.74   	 16.66   	-432.35		
-21.36   	-94.30   	 14.93   	-473.04		
-18.92   	-89.72   	 13.04   	-284.84		
-23.50   	-84.23   	 11.90   	 -91.56		
-30.52   	-78.74   	 11.54   	  66.12		
-36.01   	-73.85   	 11.80   	 244.15		
-38.15   	-69.27   	 12.78   	 406.92		
-38.45   	-64.09   	 14.40   	 503.56		
-41.50   	-59.20   	 16.42   	 544.25		
-48.83   	-56.76   	 18.60   	 503.56		
-56.15   	-56.46   	 20.61   	 366.22		
-59.20   	-56.76   	 22.08   	 167.85		
-55.85   	-53.71   	 22.75   	 -30.52		
-48.52   	-44.86   	 22.62   	-193.29		
-40.89   	-31.13   	 21.85   	-305.19		
-34.79   	-15.87   	 20.63   	-381.48		
-28.69   	 -2.14   	 19.10   	-406.92		
-24.41   	  7.63   	 17.48   	-391.66		
-26.86   	 12.21   	 15.91   	-325.53		
-37.84   	 14.65   	 14.61   	-259.41		
-51.88   	 16.78   	 13.57   	-193.29		
-60.12   	 20.45   	 12.80   	-101.73		
-56.46   	 26.25   	 12.39   	  20.35		
-44.56   	 33.57   	 12.47   	  86.47		
-35.40   	 39.98   	 12.82   	 106.82		
-36.32   	 44.56   	 13.25   	 127.16		
-42.72   	 48.52   	 13.75   	 147.51		
-45.78   	 52.80   	 14.34   	 147.51		
-40.59   	 57.37   	 14.93   	  96.64		
-29.91   	 61.65   	 15.32   	  40.69		
-19.23   	 65.31   	 15.48   	   5.09		
-12.51   	 67.14   	 15.50   	 -30.52		
 -8.54   	 64.39   	 15.38   	 -55.95		
 -5.19   	 54.93   	 15.16   	-101.73		
 -1.22   	 37.54   	 14.75   	-122.07		
  1.53   	 16.48   	 14.26   	-101.73		
  3.66   	 -2.14   	 13.86   	 -71.21		
  5.49   	-14.65   	 13.57   	 -50.86		
  6.41   	-22.89   	 13.37   	 -10.17		
  5.49   	-31.13   	 13.33   	  10.17		
  5.49   	-40.28   	 13.37   	  15.26		
  9.16   	-48.22   	 13.43   	  10.17		
 18.31   	-50.66   	 13.47   	  10.17		
 31.74   	-45.47   	 13.51   	  10.17		
 42.72   	-36.93   	 13.55   	  20.35		
 41.50   	-36.01   	 13.63   	   5.09		
 26.55   	-47.00   	 13.65   	 -25.43		
  5.80   	-65.31   	 13.55   	 -45.78		
-10.07   	-82.09   	 13.37   	 -66.12		
-12.21   	-86.98   	 13.10   	-122.07		
 -1.53   	-77.82   	 12.61   	-152.59		
 12.21   	-65.00   	 12.00   	  76.30		
 19.84   	-58.90   	 12.31   	 300.10		
 20.45   	-61.95   	 13.51   	 223.80		
 19.23   	-69.27   	 14.40   	 198.37		
 20.14   	-74.16   	 15.20   	 244.15		
 21.97   	-73.55   	 16.17   	 111.90		
 22.58   	-68.97   	 16.62   	 -50.86		
 22.58   	-63.78   	 16.42   	-106.82		
 25.94   	-58.90   	 15.99   	 -81.38		
 35.10   	-55.54   	 15.67   	  -5.09		
 44.86   	-55.85   	 15.65   	  10.17		
 47.00   	-60.73   	 15.69   	   0.00		
 36.32   	-68.66   	 15.69   	  55.95		
 17.40   	-75.68   	 15.91   	 116.99		
  1.83   	-77.51   	 16.38   	 137.33		
 -1.22   	-74.16   	 16.93   	 147.51		
  9.16   	-67.44   	 17.52   	 172.94		
 24.72   	-61.95   	 18.21   	 162.77		
 34.79   	-60.73   	 18.86   	 101.73		
 33.87   	-64.70   	 19.27   	  30.52		
 23.80   	-72.94   	 19.39(V)	   0.00		
 11.60   	-80.57   	 19.39   	 -30.52		
  2.14   	-85.14   	 19.27   	 -71.21		
 -4.58   	-86.36   	 18.98   	 -96.64		
 -9.77   	-86.36   	 18.60   	 -86.47		
-15.87   	-86.98   	 18.25   	 -76.30		
-21.67   	-88.20   	 17.94   	 -61.04		
-25.63   	-87.28   	 17.70   	 -30.52		
-24.72   	-80.87   	 17.58   	  15.26		
-19.23   	-69.27   	 17.64   	  35.61		
-10.07   	-56.15   	 17.78   	  20.35		
 -1.83   	-45.78   	 17.86   	  40.69		
 -0.92   	-41.20   	 18.03   	  61.04		
 -9.16   	-43.03   	 18.27   	  45.78		
-22.58   	-47.00   	 18.45   	  10.17		
-34.18   	-47.30   	 18.49   	  10.17		
-40.59   	-42.11   	 18.54   	   5.09		
-44.86   	-34.48   	 18.56   	 -20.35		
-52.19   	-29.91   	 18.47   	 -20.35		
-61.95   	-30.82   	 18.39   	 -15.26		
-67.44   	-33.26   	 18.33   	  -5.09		
-60.42   	-31.13   	 18.31   	  -5.09		
-41.50   	-21.36   	 18.29   	   5.09		
-22.28   	-10.68   	 18.31   	   5.09		
-16.17   	 -7.32   	 18.33   	  15.26		
-26.55   	-13.12   	 18.39   	  25.43		
-45.47   	-23.80   	 18.49   	   5.09		
-58.90   	-30.52   	 18.51   	  10.17		
-58.90   	-28.08   	 18.56   	  20.35		
-49.44   	-19.84   	 18.64   	   5.09		
-39.67   	-11.60   	 18.66   	 -25.43		
-34.18   	 -5.19   	 18.56   	 -35.61		
-33.26   	 -2.44   	 18.41   	 -35.61		
-32.35   	 -2.44   	 18.27   	 -40.69		
-28.69   	 -4.88   	 18.11   	 -40.69		
-24.72   	-10.99   	 17.94   	 -20.35		
-22.28   	-18.62   	 17.86   	  15.26		
-21.97   	-23.80   	 17.92   	  10.17		
-23.50   	-25.02   	 17.97   	   0.00		
-26.86   	-23.19   	 17.97   	 -15.26		
-30.21   	-18.92   	 17.90   	 -40.69		
-32.35   	-13.43   	 17.74   	 -45.78		
-30.82   	 -7.63   	 17.56   	 -35.61		
-25.33   	 -3.97   	 17.42   	 -30.52		
-18.92   	 -5.80   	 17.29   	 -45.78		
-13.43   	-11.90   	 17.11   	 -61.04		
-11.29   	-18.01   	 16.87   	 -71.21		
-13.43   	-20.14   	 16.58   	 -76.30		
-18.62   	-18.62   	 16.28   	 -71.21		
-23.50   	-15.87   	 15.99   	 -50.86		
-24.41   	-14.65   	 15.79   	 -40.69		
-18.62   	-12.82   	 15.63   	 -35.61		
 -6.10   	 -7.93   	 15.48   	 -10.17		
  5.19   	 -1.53   	 15.44   	   5.09		
  6.71   	  0.31   	 15.46   	   5.09		
 -2.75   	 -5.80   	 15.48   	 -15.26		
-15.56   	-16.78   	 15.42   	 -45.78		
-23.19   	-25.63   	 15.24   	 -71.21		
-20.75   	-26.55   	 14.95   	 -86.47		
-14.04   	-21.36   	 14.61   	 -81.38		
-11.60   	-15.26   	 14.28   	 -81.38		
-14.95   	-11.60   	 13.96   	 -76.30		
-18.01   	 -9.16   	 13.65   	 -30.52		
-12.21   	 -3.97   	 13.53   	 -10.17		
  3.66   	  3.36   	 13.49   	   0.00		
 19.84   	  7.02   	 13.49   	  30.52		
 22.89   	  0.92   	 13.61   	  25.43		
  9.16   	-14.95   	 13.71   	   0.00		
-13.12   	-33.26   	 13.71   	  -5.09		
-31.43   	-44.86   	 13.69   	  15.26		
-36.62   	-44.25   	 13.75   	  10.17		
-28.38   	-33.26   	 13.79   	  10.17		
-12.82   	-18.62   	 13.84   	  10.17		
  1.22   	 -7.02   	 13.88   	  15.26		
  7.93   	 -2.44   	 13.94   	  10.17		
  6.71   	 -5.19   	 13.98   	 -15.26		
  0.00   	-14.34   	 13.92   	 -30.52		
 -7.32   	-25.94   	 13.79   	 -25.43		
-10.07   	-34.18   	 13.69   	 -35.61		
 -8.85   	-36.32   	 13.55   	 -50.86		
 -7.02   	-31.43   	 13.35   	 -55.95		
 -5.49   	-22.89   	 13.12   	 -55.95		
 -2.44   	-14.04   	 12.90   	 -45.78		
  6.41   	 -5.80   	 12.72   	 -25.43		
 20.75   	  3.66   	 12.61   	 -15.26		
 34.48   	 12.82   	 12.55   	 -20.35		
 40.59   	 18.62   	 12.47   	   0.00		
 36.62   	 17.70   	 12.47   	  15.26		
 26.25   	  9.16   	 12.53   	  20.35		
 19.23   	 -2.14   	 12.61   	  10.17		
 23.19   	 -8.24   	 12.66   	 -10.17		
 40.89   	 -7.02   	 12.61   	  -5.09		
 66.22   	 -1.22   	 12.59   	  -5.09		
 89.72   	  3.66   	 12.57   	 -15.26		
101.01   	  4.27   	 12.51   	  -5.09		
 94.60   	 -1.53   	 12.49   	  10.17		
 74.46   	-13.12   	 12.53   	  25.43		
 52.49   	-26.25   	 12.63   	  30.52		
 39.37   	-36.32   	 12.76   	  20.35		
 39.67   	-40.28   	 12.84   	  15.26		
 49.44   	-37.23   	 12.90   	  20.35		
 59.20   	-30.52   	 12.98   	  20.35		
 62.26   	-25.33   	 13.06   	  15.26		
 57.68   	-25.02   	 13.12   	  20.35		
 48.22   	-28.38   	 13.20   	  45.78		
 36.62   	-32.65   	 13.39   	  71.21		
 22.58   	-35.71   	 13.67   	  76.30		
  4.88   	-39.06   	 13.98   	  71.21		
-16.17   	-46.39   	 14.26   	  76.30		
-34.48   	-57.98   	 14.57   	  91.56		
-44.86   	-70.50   	 14.93   	  71.21		
-45.47   	-78.43   	 15.22   	  40.69		
-39.67   	-78.43   	 15.38   	  25.43		
-33.57   	-72.63   	 15.48   	  10.17		
-28.99   	-64.70   	 15.52   	   0.00		
-23.19   	-57.68   	 15.52   	 -15.26		
-14.34   	-52.80   	 15.46   	  -5.09		
 -3.97   	-49.44   	 15.44   	 -10.17		
  0.92   	-49.13   	 15.40   	  -5.09		
 -3.36   	-51.57   	 15.38   	   5.09		
-10.68   	-49.44   	 15.40   	   5.09		
 -8.85   	-30.21   	 15.42   	   5.09		
 10.99   	 15.26   	 15.44   	   5.09		
 48.83   	 86.36   	 15.46   	  15.26		
 95.83   	170.90   	 15.52   	  25.43		
148.62   	254.21   	 15.63   	  30.52		
217.59   	324.71   	 15.75   	  40.69		
322.88   	374.45   	 15.91   	  40.69		
482.18   	402.22(R)	 16.07   	  20.35		
688.17   	398.86   	 16.15   	  35.61		
875.24   	346.37   	 16.30   	  61.04		
939.33   	245.36   	 16.54   	  66.12		
807.19   	119.32   	 16.81   	  50.86		
492.55   	  4.27   	 17.01   	  40.69		
112.61   	-64.09   	 17.17   	  50.86		
-168.46   	-76.90   	 17.38   	  71.21		
-253.91   	-61.65   	 17.66   	  55.95		
-175.17   	-52.80   	 17.88(A)	 -50.86		
-50.05   	-63.17   	 17.68   	-147.51		
 16.48   	-83.92   	 17.09   	 -71.21		
 -2.14   	-99.79   	 16.81   	  76.30		
-61.34   	-103.45   	 17.11   	  50.86		
-103.45   	-100.40   	 17.31   	 -71.21		
-106.51   	-99.18   	 17.03   	-101.73		
-87.59   	-102.23   	 16.62   	  20.35		
-72.63   	-104.98   	 16.70   	  86.47		
-69.89   	-103.76   	 17.05   	   5.09		
-72.02   	-99.18   	 17.07   	 -81.38		
-70.19   	-93.99   	 16.74   	 -91.56		
-62.26   	-90.33   	 16.38   	 -10.17		
-53.10   	-90.03   	 16.34   	  96.64		
-47.30   	-93.38   	 16.72   	 142.42		
-47.00   	-97.66   	 17.29   	  71.21		
-49.74   	-98.57   	 17.58   	 -15.26		
-51.88   	-94.30   	 17.52   	 -40.69		
-52.19   	-86.98   	 17.35   	 -71.21		
-52.19   	-81.18   	 17.07   	-122.07		
-53.71   	-80.87   	 16.58   	-106.82		
-58.90   	-86.98   	 16.15   	 -55.95		
-66.53   	-96.13   	 15.93   	 -10.17		
-75.38   	-105.59   	 15.89   	 -30.52		
-83.92   	-111.39   	 15.77   	 -61.04		
-87.28   	-111.08   	 15.52   	 -40.69		
-83.01   	-102.23   	 15.36   	  -5.09		
-74.46   	-89.11   	 15.34   	   5.09		
-68.36   	-78.74   	 15.36   	  15.26		
-67.75   	-75.99   	 15.42   	 -10.17		
-72.02   	-80.57   	 15.38   	 -15.26		
-73.85   	-86.67   	 15.32   	  -5.09		
-66.83   	-86.06   	 15.30   	  -5.09		
-55.85   	-77.82   	 15.28   	 -20.35		
-50.35   	-68.66   	 15.20   	  -5.09		
-54.93   	-64.39   	 15.18   	  15.26		
-65.92   	-66.22   	 15.24   	  15.26		
-75.38   	-69.89   	 15.30   	   0.00		
-77.51   	-70.19   	 15.30   	  -5.09		
-71.41   	-66.22   	 15.28   	   0.00		
-60.42   	-59.20   	 15.28   	   0.00		
-50.35   	-54.02   	 15.28   	 -20.35		
-45.47   	-53.10   	 15.20   	 -50.86		
-48.52   	-55.24   	 14.99   	 -81.38		
-57.37   	-58.29   	 14.67   	-111.90		
-65.00   	-57.98   	 14.22   	-132.25		
-65.00   	-52.80   	 13.69   	-127.16		
-58.90   	-46.39   	 13.18   	-132.25		
-53.71   	-44.56   	 12.66   	-142.42		
-55.24   	-48.52   	 12.09   	-132.25		
-58.90   	-52.49   	 11.56   	-111.90		
-56.46   	-47.91   	 11.11   	 -86.47		
-47.30   	-33.87   	 10.76   	 -50.86		
-41.81   	-19.84   	 10.56   	 -30.52		
-50.05   	-16.17   	 10.44   	 -30.52		
-68.36   	-21.36   	 10.32   	 -25.43		
-83.92   	-26.25   	 10.21   	 -20.35		
-86.98   	-21.36   	 10.13   	  -5.09		
-78.13   	 -5.80   	 10.11   	 -10.17		
-68.36   	 11.90   	 10.07   	 -20.35		
-64.39   	 24.11   	  9.99   	 -35.61		
-64.09   	 31.43   	  9.85   	 -45.78		
-62.26   	 40.59   	  9.66   	 -61.04		
-60.73   	 51.88   	  9.42   	 -50.86		
-66.22   	 61.65   	  9.22   	 -35.61		
-77.82   	 67.44   	  9.07   	 -20.35		
-87.59   	 71.11   	  8.99   	 -20.35		
-86.36   	 77.51   	  8.91   	   0.00		
-72.63   	 88.50   	  8.91   	  50.86		
-55.54   	100.71   	  9.11   	  61.04		
-47.61   	107.12   	  9.36   	  61.04		
-50.96   	106.51   	  9.60   	  91.56		
-57.07   	104.68   	  9.97   	 137.33		
-55.85   	106.51   	 10.52   	 147.51		
-44.86   	111.08   	 11.11   	 116.99		
-30.21   	113.22   	 11.58   	  61.04		
-21.36   	105.90   	 11.82   	  61.04		
-23.19   	 87.28   	 12.07   	 111.90		
-30.52   	 64.39   	 12.51   	  86.47		
-35.71   	 45.47   	 12.86   	  20.35		
-33.57   	 34.79   	 12.94   	  20.35		
-23.19   	 30.52   	 13.02   	  71.21		
 -9.16   	 28.69   	 13.31   	  76.30		
  2.14   	 24.11   	 13.61   	  66.12		
  6.10   	 16.78   	 13.88   	 101.73		
  4.58   	  8.54   	 14.28   	 152.59		
  1.53   	  1.22   	 14.89   	 132.25		
  1.83   	 -4.27   	 15.42   	 101.73		
  8.85   	 -7.63   	 15.83   	  71.21		
 19.84   	 -8.54   	 16.11   	  40.69		
 29.30   	 -6.71   	 16.28   	 -45.78		
 33.57   	 -1.53   	 16.09   	-137.33		
 29.91   	  4.27   	 15.54   	 -30.52		
 18.92   	  5.49   	 15.42   	 208.54		
  5.49   	  0.00   	 16.26   	 198.37		
 -6.10   	-10.68   	 17.05   	  76.30		
-10.68   	-21.97   	 17.35   	 162.77		
 -7.63   	-28.38   	 18.01   	 152.59		
 -1.83   	-28.99   	 18.62(V)	 -45.78		
 -0.92   	-27.16   	 18.43   	-137.33		
 -7.02   	-26.55   	 17.88   	-137.33		
-13.73   	-25.94   	 17.33   	-203.46		
-11.60   	-21.67   	 16.52   	-274.67		
  2.75   	-12.51   	 15.42   	-239.06		
 23.19   	 -1.53   	 14.47   	 -91.56		
 35.10   	  3.66   	 14.10   	  -5.09		
 30.21   	 -1.22   	 14.08   	  -5.09		
 13.12   	-12.82   	 14.06   	  20.35		
 -4.88   	-24.72   	 14.14   	  30.52		
-13.12   	-29.91   	 14.26   	  35.61		
-11.29   	-28.08   	 14.40   	  55.95		
 -6.41   	-24.72   	 14.63   	  71.21		
 -5.19   	-23.19   	 14.91   	  50.86		
 -5.80   	-23.19   	 15.12   	  20.35		
 -4.58   	-21.36   	 15.20   	   5.09		
  0.31   	-17.70   	 15.22   	 -10.17		
  4.27   	-14.95   	 15.18   	 -20.35		
  1.53   	-16.48   	 15.10   	 -25.43		
 -8.54   	-21.36   	 14.99   	 -35.61		
-19.53   	-25.94   	 14.85   	 -30.52		
-24.41   	-25.63   	 14.73   	 -35.61		
-22.28   	-21.36   	 14.59   	 -35.61		
-18.92   	-17.70   	 14.45   	 -35.61		
-19.53   	-16.78   	 14.30   	 -30.52		
-23.80   	-16.48   	 14.18   	 -10.17		
-27.16   	-12.82   	 14.14   	 -20.35		
-25.94   	 -5.19   	 14.06   	 -25.43		
-20.75   	  3.36   	 13.96   	 -25.43		
-18.01   	  6.10   	 13.86   	 -25.43		
-23.50   	 -0.92   	 13.75   	 -20.35		
-36.32   	-15.26   	 13.67   	  -5.09		
-51.57   	-29.91   	 13.65   	   0.00		
-62.87   	-38.15   	 13.65   	  15.26		
-65.61   	-36.01   	 13.71   	  15.26		
-59.81   	-24.41   	 13.77   	  30.52		
-48.52   	 -8.85   	 13.90   	  45.78		
-35.40   	  5.49   	 14.08   	  45.78		
-25.33   	 13.43   	 14.26   	  50.86		
-24.11   	 12.82   	 14.47   	  45.78		
-33.57   	  4.58   	 14.65   	  40.69		
-48.22   	 -6.41   	 14.81   	  45.78		
-59.20   	-16.17   	 14.99   	  35.61		
-59.20   	-20.75   	 15.14   	  15.26		
-48.83   	-20.14   	 15.20   	   5.09		
-34.79   	-16.48   	 15.22   	  -5.09		
-23.50   	-11.60   	 15.20   	 -10.17		
-16.17   	 -6.71   	 15.16   	 -30.52		
-13.12   	 -3.36   	 15.04   	 -30.52		
-14.65   	 -4.88   	 14.91   	 -30.52		
-21.36   	-11.29   	 14.79   	 -25.43		
-29.60   	-19.84   	 14.69   	 -25.43		
-33.57   	-25.63   	 14.59   	 -30.52		
-28.69   	-25.33   	 14.47   	 -35.61		
-18.01   	-20.14   	 14.32   	 -35.61		
 -9.46   	-15.26   	 14.18   	 -30.52		
 -7.02   	-13.12   	 14.06   	 -40.69		
 -9.16   	-12.82   	 13.90   	 -45.78		
-10.68   	-11.60   	 13.71   	 -45.78		
 -7.93   	 -9.77   	 13.53   	 -40.69		
 -3.66   	-10.07   	 13.37   	 -45.78		
 -2.75   	-15.26   	 13.18   	 -55.95		
 -4.88   	-22.89   	 12.96   	 -66.12		
 -7.93   	-27.77   	 12.70   	 -61.04		
-11.60   	-27.77   	 12.45   	 -71.21		
-16.78   	-25.02   	 12.17   	 -66.12		
-24.11   	-25.02   	 11.90   	 -61.04		
-31.13   	-31.13   	 11.66   	 -61.04		
-32.04   	-38.15   	 11.41   	 -45.78		
-23.50   	-39.37   	 11.23   	 -45.78		
 -8.24   	-31.43   	 11.05   	 -40.69		
  6.10   	-19.23   	 10.89   	 -40.69		
 14.04   	-10.99   	 10.72   	 -40.69		
 13.73   	-11.60   	 10.56   	 -40.69		
  9.16   	-19.23   	 10.40   	 -35.61		
  1.83   	-28.38   	 10.25   	 -40.69		
 -6.41   	-34.79   	 10.09   	 -40.69		
-14.65   	-35.71   	  9.93   	 -45.78		
-22.28   	-32.65   	  9.75   	 -45.78		
-26.25   	-27.16   	  9.56   	 -40.69		
-23.19   	-22.28   	  9.40   	 -40.69		
-14.34   	-22.28   	  9.24   	 -35.61		
 -3.36   	-26.25   	  9.09   	 -30.52		
  5.49   	-30.21   	  8.97   	 -15.26		
 10.07   	-30.21   	  8.91   	  -5.09		
  9.77   	-25.33   	  8.89   	  -5.09		
  7.63   	-17.40   	  8.87   	 -10.17		
  5.19   	-10.99   	  8.83   	 -10.17		
  3.36   	 -7.93   	  8.79   	 -10.17		
  0.61   	 -7.93   	  8.75   	  -5.09		
 -3.66   	-10.38   	  8.73   	 -10.17		
 -7.32   	-15.26   	  8.69   	 -10.17		
 -7.93   	-21.06   	  8.65   	  -5.09		
 -5.19   	-24.41   	  8.63   	   0.00		
 -1.83   	-24.72   	  8.63   	   5.09		
 -1.53   	-22.28   	  8.65   	   0.00		
 -4.27   	-19.84   	  8.65   	   5.09		
 -6.41   	-19.53   	  8.67   	  10.17		
 -2.75   	-21.06   	  8.71   	  10.17		
  4.58   	-22.28   	  8.75   	   0.00		
  8.54   	-22.58   	  8.75   	   0.00		
  3.36   	-23.50   	  8.75   	   0.00		
 -8.85   	-24.11   	  8.75   	  -5.09		
-18.92   	-21.67   	  8.73   	 -10.17		
-17.09   	-12.51   	  8.69   	  -5.09		
 -3.36   	  1.83   	  8.67   	 -10.17		
 13.43   	 14.95   	  8.63   	  -5.09		
 23.50   	 20.14   	  8.61   	  -5.09		
 26.25   	 17.40   	  8.59   	  -5.09		
 27.77   	 14.95   	  8.57   	   0.00		
 35.40   	 21.06   	  8.57   	  -5.09		
 50.96   	 36.93   	  8.55   	  -5.09		
 66.83   	 52.80   	  8.52   	   0.00		
 74.16   	 57.07   	  8.52   	  -5.09		
 69.27   	 45.47   	  8.50   	 -10.17		
 57.98   	 25.33   	  8.46   	  -5.09		
 50.05   	  8.85   	  8.44   	   5.09		
 52.19   	  3.97   	  8.46   	   0.00		
 65.00   	  9.77   	  8.46   	   5.09		
 82.09   	 18.01   	  8.48   	  -5.09		
 95.83   	 21.36   	  8.46   	 -10.17		
101.32   	 17.70   	  8.42   	 -30.52		
 95.52   	  9.77   	  8.30   	 -45.78		
 78.74   	  0.61   	  8.12   	 -45.78		
 53.71   	 -7.93   	  7.93   	 -30.52		
 25.63   	-16.48   	  7.81   	 -10.17		
  1.53   	-24.72   	  7.77   	  -5.09		
-14.04   	-31.13   	  7.75   	  15.26		
-20.14   	-36.01   	  7.81   	  25.43		
-18.01   	-38.45   	  7.91   	  45.78		
-11.90   	-40.28   	  8.10   	  50.86		
 -6.10   	-42.72   	  8.30   	  40.69		
 -4.27   	-46.08   	  8.46   	  45.78		
-10.07   	-50.05   	  8.65   	  50.86		
-22.89   	-54.02   	  8.85   	  61.04		
-37.23   	-55.24   	  9.09   	  55.95		
-43.95   	-51.88   	  9.32   	  40.69		
-39.67   	-43.64   	  9.48   	  25.43		
-28.69   	-35.71   	  9.58   	  10.17		
-18.62   	-33.57   	  9.62   	   5.09		
-14.34   	-38.15   	  9.64   	  15.26		
-14.04   	-44.56   	  9.70   	  10.17		
-11.29   	-43.33   	  9.75   	 -10.17		
 -0.61   	-25.02   	  9.70   	 -25.43		
 17.70   	 14.04   	  9.60   	 -25.43		
 43.33   	 73.24   	  9.50   	  -5.09		
 77.21   	147.71   	  9.48   	  15.26		
121.15   	227.36   	  9.54   	  30.52		
183.11   	302.12   	  9.66   	  35.61		
273.13   	364.38   	  9.81   	  10.17		
401.31   	408.94   	  9.85   	   5.09		
570.37   	429.08(R)	  9.87   	  30.52		
744.63   	407.10   	  9.99   	  50.86		
843.20   	330.51   	 10.19   	  35.61		
784.30   	209.96   	 10.34   	  15.26		
548.40   	 81.48   	 10.40   	   5.09		
210.27   	 -8.54   	 10.42   	  25.43		
-85.75   	-35.40   	 10.52   	  45.78		
-222.47   	-17.40   	 10.70   	  35.61		
-191.96   	  2.75   	 10.84   	 -50.86		
-88.50   	 -4.27   	 10.64   	-101.73		
-21.36   	-36.62   	 10.23   	  15.26		
-35.10   	-71.11   	 10.29   	 183.11		
-95.21   	-86.67   	 11.03   	 147.51		
-138.55   	-79.65   	 11.62   	  30.52		
-130.62   	-60.42   	 11.74   	  55.95		
-85.14   	-41.81   	 11.96   	 127.16		
-40.28   	-31.43   	 12.47   	 116.99		
-21.36   	-32.35   	 12.94   	  55.95		
-29.30   	-42.72   	 13.16(A)	 -30.52		
-51.57   	-57.98   	 13.04   	 -81.38		
-72.02   	-70.19   	 12.72   	 -81.38		
-82.70   	-73.85   	 12.39   	-116.99		
-83.01   	-68.97   	 11.92   	-157.68		
-79.35   	-61.34   	 11.29   	-127.16		
-75.38   	-54.32   	 10.78   	 -61.04		
-70.80   	-47.91   	 10.54   	 -61.04		
-63.48   	-42.11   	 10.29   	 -76.30		
-54.63   	-37.54   	  9.99   	 -71.21		
-48.22   	-36.32   	  9.70   	 -30.52		
-50.66   	-39.06   	  9.58   	  -5.09		
-62.87   	-44.25   	  9.56   	   0.00		
-77.21   	-47.30   	  9.56   	 -10.17		
-82.09   	-44.86   	  9.52   	 -25.43		
-73.85   	-38.15   	  9.42   	 -35.61		
-58.90   	-33.26   	  9.28   	 -40.69		
-49.13   	-34.48   	  9.11   	 -20.35		
-53.71   	-43.33   	  9.03   	 -30.52		
-69.58   	-53.41   	  8.91   	 -50.86		
-83.62   	-56.46   	  8.71   	 -66.12		
-85.14   	-51.88   	  8.44   	 -71.21		
-75.38   	-45.47   	  8.16   	 -76.30		
-63.17   	-43.64   	  7.85   	 -61.04		
-54.02   	-46.08   	  7.61   	 -45.78		
-49.13   	-46.39   	  7.43   	 -35.61		
-45.17   	-39.67   	  7.28   	 -20.35		
-40.59   	-28.69   	  7.20   	  -5.09		
-37.84   	-21.06   	  7.18   	   0.00		
-40.28   	-21.67   	  7.18   	   5.09		
-47.00   	-27.77   	  7.20   	   5.09		
-53.10   	-32.04   	  7.22   	  10.17		
-54.63   	-30.52   	  7.26   	   5.09		
-51.88   	-24.11   	  7.28   	   5.09		
-48.52   	-16.48   	  7.30   	 -10.17		
-48.22   	-10.68   	  7.26   	 -35.61		
-52.49   	 -7.93   	  7.12   	 -40.69		
-60.12   	 -7.93   	  6.96   	 -40.69		
-67.44   	-10.38   	  6.80   	 -25.43		
-69.89   	-13.12   	  6.69   	 -25.43		
-65.31   	-12.51   	  6.59   	 -10.17		
-55.24   	 -5.19   	  6.55   	   5.09		
-45.17   	  7.93   	  6.57   	 -10.17		
-41.20   	 22.58   	  6.53   	 -35.61		
-45.78   	 32.65   	  6.39   	 -35.61		
-57.37   	 33.57   	  6.25   	 -20.35		
-69.27   	 26.55   	  6.16   	  -5.09		
-75.38   	 18.31   	  6.14   	 -10.17		
-73.85   	 16.78   	  6.10   	 -25.43		
-68.05   	 26.55   	  6.00   	 -15.26		
-63.78   	 46.08   	  5.94   	 -10.17		
-63.78   	 68.05   	  5.90   	 -10.17		
-67.14   	 84.23   	  5.86   	  -5.09		
-68.66   	 92.47   	  5.84   	   5.09		
-64.70   	 94.60   	  5.86   	  -5.09		
-57.37   	 93.69   	  5.84   	 -10.17		
-50.66   	 93.08   	  5.80   	  10.17		
-47.30   	 94.91   	  5.84   	  10.17		
-47.61   	101.62   	  5.88   	  15.26		
-48.22   	115.05   	  5.94   	  15.26		
-47.00   	134.58   	  6.00   	  15.26		
-44.56   	153.81   	  6.06   	  15.26		
-43.03   	164.18   	  6.12   	  25.43		
-41.81   	161.13   	  6.23   	  15.26		
-39.37   	147.40   	  6.29   	  -5.09		
-34.48   	130.92   	  6.27   	   0.00		
-26.25   	120.24   	  6.27   	   5.09		
-17.40   	116.58   	  6.29   	   0.00		
-10.68   	114.75   	  6.29   	  10.17		
 -9.77   	107.42   	  6.33   	  45.78		
-13.73   	 90.03   	  6.51   	  66.12		
-17.70   	 66.83   	  6.78   	  71.21		
-16.78   	 46.08   	  7.06   	  61.04		
 -9.77   	 34.48   	  7.30   	  15.26		
  0.31   	 32.65   	  7.37   	 -20.35		
  5.80   	 35.10   	  7.28   	 -20.35		
  4.88   	 35.40   	  7.20   	 -10.17		
  1.53   	 29.30   	  7.16   	  10.17		
  0.31   	 18.01   	  7.20   	  15.26		
  0.31   	  3.36   	  7.26   	  20.35		
 -2.44   	-10.07   	  7.34   	  20.35		
-10.07   	-18.62   	  7.43   	  25.43		
-17.70   	-18.62   	  7.53   	  25.43		
-15.56   	 -7.63   	  7.63   	  35.61		
 -0.92   	  9.77   	  7.77   	  15.26		
 16.78   	 23.19   	  7.83   	   0.00		
 24.72   	 24.11   	  7.83   	 -20.35		
 17.09   	 10.38   	  7.75   	 -81.38		
  0.92   	-10.38   	  7.43   	 -45.78		
 -9.77   	-25.33   	  7.24   	 116.99		
 -7.02   	-27.77   	  7.71   	  96.64		
  4.27   	-21.06   	  8.10   	  61.04		
 13.43   	-13.12   	  8.34   	 198.37		
 15.56   	 -8.24   	  9.14   	 193.29		
 13.73   	 -4.88   	  9.91   	  55.95		
 10.99   	 -3.36   	 10.13   	  25.43		
  7.02   	 -5.19   	 10.23   	  10.17		
 -1.53   	-13.73   	 10.27   	   0.00		
-15.26   	-29.30   	 10.27   	  20.35		
-27.77   	-43.95   	 10.36   	  30.52		
-30.52   	-49.44   	 10.48   	  20.35		
-23.80   	-44.25   	 10.56   	  -5.09		
-14.65   	-35.40   	 10.54   	 -10.17		
 -9.77   	-29.91   	 10.50   	  50.86		
-10.99   	-29.91   	 10.70   	  91.56		
-17.09   	-32.96   	 11.07   	  66.12		
-25.63   	-35.40   	 11.33   	  40.69		
-34.18   	-36.01   	 11.50   	  25.43		
-39.67   	-36.93   	 11.60   	 -10.17		
-37.84   	-38.15   	 11.56   	 -20.35		
-26.25   	-37.84   	 11.48   	 -20.35		
 -8.54   	-34.79   	 11.39   	 -45.78		
  7.32   	-29.91   	 11.21   	 -66.12		
 13.73   	-26.25   	 10.95   	 -35.61		
  8.24   	-26.25   	 10.80   	  -5.09		
 -5.80   	-30.52   	 10.78   	  10.17		
-22.89   	-36.93   	 10.82   	   5.09		
-37.54   	-42.11   	 10.84   	  20.35		
-44.56   	-42.11   	 10.93   	  66.12		
-41.50   	-35.71   	 11.19   	  91.56		
-31.13   	-24.11   	 11.56   	  61.04		
-20.14   	-11.90   	 11.80   	  15.26		
-16.48   	 -5.80   	 11.86(V)	  -5.09		
-22.89   	 -7.93   	 11.84   	 -20.35		
-36.01   	-16.48   	 11.76   	 -40.69		
-48.52   	-26.86   	 11.60   	 -45.78		
-53.10   	-33.26   	 11.41   	 -30.52		
-47.00   	-33.26   	 11.29   	 -15.26		
-34.79   	-29.60   	 11.23   	   0.00		
-21.36   	-24.72   	 11.23   	   5.09		
-11.29   	-21.36   	 11.25   	 -30.52		
 -7.93   	-22.28   	 11.13   	 -40.69		
 -8.54   	-26.55   	 10.97   	 -10.17		
-10.07   	-30.52   	 10.93   	 -30.52		
-11.90   	-32.35   	 10.80   	 -55.95		
-14.65   	-31.13   	 10.58   	 -30.52		
-18.31   	-27.77   	 10.46   	 -20.35		
-22.28   	-25.33   	 10.38   	 -40.69		
-25.33   	-25.94   	 10.21   	 -35.61		
-27.47   	-28.69   	 10.07   	 -15.26		
-28.08   	-31.43   	 10.01   	 -15.26		
-25.63   	-30.52   	  9.95   	 -30.52		
-18.92   	-22.89   	  9.83   	 -35.61		
-10.07   	-11.29   	  9.68   	 -30.52		
 -4.88   	 -3.97   	  9.56   	 -25.43		
 -7.63   	 -7.93   	  9.46   	 -30.52		
-18.92   	-24.72   	  9.34   	 -25.43		
-30.82   	-43.33   	  9.24   	  -5.09		
-33.57   	-49.13   	  9.22   	   0.00		
-28.99   	-39.06   	  9.22   	 -15.26		
-24.41   	-22.89   	  9.16   	 -25.43		
-25.02   	-13.43   	  9.05   	 -25.43		
-30.21   	-17.40   	  8.95   	 -20.35		
-33.57   	-28.08   	  8.87   	 -20.35		
-29.91   	-32.65   	  8.79   	 -25.43		
-22.28   	-27.16   	  8.69   	 -15.26		
-19.23   	-18.92   	  8.63   	 -10.17		
-21.97   	-16.48   	  8.59   	  -5.09		
-25.94   	-21.67   	  8.57   	 -10.17		
-24.41   	-28.08   	  8.52   	 -10.17		
-16.78   	-28.99   	  8.48   	   5.09		
 -7.63   	-22.28   	  8.50   	  10.17		
 -1.83   	-12.51   	  8.55   	  10.17		
 -0.31   	 -6.10   	  8.59   	   5.09		
 -1.22   	 -6.41   	  8.61   	   0.00		
 -1.83   	-12.51   	  8.61   	   0.00		
 -3.36   	-22.58   	  8.61   	   5.09		
 -8.24   	-32.65   	  8.63   	   5.09		
-13.73   	-36.01   	  8.65   	  10.17		
-16.78   	-29.91   	  8.69   	  30.52		
-14.65   	-17.09   	  8.81   	 -30.52		
 -7.63   	 -3.97   	  8.69   	 -81.38		
  1.83   	  2.75   	  8.36   	 -55.95		
  7.63   	  0.92   	  8.14   	 -40.69		
  3.66   	 -7.93   	  7.98   	 -45.78		
 -8.85   	-18.01   	  7.79   	 -35.61		
-24.11   	-25.63   	  7.65   	 -25.43		
-36.62   	-28.99   	  7.55   	 -30.52		
-41.20   	-28.08   	  7.43   	  -5.09		
-39.06   	-24.72   	  7.41   	  25.43		
-35.10   	-21.06   	  7.51   	   5.09		
-32.65   	-18.62   	  7.53   	 -20.35		
-30.21   	-16.17   	  7.45   	 -25.43		
-25.63   	-11.60   	  7.34   	 -50.86		
-18.92   	 -4.58   	  7.14   	 -86.47		
-12.82   	  2.14   	  6.80   	 -76.30		
 -8.85   	  7.63   	  6.49   	 -30.52		
 -6.71   	 12.51   	  6.37   	  -5.09		
 -3.05   	 19.84   	  6.35   	 -15.26		
  5.49   	 31.43   	  6.29   	   5.09		
 17.40   	 46.39   	  6.31   	  61.04		
 28.69   	 61.65   	  6.55   	 106.82		
 35.40   	 74.77   	  6.98   	 111.90		
 36.01   	 83.01   	  7.43   	 106.82		
 32.96   	 82.40   	  7.85   	 111.90		
 29.30   	 72.33   	  8.30   	 111.90		
 28.08   	 56.46   	  8.75   	  76.30		
 31.13   	 43.95   	  9.05   	  40.69		
 39.98   	 42.72   	  9.22   	  40.69		
 52.49   	 51.88   	  9.38   	  25.43		
 64.09   	 61.34   	  9.48   	  10.17		
 68.66   	 58.90   	  9.52   	  -5.09		
 62.56   	 42.72   	  9.50   	 -10.17		
 47.00   	 24.72   	  9.46   	 -30.52		
 28.69   	 17.40   	  9.34   	 -50.86		
 12.82   	 23.50   	  9.14   	 -50.86		
  1.53   	 34.48   	  8.93   	 -30.52		
 -8.54   	 37.84   	  8.81   	  10.17		
-19.84   	 29.91   	  8.85   	  20.35		
-31.13   	 17.09   	  8.93   	  25.43		
-37.54   	  8.85   	  9.03   	  40.69		
-37.84   	  8.24   	  9.20   	  66.12		
-32.96   	 11.29   	  9.46   	  71.21		
-27.77   	 13.12   	  9.75   	  50.86		
-27.16   	 12.21   	  9.95   	  25.43		
-32.04   	 10.07   	 10.05   	  10.17		
-39.06   	  9.46   	 10.09   	 -10.17		
-44.86   	 11.29   	 10.05   	 -25.43		
-46.69   	 15.26   	  9.95   	 -30.52		
-46.08   	 20.14   	  9.83   	 -30.52		
-45.17   	 24.41   	  9.70   	 -20.35		
-43.95   	 28.08   	  9.62   	   5.09		
-42.42   	 30.82   	  9.64   	  25.43		
-40.28   	 33.26   	  9.75   	  35.61		
-36.01   	 39.98   	  9.89   	  45.78		
-27.47   	 58.29   	 10.07   	  50.86		
 -9.77   	 95.83   	 10.27   	  45.78		
 21.67   	154.42   	 10.46   	  45.78		
 65.31   	226.75   	 10.64   	  35.61		
119.93   	301.21   	 10.78   	  20.35		
189.82   	371.70   	 10.86   	  25.43		
287.48   	438.54   	 10.97   	  30.52		
428.16   	499.88   	 11.09   	  50.86		
601.20   	536.19(R)	 11.29   	  66.12		
744.93   	512.08   	 11.56   	  66.12		
769.35   	409.85   	 11.82   	  55.95		
620.12   	250.55   	 12.04   	  50.86		
327.45   	 88.81   	 12.25   	  25.43		
  6.41   	-15.56   	 12.35   	   5.09		
-205.38   	-41.81   	 12.37   	 -35.61		
-243.23   	-17.09   	 12.23   	 -96.64		
-153.20   	 14.95   	 11.84   	 -55.95		
-43.33   	 26.25   	 11.62   	 152.59		
  4.27   	 16.17   	 12.23   	 300.10		
-20.75   	  0.92   	 13.43   	 116.99		
-72.94   	 -6.41   	 13.90   	 -66.12		
-104.37   	 -4.27   	 13.63   	  30.52		
-101.93   	  0.61   	 13.75   	 198.37		
-83.62   	  2.14   	 14.55   	 183.11		
-71.72   	 -1.83   	 15.28   	  86.47		
-71.11   	 -8.54   	 15.63   	  10.17		
-75.38   	-14.04   	 15.67(A)	 -61.04		
-77.51   	-14.95   	 15.42   	 -96.64		
-75.99   	-12.82   	 15.04   	-132.25		
-72.94   	-12.21   	 14.51   	-228.89		
-68.36   	-14.34   	 13.59   	-254.32		
-61.34   	-17.70   	 12.57   	-142.42		
-53.41   	-18.92   	 12.00   	   5.09		
-47.61   	-17.40   	 12.02   	  45.78		
-46.39   	-15.26   	 12.21   	  35.61		
-50.05   	-15.87   	 12.35   	  25.43		
-54.93   	-18.92   	 12.45   	   5.09		
-57.07   	-20.75   	 12.47   	   0.00		
-56.15   	-19.23   	 12.47   	   5.09		
-56.76   	-17.40   	 12.49   	  35.61		
-63.17   	-19.84   	 12.63   	  45.78		
-73.55   	-27.77   	 12.82   	  -5.09		
-80.26   	-36.01   	 12.80   	 -45.78		
-76.29   	-38.76   	 12.61   	 -66.12		
-62.87   	-33.26   	 12.35   	 -86.47		
-49.13   	-24.11   	 12.00   	 -91.56		
-43.03   	-18.62   	 11.64   	 -91.56		
-46.08   	-19.84   	 11.27   	 -81.38		
-51.88   	-25.33   	 10.95   	 -55.95		
-54.02   	-29.91   	 10.72   	 -35.61		
-50.66   	-29.30   	 10.58   	  -5.09		
-45.47   	-24.11   	 10.56   	  25.43		
-42.72   	-18.01   	 10.66   	  40.69		
-43.03   	-14.65   	 10.82   	  25.43		
-44.56   	-14.34   	 10.93   	  20.35		
-45.17   	-14.95   	 11.01   	   0.00		
-44.25   	-12.82   	 11.01   	 -10.17		
-42.42   	 -7.93   	 10.97   	 -25.43		
-40.28   	 -2.44   	 10.86   	 -55.95		
-37.84   	  0.61   	 10.64   	 -61.04		
-35.10   	  0.61   	 10.40   	 -45.78		
-33.26   	 -2.44   	 10.21   	 -20.35		
-34.48   	 -6.10   	 10.13   	  -5.09		
-41.20   	 -9.16   	 10.11   	  10.17		
-52.49   	-11.90   	 10.15   	  10.17		
-64.09   	-12.82   	 10.19   	  -5.09		
-70.50   	-10.38   	 10.17   	  -5.09		
-68.66   	 -3.66   	 10.15   	   5.09		
-58.90   	  6.10   	 10.17   	  10.17		
-46.69   	 16.48   	 10.21   	  15.26		
-37.84   	 25.02   	 10.27   	   5.09		
-35.10   	 31.13   	 10.29   	  10.17		
-38.15   	 36.01   	 10.34   	   5.09		
-43.64   	 40.59   	 10.36   	   5.09		
-47.61   	 44.56   	 10.38   	   5.09		
-48.83   	 48.22   	 10.40   	  10.17		
-46.08   	 53.10   	 10.44   	  20.35		
-39.98   	 61.95   	 10.52   	  35.61		
-31.74   	 75.99   	 10.66   	  30.52		
-24.41   	 92.47   	 10.78   	  15.26		
-21.36   	105.90   	 10.84   	  10.17		
-24.11   	112.30   	 10.89   	  10.17		
-30.82   	112.00   	 10.93   	  20.35		
-37.54   	110.17   	 11.01   	  20.35		
-42.42   	109.86   	 11.09   	  15.26		
-45.47   	112.00   	 11.15   	  20.35		
-46.69   	115.66   	 11.23   	  35.61		
-44.86   	119.63   	 11.37   	  35.61		
-38.76   	124.21   	 11.52   	  30.52		
-28.69   	129.70   	 11.64   	  30.52		
-19.53   	133.97   	 11.76   	  40.69		
-15.56   	132.75   	 11.92   	  35.61		
-14.65   	125.12   	 12.07   	  25.43		
-10.38   	114.44   	 12.17   	  20.35		
  2.14   	103.45   	 12.25   	  30.52		
 17.09   	 90.64   	 12.37   	  35.61		
 23.19   	 71.11   	 12.51   	  35.61		
 14.04   	 42.42   	 12.66   	  40.69		
 -5.80   	 10.99   	 12.82   	  45.78		
-21.67   	-10.68   	 13.00   	  50.86		
-19.53   	-12.82   	 13.20   	  61.04		
  1.53   	  1.83   	 13.45   	  66.12		
 27.47   	 19.23   	 13.71   	  45.78		
 41.81   	 24.41   	 13.90   	  25.43		
 36.32   	 13.43   	 14.00   	   0.00		
 16.48   	 -7.32   	 14.00   	   0.00		
 -2.75   	-25.02   	 14.00   	  15.26		
 -9.16   	-31.13   	 14.06   	  35.61		
 -1.22   	-25.63   	 14.20   	  50.86		
 11.29   	-16.17   	 14.40   	  71.21		
 16.78   	-11.90   	 14.69   	  71.21		
 10.38   	-15.56   	 14.97   	  66.12		
 -1.53   	-24.11   	 15.24   	  45.78		
 -9.46   	-30.21   	 15.42   	  10.17		
 -7.32   	-29.60   	 15.46   	 -35.61		
  2.75   	-22.58   	 15.32   	-152.59		
 14.65   	-13.12   	 14.71   	-249.24		
 22.58   	 -4.58   	 13.71   	  15.26		
 21.97   	 -1.53   	 13.77   	 401.83		
 11.29   	 -6.41   	 15.38   	 350.97		
 -4.88   	-18.01   	 16.79   	 152.59		
-20.45   	-32.96   	 17.40   	 198.37		
-27.77   	-43.33   	 18.19   	 208.54		
-23.50   	-43.33   	 19.02   	  71.21		
-11.29   	-34.48   	 19.31   	 -35.61		
  0.31   	-24.72   	 19.17   	 -71.21		
  6.10   	-21.06   	 18.88   	 -96.64		
  6.41   	-24.41   	 18.49   	 -86.47		
  4.88   	-30.21   	 18.15   	 -30.52		
  2.75   	-33.87   	 18.03   	   0.00		
  0.61   	-32.96   	 18.03   	  25.43		
 -0.61   	-29.30   	 18.13   	  66.12		
  0.00   	-23.80   	 18.39   	  76.30		
  5.19   	-16.78   	 18.70   	  81.38		
 11.60   	-10.68   	 19.02   	  71.21		
 11.60   	-10.07   	 19.31   	  66.12		
  2.14   	-15.87   	 19.57   	  61.04		
-13.73   	-24.11   	 19.82   	  35.61		
-27.77   	-28.08   	 19.96   	  10.17		
-32.04   	-21.67   	 20.00   	 -10.17		
-23.50   	 -3.05   	 19.96   	 -30.52		
 -7.02   	 27.77   	 19.84   	 -45.78		
  8.54   	 69.27   	 19.65   	 -50.86		
 13.12   	121.77   	 19.45   	 -81.38		
  1.22   	184.02   	 19.13   	 -81.38		
-27.47   	252.69   	 18.80   	 -25.43		
-60.42   	325.93   	 18.70   	  15.26		
-79.04   	404.66   	 18.76   	  20.35		
-68.05   	488.89   	 18.84   	  50.86		
-25.33   	572.20   	 19.04   	  71.21		
 38.76   	645.75   	 19.33   	  61.04		
111.39   	700.99   	 19.57   	  61.04		
178.83   	732.12   	 19.82   	  55.95		
233.15   	742.49   	 20.04   	  35.61		
272.83   	745.24   	 20.18(V)	 -10.17		
296.02   	756.23   	 20.14   	 -40.69		
299.38   	784.91   	 19.98   	 -50.86		
280.15   	830.08   	 19.78   	 -66.12		
236.21   	878.91   	 19.51   	 -86.47		
169.07   	916.75   	 19.17   	-127.16		
 85.75   	935.97(R)	 18.66   	-162.77		
 -3.97   	932.62   	 18.01   	-162.77		
-87.59   	899.05   	 17.35   	-122.07		
-155.94   	823.06   	 16.87   	 -81.38		
-201.11   	697.02   	 16.54   	 -45.78		
-215.15   	531.01   	 16.36   	  -5.09		
-197.45   	355.22   	 16.34   	  10.17		
-155.64   	205.69   	 16.38   	 -20.35		
-104.98   	102.54   	 16.30   	 -30.52		
-60.42   	 40.59   	 16.17   	 -40.69		
-30.52   	 -1.83   	 16.01   	 -55.95		
-14.95   	-45.17   	 15.79   	 -50.86		
 -7.02   	-93.69   	 15.58   	 -15.26		
 -2.14   	-137.94   	 15.52   	  35.61		
 -2.14   	-167.24   	 15.67   	  81.38		
 -8.54   	-179.75   	 15.99   	  10.17		
-19.84   	-184.63   	 16.03   	 -96.64		
-32.65   	-193.48   	 15.65   	 157.68		
-40.59   	-207.82   	 16.28   	 422.18		
-39.06   	-219.73   	 17.97   	 101.73		
-28.69   	-221.25   	 18.37   	-300.10		
-15.56   	-213.32   	 17.17   	-183.11		
 -6.10   	-204.47   	 16.44   	  50.86		
 -4.27   	-202.33   	 16.64   	   0.00		
-11.29   	-207.52   	 16.64   	-188.20		
-21.97   	-214.54   	 15.89   	-198.37		
-30.52   	-218.51   	 15.10   	 -76.30		
-30.82   	-219.73   	 14.79   	  25.43		
-22.58   	-220.95   	 14.89   	 228.89		
 -8.54   	-224.00   	 15.81   	 274.67		
  5.49   	-226.75   	 16.91   	-396.74		
 12.51   	-228.88   	 15.32   	-539.16		
  9.46   	-232.24   	 13.16   	  96.64		
  0.00   	-239.87   	 13.55   	  81.38		
 -7.93   	-250.85   	 13.88   	 -71.21		
 -8.24   	-260.62   	 13.59   	 391.66		
 -1.53   	-265.81   	 15.16   	 579.86		
  5.19   	-268.86   	 17.48   	 381.48		
  4.88   	-276.18   	 19.00   	 239.06		
 -4.88   	-296.02   	 19.96   	 -45.78		
-17.70   	-327.15   	 19.78   	-483.21		
-24.41   	-361.63   	 17.84   	-793.49		
-20.75   	-388.79   	 14.67   	-681.58		
 -8.24   	-403.14   	 11.94   	-300.10		
  6.10   	-404.66   	 10.74   	 -81.38		
 15.26   	-399.17   	 10.42   	 -10.17		
 17.09   	-390.93   	 10.38   	 279.75		
 14.95   	-380.55   	 11.50   	 681.58		
 14.95   	-367.43   	 14.22   	 640.89		
 23.19   	-350.95   	 16.79   	 442.52		
 39.67   	-331.73   	 18.56   	 488.30		
 57.98   	-312.81   	 20.51   	 503.56		
 67.75   	-300.60   	 22.52   	 330.62		
 61.95   	-299.38   	 23.85   	 274.67		
 42.11   	-309.45   	 24.94   	 106.82		
 18.31   	-325.93   	 25.37(A)	-239.06		
  1.83   	-341.49   	 24.41   	-289.93		
 -1.83   	-350.65   	 23.26   	-417.09		
  5.49   	-352.78   	 21.59   	-574.77		
 16.17   	-352.17   	 19.29   	-488.30		
 22.89   	-353.39   	 17.33   	-361.14		
 23.50   	-357.97   	 15.89   	-172.94		
 19.84   	-365.91   	 15.20   	  15.26		
 16.17   	-375.06   	 15.26   	 127.16		
 16.48   	-381.47   	 15.77   	 254.32		
 20.75   	-383.61   	 16.79   	 279.75		
 26.86   	-381.16   	 17.90   	 233.98		
 29.30   	-375.98   	 18.84   	 239.06		
 27.77   	-368.35   	 19.80   	-122.07		
 26.86   	-359.50   	 19.31   	-345.88		
 29.60   	-351.56   	 17.92   	  71.21		
 37.84   	-343.93   	 18.21   	 213.63		
 48.52   	-336.00   	 19.06   	 142.42		
 57.68   	-325.32   	 19.63   	 218.72		
 64.70   	-308.23   	 20.51   	 249.24		
 71.11   	-281.98   	 21.51   	 198.37		
 75.07   	-252.38   	 22.30   	 178.03		
 74.77   	-225.22   	 23.01   	 142.42		
 69.58   	-203.86   	 23.58   	  35.61		
 63.17   	-186.46   	 23.72   	-172.94		
 61.65   	-166.93   	 23.03   	-244.15		
 67.44   	-140.99   	 22.05   	-172.94		
 78.13   	-110.17   	 21.36   	-223.80		
 87.28   	-79.65   	 20.47   	-264.50		
 90.03   	-54.02   	 19.41   	-213.63		
 86.06   	-34.18   	 18.56   	 -66.12		
 79.04   	-15.87   	 18.29   	 137.33		
 69.58   	  1.53   	 18.84   	 249.24		
 55.85   	 17.09   	 19.84   	 340.79		
 39.37   	 28.99   	 21.20   	 483.21		
 24.41   	 36.62   	 23.13   	 417.09		
 15.56   	 41.20   	 24.80   	 203.46		
 14.65   	 45.78   	 25.62   	 162.77		
 18.92   	 52.19   	 26.27   	 127.16		
 23.80   	 59.81   	 26.78   	  40.69		
 25.94   	 65.92   	 26.94   	-116.99		
 25.63   	 67.14   	 26.47   	-284.84		
 21.67   	 61.95   	 25.33   	-345.88		
 12.21   	 50.96   	 23.95   	-269.58		
  0.00   	 39.67   	 22.87   	-162.77		
 -8.85   	 32.96   	 22.22   	-106.82		
 -8.85   	 33.26   	 21.79   	 -40.69		
 -0.61   	 37.84   	 21.63   	  96.64		
  9.16   	 41.81   	 22.01   	 279.75		
 14.04   	 42.42   	 23.13   	 345.88		
 11.29   	 40.28   	 24.52   	 152.59		
  4.27   	 36.62   	 25.13   	 -35.61		
 -2.44   	 32.65   	 24.98   	 -81.38		
 -7.32   	 26.55   	 24.66   	-325.53		
 -9.46   	 18.92   	 23.36   	-951.17		
 -8.85   	 12.82   	 19.55   	-925.73		
 -7.02   	  9.46   	 15.85   	  61.04		
 -7.02   	  9.16   	 16.09   	 233.98		
 -8.85   	 10.68   	 17.03   	-132.25		
-10.68   	 12.21   	 16.50   	 427.26		
 -9.77   	 12.82   	 18.21   	1017.29		
 -5.19   	 11.60   	 22.28   	 722.28		
  0.31   	  8.54   	 25.17   	 523.90		
  3.36   	  5.49   	 27.26   	 676.50		
  2.44   	  5.19   	 29.97   	 310.27		
 -2.14   	  7.32   	 31.21(V)	-335.71		
 -8.24   	 10.38   	 29.87   	-584.94		
-13.12   	 11.90   	 27.53   	-213.63		
-15.26   	 11.60   	 26.67   	 249.24		
-11.90   	 11.29   	 27.67   	-254.32		
 -4.27   	 11.90   	 26.65   	-707.02		
  1.53   	 11.29   	 23.82   	-539.16		
 -0.31   	  7.93   	 21.67   	-183.11		
 -9.16   	  2.44   	 20.94   	-203.46		
-19.53   	 -1.53   	 20.12   	-142.42		
-22.89   	 -1.22   	 19.55   	 127.16		
-17.40   	  2.14   	 20.06   	 310.27		
 -7.93   	  5.49   	 21.30   	 427.26		
 -1.53   	  7.02   	 23.01   	 228.89		
  0.00   	  8.85   	 23.93   	  61.04		
 -2.14   	 12.21   	 24.17   	 239.06		
 -4.58   	 16.48   	 25.13   	 218.72		
 -5.19   	 19.23   	 26.00   	  15.26		
 -4.58   	 17.70   	 26.06   	-106.82		
 -3.97   	 13.12   	 25.64   	 -86.47		
 -3.66   	  9.16   	 25.29   	-259.41		
 -1.83   	  8.24   	 24.25   	-539.16		
  1.22   	 10.99   	 22.10   	-213.63		
  4.58   	 14.95   	 21.24   	 111.90		
  5.19   	 17.40   	 21.69   	-315.36		
  2.14   	 16.78   	 20.43   	-457.78		
 -5.19   	 12.21   	 18.60   	-406.92		
-14.65   	  3.36   	 16.97   	-645.98		
-22.28   	 -6.10   	 14.38   	-279.75		
-23.80   	-11.90   	 13.27   	 762.97		
-19.53   	-10.99   	 16.32   	 208.54		
-12.51   	 -3.66   	 17.15   	-528.99		
 -5.80   	  7.02   	 15.04   	-330.62		
 -3.66   	 14.65   	 13.71   	  61.04		
 -7.93   	 12.82   	 13.96   	 152.59		
-14.34   	  4.58   	 14.57   	  20.35		
-16.17   	 -3.97   	 14.65   	  81.38		
-11.90   	 -7.63   	 14.97   	 147.51		
 -3.66   	 -4.27   	 15.56   	  35.61		
  3.66   	  2.14   	 15.71   	 218.72		
  4.88   	  5.80   	 16.58   	 559.51		
  0.00   	  3.97   	 18.82   	 432.35		
 -5.80   	 -1.53   	 20.55   	 162.77		
 -8.54   	 -6.71   	 21.20   	 132.25		
 -8.85   	 -8.85   	 21.73   	 127.16		
 -9.46   	 -7.02   	 22.24   	  15.26		
-10.38   	 -2.14   	 22.30   	-239.06		
 -9.16   	  4.27   	 21.34   	-554.42		
 -2.75   	 10.38   	 19.13   	-554.42		
  6.41   	 12.21   	 16.91   	-376.40		
 11.29   	  7.93   	 15.40   	-493.39		
  7.02   	 -1.22   	 13.43   	-681.58		
 -4.88   	-10.68   	 10.70   	-742.62		
-17.70   	-16.48   	  7.73   	-498.47		
-24.72   	-16.78   	  5.74   	-132.25		
-23.50   	-11.90   	  5.21   	  76.30		
-14.95   	 -4.58   	  5.51   	 244.15		
 -5.49   	  2.14   	  6.49   	 518.82		
  1.22   	  6.10   	  8.57   	 793.49		
  1.83   	  4.88   	 11.74   	 925.73		
 -7.02   	 -5.19   	 15.44   	 798.57		
-20.45   	-21.06   	 18.64   	 483.21		
-29.91   	-36.01   	 20.57   	  40.69		
-30.21   	-43.64   	 20.73   	-381.48		
-20.75   	-41.50   	 19.21   	-829.09		
 -7.93   	-32.96   	 15.89   	-1083.41		
 -0.61   	-23.80   	 11.56   	-849.44		
 -1.83   	-17.40   	  8.16   	-427.26		
 -6.41   	-13.43   	  6.45   	-127.16		
 -7.02   	-10.07   	  5.94   	 193.29		
 -1.22   	 -7.32   	  6.71   	 554.42		
  8.24   	 -8.24   	  8.93   	 890.13		
 14.95   	-13.73   	 12.49   	1063.07		
 15.26   	-21.67   	 16.74   	1032.55		
 10.07   	-28.08   	 20.87   	 885.04		
  1.83   	-29.91   	 24.41   	 676.50		
 -5.80   	-26.86   	 27.12   	 427.26		
 -9.46   	-18.92   	 28.83   	 137.33		
 -7.32   	 -7.63   	 29.38   	 -71.21		
  0.31   	  2.14   	 29.09   	-203.46		
  8.85   	  5.49   	 28.28   	-391.66		
 12.82   	 -1.22   	 26.71   	-473.04		
  8.85   	-16.17   	 24.82   	-447.61		
 -0.31   	-32.35   	 23.03   	-493.39		
 -7.93   	-39.98   	 21.06   	-478.13		
 -6.71   	-33.57   	 19.15   	-350.97		
  1.53   	-18.01   	 17.74   	-325.53		
  6.71   	 -4.58   	 16.44   	-381.48		
  0.92   	 -2.75   	 14.91   	-340.79		
-15.56   	-15.87   	 13.55   	-213.63		
-32.96   	-36.32   	 12.70   	 -50.86		
-36.32   	-50.05   	 12.49   	  45.78		
-20.75   	-48.22   	 12.68   	  55.95		
  3.05   	-34.48   	 12.90   	 142.42		
 17.40   	-20.75   	 13.47   	 167.85		
 13.12   	-16.78   	 14.14   	  50.86		
 -3.36   	-22.28   	 14.34   	 -15.26		
-15.56   	-28.08   	 14.28   	-101.73		
-14.95   	-27.47   	 13.88   	-315.36		
 -3.66   	-19.84   	 12.61   	-513.73		
  9.46   	-11.29   	 10.56   	-391.66		
 15.56   	 -7.63   	  8.99   	-132.25		
 14.04   	 -9.77   	  8.46   	-142.42		
  9.16   	-14.95   	  7.89   	-259.41		
  5.19   	-18.92   	  6.86   	-228.89		
  3.36   	-20.75   	  5.94   	-157.68		
  2.44   	-21.06   	  5.31   	-127.16		
  1.22   	-21.67   	  4.80   	 -40.69		
  1.53   	-20.45   	  4.64   	  76.30		
  4.88   	-14.95   	  4.94   	 178.03		
 11.90   	 -5.80   	  5.66   	 264.50		
 16.48   	  0.61   	  6.71   	 310.27		
 11.29   	 -2.75   	  7.96   	 300.10		
 -6.10   	-18.31   	  9.16   	 340.79		
-28.38   	-38.45   	 10.52   	 401.83		
-39.67   	-49.13   	 12.13   	 279.75		
-31.13   	-43.95   	 13.25   	 106.82		
 -8.24   	-28.08   	 13.67   	 132.25		
 16.78   	-12.21   	 14.20   	 167.85		
 31.74   	 -3.97   	 14.87   	 111.90		
 31.43   	 -5.49   	 15.32   	 101.73		
 20.75   	-11.90   	 15.73   	 127.16		
  6.10   	-19.84   	 16.24   	 111.90		
 -8.24   	-27.16   	 16.68   	 116.99		
-18.31   	-31.74   	 17.15   	 127.16		
-21.36   	-31.43   	 17.66   	  96.64		
-18.31   	-27.77   	 18.05   	  81.38		
-11.90   	-23.50   	 18.37   	  40.69		
 -6.10   	-22.28   	 18.54   	 -30.52		
 -3.05   	-24.11   	 18.41   	 -86.47		
 -0.92   	-25.33   	 18.07   	-111.90		
  3.36   	-21.97   	 17.62   	-147.51		
  8.54   	-14.95   	 17.03   	-218.72		
 10.99   	-10.38   	 16.15   	-218.72		
  7.63   	-12.51   	 15.28   	-157.68		
 -0.31   	-21.67   	 14.65   	-106.82		
 -7.02   	-30.52   	 14.22   	 -96.64		
 -7.63   	-32.65   	 13.84   	-106.82		
 -3.97   	-27.16   	 13.41   	-106.82		
 -1.83   	-19.84   	 12.98   	 -55.95		
 -6.10   	-18.92   	 12.76   	  35.61		
-15.26   	-25.02   	 12.90   	 101.73		
-22.58   	-33.57   	 13.31   	 116.99		
-22.89   	-36.93   	 13.77   	 122.07		
-15.87   	-32.04   	 14.26   	  91.56		
 -5.19   	-20.45   	 14.63   	  66.12		
  4.58   	 -7.63   	 14.89   	  30.52		
 10.99   	 -0.61   	 15.02   	-122.07		
 14.04   	 -2.75   	 14.53   	-325.53		
 13.43   	-13.12   	 13.22   	-432.35		
  8.24   	-26.55   	 11.50   	-396.74		
  1.22   	-36.01   	  9.91   	-249.24		
 -4.88   	-37.54   	  8.91   	 -30.52		
-10.68   	-33.26   	  8.79   	 142.42		
-14.65   	-27.47   	  9.36   	 233.98		
-14.65   	-22.58   	 10.29   	 320.45		
 -8.54   	-17.40   	 11.58   	 386.57		
  4.27   	-10.68   	 13.12   	 386.57		
 20.45   	 -3.05   	 14.67   	 320.45		
 31.13   	  0.00   	 15.95   	 203.46		
 27.77   	 -4.88   	 16.76   	  61.04		
 11.60   	-17.70   	 17.01   	  20.35		
 -9.77   	-33.26   	 17.09   	  76.30		
-26.25   	-44.25   	 17.40   	  86.47		
-31.74   	-45.78   	 17.74   	  50.86		
-25.94   	-38.76   	 17.94   	  61.04		
-13.73   	-25.63   	 18.19   	 106.82		
  1.83   	-10.38   	 18.62   	  10.17		
 17.09   	  2.44   	 18.66   	-396.74		
 26.86   	  7.02   	 17.07   	-895.22		
 25.94   	  0.31   	 13.49   	-956.25		
 13.73   	-16.48   	  9.66   	-473.04		
 -4.27   	-35.10   	  7.77   	 -25.43		
-18.31   	-44.56   	  7.67   	 178.03		
-21.97   	-40.59   	  8.38   	 325.53		
-17.09   	-27.77   	  9.68   	 330.62		
 -9.77   	-15.87   	 11.01   	 249.24		
 -3.97   	-11.60   	 12.00   	 239.06		
  3.05   	-11.90   	 12.96   	 213.63		
 13.73   	-11.60   	 13.81   	 183.11		
 24.72   	 -9.16   	 14.55   	 162.77		
 28.38   	 -7.93   	 15.20   	 122.07		
 20.14   	-11.60   	 15.69   	  20.35		
  0.00   	-18.92   	 15.77   	 -91.56		
-24.41   	-26.25   	 15.40   	-142.42		
-42.42   	-28.69   	 14.83   	-172.94		
-46.69   	-26.25   	 14.14   	-213.63		
-34.79   	-21.06   	 13.29   	-228.89		
 -7.32   	-12.51   	 12.37   	-239.06		
 27.77   	  0.31   	 11.41   	-228.89		
 54.63   	 13.12   	 10.50   	-183.11		
 61.95   	 19.53   	  9.77   	 -86.47		
 50.05   	 17.09   	  9.42   	   0.00		
 31.43   	 10.68   	  9.42   	  86.47		
 20.14   	  8.85   	  9.77   	 111.90		
 21.06   	 17.09   	 10.21   	  91.56		
 26.55   	 31.43   	 10.58   	  66.12		
 28.38   	 43.03   	 10.84   	  50.86		
 28.08   	 46.39   	 11.05   	  25.43		
 34.79   	 43.03   	 11.15   	   5.09		
 55.24   	 39.06   	 11.17   	 -15.26		
 83.62   	 38.45   	 11.11   	 -25.43		
103.76   	 38.76   	 11.01   	 -30.52		
102.23   	 35.40   	 10.89   	 -15.26		
 82.09   	 26.25   	 10.82   	   5.09		
 57.68   	 12.82   	 10.84   	  15.26		
 45.78   	  2.14   	 10.91   	   5.09		
 51.88   	 -1.22   	 10.93   	 -25.43		
 67.75   	  1.83   	 10.82   	 -71.21		
 78.74   	  6.71   	 10.54   	-106.82		
 75.99   	  7.32   	 10.11   	 -76.30		
 60.42   	  0.92   	  9.81   	 -10.17		
 39.67   	 -9.16   	  9.77   	  71.21		
 18.31   	-18.62   	 10.05   	 147.51		
 -2.14   	-25.02   	 10.64   	 178.03		
-21.67   	-28.99   	 11.35   	 172.94		
-35.71   	-31.43   	 12.04   	 157.68		
-39.06   	-33.57   	 12.68   	 116.99		
-30.52   	-35.10   	 13.14   	  35.61		
-17.70   	-36.62   	 13.29   	 -50.86		
-10.68   	-38.76   	 13.08   	 -71.21		
-14.04   	-41.81   	 12.80   	 -25.43		
-22.28   	-44.25   	 12.70   	  35.61		
-26.55   	-43.03   	 12.84   	  10.17		
-21.97   	-36.32   	 12.88   	  -5.09		
-11.60   	-25.33   	 12.86   	  71.21		
 -2.14   	-14.34   	 13.14   	  91.56		
  5.80   	 -1.83   	 13.51   	  71.21		
 16.78   	 17.09   	 13.79   	 101.73		
 35.40   	 49.74   	 14.20   	 218.72		
 61.34   	100.71   	 15.08   	 350.97		
 90.33   	168.46   	 16.48   	 111.90		
120.54   	243.84   	 16.93   	-437.43		
162.35   	317.38   	 15.18   	-768.05		
238.95   	381.47   	 12.11   	-778.23		
372.92   	429.99   	  8.99   	-584.94		
565.19   	451.66(R)	  6.65   	-259.41		
768.74   	425.42   	  5.62   	  50.86		
884.70   	342.71   	  5.82   	 244.15		
823.06   	220.95   	  6.80   	 437.43		
567.02   	 95.52   	  8.55   	 569.68		
202.94   	  7.32   	 10.82   	 366.22		
-114.75   	-25.94   	 12.29   	  25.43		
-261.23   	-21.97   	 12.39   	  10.17		
-226.14   	-12.21   	 12.43   	 178.03		
-103.76   	-14.95   	 13.14   	  61.04		
 -7.02   	-27.16   	 13.39   	-111.90		
  9.16   	-38.45   	 12.94   	-101.73		
-35.10   	-44.25   	 12.53   	-142.42		
-85.75   	-48.22   	 11.96   	-254.32		
-106.81   	-54.32   	 10.95   	-320.45		
-99.18   	-60.73   	  9.66   	-244.15		
-83.62   	-62.87   	  8.69   	  81.38		
-75.38   	-58.90   	  9.01   	 488.30		
-74.46   	-52.80   	 10.97   	 640.89		
-75.99   	-49.44   	 13.53   	 523.90		
-76.29   	-50.05   	 15.63   	 366.22		
-75.07   	-52.80   	 17.09   	 167.85		
-74.16   	-54.02   	 17.76   	 -15.26		
-76.29   	-54.02   	 17.70   	 -66.12		
-82.09   	-52.49   	 17.44   	 -50.86		
-87.89   	-50.05   	 17.23   	 178.03		
-88.81   	-47.00   	 17.94   	 279.75		
-82.40   	-44.25   	 19.06(A)	 -81.38		
-71.72   	-42.42   	 18.74   	-259.41		
-62.87   	-43.64   	 17.70   	-183.11		
-61.34   	-48.22   	 16.97   	-259.41		
-66.53   	-56.15   	 15.93   	-412.00		
-72.94   	-64.39   	 14.28   	-340.79		
-73.55   	-68.36   	 12.92   	-106.82		
-68.05   	-65.92   	 12.49   	 152.59		
-63.78   	-59.20   	 13.10   	 300.10		
-65.61   	-51.27   	 14.30   	 228.89		
-72.33   	-43.95   	 15.22   	 198.37		
-76.90   	-38.45   	 16.01   	 167.85		
-71.72   	-35.10   	 16.68   	  91.56		
-58.90   	-34.79   	 17.05   	  45.78		
-47.00   	-39.06   	 17.23   	 -50.86		
-43.95   	-47.91   	 17.03   	-254.32		
-51.57   	-57.98   	 16.01   	-401.83		
-64.09   	-63.17   	 14.40   	-396.74		
-73.85   	-60.42   	 12.82   	-345.88		
-76.60   	-49.44   	 11.43   	-366.22		
-73.55   	-36.01   	  9.97   	-447.61		
-68.66   	-28.38   	  8.18   	-539.16		
-65.61   	-30.82   	  6.02   	-493.39		
-64.09   	-40.89   	  4.05   	-335.71		
-62.87   	-50.96   	  2.71   	-254.32		
-58.90   	-51.88   	  1.69   	 -20.35		
-51.57   	-41.50   	  1.61   	 132.25		
-43.95   	-26.25   	  2.14   	  10.17		
-41.20   	-15.56   	  2.18   	  30.52		
-46.69   	-14.04   	  2.30   	 142.42		
-57.98   	-18.62   	  2.87   	 132.25		
-68.05   	-21.67   	  3.40   	 122.07		
-70.80   	-17.09   	  3.89   	 188.20		
-63.48   	 -3.97   	  4.64   	 111.90		
-50.05   	 12.51   	  5.09   	 -25.43		
-39.37   	 24.41   	  4.98   	 -96.64		
-37.84   	 25.94   	  4.60   	-183.11		
-44.25   	 19.53   	  3.87   	-254.32		
-54.32   	 11.29   	  2.85   	-178.03		
-62.87   	  8.54   	  2.14   	-142.42		
-67.14   	 15.26   	  1.57   	-249.24		
-68.36   	 28.99   	  0.57   	-330.62		
-68.05   	 43.64   	 -0.75   	-493.39		
-65.31   	 55.24   	 -2.73   	-859.61		
-58.29   	 62.87   	 -6.16   	-803.66		
-49.13   	 66.83   	 -9.38   	 467.95		
-42.72   	 67.44   	 -7.51   	1780.26		
-42.42   	 67.75   	 -0.39   	1846.38		
-48.22   	 68.97   	  7.00   	1312.30		
-54.93   	 72.63   	 12.25   	1169.88		
-57.07   	 80.57   	 16.93   	1108.85		
-52.80   	 91.25   	 21.36   	 396.74		
-45.17   	102.54   	 22.95   	-554.42		
-37.23   	112.92   	 20.73   	-1134.28		
-30.21   	121.77   	 16.20   	-1393.69		
-23.50   	127.56   	 10.62   	-1648.01		
-16.78   	127.87   	  4.03   	-1887.07		
-11.29   	121.46   	 -3.52   	-1612.40		
 -9.46   	109.56   	 -9.97   	-707.02		
-12.21   	 96.13   	-12.80   	 244.15		
-18.01   	 83.92   	-11.82   	 996.94		
-21.67   	 74.16   	 -7.83   	1612.40		
-17.40   	 65.00   	 -1.38   	1973.54		
 -1.83   	 55.85   	  6.51   	1907.42		
 21.67   	 45.78   	 14.14   	1469.98		
 42.72   	 34.79   	 20.02   	 854.52		
 50.66   	 21.67   	 23.44   	 106.82		
 41.81   	  7.32   	 23.87(V)	-523.90		
 23.19   	 -5.80   	 21.77   	-890.13		
  5.19   	-15.56   	 18.21   	-1032.55		
 -4.88   	-21.36   	 14.08   	-976.60		
 -7.02   	-24.72   	 10.17   	-757.88		
 -5.80   	-27.47   	  7.14   	-523.90		
 -3.66   	-29.60   	  5.05   	-239.06		
  1.22   	-29.60   	  4.09   	  45.78		
  9.46   	-26.86   	  4.27   	  81.38		
 18.01   	-25.94   	  4.60   	  61.04		
 22.28   	-29.60   	  4.84   	 127.16		
 20.14   	-38.15   	  5.35   	  96.64		
 14.65   	-47.61   	  5.74   	  86.47		
 10.99   	-53.10   	  6.08   	 315.36		
 11.90   	-50.96   	  7.34   	 452.69		
 14.95   	-43.95   	  9.16   	 345.88		
 14.65   	-37.23   	 10.54   	 335.71		
 10.68   	-32.96   	 11.88   	 401.83		
  6.71   	-31.43   	 13.49   	 274.67		
  7.02   	-32.04   	 14.59   	  86.47		
 12.21   	-33.57   	 14.93   	-361.14		
 12.82   	-43.33   	 13.49   	-325.53		
  5.19   	-46.08   	 12.19   	-412.00		
 -0.31   	-46.69   	 10.54   	-376.40		
 -2.14   	-45.17   	  9.03   	-228.89		
 -2.14   	-43.95   	  8.12   	-106.82		
 -1.53   	-43.95   	  7.69   	-127.16		
  1.53   	-42.72   	  7.18   	-167.85		
  5.80   	-39.98   	  6.51   	-111.90		
  6.41   	-39.06   	  6.06   	 -20.35		
 -0.61   	-43.33   	  5.98   	  35.61		
-16.17   	-53.10   	  6.12   	 111.90		
-33.87   	-64.09   	  6.57   	 203.46		
-43.33   	-67.44   	  7.39   	 188.20		
-40.89   	-61.34   	  8.14   	 137.33		
-31.43   	-51.27   	  8.69   	 157.68		
-24.72   	-45.47   	  9.32   	 188.20		
-25.33   	-47.00   	 10.07   	 172.94		
-32.35   	-51.57   	 10.76   	 162.77		
-39.37   	-52.49   	 11.41   	 116.99		
-41.81   	-46.69   	 11.88   	  66.12		
-39.06   	-37.23   	 12.15   	  20.35		
-32.96   	-28.38   	 12.23   	 -66.12		
-28.38   	-25.02   	 11.96   	-137.33		
-28.08   	-28.08   	 11.41   	-132.25		
-30.52   	-33.26   	 10.89   	 -55.95		
-34.18   	-38.76   	 10.66   	   5.09		
-38.15   	-42.72   	 10.68   	  30.52		
-39.98   	-46.08   	 10.80   	  71.21		
-41.50   	-50.66   	 11.09   	 122.07		
-44.86   	-57.07   	 11.58   	  91.56		
-47.61   	-60.42   	 11.94   	  55.95		
-48.83   	-58.29   	 12.17   	  86.47		
-47.91   	-51.27   	 12.51   	 137.33		
-44.56   	-44.25   	 13.06   	  N/A		
