  I     	  II     	  LVp     	  LVp'		
-14.04   	-20.14   	 51.13   	 869.78		
-11.90   	-18.92   	 54.61   	 834.18		
 -9.46   	-16.17   	 57.94   	 788.40		
 -6.10   	-10.99   	 61.10   	 747.71		
 -2.75   	 -5.19   	 64.09   	 701.93		
  0.31   	 -0.31   	 66.90   	 651.07		
  2.75   	  2.14   	 69.50   	 600.20		
  6.41   	  3.05   	 71.90   	 549.34		
 12.21   	  4.58   	 74.10   	 503.56		
 19.23   	  7.93   	 76.11   	 447.61		
 26.25   	 13.73   	 77.90   	 401.83		
 32.04   	 21.06   	 79.51   	 356.05		
 37.54   	 28.69   	 80.94   	 320.45		
 43.64   	 36.01   	 82.22   	 295.01		
 50.96   	 41.50   	 83.40   	 269.58		
 59.51   	 45.78   	 84.48   	 259.41		
 68.36   	 50.05   	 85.51   	 254.32		
 78.43   	 56.15   	 86.53   	 259.41		
 90.64   	 66.22   	 87.57   	 259.41		
104.68   	 79.96   	 88.61   	 269.58		
119.63   	 94.91   	 89.68   	 279.75		
133.97   	109.25   	 90.80   	 274.67		
147.40   	122.07   	 91.90   	 279.75		
161.13   	134.28   	 93.02   	 279.75		
175.17   	147.40   	 94.14   	 264.50		
189.51   	162.35   	 95.20   	 249.24		
203.25   	178.53   	 96.19   	 233.98		
215.15   	195.62   	 97.13   	 213.63		
224.61   	213.32   	 97.99   	 183.11		
231.32   	230.10   	 98.72   	 162.77		
234.38   	244.14   	 99.37   	 137.33		
233.15   	252.38   	 99.92   	 101.73		
226.44   	252.99   	100.33   	  76.30		
213.62   	245.36   	100.63   	  45.78		
194.70   	231.02   	100.81   	  15.26		
171.51   	211.49   	100.87   	 -25.43		
145.87   	189.21   	100.77   	 -61.04		
120.24   	166.32   	100.53   	 -96.64		
 96.44   	144.04   	100.14   	-132.25		
 75.68   	122.99   	 99.61   	-162.77		
 57.37   	103.76   	 98.96   	-193.29		
 41.20   	 86.36   	 98.19   	-213.63		
 26.55   	 70.80   	 97.33   	-228.89		
 13.73   	 56.46   	 96.42   	-233.98		
  3.66   	 43.03   	 95.48   	-228.89		
 -3.97   	 30.82   	 94.57   	-218.72		
 -9.16   	 19.84   	 93.69   	-198.37		
-13.73   	 11.60   	 92.90   	-178.03		
-18.01   	  6.10   	 92.19   	-147.51		
-21.67   	  3.97   	 91.60   	-116.99		
-24.11   	  3.66   	 91.13   	 -91.56		
-25.33   	  3.05   	 90.76   	 -61.04		
-25.63   	  1.22   	 90.52   	 -40.69		
-25.63   	 -2.14   	 90.36   	 -20.35		
-25.94   	 -5.80   	 90.27   	 -10.17		
-26.25   	 -9.46   	 90.23   	  -5.09		
-27.16   	-13.12   	 90.21   	  -5.09		
-28.99   	-16.17   	 90.19   	 -15.26		
-31.13   	-17.70   	 90.13   	 -35.61		
-32.96   	-17.40   	 89.99   	 -55.95		
-33.57   	-14.95   	 89.77   	 -91.56		
-32.35   	-12.51   	 89.40   	-122.07		
-30.52   	-11.29   	 88.91   	-162.77		
-28.38   	-11.60   	 88.26   	-203.46		
-26.86   	-11.60   	 87.45   	-249.24		
-26.25   	-10.38   	 86.45   	-295.01		
-26.25   	 -7.63   	 85.27   	-340.79		
-26.86   	 -4.58   	 83.91   	-376.40		
-28.38   	 -3.05   	 82.40   	-417.09		
-29.91   	 -4.58   	 80.73   	-452.69		
-31.13   	 -7.93   	 78.92   	-483.21		
-31.13   	-11.60   	 76.99   	-518.82		
-30.52   	-13.73   	 74.91   	-554.42		
-29.60   	-13.73   	 72.70   	-584.94		
-28.99   	-13.12   	 70.36   	-615.46		
-29.60   	-12.51   	 67.89   	-645.98		
-30.52   	-12.51   	 65.31   	-671.41		
-31.43   	-11.90   	 62.62   	-681.58		
-31.74   	-10.68   	 59.90   	-691.76		
-31.43   	 -8.24   	 57.13   	-691.76		
-30.52   	 -5.80   	 54.36   	-671.41		
-29.91   	 -4.88   	 51.68   	-656.15		
-29.30   	 -5.80   	 49.05   	-635.81		
-28.38   	 -7.93   	 46.51   	-600.20		
-27.47   	 -9.77   	 44.11   	-584.94		
-26.25   	-10.07   	 41.77   	-569.68		
-25.33   	 -8.85   	 39.49   	-559.51		
-23.80   	 -6.71   	 37.25   	-564.60		
-22.28   	 -4.58   	 34.99   	-574.77		
-20.75   	 -3.36   	 32.70   	-595.11		
-19.84   	 -3.05   	 30.32   	-605.29		
-21.06   	 -3.66   	 27.89   	-625.63		
-23.80   	 -5.19   	 25.39   	-630.72		
-26.55   	 -6.41   	 22.87   	-635.81		
-27.77   	 -7.32   	 20.33   	-625.63		
-26.86   	 -7.93   	 17.82   	-605.29		
-24.72   	 -8.24   	 15.40   	-574.77		
-23.19   	 -9.16   	 13.10   	-539.16		
-22.89   	-10.38   	 10.95   	-488.30		
-23.19   	-11.60   	  8.99   	-437.43		
-23.80   	-12.21   	  7.24   	-376.40		
-24.41   	-12.51   	  5.74   	-320.45		
-25.02   	-12.82   	  4.46   	-264.50		
-25.33   	-13.43   	  3.40   	-213.63		
-25.02   	-13.73   	  2.54   	-167.85		
-24.41   	-14.34   	  1.87   	-116.99		
-24.11   	-14.65   	  1.40   	 -81.38		
-25.02   	-14.65   	  1.08   	 -45.78		
-26.55   	-14.95   	  0.90   	 -10.17		
-28.69   	-15.87   	  0.85   	  25.43		
-29.91   	-16.48   	  0.96   	  55.95		
-30.21   	-15.87   	  1.18   	  81.38		
-29.30   	-14.34   	  1.51   	 101.73		
-28.08   	-12.82   	  1.91   	 111.90		
-27.77   	-12.21   	  2.36   	 116.99		
-28.38   	-12.82   	  2.83   	 106.82		
-29.60   	-13.73   	  3.26   	 101.73		
-30.52   	-13.43   	  3.66   	  76.30		
-30.52   	-10.99   	  3.97   	  55.95		
-29.91   	 -7.63   	  4.19   	  30.52		
-29.60   	 -6.10   	  4.31   	   0.00		
-29.91   	 -6.41   	  4.31   	 -25.43		
-30.21   	 -7.93   	  4.21   	 -45.78		
-30.21   	 -9.16   	  4.03   	 -71.21		
-29.30   	 -8.85   	  3.74   	 -76.30		
-28.69   	 -7.93   	  3.44   	 -81.38		
-28.08   	 -7.63   	  3.11   	 -71.21		
-28.38   	 -7.93   	  2.83   	 -55.95		
-28.69   	 -9.16   	  2.60   	 -35.61		
-28.69   	 -9.46   	  2.46   	  -5.09		
-28.69   	 -9.16   	  2.44   	  30.52		
-28.69   	 -7.93   	  2.56   	  71.21		
-28.99   	 -7.63   	  2.85   	  96.64		
-29.60   	 -8.24   	  3.23   	 127.16		
-29.91   	 -9.77   	  3.74   	 137.33		
-29.91   	-11.29   	  4.29   	 147.51		
-29.91   	-11.90   	  4.88   	 132.25		
-29.60   	-12.21   	  5.41   	 111.90		
-29.60   	-12.82   	  5.86   	  76.30		
-29.91   	-14.04   	  6.16   	  30.52		
-29.91   	-15.56   	  6.29   	 -15.26		
-28.99   	-15.87   	  6.23   	 -71.21		
-27.77   	-14.95   	  5.94   	-122.07		
-26.55   	-13.12   	  5.45   	-167.85		
-26.55   	-11.29   	  4.78   	-203.46		
-28.08   	-11.29   	  3.97   	-233.98		
-30.21   	-12.51   	  3.03   	-244.15		
-31.74   	-14.65   	  2.05   	-254.32		
-31.74   	-15.56   	  1.04   	-244.15		
-29.91   	-14.34   	  0.06   	-223.80		
-27.47   	-11.90   	 -0.83   	-198.37		
-25.63   	 -9.77   	 -1.63   	-167.85		
-25.33   	 -9.16   	 -2.30   	-122.07		
-26.25   	 -9.77   	 -2.79   	 -86.47		
-28.08   	-10.38   	 -3.13   	 -35.61		
-28.99   	 -9.77   	 -3.28   	   0.00		
-28.38   	 -8.54   	 -3.28   	  40.69		
-26.86   	 -7.32   	 -3.11   	  76.30		
-25.63   	 -7.32   	 -2.81   	 106.82		
-25.33   	 -8.24   	 -2.38   	 122.07		
-25.63   	 -9.16   	 -1.89   	 137.33		
-26.25   	 -9.77   	 -1.34   	 142.42		
-25.63   	 -8.85   	 -0.77   	 142.42		
-24.72   	 -7.32   	 -0.20   	 137.33		
-23.80   	 -5.19   	  0.35   	 127.16		
-23.80   	 -3.97   	  0.85   	 127.16		
-24.72   	 -3.66   	  1.36   	 122.07		
-25.63   	 -4.88   	  1.85   	 132.25		
-25.63   	 -7.02   	  2.38   	 137.33		
-24.72   	 -9.16   	  2.93   	 157.68		
-22.58   	 -9.46   	  3.56   	 178.03		
-20.45   	 -7.02   	  4.27   	 193.29		
-18.01   	  0.31   	  5.05   	 208.54		
-14.95   	 12.82   	  5.88   	 223.80		
-11.29   	 30.21   	  6.78   	 233.98		
 -6.41   	 49.44   	  7.71   	 233.98		
 -2.14   	 67.14   	  8.65   	 228.89		
  0.31   	 80.26   	  9.56   	 213.63		
  1.53   	 90.03   	 10.42   	 183.11		
  3.36   	 99.49   	 11.15   	 152.59		
  7.93   	111.39   	 11.76   	 111.90		
 15.56   	126.65   	 12.21   	  61.04		
 25.33   	144.35   	 12.45   	  10.17		
 35.10   	163.57   	 12.49   	 -40.69		
 42.42   	184.33   	 12.33   	 -91.56		
 48.52   	206.91   	 11.96   	-132.25		
 55.54   	231.63   	 11.43   	-172.94		
 65.31   	255.43   	 10.74   	-208.54		
 78.13   	274.96   	  9.91   	-228.89		
 91.25   	285.34   	  8.99   	-244.15		
 98.88   	282.29   	  8.02   	-249.24		
 94.30   	262.45   	  7.02   	-244.15		
 76.29   	226.44   	  6.04   	-228.89		
 48.22   	178.53   	  5.13   	-203.46		
 18.92   	126.95   	  4.31   	-172.94		
 -3.05   	 79.35   	  3.62   	-137.33		
-14.95   	 41.50   	  3.07   	 -91.56		
-18.62   	 15.26   	  2.71   	 -50.86		
-19.53   	  0.00   	  2.50   	  -5.09		
-21.67   	 -7.93   	  2.48   	  30.52		
-25.33   	-11.90   	  2.60   	  71.21		
-29.30   	-15.56   	  2.89   	  91.56		
-32.04   	-20.45   	  3.26   	 116.99		
-32.65   	-26.25   	  3.72   	 122.07		
-32.35   	-31.74   	  4.21   	 127.16		
-32.04   	-36.01   	  4.72   	 116.99		
-32.96   	-39.37   	  5.19   	 106.82		
-34.48   	-42.42   	  5.62   	  91.56		
-36.32   	-45.47   	  5.98   	  66.12		
-37.54   	-48.22   	  6.25   	  45.78		
-38.45   	-50.05   	  6.43   	  20.35		
-39.06   	-50.05   	  6.51   	   0.00		
-39.67   	-49.13   	  6.51   	 -20.35		
-41.20   	-48.52   	  6.43   	 -40.69		
-45.78   	-53.10   	  6.27   	 -50.86		
-57.68   	-70.19   	  6.06   	 -66.12		
-76.90   	-101.01   	  5.80   	 -66.12		
-95.83   	-133.36   	  5.53   	 -71.21		
-96.13   	-139.77   	  5.25   	 -71.21		
-57.68   	-87.28   	  4.96   	 -61.04		
 30.82   	 43.03   	  4.72   	 -50.86		
160.52   	245.06   	  4.52   	 -35.61		
306.70   	486.15   	  4.37   	 -20.35		
438.54   	717.47   	  4.29   	   5.09		
531.31   	890.81   	  4.31(E)	  30.52		
568.85   	966.49(R)	  4.44   	  50.86		
540.16   	919.49   	  4.64   	  76.30		
440.06   	755.62   	  4.94   	  96.64		
279.54   	510.25   	  5.33   	 116.99		
 88.81   	236.21   	  5.80   	 132.25		
-85.14   	-10.68   	  6.33   	 147.51		
-202.33   	-191.35   	  6.92   	 157.68		
-247.80   	-292.97   	  7.55   	 167.85		
-238.04   	-326.54   	  8.22   	 167.85		
-204.16   	-314.33   	  8.89   	 178.03		
-171.51   	-281.07   	  9.60   	 183.11		
-147.71   	-245.36   	 10.34   	 183.11		
-128.48   	-214.84   	 11.07   	 198.37		
-107.73   	-186.46   	 11.86   	 213.63		
-86.36   	-155.94   	 12.72   	 233.98		
-68.66   	-123.90   	 13.65   	 264.50		
-57.98   	-95.83   	 14.71   	 300.10		
-53.41   	-77.82   	 15.91   	 345.88		
-51.57   	-69.58   	 17.29   	 396.74		
-49.44   	-67.44   	 18.88   	 452.69		
-46.08   	-65.92   	 20.69   	 503.56		
-42.42   	-62.56   	 22.71   	 559.51		
-39.37   	-57.37   	 24.94   	 605.29		
-37.23   	-52.80   	 27.37   	 645.98		
-35.71   	-49.44   	 29.95   	 676.50		
-33.87   	-47.61   	 32.66   	 707.02		
-30.82   	-46.39   	 35.48   	 722.28		
-27.77   	-43.95   	 38.37   	 732.45		
-25.02   	-40.59   	 41.30   	 737.54		
-22.89   	-36.01   	 44.25   	 737.54		
-21.67   	-32.04   	 47.20   	 732.45		
-20.75   	-29.60   	 50.13   	 717.19		
-19.23   	-28.99   	 53.00   	 701.93		
-17.70   	-28.99   	 55.81   	 676.50		
-15.56   	-27.77   	 58.51   	 651.07		
-13.12   	-24.41   	 61.12   	 620.55		
 -8.85   	-19.53   	 63.60   	 590.03		
 -3.36   	-13.73   	 65.96   	 559.51		
  2.44   	 -8.24   	 68.20   	 523.90		
  7.02   	 -3.97   	 70.29   	 493.39		
 10.68   	 -0.61   	 72.27   	 462.87		
 14.04   	  2.14   	 74.12   	 437.43		
 18.31   	  5.49   	 75.87   	 417.09		
 24.41   	 10.07   	 77.54   	 391.66		
 31.43   	 15.87   	 79.10   	 371.31		
 39.06   	 22.58   	 80.59   	 350.97		
 47.00   	 30.21   	 81.99   	 335.71		
 55.85   	 38.15   	 83.34   	 315.36		
 66.22   	 46.39   	 84.60   	 295.01		
 77.51   	 54.93   	 85.78   	 274.67		
 89.42   	 65.00   	 86.88   	 259.41		
101.62   	 76.29   	 87.91   	 233.98		
113.83   	 88.81   	 88.85   	 218.72		
126.95   	103.15   	 89.72   	 193.29		
140.99   	119.02   	 90.50   	 183.11		
156.25   	135.80   	 91.23   	 157.68		
171.51   	153.81   	 91.86   	 152.59		
185.55   	171.51   	 92.47   	 137.33		
197.45   	188.60   	 93.02   	 127.16		
206.91   	204.47   	 93.53   	 127.16		
213.62   	219.73   	 94.04   	 116.99		
218.81   	234.07   	 94.51   	 111.90		
221.56   	246.58   	 94.95   	 111.90		
220.03   	255.13   	 95.40   	 101.73		
212.40   	256.65   	 95.81   	  91.56		
198.36   	249.33   	 96.17   	  81.38		
178.53   	233.76   	 96.50   	  76.30		
155.64   	211.79   	 96.81   	  55.95		
131.84   	187.07   	 97.03   	  45.78		
108.03   	162.05   	 97.21   	  35.61		
 85.45   	138.24   	 97.35   	  20.35		
 64.09   	116.88   	 97.44   	  10.17		
 45.47   	 97.35   	 97.48(S)	   0.00		
 29.30   	 79.35   	 97.48   	   0.00		
 15.56   	 63.48   	 97.48   	 -10.17		
  3.66   	 49.44   	 97.44   	 -10.17		
 -6.10   	 37.84   	 97.40   	 -15.26		
-14.04   	 28.38   	 97.33   	 -10.17		
-19.53   	 20.75   	 97.29   	 -10.17		
-23.19   	 14.04   	 97.25   	 -10.17		
-25.63   	  9.16   	 97.21   	  -5.09		
-26.55   	  5.80   	 97.19   	  -5.09		
-26.86   	  3.97   	 97.17   	   0.00		
-27.16   	  2.44   	 97.17   	   0.00		
-28.08   	  0.00   	 97.17   	   5.09		
-29.30   	 -3.05   	 97.19   	   0.00		
-30.52   	 -6.10   	 97.19   	   0.00		
-30.52   	 -7.93   	 97.19   	  -5.09		
-29.91   	 -7.63   	 97.17   	 -15.26		
-28.99   	 -6.41   	 97.11   	 -20.35		
-28.08   	 -4.88   	 97.03   	 -40.69		
-28.08   	 -4.27   	 96.87   	 -55.95		
-28.38   	 -3.97   	 96.64   	 -71.21		
-28.08   	 -3.66   	 96.36   	 -96.64		
-26.55   	 -3.36   	 95.97   	-122.07		
-25.02   	 -3.05   	 95.48   	-152.59		
-24.41   	 -3.05   	 94.87   	-178.03		
-24.72   	 -3.66   	 94.16   	-213.63		
-25.94   	 -5.19   	 93.31   	-244.15		
-27.47   	 -7.02   	 92.33   	-279.75		
-27.77   	 -8.24   	 91.21   	-320.45		
-27.16   	 -8.85   	 89.93   	-361.14		
-26.55   	 -9.16   	 88.48   	-401.83		
-26.55   	 -9.46   	 86.88   	-442.52		
-27.47   	-10.07   	 85.11   	-483.21		
-28.38   	-10.68   	 83.17   	-534.08		
-29.60   	-10.68   	 81.04   	-569.68		
-30.21   	-10.38   	 78.76   	-605.29		
-30.52   	 -9.77   	 76.34   	-645.98		
-30.52   	 -9.16   	 73.75   	-671.41		
-30.21   	 -8.85   	 71.07   	-696.84		
-29.91   	 -9.46   	 68.28   	-712.10		
-29.60   	 -9.77   	 65.43   	-727.36		
-29.60   	-10.38   	 62.52   	-732.45		
-29.60   	-10.99   	 59.59   	-732.45		
-29.30   	-11.29   	 56.66   	-722.28		
-28.38   	-10.99   	 53.77   	-712.10		
-27.77   	-10.07   	 50.93   	-696.84		
-27.47   	 -8.54   	 48.14   	-681.58		
-27.47   	 -7.02   	 45.41   	-661.24		
-27.77   	 -5.80   	 42.77   	-635.81		
-28.08   	 -5.49   	 40.22   	-620.55		
-28.08   	 -5.49   	 37.74   	-595.11		
-27.77   	 -6.41   	 35.36   	-574.77		
-27.16   	 -7.32   	 33.06   	-554.42		
-26.55   	 -8.24   	 30.84   	-528.99		
-25.94   	 -8.54   	 28.73   	-503.56		
-25.63   	 -8.54   	 26.71   	-478.13		
-25.94   	 -9.16   	 24.80   	-447.61		
-26.55   	 -9.77   	 23.01   	-427.26		
-26.86   	-10.99   	 21.30   	-391.66		
-27.16   	-11.90   	 19.74   	-371.31		
-27.16   	-12.21   	 18.25   	-335.71		
-27.47   	-12.21   	 16.91   	-315.36		
-27.77   	-12.82   	 15.65   	-284.84		
-28.38   	-14.04   	 14.51   	-259.41		
-28.69   	-14.95   	 13.47   	-233.98		
-28.38   	-15.56   	 12.53   	-213.63		
-27.77   	-15.26   	 11.68   	-188.20		
-26.86   	-14.34   	 10.93   	-172.94		
-26.25   	-14.65   	 10.23   	-152.59		
-26.55   	-15.87   	  9.62   	-137.33		
-27.47   	-18.01   	  9.07   	-122.07		
-28.38   	-19.53   	  8.59   	-111.90		
-28.99   	-19.53   	  8.14   	 -96.64		
-28.99   	-18.31   	  7.75   	 -81.38		
-28.99   	-15.87   	  7.43   	 -81.38		
-29.30   	-14.34   	  7.10   	 -71.21		
-29.91   	-13.73   	  6.82   	 -66.12		
-30.52   	-13.43   	  6.55   	 -61.04		
-30.52   	-13.73   	  6.31   	 -61.04		
-30.52   	-13.73   	  6.06   	 -61.04		
-30.52   	-14.04   	  5.82   	 -55.95		
-30.52   	-14.34   	  5.60   	 -50.86		
-30.82   	-14.65   	  5.39   	 -50.86		
-31.13   	-15.26   	  5.19   	 -40.69		
-31.13   	-15.87   	  5.03   	 -35.61		
-31.43   	-16.17   	  4.88   	 -20.35		
-31.43   	-15.87   	  4.80   	 -10.17		
-31.43   	-15.56   	  4.76(D)	   0.00		
-31.74   	-15.26   	  4.76   	  15.26		
-32.35   	-14.65   	  4.82   	  30.52		
-32.65   	-13.73   	  4.94   	  40.69		
-32.35   	-13.43   	  5.11   	  55.95		
-31.74   	-13.73   	  5.33   	  61.04		
-31.43   	-14.95   	  5.57   	  76.30		
-31.43   	-17.40   	  5.88   	  76.30		
-32.04   	-19.23   	  6.19   	  86.47		
-32.35   	-20.45   	  6.53   	  81.38		
-32.04   	-20.14   	  6.86   	  81.38		
-30.82   	-19.53   	  7.18   	  81.38		
-29.91   	-19.23   	  7.51   	  66.12		
-29.30   	-19.23   	  7.77   	  61.04		
-29.60   	-19.84   	  8.02   	  50.86		
-30.21   	-19.84   	  8.22   	  40.69		
-30.21   	-18.92   	  8.38   	  30.52		
-28.99   	-17.70   	  8.50   	  15.26		
-27.16   	-16.48   	  8.57   	   5.09		
-25.94   	-15.87   	  8.59   	   0.00		
-25.94   	-16.17   	  8.59   	  -5.09		
-26.55   	-16.78   	  8.57   	 -10.17		
-27.16   	-17.70   	  8.52   	 -10.17		
-26.55   	-18.01   	  8.48   	 -15.26		
-25.33   	-18.01   	  8.42   	 -10.17		
-24.41   	-17.70   	  8.38   	 -10.17		
-24.11   	-17.70   	  8.34   	  -5.09		
-24.41   	-17.70   	  8.32   	  -5.09		
-25.63   	-18.01   	  8.30   	  -5.09		
-26.25   	-18.62   	  8.28   	   0.00		
-26.55   	-18.92   	  8.28   	   0.00		
-25.94   	-19.23   	  8.28   	   0.00		
-25.02   	-19.53   	  8.28   	   0.00		
-24.41   	-19.23   	  8.28   	   0.00		
-24.41   	-19.23   	  8.28   	   5.09		
-24.72   	-19.53   	  8.30   	   0.00		
-25.02   	-19.23   	  8.30   	  -5.09		
-25.02   	-18.62   	  8.28   	   0.00		
-24.11   	-17.70   	  8.28   	   0.00		
-22.58   	-16.48   	  8.28   	  -5.09		
-21.67   	-15.56   	  8.26   	   0.00		
-21.97   	-15.26   	  8.26   	  -5.09		
-22.89   	-15.26   	  8.24   	   0.00		
-24.11   	-15.87   	  8.24   	   0.00		
-24.72   	-16.17   	  8.24   	   0.00		
-24.41   	-16.17   	  8.24   	   0.00		
-22.89   	-15.26   	  8.24   	   5.09		
-20.75   	-12.21   	  8.26   	   5.09		
-18.31   	 -4.88   	  8.28   	   5.09		
-14.65   	  7.93   	  8.30   	  10.17		
-10.38   	 25.63   	  8.34   	   5.09		
 -5.49   	 46.08   	  8.36   	  10.17		
 -1.53   	 64.70   	  8.40   	  10.17		
  0.92   	 79.04   	  8.44   	   5.09		
  3.05   	 90.03   	  8.46   	  10.17		
  5.80   	 99.18   	  8.50   	  10.17		
 11.29   	110.17   	  8.55   	   5.09		
 20.14   	123.60   	  8.57   	  10.17		
 31.13   	139.47   	  8.61   	   5.09		
 42.11   	156.86   	  8.63   	   5.09		
 51.27   	175.78   	  8.65   	   5.09		
 57.68   	195.62   	  8.67   	   0.00		
 63.17   	216.06   	  8.67   	   5.09		
 70.50   	235.60   	  8.69   	   0.00		
 81.18   	251.77   	  8.69   	   0.00		
 92.47   	261.54   	  8.69   	   0.00		
 98.57   	259.40   	  8.69   	   0.00		
 93.69   	241.39   	  8.69   	   0.00		
 74.46   	206.30   	  8.69   	   0.00		
 44.86   	157.78   	  8.69   	   0.00		
 13.43   	104.06   	  8.69   	  -5.09		
-11.90   	 54.63   	  8.67   	   0.00		
-25.94   	 16.17   	  8.67   	   0.00		
-30.82   	 -9.16   	  8.67   	   0.00		
-31.13   	-23.50   	  8.67   	   5.09		
-31.43   	-29.91   	  8.69   	   5.09		
-33.26   	-32.96   	  8.71   	  10.17		
-36.01   	-35.71   	  8.75   	  15.26		
-38.45   	-40.28   	  8.81   	  20.35		
-40.59   	-46.69   	  8.89   	  25.43		
-42.11   	-53.71   	  8.99   	  25.43		
-43.64   	-59.51   	  9.09   	  35.61		
-44.86   	-63.17   	  9.24   	  30.52		
-45.78   	-65.31   	  9.36   	  40.69		
-46.08   	-66.53   	  9.52   	  35.61		
-46.39   	-67.14   	  9.66   	  40.69		
-47.00   	-68.05   	  9.83   	  40.69		
-47.00   	-68.36   	  9.99   	  40.69		
-46.69   	-68.36   	 10.15   	  40.69		
-47.30   	-68.97   	 10.32   	  35.61		
-52.49   	-74.46   	 10.46   	  35.61		
-66.22   	-90.64   	 10.60   	  35.61		
-88.50   	-118.71   	 10.74   	  30.52		
-110.17   	-148.01   	 10.86   	  25.43		
-113.22   	-154.11   	 10.97   	  20.35		
-76.60   	-108.64   	 11.05   	  15.26		
 10.99   	  7.32   	 11.11   	  15.26		
141.91   	191.35   	 11.17   	   5.09		
291.75   	417.18   	 11.19   	   0.00		
429.99   	642.40   	 11.19   	   0.00		
531.01   	821.23   	 11.19   	  -5.09		
577.70   	912.17(R)	 11.17   	 -10.17		
559.08   	885.31   	 11.13   	  -5.09		
468.44   	741.27   	 11.11(E)	   0.00		
314.03   	512.39   	 11.11   	   5.09		
124.21   	251.77   	 11.13   	  15.26		
-56.46   	 12.82   	 11.19   	  25.43		
-185.55   	-169.98   	 11.29   	  45.78		
-244.14   	-287.17   	 11.48   	  55.95		
-243.53   	-344.54   	 11.70   	  81.38		
-212.71   	-352.78   	 12.02   	 101.73		
-177.00   	-323.79   	 12.43   	 132.25		
-147.40   	-274.66   	 12.96   	 152.59		
-123.29   	-223.39   	 13.57   	 188.20		
-102.23   	-181.88   	 14.32   	 213.63		
-84.23   	-152.89   	 15.18   	 249.24		
-71.11   	-132.45   	 16.17   	 284.84		
-63.78   	-116.27   	 17.31   	 320.45		
-60.73   	-103.15   	 18.60   	 361.14		
-58.29   	-93.69   	 20.04   	 401.83		
-55.54   	-87.89   	 21.65   	 442.52		
-52.80   	-85.14   	 23.42   	 488.30		
-49.74   	-82.70   	 25.37   	 528.99		
-47.00   	-79.65   	 27.49   	 574.77		
-44.25   	-75.68   	 29.79   	 605.29		
-41.50   	-71.11   	 32.21   	 645.98		
-39.06   	-66.83   	 34.79   	 671.41		
-36.93   	-63.17   	 37.48   	 696.84		
-35.40   	-61.04   	 40.26   	 717.19		
-33.87   	-59.51   	 43.13   	 732.45		
-32.04   	-57.68   	 46.06   	 742.62		
-29.60   	-55.24   	 49.03   	 742.62		
-26.86   	-52.49   	 52.00   	 742.62		
-24.11   	-50.66   	 54.97   	 732.45		
-21.36   	-48.52   	 57.90   	 712.10		
-18.01   	-46.08   	 60.75   	 681.58		
-14.04   	-42.72   	 63.48   	 645.98		
 -9.46   	-38.76   	 66.06   	 600.20		
 -5.19   	-34.48   	 68.46   	 559.51		
 -1.22   	-30.52   	 70.70   	 513.73		
  3.05   	-25.94   	 72.76   	 467.95		
  7.93   	-21.06   	 74.63   	 422.18		
 13.12   	-15.56   	 76.32   	 391.66		
 18.31   	-10.68   	 77.88   	 356.05		
 23.50   	 -6.10   	 79.31   	 335.71		
 28.99   	 -1.53   	 80.65   	 315.36		
 35.10   	  3.36   	 81.91   	 305.19		
 42.42   	  9.77   	 83.13   	 295.01		
 50.96   	 17.70   	 84.31   	 284.84		
 60.42   	 26.86   	 85.45   	 284.84		
 71.11   	 37.23   	 86.59   	 274.67		
 82.70   	 48.52   	 87.69   	 264.50		
 95.21   	 61.04   	 88.75   	 259.41		
108.34   	 74.46   	 89.79   	 249.24		
122.07   	 88.50   	 90.78   	 228.89		
136.11   	103.45   	 91.70   	 213.63		
151.06   	119.32   	 92.55   	 198.37		
166.32   	136.11   	 93.35   	 183.11		
181.88   	155.03   	 94.08   	 167.85		
196.53   	174.87   	 94.75   	 152.59		
209.35   	195.31   	 95.36   	 132.25		
219.73   	214.54   	 95.89   	 127.16		
227.36   	231.32   	 96.40   	 111.90		
231.02   	244.14   	 96.85   	 106.82		
230.71   	252.08   	 97.27   	  91.56		
225.52   	253.60   	 97.64   	  91.56		
214.84   	247.50   	 98.01   	  81.38		
198.67   	234.07   	 98.33   	  76.30		
177.61   	213.93   	 98.64   	  76.30		
153.81   	189.51   	 98.94   	  66.12		
129.39   	163.27   	 99.21   	  66.12		
105.29   	137.02   	 99.47   	  55.95		
 82.09   	111.69   	 99.69   	  50.86		
 60.12   	 87.59   	 99.90   	  40.69		
 41.20   	 65.31   	100.06   	  35.61		
 25.94   	 45.47   	100.20   	  30.52		
 14.34   	 28.99   	100.33   	  20.35		
  5.80   	 15.26   	100.41   	  15.26		
 -1.22   	  4.27   	100.47   	   5.09		
 -7.02   	 -4.58   	100.49   	   5.09		
-12.21   	-11.60   	100.51(S)	  -5.09		
-16.48   	-17.09   	100.49   	  -5.09		
-19.23   	-21.36   	100.47   	 -10.17		
-21.06   	-24.11   	100.43   	 -10.17		
-22.58   	-26.25   	100.39   	 -20.35		
-23.50   	-28.08   	100.30   	 -20.35		
-24.11   	-29.91   	100.22   	 -25.43		
-24.72   	-32.04   	100.12   	 -30.52		
-25.33   	-34.18   	100.00   	 -35.61		
-25.94   	-36.01   	 99.86   	 -40.69		
-26.25   	-37.23   	 99.69   	 -45.78		
-25.63   	-37.84   	 99.51   	 -55.95		
-24.41   	-37.54   	 99.29   	 -66.12		
-22.58   	-36.62   	 99.02   	 -71.21		
-21.36   	-36.32   	 98.74   	 -86.47		
-21.36   	-36.32   	 98.39   	 -96.64		
-22.58   	-36.62   	 98.01   	-111.90		
-24.11   	-36.01   	 97.56   	-127.16		
-24.72   	-32.96   	 97.05   	-147.51		
-22.89   	-25.33   	 96.46   	-167.85		
-18.01   	-11.29   	 95.79   	-193.29		
 -9.77   	  9.77   	 95.01   	-218.72		
  2.44   	 37.54   	 94.14   	-249.24		
 21.36   	 72.33   	 93.14   	-279.75		
 50.05   	114.44   	 92.02   	-315.36		
 91.86   	168.15   	 90.76   	-356.05		
147.71   	238.65   	 89.34   	-391.66		
216.98   	328.98   	 87.77   	-437.43		
297.55   	438.23   	 86.02   	-483.21		
390.01   	559.39   	 84.09   	-523.90		
495.30   	684.51   	 81.99   	-564.60		
614.32   	810.24   	 79.74   	-600.20		
745.24   	942.38   	 77.33   	-635.81		
881.96   	1089.48   	 74.79   	-666.32		
1012.88   	1257.93   	 72.13   	-686.67		
1123.05   	1449.89   	 69.38   	-707.02		
1198.12   	1665.65   	 66.55   	-717.19		
1232.91   	1905.82   	 63.68   	-717.19		
1234.74   	2159.42   	 60.81   	-722.28		
1221.01   	2394.41   	 57.92   	-717.19		
1207.58   	2555.24   	 55.06   	-701.93		
1192.02   	2579.04   	 52.25   	-686.67		
1151.12   	2429.20   	 49.50   	-666.32		
1054.08   	2112.12   	 46.84   	-645.98		
885.93   	1673.28   	 44.25   	-615.46		
662.54   	1183.17   	 41.79   	-584.94		
425.42   	716.55   	 39.45   	-559.51		
220.95   	335.08   	 37.21   	-528.99		
 75.68   	 72.63   	 35.10   	-503.56		
-13.12   	-75.38   	 33.08   	-467.95		
-67.14   	-148.01   	 31.21   	-442.52		
-108.34   	-193.79   	 29.44   	-412.00		
-146.79   	-242.92   	 27.79   	-376.40		
-179.75   	-296.94   	 26.29   	-340.79		
-202.33   	-341.80   	 24.92   	-310.27		
-213.62   	-367.13   	 23.68   	-269.58		
-218.81   	-376.28   	 22.60   	-233.98		
-224.00   	-380.86   	 21.67   	-193.29		
-231.02   	-389.40   	 20.90   	-147.51		
-238.34   	-401.92   	 20.31   	-111.90		
-244.45   	-414.43   	 19.86   	 -66.12		
-248.72   	-424.19   	 19.59   	 -25.43		
-251.77   	-431.21   	 19.49   	  20.35		
-254.21   	-437.01   	 19.57   	  55.95		
-257.57   	-442.50   	 19.80   	  91.56		
-261.23   	-448.91   	 20.16   	 137.33		
-265.50   	-455.93   	 20.71   	 167.85		
-269.78   	-463.87   	 21.38   	 198.37		
-273.13   	-472.41   	 22.18   	 233.98		
-275.57   	-480.96   	 23.11   	 254.32		
-277.71   	-489.50   	 24.13   	 274.67		
-280.46   	-497.44   	 25.23   	 289.93		
-284.42   	-505.37   	 26.39   	 305.19		
-289.92   	-513.61   	 27.61   	 315.36		
-296.02   	-523.07   	 28.87   	 325.53		
-301.51   	-534.36   	 30.17   	 340.79		
-305.79   	-546.57   	 31.54   	 345.88		
-309.45   	-559.69   	 32.92   	 361.14		
-313.11   	-571.90   	 34.36   	 376.40		
-317.69   	-583.19   	 35.87   	 386.57		
-322.88   	-594.48   	 37.42   	 406.92		
-329.28   	-607.30   	 39.04   	 417.09		
-336.00   	-622.86   	 40.71   	 437.43		
-342.71   	-640.56   	 42.46   	 442.52		
-348.51   	-657.96   	 44.23   	 447.61		
-352.48   	-673.22   	 46.02   	 457.78		
-355.22   	-686.04   	 47.85   	 452.69		
-357.67   	-697.63   	 49.66   	 442.52		
-359.80   	-708.92   	 51.43   	 432.35		
-361.02   	-719.60   	 53.16   	 412.00		
-360.41   	-728.15   	 54.81   	 396.74		
-357.06   	-732.12   	 56.40   	 366.22		
-350.95   	-730.90   	 57.86   	 340.79		
-342.10   	-724.18   	 59.23   	 310.27		
-330.20   	-711.98   	 60.47   	 284.84		
-315.25   	-694.58   	 61.61   	 264.50		
-297.24   	-670.78   	 62.67   	 239.06		
-276.18   	-640.26   	 63.62   	 213.63		
-251.77   	-601.50   	 64.48   	 198.37		
-224.91   	-554.81   	 65.27   	 188.20		
-195.62   	-500.79   	 66.02   	 167.85		
-165.41   	-441.59   	 66.69   	 162.77		
-135.80   	-380.55   	 67.34   	 147.51		
-108.64   	-320.43   	 67.93   	 132.25		
-84.84   	-264.28   	 68.46   	 122.07		
-64.70   	-214.23   	 68.95   	 101.73		
-49.74   	-172.12   	 69.36   	  86.47		
-40.28   	-138.85   	 69.70   	  66.12		
-36.01   	-114.75   	 69.97   	  40.69		
-35.71   	-98.57   	 70.13   	  25.43		
-36.93   	-88.20   	 70.23   	  -5.09		
-38.15   	-80.87   	 70.21   	 -20.35		
-38.76   	-75.07   	 70.13   	 -50.86		
-39.06   	-70.19   	 69.93   	 -66.12		
-40.59   	-66.53   	 69.66   	 -91.56		
-43.03   	-64.39   	 69.30   	-111.90		
-45.47   	-63.78   	 68.85   	-137.33		
-47.30   	-64.70   	 68.30   	-152.59		
-48.22   	-66.53   	 67.69   	-172.94		
-48.22   	-68.36   	 67.00   	-193.29		
-48.83   	-70.19   	 66.23   	-213.63		
-49.44   	-71.11   	 65.37   	-233.98		
-50.05   	-70.80   	 64.44   	-249.24		
-49.44   	-68.05   	 63.44   	-274.67		
-47.00   	-61.65   	 62.34   	-289.93		
-42.42   	-50.35   	 61.18   	-310.27		
-36.93   	-35.10   	 59.94   	-325.53		
-31.74   	-18.01   	 58.64   	-340.79		
-27.77   	 -2.14   	 57.27   	-361.14		
-25.63   	 10.99   	 55.83   	-371.31		
-24.41   	 21.06   	 54.34   	-381.48		
-22.28   	 31.43   	 52.82   	-396.74		
-17.09   	 44.25   	 51.23   	-406.92		
 -8.24   	 60.42   	 49.60   	-412.00		
  3.36   	 77.51   	 47.96   	-422.18		
 14.65   	 93.38   	 46.27   	-422.18		
 22.58   	107.42   	 44.58   	-427.26		
 26.25   	121.77   	 42.87   	-427.26		
 28.08   	139.16   	 41.16   	-427.26		
 32.65   	159.91   	 39.45   	-422.18		
 42.72   	180.66   	 37.76   	-417.09		
 57.37   	196.23   	 36.09   	-412.00		
 71.41   	200.50   	 34.45   	-406.92		
 76.90   	191.04   	 32.82   	-391.66		
 68.36   	167.85   	 31.25   	-391.66		
 45.78   	133.36   	 29.68   	-376.40		
 15.56   	 91.55   	 28.18   	-366.22		
-12.51   	 46.69   	 26.71   	-356.05		
-31.13   	  2.75   	 25.29   	-345.88		
-39.06   	-35.10   	 23.91   	-335.71		
-39.98   	-61.95   	 22.56   	-320.45		
-40.28   	-76.29   	 21.28   	-305.19		
-42.72   	-80.57   	 20.06   	-284.84		
-47.30   	-80.26   	 18.92   	-269.58		
-50.96   	-80.87   	 17.84   	-254.32		
-53.71   	-85.14   	 16.83   	-228.89		
-54.93   	-91.55   	 15.91   	-208.54		
-55.85   	-97.96   	 15.08   	-188.20		
-56.76   	-102.84   	 14.32   	-172.94		
-57.68   	-106.20   	 13.63   	-152.59		
-59.20   	-110.17   	 13.02   	-132.25		
-60.73   	-114.44   	 12.49   	-122.07		
-62.56   	-118.71   	 12.00   	-106.82		
-64.09   	-121.15   	 11.58   	 -96.64		
-64.70   	-121.46   	 11.19   	 -86.47		
-64.39   	-120.54   	 10.84   	 -76.30		
-64.70   	-119.32   	 10.54   	 -76.30		
-65.00   	-119.02   	 10.23   	 -71.21		
-65.61   	-119.63   	  9.95   	 -71.21		
-65.31   	-119.93   	  9.66   	 -71.21		
-64.09   	-119.02   	  9.38   	 -76.30		
-62.56   	-116.58   	  9.07   	 -86.47		
-62.26   	-113.83   	  8.73   	 -86.47		
-63.48   	-111.69   	  8.38   	 -91.56		
-65.92   	-110.47   	  8.02   	 -96.64		
-68.97   	-111.08   	  7.63   	 -96.64		
-73.55   	-115.36   	  7.24   	 -96.64		
-83.31   	-126.95   	  6.86   	 -91.56		
-100.40   	-148.62   	  6.49   	 -91.56		
-119.02   	-171.20   	  6.12   	 -81.38		
-123.60   	-173.03   	  5.80   	 -76.30		
-92.16   	-127.26   	  5.49   	 -61.04		
 -9.46   	-14.65   	  5.25   	 -55.95		
121.46   	163.88   	  5.03   	 -35.61		
279.85   	383.30   	  4.88   	 -30.52		
433.65   	601.50   	  4.76   	 -10.17		
551.76   	772.71   	  4.72(D)	   5.09		
611.88   	860.90(R)	  4.74(E)	  15.26		
599.06   	841.37   	  4.80   	  30.52		
506.59   	716.25   	  4.92   	  45.78		
344.24   	513.31   	  5.11   	  55.95		
140.99   	271.61   	  5.33   	  66.12		
-56.46   	 33.87   	  5.60   	  76.30		
-203.25   	-165.41   	  5.90   	  81.38		
-278.02   	-306.09   	  6.23   	  96.64		
-288.39   	-381.47   	  6.61   	 106.82		
-262.76   	-398.56   	  7.04   	 116.99		
-228.88   	-375.06   	  7.51   	 137.33		
-199.89   	-332.95   	  8.06   	 157.68		
-174.26   	-289.92   	  8.69   	 183.11		
-148.32   	-251.77   	  9.42   	 213.63		
-121.77   	-216.06   	 10.27   	 244.15		
-98.27   	-180.66   	 11.25   	 284.84		
-82.70   	-149.84   	 12.39   	 325.53		
-75.07   	-128.78   	 13.69   	 371.31		
-72.02   	-119.32   	 15.18   	 417.09		
-69.58   	-117.49   	 16.85   	 462.87		
-66.22   	-116.88   	 18.70   	 503.56		
-61.95   	-113.53   	 20.71   	 544.25		
-58.59   	-108.34   	 22.89   	 579.86		
-56.46   	-102.84   	 25.21   	 610.37		
-55.24   	-99.18   	 27.65   	 630.72		
-53.71   	-96.13   	 30.17   	 661.24		
-51.27   	-92.77   	 32.82   	 676.50		
-48.22   	-88.20   	 35.52   	 696.84		
-45.47   	-83.31   	 38.31   	 712.10		
-43.03   	-79.04   	 41.16   	 732.45		
-40.89   	-75.68   	 44.09   	 737.54		
-38.45   	-72.94   	 47.04   	 747.71		
-34.79   	-70.50   	 50.03   	 747.71		
-30.82   	-67.75   	 53.02   	 742.62		
-26.55   	-65.00   	 55.99   	 722.28		
-22.58   	-62.26   	 58.88   	 701.93		
-18.62   	-59.51   	 61.69   	 661.24		
-14.34   	-55.85   	 64.33   	 625.63		
-10.07   	-50.96   	 66.84   	 579.86		
 -5.49   	-45.47   	 69.16   	 528.99		
 -0.61   	-40.28   	 71.27   	 483.21		
  4.88   	-35.71   	 73.20   	 437.43		
 10.99   	-31.74   	 74.95   	 396.74		
 18.01   	-27.16   	 76.54   	 356.05		
 25.94   	-20.45   	 77.97   	 335.71		
 35.40   	-11.60   	 79.31   	 310.27		
 46.39   	 -0.92   	 80.55   	 289.93		
 58.29   	 10.38   	 81.71   	 274.67		
 71.11   	 21.06   	 82.81   	 269.58		
 83.92   	 31.74   	 83.89   	 254.32		
 96.74   	 43.03   	 84.90   	 239.06		
109.86   	 55.85   	 85.86   	 228.89		
123.29   	 70.80   	 86.77   	 208.54		
137.33   	 87.59   	 87.61   	 193.29		
151.98   	105.90   	 88.38   	 167.85		
166.32   	124.21   	 89.05   	 147.51		
180.36   	142.52   	 89.64   	 127.16		
193.79   	160.22   	 90.15   	 101.73		
205.38   	177.00   	 90.56   	  91.56		
213.93   	191.96   	 90.93   	  66.12		
216.37   	202.94   	 91.19   	  61.04		
211.79   	207.52   	 91.43   	  40.69		
199.89   	204.47   	 91.60   	  35.61		
183.11   	193.48   	 91.74   	  30.52		
163.57   	177.00   	 91.86   	  20.35		
142.82   	156.25   	 91.94   	  15.26		
120.85   	132.75   	 92.00   	  15.26		
 97.35   	108.34   	 92.06   	  15.26		
 73.55   	 83.92   	 92.13   	  15.26		
 50.66   	 62.26   	 92.19   	  10.17		
 30.82   	 43.64   	 92.23   	  15.26		
 14.65   	 28.08   	 92.29   	  10.17		
  1.22   	 14.95   	 92.33   	  10.17		
-10.07   	  3.05   	 92.37   	  10.17		
-19.23   	 -7.32   	 92.41   	   5.09		
-26.25   	-15.87   	 92.43(S)	   0.00		
-31.13   	-22.58   	 92.43   	  -5.09		
-34.79   	-28.08   	 92.41   	  -5.09		
-37.84   	-32.04   	 92.39   	 -15.26		
-40.59   	-35.10   	 92.33   	 -15.26		
-41.81   	-36.93   	 92.27   	 -25.43		
-41.20   	-38.45   	 92.17   	 -30.52		
-39.67   	-39.98   	 92.04   	 -35.61		
-39.06   	-41.50   	 91.90   	 -45.78		
-39.98   	-43.03   	 91.72   	 -55.95		
-42.42   	-43.95   	 91.50   	 -66.12		
-44.86   	-43.64   	 91.23   	 -81.38		
-45.78   	-42.72   	 90.91   	-106.82		
-44.86   	-41.50   	 90.48   	-122.07		
-43.03   	-41.20   	 89.99   	-152.59		
-41.50   	-41.20   	 89.38   	-188.20		
-40.28   	-41.20   	 88.63   	-218.72		
-39.67   	-40.28   	 87.75   	-259.41		
-39.98   	-38.45   	 86.71   	-295.01		
-40.89   	-36.32   	 85.53   	-345.88		
-42.72   	-35.71   	 84.15   	-381.48		
-45.47   	-36.62   	 82.62   	-432.35		
-47.30   	-38.45   	 80.89   	-467.95		
-47.30   	-40.59   	 79.02   	-513.73		
-45.47   	-42.11   	 76.97   	-549.34		
-43.64   	-43.03   	 74.77   	-584.94		
-42.42   	-43.64   	 72.43   	-615.46		
-42.42   	-43.64   	 69.97   	-635.81		
-43.03   	-43.03   	 67.43   	-661.24		
-43.64   	-42.42   	 64.78   	-666.32		
-43.95   	-43.03   	 62.12   	-681.58		
-43.64   	-43.95   	 59.39   	-681.58		
-43.03   	-44.25   	 56.66   	-681.58		
-43.03   	-43.33   	 53.94   	-676.50		
-43.64   	-41.50   	 51.23   	-666.32		
-44.86   	-40.28   	 48.57   	-656.15		
-45.78   	-40.89   	 45.94   	-640.89		
-45.78   	-42.42   	 43.38   	-625.63		
-44.25   	-43.64   	 40.87   	-610.37		
-42.11   	-43.33   	 38.43   	-590.03		
-40.89   	-42.11   	 36.07   	-574.77		
-40.89   	-41.20   	 33.77   	-549.34		
-41.50   	-41.20   	 31.58   	-534.08		
-42.11   	-42.42   	 29.44   	-513.73		
-42.11   	-44.25   	 27.39   	-488.30		
-42.42   	-47.00   	 25.43   	-467.95		
-42.72   	-50.05   	 23.56   	-442.52		
-43.33   	-52.49   	 21.79   	-427.26		
-43.64   	-54.02   	 20.08   	-396.74		
-43.33   	-54.02   	 18.49   	-381.48		
-43.03   	-52.80   	 16.97   	-356.05		
-43.03   	-51.57   	 15.54   	-330.62		
-44.25   	-50.05   	 14.22   	-305.19		
-46.08   	-49.13   	 13.00   	-284.84		
-47.61   	-48.83   	 11.86   	-259.41		
-48.52   	-49.13   	 10.82   	-239.06		
-47.61   	-50.35   	  9.87   	-213.63		
-45.47   	-52.49   	  9.01   	-193.29		
-43.64   	-54.63   	  8.24   	-172.94		
-43.33   	-55.85   	  7.55   	-147.51		
-44.56   	-56.46   	  6.96   	-132.25		
-47.00   	-57.07   	  6.43   	-111.90		
-48.52   	-57.98   	  5.98   	 -91.56		
-49.13   	-58.90   	  5.62   	 -76.30		
-48.83   	-58.90   	  5.31   	 -61.04		
-48.52   	-57.07   	  5.07   	 -45.78		
-48.83   	-54.63   	  4.88   	 -35.61		
-49.74   	-53.71   	  4.74   	 -25.43		
-50.96   	-54.63   	  4.64   	 -20.35		
-51.27   	-55.85   	  4.56   	 -10.17		
-50.96   	-56.15   	  4.52   	  -5.09		
-49.74   	-54.32   	  4.50   	  -5.09		
-48.52   	-51.88   	  4.48   	   0.00		
-47.30   	-50.35   	  4.48   	  -5.09		
-46.69   	-50.05   	  4.46   	  -5.09		
-47.00   	-50.05   	  4.44   	 -10.17		
-47.91   	-50.35   	  4.39   	 -15.26		
-49.13   	-50.96   	  4.33   	 -20.35		
-50.66   	-52.49   	  4.25   	 -20.35		
-51.27   	-55.24   	  4.17   	 -30.52		
-50.66   	-57.98   	  4.05   	 -30.52		
-49.74   	-58.90   	  3.93   	 -30.52		
-49.13   	-57.07   	  3.80   	 -35.61		
-49.13   	-54.32   	  3.66   	 -30.52		
-49.44   	-51.57   	  3.54   	 -25.43		
-50.05   	-50.66   	  3.44   	 -25.43		
-49.74   	-51.57   	  3.34   	 -25.43		
-49.44   	-53.10   	  3.23   	 -15.26		
-49.13   	-54.93   	  3.17   	 -10.17		
-49.13   	-56.15   	  3.13   	  -5.09		
-49.44   	-56.15   	  3.11(D)	   0.00		
-49.44   	-54.93   	  3.11   	  10.17		
-48.83   	-52.80   	  3.15   	  15.26		
-48.52   	-50.05   	  3.21   	  20.35		
-47.91   	-47.91   	  3.30   	  25.43		
-47.61   	-47.00   	  3.40   	  30.52		
-47.30   	-47.30   	  3.52   	  40.69		
-47.00   	-48.22   	  3.68   	  40.69		
-47.00   	-49.13   	  3.85   	  45.78		
-47.61   	-49.13   	  4.03   	  45.78		
-48.52   	-49.44   	  4.21   	  50.86		
-49.13   	-50.66   	  4.42   	  45.78		
-48.83   	-52.49   	  4.60   	  45.78		
-48.22   	-54.63   	  4.78   	  40.69		
-47.00   	-55.24   	  4.94   	  40.69		
-46.08   	-54.02   	  5.11   	  30.52		
-45.47   	-51.88   	  5.23   	  25.43		
-45.17   	-50.35   	  5.33   	  25.43		
-45.47   	-50.05   	  5.43   	  20.35		
-45.78   	-50.66   	  5.51   	  15.26		
-45.78   	-50.96   	  5.57   	  10.17		
-45.17   	-49.44   	  5.62   	   5.09		
-43.64   	-43.95   	  5.64   	   0.00		
-41.50   	-33.87   	  5.64   	   5.09		
-37.84   	-18.62   	  5.66   	  -5.09		
-32.96   	  0.00   	  5.64   	  -5.09		
-27.47   	 18.01   	  5.62   	  -5.09		
-22.58   	 33.26   	  5.60   	  -5.09		
-18.62   	 45.17   	  5.57   	  -5.09		
-14.95   	 55.54   	  5.55   	 -10.17		
-10.38   	 67.44   	  5.51   	  -5.09		
 -3.97   	 82.40   	  5.49   	  -5.09		
  3.97   	 99.79   	  5.47   	 -10.17		
 12.21   	118.71   	  5.43   	  -5.09		
 19.84   	137.33   	  5.41   	  -5.09		
 26.55   	156.56   	  5.39   	 -10.17		
 33.87   	176.39   	  5.35   	  -5.09		
 43.33   	196.53   	  5.33   	 -10.17		
 55.24   	214.23   	  5.29   	  -5.09		
 68.05   	226.44   	  5.27   	 -10.17		
 76.29   	227.36   	  5.23   	  -5.09		
 74.46   	213.93   	  5.21   	  -5.09		
 59.20   	184.94   	  5.19   	  -5.09		
 32.96   	142.82   	  5.17   	  -5.09		
  2.75   	 93.38   	  5.15   	   0.00		
-23.80   	 43.03   	  5.15   	   0.00		
-40.59   	 -0.61   	  5.15   	   0.00		
-47.00   	-32.35   	  5.15   	   5.09		
-47.30   	-50.35   	  5.17   	  10.17		
-46.69   	-57.37   	  5.21   	  10.17		
-47.91   	-58.29   	  5.25   	  15.26		
-50.96   	-58.59   	  5.31   	  20.35		
-54.63   	-61.34   	  5.39   	  25.43		
-57.37   	-67.14   	  5.49   	  35.61		
-59.51   	-73.55   	  5.64   	  35.61		
-61.34   	-79.04   	  5.78   	  50.86		
-62.87   	-83.01   	  5.98   	  55.95		
-63.78   	-85.75   	  6.21   	  61.04		
-64.39   	-88.20   	  6.45   	  66.12		
-64.39   	-91.25   	  6.71   	  66.12		
-64.70   	-93.99   	  6.98   	  71.21		
-64.39   	-95.52   	  7.26   	  71.21		
-63.78   	-96.13   	  7.55   	  71.21		
-63.17   	-95.83   	  7.83   	  61.04		
-65.31   	-98.57   	  8.08   	  61.04		
-74.77   	-110.78   	  8.32   	  50.86		
-93.38   	-137.02   	  8.52   	  40.69		
-115.05   	-169.07   	  8.69   	  30.52		
-124.51   	-184.02   	  8.81   	  15.26		
-100.10   	-150.45   	  8.87   	   0.00		
-27.16   	-45.78   	  8.87   	 -15.26		
 93.08   	133.67   	  8.81   	 -35.61		
240.48   	364.99   	  8.67   	 -50.86		
385.13   	603.94   	  8.46   	 -61.04		
497.44   	802.31   	  8.22   	 -76.30		
556.34   	915.22(R)	  7.91   	 -76.30		
548.10   	911.25   	  7.61   	 -76.30		
465.70   	784.00   	  7.30   	 -71.21		
316.47   	560.91   	  7.02   	 -61.04		
126.65   	289.31   	  6.78   	 -40.69		
-58.90   	 24.72   	  6.61(E)	 -15.26		
-196.23   	-184.33   	  6.55   	  15.26		
-262.45   	-312.50   	  6.61   	  40.69		
-266.42   	-362.85   	  6.78   	  76.30		
-238.04   	-357.36   	  7.08   	 111.90		
-205.08   	-326.84   	  7.53   	 152.59		
-180.36   	-296.33   	  8.14   	 188.20		
-160.83   	-274.96   	  8.89   	 228.89		
-139.77   	-254.82   	  9.81   	 274.67		
-116.27   	-226.75   	 10.91   	 310.27		
-95.21   	-189.21   	 12.15   	 356.05		
-80.87   	-151.98   	 13.57   	 406.92		
-74.16   	-125.73   	 15.20   	 452.69		
-71.41   	-114.75   	 17.01   	 508.65		
-69.27   	-113.53   	 19.04   	 564.60		
-66.53   	-114.75   	 21.30   	 615.46		
-63.78   	-112.61   	 23.76   	 676.50		
-61.34   	-107.42   	 26.47   	 722.28		
-58.90   	-101.01   	 29.36   	 773.14		
-56.15   	-95.52   	 32.45   	 803.66		
-53.41   	-90.94   	 35.67   	 824.00		
-50.96   	-86.98   	 38.96   	 839.26		
-50.05   	-83.92   	 42.32   	 839.26		
-49.74   	-81.48   	 45.68   	 829.09		
-48.52   	-79.35   	 48.99   	 803.66		
-45.78   	-77.82   	 52.21   	 783.31		
-42.42   	-76.60   	 55.34   	 752.79		
-39.06   	-74.77   	 58.35   	 727.36		
-36.62   	-72.02   	 61.26   	 696.84		
-34.79   	-68.97   	 64.05   	 671.41		
-32.35   	-65.92   	 66.73   	 645.98		
-28.69   	-63.17   	 69.32   	 615.46		
-25.02   	-61.34   	 71.78   	 595.11		
-21.36   	-60.12   	 74.16   	 559.51		
-18.01   	-58.59   	 76.40   	 534.08		
-14.04   	-56.15   	 78.53   	 498.47		
 -9.16   	-52.80   	 80.53   	 462.87		
 -3.36   	-48.52   	 82.38   	 432.35		
  2.75   	-43.33   	 84.11   	 396.74		
  8.85   	-38.15   	 85.70   	 361.14		
 14.95   	-32.65   	 87.14   	 320.45		
 21.97   	-26.86   	 88.42   	 295.01		
 30.21   	-20.45   	 89.60   	 259.41		
 39.67   	-12.82   	 90.64   	 233.98		
 50.35   	 -4.27   	 91.58   	 203.46		
 61.95   	  5.49   	 92.39   	 183.11		
 73.55   	 16.17   	 93.12   	 167.85		
 85.45   	 27.77   	 93.79   	 152.59		
 97.66   	 39.98   	 94.40   	 137.33		
110.78   	 53.41   	 94.95   	 132.25		
124.82   	 68.36   	 95.48   	 132.25		
138.85   	 84.84   	 96.01   	 127.16		
152.89   	102.54   	 96.52   	 127.16		
165.10   	119.63   	 97.03   	 127.16		
175.48   	134.89   	 97.54   	 122.07		
183.72   	147.71   	 98.03   	 111.90		
188.90   	158.69   	 98.47   	 106.82		
191.35   	168.46   	 98.90   	  96.64		
189.51   	175.78   	 99.29   	  86.47		
182.50   	178.83   	 99.63   	  66.12		
169.68   	175.78   	 99.90   	  55.95		
151.37   	165.71   	100.12   	  35.61		
129.09   	149.54   	100.26   	  25.43		
104.98   	129.70   	100.37   	  15.26		
 81.18   	108.64   	100.43(S)	   0.00		
 58.90   	 87.89   	100.43   	  -5.09		
 39.06   	 68.66   	100.41   	 -15.26		
 21.97   	 50.96   	100.35   	 -20.35		
  7.93   	 34.48   	100.26   	 -20.35		
 -3.36   	 19.84   	100.18   	 -20.35		
-12.51   	  7.63   	100.10   	 -15.26		
-20.14   	 -2.44   	100.04   	 -20.35		
-26.25   	-10.38   	 99.96   	 -10.17		
-31.13   	-16.78   	 99.92   	 -10.17		
-35.10   	-22.89   	 99.88   	 -10.17		
-37.84   	-28.69   	 99.84   	  -5.09		
-39.98   	-34.48   	 99.82   	 -10.17		
-42.11   	-39.98   	 99.78   	 -10.17		
-43.95   	-43.95   	 99.74   	 -10.17		
-45.17   	-45.78   	 99.69   	 -20.35		
-44.86   	-45.17   	 99.61   	 -30.52		
-43.95   	-42.42   	 99.49   	 -35.61		
-43.03   	-39.06   	 99.35   	 -50.86		
-42.42   	-36.62   	 99.15   	 -71.21		
-43.03   	-36.62   	 98.86   	 -81.38		
-44.25   	-38.45   	 98.53   	-106.82		
-45.78   	-40.59   	 98.11   	-127.16		
-46.69   	-41.20   	 97.60   	-157.68		
-47.00   	-39.98   	 96.97   	-178.03		
-47.00   	-37.54   	 96.26   	-213.63		
-46.69   	-34.48   	 95.40   	-249.24		
-45.47   	-29.60   	 94.40   	-289.93		
-42.42   	-20.45   	 93.24   	-325.53		
-36.01   	 -3.66   	 91.94   	-366.22		
-25.33   	 21.97   	 90.48   	-412.00		
 -9.16   	 56.15   	 88.83   	-462.87		
 15.26   	 99.18   	 86.98   	-508.65		
 50.35   	152.28   	 84.94   	-549.34		
 98.57   	219.42   	 82.75   	-600.20		
159.91   	304.57   	 80.35   	-635.81		
232.54   	408.33   	 77.80   	-676.50		
316.16   	525.82   	 75.10   	-701.93		
411.38   	649.72   	 72.29   	-732.45		
518.19   	776.67   	 69.36   	-742.62		
636.90   	910.64   	 66.39   	-757.88		
762.94   	1060.79   	 63.36   	-757.88		
887.76   	1235.35   	 60.33   	-752.79		
997.92   	1437.99   	 57.31   	-747.71		
1078.80   	1669.01   	 54.32   	-737.54		
1122.44   	1928.71   	 51.37   	-717.19		
1133.42   	2204.59   	 48.50   	-696.84		
1127.32   	2463.68   	 45.72   	-676.50		
1119.69   	2648.93   	 43.01   	-656.15		
1110.53   	2693.18   	 40.39   	-630.72		
1078.49   	2550.66   	 37.86   	-615.46		
991.82   	2219.85   	 35.40   	-590.03		
835.27   	1745.00   	 33.04   	-564.60		
623.47   	1206.36   	 30.78   	-544.25		
397.95   	695.19   	 28.61   	-523.90		
203.86   	287.17   	 26.51   	-493.39		
 65.61   	 19.84   	 24.54   	-467.95		
-20.14   	-117.49   	 22.67   	-437.43		
-73.85   	-174.87   	 20.92   	-406.92		
-115.36   	-209.05   	 19.29   	-371.31		
-152.28   	-252.08   	 17.80   	-340.79		
-182.50   	-304.57   	 16.44   	-300.10		
-202.94   	-349.43   	 15.24   	-269.58		
-214.23   	-375.98   	 14.16   	-223.80		
-221.25   	-387.57   	 13.27   	-188.20		
-228.27   	-395.20   	 12.51   	-142.42		
-235.90   	-405.88   	 11.94   	-101.73		
-242.61   	-418.70   	 11.54   	 -55.95		
-247.50   	-429.99   	 11.31   	 -10.17		
-251.77   	-437.62   	 11.27   	  35.61		
-256.04   	-443.12   	 11.41   	  86.47		
-260.31   	-448.00   	 11.76   	 127.16		
-263.37   	-452.88   	 12.27   	 167.85		
-265.50   	-458.68   	 12.94   	 213.63		
-267.33   	-465.70   	 13.79   	 239.06		
-269.47   	-473.33   	 14.75   	 274.67		
-273.13   	-481.57   	 15.85   	 295.01		
-277.71   	-489.50   	 17.03   	 315.36		
-281.98   	-496.83   	 18.29   	 325.53		
-285.64   	-504.15   	 19.59   	 340.79		
-288.39   	-511.78   	 20.96   	 345.88		
-291.14   	-520.94   	 22.34   	 350.97		
-293.88   	-530.40   	 23.74   	 356.05		
-297.24   	-540.47   	 25.17   	 361.14		
-300.60   	-550.23   	 26.61   	 366.22		
-303.96   	-560.30   	 28.08   	 366.22		
-307.62   	-571.59   	 29.54   	 371.31		
-312.19   	-584.72   	 31.03   	 381.48		
-317.99   	-599.98   	 32.55   	 381.48		
-324.10   	-615.84   	 34.08   	 386.57		
-329.59   	-631.71   	 35.63   	 386.57		
-333.86   	-646.67   	 37.17   	 386.57		
-337.22   	-660.71   	 38.72   	 386.57		
-340.27   	-674.74   	 40.26   	 386.57		
-343.93   	-689.09   	 41.81   	 376.40		
-347.60   	-703.43   	 43.32   	 371.31		
-350.34   	-717.16   	 44.80   	 361.14		
-351.56   	-728.76   	 46.25   	 350.97		
-350.65   	-737.30   	 47.65   	 335.71		
-348.21   	-742.49   	 48.99   	 320.45		
-343.32   	-743.10   	 50.27   	 310.27		
-336.61   	-739.14   	 51.52   	 289.93		
-326.54   	-729.06   	 52.68   	 274.67		
-312.81   	-712.59   	 53.77   	 254.32		
-295.72   	-688.48   	 54.79   	 244.15		
-275.27   	-656.74   	 55.77   	 218.72		
-252.38   	-616.76   	 56.64   	 203.46		
-227.97   	-569.15   	 57.46   	 188.20		
-201.72   	-514.22   	 58.21   	 167.85		
-174.87   	-454.41   	 58.88   	 147.51		
-148.01   	-391.54   	 59.47   	 127.16		
-122.99   	-329.28   	 59.98   	 106.82		
-101.32   	-270.08   	 60.41   	  86.47		
-83.62   	-217.29   	 60.75   	  55.95		
-71.11   	-173.65   	 60.98   	  35.61		
-62.26   	-139.77   	 61.12   	   5.09		
-57.07   	-114.75   	 61.14   	 -15.26		
-53.71   	-96.44   	 61.08   	 -45.78		
-51.57   	-81.79   	 60.89   	 -71.21		
-50.35   	-67.75   	 60.61   	 -91.56		
-49.13   	-53.10   	 60.24   	-122.07		
-47.30   	-37.23   	 59.76   	-137.33		
-45.17   	-21.67   	 59.21   	-162.77		
-43.64   	 -7.93   	 58.56   	-178.03		
-42.72   	  3.36   	 57.84   	-193.29		
-43.03   	 12.82   	 57.07   	-213.63		
-42.42   	 22.89   	 56.22   	-228.89		
-39.37   	 36.01   	 55.30   	-239.06		
-32.65   	 51.57   	 54.34   	-249.24		
-23.50   	 68.66   	 53.35   	-264.50		
-14.04   	 85.45   	 52.29   	-269.58		
 -6.71   	102.23   	 51.21   	-284.84		
 -2.14   	119.93   	 50.07   	-295.01		
  0.61   	140.38   	 48.89   	-310.27		
  4.27   	161.74   	 47.65   	-315.36		
 11.60   	181.58   	 46.39   	-330.62		
 23.19   	195.92   	 45.07   	-340.79		
 36.32   	202.03   	 43.70   	-350.97		
 45.17   	198.36   	 42.30   	-361.14		
 43.33   	185.24   	 40.85   	-366.22		
 28.08   	161.74   	 39.39   	-376.40		
  2.44   	127.26   	 37.88   	-376.40		
-25.33   	 83.01   	 36.38   	-381.48		
-46.08   	 33.87   	 34.85   	-381.48		
-55.85   	-12.51   	 33.33   	-376.40		
-57.07   	-47.91   	 31.82   	-366.22		
-56.46   	-68.66   	 30.36   	-366.22		
-58.90   	-75.99   	 28.89   	-356.05		
-64.39   	-76.60   	 27.47   	-345.88		
-69.58   	-77.51   	 26.08   	-335.71		
-72.02   	-81.79   	 24.74   	-320.45		
-71.41   	-88.81   	 23.46   	-310.27		
-69.89   	-96.44   	 22.22   	-295.01		
-70.50   	-102.23   	 21.04   	-279.75		
-72.63   	-105.90   	 19.92   	-259.41		
-75.68   	-108.03   	 18.88   	-244.15		
-77.82   	-109.56   	 17.90   	-223.80		
-78.74   	-110.78   	 17.01   	-203.46		
-78.74   	-111.39   	 16.20   	-183.11		
-78.13   	-110.78   	 15.46   	-172.94		
-76.90   	-109.86   	 14.77   	-162.77		
-75.68   	-108.34   	 14.12   	-147.51		
-74.77   	-108.03   	 13.53   	-142.42		
-74.77   	-108.64   	 12.96   	-142.42		
-75.07   	-110.47   	 12.39   	-147.51		
-75.68   	-111.39   	 11.80   	-152.59		
-75.38   	-111.08   	 11.19   	-152.59		
-74.16   	-108.95   	 10.58   	-167.85		
-72.33   	-105.90   	  9.91   	-167.85		
-70.80   	-103.45   	  9.24   	-178.03		
-70.19   	-102.23   	  8.52   	-172.94		
-69.89   	-101.93   	  7.83   	-167.85		
-70.50   	-102.23   	  7.16   	-157.68		
-72.02   	-102.84   	  6.53   	-147.51		
-76.90   	-106.81   	  5.94   	-132.25		
-88.81   	-120.24   	  5.41   	-111.90		
-107.12   	-143.74   	  4.96   	 -96.64		
-123.90   	-166.63   	  4.58   	 -71.21		
-121.46   	-162.96   	  4.29   	 -55.95		
-78.74   	-104.06   	  4.07   	 -35.61		
 14.65   	 27.16   	  3.93   	 -20.35		
150.15   	224.00   	  3.85   	 -10.17		
302.43   	454.71   	  3.80(D)	   5.09		
438.23   	672.00   	  3.83   	  10.17		
531.62   	831.60   	  3.87   	  25.43		
566.10   	899.35(R)	  3.97   	  25.43		
531.01   	856.63   	  4.07   	  35.61		
423.89   	710.75   	  4.21   	  35.61		
256.35   	491.64   	  4.35   	  45.78		
 60.73   	240.17   	  4.54   	  50.86		
-115.66   	  0.00   	  4.74   	  55.95		
-233.46   	-194.40   	  4.96   	  66.12		
-279.85   	-323.79   	  5.23   	  81.38		
-272.52   	-385.13   	  5.55   	  96.64		
-242.92   	-389.10   	  5.94   	 116.99		
-214.23   	-356.45   	  6.41   	 142.42		
-191.65   	-310.67   	  6.98   	 167.85		
-169.07   	-267.33   	  7.65   	 203.46		
-142.52   	-230.41   	  8.46   	 233.98		
-115.97   	-197.45   	  9.40   	 279.75		
-95.83   	-167.54   	 10.52   	 320.45		
-85.75   	-142.82   	 11.80   	 371.31		
-83.01   	-126.65   	 13.29   	 412.00		
-81.79   	-118.71   	 14.93   	 462.87		
-78.74   	-114.75   	 16.79   	 513.73		
-73.55   	-111.39   	 18.84   	 554.42		
-67.75   	-106.51   	 21.06   	 600.20		
-63.17   	-101.01   	 23.46   	 635.81		
-59.51   	-95.83   	 26.00   	 671.41		
-56.46   	-91.55   	 28.69   	 701.93		
-54.02   	-87.59   	 31.50   	 727.36		
-51.88   	-84.53   	 34.40   	 752.79		
-50.05   	-82.09   	 37.42   	 768.05		
-48.83   	-79.96   	 40.49   	 783.31		
-47.00   	-77.21   	 43.62   	 798.57		
-44.86   	-73.85   	 46.82   	 808.75		
-42.11   	-69.89   	 50.05   	 803.66		
-38.76   	-65.61   	 53.27   	 798.57		
-35.10   	-60.73   	 56.46   	 788.40		
-31.13   	-56.15   	 59.61   	 768.05		
-26.55   	-51.57   	 62.69   	 732.45		
-21.97   	-47.00   	 65.62   	 696.84		
-17.09   	-42.42   	 68.40   	 656.15		
-11.90   	-37.23   	 71.03   	 610.37		
 -6.71   	-32.35   	 73.47   	 554.42		
 -1.22   	-27.47   	 75.69   	 513.73		
  4.58   	-22.28   	 77.74   	 462.87		
 10.99   	-16.48   	 79.59   	 417.09		
 18.62   	-10.07   	 81.26   	 381.48		
 27.16   	 -3.05   	 82.79   	 340.79		
 36.62   	  4.58   	 84.15   	 305.19		
 46.39   	 13.12   	 85.37   	 279.75		
 57.37   	 23.50   	 86.49   	 249.24		
 69.27   	 35.10   	 87.49   	 223.80		
 81.48   	 47.91   	 88.38   	 198.37		
 93.08   	 61.04   	 89.18   	 172.94		
104.37   	 74.77   	 89.87   	 152.59		
115.36   	 89.72   	 90.48   	 132.25		
127.26   	105.59   	 91.01   	 111.90		
140.08   	121.77   	 91.45   	  96.64		
152.59   	138.24   	 91.84   	  81.38		
163.88   	154.11   	 92.17   	  71.21		
173.03   	169.07   	 92.45   	  61.04		
178.83   	182.19   	 92.70   	  55.95		
180.36   	191.96   	 92.92   	  45.78		
177.61   	196.23   	 93.10   	  45.78		
170.90   	194.09   	 93.29   	  45.78		
160.22   	185.85   	 93.47   	  35.61		
145.57   	171.81   	 93.61   	  40.69		
126.65   	152.89   	 93.77   	  30.52		
104.37   	130.92   	 93.90   	  30.52		
 80.57   	108.03   	 94.02   	  25.43		
 57.68   	 86.36   	 94.12   	  15.26		
 38.15   	 67.75   	 94.18   	  15.26		
 21.97   	 51.27   	 94.24   	   5.09		
  8.54   	 36.01   	 94.26(S)	   0.00		
 -3.66   	 21.06   	 94.26   	  -5.09		
-14.65   	  6.71   	 94.24   	 -10.17		
-24.11   	 -5.80   	 94.20   	 -20.35		
-31.43   	-15.87   	 94.12   	 -20.35		
-36.93   	-23.19   	 94.04   	 -30.52		
-40.59   	-28.38   	 93.92   	 -30.52		
-42.42   	-31.13   	 93.79   	 -35.61		
-43.33   	-32.96   	 93.65   	 -40.69		
-43.95   	-34.18   	 93.49   	 -40.69		
-44.86   	-36.32   	 93.33   	 -50.86		
-46.08   	-39.06   	 93.12   	 -55.95		
-46.69   	-41.20   	 92.90   	 -61.04		
-46.69   	-41.50   	 92.65   	 -76.30		
-45.78   	-39.67   	 92.35   	 -96.64		
-45.17   	-36.93   	 91.96   	-111.90		
-45.17   	-35.10   	 91.52   	-137.33		
-46.39   	-35.10   	 90.97   	-172.94		
-47.30   	-36.93   	 90.27   	-203.46		
-47.61   	-38.76   	 89.46   	-244.15		
-46.69   	-39.37   	 88.48   	-279.75		
-45.17   	-39.06   	 87.36   	-330.62		
-44.56   	-38.76   	 86.04   	-376.40		
-45.17   	-38.45   	 84.54   	-417.09		
-47.00   	-38.45   	 82.87   	-473.04		
-48.83   	-38.15   	 80.98   	-513.73		
-50.05   	-37.23   	 78.92   	-564.60		
-50.35   	-36.01   	 76.66   	-605.29		
-50.05   	-35.40   	 74.24   	-640.89		
-49.13   	-35.71   	 71.68   	-676.50		
-48.52   	-36.62   	 68.97   	-701.93		
-47.91   	-37.23   	 66.16   	-727.36		
-47.61   	-37.54   	 63.26   	-737.54		
-47.30   	-36.93   	 60.30   	-742.62		
-47.30   	-36.32   	 57.33   	-742.62		
-47.91   	-36.01   	 54.36   	-742.62		
-48.52   	-35.71   	 51.39   	-727.36		
-49.13   	-36.01   	 48.48   	-712.10		
-48.83   	-36.62   	 45.64   	-696.84		
-48.22   	-37.23   	 42.85   	-671.41		
-47.30   	-37.84   	 40.16   	-651.07		
-47.00   	-38.15   	 37.56   	-630.72		
-47.30   	-38.76   	 35.04   	-600.20		
-47.91   	-39.37   	 32.63   	-579.86		
-48.22   	-40.28   	 30.32   	-544.25		
-48.22   	-41.20   	 28.14   	-523.90		
-47.91   	-41.50   	 26.04   	-493.39		
-47.91   	-41.81   	 24.07   	-457.78		
-47.91   	-42.11   	 22.24   	-432.35		
-48.22   	-43.03   	 20.51   	-396.74		
-47.91   	-44.86   	 18.92   	-371.31		
-47.91   	-46.69   	 17.44   	-340.79		
-47.91   	-48.52   	 16.07   	-310.27		
-48.22   	-49.44   	 14.83   	-279.75		
-47.91   	-49.13   	 13.71   	-259.41		
-47.30   	-48.52   	 12.68   	-233.98		
-47.00   	-47.91   	 11.74   	-208.54		
-47.00   	-47.91   	 10.91   	-193.29		
-47.61   	-48.22   	 10.13   	-172.94		
-48.22   	-48.83   	  9.44   	-157.68		
-48.22   	-48.83   	  8.81   	-137.33		
-47.61   	-48.52   	  8.26   	-132.25		
-46.39   	-48.22   	  7.73   	-111.90		
-45.78   	-48.52   	  7.28   	-101.73		
-45.78   	-48.83   	  6.88   	 -91.56		
-46.08   	-49.74   	  6.51   	 -81.38		
-47.00   	-50.05   	  6.19   	 -66.12		
-47.30   	-49.74   	  5.92   	 -61.04		
-47.30   	-49.13   	  5.68   	 -50.86		
-47.30   	-48.52   	  5.47   	 -35.61		
-47.00   	-48.83   	  5.33   	 -35.61		
-47.30   	-49.44   	  5.19   	 -20.35		
-47.61   	-50.35   	  5.11   	 -20.35		
-47.61   	-50.35   	  5.03   	 -15.26		
-47.30   	-49.44   	  4.96   	 -10.17		
-45.78   	-47.91   	  4.92   	 -10.17		
-43.64   	-47.00   	  4.88   	  -5.09		
-42.11   	-47.61   	  4.86   	 -10.17		
-41.81   	-48.83   	  4.82   	 -10.17		
-43.33   	-50.66   	  4.78   	 -10.17		
-45.17   	-51.88   	  4.74   	 -10.17		
-46.69   	-51.88   	  4.70   	 -15.26		
-46.39   	-50.66   	  4.64   	 -15.26		
-44.86   	-49.13   	  4.58   	 -15.26		
-43.64   	-47.91   	  4.52   	 -15.26		
-43.03   	-47.30   	  4.46   	 -15.26		
-43.33   	-47.30   	  4.39   	 -15.26		
-44.25   	-47.61   	  4.33   	 -15.26		
-44.86   	-47.91   	  4.27   	  -5.09		
-44.86   	-48.22   	  4.25   	  -5.09		
-44.86   	-48.22   	  4.23   	   0.00		
-44.86   	-47.91   	  4.23   	   0.00		
-44.25   	-47.61   	  4.23   	  10.17		
-43.64   	-46.69   	  4.27   	  10.17		
-42.72   	-45.47   	  4.31   	  15.26		
-41.50   	-43.95   	  4.37   	  20.35		
-39.98   	-42.72   	  4.46   	  15.26		
-39.06   	-42.11   	  4.52   	  25.43		
-39.37   	-42.11   	  4.62   	  20.35		
-40.59   	-43.03   	  4.70   	  20.35		
-41.81   	-43.33   	  4.78   	  20.35		
-42.11   	-42.72   	  4.86   	  15.26		
-41.50   	-41.20   	  4.92   	  20.35		
-39.98   	-39.06   	  5.01   	  15.26		
-38.45   	-37.23   	  5.07   	  20.35		
-36.62   	-34.48   	  5.15   	  15.26		
-33.87   	-29.30   	  5.21   	  15.26		
-29.30   	-18.62   	  5.27   	  20.35		
-23.80   	 -1.83   	  5.35   	  20.35		
-18.01   	 19.23   	  5.43   	  20.35		
-13.12   	 39.98   	  5.51   	  20.35		
-10.68   	 56.46   	  5.60   	  20.35		
 -9.16   	 68.36   	  5.68   	  20.35		
 -7.02   	 77.51   	  5.76   	  20.35		
 -2.75   	 87.59   	  5.84   	  20.35		
  5.19   	100.10   	  5.92   	  20.35		
 15.56   	115.05   	  6.00   	  15.26		
 26.25   	131.23   	  6.06   	  10.17		
 35.10   	148.62   	  6.10   	  10.17		
 42.42   	167.24   	  6.14   	   5.09		
 49.74   	187.07   	  6.16   	   0.00		
 59.51   	207.21   	  6.16   	  -5.09		
 72.02   	225.52   	  6.14   	  -5.09		
 84.53   	237.73   	  6.12   	 -15.26		
 91.55   	238.04   	  6.06   	 -15.26		
 87.28   	221.56   	  6.00   	 -25.43		
 69.58   	187.07   	  5.90   	 -35.61		
 41.20   	139.47   	  5.76   	 -45.78		
 10.07   	 87.59   	  5.57   	 -66.12		
-15.56   	 39.67   	  5.31   	 -81.38		
-30.82   	  1.83   	  4.98   	-106.82		
-35.71   	-24.11   	  4.56   	-132.25		
-35.10   	-39.37   	  4.03   	-172.94		
-35.10   	-47.00   	  3.34   	-208.54		
-38.15   	-50.66   	  2.50   	-249.24		
-42.72   	-53.41   	  1.51   	-295.01		
-47.00   	-57.37   	  0.33   	-345.88		
-49.13   	-62.26   	 -1.06   	-412.00		
-49.13   	-66.83   	 -2.71   	-478.13		
-49.13   	-70.80   	 -4.62   	-544.25		
-49.74   	-73.85   	 -6.80   	-600.20		
-51.57   	-76.90   	 -9.20   	-645.98		
-53.41   	-80.26   	-11.78   	-666.32		
-54.32   	-83.31   	-14.45   	-661.24		
-54.32   	-85.75   	-17.09   	-640.89		
-53.71   	-86.67   	-19.65   	-595.11		
-53.10   	-85.75   	-22.03   	-544.25		
-52.49   	-83.92   	-24.21   	-488.30		
-53.71   	-82.70   	-26.16   	-437.43		
-59.20   	-86.06   	-27.91   	-396.74		
-72.63   	-100.10   	-29.50   	-366.22		
-94.30   	-126.95   	-30.97   	-356.05		
-115.36   	-155.33   	-32.39   	-356.05		
-118.10   	-161.44   	-33.81   	-381.48		
-80.87   	-116.27   	-35.34   	-406.92		
  6.71   	 -1.53   	-36.97   	-447.61		
137.02   	180.36   	-38.76   	-493.39		
285.03   	402.83   	-40.73   	-539.16		
421.14   	623.47   	-42.89   	-595.11		
519.71   	798.65   	-45.27   	-645.98		
565.19   	888.67(R)	-47.85   	-701.93		
545.35   	864.26   	-50.66   	-747.71		
455.02   	725.40   	-53.65   	-798.57		
300.90   	502.62   	-56.85   	-854.52		
111.69   	246.28   	-60.26   	-905.39		
-69.27   	  8.24   	-63.89   	-956.25		
-199.58   	-177.00   	-67.71   	-1002.03		
-260.62   	-297.85   	-71.72   	-1042.72		
-263.06   	-358.58   	-75.89   	-1068.15		
-234.38   	-367.74   	-80.16   	-1073.24		
-199.58   	-337.22   	-84.46   	-1042.72		
-169.68   	-284.42   	-88.63   	-966.43		
-144.96   	-229.19   	-92.49   	-844.35		
-122.99   	-185.55   	-95.87   	-666.32		
-104.06   	-156.25   	-98.53   	-442.52		
-90.03   	-137.33   	-100.30   	-188.20		
-82.09   	-122.99   	-101.06   	  91.56		
-77.51   	-111.08   	-100.69   	 361.14		
-73.85   	-101.93   	-99.25   	 620.55		
-70.19   	-95.52   	-96.76   	 844.35		
-67.14   	-91.86   	-93.39   	1012.20		
-64.70   	-89.11   	-89.34   	1108.85		
-63.17   	-86.06   	-84.90   	1144.45		
-61.95   	-83.31   	-80.33   	1134.28		
-60.73   	-81.18   	-75.79   	1103.76		
-58.59   	-78.74   	-71.37   	1063.07		
-56.46   	-76.60   	-67.12   	1047.81		
-53.41   	-74.16   	-62.93   	1063.07		
-50.35   	-71.11   	-58.68   	1144.45		
-47.61   	-67.44   	-54.10   	1291.96		
-45.17   	-64.09   	-48.93   	1520.85		
-43.03   	-61.34   	-42.85   	1826.04		
-40.59   	-58.90   	-35.54   	2192.26		
-37.84   	-55.85   	-26.78   	2604.26		
-34.79   	-53.10   	-16.36   	3051.87		
-31.74   	-50.35   	 -4.15   	3484.22		
-28.69   	-48.22   	  9.79   	3886.05		
-25.02   	-46.08   	 25.33   	4231.93		
-21.36   	-43.64   	 42.26   	4486.25		
-16.78   	-40.28   	 60.20   	4643.93		
-11.90   	-35.40   	 78.78   	4679.53		
 -6.41   	-29.60   	 97.50   	4608.32		
 -0.92   	-22.89   	115.93   	4420.13		
  5.19   	-15.56   	133.61   	4140.37		
 11.60   	 -7.93   	150.17   	3779.23		
 18.62   	 -0.31   	165.29   	3382.49		
 26.55   	  7.63   	178.82   	2965.40		
 35.71   	 15.87   	190.68   	2563.57		
 46.08   	 24.72   	200.94   	2182.09		
 57.37   	 34.79   	209.66   	1841.29		
 69.27   	 46.39   	217.03   	1536.11		
 81.18   	 58.90   	223.17   	1256.35		
 92.77   	 72.33   	228.20   	1017.29		
104.68   	 86.06   	232.27   	 803.66		
116.88   	100.40   	235.48   	 625.63		
129.39   	115.36   	237.98   	 473.04		
142.52   	131.53   	239.88   	 335.71		
155.94   	148.62   	241.22   	 218.72		
169.07   	166.32   	242.09   	 127.16		
181.27   	183.72   	242.60   	  40.69		
191.04   	198.97   	242.77   	 -40.69		
196.84   	210.88   	242.60   	-137.33		
197.14   	218.51   	242.05   	-254.32		
191.96   	221.56   	241.04   	-401.83		
181.88   	219.42   	239.43   	-590.03		
167.85   	211.49   	237.07   	-793.49		
150.76   	197.75   	233.90   	-1027.46		
131.23   	179.44   	229.79   	-1251.27		
111.08   	158.39   	224.78   	-1485.24		
 90.64   	135.80   	218.84   	-1688.70		
 71.11   	113.53   	212.08   	-1866.73		
 53.71   	 91.86   	204.62   	-2014.23		
 37.84   	 72.02   	196.56   	-2110.88		
 23.80   	 54.02   	188.12   	-2161.74		
 11.90   	 39.37   	179.47   	-2166.83		
  2.14   	 27.77   	170.80   	-2131.22		
 -5.19   	 18.01   	162.28   	-2044.75		
-10.99   	  9.46   	154.10   	-1927.76		
-15.26   	  1.53   	146.39   	-1770.08		
-18.62   	 -5.80   	139.31   	-1607.32		
-21.67   	-12.51   	132.88   	-1419.12		
-24.11   	-17.40   	127.20   	-1230.92		
-25.94   	-21.06   	122.28   	-1042.72		
-27.16   	-23.50   	118.11   	-869.78		
-28.08   	-25.63   	114.63   	-712.10		
-28.69   	-27.47   	111.78   	-559.51		
-28.38   	-28.99   	109.54   	-437.43		
-27.77   	-29.60   	107.79   	-335.71		
-27.16   	-29.30   	106.45   	-254.32		
-26.86   	-28.69   	105.43   	-188.20		
-26.55   	-28.08   	104.68   	-147.51		
-26.25   	-28.38   	104.09   	-122.07		
-25.63   	-29.30   	103.60   	-106.82		
-24.72   	-30.21   	103.17   	-101.73		
-24.41   	-30.52   	102.77   	-101.73		
-25.02   	-30.21   	102.36   	-111.90		
-26.86   	-29.60   	101.91   	-116.99		
-28.38   	-29.30   	101.44   	-127.16		
-28.99   	-29.30   	100.94   	-132.25		
-28.38   	-29.60   	100.41   	-127.16		
-27.16   	-29.60   	 99.90   	-116.99		
-26.25   	-29.60   	 99.43   	 -96.64		
-26.25   	-28.99   	 99.04   	 -66.12		
-26.86   	-28.38   	 98.78   	 -30.52		
-27.16   	-28.08   	 98.66   	  10.17		
-27.47   	-28.38   	 98.70   	  50.86		
-27.77   	-30.21   	 98.90   	  86.47		
-28.38   	-32.35   	 99.25   	 116.99		
-28.69   	-34.48   	 99.71   	 142.42		
-28.99   	-35.40   	100.28   	 152.59		
-29.30   	-35.10   	100.89   	 162.77		
-29.91   	-34.48   	101.55   	 162.77		
-30.82   	-33.87   	102.20   	 152.59		
-31.74   	-33.26   	102.81   	 142.42		
-32.35   	-32.96   	103.38   	 127.16		
-32.65   	-32.35   	103.89   	 111.90		
-32.65   	-32.04   	104.33   	  91.56		
-32.04   	-31.74   	104.70   	  76.30		
-31.43   	-32.04   	105.00   	  61.04		
-30.82   	-33.57   	105.25   	  45.78		
-30.82   	-35.71   	105.43   	  40.69		
-31.74   	-37.23   	105.59   	  35.61		
-33.26   	-37.84   	105.74   	  30.52		
-34.18   	-36.93   	105.86   	  15.26		
-34.18   	-35.40   	105.92   	  -5.09		
-33.57   	-34.18   	105.90   	 -40.69		
-32.04   	-34.18   	105.74   	 -86.47		
-30.82   	-35.40   	105.39   	-142.42		
-30.21   	-37.23   	104.82   	-188.20		
-30.52   	-38.45   	104.07   	-244.15		
-31.74   	-38.76   	103.09   	-274.67		
-33.26   	-38.45   	101.99   	-315.36		
-34.79   	-37.54   	100.73   	-330.62		
-35.71   	-37.23   	 99.41   	-361.14		
-36.01   	-37.84   	 97.97   	-371.31		
-35.71   	-39.37   	 96.48   	-396.74		
-35.10   	-41.20   	 94.89   	-412.00		
-34.79   	-42.72   	 93.24   	-422.18		
-34.18   	-43.64   	 91.56   	-437.43		
-33.87   	-44.56   	 89.81   	-437.43		
-33.57   	-44.86   	 88.06   	-432.35		
-33.57   	-45.17   	 86.33   	-406.92		
-33.87   	-45.17   	 84.70   	-371.31		
-35.10   	-45.47   	 83.21   	-335.71		
-36.93   	-45.78   	 81.87   	-279.75		
-38.76   	-45.78   	 80.75   	-228.89		
-39.37   	-44.56   	 79.84   	-183.11		
-39.06   	-42.42   	 79.10   	-127.16		
-37.84   	-40.28   	 78.60   	 -81.38		
-37.23   	-39.67   	 78.27   	 -40.69		
-37.54   	-40.89   	 78.11   	   5.09		
-38.15   	-43.03   	 78.13   	  40.69		
-38.76   	-44.86   	 78.29   	  81.38		
-38.76   	-46.08   	 78.62   	 116.99		
-39.37   	-46.39   	 79.08   	 142.42		
-40.59   	-47.00   	 79.65   	 167.85		
-42.11   	-47.61   	 80.33   	 172.94		
-43.95   	-48.22   	 81.02   	 178.03		
-44.86   	-48.22   	 81.73   	 167.85		
-44.86   	-48.22   	 82.40   	 142.42		
-43.95   	-48.52   	 82.97   	 116.99		
-42.42   	-49.74   	 83.44   	  81.38		
-41.50   	-51.27   	 83.76   	  50.86		
-40.59   	-53.10   	 83.97   	  20.35		
-40.28   	-53.71   	 84.05   	  -5.09		
-40.28   	-53.10   	 84.03   	 -25.43		
-40.59   	-51.27   	 83.93   	 -35.61		
-40.89   	-49.44   	 83.78   	 -35.61		
-40.89   	-48.22   	 83.64   	 -35.61		
-40.59   	-48.52   	 83.50   	 -35.61		
-40.59   	-49.74   	 83.36   	 -30.52		
-40.89   	-51.27   	 83.23   	 -35.61		
-41.50   	-52.49   	 83.09   	 -30.52		
-41.81   	-52.49   	 82.97   	 -35.61		
-41.20   	-50.66   	 82.83   	 -40.69		
-39.37   	-47.30   	 82.66   	 -50.86		
-38.15   	-44.86   	 82.46   	 -50.86		
-37.54   	-44.25   	 82.26   	 -50.86		
-37.84   	-46.08   	 82.05   	 -55.95		
-38.15   	-49.13   	 81.83   	 -55.95		
-38.45   	-51.57   	 81.61   	 -45.78		
-38.15   	-52.80   	 81.42   	 -45.78		
-37.54   	-52.19   	 81.24   	 -40.69		
-37.54   	-50.66   	 81.08   	 -40.69		
-37.23   	-48.83   	 80.92   	 -35.61		
-37.23   	-47.30   	 80.77   	 -40.69		
-37.23   	-47.30   	 80.61   	 -40.69		
-38.45   	-48.83   	 80.45   	 -40.69		
-40.28   	-50.96   	 80.28   	 -50.86		
-40.89   	-52.19   	 80.08   	 -50.86		
-39.06   	-48.83   	 79.88   	 -55.95		
-34.18   	-39.06   	 79.65   	 -55.95		
-27.77   	-22.58   	 79.43   	 -55.95		
-21.36   	 -1.83   	 79.21   	 -55.95		
-16.78   	 18.31   	 78.98   	 -50.86		
-14.34   	 34.48   	 78.78   	 -50.86		
-13.12   	 46.69   	 78.58   	 -45.78		
-10.99   	 57.37   	 78.39   	 -50.86		
 -6.10   	 69.58   	 78.19   	 -50.86		
  1.53   	 83.62   	 77.99   	 -45.78		
 11.29   	 98.88   	 77.80   	 -55.95		
 21.36   	114.14   	 77.58   	 -55.95		
 30.82   	129.70   	 77.35   	 -61.04		
 38.45   	146.79   	 77.11   	 -61.04		
 45.78   	166.32   	 76.87   	 -61.04		
 54.02   	187.07   	 76.62   	 -61.04		
 63.78   	206.60   	 76.38   	 -66.12		
 75.38   	221.86   	 76.11   	 -61.04		
 85.45   	227.97   	 75.87   	 -61.04		
 88.81   	221.56   	 75.63   	 -61.04		
 80.87   	199.28   	 75.38   	 -55.95		
 59.51   	161.44   	 75.16   	 -50.86		
 28.99   	113.22   	 74.95   	 -50.86		
 -2.14   	 62.26   	 74.75   	 -50.86		
-25.33   	 16.78   	 74.55   	 -40.69		
-37.23   	-18.01   	 74.38   	 -35.61		
-39.98   	-41.50   	 74.24   	 -35.61		
-39.67   	-55.54   	 74.10   	 -30.52		
-40.89   	-63.17   	 73.98   	 -25.43		
-44.56   	-67.44   	 73.88   	 -20.35		
-48.22   	-70.80   	 73.79   	 -25.43		
-50.35   	-74.16   	 73.69   	 -25.43		
-50.35   	-77.82   	 73.59   	 -30.52		
-50.05   	-81.79   	 73.47   	 -35.61		
-51.88   	-86.06   	 73.33   	 -45.78		
-55.54   	-90.64   	 73.14   	 -45.78		
-59.51   	-94.91   	 72.96   	 -55.95		
-61.04   	-97.66   	 72.74   	 -61.04		
-60.42   	-98.27   	 72.49   	 -61.04		
-58.59   	-96.74   	 72.25   	 -61.04		
-57.07   	-94.30   	 72.00   	 -55.95		
-57.07   	-92.77   	 71.78   	 -50.86		
-58.90   	-93.38   	 71.58   	 -45.78		
-64.39   	-98.57   	 71.39   	 -35.61		
-76.29   	-112.92   	 71.25   	 -25.43		
-95.83   	-138.24   	 71.15   	 -20.35		
-116.27   	-166.93   	 71.07   	 -10.17		
-121.77   	-177.31   	 71.03   	 -10.17		
-91.25   	-140.69   	 70.99   	  -5.09		
-10.38   	-35.71   	 70.97   	  -5.09		
117.19   	140.08   	 70.95   	 -10.17		
270.39   	363.16   	 70.91   	 -20.35		
418.40   	591.13   	 70.82   	 -20.35		
532.23   	776.06   	 70.74   	 -25.43		
590.21   	876.46(R)	 70.64   	 -30.52		
577.09   	862.12   	 70.52   	 -30.52		
486.76   	731.81   	 70.40   	 -40.69		
328.06   	514.53   	 70.23   	 -35.61		
131.23   	258.48   	 70.09   	 -35.61		
-57.98   	 14.04   	 69.95   	 -40.69		
-195.92   	-179.44   	 69.79   	 -35.61		
-261.84   	-305.48   	 69.64   	 -30.52		
-266.11   	-365.60   	 69.52   	 -35.61		
-237.12   	-372.92   	 69.38   	 -30.52		
-202.94   	-346.07   	 69.26   	 -35.61		
-175.48   	-306.09   	 69.11   	 -30.52		
-153.81   	-267.94   	 68.99   	 -35.61		
-132.45   	-235.60   	 68.85   	 -35.61		
-110.78   	-206.91   	 68.71   	 -35.61		
-92.16   	-178.83   	 68.57   	 -35.61		
-79.65   	-152.89   	 68.42   	 -35.61		
-73.24   	-133.06   	 68.28   	 -35.61		
-69.89   	-122.07   	 68.14   	 -35.61		
-67.14   	-117.80   	 68.00   	 -40.69		
-64.09   	-115.97   	 67.83   	 -35.61		
-61.34   	-113.22   	 67.69   	 -35.61		
-58.90   	-109.25   	 67.55   	 -35.61		
-56.76   	-104.37   	 67.41   	 -35.61		
-54.63   	-99.49   	 67.26   	 -30.52		
-52.49   	-94.60   	 67.14   	 -25.43		
-50.05   	-90.03   	 67.04   	 -20.35		
-47.61   	-86.36   	 66.96   	 -20.35		
-44.86   	-84.23   	 66.88   	  -5.09		
-42.11   	-83.62   	 66.86   	   0.00		
-39.67   	-83.31   	 66.86   	  N/A		
