  I     	  II     	  LV     	  LV'		
 19.23   	 62.26   	 16.38   	 -86.47		
 33.87   	 64.39   	 16.03   	 -81.38		
 49.74   	 65.61   	 15.71   	 -71.21		
 58.59   	 69.27   	 15.42   	 -66.12		
 55.85   	 73.55   	 15.16   	 -55.95		
 42.42   	 73.55   	 14.93   	 -50.86		
 24.72   	 63.78   	 14.73   	 -40.69		
 14.04   	 44.86   	 14.57   	 -30.52		
 16.78   	 22.89   	 14.45   	 -15.26		
 31.74   	  6.10   	 14.38   	   0.00		
 51.27   	 -1.83   	 14.38   	  10.17		
 65.31   	 -4.27   	 14.43   	  15.26		
 66.83   	 -7.63   	 14.49   	  25.43		
 53.71   	-15.26   	 14.59   	  25.43		
 29.60   	-27.77   	 14.69   	  20.35		
  0.00   	-42.72   	 14.77   	  15.26		
-26.55   	-56.46   	 14.83   	  10.17		
-43.64   	-68.66   	 14.87   	   5.09		
-50.35   	-81.48   	 14.89   	   0.00		
-50.35   	-95.83   	 14.89   	  -5.09		
-49.74   	-110.47   	 14.87   	   0.00		
-52.19   	-122.38   	 14.87   	   0.00		
-55.85   	-128.48   	 14.87   	   5.09		
-56.15   	-127.56   	 14.89   	  15.26		
-50.66   	-121.15   	 14.95   	  20.35		
-40.28   	-111.69   	 15.04   	  25.43		
-26.25   	-97.66   	 15.14   	  20.35		
 -5.19   	-75.38   	 15.22   	  25.43		
 25.33   	-42.42   	 15.32   	  15.26		
 60.73   	 -2.75   	 15.38   	  20.35		
 88.81   	 38.15   	 15.46   	  10.17		
 99.18   	 82.40   	 15.50   	  10.17		
 96.74   	140.99   	 15.54   	  15.26		
105.90   	228.27   	 15.61   	  15.26		
156.86   	344.85   	 15.67   	  30.52		
264.28   	472.41   	 15.79   	  35.61		
416.26   	584.72   	 15.93   	  50.86		
584.11   	666.50   	 16.13   	  61.04		
737.30   	716.25   	 16.38   	  81.38		
855.10   	736.69(R)	 16.70(E)	  91.56		
926.82   	719.60   	 17.07   	 106.82		
949.10   	651.25   	 17.50   	 116.99		
927.43   	533.14   	 17.97   	 132.25		
874.63   	390.93   	 18.49   	 147.51		
807.80   	264.59   	 19.08   	 157.68		
736.69   	179.14   	 19.72   	 167.85		
657.04   	130.31   	 20.39   	 188.20		
554.81   	 95.52   	 21.14   	 208.54		
422.06   	 56.46   	 21.97   	 228.89		
270.69   	 12.82   	 22.89   	 254.32		
125.12   	-28.08   	 23.91   	 289.93		
 11.29   	-63.78   	 25.07   	 330.62		
-57.98   	-97.05   	 26.39   	 381.48		
-88.20   	-127.87   	 27.91   	 437.43		
-97.35   	-150.15   	 29.66   	 508.65		
-101.32   	-157.78   	 31.70   	 579.86		
-107.73   	-151.67   	 34.02   	 666.32		
-116.58   	-143.13   	 36.68   	 742.62		
-124.21   	-141.91   	 39.65   	 818.92		
-128.17   	-149.84   	 42.93   	 879.96		
-130.62   	-159.91   	 46.45   	 930.82		
-132.75   	-164.49   	 50.17   	 956.25		
-136.11   	-160.83   	 54.00   	 956.25		
-139.77   	-153.81   	 57.82   	 946.08		
-142.82   	-148.62   	 61.61   	 910.47		
-145.26   	-148.32   	 65.25   	 869.78		
-147.40   	-152.28   	 68.73   	 818.92		
-148.62   	-156.25   	 72.00   	 778.23		
-148.93   	-156.86   	 75.12   	 737.54		
-148.62   	-154.72   	 78.07   	 712.10		
-148.32   	-151.06   	 80.92   	 686.67		
-148.01   	-148.32   	 83.66   	 671.41		
-146.79   	-146.48   	 86.35   	 661.24		
-144.96   	-143.13   	 88.99   	 656.15		
-143.43   	-137.33   	 91.62   	 645.98		
-142.82   	-129.39   	 94.20   	 635.81		
-143.74   	-123.60   	 96.74   	 615.46		
-143.74   	-121.46   	 99.21   	 595.11		
-141.60   	-123.29   	101.59   	 574.77		
-136.72   	-126.65   	103.89   	 544.25		
-130.00   	-126.65   	106.06   	 518.82		
-123.60   	-119.63   	108.14   	 488.30		
-117.80   	-106.20   	110.09   	 462.87		
-112.00   	-90.33   	111.94   	 432.35		
-107.73   	-77.51   	113.67   	 406.92		
-105.29   	-71.41   	115.30   	 376.40		
-105.59   	-72.63   	116.81   	 350.97		
-107.12   	-76.29   	118.21   	 325.53		
-108.03   	-76.29   	119.51   	 305.19		
-105.59   	-68.05   	120.73   	 274.67		
-99.79   	-51.27   	121.83   	 259.41		
-92.16   	-29.91   	122.87   	 233.98		
-83.92   	 -8.54   	123.80   	 213.63		
-76.29   	  9.46   	124.66   	 198.37		
-69.89   	 23.50   	125.45   	 172.94		
-65.61   	 34.18   	126.14   	 162.77		
-63.48   	 42.42   	126.80   	 147.51		
-62.87   	 47.91   	127.39   	 127.16		
-62.56   	 51.27   	127.89   	 116.99		
-61.04   	 54.93   	128.36   	 106.82		
-55.24   	 64.09   	128.79   	  86.47		
-45.47   	 80.26   	129.13   	  76.30		
-35.40   	 98.88   	129.44   	  71.21		
-29.91   	111.08   	129.72   	  55.95		
-31.74   	109.86   	129.95   	  45.78		
-39.37   	 97.96   	130.13   	  35.61		
-46.39   	 86.06   	130.27   	  30.52		
-46.39   	 83.92   	130.40   	  20.35		
-38.15   	 91.86   	130.48   	  15.26		
-25.94   	 98.57   	130.54   	   5.09		
-17.09   	 92.47   	130.56(S)	   0.00		
-15.56   	 70.50   	130.56   	  -5.09		
-22.58   	 39.37   	130.54   	 -10.17		
-34.48   	  9.77   	130.50   	 -15.26		
-45.17   	-10.99   	130.44   	 -20.35		
-50.35   	-21.36   	130.36   	 -30.52		
-49.13   	-24.11   	130.23   	 -40.69		
-46.39   	-24.41   	130.07   	 -50.86		
-47.91   	-28.69   	129.87   	 -61.04		
-55.24   	-40.89   	129.62   	 -81.38		
-65.61   	-60.12   	129.30   	 -91.56		
-72.94   	-81.79   	128.93   	-111.90		
-74.77   	-99.18   	128.48   	-137.33		
-72.94   	-108.34   	127.93   	-157.68		
-71.11   	-109.25   	127.30   	-188.20		
-71.11   	-103.76   	126.55   	-218.72		
-71.72   	-94.91   	125.68   	-249.24		
-70.19   	-85.45   	124.68   	-295.01		
-65.31   	-79.96   	123.50   	-330.62		
-58.29   	-80.26   	122.18   	-381.48		
-51.27   	-85.75   	120.65   	-422.18		
-46.08   	-92.16   	118.96   	-473.04		
-43.64   	-95.21   	117.07   	-518.82		
-43.64   	-94.60   	114.99   	-574.77		
-43.03   	-91.25   	112.70   	-625.63		
-39.67   	-88.20   	110.19   	-691.76		
-35.10   	-88.50   	107.43   	-762.97		
-32.04   	-92.47   	104.37   	-829.09		
-32.65   	-98.57   	101.06   	-910.47		
-35.40   	-103.45   	 97.42   	-976.60		
-36.62   	-104.06   	 93.51   	-1047.81		
-31.13   	-98.27   	 89.32   	-1098.67		
-18.92   	-87.28   	 84.92   	-1139.36		
 -4.27   	-75.68   	 80.37   	-1149.54		
  7.93   	-66.83   	 75.77   	-1154.62		
 15.56   	-61.95   	 71.15   	-1129.19		
 19.23   	-60.73   	 66.63   	-1098.67		
 23.50   	-60.12   	 62.24   	-1052.90		
 30.52   	-58.90   	 58.03   	-1002.03		
 39.37   	-57.07   	 54.02   	-940.99		
 47.00   	-54.63   	 50.25   	-895.22		
 52.80   	-52.19   	 46.67   	-844.35		
 57.68   	-51.57   	 43.30   	-798.57		
 64.39   	-52.80   	 40.10   	-757.88		
 73.85   	-55.54   	 37.07   	-717.19		
 84.53   	-58.59   	 34.20   	-676.50		
 93.08   	-60.12   	 31.50   	-635.81		
 97.96   	-57.68   	 28.95   	-590.03		
100.10   	-52.19   	 26.59   	-544.25		
 98.88   	-46.39   	 24.41   	-493.39		
 92.77   	-43.95   	 22.44   	-452.69		
 81.18   	-47.00   	 20.63   	-401.83		
 64.09   	-53.71   	 19.02   	-366.22		
 45.17   	-61.04   	 17.56   	-325.53		
 28.38   	-66.53   	 16.26   	-310.27		
 15.56   	-71.11   	 15.02   	-295.01		
  7.02   	-75.68   	 13.84   	-284.84		
  2.14   	-81.18   	 12.70   	-289.93		
  0.00   	-85.45   	 11.54   	-289.93		
  0.00   	-83.62   	 10.38   	-289.93		
  3.36   	-69.89   	  9.22   	-274.67		
  8.24   	-45.78   	  8.12   	-254.32		
 11.29   	-18.62   	  7.10   	-213.63		
 11.60   	  3.97   	  6.25   	-162.77		
 11.90   	 14.95   	  5.60   	-101.73		
 15.87   	 16.78   	  5.19   	 -40.69		
 27.77   	 18.01   	  5.03(D)	  15.26		
 43.33   	 25.02   	  5.09   	  71.21		
 51.27   	 36.62   	  5.37   	 111.90		
 42.72   	 44.56   	  5.82   	 127.16		
 20.75   	 42.72   	  6.33   	 132.25		
  0.00   	 30.82   	  6.86   	 116.99		
 -5.49   	 14.65   	  7.32   	  91.56		
  8.24   	  0.31   	  7.69   	  55.95		
 31.74   	 -9.46   	  7.91   	  25.43		
 49.74   	-16.78   	  8.02   	 -10.17		
 52.80   	-24.11   	  7.98   	 -35.61		
 41.50   	-32.96   	  7.83   	 -50.86		
 22.28   	-42.11   	  7.63   	 -50.86		
  0.61   	-51.57   	  7.43   	 -50.86		
-21.97   	-64.09   	  7.22   	 -30.52		
-43.64   	-80.87   	  7.10   	 -10.17		
-63.17   	-102.54   	  7.06   	  15.26		
-78.13   	-125.43   	  7.12   	  45.78		
-85.45   	-143.43   	  7.30   	  66.12		
-86.67   	-152.89   	  7.57   	  81.38		
-86.36   	-155.33   	  7.89   	  96.64		
-88.50   	-155.33   	  8.28   	  91.56		
-92.47   	-155.94   	  8.65   	  86.47		
-94.30   	-156.56   	  8.99   	  66.12		
-88.81   	-153.50   	  9.26   	  50.86		
-70.50   	-141.91   	  9.46   	  30.52		
-37.84   	-118.71   	  9.58   	  10.17		
  5.49   	-84.53   	  9.62   	  -5.09		
 49.74   	-40.89   	  9.60   	 -10.17		
 83.62   	 12.82   	  9.56   	 -10.17		
100.10   	 81.18   	  9.52   	  -5.09		
106.51   	171.20   	  9.50   	  10.17		
125.73   	286.25   	  9.54   	  25.43		
185.24   	418.09   	  9.64   	  45.78		
296.02   	546.57   	  9.83   	  61.04		
445.25   	647.28   	 10.07   	  81.38		
603.33   	705.87   	 10.40   	 101.73		
739.14   	719.60(R)	 10.80   	 106.82		
831.60   	693.66   	 11.23   	 122.07		
875.55   	633.24   	 11.72   	 132.25		
875.55   	545.04   	 12.25   	 132.25		
841.67   	440.06   	 12.78   	 142.42		
786.44   	336.30   	 13.35   	 147.51		
720.83   	249.63   	 13.94   	 152.59		
648.50   	184.94   	 14.55   	 167.85		
560.61   	132.14   	 15.22   	 178.03		
446.78   	 81.18   	 15.93   	 203.46		
307.01   	 28.38   	 16.74   	 233.98		
155.94   	-20.75   	 17.68   	 269.58		
 19.53   	-61.04   	 18.76   	 310.27		
-78.13   	-92.77   	 20.00   	 366.22		
-128.78   	-119.63   	 21.46   	 417.09		
-142.82   	-142.52   	 23.13   	 483.21		
-140.99   	-159.61   	 25.07   	 549.34		
-140.99   	-168.76   	 27.26   	 610.37		
-149.54   	-172.12   	 29.70   	 686.67		
-163.27   	-172.12   	 32.45   	 747.71		
-175.78   	-170.90   	 35.44   	 818.92		
-181.88   	-169.68   	 38.72   	 885.04		
-183.11   	-167.54   	 42.26   	 935.91		
-182.19   	-166.32   	 46.00   	 976.60		
-181.58   	-166.32   	 49.91   	1007.12		
-181.58   	-166.63   	 53.94   	1012.20		
-182.19   	-167.24   	 57.99   	 996.94		
-182.19   	-168.76   	 61.97   	 966.43		
-181.58   	-172.73   	 65.84   	 920.65		
-179.75   	-177.31   	 69.52   	 869.78		
-178.53   	-179.14   	 73.00   	 808.75		
-180.36   	-175.78   	 76.24   	 752.79		
-184.63   	-168.15   	 79.25   	 701.93		
-188.29   	-159.61   	 82.05   	 661.24		
-187.99   	-152.89   	 84.70   	 625.63		
-183.41   	-147.71   	 87.20   	 610.37		
-177.00   	-141.91   	 89.64   	 590.03		
-173.03   	-135.50   	 92.00   	 579.86		
-172.12   	-130.92   	 94.32   	 564.60		
-171.51   	-130.31   	 96.58   	 554.42		
-169.98   	-134.28   	 98.80   	 534.08		
-167.24   	-140.08   	100.94   	 513.73		
-164.49   	-141.30   	102.99   	 483.21		
-162.96   	-135.19   	104.92   	 447.61		
-162.96   	-123.60   	106.71   	 422.18		
-162.66   	-110.47   	108.40   	 386.57		
-161.44   	-100.71   	109.95   	 356.05		
-159.00   	-95.21   	111.37   	 330.62		
-155.03   	-91.25   	112.70   	 310.27		
-150.15   	-83.62   	113.94   	 295.01		
-145.26   	-70.50   	115.12   	 274.67		
-141.60   	-54.02   	116.22   	 264.50		
-140.08   	-39.98   	117.27   	 249.24		
-140.38   	-32.65   	118.27   	 239.06		
-142.21   	-31.43   	119.23   	 228.89		
-143.43   	-31.43   	120.14   	 208.54		
-141.60   	-25.94   	120.98   	 198.37		
-135.80   	-12.51   	121.77   	 183.11		
-127.56   	  6.10   	122.50   	 162.77		
-120.24   	 23.80   	123.15   	 152.59		
-114.44   	 37.54   	123.76   	 137.33		
-110.47   	 48.52   	124.31   	 122.07		
-107.42   	 58.90   	124.80   	 116.99		
-105.29   	 70.50   	125.27   	 101.73		
-104.06   	 82.70   	125.68   	  96.64		
-104.06   	 91.55   	126.06   	  91.56		
-103.15   	 94.91   	126.43   	  76.30		
-99.79   	 93.38   	126.73   	  71.21		
-94.30   	 88.20   	127.02   	  61.04		
-89.42   	 81.18   	127.26   	  55.95		
-87.89   	 72.02   	127.49   	  45.78		
-89.72   	 60.73   	127.67   	  40.69		
-91.55   	 48.52   	127.83   	  25.43		
-90.33   	 37.23   	127.93   	  25.43		
-85.45   	 27.77   	128.04   	  10.17		
-79.96   	 18.62   	128.08   	   5.09		
-79.04   	  7.32   	128.10(S)	 -10.17		
-83.31   	 -7.63   	128.06   	 -20.35		
-89.72   	-24.11   	127.98   	 -30.52		
-93.99   	-38.45   	127.85   	 -50.86		
-93.69   	-49.44   	127.65   	 -71.21		
-90.33   	-57.98   	127.36   	 -91.56		
-86.98   	-64.39   	127.00   	-111.90		
-85.14   	-68.97   	126.55   	-137.33		
-85.75   	-71.41   	126.00   	-172.94		
-87.28   	-72.94   	125.31   	-203.46		
-88.20   	-75.68   	124.50   	-249.24		
-88.20   	-81.79   	123.50   	-289.93		
-87.89   	-91.25   	122.34   	-340.79		
-88.50   	-100.71   	120.98   	-396.74		
-90.94   	-106.20   	119.39   	-447.61		
-95.21   	-105.90   	117.60   	-503.56		
-98.57   	-100.71   	115.58   	-554.42		
-98.57   	-92.47   	113.37   	-615.46		
-94.91   	-85.14   	110.90   	-666.32		
-90.03   	-82.40   	108.24   	-732.45		
-86.67   	-83.92   	105.31   	-798.57		
-86.67   	-88.20   	102.12   	-864.70		
-89.42   	-91.55   	 98.66   	-935.91		
-93.08   	-91.86   	 94.91   	-991.86		
-96.13   	-88.81   	 90.95   	-1052.90		
-96.44   	-84.84   	 86.73   	-1088.50		
-93.69   	-81.48   	 82.38   	-1119.02		
-88.81   	-79.96   	 77.90   	-1119.02		
-83.92   	-79.35   	 73.43   	-1113.93		
-80.87   	-80.26   	 68.97   	-1083.41		
-80.57   	-81.18   	 64.64   	-1042.72		
-81.18   	-81.18   	 60.47   	-991.86		
-80.26   	-78.43   	 56.50   	-930.82		
-77.21   	-72.63   	 52.78   	-869.78		
-72.63   	-66.22   	 49.30   	-813.83		
-68.36   	-62.56   	 46.04   	-752.79		
-65.31   	-62.87   	 43.03   	-707.02		
-64.09   	-65.61   	 40.20   	-656.15		
-64.09   	-68.05   	 37.58   	-610.37		
-64.09   	-67.44   	 35.14   	-574.77		
-63.78   	-65.00   	 32.84   	-528.99		
-62.87   	-63.17   	 30.72   	-493.39		
-61.34   	-64.70   	 28.75   	-447.61		
-58.59   	-69.58   	 26.96   	-412.00		
-54.93   	-75.68   	 25.31   	-371.31		
-50.35   	-79.65   	 23.82   	-330.62		
-46.39   	-78.13   	 22.50   	-295.01		
-44.25   	-71.41   	 21.32   	-254.32		
-44.25   	-63.17   	 20.31   	-223.80		
-46.39   	-56.76   	 19.41   	-193.29		
-48.83   	-54.32   	 18.64   	-172.94		
-49.13   	-54.63   	 17.94   	-147.51		
-46.08   	-55.54   	 17.35   	-132.25		
-39.67   	-55.24   	 16.83   	-116.99		
-31.13   	-52.80   	 16.36   	-101.73		
-21.67   	-46.08   	 15.95   	 -86.47		
-12.21   	-30.52   	 15.61   	 -76.30		
 -5.19   	 -6.41   	 15.30   	 -61.04		
 -2.44   	 20.45   	 15.06   	 -45.78		
 -4.27   	 42.42   	 14.87   	 -30.52		
 -7.02   	 52.49   	 14.75   	 -20.35		
 -3.36   	 53.71   	 14.67   	  -5.09		
 12.51   	 56.15   	 14.65(D)	  10.17		
 36.01   	 65.61   	 14.69   	  15.26		
 53.10   	 78.74   	 14.75   	  25.43		
 51.88   	 85.75   	 14.85   	  30.52		
 32.04   	 79.04   	 14.97   	  30.52		
  6.10   	 60.12   	 15.10   	  30.52		
 -7.32   	 37.84   	 15.22   	  30.52		
  0.61   	 21.67   	 15.34   	  25.43		
 24.11   	 14.65   	 15.44   	  25.43		
 49.44   	 14.95   	 15.54   	  25.43		
 63.48   	 15.87   	 15.65   	  15.26		
 59.20   	 11.90   	 15.71   	  20.35		
 39.37   	  0.00   	 15.79   	  10.17		
 11.60   	-16.78   	 15.83   	  15.26		
-15.26   	-34.18   	 15.89   	  15.26		
-35.10   	-49.13   	 15.95   	  20.35		
-47.91   	-61.34   	 16.03   	  15.26		
-57.98   	-75.07   	 16.09   	  20.35		
-68.97   	-92.16   	 16.17   	  25.43		
-80.87   	-108.95   	 16.28   	  25.43		
-89.42   	-119.63   	 16.38   	  30.52		
-90.33   	-119.93   	 16.50   	  25.43		
-83.92   	-112.00   	 16.60   	  30.52		
-74.77   	-100.71   	 16.72   	  35.61		
-66.83   	-89.72   	 16.87   	  30.52		
-57.37   	-78.13   	 16.99   	  35.61		
-39.37   	-60.73   	 17.13   	  40.69		
 -9.16   	-32.65   	 17.29   	  45.78		
 26.86   	  6.41   	 17.48   	  50.86		
 54.63   	 55.54   	 17.68   	  61.04		
 64.70   	117.19   	 17.92   	  71.21		
 64.39   	196.23   	 18.21   	  91.56		
 79.04   	296.63   	 18.58   	 101.73		
137.63   	413.51   	 18.98   	 122.07		
250.85   	531.31   	 19.47   	 142.42		
405.27   	630.80   	 20.04   	 152.59		
570.07   	700.38   	 20.65   	 167.85		
713.20   	735.47(R)	 21.32(E)	 178.03		
812.07   	733.34   	 22.03   	 188.20		
859.07   	689.39   	 22.79   	 188.20		
858.15   	602.42   	 23.54   	 193.29		
820.62   	484.31   	 24.31   	 198.37		
763.24   	362.55   	 25.11   	 198.37		
698.24   	263.67   	 25.90   	 198.37		
628.36   	195.31   	 26.69   	 203.46		
544.13   	144.96   	 27.51   	 213.63		
433.96   	 95.52   	 28.36   	 228.89		
298.16   	 42.11   	 29.28   	 249.24		
152.89   	 -6.41   	 30.27   	 284.84		
 23.19   	-41.20   	 31.41   	 325.53		
-70.80   	-63.48   	 32.72   	 376.40		
-124.82   	-81.79   	 34.22   	 442.52		
-149.54   	-101.32   	 35.99   	 508.65		
-161.13   	-119.93   	 38.03   	 584.94		
-169.98   	-131.84   	 40.37   	 666.32		
-178.53   	-135.19   	 43.03   	 737.54		
-184.94   	-133.97   	 45.98   	 808.75		
-187.99   	-133.06   	 49.22   	 864.70		
-189.21   	-134.58   	 52.68   	 905.39		
-190.43   	-138.24   	 56.30   	 915.56		
-194.40   	-141.91   	 59.96   	 920.65		
-200.50   	-144.35   	 63.64   	 895.22		
-207.82   	-144.35   	 67.22   	 864.70		
-214.23   	-141.60   	 70.68   	 813.83		
-216.67   	-136.11   	 73.94   	 768.05		
-214.84   	-130.00   	 77.01   	 717.19		
-209.66   	-125.73   	 79.88   	 671.41		
-205.38   	-124.51   	 82.56   	 635.81		
-203.55   	-125.43   	 85.11   	 605.29		
-203.25   	-126.65   	 87.53   	 590.03		
-202.64   	-125.73   	 89.89   	 574.77		
-200.20   	-122.07   	 92.19   	 564.60		
-196.84   	-116.88   	 94.45   	 554.42		
-194.40   	-110.17   	 96.66   	 544.25		
-193.18   	-103.15   	 98.84   	 534.08		
-192.26   	-96.74   	100.98   	 513.73		
-190.43   	-91.55   	103.03   	 498.47		
-187.68   	-87.89   	105.03   	 473.04		
-185.55   	-86.36   	106.92   	 452.69		
-184.33   	-86.06   	108.73   	 427.26		
-184.02   	-85.75   	110.44   	 406.92		
-183.72   	-84.23   	112.06   	 391.66		
-182.19   	-79.65   	113.63   	 371.31		
-177.61   	-71.11   	115.12   	 361.14		
-169.68   	-59.81   	116.56   	 350.97		
-159.61   	-47.30   	117.96   	 335.71		
-148.93   	-35.71   	119.31   	 325.53		
-140.69   	-25.33   	120.61   	 315.36		
-137.02   	-16.48   	121.87   	 300.10		
-137.33   	 -7.32   	123.07   	 284.84		
-138.55   	  2.75   	124.21   	 269.58		
-137.94   	 14.04   	125.29   	 254.32		
-133.67   	 25.94   	126.31   	 239.06		
-126.95   	 38.76   	127.26   	 223.80		
-120.24   	 52.49   	128.16   	 208.54		
-114.75   	 67.14   	128.99   	 193.29		
-110.78   	 82.70   	129.77   	 183.11		
-106.51   	 98.88   	130.50   	 172.94		
-100.40   	113.83   	131.19   	 162.77		
-92.77   	126.65   	131.84   	 147.51		
-85.14   	136.72   	132.43   	 142.42		
-80.57   	143.13   	133.00   	 127.16		
-80.57   	146.18   	133.51   	 116.99		
-83.31   	146.18   	133.98   	 101.73		
-85.45   	144.35   	134.38   	  91.56		
-83.62   	141.91   	134.75   	  76.30		
-77.51   	138.24   	135.06   	  66.12		
-71.72   	132.14   	135.32   	  55.95		
-69.58   	121.46   	135.54   	  40.69		
-72.94   	106.20   	135.71   	  30.52		
-79.35   	 88.50   	135.83   	  20.35		
-83.92   	 72.63   	135.91   	   5.09		
-85.14   	 59.51   	135.93(S)	   0.00		
-83.31   	 47.91   	135.93   	 -10.17		
-81.48   	 35.40   	135.89   	 -25.43		
-81.48   	 21.06   	135.79   	 -35.61		
-83.62   	  5.19   	135.65   	 -50.86		
-86.67   	 -9.46   	135.44   	 -61.04		
-89.42   	-20.75   	135.20   	 -81.38		
-91.25   	-29.30   	134.87   	-101.73		
-93.08   	-36.93   	134.47   	-122.07		
-96.44   	-46.08   	133.98   	-147.51		
-101.32   	-56.46   	133.39   	-172.94		
-106.20   	-65.92   	132.70   	-198.37		
-108.64   	-71.41   	131.90   	-228.89		
-106.81   	-70.80   	130.99   	-269.58		
-102.84   	-67.44   	129.91   	-305.19		
-100.40   	-65.61   	128.69   	-350.97		
-101.62   	-67.75   	127.28   	-396.74		
-106.51   	-73.24   	125.70   	-437.43		
-112.00   	-78.74   	123.95   	-488.30		
-114.75   	-81.18   	121.99   	-534.08		
-112.61   	-80.26   	119.86   	-579.86		
-108.64   	-78.74   	117.54   	-630.72		
-106.51   	-78.13   	115.01   	-691.76		
-108.03   	-78.43   	112.25   	-752.79		
-112.30   	-78.43   	109.24   	-824.00		
-116.27   	-77.51   	105.94   	-890.13		
-116.27   	-75.68   	102.38   	-971.51		
-112.00   	-74.46   	 98.49   	-1027.46		
-107.42   	-75.99   	 94.38   	-1088.50		
-107.42   	-80.87   	 90.03   	-1124.11		
-112.30   	-87.59   	 85.53   	-1144.45		
-119.93   	-93.08   	 80.96   	-1139.36		
-125.43   	-93.99   	 76.40   	-1124.11		
-125.73   	-90.33   	 71.90   	-1083.41		
-122.68   	-85.14   	 67.57   	-1032.55		
-119.32   	-82.09   	 63.44   	-971.51		
-117.80   	-83.01   	 59.55   	-910.47		
-118.41   	-86.36   	 55.91   	-849.44		
-119.32   	-90.03   	 52.51   	-788.40		
-119.32   	-91.55   	 49.36   	-732.45		
-118.71   	-90.94   	 46.43   	-686.67		
-118.10   	-89.42   	 43.68   	-645.98		
-119.02   	-88.50   	 41.10   	-605.29		
-120.54   	-89.42   	 38.68   	-574.77		
-122.38   	-91.55   	 36.38   	-544.25		
-123.90   	-93.99   	 34.20   	-513.73		
-124.21   	-96.13   	 32.15   	-478.13		
-124.21   	-96.74   	 30.23   	-437.43		
-125.73   	-97.66   	 28.48   	-401.83		
-128.48   	-99.79   	 26.88   	-361.14		
-130.00   	-103.15   	 25.43   	-315.36		
-127.87   	-106.20   	 24.17   	-274.67		
-120.85   	-105.59   	 23.07   	-228.89		
-110.78   	-98.27   	 22.16   	-188.20		
-99.79   	-80.57   	 21.40   	-157.68		
-90.94   	-53.10   	 20.77   	-132.25		
-85.45   	-23.80   	 20.24   	-106.82		
-81.18   	  0.31   	 19.82   	 -96.64		
-75.07   	 13.12   	 19.43   	 -81.38		
-64.09   	 16.48   	 19.10   	 -76.30		
-47.91   	 17.40   	 18.80   	 -76.30		
-31.13   	 22.28   	 18.49   	 -76.30		
-24.11   	 30.52   	 18.19   	 -71.21		
-31.74   	 35.40   	 17.90   	 -66.12		
-51.88   	 30.21   	 17.64   	 -61.04		
-73.55   	 13.12   	 17.40   	 -50.86		
-84.53   	-10.68   	 17.19   	 -40.69		
-80.26   	-32.35   	 17.03   	 -25.43		
-64.39   	-43.95   	 16.93   	 -10.17		
-45.78   	-42.72   	 16.89(D)	   0.00		
-31.74   	-33.87   	 16.89   	  15.26		
-27.16   	-27.47   	 16.95   	  20.35		
-34.79   	-31.13   	 17.03   	  25.43		
-52.80   	-45.78   	 17.13   	  25.43		
-77.51   	-67.14   	 17.23   	  25.43		
-102.23   	-89.11   	 17.33   	  25.43		
-120.85   	-107.73   	 17.44   	  20.35		
-131.53   	-125.12   	 17.52   	  15.26		
-137.63   	-143.13   	 17.58   	  15.26		
-142.52   	-160.52   	 17.64   	  10.17		
-147.40   	-172.42   	 17.68   	  10.17		
-150.15   	-175.78   	 17.72   	  10.17		
-148.62   	-169.98   	 17.76   	  15.26		
-141.60   	-158.69   	 17.82   	  10.17		
-129.70   	-144.35   	 17.86   	  15.26		
-112.00   	-126.04   	 17.92   	  15.26		
-86.98   	-101.01   	 17.99   	  15.26		
-55.24   	-67.14   	 18.05   	  20.35		
-23.50   	-26.86   	 18.13   	  20.35		
 -2.75   	 15.87   	 18.21   	  30.52		
  2.14   	 63.78   	 18.33   	  40.69		
 -2.44   	125.12   	 18.49   	  50.86		
  4.88   	209.05   	 18.70   	  71.21		
 50.05   	314.94   	 18.98   	  81.38		
146.18   	428.47   	 19.31   	 101.73		
286.25   	530.40   	 19.72   	 116.99		
447.69   	608.83   	 20.18   	 127.16		
603.33   	662.23   	 20.69   	 137.33		
729.98   	690.31(R)	 21.24(E)	 142.42		
811.77   	683.90   	 21.81   	 147.51		
842.90   	629.58   	 22.40   	 152.59		
826.42   	524.29   	 23.01   	 147.51		
774.84   	388.18   	 23.60   	 147.51		
706.48   	255.43   	 24.19   	 152.59		
635.99   	153.81   	 24.80   	 152.59		
562.44   	 87.59   	 25.41   	 162.77		
472.41   	 42.11   	 26.06   	 183.11		
354.92   	  2.14   	 26.80   	 198.37		
213.93   	-36.32   	 27.59   	 239.06		
 69.27   	-69.89   	 28.55   	 274.67		
-50.96   	-97.35   	 29.64   	 325.53		
-128.17   	-121.46   	 30.95   	 381.48		
-163.88   	-145.57   	 32.47   	 457.78		
-174.26   	-167.24   	 34.30   	 523.90		
-177.00   	-180.05   	 36.40   	 610.37		
-181.88   	-181.27   	 38.84   	 691.76		
-189.82   	-176.09   	 41.61   	 773.14		
-198.06   	-173.34   	 44.70   	 844.35		
-205.08   	-177.31   	 48.08   	 900.30		
-210.88   	-185.24   	 51.68   	 940.99		
-215.15   	-191.04   	 55.44   	 946.08		
-216.98   	-191.04   	 59.23   	 935.91		
-215.45   	-187.07   	 62.97   	 905.39		
-213.32   	-184.94   	 66.59   	 859.61		
-212.40   	-187.07   	 70.03   	 803.66		
-212.40   	-189.82   	 73.24   	 742.62		
-211.49   	-188.29   	 76.22   	 696.84		
-206.91   	-180.05   	 79.00   	 651.07		
-201.11   	-170.59   	 81.61   	 620.55		
-197.45   	-166.63   	 84.09   	 605.29		
-199.28   	-170.90   	 86.51   	 595.11		
-203.86   	-177.61   	 88.89   	 595.11		
-206.60   	-177.92   	 91.27   	 584.94		
-204.47   	-167.85   	 93.61   	 584.94		
-197.45   	-151.37   	 95.95   	 569.68		
-191.04   	-136.41   	 98.23   	 554.42		
-188.90   	-129.39   	100.45   	 534.08		
-190.73   	-130.92   	102.58   	 503.56		
-193.48   	-137.63   	104.60   	 473.04		
-193.48   	-144.35   	106.49   	 442.52		
-189.51   	-147.40   	108.26   	 417.09		
-183.11   	-144.65   	109.93   	 391.66		
-176.70   	-136.41   	111.49   	 371.31		
-171.81   	-124.51   	112.98   	 356.05		
-168.46   	-111.69   	114.40   	 340.79		
-166.02   	-100.10   	115.77   	 330.62		
-163.27   	-90.33   	117.09   	 320.45		
-159.30   	-80.57   	118.37   	 310.27		
-154.42   	-70.50   	119.61   	 300.10		
-148.32   	-60.12   	120.81   	 279.75		
-141.60   	-49.13   	121.93   	 269.58		
-134.28   	-36.93   	123.01   	 249.24		
-128.17   	-24.41   	124.01   	 228.89		
-124.21   	-12.51   	124.92   	 218.72		
-122.68   	 -3.05   	125.80   	 198.37		
-122.99   	  5.49   	126.59   	 183.11		
-122.38   	 16.17   	127.32   	 178.03		
-119.02   	 29.60   	128.04   	 157.68		
-114.14   	 43.95   	128.67   	 152.59		
-108.95   	 55.54   	129.28   	 142.42		
-104.06   	 62.56   	129.85   	 132.25		
-98.27   	 66.53   	130.38   	 122.07		
-92.77   	 70.50   	130.86   	 111.90		
-89.11   	 75.38   	131.31   	 101.73		
-87.59   	 79.96   	131.72   	  86.47		
-86.67   	 83.01   	132.06   	  81.38		
-84.23   	 84.23   	132.39   	  71.21		
-79.04   	 83.31   	132.67   	  66.12		
-73.85   	 78.74   	132.94   	  50.86		
-72.94   	 67.75   	133.14   	  45.78		
-78.43   	 49.13   	133.33   	  35.61		
-87.59   	 26.86   	133.47   	  25.43		
-95.83   	  5.49   	133.57   	  10.17		
-99.79   	-11.29   	133.61(S)	   0.00		
-98.27   	-23.80   	133.61   	 -15.26		
-93.38   	-35.10   	133.55   	 -25.43		
-88.50   	-48.22   	133.45   	 -40.69		
-86.98   	-62.87   	133.29   	 -50.86		
-89.72   	-75.38   	133.08   	 -66.12		
-95.21   	-81.79   	132.82   	 -81.38		
-101.93   	-80.26   	132.49   	 -96.64		
-107.12   	-74.77   	132.11   	-116.99		
-110.47   	-70.19   	131.64   	-137.33		
-112.61   	-70.80   	131.09   	-167.85		
-113.83   	-77.82   	130.42   	-198.37		
-112.61   	-86.98   	129.62   	-239.06		
-107.42   	-93.99   	128.67   	-274.67		
-98.88   	-96.74   	127.57   	-320.45		
-90.94   	-94.60   	126.29   	-371.31		
-87.89   	-90.33   	124.80   	-417.09		
-91.25   	-86.98   	123.13   	-462.87		
-99.18   	-86.36   	121.28   	-518.82		
-106.20   	-88.50   	119.21   	-564.60		
-108.34   	-92.16   	116.95   	-620.55		
-106.20   	-96.13   	114.47   	-671.41		
-101.62   	-98.57   	111.78   	-727.36		
-98.27   	-99.79   	108.87   	-793.49		
-96.74   	-99.79   	105.70   	-864.70		
-97.05   	-99.18   	102.24   	-935.91		
-98.27   	-98.57   	 98.49   	-1002.03		
-99.79   	-97.05   	 94.49   	-1068.15		
-100.71   	-93.38   	 90.21   	-1113.93		
-101.01   	-87.28   	 85.76   	-1144.45		
-101.93   	-80.57   	 81.18   	-1164.80		
-103.15   	-76.29   	 76.52   	-1154.62		
-105.59   	-79.04   	 71.90   	-1139.36		
-108.64   	-89.11   	 67.34   	-1103.76		
-110.78   	-101.01   	 62.93   	-1052.90		
-110.17   	-107.73   	 58.72   	-1007.12		
-106.20   	-103.45   	 54.69   	-951.17		
-99.18   	-89.42   	 50.88   	-900.30		
-90.94   	-72.63   	 47.28   	-849.44		
-84.23   	-61.95   	 43.89   	-808.75		
-81.18   	-61.95   	 40.65   	-757.88		
-83.62   	-69.89   	 37.62   	-722.28		
-90.94   	-80.26   	 34.73   	-676.50		
-100.10   	-87.59   	 32.02   	-640.89		
-104.68   	-89.42   	 29.46   	-595.11		
-101.32   	-86.98   	 27.08   	-559.51		
-91.55   	-84.23   	 24.84   	-518.82		
-80.57   	-83.92   	 22.77   	-478.13		
-74.77   	-87.28   	 20.85   	-437.43		
-75.68   	-90.94   	 19.10   	-401.83		
-77.51   	-90.03   	 17.50   	-366.22		
-74.77   	-82.09   	 16.03   	-330.62		
-66.83   	-69.27   	 14.71   	-295.01		
-57.37   	-57.37   	 13.53   	-274.67		
-52.80   	-51.57   	 12.43   	-244.15		
-53.71   	-50.05   	 11.45   	-218.72		
-54.93   	-44.56   	 10.58   	-198.37		
-50.96   	-30.21   	  9.79   	-172.94		
-42.11   	 -9.16   	  9.09   	-152.59		
-30.52   	 11.90   	  8.48   	-132.25		
-19.23   	 25.94   	  7.96   	-111.90		
 -7.63   	 33.57   	  7.51   	 -91.56		
  7.63   	 41.50   	  7.14   	 -66.12		
 24.72   	 55.24   	  6.88   	 -55.95		
 36.62   	 73.85   	  6.65   	 -30.52		
 36.32   	 88.20   	  6.53   	 -25.43		
 21.67   	 88.50   	  6.43   	 -10.17		
 -0.31   	 71.41   	  6.39   	  -5.09		
-16.78   	 43.95   	  6.37(D)	   5.09		
-18.31   	 17.70   	  6.39   	   5.09		
 -3.36   	  1.22   	  6.41   	   5.09		
 20.75   	 -3.97   	  6.43   	   5.09		
 41.50   	 -5.19   	  6.45   	   0.00		
 48.52   	 -9.46   	  6.45   	   5.09		
 37.23   	-18.62   	  6.47   	   0.00		
 11.60   	-31.13   	  6.47   	   5.09		
-18.92   	-46.69   	  6.49   	   5.09		
-46.39   	-64.39   	  6.51   	  10.17		
-66.53   	-84.23   	  6.55   	  10.17		
-79.35   	-103.45   	  6.59   	  20.35		
-86.36   	-118.10   	  6.67   	  30.52		
-88.81   	-125.73   	  6.80   	  30.52		
-88.50   	-127.87   	  6.92   	  30.52		
-86.06   	-128.17   	  7.04   	  35.61		
-82.09   	-128.48   	  7.18   	  35.61		
-76.60   	-127.56   	  7.32   	  30.52		
-67.44   	-122.38   	  7.45   	  20.35		
-50.66   	-108.64   	  7.53   	  20.35		
-21.67   	-83.92   	  7.61   	  15.26		
 20.45   	-47.61   	  7.67   	  15.26		
 68.36   	 -2.14   	  7.73   	  10.17		
110.47   	 52.49   	  7.77   	  15.26		
135.80   	118.71   	  7.83   	  20.35		
148.01   	204.77   	  7.91   	  30.52		
169.07   	314.64   	  8.04   	  35.61		
227.97   	439.15   	  8.18   	  50.86		
339.66   	556.34   	  8.38   	  66.12		
493.16   	643.31   	  8.65   	  76.30		
657.65   	689.39   	  8.95   	  86.47		
798.34   	696.72(R)	  9.30   	  96.64		
892.03   	673.83   	  9.68   	 111.90		
931.09   	624.69   	 10.13   	 116.99		
920.11   	549.93   	 10.60   	 127.16		
872.80   	457.15   	 11.11   	 132.25		
806.88   	360.72   	 11.64   	 137.33		
736.69   	274.96   	 12.19   	 142.42		
664.06   	203.25   	 12.76   	 157.68		
575.87   	139.16   	 13.39   	 162.77		
456.54   	 76.90   	 14.04   	 188.20		
308.23   	 21.67   	 14.79   	 208.54		
155.03   	-17.40   	 15.63   	 244.15		
 28.38   	-39.06   	 16.60   	 279.75		
-51.27   	-50.96   	 17.72   	 330.62		
-85.75   	-65.61   	 19.04   	 386.57		
-94.91   	-88.50   	 20.59   	 452.69		
-99.49   	-114.75   	 22.40   	 518.82		
-108.95   	-135.80   	 24.48   	 590.03		
-122.68   	-147.71   	 26.84   	 666.32		
-135.50   	-150.76   	 29.50   	 747.71		
-144.35   	-149.23   	 32.49   	 818.92		
-150.45   	-145.87   	 35.77   	 885.04		
-155.94   	-143.43   	 39.31   	 951.17		
-162.05   	-143.13   	 43.11   	 996.94		
-166.63   	-143.43   	 47.10   	1017.29		
-167.54   	-142.82   	 51.17   	1032.55		
-164.18   	-139.77   	 55.30   	1012.20		
-159.91   	-135.50   	 59.35   	 981.68		
-157.78   	-131.23   	 63.28   	 930.82		
-158.39   	-127.56   	 67.00   	 879.96		
-158.39   	-124.51   	 70.52   	 824.00		
-154.11   	-121.15   	 73.81   	 768.05		
-146.79   	-119.32   	 76.89   	 717.19		
-141.60   	-120.54   	 79.76   	 681.58		
-141.91   	-124.82   	 82.48   	 656.15		
-148.32   	-130.00   	 85.11   	 625.63		
-155.64   	-133.67   	 87.61   	 615.46		
-158.08   	-132.14   	 90.07   	 595.11		
-153.81   	-124.21   	 92.45   	 584.94		
-146.79   	-111.69   	 94.79   	 559.51		
-140.38   	-98.88   	 97.03   	 539.16		
-135.50   	-90.33   	 99.19   	 513.73		
-131.23   	-88.81   	101.24   	 478.13		
-127.87   	-93.38   	103.15   	 447.61		
-126.34   	-97.96   	104.94   	 412.00		
-127.56   	-96.74   	106.59   	 381.48		
-130.31   	-86.67   	108.12   	 350.97		
-130.00   	-68.05   	109.52   	 320.45		
-123.90   	-44.56   	110.80   	 305.19		
-112.61   	-23.80   	112.02   	 284.84		
-101.32   	-11.29   	113.16   	 269.58		
-94.60   	 -8.54   	114.24   	 254.32		
-92.47   	-12.82   	115.26   	 244.15		
-93.38   	-18.31   	116.24   	 228.89		
-94.30   	-18.31   	117.15   	 223.80		
-91.55   	 -9.16   	118.05   	 218.72		
-85.14   	  8.54   	118.92   	 208.54		
-76.29   	 30.21   	119.76   	 203.46		
-68.36   	 51.27   	120.57   	 193.29		
-62.26   	 68.97   	121.34   	 188.20		
-58.29   	 82.09   	122.10   	 178.03		
-54.63   	 92.47   	122.81   	 162.77		
-49.74   	101.01   	123.46   	 147.51		
-45.17   	109.25   	124.05   	 137.33		
-43.03   	117.80   	124.60   	 122.07		
-43.03   	126.65   	125.09   	 101.73		
-42.72   	134.58   	125.49   	  91.56		
-39.37   	138.55   	125.86   	  76.30		
-33.26   	135.19   	126.16   	  66.12		
-28.38   	123.29   	126.43   	  61.04		
-28.69   	106.51   	126.67   	  45.78		
-32.96   	 89.11   	126.86   	  40.69		
-36.32   	 75.07   	127.02   	  25.43		
-33.26   	 65.92   	127.12   	  25.43		
-24.72   	 59.20   	127.22   	  10.17		
-14.95   	 51.27   	127.26(S)	   0.00		
-10.68   	 39.67   	127.26   	 -10.17		
-14.34   	 23.80   	127.22   	 -20.35		
-22.28   	  6.41   	127.14   	 -35.61		
-30.52   	 -9.16   	127.00   	 -50.86		
-36.01   	-20.75   	126.80   	 -61.04		
-38.45   	-27.77   	126.55   	 -81.38		
-39.06   	-31.43   	126.23   	-106.82		
-39.37   	-33.26   	125.80   	-132.25		
-40.28   	-32.96   	125.27   	-157.68		
-40.28   	-30.21   	124.64   	-198.37		
-39.67   	-27.16   	123.84   	-239.06		
-38.45   	-27.47   	122.89   	-279.75		
-37.84   	-32.35   	121.77   	-335.71		
-38.76   	-40.59   	120.43   	-381.48		
-43.03   	-50.05   	118.90   	-442.52		
-49.74   	-59.20   	117.13   	-498.47		
-56.46   	-67.14   	115.14   	-549.34		
-59.81   	-72.02   	112.94   	-615.46		
-58.29   	-70.50   	110.48   	-671.41		
-53.10   	-61.65   	107.79   	-742.62		
-47.61   	-50.35   	104.82   	-813.83		
-45.47   	-44.56   	101.57   	-895.22		
-47.30   	-48.22   	 97.99   	-966.43		
-50.05   	-57.37   	 94.12   	-1037.64		
-51.57   	-63.48   	 89.97   	-1098.67		
-50.35   	-60.42   	 85.57   	-1149.54		
-47.00   	-49.13   	 80.98   	-1180.06		
-42.42   	-35.40   	 76.26   	-1190.23		
-36.62   	-24.72   	 71.50   	-1180.06		
-30.21   	-20.45   	 66.77   	-1149.54		
-24.72   	-22.89   	 62.18   	-1103.76		
-23.50   	-30.21   	 57.76   	-1042.72		
-26.86   	-38.76   	 53.59   	-981.68		
-32.04   	-43.33   	 49.66   	-915.56		
-34.48   	-41.20   	 46.00   	-854.52		
-32.65   	-32.35   	 42.58   	-793.49		
-28.99   	-22.28   	 39.41   	-747.71		
-28.08   	-16.78   	 36.42   	-701.93		
-31.74   	-18.62   	 33.61   	-661.24		
-37.23   	-25.94   	 30.97   	-630.72		
-40.28   	-32.96   	 28.44   	-595.11		
-37.84   	-36.01   	 26.06   	-559.51		
-32.65   	-34.18   	 23.82   	-518.82		
-26.86   	-30.82   	 21.75   	-483.21		
-23.19   	-29.60   	 19.82   	-442.52		
-21.97   	-31.74   	 18.05   	-396.74		
-21.97   	-35.10   	 16.46   	-356.05		
-21.67   	-37.23   	 15.04   	-315.36		
-20.75   	-37.23   	 13.77   	-274.67		
-18.31   	-35.40   	 12.68   	-244.15		
-13.73   	-31.74   	 11.70   	-208.54		
 -7.02   	-26.86   	 10.86   	-178.03		
 -0.92   	-21.67   	 10.15   	-152.59		
  0.31   	-19.53   	  9.54   	-127.16		
 -6.10   	-21.06   	  9.03   	-101.73		
-16.48   	-21.06   	  8.63   	 -81.38		
-24.72   	-11.90   	  8.30   	 -66.12		
-23.80   	 10.07   	  8.04   	 -55.95		
-12.51   	 40.28   	  7.81   	 -35.61		
  5.19   	 66.83   	  7.67   	 -30.52		
 24.72   	 81.79   	  7.55   	 -25.43		
 44.56   	 87.28   	  7.45   	 -15.26		
 63.17   	 91.25   	  7.39   	  -5.09		
 75.38   	 98.57   	  7.37   	  -5.09		
 74.16   	105.90   	  7.34(D)	   0.00		
 57.98   	105.29   	  7.34   	   5.09		
 34.48   	 92.77   	  7.37   	  10.17		
 18.01   	 73.55   	  7.41   	  15.26		
 19.23   	 56.76   	  7.47   	  20.35		
 37.84   	 48.22   	  7.55   	  25.43		
 60.73   	 46.69   	  7.65   	  30.52		
 73.24   	 45.17   	  7.77   	  35.61		
 68.66   	 38.45   	  7.91   	  35.61		
 50.35   	 28.38   	  8.06   	  35.61		
 28.38   	 19.23   	  8.20   	  35.61		
  9.46   	 10.68   	  8.34   	  40.69		
 -3.66   	 -2.44   	  8.50   	  35.61		
-14.04   	-24.11   	  8.65   	  30.52		
-26.55   	-53.71   	  8.77   	  30.52		
-40.59   	-82.09   	  8.89   	  35.61		
-52.49   	-99.18   	  9.03   	  25.43		
-57.98   	-101.93   	  9.14   	  30.52		
-55.85   	-95.83   	  9.26   	  30.52		
-48.22   	-87.59   	  9.38   	  30.52		
-38.76   	-82.09   	  9.50   	  30.52		
-29.60   	-77.82   	  9.62   	  30.52		
-16.78   	-68.36   	  9.75   	  35.61		
  6.10   	-48.83   	  9.89   	  30.52		
 41.50   	-18.01   	 10.01   	  40.69		
 82.40   	 21.67   	 10.17   	  40.69		
115.66   	 67.75   	 10.34   	  45.78		
131.53   	124.82   	 10.52   	  50.86		
134.89   	202.33   	 10.72   	  66.12		
149.84   	309.14   	 10.99   	  71.21		
206.60   	441.59   	 11.27   	  81.38		
319.21   	579.53   	 11.60   	  96.64		
474.85   	694.58   	 11.98   	 106.82		
640.26   	765.99   	 12.41   	 127.16		
782.78   	789.79(R)	 12.92(E)	 132.25		
879.82   	771.79   	 13.45   	 147.51		
926.21   	718.69   	 14.04   	 152.59		
926.21   	636.90   	 14.65   	 167.85		
890.20   	536.80   	 15.32   	 167.85		
832.52   	434.57   	 15.99   	 178.03		
767.52   	347.60   	 16.70   	 183.11		
700.99   	282.59   	 17.44   	 188.20		
625.00   	230.41   	 18.19   	 203.46		
522.77   	177.00   	 19.00   	 213.63		
389.40   	117.19   	 19.86   	 239.06		
237.43   	 56.15   	 20.81   	 269.58		
 94.60   	  3.05   	 21.89   	 305.19		
-10.99   	-36.62   	 23.11   	 356.05		
-68.97   	-65.31   	 24.54   	 406.92		
-89.72   	-86.98   	 26.16   	 467.95		
-93.38   	-103.76   	 28.04   	 534.08		
-96.74   	-114.44   	 30.17   	 605.29		
-105.59   	-118.10   	 32.59   	 681.58		
-117.49   	-117.19   	 35.32   	 747.71		
-125.73   	-112.92   	 38.31   	 818.92		
-128.48   	-108.03   	 41.59   	 885.04		
-127.87   	-105.29   	 45.13   	 935.91		
-127.26   	-106.20   	 48.87   	 971.51		
-128.78   	-110.17   	 52.76   	 991.86		
-131.84   	-114.75   	 56.72   	 991.86		
-133.97   	-115.66   	 60.69   	 966.43		
-132.75   	-109.86   	 64.56   	 935.91		
-128.48   	-98.27   	 68.30   	 885.04		
-123.60   	-87.59   	 71.84   	 829.09		
-119.93   	-84.53   	 75.16   	 773.14		
-118.10   	-90.33   	 78.25   	 722.28		
-118.41   	-102.23   	 81.14   	 676.50		
-120.85   	-112.61   	 83.85   	 640.89		
-123.90   	-115.66   	 86.41   	 610.37		
-126.34   	-110.17   	 88.85   	 595.11		
-127.26   	-100.10   	 91.23   	 579.86		
-125.12   	-90.64   	 93.55   	 564.60		
-119.63   	-85.75   	 95.81   	 554.42		
-113.53   	-85.45   	 98.03   	 539.16		
-109.25   	-87.59   	100.18   	 523.90		
-108.03   	-87.59   	102.28   	 498.47		
-109.25   	-83.01   	104.27   	 473.04		
-111.39   	-73.24   	106.16   	 452.69		
-112.00   	-61.34   	107.98   	 422.18		
-109.56   	-50.66   	109.66   	 401.83		
-104.06   	-44.56   	111.27   	 376.40		
-97.96   	-42.42   	112.78   	 356.05		
-93.69   	-41.81   	114.20   	 335.71		
-91.25   	-39.67   	115.54   	 320.45		
-90.03   	-33.57   	116.83   	 305.19		
-87.59   	-23.80   	118.05   	 289.93		
-84.23   	-13.43   	119.21   	 274.67		
-81.79   	 -4.58   	120.30   	 259.41		
-81.18   	  2.44   	121.34   	 244.15		
-82.40   	  9.46   	122.32   	 228.89		
-83.92   	 17.70   	123.23   	 213.63		
-83.92   	 29.91   	124.09   	 193.29		
-81.79   	 45.17   	124.86   	 183.11		
-79.35   	 61.95   	125.59   	 167.85		
-77.21   	 77.51   	126.27   	 157.68		
-75.38   	 89.42   	126.90   	 147.51		
-73.55   	 96.13   	127.49   	 137.33		
-70.50   	100.40   	128.04   	 132.25		
-65.92   	104.06   	128.57   	 127.16		
-61.65   	107.12   	129.07   	 116.99		
-59.81   	107.73   	129.54   	 106.82		
-60.42   	104.98   	129.97   	 101.73		
-61.95   	 99.49   	130.38   	  91.56		
-62.56   	 92.77   	130.74   	  81.38		
-62.56   	 83.92   	131.07   	  71.21		
-64.09   	 70.19   	131.35   	  55.95		
-69.27   	 50.96   	131.58   	  40.69		
-75.68   	 29.91   	131.74   	  30.52		
-78.43   	 11.90   	131.86   	  15.26		
-75.38   	  0.00   	131.92   	   5.09		
-69.58   	 -9.46   	131.94(S)	 -10.17		
-66.53   	-21.97   	131.90   	 -15.26		
-70.19   	-39.06   	131.84   	 -25.43		
-78.74   	-57.07   	131.74   	 -30.52		
-86.98   	-70.50   	131.62   	 -40.69		
-90.94   	-76.60   	131.45   	 -55.95		
-90.94   	-77.21   	131.23   	 -61.04		
-89.72   	-77.51   	130.99   	 -81.38		
-90.03   	-82.09   	130.66   	-101.73		
-92.77   	-91.25   	130.25   	-132.25		
-95.83   	-102.84   	129.72   	-157.68		
-98.57   	-112.30   	129.09   	-203.46		
-100.40   	-116.88   	128.28   	-244.15		
-101.01   	-115.97   	127.30   	-295.01		
-101.62   	-113.53   	126.12   	-350.97		
-103.45   	-112.61   	124.72   	-401.83		
-106.20   	-115.66   	123.11   	-457.78		
-110.47   	-122.38   	121.28   	-513.73		
-115.66   	-130.62   	119.23   	-564.60		
-120.24   	-137.94   	116.97   	-625.63		
-122.38   	-141.91   	114.47   	-676.50		
-120.54   	-141.60   	111.76   	-747.71		
-115.36   	-138.24   	108.77   	-808.75		
-109.25   	-134.58   	105.53   	-885.04		
-105.90   	-132.75   	101.99   	-951.17		
-107.42   	-134.58   	 98.19   	-1017.29		
-112.92   	-138.55   	 94.12   	-1078.33		
-118.71   	-142.21   	 89.81   	-1124.11		
-120.85   	-142.82   	 85.31   	-1154.62		
-117.80   	-138.55   	 80.69   	-1159.71		
-111.69   	-130.92   	 76.05   	-1149.54		
-105.90   	-123.60   	 71.45   	-1124.11		
-103.15   	-119.32   	 66.96   	-1078.33		
-102.84   	-119.02   	 62.64   	-1032.55		
-102.23   	-120.54   	 58.51   	-966.43		
-99.79   	-122.07   	 54.65   	-910.47		
-96.74   	-122.68   	 51.01   	-844.35		
-95.83   	-123.90   	 47.63   	-783.31		
-97.66   	-126.65   	 44.50   	-727.36		
-99.49   	-128.78   	 41.59   	-676.50		
-98.57   	-128.78   	 38.88   	-625.63		
-95.21   	-125.73   	 36.38   	-579.86		
-90.94   	-120.54   	 34.06   	-539.16		
-86.98   	-115.05   	 31.90   	-498.47		
-84.23   	-110.78   	 29.91   	-457.78		
-83.01   	-109.86   	 28.08   	-417.09		
-85.14   	-114.75   	 26.41   	-371.31		
-90.94   	-124.51   	 24.92   	-335.71		
-97.66   	-134.58   	 23.58   	-295.01		
-100.71   	-139.77   	 22.40   	-249.24		
-97.05   	-137.94   	 21.40   	-218.72		
-88.20   	-131.84   	 20.53   	-183.11		
-78.43   	-125.12   	 19.80   	-152.59		
-72.02   	-119.63   	 19.19   	-132.25		
-70.19   	-114.75   	 18.66   	-106.82		
-70.50   	-107.73   	 18.23   	 -91.56		
-69.89   	-96.44   	 17.86   	 -86.47		
-67.14   	-79.65   	 17.52   	 -71.21		
-63.78   	-60.12   	 17.23   	 -71.21		
-60.42   	-40.28   	 16.95   	 -55.95		
-57.37   	-23.80   	 16.72   	 -50.86		
-50.35   	-12.21   	 16.52   	 -45.78		
-35.71   	 -3.36   	 16.34   	 -30.52		
-14.95   	  6.71   	 16.22   	 -15.26		
  2.75   	 18.31   	 16.15   	  -5.09		
  7.02   	 26.86   	 16.13(D)	  10.17		
 -5.49   	 26.55   	 16.17   	  20.35		
-25.94   	 15.56   	 16.26   	  25.43		
-39.06   	 -2.75   	 16.36   	  35.61		
-35.71   	-21.97   	 16.50   	  35.61		
-19.23   	-37.23   	 16.64   	  30.52		
 -1.22   	-46.39   	 16.76   	  30.52		
  8.54   	-50.66   	 16.89   	  20.35		
  6.41   	-53.10   	 16.97   	  15.26		
 -3.36   	-55.24   	 17.03   	  10.17		
-15.87   	-59.20   	 17.07   	   0.00		
-29.30   	-68.36   	 17.07   	   0.00		
-43.95   	-83.01   	 17.07   	   0.00		
-60.73   	-102.23   	 17.07   	   0.00		
-79.04   	-123.60   	 17.07   	   5.09		
-96.44   	-144.04   	 17.09   	  10.17		
-109.25   	-159.00   	 17.13   	  15.26		
-114.75   	-166.32   	 17.19   	  20.35		
-112.61   	-165.71   	 17.27   	  25.43		
-105.29   	-160.22   	 17.38   	  35.61		
-96.44   	-153.50   	 17.52   	  30.52		
-87.89   	-147.40   	 17.64   	  40.69		
-76.90   	-139.77   	 17.80   	  40.69		
-57.98   	-124.51   	 17.97   	  50.86		
-28.08   	-98.57   	 18.17   	  50.86		
  6.41   	-61.65   	 18.37   	  66.12		
 33.87   	-15.87   	 18.64   	  71.21		
 46.39   	 40.59   	 18.92   	  91.56		
 49.13   	114.44   	 19.29   	 106.82		
 62.26   	210.27   	 19.72   	 127.16		
110.47   	325.32   	 20.22   	 147.51		
208.13   	446.17   	 20.81   	 162.77		
348.82   	554.20   	 21.46   	 183.11		
509.95   	636.90   	 22.20   	 198.37		
663.15   	690.61   	 22.99   	 203.46		
784.00   	711.98(R)	 23.80(E)	 213.63		
856.32   	692.75   	 24.66   	 208.54		
877.08   	625.61   	 25.49   	 208.54		
853.27   	514.53   	 26.33   	 203.46		
800.48   	383.61   	 27.14   	 198.37		
735.47   	263.67   	 27.93   	 193.29		
668.64   	175.78   	 28.71   	 188.20		
597.53   	119.32   	 29.46   	 198.37		
509.95   	 79.96   	 30.25   	 208.54		
396.73   	 43.64   	 31.09   	 228.89		
258.48   	  5.49   	 32.00   	 259.41		
111.69   	-34.48   	 33.04   	 300.10		
-17.70   	-75.99   	 34.24   	 350.97		
-104.68   	-117.19   	 35.65   	 417.09		
-140.69   	-151.67   	 37.31   	 478.13		
-137.94   	-171.51   	 39.23   	 559.51		
-121.46   	-174.87   	 41.46   	 635.81		
-114.75   	-169.37   	 44.01   	 712.10		
-126.65   	-166.32   	 46.86   	 788.40		
-149.54   	-171.20   	 50.01   	 849.44		
-169.68   	-180.66   	 53.41   	 890.13		
-178.53   	-187.68   	 56.97   	 920.65		
-175.78   	-187.07   	 60.65   	 925.73		
-167.54   	-180.66   	 64.35   	 910.47		
-159.61   	-173.65   	 68.00   	 879.96		
-154.42   	-169.68   	 71.52   	 839.26		
-152.28   	-169.68   	 74.87   	 788.40		
-153.20   	-171.51   	 78.03   	 737.54		
-155.33   	-171.51   	 80.98   	 686.67		
-157.17   	-168.46   	 83.72   	 645.98		
-158.08   	-163.27   	 86.31   	 615.46		
-158.39   	-158.69   	 88.77   	 595.11		
-159.30   	-154.72   	 91.15   	 574.77		
-160.52   	-151.37   	 93.45   	 564.60		
-162.05   	-148.62   	 95.71   	 559.51		
-162.05   	-146.18   	 97.94   	 549.34		
-159.91   	-145.26   	100.14   	 539.16		
-155.33   	-145.87   	102.30   	 523.90		
-147.71   	-145.57   	104.39   	 508.65		
-138.24   	-142.21   	106.43   	 483.21		
-129.70   	-136.72   	108.36   	 467.95		
-124.82   	-130.31   	110.23   	 437.43		
-126.34   	-126.65   	111.98   	 412.00		
-133.67   	-126.04   	113.63   	 391.66		
-142.21   	-126.95   	115.20   	 371.31		
-147.40   	-125.73   	116.68   	 361.14		
-145.87   	-119.63   	118.13   	 345.88		
-137.33   	-108.64   	119.51   	 340.79		
-126.04   	-96.44   	120.87   	 335.71		
-116.58   	-86.36   	122.22   	 325.53		
-111.69   	-79.35   	123.52   	 320.45		
-110.47   	-73.24   	124.80   	 310.27		
-109.25   	-64.39   	126.04   	 300.10		
-104.98   	-50.35   	127.24   	 284.84		
-97.66   	-33.26   	128.38   	 269.58		
-89.72   	-16.17   	129.46   	 249.24		
-84.53   	 -1.53   	130.46   	 228.89		
-82.40   	 11.29   	131.37   	 218.72		
-81.48   	 22.89   	132.25   	 203.46		
-79.04   	 34.79   	133.06   	 183.11		
-75.07   	 45.78   	133.79   	 178.03		
-70.80   	 54.93   	134.51   	 167.85		
-66.83   	 61.95   	135.18   	 152.59		
-62.56   	 67.75   	135.79   	 147.51		
-57.68   	 73.55   	136.38   	 132.25		
-51.57   	 79.65   	136.91   	 122.07		
-46.69   	 85.75   	137.40   	 111.90		
-43.64   	 90.33   	137.84   	  96.64		
-42.11   	 90.94   	138.23   	  86.47		
-41.20   	 86.06   	138.58   	  66.12		
-40.28   	 74.46   	138.84   	  61.04		
-39.67   	 58.90   	139.08   	  40.69		
-39.98   	 43.03   	139.25   	  35.61		
-42.72   	 28.08   	139.39   	  25.43		
-47.61   	 13.73   	139.49   	  10.17		
-51.27   	 -1.22   	139.53   	  10.17		
-51.88   	-16.78   	139.57(S)	  -5.09		
-49.44   	-31.74   	139.55   	 -15.26		
-46.08   	-44.86   	139.49   	 -30.52		
-44.86   	-55.24   	139.37   	 -40.69		
-47.00   	-63.78   	139.21   	 -61.04		
-50.35   	-70.80   	138.96   	 -81.38		
-52.80   	-76.60   	138.64   	 -96.64		
-53.41   	-82.09   	138.25   	-127.16		
-54.93   	-87.89   	137.74   	-147.51		
-58.29   	-94.60   	137.15   	-178.03		
-61.95   	-100.71   	136.44   	-203.46		
-62.26   	-104.06   	135.63   	-239.06		
-57.98   	-104.98   	134.67   	-269.58		
-51.57   	-103.45   	133.59   	-305.19		
-47.91   	-101.93   	132.37   	-350.97		
-50.66   	-102.23   	130.97   	-391.66		
-58.90   	-104.37   	129.40   	-432.35		
-68.36   	-106.81   	127.67   	-483.21		
-73.55   	-108.03   	125.74   	-523.90		
-73.24   	-106.81   	123.64   	-574.77		
-69.58   	-103.45   	121.34   	-630.72		
-65.92   	-99.79   	118.82   	-686.67		
-63.78   	-97.96   	116.07   	-747.71		
-62.56   	-97.96   	113.08   	-824.00		
-58.90   	-98.57   	109.79   	-900.30		
-51.27   	-98.27   	106.18   	-971.51		
-41.81   	-97.05   	102.30   	-1042.72		
-35.10   	-94.91   	 98.13   	-1098.67		
-35.71   	-93.99   	 93.73   	-1139.36		
-43.64   	-94.60   	 89.18   	-1164.80		
-54.93   	-97.05   	 84.52   	-1164.80		
-64.09   	-100.10   	 79.86   	-1149.54		
-68.05   	-102.84   	 75.26   	-1119.02		
-66.83   	-103.15   	 70.78   	-1068.15		
-63.17   	-101.01   	 66.51   	-1012.20		
-60.42   	-96.74   	 62.46   	-951.17		
-60.73   	-93.08   	 58.66   	-885.04		
-62.56   	-91.55   	 55.12   	-829.09		
-63.48   	-92.47   	 51.80   	-778.23		
-61.04   	-95.21   	 48.69   	-722.28		
-56.76   	-99.18   	 45.80   	-676.50		
-52.19   	-102.84   	 43.09   	-640.89		
-48.52   	-103.76   	 40.53   	-600.20		
-44.56   	-99.49   	 38.13   	-569.68		
-40.28   	-91.86   	 35.85   	-528.99		
-37.54   	-85.45   	 33.73   	-493.39		
-39.37   	-86.06   	 31.76   	-457.78		
-46.69   	-94.60   	 29.93   	-422.18		
-55.54   	-104.98   	 28.24   	-371.31		
-58.90   	-109.25   	 26.75   	-335.71		
-52.80   	-103.76   	 25.41   	-289.93		
-40.59   	-92.16   	 24.25   	-244.15		
-28.38   	-78.13   	 23.28   	-213.63		
-20.45   	-61.65   	 22.42   	-172.94		
-16.17   	-40.89   	 21.73   	-152.59		
-12.82   	-16.78   	 21.12   	-127.16		
 -7.32   	  6.41   	 20.61   	-106.82		
  2.44   	 22.28   	 20.18   	 -96.64		
 16.78   	 28.99   	 19.80   	 -81.38		
 34.79   	 31.74   	 19.47   	 -81.38		
 51.27   	 36.62   	 19.15   	 -66.12		
 57.37   	 43.95   	 18.88   	 -66.12		
 47.00   	 47.00   	 18.62   	 -50.86		
 24.72   	 40.59   	 18.41   	 -45.78		
  3.36   	 25.33   	 18.23   	 -35.61		
 -2.44   	  7.93   	 18.09   	 -25.43		
 12.51   	 -3.66   	 17.99   	 -15.26		
 40.59   	 -6.10   	 17.92   	  -5.09		
 65.61   	 -4.58   	 17.90(D)	   0.00		
 74.46   	 -7.63   	 17.90   	   5.09		
 63.48   	-19.53   	 17.92   	  10.17		
 38.45   	-37.84   	 17.97   	   5.09		
 10.99   	-56.76   	 17.99   	  15.26		
-10.68   	-74.16   	 18.05   	  10.17		
-24.11   	-90.33   	 18.09   	  10.17		
-33.26   	-108.34   	 18.13   	  10.17		
-41.81   	-126.95   	 18.17   	  10.17		
-52.19   	-143.74   	 18.21   	  10.17		
-62.87   	-154.42   	 18.25   	  20.35		
-71.72   	-159.61   	 18.33   	  15.26		
-75.68   	-161.44   	 18.39   	  20.35		
-72.63   	-160.52   	 18.47   	  20.35		
-63.17   	-155.33   	 18.56   	  15.26		
-47.91   	-142.82   	 18.62   	  20.35		
-27.77   	-120.24   	 18.70   	  20.35		
 -2.44   	-87.89   	 18.78   	  25.43		
 26.25   	-47.91   	 18.88   	  25.43		
 52.80   	 -3.97   	 18.98   	  30.52		
 69.27   	 43.64   	 19.10   	  40.69		
 70.80   	 98.57   	 19.27   	  55.95		
 66.53   	167.24   	 19.49   	  76.30		
 79.35   	254.21   	 19.80   	  96.64		
134.28   	356.75   	 20.18   	 111.90		
242.31   	463.87   	 20.63   	 132.25		
392.15   	561.83   	 21.16   	 147.51		
556.03   	642.70   	 21.75   	 162.77		
704.04   	700.68   	 22.40   	 172.94		
815.43   	726.32(R)	 23.09(E)	 172.94		
879.52   	704.35   	 23.78   	 178.03		
896.30   	625.31   	 24.50   	 172.94		
872.19   	498.96   	 25.19   	 172.94		
819.40   	356.75   	 25.88   	 167.85		
752.87   	235.90   	 26.55   	 172.94		
682.07   	154.42   	 27.24   	 172.94		
603.64   	103.15   	 27.93   	 178.03		
505.37   	 58.90   	 28.65   	 198.37		
380.55   	  9.16   	 29.44   	 213.63		
236.51   	-41.81   	 30.29   	 249.24		
 95.21   	-82.40   	 31.29   	 284.84		
-15.87   	-108.64   	 32.43   	 335.71		
-81.79   	-126.34   	 33.77   	 396.74		
-106.81   	-143.43   	 35.36   	 467.95		
-109.56   	-161.13   	 37.23   	 539.16		
-108.95   	-174.87   	 39.39   	 630.72		
-115.66   	-180.05   	 41.91   	 712.10		
-129.39   	-179.14   	 44.76   	 788.40		
-143.43   	-177.00   	 47.91   	 864.70		
-152.59   	-177.61   	 51.37   	 910.47		
-156.86   	-180.97   	 55.02   	 946.08		
-159.30   	-185.24   	 58.80   	 946.08		
-162.35   	-189.21   	 62.58   	 935.91		
-165.71   	-191.65   	 66.33   	 890.13		
-165.41   	-190.12   	 69.89   	 839.26		
-159.91   	-185.24   	 73.24   	 783.31		
-151.37   	-177.31   	 76.38   	 727.36		
-145.57   	-170.90   	 79.29   	 671.41		
-147.09   	-169.37   	 81.97   	 635.81		
-156.56   	-173.34   	 84.52   	 605.29		
-166.63   	-178.22   	 86.94   	 590.03		
-170.29   	-180.05   	 89.30   	 584.94		
-165.71   	-177.61   	 91.64   	 579.86		
-156.56   	-172.42   	 93.96   	 579.86		
-148.62   	-166.63   	 96.28   	 569.68		
-145.87   	-161.13   	 98.56   	 559.51		
-146.48   	-153.81   	100.79   	 544.25		
-146.79   	-145.87   	102.97   	 523.90		
-144.65   	-140.08   	105.07   	 493.39		
-141.91   	-140.08   	107.04   	 467.95		
-141.60   	-146.18   	108.91   	 437.43		
-143.74   	-153.20   	110.66   	 412.00		
-144.96   	-153.50   	112.31   	 391.66		
-141.30   	-143.43   	113.88   	 376.40		
-131.53   	-126.34   	115.38   	 366.22		
-119.63   	-109.56   	116.85   	 350.97		
-110.17   	-98.27   	118.25   	 340.79		
-104.98   	-92.47   	119.61   	 335.71		
-101.93   	-87.28   	120.96   	 320.45		
-98.27   	-78.74   	122.24   	 310.27		
-93.69   	-67.14   	123.48   	 295.01		
-89.72   	-55.24   	124.66   	 274.67		
-87.28   	-45.17   	125.76   	 259.41		
-85.75   	-35.10   	126.80   	 244.15		
-83.01   	-22.58   	127.77   	 223.80		
-77.51   	 -5.80   	128.67   	 208.54		
-70.80   	 13.12   	129.50   	 193.29		
-64.70   	 29.60   	130.27   	 178.03		
-59.20   	 42.11   	130.99   	 172.94		
-54.93   	 49.44   	131.68   	 152.59		
-52.19   	 53.71   	132.29   	 147.51		
-50.35   	 58.29   	132.88   	 137.33		
-48.52   	 65.92   	133.43   	 122.07		
-44.86   	 75.68   	133.92   	 116.99		
-39.98   	 84.53   	134.38   	 106.82		
-36.01   	 87.59   	134.81   	  96.64		
-35.40   	 81.79   	135.20   	  86.47		
-38.15   	 69.27   	135.54   	  76.30		
-41.50   	 56.15   	135.85   	  66.12		
-41.20   	 45.78   	136.11   	  61.04		
-37.84   	 36.62   	136.36   	  45.78		
-34.18   	 24.72   	136.54   	  45.78		
-34.48   	  7.93   	136.72   	  30.52		
-38.76   	 -9.77   	136.85   	  25.43		
-43.64   	-22.89   	136.95   	  10.17		
-45.17   	-28.69   	136.99(S)	   0.00		
-42.72   	-32.04   	136.99   	 -15.26		
-40.89   	-39.06   	136.93   	 -30.52		
-42.72   	-51.88   	136.81   	 -45.78		
-47.61   	-67.44   	136.62   	 -66.12		
-53.10   	-80.26   	136.36   	 -86.47		
-56.15   	-88.20   	136.01   	-111.90		
-56.15   	-91.86   	135.56   	-127.16		
-55.85   	-94.30   	135.06   	-157.68		
-57.68   	-97.96   	134.42   	-188.20		
-61.65   	-102.84   	133.67   	-213.63		
-65.61   	-109.25   	132.82   	-249.24		
-68.66   	-116.58   	131.82   	-289.93		
-70.80   	-123.29   	130.66   	-330.62		
-72.33   	-126.04   	129.34   	-381.48		
-73.24   	-123.60   	127.81   	-422.18		
-72.94   	-116.58   	126.12   	-478.13		
-70.19   	-108.95   	124.21   	-528.99		
-66.22   	-104.37   	122.10   	-574.77		
-63.48   	-104.06   	119.80   	-630.72		
-64.09   	-107.12   	117.27   	-686.67		
-67.14   	-111.08   	114.53   	-742.62		
-68.66   	-113.22   	111.56   	-813.83		
-67.44   	-113.22   	108.30   	-879.96		
-66.53   	-112.30   	104.78   	-951.17		
-71.41   	-113.83   	100.98   	-1017.29		
-83.01   	-117.80   	 96.91   	-1073.24		
-97.05   	-122.07   	 92.61   	-1119.02		
-104.06   	-123.60   	 88.14   	-1149.54		
-99.79   	-120.85   	 83.54   	-1159.71		
-86.67   	-117.49   	 78.90   	-1154.62		
-73.85   	-117.19   	 74.28   	-1134.28		
-67.44   	-120.24   	 69.75   	-1098.67		
-67.44   	-120.85   	 65.35   	-1057.98		
-69.58   	-114.44   	 61.12   	-1002.03		
-71.41   	-102.84   	 57.11   	-956.25		
-72.63   	-93.08   	 53.29   	-900.30		
-75.99   	-93.08   	 49.68   	-859.61		
-81.18   	-104.06   	 46.25   	-813.83		
-85.14   	-117.49   	 42.99   	-778.23		
-83.92   	-123.29   	 39.88   	-747.71		
-77.21   	-118.10   	 36.89   	-707.02		
-68.66   	-106.51   	 34.06   	-666.32		
-61.04   	-96.74   	 31.39   	-630.72		
-56.46   	-94.91   	 28.87   	-584.94		
-54.63   	-100.71   	 26.53   	-534.08		
-54.32   	-109.25   	 24.39   	-488.30		
-54.63   	-114.44   	 22.44   	-432.35		
-55.85   	-113.83   	 20.71   	-386.57		
-56.76   	-108.64   	 19.17   	-340.79		
-56.46   	-100.40   	 17.80   	-305.19		
-54.63   	-93.38   	 16.58   	-264.50		
-51.57   	-89.72   	 15.52   	-239.06		
-46.39   	-90.33   	 14.57   	-213.63		
-38.76   	-91.86   	 13.71   	-198.37		
-28.69   	-88.50   	 12.92   	-178.03		
-17.40   	-73.85   	 12.21   	-172.94		
 -8.85   	-47.61   	 11.52   	-157.68		
 -6.10   	-17.40   	 10.89   	-142.42		
 -7.02   	  7.32   	 10.32   	-132.25		
 -6.10   	 20.14   	  9.79   	-116.99		
  3.36   	 22.89   	  9.32   	 -96.64		
 23.19   	 26.55   	  8.93   	 -76.30		
 47.91   	 38.76   	  8.63   	 -61.04		
 65.00   	 57.07   	  8.38   	 -40.69		
 64.09   	 69.27   	  8.22   	 -25.43		
 45.78   	 64.09   	  8.12   	 -15.26		
 20.45   	 41.20   	  8.06(D)	   0.00		
  5.49   	 12.82   	  8.06   	   5.09		
 12.21   	 -6.71   	  8.08   	  10.17		
 38.15   	-12.21   	  8.12   	  10.17		
 67.44   	-10.07   	  8.16   	  15.26		
 82.40   	-13.12   	  8.22   	  10.17		
 72.94   	-27.47   	  8.26   	  10.17		
 44.86   	-47.00   	  8.30   	  10.17		
 12.51   	-62.56   	  8.34   	  10.17		
-11.60   	-68.66   	  8.38   	  10.17		
-23.80   	-70.19   	  8.42   	  10.17		
-30.52   	-77.51   	  8.46   	  15.26		
-36.93   	-95.83   	  8.52   	  15.26		
-43.33   	-119.02   	  8.59   	  15.26		
-46.39   	-136.72   	  8.65   	  20.35		
-43.64   	-140.38   	  8.73   	  20.35		
-39.37   	-133.36   	  8.81   	  20.35		
-39.98   	-125.12   	  8.89   	  20.35		
-45.78   	-122.38   	  8.97   	  15.26		
-48.83   	-123.29   	  9.03   	  20.35		
-37.84   	-118.41   	  9.11   	  15.26		
 -5.49   	-99.79   	  9.18   	  20.35		
 44.25   	-66.22   	  9.26   	  20.35		
 94.60   	-23.80   	  9.34   	  25.43		
128.48   	 24.72   	  9.44   	  30.52		
140.99   	 86.36   	  9.56   	  40.69		
145.26   	174.26   	  9.73   	  45.78		
169.37   	295.10   	  9.91   	  55.95		
238.95   	437.32   	 10.13   	  71.21		
359.19   	573.43   	 10.42   	  76.30		
513.31   	673.22   	 10.72   	  86.47		
670.78   	722.96   	 11.07   	  96.64		
804.14   	726.32(R)	 11.45(E)	 106.82		
895.69   	693.97   	 11.88   	 111.90		
938.42   	633.24   	 12.33   	 122.07		
933.84   	546.57   	 12.82   	 122.07		
892.03   	442.81   	 13.31   	 137.33		
828.25   	338.75   	 13.86   	 137.33		
757.14   	252.08   	 14.40   	 147.51		
684.20   	188.90   	 14.99   	 157.68		
598.75   	139.16   	 15.63   	 172.94		
487.06   	 91.25   	 16.32   	 188.20		
348.51   	 42.72   	 17.07   	 218.72		
200.50   	  0.92   	 17.94   	 254.32		
 70.80   	-28.99   	 18.96   	 295.01		
-17.40   	-50.05   	 20.14   	 350.97		
-61.65   	-71.41   	 21.55   	 406.92		
-77.82   	-97.66   	 23.17   	 473.04		
-86.67   	-124.82   	 25.07   	 544.25		
-100.71   	-144.96   	 27.24   	 620.55		
-119.02   	-153.81   	 29.73   	 696.84		
-133.06   	-153.50   	 32.51   	 768.05		
-137.02   	-149.54   	 35.58   	 849.44		
-131.84   	-145.26   	 38.98   	 915.56		
-123.60   	-142.82   	 42.64   	 966.43		
-119.02   	-144.04   	 46.51   	1007.12		
-121.46   	-149.84   	 50.54   	1022.38		
-129.39   	-158.69   	 54.63   	1017.29		
-138.85   	-165.10   	 58.70   	 996.94		
-145.87   	-162.96   	 62.69   	 951.17		
-147.40   	-150.15   	 66.49   	 895.22		
-141.60   	-130.00   	 70.07   	 839.26		
-131.23   	-111.39   	 73.43   	 778.23		
-122.07   	-101.62   	 76.54   	 727.36		
-118.71   	-104.37   	 79.45   	 691.76		
-122.38   	-116.58   	 82.22   	 651.07		
-130.00   	-132.45   	 84.82   	 635.81		
-134.58   	-144.04   	 87.36   	 615.46		
-131.23   	-144.96   	 89.83   	 605.29		
-122.99   	-134.89   	 92.25   	 595.11		
-115.97   	-119.93   	 94.63   	 574.77		
-115.97   	-107.12   	 96.93   	 564.60		
-122.99   	-101.32   	 99.19   	 539.16		
-131.53   	-101.93   	101.34   	 513.73		
-136.11   	-104.68   	103.40   	 478.13		
-133.67   	-105.29   	105.31   	 442.52		
-125.12   	-101.32   	107.08   	 406.92		
-112.92   	-92.47   	108.71   	 376.40		
-100.40   	-81.18   	110.21   	 345.88		
-91.86   	-69.89   	111.60   	 325.53		
-90.94   	-63.48   	112.90   	 310.27		
-97.05   	-61.95   	114.14   	 300.10		
-106.51   	-61.95   	115.34   	 295.01		
-112.00   	-57.37   	116.52   	 284.84		
-108.64   	-44.86   	117.66   	 284.84		
-98.27   	-25.94   	118.80   	 279.75		
-86.36   	 -7.02   	119.92   	 264.50		
-78.74   	  8.54   	120.98   	 249.24		
-75.38   	 20.14   	121.97   	 228.89		
-72.63   	 29.91   	122.89   	 208.54		
-67.44   	 39.37   	123.72   	 188.20		
-60.42   	 50.66   	124.48   	 167.85		
-55.54   	 63.17   	125.15   	 152.59		
-55.85   	 75.99   	125.76   	 142.42		
-60.12   	 88.20   	126.33   	 127.16		
-63.17   	 96.74   	126.84   	 122.07		
-61.04   	 99.79   	127.32   	 111.90		
-53.10   	 98.88   	127.77   	 111.90		
-43.03   	 96.74   	128.22   	 106.82		
-37.54   	 92.77   	128.65   	 101.73		
-38.76   	 86.36   	129.05   	  96.64		
-45.17   	 77.51   	129.44   	  81.38		
-50.96   	 67.75   	129.77   	  71.21		
-50.96   	 61.65   	130.05   	  66.12		
-45.78   	 59.20   	130.31   	  50.86		
-40.28   	 56.15   	130.52   	  40.69		
-38.15   	 47.30   	130.68   	  25.43		
-39.67   	 32.04   	130.78   	  15.26		
-41.81   	 14.65   	130.84   	  10.17		
-40.28   	  0.00   	130.88(S)	 -10.17		
-36.01   	 -9.16   	130.84   	 -15.26		
-32.35   	-16.17   	130.78   	 -30.52		
-33.57   	-24.41   	130.66   	 -40.69		
-39.98   	-36.32   	130.50   	 -61.04		
-48.52   	-49.74   	130.25   	 -76.30		
-55.85   	-60.42   	129.95   	-101.73		
-60.12   	-66.83   	129.54   	-127.16		
-61.95   	-69.89   	129.03   	-157.68		
-63.78   	-71.11   	128.40   	-193.29		
-65.00   	-71.41   	127.63   	-233.98		
-64.39   	-71.41   	126.69   	-279.75		
-61.95   	-70.80   	125.57   	-330.62		
-57.98   	-71.11   	124.25   	-381.48		
-54.63   	-74.16   	122.73   	-437.43		
-54.02   	-80.26   	120.98   	-488.30		
-55.85   	-85.75   	119.02   	-549.34		
-58.90   	-86.98   	116.83   	-600.20		
-62.26   	-83.62   	114.42   	-661.24		
-64.70   	-77.51   	111.78   	-717.19		
-64.39   	-70.50   	108.91   	-788.40		
-60.42   	-64.09   	105.76   	-864.70		
-54.32   	-60.12   	102.30   	-935.91		
-49.74   	-59.20   	 98.56   	-1007.12		
-49.13   	-62.26   	 94.53   	-1078.33		
-53.10   	-67.75   	 90.21   	-1129.19		
-58.29   	-73.24   	 85.70   	-1169.88		
-61.95   	-75.38   	 81.02   	-1185.14		
-62.26   	-72.94   	 76.28   	-1190.23		
-60.42   	-68.05   	 71.52   	-1164.80		
-57.07   	-63.48   	 66.86   	-1134.28		
-53.10   	-61.34   	 62.32   	-1083.41		
-48.52   	-61.04   	 57.99   	-1022.38		
-45.78   	-59.51   	 53.90   	-961.34		
-45.78   	-55.54   	 50.05   	-900.30		
-47.61   	-50.66   	 46.45   	-834.18		
-47.61   	-46.39   	 43.11   	-783.31		
-43.64   	-46.69   	 39.98   	-732.45		
-37.84   	-51.57   	 37.05   	-681.58		
-32.96   	-58.29   	 34.32   	-640.89		
-32.96   	-63.17   	 31.76   	-600.20		
-36.93   	-64.70   	 29.36   	-559.51		
-40.89   	-62.56   	 27.12   	-518.82		
-43.03   	-58.59   	 25.05   	-473.04		
-43.33   	-55.24   	 23.15   	-437.43		
-43.33   	-54.32   	 21.40   	-391.66		
-44.25   	-56.46   	 19.84   	-356.05		
-45.17   	-60.73   	 18.41   	-310.27		
-43.95   	-65.61   	 17.17   	-274.67		
-39.98   	-67.75   	 16.07   	-233.98		
-34.48   	-67.14   	 15.14   	-203.46		
-29.60   	-64.70   	 14.32   	-178.03		
-26.86   	-63.48   	 13.61   	-142.42		
-26.86   	-64.09   	 13.04   	-127.16		
-29.60   	-65.31   	 12.53   	-101.73		
-32.65   	-63.17   	 12.13   	 -86.47		
-31.74   	-52.49   	 11.78   	 -71.21		
-25.02   	-30.52   	 11.50   	 -55.95		
-13.73   	 -0.92   	 11.27   	 -45.78		
 -2.14   	 28.99   	 11.09   	 -35.61		
  6.71   	 50.96   	 10.95   	 -25.43		
 14.65   	 61.04   	 10.84   	 -15.26		
 28.08   	 63.78   	 10.78   	  -5.09		
 48.22   	 66.53   	 10.76(D)	   0.00		
 65.61   	 71.41   	 10.76   	  10.17		
 68.05   	 75.68   	 10.80   	  15.26		
 51.27   	 73.55   	 10.86   	  20.35		
 25.02   	 63.17   	 10.95   	  30.52		
  7.02   	 49.74   	 11.07   	  25.43		
  9.46   	 38.76   	 11.17   	  30.52		
 28.38   	 31.13   	 11.29   	  30.52		
 50.05   	 24.41   	 11.41   	  30.52		
 61.04   	 14.95   	 11.54   	  30.52		
 55.54   	  2.75   	 11.66   	  25.43		
 36.93   	 -9.16   	 11.76   	  25.43		
 13.43   	-18.31   	 11.86   	  25.43		
 -6.71   	-27.16   	 11.96   	  20.35		
-19.84   	-39.67   	 12.04   	  25.43		
-26.55   	-57.37   	 12.15   	  20.35		
-31.13   	-77.21   	 12.23   	  20.35		
-37.54   	-93.99   	 12.31   	  25.43		
-47.00   	-104.37   	 12.41   	  25.43		
-57.07   	-108.64   	 12.51   	  20.35		
-64.70   	-109.86   	 12.59   	  25.43		
-67.75   	-108.95   	 12.70   	  30.52		
-65.92   	-104.68   	 12.82   	  30.52		
-59.20   	-95.83   	 12.94   	  30.52		
-45.17   	-81.79   	 13.06   	  30.52		
-19.84   	-62.87   	 13.18   	  40.69		
 17.70   	-38.15   	 13.35   	  40.69		
 61.04   	 -7.32   	 13.51   	  45.78		
 98.57   	 32.65   	 13.69   	  55.95		
119.93   	 87.89   	 13.92   	  66.12		
126.04   	166.32   	 14.18   	  76.30		
136.41   	272.83   	 14.49   	  91.56		
180.36   	400.70   	 14.85   	 101.73		
274.66   	531.62   	 15.26   	 116.99		
412.90   	640.26   	 15.73   	 127.16		
569.76   	712.89   	 16.24   	 142.42		
713.81   	747.68   	 16.81   	 152.59		
821.53   	748.29(R)	 17.42(E)	 157.68		
883.79   	714.72   	 18.05   	 167.85		
901.18   	643.62   	 18.72   	 172.94		
879.82   	538.64   	 19.41   	 178.03		
831.30   	420.23   	 20.12   	 183.11		
769.04   	314.94   	 20.85   	 193.29		
701.90   	237.73   	 21.63   	 198.37		
625.92   	184.63   	 22.42   	 208.54		
529.79   	140.08   	 23.26   	 228.89		
407.71   	 94.60   	 24.17   	 249.24		
267.64   	 50.35   	 25.17   	 279.75		
129.70   	 10.99   	 26.29   	 315.36		
 17.70   	-22.58   	 27.55   	 361.14		
-54.32   	-55.24   	 28.99   	 417.09		
-90.33   	-88.50   	 30.66   	 473.04		
-105.29   	-115.97   	 32.55   	 539.16		
-113.22   	-130.00   	 34.71   	 605.29		
-122.99   	-129.39   	 37.13   	 676.50		
-133.06   	-121.15   	 39.84   	 752.79		
-137.94   	-114.14   	 42.85   	 818.92		
-135.50   	-114.14   	 46.12   	 885.04		
-128.48   	-120.54   	 49.66   	 930.82		
-122.99   	-127.56   	 53.39   	 966.43		
-121.77   	-130.62   	 57.25   	 971.51		
-124.21   	-127.56   	 61.14   	 961.34		
-128.48   	-121.46   	 64.98   	 930.82		
-132.75   	-116.88   	 68.71   	 879.96		
-134.89   	-116.88   	 72.23   	 829.09		
-133.97   	-119.93   	 75.54   	 768.05		
-131.23   	-122.38   	 78.62   	 717.19		
-128.17   	-121.77   	 81.48   	 666.32		
-127.26   	-117.80   	 84.15   	 630.72		
-129.70   	-114.14   	 86.67   	 600.20		
-134.28   	-112.00   	 89.07   	 590.03		
-136.11   	-111.08   	 91.43   	 574.77		
-133.67   	-109.56   	 93.73   	 569.68		
-128.48   	-107.12   	 96.01   	 559.51		
-123.29   	-104.37   	 98.25   	 549.34		
-122.38   	-101.32   	100.45   	 528.99		
-125.73   	-97.96   	102.56   	 508.65		
-129.70   	-92.77   	104.60   	 488.30		
-130.92   	-84.84   	106.55   	 452.69		
-127.56   	-75.38   	108.36   	 432.35		
-121.46   	-66.53   	110.09   	 406.92		
-115.36   	-60.12   	111.72   	 386.57		
-110.47   	-56.76   	113.27   	 361.14		
-107.12   	-54.63   	114.71   	 350.97		
-104.06   	-51.27   	116.11   	 335.71		
-101.62   	-44.25   	117.46   	 320.45		
-98.57   	-33.26   	118.74   	 310.27		
-95.52   	-19.53   	119.98   	 295.01		
-93.08   	 -6.41   	121.16   	 279.75		
-92.47   	  2.75   	122.28   	 269.58		
-93.99   	  7.63   	123.36   	 254.32		
-96.74   	 10.99   	124.37   	 239.06		
-97.66   	 17.70   	125.33   	 228.89		
-94.30   	 30.82   	126.25   	 223.80		
-85.75   	 49.44   	127.14   	 208.54		
-75.38   	 69.58   	127.98   	 203.46		
-66.83   	 87.59   	128.79   	 198.37		
-61.65   	101.32   	129.58   	 188.20		
-59.20   	110.78   	130.34   	 172.94		
-57.68   	117.19   	131.03   	 167.85		
-56.15   	121.77   	131.70   	 152.59		
-55.85   	124.82   	132.31   	 142.42		
-55.24   	126.65   	132.88   	 127.16		
-52.19   	128.17   	133.39   	 111.90		
-46.69   	128.48   	133.83   	 101.73		
-40.28   	126.04   	134.24   	  86.47		
-36.62   	119.32   	134.59   	  76.30		
-38.15   	106.81   	134.89   	  66.12		
-41.20   	 91.25   	135.16   	  55.95		
-41.50   	 75.68   	135.38   	  45.78		
-38.76   	 61.34   	135.56   	  35.61		
-35.10   	 47.61   	135.71   	  25.43		
-33.87   	 34.18   	135.81   	  15.26		
-35.71   	 21.06   	135.87(S)	   0.00		
-40.28   	 10.07   	135.87   	 -15.26		
-45.17   	  2.44   	135.81   	 -25.43		
-50.66   	 -3.05   	135.71   	 -45.78		
-56.15   	 -9.77   	135.52   	 -61.04		
-58.59   	-18.62   	135.28   	 -76.30		
-57.07   	-29.60   	134.97   	 -91.56		
-52.49   	-42.11   	134.61   	-116.99		
-49.74   	-54.63   	134.14   	-142.42		
-53.10   	-65.61   	133.57   	-167.85		
-62.56   	-74.77   	132.90   	-193.29		
-73.85   	-79.65   	132.13   	-233.98		
-80.87   	-79.04   	131.19   	-274.67		
-80.87   	-74.46   	130.09   	-320.45		
-75.99   	-69.58   	128.81   	-371.31		
-72.33   	-69.27   	127.32   	-422.18		
-73.85   	-75.38   	125.64   	-478.13		
-80.26   	-85.45   	123.72   	-528.99		
-85.75   	-93.69   	121.61   	-584.94		
-84.53   	-94.91   	119.27   	-640.89		
-76.60   	-89.11   	116.70   	-696.84		
-66.22   	-79.04   	113.92   	-768.05		
-59.20   	-69.89   	110.84   	-834.18		
-57.68   	-64.70   	107.51   	-900.30		
-59.81   	-64.09   	103.91   	-976.60		
-62.26   	-66.53   	100.00   	-1037.64		
-63.17   	-70.50   	 95.85   	-1088.50		
-63.48   	-73.55   	 91.50   	-1134.28		
-64.70   	-74.16   	 86.96   	-1154.62		
-66.83   	-72.94   	 82.34   	-1164.80		
-69.27   	-71.11   	 77.68   	-1149.54		
-70.80   	-70.80   	 73.08   	-1119.02		
-70.19   	-73.24   	 68.61   	-1078.33		
-67.75   	-77.51   	 64.29   	-1027.46		
-65.00   	-81.48   	 60.18   	-966.43		
-63.78   	-83.31   	 56.32   	-905.39		
-64.39   	-82.09   	 52.70   	-849.44		
-65.61   	-78.74   	 49.30   	-788.40		
-65.31   	-75.68   	 46.14   	-737.54		
-63.17   	-75.07   	 43.19   	-681.58		
-60.42   	-75.99   	 40.47   	-635.81		
-58.90   	-77.51   	 37.92   	-595.11		
-58.90   	-78.43   	 35.54   	-549.34		
-60.12   	-78.13   	 33.35   	-503.56		
-60.42   	-77.21   	 31.33   	-462.87		
-57.68   	-76.29   	 29.48   	-412.00		
-52.80   	-75.68   	 27.83   	-371.31		
-47.61   	-75.99   	 26.35   	-325.53		
-45.47   	-79.35   	 25.05   	-284.84		
-48.22   	-85.75   	 23.91   	-239.06		
-54.93   	-92.47   	 22.95   	-203.46		
-61.95   	-95.21   	 22.14   	-178.03		
-66.22   	-91.86   	 21.42   	-147.51		
-65.92   	-84.23   	 20.83   	-122.07		
-62.26   	-75.68   	 20.35   	-111.90		
-57.07   	-68.66   	 19.90   	 -96.64		
-51.88   	-61.34   	 19.51   	 -86.47		
-46.39   	-48.22   	 19.17   	 -76.30		
-39.37   	-26.55   	 18.86   	 -66.12		
-30.21   	  0.00   	 18.60   	 -66.12		
-20.14   	 23.80   	 18.33   	 -55.95		
-10.99   	 37.54   	 18.11   	 -40.69		
 -2.14   	 39.98   	 17.94   	 -35.61		
  8.24   	 38.45   	 17.80   	  N/A		
