  I     	  II     	  PW     	  PW'		
-51.27   	-99.79   	 11.31   	 -30.52		
-47.61   	-94.60   	 11.19   	 -40.69		
-43.33   	-89.11   	 11.03   	 -35.61		
-39.06   	-84.23   	 10.89   	 -35.61		
-35.40   	-79.96   	 10.74   	 -25.43		
-32.04   	-75.99   	 10.64   	 -10.17		
-28.99   	-72.33   	 10.60   	   0.00		
-26.55   	-68.66   	 10.60   	  20.35		
-24.41   	-65.92   	 10.68   	  35.61		
-22.28   	-63.48   	 10.82   	  50.86		
-19.84   	-61.34   	 11.03   	  50.86		
-16.48   	-58.59   	 11.23   	  55.95		
-12.21   	-55.54   	 11.45   	  40.69		
 -7.63   	-51.57   	 11.62   	  25.43		
 -3.66   	-47.30   	 11.72   	  10.17		
 -0.31   	-42.72   	 11.76   	 -15.26		
  3.05   	-38.45   	 11.70   	 -35.61		
  6.71   	-34.79   	 11.56   	 -45.78		
 10.68   	-31.13   	 11.37   	 -50.86		
 15.56   	-27.16   	 11.17   	 -55.95		
 21.06   	-22.58   	 10.95   	 -50.86		
 27.16   	-16.78   	 10.74   	 -40.69		
 34.48   	 -9.77   	 10.58   	 -20.35		
 42.72   	 -2.44   	 10.50   	  -5.09		
 51.88   	  5.49   	 10.48   	  15.26		
 61.34   	 14.34   	 10.54   	  30.52		
 71.72   	 23.80   	 10.66   	  40.69		
 82.09   	 34.48   	 10.82   	  45.78		
 92.77   	 46.39   	 11.01   	  45.78		
104.37   	 59.20   	 11.19   	  45.78		
116.88   	 73.24   	 11.37   	  35.61		
130.62   	 88.50   	 11.52   	  25.43		
144.65   	104.37   	 11.62   	  10.17		
158.69   	121.15   	 11.66   	  -5.09		
172.42   	138.24   	 11.64   	 -20.35		
185.55   	155.94   	 11.56   	 -25.43		
197.45   	173.03   	 11.45   	 -40.69		
208.13   	189.51   	 11.29   	 -40.69		
216.06   	203.55   	 11.13   	 -45.78		
220.34   	214.54   	 10.95   	 -40.69		
220.03   	221.25   	 10.78   	 -35.61		
213.93   	221.86   	 10.64   	 -35.61		
202.64   	215.15   	 10.50   	 -30.52		
185.85   	201.72   	 10.38   	 -20.35		
165.10   	182.80   	 10.29   	 -20.35		
141.60   	160.22   	 10.21   	 -10.17		
117.19   	137.02   	 10.17   	 -10.17		
 93.38   	114.14   	 10.13   	 -10.17		
 71.41   	 92.47   	 10.09   	  -5.09		
 51.88   	 72.63   	 10.07   	 -10.17		
 35.10   	 54.32   	 10.03   	  -5.09		
 21.06   	 38.45   	 10.01   	  -5.09		
  9.46   	 24.72   	  9.99   	 -10.17		
  0.00   	 13.12   	  9.95   	  -5.09		
 -7.93   	  3.66   	  9.93   	 -10.17		
-14.34   	 -3.97   	  9.89   	  -5.09		
-18.62   	-10.38   	  9.87   	  -5.09		
-21.36   	-14.95   	  9.85   	 -10.17		
-22.58   	-18.62   	  9.81   	   0.00		
-23.50   	-21.67   	  9.81   	  -5.09		
-24.41   	-24.11   	  9.79   	   5.09		
-25.33   	-25.94   	  9.81   	   0.00		
-26.55   	-27.77   	  9.81   	   5.09		
-26.86   	-28.99   	  9.83   	   0.00		
-26.86   	-29.60   	  9.83   	   5.09		
-26.55   	-29.91   	  9.85   	   5.09		
-26.25   	-29.91   	  9.87   	   5.09		
-26.55   	-29.60   	  9.89   	   5.09		
-27.16   	-29.30   	  9.91   	   0.00		
-27.47   	-29.30   	  9.91   	   5.09		
-27.77   	-28.99   	  9.93   	   0.00		
-27.16   	-28.38   	  9.93   	  -5.09		
-26.25   	-27.47   	  9.91   	  -5.09		
-24.72   	-26.55   	  9.89   	 -10.17		
-23.19   	-25.63   	  9.85   	 -10.17		
-22.89   	-25.02   	  9.81   	 -20.35		
-23.19   	-25.02   	  9.73   	 -20.35		
-24.41   	-25.02   	  9.64   	 -20.35		
-26.25   	-25.02   	  9.56   	 -25.43		
-27.77   	-24.72   	  9.46   	 -25.43		
-28.38   	-24.72   	  9.36   	 -20.35		
-28.38   	-25.02   	  9.28   	 -20.35		
-27.77   	-25.33   	  9.20   	 -10.17		
-26.86   	-25.94   	  9.16   	 -10.17		
-26.55   	-26.86   	  9.11   	  -5.09		
-26.55   	-27.77   	  9.09   	   5.09		
-26.86   	-28.38   	  9.11   	   5.09		
-27.16   	-28.38   	  9.14   	  15.26		
-27.16   	-28.38   	  9.20   	  15.26		
-27.47   	-28.99   	  9.26   	  15.26		
-28.08   	-30.52   	  9.32   	  20.35		
-29.30   	-32.65   	  9.40   	  15.26		
-30.21   	-34.79   	  9.46   	  20.35		
-29.91   	-35.71   	  9.54   	  15.26		
-28.08   	-35.71   	  9.60   	  15.26		
-26.25   	-35.10   	  9.66   	  10.17		
-25.02   	-34.79   	  9.70   	   5.09		
-25.63   	-35.40   	  9.73   	  10.17		
-27.47   	-36.93   	  9.77   	   5.09		
-29.60   	-38.76   	  9.79   	   5.09		
-30.82   	-40.59   	  9.81   	   0.00		
-30.21   	-41.50   	  9.81   	   0.00		
-28.69   	-42.11   	  9.81   	   5.09		
-27.16   	-42.42   	  9.83   	   0.00		
-26.86   	-43.03   	  9.83   	  -5.09		
-28.08   	-44.25   	  9.81   	   0.00		
-29.60   	-45.78   	  9.81   	  -5.09		
-30.82   	-47.00   	  9.79   	 -10.17		
-30.82   	-47.61   	  9.75   	  -5.09		
-29.30   	-47.30   	  9.73   	 -15.26		
-27.77   	-46.69   	  9.66   	 -10.17		
-26.86   	-45.78   	  9.62   	 -20.35		
-26.55   	-45.47   	  9.54   	 -15.26		
-26.55   	-45.47   	  9.48   	 -20.35		
-27.16   	-46.08   	  9.40   	 -25.43		
-27.47   	-46.69   	  9.30   	 -20.35		
-27.16   	-47.00   	  9.22   	 -20.35		
-27.16   	-46.69   	  9.14   	 -25.43		
-26.86   	-45.47   	  9.03   	 -20.35		
-26.86   	-44.25   	  8.95   	 -20.35		
-27.47   	-42.72   	  8.87   	 -15.26		
-28.08   	-41.50   	  8.81   	 -15.26		
-28.69   	-41.20   	  8.75   	 -10.17		
-29.30   	-41.50   	  8.71   	  -5.09		
-29.60   	-41.81   	  8.69   	 -10.17		
-29.60   	-42.72   	  8.65   	  -5.09		
-29.60   	-43.95   	  8.63   	   0.00		
-28.99   	-45.17   	  8.63   	  -5.09		
-28.38   	-46.39   	  8.61   	  -5.09		
-27.77   	-47.30   	  8.59   	  -5.09		
-27.47   	-47.30   	  8.57   	 -10.17		
-27.16   	-46.39   	  8.52   	 -10.17		
-27.47   	-45.17   	  8.48   	 -10.17		
-27.47   	-43.64   	  8.44   	 -15.26		
-27.16   	-42.11   	  8.38   	 -15.26		
-26.25   	-41.50   	  8.32   	 -15.26		
-24.41   	-42.42   	  8.26   	 -20.35		
-23.19   	-43.95   	  8.18   	 -15.26		
-23.19   	-45.78   	  8.12   	 -15.26		
-24.11   	-46.08   	  8.06   	 -15.26		
-24.72   	-44.86   	  8.00   	 -10.17		
-24.72   	-42.11   	  7.96   	 -15.26		
-23.50   	-39.98   	  7.89   	 -10.17		
-22.58   	-39.06   	  7.85   	 -10.17		
-22.58   	-39.37   	  7.81   	 -10.17		
-23.80   	-40.28   	  7.77   	 -10.17		
-25.63   	-40.59   	  7.73   	 -10.17		
-26.25   	-39.98   	  7.69   	  -5.09		
-25.33   	-38.76   	  7.67   	 -10.17		
-23.80   	-36.93   	  7.63   	 -15.26		
-22.28   	-35.10   	  7.57   	 -10.17		
-21.67   	-33.57   	  7.53   	 -10.17		
-22.28   	-32.96   	  7.49   	 -15.26		
-23.19   	-33.57   	  7.43   	 -15.26		
-23.80   	-35.10   	  7.37   	 -15.26		
-24.11   	-36.62   	  7.30   	 -15.26		
-23.80   	-36.93   	  7.24   	 -15.26		
-22.89   	-36.32   	  7.18   	 -15.26		
-21.36   	-35.10   	  7.12   	 -15.26		
-20.14   	-34.18   	  7.06   	 -20.35		
-19.53   	-33.87   	  6.98   	 -10.17		
-19.53   	-32.65   	  6.94   	 -15.26		
-18.62   	-27.16   	  6.88   	 -15.26		
-15.87   	-15.26   	  6.82   	 -15.26		
-10.38   	  3.05   	  6.75   	 -15.26		
 -3.66   	 25.02   	  6.69   	 -10.17		
  2.44   	 45.17   	  6.65   	 -15.26		
  7.02   	 61.34   	  6.59   	 -10.17		
 10.38   	 72.94   	  6.55   	 -10.17		
 13.73   	 83.62   	  6.51   	 -15.26		
 18.62   	 95.52   	  6.45   	 -10.17		
 25.94   	108.64   	  6.41   	 -15.26		
 35.10   	122.07   	  6.35   	 -10.17		
 45.17   	136.11   	  6.31   	 -15.26		
 54.32   	151.37   	  6.25   	 -10.17		
 63.17   	169.37   	  6.21   	 -15.26		
 72.33   	190.43   	  6.14   	 -15.26		
 83.62   	213.01   	  6.08   	 -15.26		
 97.66   	234.38   	  6.02   	 -15.26		
111.69   	249.02   	  5.96   	 -15.26		
119.63   	251.16   	  5.90   	 -20.35		
114.75   	234.68   	  5.82   	 -15.26		
 93.69   	197.14   	  5.76   	 -15.26		
 60.73   	144.04   	  5.70   	 -20.35		
 25.02   	 85.14   	  5.62   	 -15.26		
 -3.36   	 32.96   	  5.55   	 -20.35		
-18.62   	 -3.97   	  5.47   	 -15.26		
-22.89   	-25.02   	  5.41   	 -20.35		
-21.67   	-34.18   	  5.33   	 -15.26		
-21.36   	-37.23   	  5.27   	 -20.35		
-24.11   	-39.67   	  5.19   	 -15.26		
-29.30   	-43.64   	  5.13   	 -10.17		
-33.57   	-49.13   	  5.09   	 -15.26		
-36.01   	-54.93   	  5.03   	 -10.17		
-36.93   	-60.42   	  4.98   	 -15.26		
-37.54   	-65.00   	  4.92   	 -10.17		
-38.76   	-68.36   	  4.88   	 -15.26		
-39.67   	-70.80   	  4.82   	 -15.26		
-40.28   	-72.63   	  4.76   	 -10.17		
-40.59   	-74.16   	  4.72   	 -15.26		
-40.59   	-75.07   	  4.66   	 -10.17		
-41.20   	-75.38   	  4.62   	  -5.09		
-42.11   	-75.38   	  4.60   	   0.00		
-43.64   	-75.38   	  4.60   	   5.09		
-47.30   	-76.90   	  4.62   	  10.17		
-56.46   	-85.14   	  4.66   	  20.35		
-74.46   	-105.29   	  4.74   	  20.35		
-96.74   	-132.75   	  4.82   	  25.43		
-108.95   	-150.45   	  4.92   	  30.52		
-89.11   	-129.09   	  5.05   	  30.52		
-20.14   	-43.03   	  5.17   	  30.52		
 98.57   	116.88   	  5.29   	  25.43		
247.80   	333.25   	  5.39   	  20.35		
396.12   	563.66   	  5.47   	  15.26		
512.39   	755.00   	  5.53   	   5.09		
572.51   	859.99   	  5.55   	   0.00		
560.30   	845.34   	  5.55   	  -5.09		
469.97   	711.67   	  5.53   	 -15.26		
311.28   	494.69   	  5.47   	 -15.26		
115.05   	246.28   	  5.41   	 -20.35		
-72.63   	 18.31   	  5.33   	 -20.35		
-208.44   	-155.33   	  5.25   	 -20.35		
-271.61   	-265.50   	  5.17   	 -20.35		
-271.61   	-320.13   	  5.09   	 -15.26		
-236.82   	-333.25   	  5.03   	 -10.17		
-195.01   	-317.69   	  4.98   	  -5.09		
-159.61   	-286.25   	  4.96   	  -5.09		
-132.14   	-248.72   	  4.94   	  -5.09		
-108.95   	-209.35   	  4.92   	   0.00		
-88.50   	-171.20   	  4.92   	  -5.09		
-72.33   	-136.72   	  4.90   	 -10.17		
-61.65   	-110.78   	  4.86   	 -10.17		
-55.85   	-96.44   	  4.82   	 -20.35		
-51.57   	-91.55   	  4.74   	 -20.35		
-47.61   	-91.86   	  4.66   	 -20.35		
-43.64   	-91.86   	  4.58   	 -25.43		
-40.28   	-87.89   	  4.48   	 -15.26		
-37.23   	-80.87   	  4.42   	 -15.26		
-34.18   	-72.94   	  4.35   	   0.00		
-31.13   	-66.53   	  4.35   	  15.26		
-27.77   	-61.95   	  4.42   	  30.52		
-25.33   	-59.81   	  4.54   	  50.86		
-24.41   	-58.90   	  4.74   	  61.04		
-24.11   	-57.98   	  4.98   	  71.21		
-23.50   	-56.15   	  5.27   	  71.21		
-21.67   	-54.32   	  5.55   	  66.12		
-18.92   	-51.88   	  5.82   	  55.95		
-15.56   	-49.74   	  6.04   	  40.69		
-12.82   	-47.61   	  6.21   	  20.35		
-10.38   	-45.17   	  6.29   	  -5.09		
 -7.93   	-42.11   	  6.27   	 -25.43		
 -4.88   	-38.45   	  6.16   	 -35.61		
 -0.61   	-34.48   	  6.02   	 -45.78		
  4.58   	-29.91   	  5.84   	 -45.78		
  9.77   	-25.94   	  5.66   	 -45.78		
 14.65   	-23.19   	  5.47   	 -35.61		
 19.53   	-21.06   	  5.33   	 -25.43		
 25.02   	-18.92   	  5.23   	  -5.09		
 32.04   	-14.65   	  5.21   	   5.09		
 40.89   	 -7.63   	  5.23   	  20.35		
 50.66   	  1.83   	  5.31   	  30.52		
 60.12   	 12.51   	  5.43   	  30.52		
 68.97   	 22.89   	  5.55   	  35.61		
 78.43   	 32.35   	  5.70   	  25.43		
 89.11   	 41.50   	  5.80   	  15.26		
102.54   	 50.96   	  5.86   	  10.17		
117.49   	 62.26   	  5.90   	  -5.09		
133.36   	 75.38   	  5.88   	 -20.35		
148.93   	 90.64   	  5.80   	 -30.52		
163.88   	107.73   	  5.68   	 -35.61		
177.92   	125.12   	  5.53   	 -45.78		
191.96   	142.21   	  5.35   	 -40.69		
205.99   	159.30   	  5.19   	 -45.78		
218.81   	175.48   	  5.01   	 -35.61		
229.49   	191.04   	  4.86   	 -35.61		
236.82   	204.47   	  4.72   	 -25.43		
238.34   	214.23   	  4.62   	 -15.26		
233.46   	218.51   	  4.56   	  -5.09		
222.47   	216.67   	  4.54   	  -5.09		
205.99   	208.74   	  4.52   	   0.00		
185.55   	195.92   	  4.52   	   0.00		
162.35   	178.53   	  4.52   	   5.09		
137.94   	158.08   	  4.54   	   0.00		
114.14   	135.19   	  4.54   	  -5.09		
 91.55   	111.08   	  4.52   	  -5.09		
 71.11   	 87.89   	  4.50   	 -10.17		
 53.71   	 66.22   	  4.46   	 -10.17		
 39.06   	 47.91   	  4.42   	 -10.17		
 26.86   	 33.57   	  4.37   	 -15.26		
 16.78   	 22.58   	  4.31   	 -10.17		
  8.24   	 13.73   	  4.27   	 -10.17		
  0.92   	  6.41   	  4.23   	 -10.17		
 -5.19   	 -0.31   	  4.19   	   0.00		
 -9.77   	 -6.41   	  4.19   	  -5.09		
-12.82   	-11.60   	  4.17   	   0.00		
-14.65   	-15.56   	  4.17   	   5.09		
-16.17   	-19.23   	  4.19   	   5.09		
-17.70   	-22.89   	  4.21   	   5.09		
-18.92   	-26.25   	  4.23   	  10.17		
-20.14   	-28.69   	  4.27   	   5.09		
-20.75   	-29.91   	  4.29   	  10.17		
-20.75   	-29.30   	  4.33   	   5.09		
-20.45   	-28.38   	  4.35   	   5.09		
-20.14   	-27.47   	  4.37   	   0.00		
-19.53   	-27.47   	  4.37   	   0.00		
-19.23   	-27.77   	  4.37   	   0.00		
-18.62   	-27.47   	  4.37   	   0.00		
-18.01   	-26.55   	  4.37   	  -5.09		
-17.40   	-25.63   	  4.35   	  -5.09		
-16.78   	-25.94   	  4.33   	  -5.09		
-16.78   	-27.77   	  4.31   	 -15.26		
-17.70   	-30.21   	  4.25   	 -10.17		
-18.31   	-30.82   	  4.21   	 -20.35		
-18.62   	-29.30   	  4.13   	 -20.35		
-18.62   	-25.63   	  4.05   	 -25.43		
-18.92   	-22.28   	  3.95   	 -25.43		
-19.84   	-20.45   	  3.85   	 -25.43		
-21.06   	-20.45   	  3.74   	 -25.43		
-21.36   	-19.84   	  3.64   	 -25.43		
-19.23   	-15.26   	  3.54   	 -20.35		
-14.04   	 -3.36   	  3.46   	 -15.26		
 -5.19   	 18.31   	  3.40   	 -10.17		
  8.85   	 50.35   	  3.36   	   0.00		
 30.52   	 91.25   	  3.36   	   5.09		
 63.17   	140.38   	  3.38   	  10.17		
109.25   	199.89   	  3.42   	  15.26		
170.29   	273.74   	  3.48   	  20.35		
245.36   	366.21   	  3.56   	  20.35		
334.17   	476.38   	  3.64   	  25.43		
436.71   	596.92   	  3.74   	  25.43		
552.98   	721.13   	  3.85   	  25.43		
682.37   	847.47   	  3.95   	  25.43		
821.53   	982.06   	  4.05   	  15.26		
964.97   	1134.64   	  4.11   	  20.35		
1099.24   	1312.87   	  4.19   	  15.26		
1207.58   	1523.13   	  4.25   	  10.17		
1276.55   	1768.19   	  4.29   	   5.09		
1303.41   	2038.88   	  4.31   	   5.09		
1299.74   	2302.25   	  4.33   	   5.09		
1284.79   	2501.83   	  4.35(A)	   0.00		
1266.17   	2572.33(R)	  4.35   	  -5.09		
1229.86   	2475.28   	  4.33   	  -5.09		
1147.46   	2214.05   	  4.31   	  -5.09		
997.31   	1827.70   	  4.29   	  -5.09		
783.39   	1372.68   	  4.27   	 -10.17		
538.64   	906.98   	  4.23   	 -15.26		
309.45   	486.45   	  4.17   	 -10.17		
130.92   	159.00   	  4.13   	 -15.26		
 12.82   	-51.57   	  4.07   	 -10.17		
-58.90   	-158.08   	  4.03   	 -15.26		
-105.90   	-203.86   	  3.97   	 -10.17		
-143.74   	-236.21   	  3.93   	 -10.17		
-177.00   	-278.32   	  3.89   	 -15.26		
-203.25   	-326.23   	  3.83   	 -10.17		
-219.42   	-364.38   	  3.78   	 -10.17		
-228.58   	-385.74   	  3.74   	 -10.17		
-234.99   	-394.29   	  3.70   	  -5.09		
-242.00   	-399.78   	  3.68   	 -10.17		
-250.55   	-407.41   	  3.64   	 -10.17		
-258.48   	-417.79   	  3.60   	 -10.17		
-264.59   	-428.77   	  3.56   	 -10.17		
-268.86   	-438.84   	  3.52   	 -10.17		
-272.22   	-447.69   	  3.48   	 -10.17		
-275.27   	-454.71   	  3.44   	  -5.09		
-278.93   	-460.82   	  3.42   	 -10.17		
-282.59   	-467.53   	  3.38   	 -10.17		
-286.25   	-475.46   	  3.34   	 -10.17		
-289.92   	-483.70   	  3.30   	  -5.09		
-293.58   	-491.03   	  3.28   	  -5.09		
-296.94   	-496.83   	  3.26   	  -5.09		
-299.99   	-500.79   	  3.23   	   0.00		
-303.65   	-505.68   	  3.23   	   0.00		
-308.53   	-513.92   	  3.23   	   5.09		
-315.25   	-525.51   	  3.26   	  10.17		
-323.18   	-540.16   	  3.30   	  10.17		
-331.42   	-556.03   	  3.34   	  10.17		
-339.66   	-571.59   	  3.38   	  15.26		
-347.60   	-586.55   	  3.44   	  15.26		
-355.22   	-601.20   	  3.50   	  20.35		
-362.85   	-616.76   	  3.58   	  20.35		
-369.87   	-632.93   	  3.66   	  20.35		
-376.59   	-650.63   	  3.74   	  20.35		
-383.61   	-669.86   	  3.83   	  25.43		
-390.93   	-689.39   	  3.93   	  20.35		
-398.56   	-708.62   	  4.01   	  20.35		
-405.58   	-726.01   	  4.09   	  20.35		
-410.77   	-741.27   	  4.17   	  15.26		
-413.51   	-753.48   	  4.23   	  10.17		
-412.90   	-763.55   	  4.27   	   5.09		
-409.55   	-770.26   	  4.29   	  -5.09		
-403.44   	-773.32   	  4.27   	 -10.17		
-394.29   	-771.18   	  4.23   	 -15.26		
-381.77   	-762.63   	  4.17   	 -25.43		
-365.91   	-747.07   	  4.07   	 -25.43		
-346.98   	-725.10   	  3.97   	 -30.52		
-325.62   	-696.41   	  3.85   	 -30.52		
-301.21   	-659.79   	  3.72   	 -25.43		
-273.74   	-614.01   	  3.62   	 -20.35		
-242.61   	-559.39   	  3.54   	 -15.26		
-208.74   	-497.74   	  3.48   	  -5.09		
-174.26   	-432.43   	  3.46   	   0.00		
-141.60   	-366.82   	  3.46   	  15.26		
-113.83   	-303.96   	  3.52   	  20.35		
-91.55   	-246.28   	  3.60   	  25.43		
-74.77   	-195.62   	  3.70   	  30.52		
-62.26   	-154.11   	  3.83   	  30.52		
-52.80   	-121.77   	  3.95   	  30.52		
-45.17   	-96.13   	  4.07   	  25.43		
-38.76   	-73.24   	  4.17   	  15.26		
-32.96   	-50.05   	  4.23   	  10.17		
-28.08   	-27.16   	  4.27   	   5.09		
-24.11   	 -6.71   	  4.29   	  -5.09		
-21.67   	  9.46   	  4.27   	 -10.17		
-20.75   	 21.97   	  4.23   	 -10.17		
-19.53   	 34.79   	  4.19   	 -15.26		
-16.17   	 50.05   	  4.13   	 -15.26		
-10.38   	 68.66   	  4.07   	 -15.26		
 -2.44   	 87.89   	  4.01   	 -10.17		
  6.10   	105.29   	  3.97   	  -5.09		
 14.04   	120.54   	  3.95   	   0.00		
 20.45   	135.50   	  3.95   	   0.00		
 26.25   	153.20   	  3.95   	  10.17		
 33.57   	174.56   	  3.99   	  10.17		
 44.25   	197.14   	  4.03   	  15.26		
 57.37   	216.06   	  4.09   	  10.17		
 69.89   	224.91   	  4.13   	  10.17		
 74.77   	219.42   	  4.17   	  10.17		
 65.92   	198.67   	  4.21   	  10.17		
 43.64   	165.71   	  4.25   	   5.09		
 14.34   	123.60   	  4.27   	   5.09		
-12.82   	 75.99   	  4.29   	   5.09		
-30.82   	 27.77   	  4.31   	   0.00		
-38.15   	-14.95   	  4.31   	   5.09		
-39.37   	-46.08   	  4.33   	   5.09		
-39.98   	-61.65   	  4.35   	  10.17		
-42.42   	-64.70   	  4.39   	  10.17		
-46.08   	-61.95   	  4.44   	  10.17		
-50.05   	-61.65   	  4.48   	  10.17		
-52.80   	-66.83   	  4.52   	   5.09		
-55.24   	-75.99   	  4.54   	  10.17		
-57.37   	-85.75   	  4.58   	   5.09		
-59.20   	-93.08   	  4.60   	   5.09		
-60.42   	-97.05   	  4.62   	   0.00		
-60.73   	-98.57   	  4.62   	   0.00		
-60.73   	-98.88   	  4.62   	   0.00		
-60.73   	-99.18   	  4.62   	   0.00		
-61.04   	-100.10   	  4.62   	   5.09		
-61.65   	-102.23   	  4.64   	   5.09		
-62.26   	-105.29   	  4.66   	  10.17		
-62.87   	-107.73   	  4.70   	  15.26		
-63.17   	-108.95   	  4.76   	  15.26		
-62.56   	-107.73   	  4.82   	  20.35		
-60.73   	-104.37   	  4.90   	  20.35		
-58.29   	-101.32   	  4.98   	  20.35		
-56.46   	-99.79   	  5.07   	  20.35		
-55.85   	-100.40   	  5.15   	  20.35		
-56.46   	-101.62   	  5.23   	  15.26		
-57.07   	-101.62   	  5.29   	  15.26		
-57.07   	-99.79   	  5.35   	  10.17		
-56.76   	-97.66   	  5.39   	   5.09		
-56.76   	-96.44   	  5.41   	   0.00		
-58.90   	-99.49   	  5.41   	   0.00		
-65.31   	-109.86   	  5.41   	   0.00		
-78.43   	-130.31   	  5.41   	  -5.09		
-96.13   	-155.94   	  5.39   	  -5.09		
-107.12   	-169.07   	  5.37   	   0.00		
-90.94   	-141.91   	  5.37   	  -5.09		
-29.60   	-48.83   	  5.35   	  -5.09		
 82.09   	118.71   	  5.33   	   0.00		
228.58   	342.41   	  5.33   	   0.00		
379.33   	577.39   	  5.33   	   5.09		
499.88   	768.74   	  5.35   	   5.09		
563.05   	871.58   	  5.37   	   0.00		
552.06   	858.46   	  5.37   	  10.17		
462.04   	733.34   	  5.41   	   5.09		
303.65   	528.26   	  5.43   	   5.09		
108.03   	286.87   	  5.45   	   5.09		
-79.96   	 52.80   	  5.47   	   5.09		
-216.98   	-139.47   	  5.49   	   0.00		
-282.90   	-271.00   	  5.49   	   5.09		
-286.56   	-338.44   	  5.51   	   0.00		
-256.65   	-353.70   	  5.51   	   0.00		
-220.95   	-337.52   	  5.51   	  -5.09		
-191.35   	-310.06   	  5.49   	   0.00		
-164.79   	-281.37   	  5.49   	 -10.17		
-136.41   	-250.24   	  5.45   	  -5.09		
-106.51   	-213.01   	  5.43   	 -15.26		
-80.87   	-172.12   	  5.37   	 -15.26		
-65.31   	-136.41   	  5.31   	 -15.26		
-59.81   	-114.14   	  5.25   	 -20.35		
-59.20   	-105.59   	  5.17   	 -20.35		
-57.68   	-104.06   	  5.09   	 -20.35		
-53.10   	-103.15   	  5.01   	 -10.17		
-47.00   	-100.10   	  4.96   	   0.00		
-41.20   	-94.60   	  4.96   	  10.17		
-37.23   	-88.50   	  5.01   	  30.52		
-35.10   	-82.09   	  5.13   	  35.61		
-33.57   	-75.99   	  5.27   	  50.86		
-32.04   	-71.11   	  5.47   	  45.78		
-30.52   	-68.05   	  5.66   	  50.86		
-28.38   	-66.22   	  5.86   	  35.61		
-25.94   	-64.39   	  6.00   	  25.43		
-23.19   	-61.34   	  6.10   	   5.09		
-20.14   	-57.68   	  6.12(V)	 -10.17		
-16.48   	-54.02   	  6.08   	 -30.52		
-12.82   	-51.27   	  5.96   	 -40.69		
 -8.54   	-49.44   	  5.80   	 -50.86		
 -3.97   	-47.61   	  5.60   	 -50.86		
  0.61   	-44.56   	  5.39   	 -40.69		
  4.88   	-39.37   	  5.23   	 -30.52		
  8.24   	-32.96   	  5.11   	 -20.35		
 12.21   	-26.55   	  5.03   	   0.00		
 17.09   	-21.36   	  5.03   	  15.26		
 23.80   	-17.70   	  5.09   	  35.61		
 32.65   	-14.65   	  5.23   	  45.78		
 42.42   	 -9.77   	  5.41   	  50.86		
 52.49   	 -1.53   	  5.62   	  55.95		
 62.87   	 10.38   	  5.84   	  50.86		
 72.94   	 23.80   	  6.04   	  45.78		
 83.92   	 37.23   	  6.23   	  35.61		
 95.83   	 49.13   	  6.37   	  20.35		
108.64   	 59.81   	  6.45   	  10.17		
122.07   	 71.11   	  6.49   	  -5.09		
135.80   	 83.92   	  6.47   	 -20.35		
150.15   	 98.27   	  6.39   	 -25.43		
164.18   	113.83   	  6.29   	 -30.52		
177.92   	129.39   	  6.16   	 -35.61		
190.43   	144.65   	  6.02   	 -35.61		
200.50   	160.22   	  5.88   	 -35.61		
207.21   	175.17   	  5.74   	 -35.61		
210.57   	187.38   	  5.60   	 -25.43		
209.05   	194.40   	  5.49   	 -20.35		
202.03   	193.48   	  5.41   	 -20.35		
188.29   	183.41   	  5.33   	 -15.26		
169.07   	165.10   	  5.27   	 -15.26		
146.79   	141.91   	  5.21   	 -10.17		
123.29   	116.27   	  5.17   	 -15.26		
100.10   	 92.16   	  5.11   	 -10.17		
 76.90   	 71.11   	  5.07   	 -15.26		
 54.63   	 54.02   	  5.01   	 -10.17		
 34.48   	 40.59   	  4.96   	 -15.26		
 17.70   	 28.99   	  4.90   	 -10.17		
  4.58   	 16.48   	  4.86   	 -10.17		
 -5.19   	  2.75   	  4.82   	 -10.17		
-13.43   	-11.60   	  4.78   	 -10.17		
-19.84   	-23.50   	  4.74   	  -5.09		
-24.41   	-30.82   	  4.72   	   0.00		
-27.47   	-34.18   	  4.72   	   0.00		
-29.60   	-35.10   	  4.72   	   0.00		
-31.43   	-36.01   	  4.72   	   0.00		
-33.87   	-39.06   	  4.72   	   0.00		
-36.32   	-43.95   	  4.72   	   5.09		
-37.84   	-48.52   	  4.74   	   5.09		
-38.45   	-52.19   	  4.76   	   5.09		
-38.15   	-54.02   	  4.78   	   0.00		
-37.23   	-54.93   	  4.78   	   5.09		
-36.62   	-54.63   	  4.80   	   5.09		
-36.62   	-54.02   	  4.82   	   5.09		
-37.23   	-52.49   	  4.84   	   0.00		
-38.45   	-50.96   	  4.84   	   5.09		
-39.37   	-49.74   	  4.86   	   5.09		
-39.06   	-49.74   	  4.88   	   5.09		
-37.84   	-50.96   	  4.90   	   0.00		
-35.71   	-52.49   	  4.90   	  -5.09		
-33.87   	-53.71   	  4.88   	  -5.09		
-32.96   	-53.71   	  4.86   	 -10.17		
-33.57   	-52.19   	  4.82   	 -15.26		
-35.10   	-50.05   	  4.76   	 -25.43		
-36.93   	-48.52   	  4.66   	 -25.43		
-38.45   	-48.22   	  4.56   	 -30.52		
-39.37   	-49.74   	  4.44   	 -30.52		
-39.37   	-53.71   	  4.31   	 -35.61		
-39.37   	-57.98   	  4.17   	 -30.52		
-39.67   	-61.04   	  4.05   	 -25.43		
-40.28   	-60.73   	  3.95   	 -20.35		
-40.28   	-57.98   	  3.87   	 -10.17		
-39.98   	-54.32   	  3.83   	   0.00		
-39.37   	-52.19   	  3.83   	   5.09		
-39.06   	-52.19   	  3.85   	  10.17		
-39.37   	-53.41   	  3.89   	  20.35		
-39.67   	-53.71   	  3.97   	  25.43		
-40.28   	-53.10   	  4.07   	  25.43		
-40.59   	-52.19   	  4.17   	  30.52		
-40.89   	-51.57   	  4.29   	  25.43		
-41.20   	-51.57   	  4.39   	  30.52		
-41.50   	-51.88   	  4.52   	  25.43		
-41.20   	-51.88   	  4.62   	  20.35		
-39.98   	-51.88   	  4.70   	  20.35		
-39.06   	-52.49   	  4.78   	  10.17		
-38.15   	-53.71   	  4.82   	  10.17		
-38.15   	-54.93   	  4.86   	  10.17		
-38.76   	-55.24   	  4.90   	   5.09		
-39.37   	-55.24   	  4.92   	   5.09		
-40.59   	-55.24   	  4.94   	   0.00		
-41.20   	-56.76   	  4.94   	   0.00		
-41.81   	-58.59   	  4.94   	   0.00		
-41.50   	-60.73   	  4.94   	   5.09		
-40.89   	-61.34   	  4.96   	   0.00		
-39.98   	-61.04   	  4.96   	   0.00		
-39.98   	-60.42   	  4.96   	   5.09		
-40.59   	-60.42   	  4.98   	   0.00		
-42.11   	-60.73   	  4.98   	   5.09		
-43.03   	-60.73   	  5.01   	   0.00		
-43.03   	-59.51   	  5.01   	   0.00		
-42.72   	-57.68   	  5.01   	   0.00		
-42.42   	-56.76   	  5.01   	   0.00		
-42.72   	-57.37   	  5.01   	   0.00		
-43.64   	-58.90   	  5.01   	  -5.09		
-44.56   	-60.42   	  4.98   	   0.00		
-44.86   	-61.04   	  4.98   	  -5.09		
-44.56   	-61.04   	  4.96   	   0.00		
-43.95   	-61.34   	  4.96   	   0.00		
-43.64   	-61.34   	  4.96   	   0.00		
-43.64   	-61.95   	  4.96   	   5.09		
-44.25   	-61.95   	  4.98   	   5.09		
-44.56   	-61.95   	  5.01   	  10.17		
-45.17   	-61.65   	  5.05   	  10.17		
-45.47   	-61.34   	  5.09   	  10.17		
-45.17   	-61.34   	  5.13   	  15.26		
-44.25   	-60.73   	  5.19   	  10.17		
-42.72   	-60.12   	  5.23   	  15.26		
-41.81   	-59.51   	  5.29   	  10.17		
-41.50   	-59.81   	  5.33   	  15.26		
-42.42   	-60.42   	  5.39   	  10.17		
-43.33   	-61.65   	  5.43   	  10.17		
-43.95   	-62.87   	  5.47   	  10.17		
-43.95   	-63.78   	  5.51   	  10.17		
-43.64   	-63.48   	  5.55   	  10.17		
-43.64   	-62.56   	  5.60   	  15.26		
-43.64   	-61.34   	  5.66   	  10.17		
-43.64   	-60.12   	  5.70   	  15.26		
-43.33   	-59.51   	  5.76   	  10.17		
-43.03   	-59.51   	  5.80   	  15.26		
-43.03   	-59.51   	  5.86   	  10.17		
-43.03   	-59.20   	  5.90   	  10.17		
-42.42   	-58.59   	  5.94   	  15.26		
-41.81   	-57.37   	  6.00   	  10.17		
-41.20   	-55.85   	  6.04   	  10.17		
-40.89   	-55.24   	  6.08   	   5.09		
-41.50   	-55.24   	  6.10   	  10.17		
-42.11   	-55.85   	  6.14   	  10.17		
-42.42   	-57.07   	  6.19   	   5.09		
-41.81   	-57.37   	  6.21   	  10.17		
-40.28   	-57.07   	  6.25   	   5.09		
-38.76   	-55.85   	  6.27   	  10.17		
-37.84   	-54.63   	  6.31   	   5.09		
-38.45   	-54.32   	  6.33   	  10.17		
-39.37   	-54.63   	  6.37   	  10.17		
-39.98   	-54.63   	  6.41   	  10.17		
-39.37   	-53.10   	  6.45   	  15.26		
-36.93   	-47.91   	  6.51   	  10.17		
-33.26   	-37.54   	  6.55   	  10.17		
-28.69   	-21.36   	  6.59   	  10.17		
-23.80   	 -1.22   	  6.63   	  15.26		
-19.23   	 18.31   	  6.69   	  10.17		
-15.87   	 34.48   	  6.73   	  10.17		
-13.43   	 47.00   	  6.78   	  10.17		
-10.99   	 57.68   	  6.82   	  10.17		
 -6.41   	 69.58   	  6.86   	  10.17		
  0.92   	 83.92   	  6.90   	  10.17		
 10.38   	100.40   	  6.94   	  10.17		
 20.75   	117.80   	  6.98   	  10.17		
 29.91   	136.72   	  7.02   	   5.09		
 36.93   	156.86   	  7.04   	   5.09		
 43.95   	178.83   	  7.06   	  10.17		
 53.10   	200.81   	  7.10   	   5.09		
 65.31   	220.64   	  7.12   	   5.09		
 78.43   	234.07   	  7.14   	   5.09		
 86.98   	236.21   	  7.16   	   5.09		
 84.23   	221.86   	  7.18   	   5.09		
 66.83   	189.21   	  7.20   	   5.09		
 37.54   	141.30   	  7.22   	   5.09		
  4.88   	 86.06   	  7.24   	   5.09		
-21.06   	 32.96   	  7.26   	   5.09		
-35.71   	 -9.16   	  7.28   	   0.00		
-39.37   	-37.23   	  7.28   	   5.09		
-38.15   	-51.57   	  7.30   	   0.00		
-37.54   	-57.07   	  7.30   	   5.09		
-40.28   	-58.59   	  7.32   	   0.00		
-44.86   	-61.04   	  7.32   	   5.09		
-48.83   	-66.22   	  7.34   	   0.00		
-50.96   	-73.24   	  7.34   	   0.00		
-51.57   	-79.96   	  7.34   	   5.09		
-51.27   	-84.23   	  7.37   	   5.09		
-51.57   	-86.67   	  7.39   	   0.00		
-52.49   	-88.20   	  7.39   	  10.17		
-54.02   	-90.03   	  7.43   	   5.09		
-55.54   	-92.47   	  7.45   	  15.26		
-56.76   	-94.60   	  7.51   	  15.26		
-57.07   	-95.52   	  7.57   	  25.43		
-56.46   	-95.21   	  7.67   	  25.43		
-56.46   	-94.91   	  7.77   	  35.61		
-59.51   	-97.05   	  7.91   	  40.69		
-68.66   	-107.42   	  8.08   	  40.69		
-86.36   	-130.62   	  8.24   	  40.69		
-107.73   	-161.44   	  8.40   	  45.78		
-118.71   	-180.05   	  8.59   	  35.61		
-98.88   	-156.25   	  8.73   	  35.61		
-32.04   	-64.09   	  8.87   	  35.61		
 81.79   	104.06   	  9.01   	  25.43		
223.39   	327.45   	  9.11   	  20.35		
361.94   	561.52   	  9.20   	  20.35		
467.83   	753.78   	  9.28   	  10.17		
518.80   	857.24   	  9.32   	  10.17		
502.32   	840.45   	  9.36   	   5.09		
414.73   	703.43   	  9.38   	   5.09		
266.42   	480.04   	  9.40   	   0.00		
 85.75   	223.69   	  9.40   	   5.09		
-84.53   	-11.90   	  9.42   	   5.09		
-205.38   	-188.60   	  9.44   	   5.09		
-259.09   	-295.41   	  9.46   	   5.09		
-256.65   	-341.19   	  9.48   	  10.17		
-225.52   	-343.63   	  9.52   	  10.17		
-190.43   	-320.74   	  9.56   	  10.17		
-161.74   	-288.09   	  9.60   	  10.17		
-138.24   	-253.91   	  9.64   	  10.17		
-115.66   	-220.34   	  9.68   	  10.17		
-94.30   	-186.46   	  9.73   	   0.00		
-77.21   	-154.42   	  9.73   	   0.00		
-66.83   	-128.48   	  9.73   	  -5.09		
-61.95   	-112.00   	  9.70   	 -15.26		
-59.51   	-104.68   	  9.64   	 -15.26		
-56.76   	-101.93   	  9.58   	 -20.35		
-53.10   	-99.79   	  9.50   	 -15.26		
-49.13   	-95.83   	  9.44   	  -5.09		
-44.86   	-90.94   	  9.42   	   5.09		
-41.20   	-86.06   	  9.44   	  20.35		
-38.45   	-82.09   	  9.52   	  40.69		
-36.32   	-78.43   	  9.68   	  66.12		
-34.79   	-75.68   	  9.95   	  86.47		
-33.87   	-74.46   	 10.29   	  96.64		
-32.96   	-73.85   	 10.68   	 111.90		
-31.74   	-73.24   	 11.13   	 106.82		
-30.52   	-72.02   	 11.56   	  96.64		
-28.69   	-69.89   	 11.94   	  76.30		
-26.55   	-66.83   	 12.25   	  50.86		
-23.80   	-62.87   	 12.45   	  15.26		
-20.45   	-59.20   	 12.51   	 -10.17		
-17.09   	-55.54   	 12.47   	 -35.61		
-13.73   	-52.19   	 12.33   	 -50.86		
-10.07   	-48.52   	 12.13   	 -61.04		
 -6.71   	-44.56   	 11.88   	 -55.95		
 -2.75   	-40.89   	 11.66   	 -50.86		
  1.53   	-37.23   	 11.45   	 -30.52		
  6.71   	-33.26   	 11.33   	 -15.26		
 13.12   	-28.69   	 11.27   	  10.17		
 20.45   	-22.89   	 11.31   	  30.52		
 28.08   	-15.87   	 11.43   	  45.78		
 36.32   	 -7.93   	 11.62   	  55.95		
 44.56   	  0.00   	 11.84   	  66.12		
 53.41   	  8.24   	 12.11   	  55.95		
 62.56   	 17.09   	 12.33   	  55.95		
 72.63   	 26.86   	 12.55   	  35.61		
 83.62   	 37.84   	 12.70   	  20.35		
 94.91   	 49.74   	 12.78   	   5.09		
106.81   	 62.87   	 12.80   	 -10.17		
119.02   	 76.60   	 12.76   	 -30.52		
131.53   	 91.25   	 12.63   	 -35.61		
143.74   	106.51   	 12.49   	 -45.78		
155.94   	122.07   	 12.31   	 -50.86		
166.93   	137.94   	 12.11   	 -45.78		
177.00   	154.11   	 11.92   	 -40.69		
184.94   	169.98   	 11.76   	 -30.52		
189.82   	184.02   	 11.64   	 -25.43		
190.73   	194.09   	 11.54   	 -15.26		
186.77   	198.06   	 11.48   	 -10.17		
177.31   	195.31   	 11.43   	   0.00		
163.27   	185.85   	 11.43   	   0.00		
144.65   	170.90   	 11.43   	   0.00		
123.60   	151.67   	 11.43   	   5.09		
101.62   	130.31   	 11.45   	   0.00		
 80.26   	108.64   	 11.45   	   0.00		
 60.73   	 87.89   	 11.45   	  -5.09		
 43.64   	 68.66   	 11.43   	  -5.09		
 28.38   	 51.57   	 11.41   	  -5.09		
 15.56   	 36.01   	 11.39   	 -10.17		
  4.58   	 22.28   	 11.35   	  -5.09		
 -3.97   	 10.38   	 11.33   	 -10.17		
-10.38   	  0.31   	 11.29   	   0.00		
-15.26   	 -7.32   	 11.29   	  -5.09		
-19.23   	-13.73   	 11.27   	   5.09		
-22.58   	-18.62   	 11.29   	   5.09		
-25.63   	-22.89   	 11.31   	   5.09		
-27.77   	-26.25   	 11.33   	  10.17		
-29.30   	-28.99   	 11.37   	  10.17		
-29.91   	-30.82   	 11.41   	  10.17		
-29.91   	-32.35   	 11.45   	   5.09		
-29.91   	-33.87   	 11.48   	  10.17		
-29.91   	-35.71   	 11.52   	   5.09		
-29.60   	-37.23   	 11.54   	   5.09		
-28.99   	-38.15   	 11.56   	   0.00		
-28.69   	-38.45   	 11.56   	   0.00		
-28.08   	-38.15   	 11.56   	   0.00		
-27.77   	-37.84   	 11.56   	  -5.09		
-27.16   	-37.54   	 11.54   	   0.00		
-26.55   	-36.93   	 11.54   	   0.00		
-25.33   	-36.01   	 11.54   	   0.00		
-24.11   	-34.48   	 11.54   	  -5.09		
-23.80   	-33.26   	 11.52   	   0.00		
-24.41   	-32.96   	 11.52   	   0.00		
-25.63   	-33.57   	 11.52   	 -10.17		
-26.55   	-34.18   	 11.48   	  -5.09		
-26.86   	-34.18   	 11.45   	 -15.26		
-26.25   	-32.65   	 11.39   	 -20.35		
-25.63   	-31.13   	 11.31   	 -20.35		
-25.33   	-29.91   	 11.23   	 -20.35		
-25.63   	-29.60   	 11.15   	 -25.43		
-26.25   	-30.21   	 11.05   	 -20.35		
-26.86   	-31.13   	 10.97   	 -20.35		
-26.55   	-31.74   	 10.89   	 -20.35		
-26.55   	-32.04   	 10.80   	 -10.17		
-26.25   	-31.74   	 10.76   	  -5.09		
-26.25   	-31.13   	 10.74   	   0.00		
-26.25   	-30.82   	 10.74   	  10.17		
-25.94   	-30.52   	 10.78   	  10.17		
-25.63   	-30.21   	 10.82   	  15.26		
-25.02   	-30.52   	 10.89   	  15.26		
-25.02   	-31.13   	 10.95   	  20.35		
-24.72   	-32.04   	 11.03   	  20.35		
-25.02   	-33.26   	 11.11   	  20.35		
-25.33   	-34.79   	 11.19   	  20.35		
-25.94   	-36.62   	 11.27   	  20.35		
-26.25   	-38.15   	 11.35   	  15.26		
-26.25   	-38.76   	 11.41   	  10.17		
-25.94   	-38.15   	 11.45   	  10.17		
-24.72   	-36.93   	 11.50   	   5.09		
-23.80   	-36.01   	 11.52   	   5.09		
-22.89   	-36.01   	 11.54   	   0.00		
-22.58   	-37.23   	 11.54   	  -5.09		
-23.19   	-39.06   	 11.52   	  -5.09		
-23.80   	-40.59   	 11.50   	 -10.17		
-24.41   	-41.81   	 11.45   	 -10.17		
-24.41   	-41.81   	 11.41   	 -10.17		
-24.41   	-41.50   	 11.37   	  -5.09		
-24.41   	-41.20   	 11.35   	 -10.17		
-24.11   	-41.20   	 11.31   	 -10.17		
-24.41   	-41.81   	 11.27   	  -5.09		
-24.72   	-42.72   	 11.25   	  -5.09		
-25.33   	-43.64   	 11.23   	   0.00		
-26.55   	-44.25   	 11.23   	  -5.09		
-27.47   	-44.86   	 11.21   	   0.00		
-28.38   	-45.17   	 11.21   	   0.00		
-28.69   	-45.78   	 11.21   	   5.09		
-29.30   	-46.39   	 11.23   	   0.00		
-29.60   	-47.00   	 11.23   	   5.09		
-30.52   	-47.61   	 11.25   	   0.00		
-30.82   	-47.91   	 11.25   	   0.00		
-31.13   	-47.91   	 11.25   	   0.00		
-30.82   	-47.91   	 11.25   	   0.00		
-30.52   	-48.22   	 11.25   	  -5.09		
-30.52   	-48.22   	 11.23   	  -5.09		
-30.52   	-47.91   	 11.21   	 -10.17		
-30.21   	-47.61   	 11.17   	  -5.09		
-29.91   	-47.00   	 11.15   	 -10.17		
-28.99   	-47.00   	 11.11   	 -10.17		
-28.69   	-47.30   	 11.07   	  -5.09		
-28.69   	-47.91   	 11.05   	 -10.17		
-28.99   	-48.52   	 11.01   	  -5.09		
-29.30   	-49.13   	 10.99   	   0.00		
-29.60   	-49.13   	 10.99   	  -5.09		
-29.60   	-49.13   	 10.97   	   0.00		
-28.99   	-49.44   	 10.97   	   0.00		
-28.69   	-49.74   	 10.97   	   5.09		
-28.69   	-50.35   	 10.99   	   0.00		
-28.99   	-50.96   	 10.99   	   0.00		
-29.60   	-51.57   	 10.99   	   0.00		
-30.52   	-51.88   	 10.99   	  -5.09		
-30.82   	-51.27   	 10.97   	   0.00		
-30.52   	-50.05   	 10.97   	  -5.09		
-30.21   	-48.83   	 10.95   	  -5.09		
-29.91   	-48.52   	 10.93   	  -5.09		
-30.21   	-49.44   	 10.91   	 -10.17		
-31.13   	-50.96   	 10.86   	  -5.09		
-32.35   	-52.19   	 10.84   	  -5.09		
-32.96   	-51.88   	 10.82   	  -5.09		
-32.35   	-50.35   	 10.80   	  -5.09		
-31.43   	-48.83   	 10.78   	  -5.09		
-29.91   	-47.91   	 10.76   	  -5.09		
-28.99   	-48.22   	 10.74   	   0.00		
-28.38   	-48.83   	 10.74   	  -5.09		
-28.08   	-49.44   	 10.72   	   0.00		
-28.08   	-49.13   	 10.72   	  -5.09		
-28.08   	-48.83   	 10.70   	   0.00		
-28.08   	-48.83   	 10.70   	  -5.09		
-27.77   	-48.83   	 10.68   	  -5.09		
-26.86   	-48.52   	 10.66   	   0.00		
-26.25   	-48.52   	 10.66   	 -10.17		
-25.63   	-48.22   	 10.62   	  -5.09		
-25.94   	-47.61   	 10.60   	  -5.09		
-26.25   	-47.30   	 10.58   	 -10.17		
-26.25   	-47.30   	 10.54   	  -5.09		
-25.63   	-47.00   	 10.52   	 -10.17		
-24.41   	-46.69   	 10.48   	  -5.09		
-23.50   	-46.39   	 10.46   	 -10.17		
-23.50   	-45.78   	 10.42   	  -5.09		
-23.80   	-45.78   	 10.40   	 -10.17		
-24.11   	-45.78   	 10.36   	  -5.09		
-24.11   	-46.39   	 10.34   	  -5.09		
-23.80   	-47.61   	 10.32   	  -5.09		
-23.50   	-48.83   	 10.29   	  -5.09		
-23.19   	-49.44   	 10.27   	  -5.09		
-23.50   	-49.13   	 10.25   	  -5.09		
-24.11   	-47.91   	 10.23   	  -5.09		
-24.72   	-46.08   	 10.21   	  -5.09		
-24.41   	-42.72   	 10.19   	   0.00		
-22.28   	-35.10   	 10.19   	  -5.09		
-17.70   	-21.67   	 10.17   	  -5.09		
-11.29   	 -2.44   	 10.15   	   0.00		
 -4.58   	 18.92   	 10.15   	  -5.09		
  0.92   	 38.76   	 10.13   	  -5.09		
  4.88   	 54.63   	 10.11   	   0.00		
  7.63   	 67.44   	 10.11   	  -5.09		
 10.99   	 79.96   	 10.09   	   0.00		
 17.09   	 93.69   	 10.09   	  -5.09		
 26.25   	108.95   	 10.07   	   0.00		
 37.23   	124.51   	 10.07   	  -5.09		
 47.61   	139.77   	 10.05   	   0.00		
 56.15   	156.25   	 10.05   	  -5.09		
 63.17   	175.17   	 10.03   	  -5.09		
 70.80   	196.23   	 10.01   	  -5.09		
 81.48   	216.98   	  9.99   	 -10.17		
 94.60   	233.76   	  9.95   	 -10.17		
106.81   	241.09   	  9.91   	 -10.17		
110.47   	234.07   	  9.87   	 -10.17		
100.40   	209.05   	  9.83   	 -10.17		
 75.07   	166.32   	  9.79   	 -15.26		
 41.20   	112.30   	  9.73   	 -10.17		
  8.54   	 56.76   	  9.68   	 -15.26		
-14.04   	  9.77   	  9.62   	 -10.17		
-23.80   	-23.19   	  9.58   	 -15.26		
-24.72   	-41.81   	  9.52   	 -10.17		
-23.19   	-49.13   	  9.48   	 -10.17		
-23.80   	-51.57   	  9.44   	 -10.17		
-27.16   	-53.71   	  9.40   	 -10.17		
-31.13   	-57.37   	  9.36   	  -5.09		
-33.57   	-62.87   	  9.34   	 -10.17		
-35.10   	-68.66   	  9.30   	 -10.17		
-36.01   	-73.55   	  9.26   	 -10.17		
-37.84   	-76.90   	  9.22   	 -15.26		
-40.28   	-79.65   	  9.16   	 -15.26		
-42.42   	-82.40   	  9.09   	 -15.26		
-43.95   	-84.53   	  9.03   	 -15.26		
-44.56   	-86.36   	  8.97   	 -15.26		
-44.86   	-86.67   	  8.91   	 -10.17		
-44.86   	-86.36   	  8.87   	   0.00		
-44.86   	-85.75   	  8.87   	   5.09		
-45.17   	-85.45   	  8.89   	  15.26		
-49.13   	-88.50   	  8.95   	  25.43		
-60.42   	-100.10   	  9.05   	  25.43		
-79.96   	-122.68   	  9.16   	  35.61		
-100.71   	-148.01   	  9.30   	  40.69		
-105.29   	-154.72   	  9.46   	  35.61		
-71.41   	-114.75   	  9.60   	  35.61		
 13.73   	 -7.63   	  9.75   	  30.52		
143.43   	167.24   	  9.87   	  25.43		
293.27   	384.52   	  9.97   	  15.26		
429.38   	599.67   	 10.03   	  10.17		
523.07   	764.47   	 10.07   	   0.00		
556.03   	835.57   	 10.07   	   0.00		
518.80   	788.27   	 10.07   	 -10.17		
411.07   	630.80   	 10.03   	 -15.26		
248.41   	403.14   	  9.97   	 -10.17		
 62.87   	159.00   	  9.93   	 -10.17		
-102.54   	-54.02   	  9.89   	  -5.09		
-212.10   	-209.66   	  9.87   	   0.00		
-253.91   	-305.18   	  9.87   	   0.00		
-242.61   	-348.82   	  9.87   	  10.17		
-205.99   	-349.73   	  9.91   	  10.17		
-166.63   	-317.38   	  9.95   	  15.26		
-134.89   	-266.42   	 10.01   	  15.26		
-110.78   	-214.54   	 10.07   	  10.17		
-90.94   	-173.65   	 10.11   	  10.17		
-74.77   	-146.79   	 10.15   	  -5.09		
-63.17   	-130.31   	 10.13   	  -5.09		
-56.15   	-119.32   	 10.11   	 -20.35		
-51.57   	-110.17   	 10.03   	 -25.43		
-47.91   	-102.54   	  9.93   	 -30.52		
-44.56   	-96.74   	  9.81   	 -40.69		
-41.50   	-92.16   	  9.64   	 -35.61		
-39.06   	-88.50   	  9.50   	 -35.61		
-36.62   	-84.84   	  9.36   	 -30.52		
-34.18   	-80.87   	  9.24   	 -20.35		
-31.74   	-76.29   	  9.16   	  -5.09		
-29.30   	-71.11   	  9.14   	  10.17		
-26.86   	-66.83   	  9.18   	  20.35		
-25.33   	-64.39   	  9.26   	  40.69		
-24.11   	-62.87   	  9.42   	  50.86		
-22.89   	-61.65   	  9.62   	  61.04		
-20.75   	-60.12   	  9.87   	  61.04		
-18.01   	-57.68   	 10.11   	  55.95		
-15.26   	-54.32   	 10.34   	  50.86		
-12.82   	-50.66   	 10.54   	  30.52		
-10.68   	-47.61   	 10.66   	  15.26		
 -8.24   	-45.17   	 10.72   	  -5.09		
 -5.19   	-43.03   	 10.70   	 -25.43		
 -1.53   	-40.28   	 10.60   	 -35.61		
  2.44   	-36.62   	 10.46   	 -40.69		
  7.32   	-32.04   	 10.29   	 -45.78		
 12.51   	-26.55   	 10.11   	 -40.69		
 18.31   	-20.75   	  9.95   	 -30.52		
 24.41   	-14.95   	  9.83   	 -20.35		
 30.21   	 -9.16   	  9.75   	  -5.09		
 36.32   	 -2.75   	  9.73   	  10.17		
 43.64   	  4.88   	  9.77   	  20.35		
 52.49   	 14.04   	  9.85   	  35.61		
 62.87   	 24.41   	  9.99   	  35.61		
 74.46   	 35.71   	 10.13   	  40.69		
 86.67   	 47.00   	 10.29   	  35.61		
 99.49   	 59.51   	 10.44   	  30.52		
112.61   	 72.63   	 10.56   	  15.26		
126.34   	 86.98   	 10.62   	  10.17		
140.38   	101.93   	 10.66   	 -10.17		
154.11   	117.49   	 10.62   	 -20.35		
168.15   	133.67   	 10.54   	 -25.43		
181.58   	150.45   	 10.44   	 -40.69		
194.70   	167.85   	 10.27   	 -40.69		
206.60   	185.85   	 10.11   	 -45.78		
216.37   	202.64   	  9.93   	 -45.78		
222.47   	217.29   	  9.75   	 -40.69		
224.00   	227.05   	  9.58   	 -30.52		
220.03   	230.10   	  9.46   	 -30.52		
209.66   	225.83   	  9.34   	 -20.35		
193.79   	214.23   	  9.26   	 -15.26		
173.34   	196.84   	  9.20   	 -10.17		
150.45   	175.48   	  9.16   	  -5.09		
126.65   	152.28   	  9.14   	   0.00		
103.45   	128.78   	  9.14   	   0.00		
 82.40   	106.51   	  9.14   	   0.00		
 63.17   	 85.75   	  9.14   	  -5.09		
 46.08   	 66.53   	  9.11   	   0.00		
 30.82   	 48.52   	  9.11   	   0.00		
 17.70   	 32.65   	  9.11   	  -5.09		
  7.32   	 18.62   	  9.09   	  -5.09		
 -0.31   	  7.02   	  9.07   	   0.00		
 -6.10   	 -2.14   	  9.07   	  -5.09		
-10.38   	 -9.16   	  9.05   	  -5.09		
-14.04   	-14.04   	  9.03   	   0.00		
-17.40   	-17.09   	  9.03   	  -5.09		
-20.14   	-19.23   	  9.01   	   5.09		
-22.28   	-21.36   	  9.03   	   0.00		
-23.50   	-23.80   	  9.03   	   5.09		
-23.80   	-26.25   	  9.05   	   5.09		
-23.80   	-28.38   	  9.07   	   5.09		
-23.80   	-30.21   	  9.09   	   0.00		
-23.80   	-31.74   	  9.09   	   5.09		
-24.11   	-32.96   	  9.11   	   5.09		
-24.41   	-33.87   	  9.14   	   0.00		
-24.72   	-34.18   	  9.14   	   5.09		
-24.41   	-32.04   	  9.16   	  -5.09		
-22.58   	-26.25   	  9.14   	   0.00		
-18.01   	-14.04   	  9.14   	   0.00		
 -9.16   	  6.41   	  9.14   	  -5.09		
  4.88   	 35.71   	  9.11   	   0.00		
 27.16   	 72.94   	  9.11   	  -5.09		
 60.12   	119.02   	  9.09   	  -5.09		
107.42   	177.61   	  9.07   	 -10.17		
170.90   	253.91   	  9.03   	  -5.09		
250.55   	351.87   	  9.01   	 -10.17		
344.85   	469.97   	  8.97   	 -10.17		
452.27   	600.28   	  8.93   	 -15.26		
572.51   	733.64   	  8.87   	 -10.17		
703.74   	867.92   	  8.83   	 -20.35		
842.90   	1008.61   	  8.75   	 -15.26		
982.97   	1164.86   	  8.69   	 -20.35		
1110.84   	1343.69   	  8.61   	 -15.26		
1210.63   	1548.16   	  8.55   	 -15.26		
1270.75   	1779.17   	  8.48   	 -10.17		
1289.98   	2027.59   	  8.44   	  -5.09		
1280.52   	2266.85   	  8.42   	   0.00		
1259.16   	2446.29   	  8.42   	  10.17		
1233.52   	2505.19(R)	  8.46   	  10.17		
1191.10   	2399.90   	  8.50   	  15.26		
1103.82   	2125.85   	  8.57   	  20.35		
950.32   	1718.14   	  8.65   	  20.35		
734.25   	1239.62   	  8.73   	  25.43		
488.59   	762.02   	  8.83   	  20.35		
260.93   	353.09   	  8.91   	  25.43		
 88.20   	 61.65   	  9.01   	  20.35		
-20.14   	-101.32   	  9.09   	  15.26		
-80.57   	-167.24   	  9.16   	  10.17		
-118.41   	-193.18   	  9.20   	  10.17		
-150.76   	-224.61   	  9.24   	   5.09		
-180.36   	-274.96   	  9.26   	   0.00		
-203.55   	-327.45   	  9.26(A)	   0.00		
-216.98   	-362.24   	  9.26   	 -10.17		
-224.00   	-375.06   	  9.22   	 -10.17		
-229.19   	-377.81   	  9.18   	 -15.26		
-236.51   	-383.30   	  9.11   	 -15.26		
-245.36   	-395.20   	  9.05   	 -15.26		
-252.99   	-409.55   	  8.99   	 -20.35		
-258.48   	-421.14   	  8.91   	 -15.26		
-261.84   	-428.47   	  8.85   	 -15.26		
-264.59   	-433.35   	  8.79   	 -10.17		
-267.33   	-438.23   	  8.75   	 -10.17		
-270.39   	-444.64   	  8.71   	 -10.17		
-274.35   	-452.58   	  8.67   	  -5.09		
-278.32   	-460.51   	  8.65   	  -5.09		
-282.59   	-468.14   	  8.63   	  -5.09		
-286.87   	-475.46   	  8.61   	  -5.09		
-291.44   	-482.79   	  8.59   	  -5.09		
-296.02   	-491.03   	  8.57   	 -10.17		
-300.29   	-500.79   	  8.52   	 -10.17		
-304.87   	-510.86   	  8.48   	  -5.09		
-309.14   	-521.24   	  8.46   	 -10.17		
-314.03   	-531.31   	  8.42   	 -10.17		
-319.82   	-541.99   	  8.38   	  -5.09		
-325.93   	-553.59   	  8.36   	   0.00		
-332.34   	-567.02   	  8.36   	   0.00		
-338.75   	-581.36   	  8.36   	  10.17		
-344.85   	-596.92   	  8.40   	  15.26		
-350.65   	-612.79   	  8.46   	  15.26		
-356.45   	-628.36   	  8.52   	  20.35		
-362.24   	-644.23   	  8.61   	  20.35		
-368.35   	-659.79   	  8.69   	  20.35		
-374.45   	-675.05   	  8.77   	  15.26		
-379.94   	-690.00   	  8.83   	  10.17		
-383.91   	-703.74   	  8.87   	  10.17		
-386.05   	-715.94   	  8.91   	   5.09		
-385.74   	-726.01   	  8.93   	   0.00		
-383.30   	-732.73   	  8.93   	   0.00		
-377.81   	-735.78   	  8.93   	 -10.17		
-369.57   	-733.03   	  8.89   	  -5.09		
-357.97   	-723.88   	  8.87   	 -10.17		
-343.02   	-708.01   	  8.83   	 -15.26		
-324.71   	-684.51   	  8.77   	  -5.09		
-302.73   	-653.99   	  8.75   	 -10.17		
-277.10   	-615.54   	  8.71   	  -5.09		
-248.11   	-570.07   	  8.69   	  -5.09		
-217.29   	-517.88   	  8.67   	   0.00		
-185.85   	-460.21   	  8.67   	   0.00		
-155.33   	-398.86   	  8.67   	  10.17		
-127.26   	-336.91   	  8.71   	   5.09		
-103.15   	-278.32   	  8.73   	  10.17		
-83.92   	-226.14   	  8.77   	  15.26		
-70.19   	-182.80   	  8.83   	  10.17		
-61.65   	-148.62   	  8.87   	  10.17		
-56.76   	-123.29   	  8.91   	  10.17		
-54.32   	-104.68   	  8.95   	   5.09		
-53.10   	-91.25   	  8.97   	  10.17		
-52.49   	-81.48   	  9.01   	   0.00		
-52.49   	-74.16   	  9.01   	   5.09		
-52.80   	-68.97   	  9.03   	  -5.09		
-53.41   	-65.61   	  9.01   	   0.00		
-53.71   	-63.48   	  9.01   	   0.00		
-54.32   	-62.26   	  9.01   	  -5.09		
-55.24   	-61.65   	  8.99   	  -5.09		
-56.15   	-61.34   	  8.97   	   0.00		
-57.37   	-61.04   	  8.97   	   0.00		
-58.29   	-60.73   	  8.97   	   0.00		
-58.90   	-60.12   	  8.97   	   0.00		
-58.59   	-59.81   	  8.97   	   5.09		
-57.98   	-59.81   	  8.99   	   5.09		
-57.07   	-60.12   	  9.01   	   5.09		
-56.76   	-60.73   	  9.03   	   5.09		
-56.76   	-60.73   	  9.05   	   5.09		
-57.37   	-59.81   	  9.07   	  10.17		
-57.37   	-57.98   	  9.11   	   5.09		
-56.76   	-55.85   	  9.14   	   5.09		
-55.54   	-54.32   	  9.16   	   5.09		
-54.93   	-53.41   	  9.18   	   5.09		
-54.63   	-52.49   	  9.20   	   0.00		
-54.93   	-51.57   	  9.20   	   5.09		
-54.32   	-49.44   	  9.22   	   0.00		
-52.19   	-45.17   	  9.22   	   5.09		
-48.22   	-36.93   	  9.24   	   0.00		
-42.11   	-23.80   	  9.24   	   0.00		
-34.48   	 -5.80   	  9.24   	   5.09		
-27.47   	 14.04   	  9.26   	   0.00		
-21.97   	 32.04   	  9.26   	   5.09		
-18.62   	 46.69   	  9.28   	   5.09		
-16.78   	 58.29   	  9.30   	   5.09		
-14.04   	 69.27   	  9.32   	  10.17		
 -7.93   	 81.79   	  9.36   	   5.09		
  1.53   	 95.52   	  9.38   	  10.17		
 13.12   	109.86   	  9.42   	   5.09		
 23.80   	124.21   	  9.44   	  10.17		
 32.35   	140.08   	  9.48   	   5.09		
 39.06   	159.00   	  9.50   	   5.09		
 45.78   	180.97   	  9.52   	   5.09		
 55.24   	202.94   	  9.54   	   0.00		
 67.75   	220.64   	  9.54   	   0.00		
 79.96   	229.19   	  9.54   	   0.00		
 86.67   	224.30   	  9.54   	   0.00		
 81.18   	203.25   	  9.54   	  -5.09		
 61.65   	166.63   	  9.52   	   0.00		
 31.43   	118.10   	  9.52   	  -5.09		
 -0.61   	 65.31   	  9.50   	   0.00		
-26.55   	 16.48   	  9.50   	  -5.09		
-42.11   	-21.67   	  9.48   	   0.00		
-48.22   	-46.39   	  9.48   	  -5.09		
-49.74   	-59.51   	  9.46   	   0.00		
-51.27   	-65.31   	  9.46   	   0.00		
-54.32   	-68.36   	  9.46   	  -5.09		
-57.98   	-72.33   	  9.44   	  -5.09		
-60.73   	-77.82   	  9.42   	  -5.09		
-62.87   	-85.14   	  9.40   	 -10.17		
-64.39   	-92.16   	  9.36   	  -5.09		
-66.53   	-98.27   	  9.34   	 -15.26		
-68.97   	-102.23   	  9.28   	 -10.17		
-70.80   	-104.68   	  9.24   	 -10.17		
-71.72   	-105.90   	  9.20   	 -10.17		
-71.72   	-107.12   	  9.16   	  -5.09		
-71.72   	-108.34   	  9.14   	   0.00		
-71.72   	-109.25   	  9.14   	  10.17		
-71.72   	-109.25   	  9.18   	  15.26		
-71.72   	-108.34   	  9.24   	  25.43		
-71.72   	-107.42   	  9.34   	  30.52		
-71.41   	-106.81   	  9.46   	  35.61		
-71.11   	-106.81   	  9.60   	  35.61		
-70.50   	-106.81   	  9.75   	  40.69		
-69.89   	-106.20   	  9.91   	  30.52		
-68.97   	-105.29   	 10.03   	  30.52		
-68.66   	-104.37   	 10.15   	  25.43		
-68.97   	-104.06   	 10.25   	  10.17		
-72.33   	-106.20   	 10.29   	  10.17		
-82.09   	-115.97   	 10.34(V)	   0.00		
-100.10   	-135.80   	 10.34   	 -10.17		
-120.85   	-159.61   	 10.29   	 -10.17		
-127.87   	-167.54   	 10.25   	 -10.17		
-99.49   	-131.84   	 10.21   	 -15.26		
-21.06   	-32.04   	 10.15   	 -15.26		
104.68   	134.28   	 10.09   	 -10.17		
256.35   	343.93   	 10.05   	 -10.17		
402.22   	553.89   	 10.01   	 -10.17		
512.39   	718.08   	  9.97   	 -10.17		
564.88   	797.12   	  9.93   	   0.00		
543.82   	767.21   	  9.93   	  -5.09		
444.03   	633.54   	  9.91   	   0.00		
276.79   	428.16   	  9.91   	   5.09		
 75.68   	195.31   	  9.93   	   5.09		
-111.08   	-22.28   	  9.95   	  10.17		
-242.31   	-196.23   	  9.99   	  10.17		
-301.21   	-314.94   	 10.03   	  10.17		
-299.99   	-377.81   	 10.07   	  10.17		
-267.33   	-389.71   	 10.11   	  10.17		
-227.66   	-362.24   	 10.15   	  10.17		
-191.96   	-312.50   	 10.19   	   5.09		
-160.83   	-259.09   	 10.21   	   0.00		
-132.75   	-213.62   	 10.21   	 -10.17		
-108.03   	-178.53   	 10.17   	 -15.26		
-90.03   	-151.67   	 10.11   	 -20.35		
-79.65   	-131.84   	 10.03   	 -30.52		
-74.46   	-118.10   	  9.91   	 -40.69		
-70.50   	-109.86   	  9.75   	 -45.78		
-65.61   	-104.68   	  9.56   	 -45.78		
-59.81   	-100.71   	  9.38   	 -45.78		
-54.63   	-96.44   	  9.20   	 -45.78		
-50.96   	-92.16   	  9.01   	 -30.52		
-48.22   	-88.20   	  8.89   	 -15.26		
-46.39   	-84.23   	  8.83   	   0.00		
-44.56   	-80.57   	  8.83   	  20.35		
-42.11   	-76.60   	  8.91   	  40.69		
-39.37   	-73.55   	  9.07   	  50.86		
-36.62   	-70.50   	  9.28   	  55.95		
-34.18   	-67.75   	  9.50   	  50.86		
-31.74   	-65.00   	  9.70   	  35.61		
-29.60   	-61.95   	  9.85   	  20.35		
-26.86   	-58.59   	  9.93   	   0.00		
-23.50   	-54.93   	  9.93   	 -20.35		
-19.84   	-51.57   	  9.85   	 -45.78		
-15.26   	-47.91   	  9.66   	 -55.95		
-10.38   	-44.25   	  9.44   	 -61.04		
 -5.19   	-39.98   	  9.20   	 -61.04		
  0.61   	-35.10   	  8.95   	 -50.86		
  6.10   	-29.30   	  8.75   	 -40.69		
 11.60   	-23.50   	  8.59   	 -15.26		
 17.40   	-17.70   	  8.52   	   0.00		
 23.80   	-11.60   	  8.52   	  20.35		
 31.13   	 -5.49   	  8.61   	  35.61		
 39.98   	  1.22   	  8.75   	  45.78		
 49.74   	  8.85   	  8.93   	  45.78		
 60.73   	 17.70   	  9.11   	  45.78		
 73.24   	 28.08   	  9.30   	  40.69		
 86.67   	 40.59   	  9.46   	  25.43		
101.01   	 54.32   	  9.56   	  10.17		
115.97   	 68.36   	  9.60   	  -5.09		
130.31   	 82.70   	  9.58   	 -15.26		
144.35   	 97.66   	  9.52   	 -35.61		
158.39   	114.14   	  9.38   	 -40.69		
173.03   	132.45   	  9.22   	 -50.86		
187.38   	151.37   	  9.01   	 -50.86		
200.81   	169.98   	  8.81   	 -50.86		
211.49   	185.55   	  8.61   	 -45.78		
218.20   	197.14   	  8.42   	 -40.69		
219.73   	204.16   	  8.26   	 -35.61		
216.06   	205.99   	  8.12   	 -30.52		
207.82   	202.33   	  8.00   	 -20.35		
194.09   	192.57   	  7.91   	 -20.35		
175.48   	177.61   	  7.83   	 -10.17		
152.28   	158.39   	  7.79   	 -15.26		
126.34   	136.72   	  7.73   	 -15.26		
 99.79   	113.83   	  7.67   	 -10.17		
 74.77   	 90.64   	  7.63   	 -20.35		
 53.10   	 68.36   	  7.55   	 -15.26		
 35.40   	 47.91   	  7.49   	 -20.35		
 20.45   	 30.21   	  7.41   	 -20.35		
  7.93   	 15.26   	  7.32   	 -20.35		
 -2.75   	  2.75   	  7.24   	 -25.43		
-12.21   	 -7.63   	  7.14   	 -15.26		
-19.53   	-15.87   	  7.08   	 -20.35		
-25.02   	-22.58   	  7.00   	 -15.26		
-29.30   	-28.08   	  6.94   	 -10.17		
-32.96   	-32.65   	  6.90   	 -10.17		
-36.32   	-36.93   	  6.86   	  -5.09		
-39.37   	-40.59   	  6.84   	   0.00		
-41.81   	-43.33   	  6.84   	   0.00		
-42.72   	-45.47   	  6.84   	   0.00		
-43.03   	-47.00   	  6.84   	   0.00		
-42.42   	-47.91   	  6.84   	   0.00		
-41.50   	-47.91   	  6.84   	   0.00		
-41.20   	-47.91   	  6.84   	   0.00		
-41.20   	-48.22   	  6.84   	  -5.09		
-41.50   	-48.52   	  6.82   	  -5.09		
-41.50   	-49.13   	  6.80   	  -5.09		
-40.89   	-49.13   	  6.78   	 -10.17		
-40.28   	-49.13   	  6.73   	 -10.17		
-40.59   	-49.13   	  6.69   	 -10.17		
-40.89   	-49.74   	  6.65   	 -20.35		
-41.50   	-50.35   	  6.57   	 -15.26		
-41.20   	-50.96   	  6.51   	 -25.43		
-40.59   	-51.27   	  6.41   	 -25.43		
-40.28   	-51.27   	  6.31   	 -25.43		
-39.98   	-51.27   	  6.21   	 -30.52		
-39.98   	-51.27   	  6.08   	 -30.52		
-39.67   	-50.35   	  5.96   	 -30.52		
-39.37   	-49.13   	  5.84   	 -25.43		
-39.06   	-48.22   	  5.74   	 -20.35		
-39.37   	-48.22   	  5.66   	 -20.35		
-39.98   	-49.44   	  5.57   	 -10.17		
-40.89   	-50.96   	  5.53   	 -10.17		
-41.50   	-51.88   	  5.49   	   0.00		
-41.81   	-50.96   	  5.49   	   5.09		
-41.81   	-49.13   	  5.51   	   5.09		
-42.42   	-47.30   	  5.53   	  15.26		
-43.64   	-46.69   	  5.60   	  15.26		
-44.86   	-47.61   	  5.66   	  15.26		
-45.78   	-49.74   	  5.72   	  15.26		
-46.39   	-52.19   	  5.78   	  15.26		
-46.08   	-54.02   	  5.84   	  15.26		
-45.47   	-54.02   	  5.90   	  15.26		
-45.17   	-53.41   	  5.96   	  10.17		
-44.56   	-51.88   	  6.00   	  10.17		
-44.25   	-51.27   	  6.04   	   5.09		
-44.56   	-51.88   	  6.06   	   0.00		
-45.17   	-53.41   	  6.06   	   0.00		
-45.47   	-54.63   	  6.06   	   0.00		
-44.86   	-55.24   	  6.06   	  -5.09		
-44.25   	-55.24   	  6.04   	  -5.09		
-43.33   	-55.54   	  6.02   	 -10.17		
-42.72   	-56.46   	  5.98   	 -10.17		
-42.42   	-57.37   	  5.94   	  -5.09		
-42.11   	-57.68   	  5.92   	 -10.17		
-42.42   	-57.07   	  5.88   	 -15.26		
-43.03   	-56.15   	  5.82   	 -10.17		
-44.25   	-55.85   	  5.78   	  -5.09		
-45.47   	-57.37   	  5.76   	 -10.17		
-46.39   	-59.51   	  5.72   	 -10.17		
-46.08   	-61.65   	  5.68   	  -5.09		
-45.17   	-63.17   	  5.66   	 -10.17		
-43.95   	-63.17   	  5.62   	  -5.09		
-43.03   	-62.87   	  5.60   	 -10.17		
-43.03   	-62.26   	  5.55   	  -5.09		
-43.33   	-61.65   	  5.53   	 -10.17		
-44.25   	-61.34   	  5.49   	 -10.17		
-45.47   	-61.34   	  5.45   	 -10.17		
-46.69   	-61.34   	  5.41   	 -15.26		
-47.30   	-61.34   	  5.35   	 -10.17		
-47.61   	-61.04   	  5.31   	 -10.17		
-47.30   	-60.73   	  5.27   	 -10.17		
-46.69   	-60.12   	  5.23   	 -15.26		
-46.08   	-59.20   	  5.17   	 -10.17		
-45.47   	-57.98   	  5.13   	  -5.09		
-45.17   	-56.46   	  5.11   	 -10.17		
-44.86   	-55.85   	  5.07   	  -5.09		
-45.17   	-56.15   	  5.05   	  -5.09		
-45.17   	-56.76   	  5.03   	   0.00		
-44.56   	-56.46   	  5.03   	  -5.09		
-43.95   	-55.24   	  5.01   	   0.00		
-43.64   	-53.10   	  5.01   	   0.00		
-43.64   	-51.88   	  5.01   	   0.00		
-43.95   	-51.88   	  5.01   	   0.00		
-44.25   	-53.10   	  5.01   	   0.00		
-43.64   	-54.93   	  5.01   	  -5.09		
-43.33   	-55.85   	  4.98   	   0.00		
-43.03   	-55.54   	  4.98   	   0.00		
-43.33   	-54.63   	  4.98   	  -5.09		
-43.95   	-53.41   	  4.96   	  -5.09		
-43.95   	-52.80   	  4.94   	   0.00		
-43.64   	-53.41   	  4.94   	  -5.09		
-42.72   	-54.93   	  4.92   	  -5.09		
-41.81   	-56.46   	  4.90   	  -5.09		
-41.20   	-56.76   	  4.88   	  -5.09		
-40.89   	-55.54   	  4.86   	  -5.09		
-40.89   	-53.10   	  4.84   	  -5.09		
-41.50   	-50.35   	  4.82   	  -5.09		
-42.42   	-48.52   	  4.80   	  -5.09		
-43.03   	-48.52   	  4.78   	  -5.09		
-43.64   	-49.74   	  4.76   	   0.00		
-43.33   	-51.27   	  4.76   	  -5.09		
-42.42   	-52.19   	  4.74   	  -5.09		
-41.50   	-52.49   	  4.72   	  -5.09		
-40.59   	-51.57   	  4.70   	  -5.09		
-40.28   	-50.35   	  4.68   	  -5.09		
-40.28   	-49.13   	  4.66   	  -5.09		
-40.59   	-48.22   	  4.64   	  -5.09		
-40.59   	-47.61   	  4.62   	 -10.17		
-39.98   	-47.61   	  4.58   	  -5.09		
-39.06   	-47.00   	  4.56   	   0.00		
-38.45   	-45.78   	  4.56   	  -5.09		
-38.45   	-43.33   	  4.54   	  -5.09		
-39.06   	-39.98   	  4.52   	  -5.09		
-39.37   	-37.23   	  4.50   	   0.00		
-38.76   	-36.01   	  4.50   	  -5.09		
-37.23   	-36.32   	  4.48   	   0.00		
-34.48   	-37.54   	  4.48   	  -5.09		
-31.74   	-38.76   	  4.46   	   0.00		
-30.52   	-40.28   	  4.46   	  -5.09		
-30.82   	-42.11   	  4.44   	  -5.09		
-32.35   	-44.25   	  4.42   	  -5.09		
-33.87   	-45.78   	  4.39   	   0.00		
-34.48   	-45.47   	  4.39   	  -5.09		
-33.87   	-41.81   	  4.37   	   0.00		
-32.04   	-34.18   	  4.37   	  -5.09		
-28.69   	-21.67   	  4.35   	  -5.09		
-23.50   	 -4.88   	  4.33   	   0.00		
-17.09   	 15.26   	  4.33   	  -5.09		
-10.68   	 35.40   	  4.31   	   0.00		
 -6.10   	 52.80   	  4.31   	  -5.09		
 -3.36   	 66.22   	  4.29   	  -5.09		
 -1.53   	 76.90   	  4.27   	   0.00		
  1.83   	 86.98   	  4.27   	  -5.09		
  8.24   	 98.57   	  4.25   	  -5.09		
 18.31   	112.00   	  4.23   	   0.00		
 30.52   	126.95   	  4.23   	  -5.09		
 41.81   	143.43   	  4.21   	   0.00		
 50.66   	162.66   	  4.21   	   0.00		
 58.59   	184.02   	  4.21   	  -5.09		
 68.36   	206.91   	  4.19   	   0.00		
 81.48   	228.27   	  4.19   	  -5.09		
 96.13   	243.53   	  4.17   	  -5.09		
105.59   	247.19   	  4.15   	   0.00		
101.93   	234.38   	  4.15   	  -5.09		
 82.09   	202.94   	  4.13   	 -10.17		
 50.35   	155.03   	  4.09   	  -5.09		
 16.17   	 98.57   	  4.07   	  -5.09		
-10.07   	 43.95   	  4.05   	 -10.17		
-23.80   	 -0.31   	  4.01   	 -10.17		
-27.16   	-28.69   	  3.97   	  -5.09		
-26.86   	-42.11   	  3.95   	 -10.17		
-28.08   	-44.86   	  3.91   	  -5.09		
-32.65   	-43.33   	  3.89   	  -5.09		
-38.15   	-42.42   	  3.87   	   0.00		
-41.81   	-44.56   	  3.87   	  -5.09		
-42.72   	-50.66   	  3.85   	   0.00		
-42.42   	-58.90   	  3.85   	   0.00		
-43.03   	-68.05   	  3.85   	   0.00		
-45.78   	-75.68   	  3.85   	   0.00		
-49.13   	-80.87   	  3.85   	   0.00		
-51.27   	-82.70   	  3.85   	   0.00		
-51.88   	-81.79   	  3.85   	   0.00		
-50.96   	-79.35   	  3.85   	   5.09		
-49.74   	-76.90   	  3.87   	  10.17		
-49.44   	-75.68   	  3.91   	  10.17		
-50.05   	-75.99   	  3.95   	  15.26		
-52.19   	-78.74   	  4.01   	  20.35		
-58.90   	-87.59   	  4.09   	  20.35		
-73.55   	-107.12   	  4.17   	  20.35		
-94.60   	-135.50   	  4.25   	  15.26		
-111.08   	-158.39   	  4.31   	  20.35		
-103.45   	-147.71   	  4.39   	  10.17		
-50.96   	-75.99   	  4.44   	  15.26		
 52.80   	 70.50   	  4.50   	   5.09		
195.92   	280.46   	  4.52   	   0.00		
349.12   	514.83   	  4.52   	   0.00		
479.43   	720.83   	  4.52   	  -5.09		
558.47   	849.91   	  4.50   	  -5.09		
567.02   	867.00   	  4.48   	  -5.09		
495.91   	765.38   	  4.46   	  -5.09		
351.26   	570.98   	  4.44   	  -5.09		
159.00   	330.51   	  4.42   	  -5.09		
-36.62   	 92.77   	  4.39   	  -5.09		
-189.51   	-101.93   	  4.37   	   0.00		
-272.22   	-234.07   	  4.37   	   0.00		
-287.17   	-304.57   	  4.37   	   5.09		
-259.40   	-325.01   	  4.39   	   0.00		
-219.12   	-313.42   	  4.39   	   5.09		
-184.33   	-287.78   	  4.42   	   0.00		
-157.47   	-259.09   	  4.42   	   0.00		
-133.97   	-228.88   	  4.42   	   0.00		
-110.47   	-194.70   	  4.42   	  -5.09		
-88.20   	-157.47   	  4.39   	  -5.09		
-70.80   	-123.29   	  4.37   	 -15.26		
-60.73   	-99.49   	  4.31   	 -10.17		
-56.76   	-88.50   	  4.27   	 -20.35		
-55.85   	-85.14   	  4.19   	 -15.26		
-54.93   	-83.62   	  4.13   	 -15.26		
-52.80   	-79.65   	  4.07   	 -10.17		
-49.44   	-73.85   	  4.03   	   0.00		
-45.17   	-68.36   	  4.03   	  10.17		
-41.20   	-64.39   	  4.07   	  30.52		
-37.84   	-61.95   	  4.19   	  45.78		
-35.71   	-60.73   	  4.37   	  61.04		
-34.18   	-59.81   	  4.62   	  71.21		
-32.65   	-58.59   	  4.90   	  76.30		
-30.52   	-56.15   	  5.21   	  76.30		
-28.38   	-52.19   	  5.51   	  61.04		
-26.25   	-47.00   	  5.76   	  45.78		
-24.72   	-41.81   	  5.94   	  20.35		
-23.50   	-37.54   	  6.02   	   0.00		
-21.67   	-35.71   	  6.02   	 -20.35		
-18.31   	-36.01   	  5.94   	 -40.69		
-14.04   	-37.23   	  5.78   	 -45.78		
 -8.85   	-37.54   	  5.60   	 -50.86		
 -3.97   	-35.10   	  5.39   	 -50.86		
  0.31   	-30.21   	  5.19   	 -35.61		
  4.58   	-24.11   	  5.05   	 -20.35		
  9.46   	-18.01   	  4.96   	   0.00		
 16.17   	-12.51   	  4.96   	  15.26		
 23.50   	 -7.63   	  5.03   	  30.52		
 31.13   	 -2.44   	  5.15   	  45.78		
 38.45   	  3.05   	  5.33   	  45.78		
 45.47   	  9.16   	  5.51   	  50.86		
 53.71   	 16.48   	  5.72   	  45.78		
 63.78   	 25.63   	  5.90   	  35.61		
 75.99   	 36.32   	  6.04   	  20.35		
 89.11   	 47.91   	  6.12   	   5.09		
102.23   	 59.51   	  6.14   	 -10.17		
115.66   	 72.02   	  6.10   	 -25.43		
130.00   	 85.75   	  6.00   	 -40.69		
144.96   	101.01   	  5.84   	 -45.78		
160.22   	117.80   	  5.66   	 -45.78		
175.48   	134.58   	  5.47   	 -50.86		
189.82   	151.06   	  5.27   	 -45.78		
202.03   	166.63   	  5.09   	 -40.69		
212.40   	181.88   	  4.92   	 -30.52		
219.73   	195.92   	  4.80   	 -25.43		
223.08   	207.82   	  4.70   	 -10.17		
221.86   	215.45   	  4.66   	 -10.17		
215.15   	217.90   	  4.62   	   0.00		
202.33   	214.23   	  4.62   	   0.00		
184.63   	204.16   	  4.62   	   5.09		
162.66   	188.90   	  4.64   	   0.00		
138.24   	169.98   	  4.64   	   0.00		
113.83   	149.23   	  4.64   	  -5.09		
 90.94   	128.48   	  4.62   	  -5.09		
 69.89   	108.34   	  4.60   	 -15.26		
 51.27   	 89.11   	  4.54   	 -10.17		
 34.79   	 70.50   	  4.50   	 -15.26		
 19.84   	 53.10   	  4.44   	 -15.26		
  7.02   	 38.15   	  4.37   	 -15.26		
 -3.36   	 25.63   	  4.31   	 -10.17		
-10.68   	 15.56   	  4.27   	 -10.17		
-16.17   	  7.63   	  4.23   	  -5.09		
-19.84   	  0.61   	  4.21   	   0.00		
-22.58   	 -5.80   	  4.21   	   0.00		
-25.33   	-12.21   	  4.21   	  10.17		
-27.47   	-17.40   	  4.25   	  10.17		
-28.99   	-21.06   	  4.29   	  15.26		
-29.60   	-22.28   	  4.35   	  15.26		
-29.60   	-21.36   	  4.42   	  10.17		
-29.30   	-19.53   	  4.46   	  15.26		
-28.99   	-18.92   	  4.52   	  10.17		
-28.69   	-19.84   	  4.56   	   5.09		
-28.99   	-21.67   	  4.58   	   5.09		
-29.60   	-22.89   	  4.60   	   0.00		
-30.21   	-22.89   	  4.60   	  -5.09		
-30.52   	-21.36   	  4.58   	  -5.09		
-30.52   	-19.53   	  4.56   	 -10.17		
-30.21   	-18.01   	  4.52   	 -10.17		
-29.60   	-14.95   	  4.48   	 -10.17		
-28.08   	 -8.24   	  4.44   	 -10.17		
-24.11   	  4.88   	  4.39   	 -15.26		
-16.17   	 25.94   	  4.33   	 -20.35		
 -2.14   	 55.24   	  4.25   	 -15.26		
 20.45   	 92.47   	  4.19   	 -20.35		
 54.02   	140.38   	  4.11   	 -20.35		
101.62   	202.94   	  4.03   	 -25.43		
164.18   	285.03   	  3.93   	 -20.35		
241.09   	388.79   	  3.85   	 -20.35		
331.73   	509.95   	  3.76   	 -25.43		
435.79   	639.34   	  3.66   	 -15.26		
552.98   	769.35   	  3.60   	 -15.26		
680.85   	901.18   	  3.54   	  -5.09		
816.35   	1043.09   	  3.52   	  -5.09		
951.84   	1205.44   	  3.50   	   0.00		
1075.44   	1395.26   	  3.50   	   5.09		
1171.88   	1616.52   	  3.52   	  10.17		
1229.86   	1868.29   	  3.56   	  15.26		
1249.69   	2135.62   	  3.62   	  15.26		
1242.98   	2382.20   	  3.68   	  20.35		
1224.98   	2550.96   	  3.76   	  20.35		
1198.43   	2581.79(R)	  3.85   	  25.43		
1148.07   	2440.80   	  3.95   	  25.43		
1048.28   	2134.70   	  4.05   	  20.35		
884.70   	1705.02   	  4.13   	  20.35		
668.64   	1215.21   	  4.21   	  20.35		
437.01   	736.69   	  4.29   	  15.26		
231.02   	336.91   	  4.35   	  10.17		
 78.13   	 60.42   	  4.39   	   5.09		
-20.75   	-88.81   	  4.42   	   5.09		
-82.09   	-150.76   	  4.44   	   0.00		
-125.43   	-183.41   	  4.44   	  -5.09		
-160.83   	-226.14   	  4.42   	  -5.09		
-189.21   	-283.81   	  4.39   	 -10.17		
-207.82   	-337.52   	  4.35   	 -15.26		
-218.20   	-369.26   	  4.29   	 -10.17		
-225.22   	-379.64   	  4.25   	 -15.26		
-232.85   	-381.47   	  4.19   	 -15.26		
-241.70   	-386.35   	  4.13   	 -10.17		
-249.94   	-397.64   	  4.09   	 -10.17		
-255.74   	-411.07   	  4.05   	 -15.26		
-259.40   	-423.28   	  3.99   	 -10.17		
-261.84   	-432.74   	  3.95   	  -5.09		
-263.98   	-439.76   	  3.93   	 -10.17		
-265.81   	-444.64   	  3.89   	  -5.09		
-268.55   	-448.91   	  3.87   	 -10.17		
-272.52   	-453.80   	  3.83   	  -5.09		
-277.71   	-459.90   	  3.80   	 -10.17		
-282.90   	-467.53   	  3.76   	 -10.17		
-286.25   	-476.07   	  3.72   	 -10.17		
-287.78   	-485.23   	  3.68   	 -10.17		
-289.31   	-495.00   	  3.64   	 -10.17		
-292.05   	-504.46   	  3.60   	 -10.17		
-296.94   	-512.70   	  3.56   	 -10.17		
-303.34   	-520.63   	  3.52   	  -5.09		
-310.36   	-529.17   	  3.50   	  -5.09		
-317.08   	-540.47   	  3.48   	   0.00		
-323.18   	-554.50   	  3.48   	   0.00		
-328.67   	-570.37   	  3.48   	  10.17		
-333.86   	-586.55   	  3.52   	  15.26		
-338.75   	-601.81   	  3.58   	  20.35		
-344.54   	-616.46   	  3.66   	  25.43		
-351.56   	-631.71   	  3.76   	  30.52		
-359.19   	-647.89   	  3.89   	  35.61		
-366.21   	-664.98   	  4.03   	  30.52		
-371.70   	-682.68   	  4.15   	  25.43		
-375.67   	-700.07   	  4.25   	  25.43		
-378.11   	-716.55   	  4.35   	  20.35		
-379.64   	-729.98   	  4.44   	  10.17		
-379.64   	-740.05   	  4.48   	   5.09		
-377.50   	-745.54   	  4.50(A)	   0.00		
-372.92   	-746.46   	  4.50   	  -5.09		
-364.69   	-743.71   	  4.48   	 -15.26		
-353.39   	-736.69   	  4.42   	 -15.26		
-338.75   	-723.88   	  4.35   	 -15.26		
-321.35   	-703.74   	  4.29   	 -20.35		
-301.51   	-674.13   	  4.21   	 -15.26		
-278.93   	-634.77   	  4.15   	 -10.17		
-253.60   	-586.55   	  4.11   	  -5.09		
-225.22   	-531.01   	  4.09   	   0.00		
-194.09   	-470.58   	  4.09   	   5.09		
-162.35   	-407.71   	  4.11   	  10.17		
-131.84   	-344.54   	  4.15   	  15.26		
-104.68   	-284.12   	  4.21   	  20.35		
-82.70   	-228.88   	  4.29   	  15.26		
-66.53   	-181.58   	  4.35   	  15.26		
-55.85   	-144.35   	  4.42   	  15.26		
-49.44   	-117.19   	  4.48   	  15.26		
-46.39   	-98.88   	  4.54   	   5.09		
-44.56   	-85.75   	  4.56   	  10.17		
-43.33   	-75.68   	  4.60   	   0.00		
-43.03   	-67.14   	  4.60   	   0.00		
-43.33   	-60.73   	  4.60   	   0.00		
-44.86   	-57.37   	  4.60   	   0.00		
-46.39   	-56.46   	  4.60   	  -5.09		
-48.22   	-57.37   	  4.58   	   0.00		
-49.13   	-58.29   	  4.58   	   5.09		
-50.05   	-58.29   	  4.60   	   0.00		
-50.96   	-57.07   	  4.60   	   5.09		
-51.57   	-55.85   	  4.62   	   5.09		
-51.88   	-55.54   	  4.64   	  10.17		
-51.57   	-56.76   	  4.68   	  10.17		
-51.27   	-58.59   	  4.72   	   5.09		
-50.35   	-59.51   	  4.74   	  10.17		
-48.83   	-56.46   	  4.78   	   5.09		
-46.39   	-48.22   	  4.80   	   0.00		
-43.33   	-35.40   	  4.80   	  -5.09		
-39.67   	-20.45   	  4.78   	  -5.09		
-36.01   	 -5.80   	  4.76   	 -10.17		
-32.65   	  6.41   	  4.72   	 -10.17		
-30.21   	 16.78   	  4.68   	 -10.17		
-28.99   	 27.16   	  4.64   	 -15.26		
-28.08   	 39.37   	  4.58   	 -10.17		
-25.63   	 54.02   	  4.54   	 -10.17		
-19.53   	 70.50   	  4.50   	   0.00		
 -9.77   	 86.67   	  4.50   	   5.09		
  2.14   	103.15   	  4.52   	  15.26		
 14.34   	119.93   	  4.58   	  25.43		
 23.80   	138.85   	  4.68   	  35.61		
 30.82   	160.22   	  4.82   	  55.95		
 36.93   	183.11   	  5.05   	  66.12		
 45.17   	204.16   	  5.31   	  76.30		
 56.15   	219.73   	  5.62   	  86.47		
 66.83   	225.83   	  5.96   	  86.47		
 70.80   	219.12   	  6.31   	  81.38		
 61.04   	198.06   	  6.63   	  71.21		
 37.23   	162.66   	  6.92   	  61.04		
  6.71   	116.27   	  7.16   	  30.52		
-20.75   	 64.09   	  7.28   	  10.17		
-37.54   	 13.43   	  7.32   	 -20.35		
-42.72   	-28.08   	  7.24   	 -50.86		
-42.42   	-56.46   	  7.04   	 -71.21		
-42.72   	-72.02   	  6.75   	 -96.64		
-46.08   	-77.82   	  6.37   	-111.90		
-51.57   	-79.35   	  5.92   	-122.07		
-55.54   	-80.26   	  5.43   	-111.90		
-57.37   	-81.79   	  4.98   	-101.73		
-57.98   	-83.92   	  4.58   	 -81.38		
-58.90   	-87.28   	  4.25   	 -55.95		
-61.34   	-92.47   	  4.03   	 -25.43		
-64.39   	-99.79   	  3.93   	  10.17		
-66.53   	-107.42   	  3.97   	  35.61		
-67.14   	-114.14   	  4.11   	  61.04		
-66.83   	-117.80   	  4.35   	  76.30		
-66.53   	-118.71   	  4.66   	  81.38		
-66.53   	-117.80   	  4.98   	  81.38		
-67.14   	-116.58   	  5.31   	  76.30		
-67.44   	-116.27   	  5.62   	  55.95		
-67.75   	-117.19   	  5.84   	  35.61		
-67.75   	-118.41   	  5.98   	  10.17		
-68.05   	-119.63   	  6.02   	 -10.17		
-67.75   	-119.93   	  5.98   	 -30.52		
-67.44   	-119.63   	  5.86   	 -50.86		
-66.83   	-119.63   	  5.66   	 -50.86		
-65.61   	-120.24   	  5.45   	 -55.95		
-64.70   	-120.85   	  5.23   	 -50.86		
-65.31   	-122.68   	  5.03   	 -30.52		
-71.11   	-129.09   	  4.90   	 -15.26		
-85.14   	-145.87   	  4.84   	  10.17		
-104.37   	-170.59   	  4.88   	  35.61		
-115.66   	-186.77   	  5.03   	  55.95		
-99.18   	-164.18   	  5.25   	  76.30		
-36.62   	-75.68   	  5.55   	  86.47		
 74.46   	 88.50   	  5.90   	  91.56		
218.20   	310.67   	  6.27   	  86.47		
364.99   	546.57   	  6.61   	  81.38		
482.48   	742.80   	  6.94   	  61.04		
546.57   	853.58   	  7.18   	  40.69		
540.47   	849.30   	  7.34   	  20.35		
457.15   	729.06   	  7.43(V)	 -10.17		
305.18   	521.24   	  7.39   	 -25.43		
112.92   	270.39   	  7.28   	 -45.78		
-74.77   	 24.72   	  7.10   	 -55.95		
-213.93   	-175.17   	  6.88   	 -61.04		
-281.98   	-307.01   	  6.63   	 -66.12		
-287.48   	-369.26   	  6.37   	 -61.04		
-259.40   	-376.89   	  6.12   	 -50.86		
-225.83   	-354.31   	  5.92   	 -45.78		
-198.67   	-324.10   	  5.74   	 -30.52		
-174.87   	-296.63   	  5.62   	  N/A		
