  I     	  II     	  PW     	  PW'		
-18.01   	 -9.46   	  5.70   	 -50.86		
-18.01   	 -9.77   	  5.49   	 -50.86		
-18.62   	 -9.77   	  5.29   	 -45.78		
-19.53   	 -8.85   	  5.11   	 -40.69		
-20.14   	 -7.93   	  4.94   	 -45.78		
-19.84   	 -6.71   	  4.76   	 -40.69		
-18.62   	 -6.10   	  4.60   	 -35.61		
-17.40   	 -6.41   	  4.46   	 -40.69		
-16.78   	 -7.63   	  4.29   	 -35.61		
-16.78   	 -9.16   	  4.15   	 -35.61		
-17.70   	-11.60   	  4.01   	 -35.61		
-18.31   	-14.04   	  3.87   	 -30.52		
-18.62   	-16.17   	  3.74   	 -25.43		
-18.31   	-16.48   	  3.64   	 -25.43		
-17.70   	-15.56   	  3.54   	 -25.43		
-16.48   	-13.43   	  3.44   	 -15.26		
-15.87   	-12.51   	  3.38   	 -15.26		
-15.87   	-12.51   	  3.32   	 -10.17		
-16.17   	-12.82   	  3.28   	  -5.09		
-16.78   	-12.21   	  3.26   	 -10.17		
-16.78   	-10.38   	  3.21   	  -5.09		
-15.87   	 -8.85   	  3.19   	   0.00		
-14.34   	 -8.24   	  3.19   	  -5.09		
-12.51   	 -9.16   	  3.17   	  -5.09		
-11.29   	-10.68   	  3.15   	  -5.09		
-10.99   	-11.90   	  3.13   	  -5.09		
-10.99   	-12.21   	  3.11   	  -5.09		
-11.29   	-11.90   	  3.09   	  -5.09		
-10.99   	-10.38   	  3.07   	   0.00		
-10.38   	 -7.93   	  3.07   	  -5.09		
 -9.77   	 -5.80   	  3.05   	   0.00		
 -9.77   	 -4.88   	  3.05   	   5.09		
-10.68   	 -5.49   	  3.07   	   5.09		
-11.90   	 -7.02   	  3.09   	  10.17		
-12.82   	 -9.16   	  3.13   	  10.17		
-13.12   	-10.68   	  3.17   	  10.17		
-13.12   	-11.29   	  3.21   	  15.26		
-13.43   	-11.29   	  3.28   	  15.26		
-14.34   	-11.29   	  3.34   	  20.35		
-15.26   	-11.60   	  3.42   	  15.26		
-15.56   	-11.60   	  3.48   	  20.35		
-15.26   	-10.38   	  3.56   	  20.35		
-13.73   	 -7.63   	  3.64   	  20.35		
-11.60   	 -1.53   	  3.72   	  25.43		
 -9.46   	  7.32   	  3.83   	  20.35		
 -7.93   	 18.01   	  3.91   	  25.43		
 -7.32   	 29.30   	  4.01   	  25.43		
 -7.32   	 40.28   	  4.11   	  25.43		
 -7.02   	 49.44   	  4.21   	  30.52		
 -6.10   	 56.76   	  4.33   	  25.43		
 -4.88   	 61.95   	  4.44   	  30.52		
 -2.75   	 66.22   	  4.56   	  25.43		
  0.00   	 70.19   	  4.66   	  30.52		
  3.97   	 75.07   	  4.78   	  30.52		
  9.16   	 79.04   	  4.90   	  30.52		
 14.95   	 79.35   	  5.03   	  30.52		
 21.06   	 74.46   	  5.15   	  30.52		
 27.47   	 65.31   	  5.27   	  30.52		
 33.57   	 55.54   	  5.39   	  30.52		
 39.67   	 48.52   	  5.51   	  30.52		
 44.56   	 46.08   	  5.64   	  30.52		
 47.61   	 47.30   	  5.76   	  35.61		
 49.13   	 50.05   	  5.90   	  30.52		
 51.57   	 50.05   	  6.02   	  30.52		
 56.76   	 44.56   	  6.14   	  30.52		
 65.31   	 34.48   	  6.27   	  30.52		
 75.38   	 24.11   	  6.39   	  30.52		
 82.09   	 19.84   	  6.51   	  20.35		
 80.87   	 22.89   	  6.59   	  25.43		
 70.19   	 27.16   	  6.69   	  15.26		
 52.19   	 23.19   	  6.75   	   5.09		
 31.13   	  6.41   	  6.78   	   5.09		
 11.90   	-19.53   	  6.80   	  -5.09		
 -2.14   	-43.03   	  6.78   	 -10.17		
-10.68   	-54.93   	  6.73   	  -5.09		
-14.65   	-52.49   	  6.71   	  -5.09		
-15.26   	-42.72   	  6.69   	   5.09		
-14.95   	-33.87   	  6.71   	  20.35		
-15.26   	-31.43   	  6.80   	  40.69		
-16.48   	-34.79   	  6.96   	  55.95		
-18.62   	-39.06   	  7.18   	  71.21		
-20.75   	-40.89   	  7.47   	  81.38		
-22.89   	-39.98   	  7.79   	  91.56		
-24.41   	-37.84   	  8.16   	  91.56		
-26.25   	-36.93   	  8.52   	  86.47		
-27.77   	-36.93   	  8.87   	  76.30		
-28.69   	-36.62   	  9.18   	  71.21		
-28.99   	-35.10   	  9.46   	  55.95		
-28.69   	-32.35   	  9.68   	  45.78		
-28.08   	-29.60   	  9.87   	  40.69		
-27.47   	-26.86   	 10.03   	  35.61		
-29.91   	-21.36   	 10.17   	  35.61		
-40.89   	-10.38   	 10.32   	  35.61		
-68.36   	  8.54   	 10.46   	  40.69		
-114.14   	 31.74   	 10.62   	  40.69		
-166.02   	 54.63   	 10.78   	  40.69		
-196.53   	 74.46   	 10.95   	  45.78		
-171.81   	 96.74   	 11.13   	  50.86		
-65.92   	137.02   	 11.33   	  45.78		
128.48   	214.23   	 11.52   	  45.78		
395.51   	335.39   	 11.70   	  45.78		
698.55   	476.99   	 11.88   	  45.78		
980.84   	573.12(R)	 12.07   	  40.69		
1173.40   	545.04   	 12.23   	  40.69		
1220.40   	356.14   	 12.39   	  35.61		
1111.45   	 50.35   	 12.53   	  30.52		
892.64   	-252.69   	 12.66   	  30.52		
646.67   	-426.64   	 12.78   	  30.52		
443.73   	-423.58   	 12.90   	  25.43		
302.73   	-299.07   	 13.00   	  30.52		
201.72   	-156.86   	 13.12   	  25.43		
113.22   	-70.80   	 13.22   	  30.52		
 32.96   	-47.91   	 13.35   	  30.52		
-24.11   	-50.05   	 13.47   	  30.52		
-47.30   	-43.03   	 13.59   	  30.52		
-45.78   	-23.80   	 13.71   	  30.52		
-40.59   	 -8.24   	 13.84   	  25.43		
-45.78   	 -5.49   	 13.94   	  25.43		
-60.42   	-10.38   	 14.04   	  20.35		
-73.85   	-13.43   	 14.12   	  15.26		
-79.96   	-10.68   	 14.18   	   5.09		
-79.96   	 -5.49   	 14.20   	   0.00		
-79.04   	 -1.83   	 14.20   	  -5.09		
-80.26   	 -1.22   	 14.18   	 -10.17		
-83.31   	 -2.44   	 14.14   	 -15.26		
-86.06   	 -3.05   	 14.08   	 -10.17		
-87.28   	 -3.05   	 14.04   	 -10.17		
-87.28   	 -1.53   	 14.00   	   0.00		
-86.36   	  0.00   	 14.00   	   5.09		
-86.06   	  1.22   	 14.02   	  10.17		
-86.06   	  1.83   	 14.06   	  20.35		
-86.67   	  2.75   	 14.14   	  25.43		
-86.98   	  3.36   	 14.24   	  20.35		
-87.59   	  3.97   	 14.32   	  20.35		
-88.20   	  4.58   	 14.40   	  15.26		
-89.42   	  4.88   	 14.47   	  10.17		
-91.25   	  5.19   	 14.51(A)	   0.00		
-93.08   	  5.80   	 14.51   	 -10.17		
-94.30   	  6.41   	 14.47   	 -20.35		
-94.91   	  6.41   	 14.38   	 -25.43		
-95.52   	  6.41   	 14.28   	 -30.52		
-96.44   	  6.41   	 14.16   	 -35.61		
-98.27   	  6.10   	 14.02   	 -40.69		
-100.40   	  5.80   	 13.86   	 -45.78		
-102.23   	  5.80   	 13.67   	 -45.78		
-103.76   	  6.41   	 13.49   	 -50.86		
-104.68   	  7.32   	 13.29   	 -50.86		
-105.29   	  8.24   	 13.08   	 -55.95		
-106.20   	  8.54   	 12.86   	 -61.04		
-107.12   	  8.54   	 12.61   	 -61.04		
-107.73   	  8.24   	 12.37   	 -55.95		
-108.64   	  8.85   	 12.15   	 -61.04		
-109.86   	 10.38   	 11.90   	 -61.04		
-111.69   	 11.90   	 11.66   	 -55.95		
-113.53   	 13.12   	 11.43   	 -55.95		
-115.36   	 13.73   	 11.21   	 -55.95		
-116.58   	 14.95   	 10.99   	 -55.95		
-117.19   	 17.70   	 10.76   	 -50.86		
-118.10   	 21.36   	 10.56   	 -55.95		
-119.93   	 24.72   	 10.34   	 -45.78		
-122.99   	 26.86   	 10.15   	 -45.78		
-126.65   	 28.08   	  9.97   	 -40.69		
-130.00   	 29.60   	  9.81   	 -40.69		
-132.75   	 31.74   	  9.64   	 -30.52		
-135.80   	 34.48   	  9.52   	 -25.43		
-139.77   	 37.23   	  9.42   	 -20.35		
-144.65   	 38.76   	  9.34   	 -15.26		
-150.15   	 39.67   	  9.28   	 -15.26		
-155.33   	 39.98   	  9.22   	 -10.17		
-159.61   	 40.28   	  9.18   	  -5.09		
-164.18   	 40.89   	  9.16   	  -5.09		
-168.76   	 41.20   	  9.14   	  -5.09		
-173.34   	 40.89   	  9.11   	   0.00		
-177.31   	 39.67   	  9.11   	   0.00		
-180.36   	 37.54   	  9.11   	   5.09		
-182.19   	 34.48   	  9.14   	   5.09		
-183.11   	 31.43   	  9.16   	   5.09		
-182.80   	 28.08   	  9.18   	  10.17		
-180.97   	 24.72   	  9.22   	  10.17		
-177.00   	 21.67   	  9.26   	  10.17		
-169.98   	 18.31   	  9.30   	   5.09		
-160.52   	 15.26   	  9.32   	   5.09		
-148.62   	 12.51   	  9.34   	   5.09		
-134.28   	 10.07   	  9.36   	   5.09		
-118.41   	  8.54   	  9.38   	   5.09		
-102.23   	  6.71   	  9.40   	   5.09		
-87.28   	  4.27   	  9.42   	  10.17		
-74.77   	  1.22   	  9.46   	  15.26		
-64.70   	 -2.44   	  9.52   	  15.26		
-56.46   	 -6.10   	  9.58   	  15.26		
-48.83   	 -8.85   	  9.64   	  25.43		
-41.50   	-10.99   	  9.75   	  20.35		
-35.10   	-13.12   	  9.83   	  25.43		
-29.91   	-15.87   	  9.93   	  30.52		
-26.86   	-19.53   	 10.05   	  25.43		
-25.02   	-24.11   	 10.15   	  30.52		
-24.72   	-28.69   	 10.27   	  30.52		
-25.33   	-32.65   	 10.40   	  35.61		
-25.94   	-35.71   	 10.54   	  35.61		
-26.55   	-37.23   	 10.68   	  40.69		
-26.86   	-38.15   	 10.84   	  40.69		
-26.86   	-38.76   	 11.01   	  45.78		
-26.86   	-39.67   	 11.19   	  40.69		
-27.16   	-41.50   	 11.35   	  45.78		
-27.77   	-43.95   	 11.54   	  45.78		
-28.99   	-47.30   	 11.72   	  40.69		
-29.60   	-50.35   	 11.88   	  35.61		
-29.91   	-52.80   	 12.02   	  25.43		
-29.60   	-53.71   	 12.13   	  10.17		
-28.69   	-53.71   	 12.17   	   5.09		
-28.08   	-52.49   	 12.19   	 -10.17		
-27.77   	-50.66   	 12.15   	 -15.26		
-28.08   	-49.44   	 12.09   	  -5.09		
-28.99   	-48.22   	 12.07   	   5.09		
-30.21   	-47.30   	 12.09   	  35.61		
-31.43   	-46.08   	 12.23   	  66.12		
-32.04   	-44.25   	 12.49   	  91.56		
-32.65   	-41.81   	 12.86   	 122.07		
-32.96   	-39.06   	 13.35   	 142.42		
-33.57   	-36.62   	 13.92   	 147.51		
-34.18   	-34.79   	 14.51   	 142.42		
-34.79   	-33.26   	 15.08   	 132.25		
-35.71   	-31.74   	 15.61   	 111.90		
-36.62   	-30.21   	 16.05   	  96.64		
-37.54   	-28.69   	 16.44   	  71.21		
-38.15   	-26.55   	 16.72   	  61.04		
-38.45   	-23.80   	 16.97   	  50.86		
-38.15   	-21.36   	 17.17   	  50.86		
-37.54   	-19.53   	 17.38   	  40.69		
-36.93   	-18.31   	 17.54   	  50.86		
-36.93   	-18.01   	 17.74   	  45.78		
-37.23   	-18.01   	 17.92   	  55.95		
-37.23   	-17.40   	 18.15   	  50.86		
-36.93   	-16.78   	 18.35   	  45.78		
-36.01   	-16.48   	 18.54   	  40.69		
-34.48   	-16.48   	 18.70   	  35.61		
-32.65   	-17.09   	 18.84   	  25.43		
-31.43   	-17.70   	 18.94   	  15.26		
-30.52   	-18.01   	 19.00   	   5.09		
-30.21   	-18.31   	 19.02   	   5.09		
-30.21   	-18.31   	 19.04   	   0.00		
-29.91   	-18.31   	 19.04   	   5.09		
-29.30   	-18.01   	 19.06(V)	   0.00		
-28.38   	-18.01   	 19.06   	  -5.09		
-27.77   	-18.62   	 19.04   	  -5.09		
-27.77   	-19.53   	 19.02   	 -10.17		
-28.08   	-20.45   	 18.98   	 -20.35		
-28.38   	-21.06   	 18.90   	 -30.52		
-27.77   	-21.06   	 18.78   	 -35.61		
-27.16   	-20.75   	 18.64   	 -40.69		
-26.86   	-20.75   	 18.47   	 -50.86		
-27.16   	-21.06   	 18.27   	 -45.78		
-28.08   	-21.67   	 18.09   	 -50.86		
-28.99   	-22.58   	 17.88   	 -50.86		
-29.30   	-23.19   	 17.68   	 -50.86		
-29.30   	-23.80   	 17.48   	 -50.86		
-29.60   	-24.41   	 17.27   	 -50.86		
-29.91   	-25.02   	 17.07   	 -50.86		
-30.21   	-25.33   	 16.87   	 -45.78		
-29.91   	-25.63   	 16.68   	 -55.95		
-29.30   	-25.63   	 16.46   	 -50.86		
-28.38   	-25.94   	 16.26   	 -55.95		
-28.08   	-25.63   	 16.03   	 -50.86		
-28.08   	-25.63   	 15.83   	 -50.86		
-28.69   	-25.33   	 15.63   	 -55.95		
-29.30   	-25.63   	 15.40   	 -45.78		
-29.60   	-25.94   	 15.22   	 -45.78		
-29.91   	-26.55   	 15.04   	 -45.78		
-29.60   	-27.16   	 14.85   	 -40.69		
-29.91   	-27.16   	 14.69   	 -40.69		
-30.52   	-27.16   	 14.53   	 -40.69		
-31.13   	-26.86   	 14.36   	 -35.61		
-31.74   	-26.86   	 14.22   	 -35.61		
-32.04   	-27.16   	 14.08   	 -35.61		
-32.35   	-27.77   	 13.94   	 -35.61		
-32.35   	-27.77   	 13.79   	 -30.52		
-32.35   	-27.16   	 13.67   	 -35.61		
-32.04   	-26.25   	 13.53   	 -30.52		
-31.13   	-25.63   	 13.41   	 -25.43		
-30.52   	-25.63   	 13.31   	 -30.52		
-30.52   	-26.55   	 13.18   	 -25.43		
-30.82   	-27.47   	 13.08   	 -25.43		
-32.04   	-28.08   	 12.98   	 -20.35		
-32.96   	-27.77   	 12.90   	 -20.35		
-33.26   	-26.86   	 12.82   	 -20.35		
-33.57   	-25.63   	 12.74   	 -20.35		
-33.87   	-25.33   	 12.66   	 -20.35		
-34.18   	-25.33   	 12.57   	 -15.26		
-34.18   	-25.02   	 12.51   	 -15.26		
-33.87   	-24.72   	 12.45   	 -15.26		
-33.57   	-23.80   	 12.39   	 -15.26		
-33.57   	-23.50   	 12.33   	 -15.26		
-33.87   	-23.19   	 12.27   	 -15.26		
-34.18   	-22.89   	 12.21   	 -15.26		
-33.87   	-21.97   	 12.15   	 -10.17		
-33.26   	-21.06   	 12.11   	 -15.26		
-32.96   	-20.75   	 12.04   	 -10.17		
-33.26   	-21.36   	 12.00   	 -10.17		
-34.18   	-22.58   	 11.96   	 -10.17		
-34.79   	-23.50   	 11.92   	 -10.17		
-34.79   	-23.80   	 11.88   	 -10.17		
-34.48   	-23.50   	 11.84   	  -5.09		
-34.48   	-23.19   	 11.82   	 -10.17		
-34.79   	-23.50   	 11.78   	  -5.09		
-35.40   	-23.80   	 11.76   	  -5.09		
-35.71   	-24.41   	 11.74   	  -5.09		
-35.71   	-24.41   	 11.72   	  -5.09		
-35.10   	-23.80   	 11.70   	   0.00		
-34.48   	-23.19   	 11.70   	  -5.09		
-34.18   	-22.58   	 11.68   	   0.00		
-33.87   	-22.58   	 11.68   	   0.00		
-33.87   	-22.89   	 11.68   	   0.00		
-33.87   	-22.89   	 11.68   	   0.00		
-33.26   	-21.97   	 11.68   	   0.00		
-32.35   	-19.84   	 11.68   	   5.09		
-30.82   	-15.56   	 11.70   	   0.00		
-28.38   	 -8.54   	 11.70   	   5.09		
-25.63   	  1.22   	 11.72   	   0.00		
-23.19   	 12.82   	 11.72   	   5.09		
-21.36   	 25.33   	 11.74   	   0.00		
-20.14   	 36.62   	 11.74   	   5.09		
-19.53   	 46.39   	 11.76   	   5.09		
-19.23   	 53.71   	 11.78   	   0.00		
-18.31   	 59.20   	 11.78   	   5.09		
-16.78   	 64.09   	 11.80   	   5.09		
-13.43   	 69.58   	 11.82   	   0.00		
 -8.24   	 75.99   	 11.82   	   5.09		
 -1.83   	 80.87   	 11.84   	   5.09		
  4.88   	 81.48   	 11.86   	   0.00		
 11.29   	 76.29   	 11.86   	   0.00		
 18.01   	 66.83   	 11.86   	   0.00		
 24.72   	 56.15   	 11.86   	   0.00		
 30.52   	 48.22   	 11.86   	   0.00		
 34.79   	 45.17   	 11.86   	   0.00		
 37.23   	 46.39   	 11.86   	   0.00		
 39.06   	 49.13   	 11.86   	  -5.09		
 43.03   	 47.61   	 11.84   	   0.00		
 50.35   	 39.37   	 11.84   	   0.00		
 59.51   	 27.47   	 11.84   	   0.00		
 66.83   	 18.62   	 11.84   	   5.09		
 69.27   	 18.01   	 11.86   	   5.09		
 63.78   	 24.41   	 11.88   	   5.09		
 50.96   	 28.99   	 11.90   	   5.09		
 33.26   	 21.97   	 11.92   	   0.00		
 14.65   	  1.22   	 11.92   	   0.00		
 -1.83   	-25.94   	 11.92   	 -10.17		
-13.12   	-47.00   	 11.88   	 -20.35		
-19.53   	-53.71   	 11.80   	 -20.35		
-21.67   	-47.61   	 11.72   	 -30.52		
-21.67   	-36.32   	 11.60   	 -30.52		
-21.67   	-28.99   	 11.48   	 -25.43		
-22.89   	-28.99   	 11.37   	 -15.26		
-25.02   	-33.87   	 11.31   	 -10.17		
-27.16   	-38.45   	 11.27   	   5.09		
-28.38   	-38.76   	 11.29   	  15.26		
-28.69   	-35.40   	 11.35   	  35.61		
-28.08   	-31.43   	 11.50   	  45.78		
-27.77   	-28.99   	 11.68   	  50.86		
-27.16   	-28.08   	 11.88   	  55.95		
-26.55   	-27.77   	 12.11   	  55.95		
-26.25   	-26.55   	 12.33   	  55.95		
-25.33   	-23.80   	 12.55   	  55.95		
-24.72   	-20.45   	 12.78   	  50.86		
-26.86   	-15.87   	 12.98   	  45.78		
-36.32   	 -6.41   	 13.16   	  40.69		
-58.90   	 10.99   	 13.33   	  40.69		
-98.88   	 36.01   	 13.49   	  35.61		
-149.54   	 63.48   	 13.63   	  40.69		
-188.90   	 88.20   	 13.79   	  40.69		
-185.85   	110.47   	 13.96   	  45.78		
-110.47   	141.91   	 14.14   	  55.95		
 51.88   	200.50   	 14.36   	  61.04		
294.49   	299.99   	 14.61   	  66.12		
589.29   	430.30   	 14.87   	  66.12		
885.93   	540.77   	 15.14   	  66.12		
1117.55   	554.50(R)	 15.40   	  61.04		
1220.70   	415.95   	 15.65   	  50.86		
1166.69   	140.99   	 15.85   	  40.69		
982.67   	-172.73   	 16.01   	  25.43		
741.27   	-393.98   	 16.11   	  15.26		
521.55   	-443.12   	 16.17   	  15.26		
361.02   	-344.24   	 16.24   	  15.26		
248.41   	-193.79   	 16.30   	  20.35		
155.03   	-82.70   	 16.38   	  20.35		
 69.27   	-39.98   	 16.46   	  25.43		
  0.92   	-38.15   	 16.56   	  25.43		
-35.10   	-36.93   	 16.66   	  20.35		
-40.59   	-21.97   	 16.74   	  15.26		
-34.79   	 -4.27   	 16.81(A)	   0.00		
-36.01   	  3.66   	 16.81   	 -15.26		
-48.52   	  2.14   	 16.74   	 -20.35		
-64.09   	 -0.61   	 16.66   	 -20.35		
-74.46   	  0.92   	 16.58   	 -20.35		
-77.21   	  5.80   	 16.50   	 -20.35		
-76.60   	 10.07   	 16.42   	  -5.09		
-76.29   	 12.51   	 16.40   	   0.00		
-77.82   	 12.82   	 16.40   	   5.09		
-80.26   	 12.82   	 16.42   	   5.09		
-81.79   	 13.12   	 16.44   	  -5.09		
-82.09   	 14.04   	 16.42   	  -5.09		
-81.48   	 16.17   	 16.40   	 -15.26		
-81.18   	 18.31   	 16.34   	 -20.35		
-81.48   	 19.23   	 16.26   	 -25.43		
-82.70   	 18.92   	 16.15   	 -20.35		
-84.23   	 18.92   	 16.07   	 -15.26		
-85.45   	 19.23   	 16.01   	 -10.17		
-86.36   	 20.14   	 15.97   	   5.09		
-86.67   	 21.36   	 15.99   	   5.09		
-86.36   	 21.97   	 16.01   	  10.17		
-86.06   	 22.58   	 16.05   	   0.00		
-86.36   	 22.28   	 16.05   	   0.00		
-87.28   	 22.28   	 16.05   	 -20.35		
-88.81   	 22.28   	 15.97   	 -30.52		
-90.33   	 22.89   	 15.85   	 -45.78		
-90.94   	 24.11   	 15.67   	 -61.04		
-91.25   	 25.94   	 15.42   	 -66.12		
-91.86   	 27.16   	 15.16   	 -76.30		
-92.77   	 27.77   	 14.85   	 -71.21		
-94.30   	 27.16   	 14.57   	 -66.12		
-95.83   	 26.25   	 14.30   	 -61.04		
-96.74   	 25.94   	 14.06   	 -55.95		
-97.35   	 26.55   	 13.84   	 -40.69		
-97.66   	 27.77   	 13.67   	 -40.69		
-98.57   	 28.99   	 13.51   	 -30.52		
-100.10   	 29.60   	 13.39   	 -35.61		
-101.32   	 29.91   	 13.25   	 -35.61		
-102.54   	 30.82   	 13.10   	 -40.69		
-103.45   	 32.65   	 12.94   	 -50.86		
-104.68   	 34.79   	 12.74   	 -50.86		
-106.20   	 37.54   	 12.53   	 -61.04		
-108.03   	 39.98   	 12.29   	 -61.04		
-110.17   	 42.42   	 12.04   	 -61.04		
-112.61   	 45.17   	 11.80   	 -61.04		
-115.36   	 47.61   	 11.56   	 -61.04		
-119.02   	 50.35   	 11.31   	 -45.78		
-122.99   	 52.80   	 11.13   	 -45.78		
-127.26   	 55.24   	 10.95   	 -35.61		
-131.53   	 57.98   	 10.80   	 -30.52		
-135.50   	 60.73   	 10.68   	 -30.52		
-138.85   	 62.87   	 10.56   	 -20.35		
-142.52   	 64.39   	 10.48   	 -20.35		
-146.48   	 65.00   	 10.40   	 -10.17		
-150.45   	 64.70   	 10.36   	 -15.26		
-155.03   	 64.09   	 10.29   	  -5.09		
-159.91   	 62.87   	 10.27   	 -10.17		
-165.10   	 60.73   	 10.23   	   0.00		
-169.68   	 57.68   	 10.23   	  -5.09		
-173.34   	 54.02   	 10.21   	   0.00		
-175.78   	 50.35   	 10.21   	   0.00		
-176.70   	 47.00   	 10.21   	   0.00		
-175.48   	 44.25   	 10.21   	  -5.09		
-173.03   	 41.81   	 10.19   	   0.00		
-168.15   	 39.67   	 10.19   	   0.00		
-160.52   	 37.23   	 10.19   	   5.09		
-149.84   	 34.48   	 10.21   	  10.17		
-137.02   	 31.43   	 10.25   	  10.17		
-121.77   	 28.69   	 10.29   	  15.26		
-105.90   	 26.25   	 10.36   	  10.17		
-90.33   	 24.11   	 10.40   	  10.17		
-75.38   	 21.06   	 10.44   	  10.17		
-62.26   	 17.40   	 10.48   	   5.09		
-51.27   	 13.12   	 10.50   	   5.09		
-42.11   	  8.85   	 10.52   	   5.09		
-35.10   	  5.19   	 10.54   	   5.09		
-28.99   	  2.44   	 10.56   	   5.09		
-24.11   	  0.92   	 10.58   	  10.17		
-19.53   	 -0.31   	 10.62   	  10.17		
-16.17   	 -1.83   	 10.66   	  20.35		
-14.34   	 -3.97   	 10.74   	  20.35		
-13.73   	 -6.41   	 10.82   	  20.35		
-14.04   	 -9.46   	 10.91   	  25.43		
-13.43   	-12.51   	 11.01   	  30.52		
-12.21   	-14.65   	 11.13   	  30.52		
-10.38   	-16.48   	 11.25   	  25.43		
 -9.46   	-18.31   	 11.35   	  30.52		
 -9.77   	-20.75   	 11.48   	  30.52		
-11.29   	-24.41   	 11.60   	  25.43		
-13.12   	-28.38   	 11.70   	  20.35		
-14.34   	-31.13   	 11.78   	  15.26		
-14.95   	-32.04   	 11.84   	   0.00		
-14.95   	-32.04   	 11.84   	 -10.17		
-15.26   	-31.74   	 11.80   	 -25.43		
-15.56   	-32.35   	 11.70   	 -30.52		
-15.87   	-33.26   	 11.58   	 -30.52		
-15.26   	-33.57   	 11.45   	 -15.26		
-14.65   	-32.96   	 11.39   	   5.09		
-14.34   	-31.43   	 11.41   	  30.52		
-14.65   	-29.60   	 11.54   	  66.12		
-15.87   	-28.08   	 11.80   	  86.47		
-16.48   	-26.25   	 12.15   	 106.82		
-17.09   	-24.41   	 12.57   	 116.99		
-17.09   	-22.28   	 13.04   	 116.99		
-17.09   	-20.14   	 13.51   	 106.82		
-17.40   	-18.31   	 13.94   	  86.47		
-18.01   	-16.48   	 14.28   	  71.21		
-18.92   	-14.34   	 14.57   	  50.86		
-19.84   	-11.90   	 14.77   	  40.69		
-20.75   	 -9.46   	 14.93   	  25.43		
-21.36   	 -7.32   	 15.04   	  25.43		
-21.67   	 -5.49   	 15.14   	  25.43		
-21.06   	 -3.66   	 15.24   	  25.43		
-20.14   	 -2.75   	 15.34   	  30.52		
-19.53   	 -2.75   	 15.46   	  35.61		
-18.92   	 -3.97   	 15.61   	  30.52		
-18.62   	 -6.10   	 15.73   	  30.52		
-18.31   	 -7.93   	 15.85   	  25.43		
-17.70   	 -8.24   	 15.95   	  20.35		
-17.40   	 -7.02   	 16.03   	  10.17		
-17.70   	 -5.49   	 16.07   	   0.00		
-18.31   	 -4.88   	 16.07(V)	   0.00		
-19.23   	 -5.49   	 16.07   	  -5.09		
-19.53   	 -7.02   	 16.05   	  -5.09		
-19.23   	 -7.93   	 16.03   	   0.00		
-18.31   	 -8.54   	 16.03   	  -5.09		
-17.40   	 -9.16   	 16.01   	  -5.09		
-17.09   	-10.68   	 15.99   	 -10.17		
-17.70   	-12.82   	 15.95   	 -15.26		
-18.92   	-14.95   	 15.89   	 -20.35		
-19.84   	-15.56   	 15.81   	 -25.43		
-19.53   	-15.26   	 15.71   	 -30.52		
-18.31   	-14.95   	 15.58   	 -40.69		
-16.48   	-15.87   	 15.42   	 -45.78		
-14.95   	-18.92   	 15.24   	 -45.78		
-14.65   	-22.89   	 15.06   	 -50.86		
-14.65   	-25.94   	 14.85   	 -50.86		
-14.65   	-26.86   	 14.65   	 -50.86		
-14.34   	-25.33   	 14.45   	 -55.95		
-14.04   	-23.19   	 14.22   	 -55.95		
-14.04   	-21.06   	 14.00   	 -55.95		
-14.04   	-19.84   	 13.77   	 -61.04		
-14.65   	-19.23   	 13.53   	 -55.95		
-14.95   	-18.92   	 13.31   	 -66.12		
-15.56   	-19.23   	 13.04   	 -61.04		
-15.87   	-20.14   	 12.80   	 -61.04		
-15.87   	-21.97   	 12.55   	 -66.12		
-15.26   	-24.41   	 12.29   	 -61.04		
-14.34   	-26.25   	 12.04   	 -55.95		
-13.12   	-26.25   	 11.82   	 -61.04		
-12.82   	-24.72   	 11.58   	 -55.95		
-13.73   	-21.67   	 11.35   	 -55.95		
-15.26   	-18.62   	 11.13   	 -55.95		
-16.48   	-16.78   	 10.91   	 -55.95		
-16.78   	-16.78   	 10.68   	 -50.86		
-15.26   	-18.31   	 10.48   	 -55.95		
-13.12   	-20.14   	 10.25   	 -50.86		
-11.90   	-21.97   	 10.05   	 -50.86		
-12.82   	-23.19   	  9.85   	 -50.86		
-15.56   	-24.11   	  9.64   	 -50.86		
-18.31   	-24.72   	  9.44   	 -45.78		
-18.62   	-24.41   	  9.26   	 -45.78		
-16.17   	-22.89   	  9.07   	 -45.78		
-11.90   	-20.14   	  8.89   	 -35.61		
 -8.24   	-18.31   	  8.75   	 -40.69		
 -7.02   	-18.31   	  8.59   	 -30.52		
 -8.54   	-21.36   	  8.46   	 -35.61		
-10.99   	-25.63   	  8.32   	 -30.52		
-12.82   	-28.38   	  8.20   	 -30.52		
-13.12   	-27.47   	  8.08   	 -30.52		
-11.90   	-23.80   	  7.96   	 -35.61		
-10.99   	-20.75   	  7.81   	 -35.61		
-11.29   	-21.06   	  7.67   	 -35.61		
-12.82   	-25.02   	  7.53   	 -30.52		
-14.95   	-29.30   	  7.41   	 -35.61		
-15.87   	-30.82   	  7.26   	 -35.61		
-14.95   	-28.08   	  7.12   	 -35.61		
-12.82   	-22.89   	  6.98   	 -30.52		
-10.38   	-18.62   	  6.86   	 -30.52		
 -9.46   	-17.09   	  6.73   	 -25.43		
-10.07   	-18.62   	  6.63   	 -30.52		
-11.90   	-21.06   	  6.51   	 -25.43		
-13.12   	-22.58   	  6.41   	 -20.35		
-13.12   	-21.06   	  6.33   	 -25.43		
-12.21   	-17.09   	  6.23   	 -25.43		
-10.68   	-11.60   	  6.12   	 -20.35		
 -9.16   	 -7.32   	  6.04   	 -20.35		
 -8.24   	 -6.71   	  5.96   	 -20.35		
 -8.54   	-11.90   	  5.88   	 -20.35		
 -9.77   	-20.75   	  5.80   	 -15.26		
-12.21   	-28.99   	  5.74   	 -15.26		
-14.34   	-32.96   	  5.68   	 -15.26		
-15.56   	-30.52   	  5.62   	 -15.26		
-15.26   	-24.41   	  5.55   	 -15.26		
-13.73   	-18.62   	  5.49   	 -10.17		
-12.51   	-15.87   	  5.45   	 -10.17		
-11.90   	-17.09   	  5.41   	 -10.17		
-11.90   	-21.36   	  5.37   	 -10.17		
-11.29   	-25.94   	  5.33   	 -10.17		
-10.38   	-28.99   	  5.29   	  -5.09		
 -9.46   	-29.91   	  5.27   	 -10.17		
 -9.16   	-28.38   	  5.23   	 -10.17		
 -9.16   	-25.63   	  5.19   	  -5.09		
 -9.16   	-23.19   	  5.17   	 -10.17		
 -8.24   	-21.36   	  5.13   	 -10.17		
 -7.32   	-19.84   	  5.09   	 -10.17		
 -7.32   	-18.62   	  5.05   	 -10.17		
 -8.85   	-17.40   	  5.01   	 -10.17		
-11.29   	-16.48   	  4.96   	 -10.17		
-13.12   	-16.48   	  4.92   	  -5.09		
-13.43   	-18.01   	  4.90   	 -10.17		
-12.21   	-21.06   	  4.86   	 -10.17		
-10.99   	-25.02   	  4.82   	  -5.09		
-10.68   	-29.60   	  4.80   	  -5.09		
-12.21   	-33.57   	  4.78   	  -5.09		
-14.04   	-36.01   	  4.76   	  -5.09		
-14.95   	-35.40   	  4.74   	  -5.09		
-14.04   	-32.35   	  4.72   	  -5.09		
-11.60   	-26.55   	  4.70   	   0.00		
 -7.93   	-18.01   	  4.70   	  -5.09		
 -4.27   	 -6.71   	  4.68   	  -5.09		
 -0.31   	  7.32   	  4.66   	  -5.09		
  3.66   	 22.58   	  4.64   	  -5.09		
  7.32   	 36.93   	  4.62   	  -5.09		
 10.68   	 47.00   	  4.60   	   0.00		
 12.82   	 51.57   	  4.60   	  -5.09		
 13.12   	 51.88   	  4.58   	   0.00		
 11.29   	 50.05   	  4.58   	  -5.09		
  8.24   	 50.05   	  4.56   	   0.00		
  6.10   	 53.41   	  4.56   	   0.00		
  6.41   	 59.20   	  4.56   	   0.00		
 10.68   	 65.00   	  4.56   	  -5.09		
 17.09   	 66.83   	  4.54   	   0.00		
 23.50   	 62.87   	  4.54   	   0.00		
 28.69   	 53.71   	  4.54   	   5.09		
 31.43   	 41.20   	  4.56   	   0.00		
 32.96   	 28.99   	  4.56   	   0.00		
 33.26   	 19.84   	  4.56   	   0.00		
 34.48   	 14.65   	  4.56   	  -5.09		
 38.45   	 12.82   	  4.54   	   0.00		
 46.39   	 10.99   	  4.54   	   0.00		
 58.59   	  7.02   	  4.54   	  -5.09		
 72.33   	  0.61   	  4.52   	  -5.09		
 83.62   	 -4.27   	  4.50   	 -10.17		
 88.50   	 -3.05   	  4.46   	 -10.17		
 84.84   	  4.88   	  4.42   	 -15.26		
 73.85   	 13.12   	  4.35   	 -20.35		
 57.68   	 10.99   	  4.27   	 -25.43		
 39.06   	 -5.80   	  4.17   	 -20.35		
 21.06   	-31.74   	  4.09   	 -25.43		
  7.32   	-53.41   	  3.99   	 -15.26		
 -0.31   	-59.51   	  3.93   	 -15.26		
 -2.14   	-51.27   	  3.87   	  -5.09		
 -0.92   	-39.06   	  3.85   	   5.09		
  0.00   	-34.79   	  3.87   	  15.26		
 -1.53   	-41.81   	  3.93   	  25.43		
 -4.58   	-54.32   	  4.03   	  30.52		
 -7.32   	-63.17   	  4.15   	  35.61		
 -7.32   	-62.87   	  4.29   	  40.69		
 -5.19   	-55.85   	  4.46   	  45.78		
 -2.44   	-47.91   	  4.64   	  40.69		
 -1.53   	-43.64   	  4.80   	  35.61		
 -3.05   	-43.03   	  4.94   	  35.61		
 -5.80   	-43.03   	  5.09   	  35.61		
 -7.93   	-41.20   	  5.23   	  35.61		
 -8.54   	-37.84   	  5.37   	  30.52		
 -7.32   	-34.18   	  5.49   	  30.52		
 -7.32   	-31.43   	  5.62   	  30.52		
-14.04   	-26.25   	  5.74   	  25.43		
-35.71   	-14.34   	  5.84   	  20.35		
-76.60   	  2.44   	  5.92   	  20.35		
-130.31   	 19.53   	  6.00   	  15.26		
-173.95   	 32.65   	  6.06   	  10.17		
-176.09   	 44.56   	  6.10   	  10.17		
-106.51   	 70.50   	  6.14   	   5.09		
 50.05   	131.23   	  6.16   	   5.09		
287.17   	241.70   	  6.19   	  10.17		
578.31   	392.15   	  6.23   	  10.17		
875.24   	531.31   	  6.27   	  10.17		
1111.15   	576.17(R)	  6.31   	  10.17		
1217.35   	461.12   	  6.35   	  20.35		
1160.89   	192.26   	  6.43   	  15.26		
966.49   	-135.50   	  6.49   	  15.26		
710.14   	-382.08   	  6.55   	  20.35		
478.82   	-455.02   	  6.63   	  15.26		
317.08   	-369.26   	  6.69   	  10.17		
215.45   	-222.17   	  6.73   	  10.17		
139.77   	-111.39   	  6.78   	  10.17		
 69.58   	-71.11   	  6.82   	   5.09		
  9.77   	-73.24   	  6.84   	   5.09		
-25.33   	-74.16   	  6.86   	   0.00		
-34.18   	-56.46   	  6.86   	   0.00		
-32.04   	-33.87   	  6.86   	   0.00		
-34.79   	-22.58   	  6.86   	   5.09		
-45.78   	-24.41   	  6.88   	   5.09		
-58.59   	-30.21   	  6.90   	   5.09		
-66.53   	-31.74   	  6.92   	   5.09		
-68.66   	-28.08   	  6.94   	   5.09		
-68.66   	-22.89   	  6.96   	   5.09		
-69.27   	-19.23   	  6.98   	   5.09		
-71.11   	-18.31   	  7.00   	   0.00		
-72.33   	-19.53   	  7.00(A)	   0.00		
-72.33   	-20.45   	  7.00   	  -5.09		
-71.41   	-19.23   	  6.98   	  -5.09		
-70.50   	-14.65   	  6.96   	  -5.09		
-70.50   	 -8.54   	  6.94   	  -5.09		
-72.33   	 -5.19   	  6.92   	   0.00		
-75.07   	 -6.71   	  6.92   	  -5.09		
-77.51   	-12.21   	  6.90   	 -10.17		
-78.43   	-18.31   	  6.86   	  -5.09		
-77.82   	-21.06   	  6.84   	 -15.26		
-76.29   	-18.62   	  6.78   	 -15.26		
-75.07   	-12.51   	  6.71   	 -25.43		
-74.77   	 -5.19   	  6.61   	 -30.52		
-75.07   	  0.31   	  6.49   	 -35.61		
-76.29   	  2.14   	  6.35   	 -45.78		
-78.13   	  0.00   	  6.16   	 -45.78		
-80.87   	 -4.58   	  5.98   	 -50.86		
-83.92   	-10.07   	  5.78   	 -55.95		
-86.98   	-14.65   	  5.55   	 -55.95		
-89.11   	-16.78   	  5.33   	 -66.12		
-90.94   	-16.17   	  5.07   	 -66.12		
-91.86   	-12.82   	  4.80   	 -71.21		
-91.55   	 -7.32   	  4.52   	 -71.21		
-90.33   	 -0.92   	  4.23   	 -76.30		
-89.11   	  3.36   	  3.93   	 -81.38		
-88.81   	  2.14   	  3.60   	 -76.30		
-90.94   	 -4.27   	  3.30   	 -76.30		
-94.30   	-12.51   	  2.99   	 -71.21		
-97.96   	-17.09   	  2.71   	 -61.04		
-99.79   	-15.26   	  2.46   	 -61.04		
-99.18   	 -8.24   	  2.22   	 -50.86		
-97.96   	  0.31   	  2.01   	 -50.86		
-97.66   	  5.80   	  1.81   	 -40.69		
-99.18   	  7.63   	  1.65   	 -45.78		
-101.93   	  8.54   	  1.46   	 -40.69		
-104.98   	 10.68   	  1.30   	 -40.69		
-108.03   	 15.87   	  1.14   	 -40.69		
-111.39   	 22.28   	  0.98   	 -35.61		
-115.05   	 26.25   	  0.83   	 -35.61		
-119.32   	 24.11   	  0.69   	 -30.52		
-123.90   	 15.26   	  0.57   	 -20.35		
-128.78   	  3.97   	  0.49   	 -20.35		
-133.36   	 -2.14   	  0.41   	 -20.35		
-137.94   	  1.22   	  0.33   	 -15.26		
-142.52   	 13.12   	  0.26   	 -20.35		
-146.18   	 25.63   	  0.18   	 -15.26		
-149.84   	 31.43   	  0.12   	 -20.35		
-152.89   	 27.77   	  0.04   	 -15.26		
-156.25   	 17.70   	 -0.02   	 -15.26		
-159.30   	  7.63   	 -0.08   	 -10.17		
-162.35   	  1.83   	 -0.12   	  -5.09		
-164.79   	  2.75   	 -0.14   	   0.00		
-166.63   	  7.93   	 -0.14   	  10.17		
-166.63   	 13.12   	 -0.10   	   5.09		
-165.41   	 13.43   	 -0.08   	  10.17		
-162.35   	  6.41   	 -0.04   	  10.17		
-157.17   	 -6.41   	  0.00   	   5.09		
-149.54   	-20.45   	  0.02   	   5.09		
-139.77   	-30.52   	  0.04   	   5.09		
-127.87   	-33.87   	  0.06   	   0.00		
-114.44   	-32.35   	  0.06   	  -5.09		
-99.49   	-29.91   	  0.04   	   0.00		
-84.53   	-29.60   	  0.04   	   5.09		
-70.19   	-30.52   	  0.06   	   5.09		
-57.07   	-29.91   	  0.08   	   5.09		
-46.39   	-26.25   	  0.10   	  15.26		
-37.54   	-20.75   	  0.16   	  20.35		
-30.21   	-16.48   	  0.24   	  25.43		
-23.19   	-16.17   	  0.35   	  25.43		
-17.09   	-20.75   	  0.45   	  35.61		
-13.12   	-27.77   	  0.59   	  40.69		
-12.21   	-36.32   	  0.75   	  45.78		
-14.34   	-45.78   	  0.94   	  45.78		
-18.01   	-54.93   	  1.12   	  45.78		
-20.14   	-61.34   	  1.30   	  50.86		
-20.14   	-62.26   	  1.51   	  50.86		
-18.31   	-56.46   	  1.71   	  45.78		
-16.48   	-47.30   	  1.89   	  50.86		
-15.87   	-41.50   	  2.10   	  45.78		
-16.78   	-42.72   	  2.28   	  45.78		
-18.31   	-50.96   	  2.46   	  40.69		
-20.14   	-61.65   	  2.62   	  35.61		
-20.75   	-68.66   	  2.77   	  30.52		
-20.75   	-67.75   	  2.89   	  25.43		
-20.14   	-59.81   	  2.99   	  20.35		
-19.84   	-48.52   	  3.07   	  20.35		
-20.45   	-39.67   	  3.15   	  10.17		
-21.36   	-37.54   	  3.19   	  15.26		
-21.36   	-41.81   	  3.26   	  30.52		
-20.14   	-48.52   	  3.38   	  40.69		
-18.92   	-52.49   	  3.54   	  71.21		
-18.92   	-51.88   	  3.83   	  91.56		
-20.45   	-47.91   	  4.19   	 116.99		
-22.89   	-45.47   	  4.66   	 137.33		
-24.11   	-45.47   	  5.21   	 147.51		
-23.50   	-46.08   	  5.80   	 142.42		
-21.97   	-42.42   	  6.37   	 137.33		
-20.45   	-33.57   	  6.92   	 127.16		
-20.14   	-22.28   	  7.43   	 101.73		
-21.67   	-15.26   	  7.83   	  81.38		
-23.80   	-16.78   	  8.16   	  66.12		
-25.63   	-25.94   	  8.42   	  50.86		
-26.25   	-36.01   	  8.63   	  35.61		
-25.33   	-39.98   	  8.77   	  35.61		
-22.89   	-34.48   	  8.91   	  30.52		
-19.84   	-21.97   	  9.03   	  30.52		
-16.78   	 -7.63   	  9.16   	  35.61		
-15.26   	  2.75   	  9.30   	  30.52		
-14.95   	  6.41   	  9.42   	  30.52		
-15.26   	  3.66   	  9.54   	  20.35		
-14.95   	 -3.66   	  9.62   	  15.26		
-14.04   	-13.43   	  9.68(V)	   0.00		
-13.43   	-22.58   	  9.68   	 -10.17		
-13.73   	-28.08   	  9.64   	 -25.43		
-14.95   	-27.77   	  9.54   	 -30.52		
-16.48   	-23.19   	  9.42   	 -35.61		
-17.70   	-17.70   	  9.28   	 -35.61		
-18.31   	-16.17   	  9.14   	 -35.61		
-18.01   	-19.53   	  8.99   	 -35.61		
-17.09   	-26.25   	  8.85   	 -30.52		
-14.95   	-32.04   	  8.73   	 -25.43		
-12.51   	-33.57   	  8.63   	 -30.52		
-10.99   	-30.52   	  8.50   	 -30.52		
-11.29   	-25.02   	  8.38   	 -30.52		
-12.82   	-20.75   	  8.26   	 -35.61		
-14.95   	-20.75   	  8.12   	 -45.78		
-16.78   	-24.41   	  7.93   	 -45.78		
-18.31   	-29.60   	  7.75   	 -55.95		
-19.23   	-33.87   	  7.53   	 -55.95		
-19.53   	-36.01   	  7.30   	 -61.04		
-18.92   	-36.93   	  7.06   	 -61.04		
-17.40   	-37.84   	  6.82   	 -55.95		
-15.87   	-37.84   	  6.59   	 -61.04		
-14.65   	-35.10   	  6.35   	 -55.95		
-13.73   	-29.30   	  6.12   	 -55.95		
-13.12   	-24.11   	  5.90   	 -55.95		
-13.12   	-23.80   	  5.68   	 -50.86		
-13.73   	-29.60   	  5.47   	 -50.86		
-15.26   	-37.54   	  5.27   	 -55.95		
-17.09   	-41.50   	  5.05   	 -50.86		
-18.01   	-39.67   	  4.84   	 -50.86		
-17.09   	-34.18   	  4.64   	 -45.78		
-14.95   	-30.21   	  4.46   	 -50.86		
-12.82   	-30.52   	  4.25   	 -40.69		
-12.21   	-35.10   	  4.09   	 -45.78		
-13.12   	-41.20   	  3.91   	 -40.69		
-14.65   	-46.39   	  3.74   	 -35.61		
-15.87   	-49.44   	  3.60   	 -35.61		
-15.87   	-48.83   	  3.46   	 -35.61		
-14.34   	-44.86   	  3.32   	 -35.61		
-13.12   	-39.98   	  3.17   	 -30.52		
-13.12   	-37.54   	  3.05   	 -35.61		
-13.73   	-38.76   	  2.91   	 -35.61		
-14.04   	-42.42   	  2.77   	 -30.52		
-13.12   	-45.17   	  2.64   	 -35.61		
-10.68   	-43.64   	  2.50   	 -35.61		
 -7.63   	-39.37   	  2.36   	 -30.52		
 -5.19   	-34.48   	  2.24   	 -30.52		
 -4.88   	-32.65   	  2.12   	 -25.43		
 -6.10   	-34.18   	  2.01   	 -25.43		
 -7.93   	-37.54   	  1.91   	 -20.35		
 -9.46   	-40.28   	  1.83   	 -20.35		
 -9.77   	-39.98   	  1.75   	 -15.26		
 -8.85   	-38.15   	  1.69   	 -15.26		
 -7.63   	-36.32   	  1.63   	 -10.17		
 -5.80   	-36.32   	  1.59   	 -15.26		
 -3.66   	-37.54   	  1.53   	 -10.17		
 -1.53   	-38.15   	  1.49   	 -10.17		
  0.61   	-37.84   	  1.44   	 -10.17		
  0.92   	-37.54   	  1.40   	  -5.09		
 -0.31   	-38.15   	  1.38   	 -10.17		
 -2.75   	-39.67   	  1.34   	  -5.09		
 -4.27   	-39.37   	  1.32   	  -5.09		
 -4.27   	-36.01   	  1.30   	  -5.09		
 -3.05   	-30.52   	  1.28   	   0.00		
 -1.53   	-27.47   	  1.28   	  -5.09		
 -1.22   	-29.60   	  1.26   	   0.00		
 -2.44   	-37.23   	  1.26   	   0.00		
 -3.66   	-46.39   	  1.26   	   0.00		
 -3.36   	-52.19   	  1.26   	  -5.09		
 -1.83   	-51.27   	  1.24   	   0.00		
  0.61   	-43.95   	  1.24   	   0.00		
  1.83   	-33.87   	  1.24   	   0.00		
  1.22   	-25.94   	  1.24   	   5.09		
 -0.61   	-23.50   	  1.26   	   0.00		
 -3.05   	-27.47   	  1.26   	   5.09		
 -5.49   	-35.10   	  1.28   	   0.00		
 -7.02   	-43.64   	  1.28   	  10.17		
 -7.63   	-49.74   	  1.32   	   5.09		
 -7.32   	-52.49   	  1.34   	   5.09		
 -5.49   	-50.96   	  1.36   	   5.09		
 -2.75   	-45.78   	  1.38   	  10.17		
  0.31   	-37.84   	  1.42   	   5.09		
  3.05   	-28.38   	  1.44   	   5.09		
  3.97   	-20.75   	  1.46   	  10.17		
  3.66   	-17.40   	  1.51   	  10.17		
  2.44   	-21.06   	  1.55   	   5.09		
  1.53   	-31.13   	  1.57   	  10.17		
  1.22   	-43.03   	  1.61   	  10.17		
  1.83   	-49.13   	  1.65   	  10.17		
  3.97   	-41.20   	  1.69   	  10.17		
  8.24   	-18.62   	  1.73   	  10.17		
 14.04   	 11.60   	  1.77   	  10.17		
 20.14   	 37.84   	  1.81   	  10.17		
 24.41   	 51.57   	  1.85   	  10.17		
 25.63   	 50.96   	  1.89   	  10.17		
 24.11   	 42.42   	  1.93   	  10.17		
 21.67   	 34.48   	  1.97   	  10.17		
 20.75   	 32.96   	  2.01   	  10.17		
 23.19   	 38.76   	  2.05   	  10.17		
 28.69   	 48.22   	  2.10   	  10.17		
 36.01   	 55.54   	  2.14   	  10.17		
 42.72   	 55.54   	  2.18   	  15.26		
 47.00   	 46.69   	  2.24   	  10.17		
 48.83   	 31.74   	  2.28   	  15.26		
 48.52   	 15.56   	  2.34   	  10.17		
 47.61   	  3.66   	  2.38   	  15.26		
 47.00   	 -2.75   	  2.44   	  10.17		
 49.13   	 -4.27   	  2.48   	  15.26		
 55.54   	 -3.66   	  2.54   	  10.17		
 67.44   	 -5.19   	  2.58   	  10.17		
 82.09   	 -9.77   	  2.62   	  10.17		
 94.91   	-14.65   	  2.67   	   5.09		
100.40   	-16.17   	  2.69   	   5.09		
 95.83   	-11.90   	  2.71   	   0.00		
 83.01   	 -6.71   	  2.71   	   0.00		
 64.70   	 -9.46   	  2.71   	  -5.09		
 45.17   	-25.94   	  2.69   	  -5.09		
 27.47   	-52.49   	  2.67   	  -5.09		
 14.04   	-75.68   	  2.64   	   5.09		
  6.41   	-84.84   	  2.67   	   5.09		
  4.27   	-78.74   	  2.69   	  15.26		
  5.49   	-65.92   	  2.75   	  25.43		
  6.71   	-57.68   	  2.85   	  35.61		
  6.41   	-58.59   	  2.99   	  45.78		
  4.27   	-64.39   	  3.17   	  55.95		
  1.83   	-68.97   	  3.40   	  61.04		
  0.31   	-68.66   	  3.64   	  66.12		
  0.00   	-65.00   	  3.91   	  61.04		
  0.31   	-60.73   	  4.15   	  66.12		
  0.31   	-58.29   	  4.42   	  55.95		
 -0.31   	-57.07   	  4.64   	  50.86		
 -1.22   	-55.85   	  4.84   	  45.78		
 -2.14   	-54.02   	  5.03   	  45.78		
 -2.14   	-51.88   	  5.21   	  45.78		
 -1.83   	-49.74   	  5.39   	  40.69		
 -3.05   	-47.30   	  5.55   	  45.78		
 -9.77   	-42.11   	  5.74   	  45.78		
-28.69   	-31.13   	  5.92   	  45.78		
-65.00   	-14.34   	  6.10   	  50.86		
-114.75   	  5.19   	  6.31   	  45.78		
-159.61   	 24.11   	  6.49   	  50.86		
-169.07   	 43.64   	  6.69   	  50.86		
-112.00   	 73.24   	  6.90   	  45.78		
 29.91   	130.62   	  7.08   	  50.86		
254.21   	231.02   	  7.28   	  45.78		
536.19   	371.40   	  7.47   	  50.86		
832.52   	511.47   	  7.67   	  45.78		
1079.71   	573.12(R)	  7.85   	  50.86		
1210.02   	485.53   	  8.06   	  50.86		
1183.47   	238.95   	  8.26   	  50.86		
1012.88   	-86.67   	  8.46   	  45.78		
765.99   	-354.92   	  8.65   	  50.86		
529.17   	-459.90   	  8.85   	  45.78		
356.14   	-396.73   	  9.03   	  40.69		
245.67   	-252.38   	  9.20   	  40.69		
165.71   	-128.17   	  9.36   	  30.52		
 93.38   	-71.72   	  9.48   	  30.52		
 29.91   	-65.00   	  9.60   	  30.52		
-10.38   	-65.92   	  9.73   	  25.43		
-22.89   	-52.80   	  9.83   	  25.43		
-21.36   	-34.18   	  9.93   	  25.43		
-22.28   	-25.33   	 10.03   	  25.43		
-32.04   	-28.08   	 10.13   	  25.43		
-44.86   	-33.57   	 10.23   	  30.52		
-53.41   	-33.57   	 10.36   	  25.43		
-55.85   	-27.47   	 10.46   	  25.43		
-55.54   	-20.14   	 10.56   	  25.43		
-55.24   	-15.26   	 10.66   	  20.35		
-56.46   	-13.43   	 10.74   	  20.35		
-57.98   	-14.04   	 10.82   	  20.35		
-59.20   	-14.95   	 10.91   	  20.35		
-60.42   	-15.56   	 10.99   	  25.43		
-61.04   	-14.95   	 11.09   	  20.35		
-61.04   	-13.43   	 11.17   	  15.26		
-61.04   	-11.60   	 11.23   	  20.35		
-61.04   	 -9.46   	 11.31   	  20.35		
-61.65   	 -7.93   	 11.39   	  15.26		
-62.87   	 -7.32   	 11.45   	  10.17		
-64.70   	 -7.63   	 11.50   	  15.26		
-66.22   	 -7.93   	 11.56   	   5.09		
-67.44   	 -7.32   	 11.58   	  10.17		
-68.05   	 -5.80   	 11.62   	   0.00		
-68.66   	 -4.27   	 11.62(A)	   0.00		
-69.27   	 -3.97   	 11.62   	  -5.09		
-70.19   	 -5.19   	 11.60   	  -5.09		
-71.11   	 -6.71   	 11.58   	 -20.35		
-71.72   	 -7.63   	 11.50   	 -20.35		
-72.02   	 -7.02   	 11.41   	 -30.52		
-72.63   	 -4.27   	 11.29   	 -35.61		
-73.55   	 -1.22   	 11.15   	 -45.78		
-74.77   	  1.22   	 10.97   	 -50.86		
-75.99   	  2.44   	 10.76   	 -55.95		
-76.90   	  2.75   	 10.54   	 -61.04		
-77.51   	  3.36   	 10.29   	 -61.04		
-77.51   	  4.88   	 10.05   	 -61.04		
-78.13   	  6.41   	  9.81   	 -61.04		
-79.35   	  7.63   	  9.56   	 -50.86		
-80.87   	  8.24   	  9.36   	 -45.78		
-82.70   	  7.63   	  9.18   	 -35.61		
-83.92   	  7.32   	  9.03   	 -30.52		
-85.14   	  7.63   	  8.91   	 -25.43		
-86.06   	  8.85   	  8.81   	 -25.43		
-87.89   	 10.68   	  8.71   	 -15.26		
-90.03   	 12.82   	  8.65   	 -20.35		
-92.47   	 14.95   	  8.57   	 -15.26		
-94.60   	 17.09   	  8.50   	 -20.35		
-97.05   	 19.84   	  8.42   	 -15.26		
-99.79   	 22.28   	  8.36   	 -15.26		
-103.76   	 24.72   	  8.30   	 -15.26		
-108.34   	 26.86   	  8.24   	 -10.17		
-113.22   	 28.38   	  8.20   	 -10.17		
-118.41   	 29.91   	  8.16   	  -5.09		
-124.82   	 30.52   	  8.14   	   0.00		
-134.89   	 30.21   	  8.14   	   5.09		
-148.32   	 28.69   	  8.16   	   5.09		
-162.35   	 26.25   	  8.18   	  10.17		
-170.59   	 23.50   	  8.22   	  15.26		
-168.76   	 21.06   	  8.28   	  15.26		
-158.39   	 18.31   	  8.34   	  15.26		
-147.40   	 15.56   	  8.40   	  10.17		
-144.96   	 12.51   	  8.44   	  10.17		
-152.59   	  9.16   	  8.48   	  10.17		
-163.88   	  5.19   	  8.52   	  15.26		
-170.59   	  1.22   	  8.59   	  10.17		
-168.15   	 -2.44   	  8.63   	  15.26		
-158.39   	 -5.80   	  8.69   	  15.26		
-145.26   	 -8.24   	  8.75   	  15.26		
-132.45   	-10.07   	  8.81   	  20.35		
-119.02   	-11.29   	  8.89   	  15.26		
-104.06   	-11.90   	  8.95   	  20.35		
-87.28   	-11.90   	  9.03   	  15.26		
-70.19   	-11.60   	  9.09   	  20.35		
-54.63   	-12.21   	  9.18   	  25.43		
-41.50   	-13.43   	  9.28   	  25.43		
-31.43   	-15.26   	  9.38   	  35.61		
-22.89   	-17.40   	  9.52   	  40.69		
-15.87   	-18.62   	  9.68   	  45.78		
 -9.16   	-18.92   	  9.87   	  45.78		
 -3.66   	-18.62   	 10.05   	  50.86		
  0.31   	-18.92   	 10.25   	  50.86		
  1.83   	-20.14   	 10.46   	  55.95		
  1.83   	-22.58   	 10.68   	  55.95		
  1.53   	-25.63   	 10.91   	  55.95		
  1.53   	-28.08   	 11.13   	  55.95		
  2.14   	-30.21   	 11.35   	  55.95		
  2.14   	-32.04   	 11.58   	  61.04		
  1.83   	-33.87   	 11.82   	  55.95		
  0.92   	-35.10   	 12.04   	  61.04		
  0.00   	-36.01   	 12.29   	  61.04		
 -0.31   	-36.32   	 12.53   	  55.95		
  0.31   	-36.01   	 12.76   	  50.86		
  0.31   	-35.40   	 12.96   	  45.78		
  0.31   	-34.79   	 13.14   	  40.69		
 -0.31   	-34.48   	 13.31   	  25.43		
 -0.92   	-34.48   	 13.41   	  15.26		
 -1.22   	-34.48   	 13.47   	   5.09		
 -1.53   	-33.87   	 13.49   	   5.09		
 -2.14   	-32.65   	 13.51   	   5.09		
 -2.44   	-30.82   	 13.53   	  30.52		
 -2.75   	-28.69   	 13.65   	  50.86		
 -2.14   	-26.55   	 13.86   	  81.38		
 -1.53   	-24.11   	 14.18   	 116.99		
 -1.22   	-21.36   	 14.65   	 147.51		
 -1.53   	-18.01   	 15.24   	 162.77		
 -2.75   	-14.95   	 15.89   	 172.94		
 -3.66   	-12.51   	 16.58   	 167.85		
 -4.27   	-10.38   	 17.25   	 157.68		
 -3.66   	 -7.93   	 17.88   	 127.16		
 -1.83   	 -5.19   	 18.39   	 101.73		
  0.31   	 -2.14   	 18.80   	  81.38		
  1.83   	  0.61   	 19.13   	  55.95		
  2.14   	  2.44   	 19.35   	  45.78		
  2.14   	  3.05   	 19.53   	  35.61		
  1.83   	  3.97   	 19.67   	  30.52		
  3.05   	  5.49   	 19.80   	  30.52		
  4.58   	  7.02   	 19.92   	  35.61		
  6.10   	  7.63   	 20.06   	  35.61		
  6.41   	  7.32   	 20.20   	  35.61		
  5.80   	  6.10   	 20.35   	  35.61		
  4.88   	  4.58   	 20.49   	  25.43		
  4.58   	  3.66   	 20.59   	  20.35		
  4.88   	  3.05   	 20.67   	  10.17		
  5.49   	  2.75   	 20.71   	   5.09		
  6.10   	  2.44   	 20.73(V)	  -5.09		
  5.80   	  1.83   	 20.71   	 -10.17		
  5.49   	  0.92   	 20.67   	 -10.17		
  5.19   	  0.00   	 20.63   	 -15.26		
  4.58   	 -0.92   	 20.57   	 -20.35		
  4.27   	 -2.14   	 20.49   	 -25.43		
  3.66   	 -3.05   	 20.39   	 -30.52		
  3.05   	 -4.58   	 20.26   	 -35.61		
  2.75   	 -5.80   	 20.12   	 -45.78		
  2.44   	 -6.41   	 19.94   	 -45.78		
  1.83   	 -7.02   	 19.76   	 -55.95		
  0.61   	 -7.93   	 19.53   	 -55.95		
 -0.61   	 -9.46   	 19.31   	 -61.04		
 -1.53   	-10.99   	 19.06   	 -55.95		
 -1.83   	-12.51   	 18.84   	 -61.04		
 -1.83   	-13.43   	 18.60   	 -61.04		
 -2.14   	-14.04   	 18.35   	 -61.04		
 -2.44   	-14.65   	 18.11   	 -61.04		
 -3.66   	-14.95   	 17.86   	 -61.04		
 -4.88   	-14.95   	 17.62   	 -55.95		
 -5.80   	-14.34   	 17.40   	 -61.04		
 -6.10   	-13.73   	 17.15   	 -61.04		
 -5.80   	-13.12   	 16.91   	 -55.95		
 -5.19   	-13.43   	 16.68   	 -61.04		
 -4.58   	-14.04   	 16.44   	 -55.95		
 -3.66   	-15.26   	 16.22   	 -61.04		
 -3.05   	-15.87   	 15.97   	 -55.95		
 -2.44   	-15.87   	 15.75   	 -50.86		
 -1.83   	-15.26   	 15.54   	 -55.95		
 -1.83   	-14.65   	 15.32   	 -45.78		
 -2.44   	-14.65   	 15.14   	 -50.86		
 -3.05   	-14.95   	 14.93   	 -45.78		
 -3.97   	-15.26   	 14.75   	 -40.69		
 -5.19   	-15.56   	 14.59   	 -40.69		
 -6.10   	-15.26   	 14.43   	 -40.69		
 -6.71   	-14.95   	 14.26   	 -35.61		
 -7.02   	-14.65   	 14.12   	 -35.61		
 -6.71   	-14.65   	 13.98   	 -30.52		
 -6.41   	-14.65   	 13.86   	 -35.61		
 -6.41   	-14.34   	 13.71   	 -30.52		
 -6.71   	-14.34   	 13.59   	 -25.43		
 -7.02   	-13.73   	 13.49   	 -25.43		
 -7.93   	-13.43   	 13.39   	 -25.43		
 -8.54   	-12.82   	 13.29   	 -25.43		
 -9.16   	-12.51   	 13.18   	 -25.43		
 -9.77   	-12.51   	 13.08   	 -20.35		
-10.07   	-13.12   	 13.00   	 -20.35		
-10.07   	-13.73   	 12.92   	 -20.35		
 -9.77   	-14.34   	 12.84   	 -20.35		
 -9.46   	-14.34   	 12.76   	 -15.26		
 -8.54   	-14.04   	 12.70   	 -20.35		
 -7.32   	-13.73   	 12.61   	 -15.26		
 -6.41   	-14.04   	 12.55   	 -10.17		
 -6.10   	-14.95   	 12.51   	 -15.26		
 -6.41   	-15.56   	 12.45   	 -10.17		
 -7.02   	-15.87   	 12.41   	 -15.26		
 -7.63   	-15.56   	 12.35   	 -10.17		
 -7.63   	-14.95   	 12.31   	 -10.17		
 -7.02   	-14.95   	 12.27   	 -15.26		
 -6.41   	-14.95   	 12.21   	 -10.17		
 -5.80   	-14.65   	 12.17   	 -10.17		
 -5.19   	-14.04   	 12.13   	 -10.17		
 -5.19   	-13.43   	 12.09   	 -10.17		
 -4.88   	-13.12   	 12.04   	  -5.09		
 -5.19   	-13.43   	 12.02   	 -10.17		
 -5.19   	-13.73   	 11.98   	  -5.09		
 -4.88   	-13.73   	 11.96   	  -5.09		
 -4.27   	-12.82   	 11.94   	  -5.09		
 -2.75   	-10.38   	 11.92   	   0.00		
 -0.31   	 -5.80   	 11.92   	   0.00		
  2.44   	  2.44   	 11.92   	   0.00		
  6.10   	 14.95   	 11.92   	   0.00		
  9.77   	 30.82   	 11.92   	   5.09		
 13.43   	 47.30   	 11.94   	   0.00		
 16.48   	 60.73   	 11.94   	   5.09		
 18.01   	 68.05   	 11.96   	   5.09		
 17.70   	 68.97   	 11.98   	   0.00		
 15.26   	 66.53   	 11.98   	   5.09		
 13.12   	 65.00   	 12.00   	   0.00		
 13.73   	 67.14   	 12.00   	   0.00		
 18.31   	 72.63   	 12.00   	   5.09		
 25.63   	 76.60   	 12.02   	   0.00		
 33.26   	 75.07   	 12.02   	   5.09		
 38.15   	 65.61   	 12.04   	   5.09		
 39.98   	 50.96   	 12.07   	   0.00		
 40.59   	 35.40   	 12.07   	   5.09		
 40.59   	 24.72   	 12.09   	   5.09		
 41.20   	 20.45   	 12.11   	   5.09		
 43.33   	 20.75   	 12.13   	   5.09		
 48.22   	 21.97   	 12.15   	   0.00		
 58.29   	 20.45   	 12.15   	   5.09		
 72.33   	 14.34   	 12.17   	   0.00		
 86.67   	  7.63   	 12.17   	   0.00		
 95.83   	  4.88   	 12.17   	   0.00		
 96.13   	  9.46   	 12.17   	   0.00		
 86.67   	 17.09   	 12.17   	  -5.09		
 70.50   	 18.62   	 12.15   	  -5.09		
 51.27   	  5.80   	 12.13   	  -5.09		
 32.04   	-20.14   	 12.11   	 -10.17		
 16.48   	-47.61   	 12.07   	 -20.35		
  6.41   	-62.87   	 11.98   	 -20.35		
  2.44   	-60.42   	 11.90   	 -20.35		
  2.75   	-46.08   	 11.82   	 -25.43		
  4.27   	-32.65   	 11.72   	 -20.35		
  4.27   	-28.69   	 11.64   	 -20.35		
  2.75   	-33.26   	 11.56   	  -5.09		
  0.31   	-39.67   	 11.54   	   5.09		
 -1.22   	-42.11   	 11.56   	  15.26		
 -2.14   	-39.37   	 11.62   	  25.43		
 -2.75   	-35.10   	 11.72   	  40.69		
 -3.36   	-32.04   	 11.88   	  45.78		
 -4.27   	-31.43   	 12.07   	  50.86		
 -4.27   	-31.43   	 12.27   	  50.86		
 -3.66   	-30.52   	 12.47   	  50.86		
 -2.75   	-27.77   	 12.68   	  50.86		
 -2.14   	-24.41   	 12.88   	  45.78		
 -1.83   	-20.75   	 13.06   	  45.78		
 -3.97   	-16.17   	 13.25   	  45.78		
-11.90   	 -7.32   	 13.43   	  40.69		
-32.65   	  9.77   	 13.59   	  40.69		
-70.19   	 36.01   	 13.75   	  40.69		
-119.93   	 65.31   	 13.92   	  40.69		
-162.05   	 91.86   	 14.08   	  45.78		
-166.02   	114.44   	 14.26   	  50.86		
-100.10   	143.43   	 14.47   	  61.04		
 52.19   	197.14   	 14.71   	  66.12		
287.78   	291.14   	 14.97   	  71.21		
579.53   	418.70   	 15.26   	  76.30		
879.82   	532.23   	 15.56   	  71.21		
1122.44   	555.73(R)	 15.85   	  61.04		
1240.84   	429.08   	 16.09   	  50.86		
1202.39   	160.52   	 16.30   	  40.69		
1028.14   	-158.39   	 16.46   	  30.52		
787.96   	-394.90   	 16.58   	  25.43		
562.74   	-459.59   	 16.68   	  25.43		
395.81   	-367.43   	 16.79   	  20.35		
279.54   	-212.71   	 16.87   	  20.35		
184.33   	-91.86   	 16.95   	  20.35		
 95.21   	-42.72   	 17.03   	  25.43		
 21.06   	-40.59   	 17.13   	  15.26		
-22.28   	-42.72   	 17.19   	  15.26		
-33.57   	-29.60   	 17.25   	  10.17		
-29.30   	-10.68   	 17.29(A)	   0.00		
-28.99   	 -0.31   	 17.29   	  -5.09		
-39.37   	 -0.92   	 17.27   	 -10.17		
-53.10   	 -4.27   	 17.23   	 -10.17		
-62.87   	 -3.97   	 17.19   	 -10.17		
-65.61   	  0.31   	 17.15   	 -10.17		
-65.61   	  4.88   	 17.11   	  -5.09		
-66.22   	  7.93   	 17.09   	 -10.17		
-68.66   	  9.77   	 17.05   	 -10.17		
-71.72   	 10.99   	 17.01   	 -20.35		
-72.94   	 12.82   	 16.93   	 -20.35		
-72.63   	 14.95   	 16.85   	 -30.52		
-71.72   	 17.09   	 16.72   	 -35.61		
-71.72   	 18.01   	 16.58   	 -30.52		
-73.55   	 18.01   	 16.46   	 -30.52		
-75.99   	 17.40   	 16.34   	 -25.43		
-77.82   	 17.70   	 16.24   	 -10.17		
-78.43   	 18.92   	 16.20   	   0.00		
-78.43   	 20.14   	 16.20   	   5.09		
-78.43   	 20.75   	 16.22   	  15.26		
-79.04   	 20.75   	 16.28   	  10.17		
-80.26   	 20.75   	 16.32   	  10.17		
-81.48   	 21.06   	 16.36   	  -5.09		
-82.09   	 21.97   	 16.34   	 -20.35		
-82.09   	 23.19   	 16.26   	 -30.52		
-82.40   	 24.72   	 16.13   	 -50.86		
-83.01   	 25.94   	 15.93   	 -61.04		
-83.92   	 26.25   	 15.69   	 -66.12		
-85.14   	 26.25   	 15.42   	 -66.12		
-86.36   	 26.25   	 15.16   	 -66.12		
-87.28   	 26.55   	 14.89   	 -66.12		
-88.20   	 27.16   	 14.63   	 -50.86		
-89.42   	 27.77   	 14.43   	 -50.86		
-91.25   	 27.47   	 14.22   	 -40.69		
-93.38   	 27.16   	 14.06   	 -30.52		
-95.52   	 26.55   	 13.94   	 -35.61		
-96.74   	 27.16   	 13.79   	 -30.52		
-97.35   	 28.69   	 13.67   	 -30.52		
-97.66   	 30.82   	 13.55   	 -40.69		
-98.27   	 33.57   	 13.39   	 -40.69		
-98.57   	 36.32   	 13.22   	 -50.86		
-99.49   	 39.06   	 13.02   	 -55.95		
-100.40   	 42.11   	 12.80   	 -66.12		
-102.23   	 44.86   	 12.53   	 -61.04		
-105.29   	 47.00   	 12.29   	 -66.12		
-109.25   	 48.83   	 12.02   	 -61.04		
-113.83   	 50.35   	 11.78   	 -55.95		
-118.10   	 51.88   	 11.56   	 -50.86		
-122.07   	 53.41   	 11.35   	 -40.69		
-126.34   	 55.24   	 11.19   	 -35.61		
-130.92   	 57.07   	 11.05   	 -30.52		
-135.80   	 59.51   	 10.93   	 -20.35		
-140.69   	 62.56   	 10.84   	 -15.26		
-144.96   	 65.31   	 10.78   	 -10.17		
-148.62   	 67.75   	 10.74   	 -10.17		
-151.67   	 68.36   	 10.70   	  -5.09		
-155.03   	 67.44   	 10.68   	  -5.09		
-158.08   	 65.31   	 10.66   	 -10.17		
-161.13   	 62.87   	 10.62   	  -5.09		
-163.57   	 61.34   	 10.60   	  -5.09		
-165.10   	 60.42   	 10.58   	   0.00		
-165.41   	 59.81   	 10.58   	   0.00		
-164.79   	 59.20   	 10.58   	   0.00		
-162.96   	 58.29   	 10.58   	  10.17		
-158.39   	 56.46   	 10.62   	   5.09		
-150.76   	 53.41   	 10.64   	  10.17		
-140.08   	 48.83   	 10.68   	  10.17		
-126.95   	 42.72   	 10.72   	   5.09		
-112.61   	 35.40   	 10.74   	   5.09		
-97.35   	 27.77   	 10.76   	   5.09		
-82.40   	 21.06   	 10.78   	   0.00		
-67.75   	 15.26   	 10.78   	   0.00		
-54.93   	 10.68   	 10.78   	   0.00		
-44.25   	  7.93   	 10.78   	  -5.09		
-35.40   	  6.71   	 10.76   	   0.00		
-28.08   	  6.71   	 10.76   	   5.09		
-22.28   	  6.41   	 10.78   	   0.00		
-17.70   	  4.58   	 10.78   	   5.09		
-14.65   	  0.31   	 10.80   	   5.09		
-13.43   	 -5.80   	 10.82   	   5.09		
-13.73   	-12.21   	 10.84   	  10.17		
-14.34   	-16.78   	 10.89   	   5.09		
-14.65   	-18.92   	 10.91   	  10.17		
-14.65   	-19.23   	 10.95   	  10.17		
-14.04   	-19.23   	 10.99   	  10.17		
-13.43   	-20.45   	 11.03   	  10.17		
-13.73   	-23.50   	 11.07   	  10.17		
-15.26   	-27.77   	 11.11   	  15.26		
-17.09   	-31.43   	 11.17   	  15.26		
-18.31   	-33.57   	 11.23   	   5.09		
-17.70   	-33.87   	 11.25   	   5.09		
-15.26   	-32.65   	 11.27   	  -5.09		
-12.51   	-31.74   	 11.25   	 -15.26		
-10.99   	-31.43   	 11.19   	 -30.52		
-10.99   	-31.74   	 11.07   	 -35.61		
-13.12   	-32.35   	 10.93   	 -30.52		
-15.56   	-32.96   	 10.80   	 -20.35		
-17.40   	-33.57   	 10.72   	   0.00		
-18.31   	-33.87   	 10.72   	  25.43		
-18.62   	-33.26   	 10.82   	  55.95		
-19.23   	-31.43   	 11.05   	  81.38		
-19.84   	-27.47   	 11.37   	  96.64		
-20.75   	-22.89   	 11.76   	 106.82		
-20.75   	-18.62   	 12.19   	 101.73		
-20.14   	-15.56   	 12.59   	  96.64		
-18.92   	-14.34   	 12.98   	  81.38		
-17.70   	-13.43   	 13.31   	  61.04		
-17.09   	-11.90   	 13.55   	  45.78		
-16.78   	 -8.85   	 13.73   	  30.52		
-16.78   	 -4.27   	 13.86   	  25.43		
-17.70   	 -0.31   	 13.96   	  25.43		
-19.53   	  1.53   	 14.06   	  25.43		
-22.28   	 -0.61   	 14.16   	  30.52		
-24.41   	 -4.88   	 14.28   	  30.52		
-24.72   	 -8.85   	 14.40   	  40.69		
-23.19   	 -9.77   	 14.57   	  35.61		
-20.45   	 -6.41   	 14.71   	  30.52		
-18.31   	 -1.22   	 14.83   	  30.52		
-17.40   	  3.05   	 14.95   	  20.35		
-18.01   	  4.27   	 15.04   	  15.26		
-19.23   	  2.44   	 15.10   	   5.09		
-20.14   	 -0.61   	 15.12   	   5.09		
-20.14   	 -3.05   	 15.14   	   0.00		
-19.23   	 -4.27   	 15.14(V)	   0.00		
-18.31   	 -5.49   	 15.14   	  -5.09		
-18.01   	 -7.93   	 15.12   	   0.00		
-18.62   	-11.29   	 15.12   	  -5.09		
-19.53   	-14.95   	 15.10   	 -15.26		
-19.84   	-16.48   	 15.04   	 -15.26		
-18.92   	-15.26   	 14.97   	 -20.35		
-17.40   	-12.51   	 14.89   	 -30.52		
-16.17   	-10.07   	 14.77   	 -40.69		
-15.56   	-10.07   	 14.61   	 -45.78		
-16.17   	-12.51   	 14.43   	 -45.78		
-17.09   	-15.56   	 14.24   	 -55.95		
-18.01   	-18.01   	 14.02   	 -55.95		
-19.23   	-18.92   	 13.79   	 -55.95		
-21.06   	-19.53   	 13.57   	 -61.04		
-23.19   	-20.45   	 13.33   	 -55.95		
-24.72   	-22.28   	 13.10   	 -61.04		
-24.72   	-23.80   	 12.86   	 -61.04		
-23.19   	-23.80   	 12.61   	 -61.04		
-20.45   	-22.28   	 12.37   	 -61.04		
-17.70   	-20.14   	 12.13   	 -61.04		
-16.17   	-18.31   	 11.88   	 -61.04		
-16.17   	-17.70   	 11.64   	 -66.12		
-17.09   	-18.01   	 11.37   	 -61.04		
-18.01   	-19.23   	 11.13   	 -55.95		
-18.62   	-20.45   	 10.91   	 -61.04		
-18.01   	-21.67   	 10.66   	 -61.04		
-17.09   	-21.67   	 10.42   	 -55.95		
-16.48   	-20.75   	 10.19   	 -55.95		
-17.09   	-19.53   	  9.97   	 -50.86		
-18.62   	-18.92   	  9.77   	 -55.95		
-20.45   	-20.45   	  9.54   	 -50.86		
-21.36   	-23.19   	  9.34   	 -50.86		
-19.84   	-26.55   	  9.14   	 -50.86		
-17.09   	-28.38   	  8.93   	 -45.78		
-14.04   	-27.16   	  8.75   	 -45.78		
-11.60   	-23.19   	  8.57   	 -45.78		
-10.68   	-17.40   	  8.38   	 -40.69		
-10.68   	-12.51   	  8.22   	 -40.69		
-10.68   	-10.38   	  8.06   	 -40.69		
-10.68   	-11.60   	  7.89   	 -30.52		
-10.99   	-14.65   	  7.77   	 -35.61		
-11.29   	-18.31   	  7.63   	 -35.61		
-11.60   	-20.45   	  7.49   	 -30.52		
-10.99   	-20.45   	  7.37   	 -35.61		
-10.68   	-18.62   	  7.22   	 -35.61		
-10.68   	-16.48   	  7.08   	 -30.52		
-11.90   	-15.56   	  6.96   	 -35.61		
-13.73   	-16.48   	  6.82   	 -35.61		
-15.56   	-19.23   	  6.67   	 -35.61		
-16.17   	-22.89   	  6.53   	 -30.52		
-15.56   	-25.02   	  6.41   	 -30.52		
-14.04   	-25.02   	  6.29   	 -30.52		
-11.90   	-23.19   	  6.16   	 -25.43		
-10.07   	-19.84   	  6.06   	 -25.43		
 -8.85   	-16.78   	  5.96   	 -25.43		
 -7.93   	-14.95   	  5.86   	 -20.35		
 -7.63   	-14.34   	  5.78   	 -20.35		
 -8.24   	-14.65   	  5.70   	 -20.35		
 -9.16   	-15.26   	  5.62   	 -20.35		
-10.38   	-15.26   	  5.53   	 -15.26		
-10.38   	-13.73   	  5.47   	 -15.26		
 -9.77   	-11.90   	  5.41   	 -15.26		
 -8.85   	-11.60   	  5.35   	 -20.35		
 -9.46   	-15.56   	  5.27   	 -15.26		
-12.21   	-23.19   	  5.21   	 -15.26		
-15.26   	-30.82   	  5.15   	 -10.17		
-18.01   	-34.48   	  5.11   	 -15.26		
-18.31   	-31.43   	  5.05   	 -15.26		
-17.40   	-23.80   	  4.98   	 -15.26		
-15.87   	-15.56   	  4.92   	 -10.17		
-14.65   	-10.99   	  4.88   	 -10.17		
-13.73   	-11.29   	  4.84   	 -10.17		
-12.51   	-15.87   	  4.80   	 -10.17		
-10.99   	-21.67   	  4.76   	 -10.17		
 -9.77   	-25.94   	  4.72   	 -10.17		
 -8.85   	-27.77   	  4.68   	 -10.17		
 -9.16   	-26.55   	  4.64   	  -5.09		
-10.38   	-23.19   	  4.62   	 -10.17		
-11.90   	-18.62   	  4.58   	  -5.09		
-13.43   	-15.56   	  4.56   	 -10.17		
-13.73   	-14.95   	  4.52   	  -5.09		
-12.21   	-16.78   	  4.50   	 -10.17		
 -9.77   	-18.92   	  4.46   	  -5.09		
 -7.32   	-19.84   	  4.44   	  -5.09		
 -5.80   	-17.70   	  4.42   	  -5.09		
 -5.19   	-13.43   	  4.39   	   0.00		
 -4.88   	 -9.16   	  4.39   	  -5.09		
 -4.27   	 -7.02   	  4.37   	   0.00		
 -3.05   	 -7.63   	  4.37   	  -5.09		
 -2.14   	-10.38   	  4.35   	   0.00		
 -2.44   	-14.04   	  4.35   	   0.00		
 -4.27   	-16.78   	  4.35   	  -5.09		
 -6.71   	-17.70   	  4.33   	   0.00		
 -8.24   	-15.87   	  4.33   	   0.00		
 -8.24   	-13.12   	  4.33   	   0.00		
 -5.80   	-10.68   	  4.33   	   0.00		
 -2.44   	-10.99   	  4.33   	   0.00		
  0.31   	-14.04   	  4.33   	   0.00		
  0.61   	-17.40   	  4.33   	   0.00		
 -0.92   	-17.70   	  4.33   	   0.00		
 -3.05   	-13.73   	  4.33   	   0.00		
 -4.27   	 -7.63   	  4.33   	   0.00		
 -3.36   	 -3.05   	  4.33   	   5.09		
 -0.92   	 -3.05   	  4.35   	   0.00		
  1.22   	 -7.93   	  4.35   	   0.00		
  2.44   	-13.73   	  4.35   	   5.09		
  3.05   	-16.48   	  4.37   	   0.00		
  3.36   	-14.34   	  4.37   	   5.09		
  3.97   	 -7.32   	  4.39   	   5.09		
  5.80   	  4.88   	  4.42   	   0.00		
  8.54   	 20.75   	  4.42   	   5.09		
 12.21   	 39.06   	  4.44   	   5.09		
 16.17   	 55.85   	  4.46   	   5.09		
 19.23   	 67.44   	  4.48   	   0.00		
 20.75   	 71.11   	  4.48   	   5.09		
 20.45   	 69.27   	  4.50   	   5.09		
 19.23   	 66.83   	  4.52   	   0.00		
 18.92   	 68.66   	  4.52   	   5.09		
 21.06   	 75.99   	  4.54   	   0.00		
 25.63   	 84.53   	  4.54   	   5.09		
 31.43   	 87.28   	  4.56   	   5.09		
 36.32   	 80.87   	  4.58   	   5.09		
 39.67   	 67.14   	  4.60   	   5.09		
 41.20   	 51.27   	  4.62   	   5.09		
 41.81   	 38.76   	  4.64   	   5.09		
 42.72   	 32.96   	  4.66   	   5.09		
 43.95   	 31.74   	  4.68   	   5.09		
 47.30   	 32.04   	  4.70   	   5.09		
 54.32   	 32.04   	  4.72   	   0.00		
 65.92   	 29.60   	  4.72   	   0.00		
 81.18   	 25.02   	  4.72   	   0.00		
 95.21   	 21.97   	  4.72   	   0.00		
103.45   	 23.19   	  4.72   	 -10.17		
101.32   	 29.91   	  4.68   	 -10.17		
 89.11   	 36.93   	  4.64   	 -15.26		
 70.19   	 35.10   	  4.58   	 -15.26		
 49.44   	 18.31   	  4.52   	 -20.35		
 31.13   	 -9.46   	  4.44   	 -15.26		
 18.31   	-35.40   	  4.37   	 -15.26		
 11.90   	-47.00   	  4.31   	 -15.26		
 10.99   	-40.59   	  4.25   	   0.00		
 13.43   	-24.11   	  4.25   	   5.09		
 16.17   	-10.07   	  4.27   	  15.26		
 16.48   	 -6.10   	  4.33   	  25.43		
 13.43   	-12.21   	  4.44   	  35.61		
  8.54   	-21.36   	  4.58   	  40.69		
  3.97   	-28.08   	  4.74   	  45.78		
  1.22   	-29.91   	  4.92   	  50.86		
  0.92   	-28.08   	  5.13   	  45.78		
  2.44   	-23.80   	  5.31   	  45.78		
  4.27   	-18.62   	  5.49   	  45.78		
  6.10   	-12.51   	  5.68   	  40.69		
  6.71   	 -7.02   	  5.84   	  40.69		
  6.71   	 -3.66   	  6.00   	  35.61		
  5.19   	 -2.75   	  6.14   	  40.69		
  0.92   	 -2.44   	  6.31   	  30.52		
-10.38   	  1.83   	  6.43   	  30.52		
-35.10   	 12.51   	  6.55   	  25.43		
-77.82   	 28.08   	  6.65   	  20.35		
-130.92   	 43.33   	  6.73   	  10.17		
-171.81   	 55.24   	  6.78   	   5.09		
-166.93   	 68.97   	  6.80   	   0.00		
-86.67   	 99.79   	  6.80   	   0.00		
 81.79   	168.76   	  6.80   	   5.09		
329.28   	287.17   	  6.82   	  10.17		
623.78   	441.28   	  6.86   	  15.26		
914.00   	573.73   	  6.92   	  25.43		
1132.81   	600.59(R)	  7.02   	  35.61		
1217.04   	465.09   	  7.16   	  35.61		
1141.66   	185.85   	  7.30   	  40.69		
938.11   	-133.97   	  7.47   	  40.69		
684.81   	-358.28   	  7.63   	  30.52		
463.26   	-408.33   	  7.75   	  30.52		
311.28   	-313.11   	  7.87   	  20.35		
214.54   	-171.51   	  7.96   	  15.26		
140.38   	-71.72   	  8.02   	  10.17		
 71.41   	-39.37   	  8.06(A)	   0.00		
 14.34   	-43.95   	  8.06   	  -5.09		
-18.31   	-46.08   	  8.04   	  -5.09		
-25.94   	-32.96   	  8.02   	 -10.17		
-24.11   	-15.26   	  7.98   	  -5.09		
-27.16   	 -5.19   	  7.96   	  -5.09		
-37.84   	 -2.75   	  7.93   	  -5.09		
-49.44   	 -0.61   	  7.91   	   0.00		
-56.15   	  3.66   	  7.91   	   5.09		
-58.29   	  8.54   	  7.93   	   0.00		
-58.59   	 11.90   	  7.93   	   5.09		
-59.51   	 14.65   	  7.96   	   5.09		
-61.34   	 16.48   	  7.98   	   0.00		
-63.48   	 17.70   	  7.98   	   0.00		
-65.31   	 17.70   	  7.98   	  -5.09		
-66.53   	 16.17   	  7.96   	   0.00		
-68.05   	 14.34   	  7.96   	  -5.09		
-69.58   	 12.82   	  7.93   	  -5.09		
-70.80   	 11.60   	  7.91   	  -5.09		
-71.41   	 10.99   	  7.89   	 -10.17		
-70.80   	 11.90   	  7.85   	 -10.17		
-68.66   	 15.26   	  7.81   	 -10.17		
-66.22   	 20.75   	  7.77   	 -15.26		
-64.70   	 27.47   	  7.71   	 -25.43		
-64.70   	 32.96   	  7.61   	 -25.43		
-65.61   	 35.10   	  7.51   	 -30.52		
-67.75   	 32.96   	  7.39   	 -35.61		
-70.19   	 28.38   	  7.24   	 -40.69		
-72.33   	 24.11   	  7.08   	 -40.69		
-73.85   	 21.67   	  6.92   	 -50.86		
-74.16   	 21.36   	  6.71   	 -55.95		
-73.24   	 22.28   	  6.49   	 -66.12		
-72.02   	 22.58   	  6.23   	 -66.12		
-71.11   	 23.19   	  5.96   	 -76.30		
-71.72   	 25.02   	  5.66   	 -81.38		
-73.24   	 28.99   	  5.33   	 -81.38		
-75.38   	 33.57   	  5.01   	 -91.56		
-76.29   	 36.62   	  4.64   	 -86.47		
-75.99   	 37.23   	  4.29   	 -91.56		
-75.07   	 34.79   	  3.93   	 -81.38		
-75.07   	 31.74   	  3.60   	 -81.38		
-75.38   	 29.91   	  3.28   	 -66.12		
-76.29   	 29.91   	  3.01   	 -61.04		
-76.29   	 31.13   	  2.77   	 -50.86		
-76.29   	 32.96   	  2.56   	 -45.78		
-76.29   	 33.87   	  2.38   	 -40.69		
-78.13   	 34.79   	  2.22   	 -40.69		
-81.48   	 36.32   	  2.05   	 -35.61		
-85.45   	 39.67   	  1.91   	 -35.61		
-88.81   	 44.86   	  1.77   	 -40.69		
-91.25   	 50.66   	  1.61   	 -40.69		
-93.08   	 56.15   	  1.44   	 -40.69		
-95.83   	 60.12   	  1.28   	 -35.61		
-99.79   	 62.26   	  1.14   	 -35.61		
-105.29   	 60.73   	  1.00   	 -25.43		
-111.69   	 55.85   	  0.90   	 -25.43		
-117.80   	 49.74   	  0.79   	 -25.43		
-122.68   	 45.47   	  0.69   	 -20.35		
-126.34   	 45.78   	  0.61   	 -20.35		
-129.39   	 49.44   	  0.53   	 -15.26		
-132.14   	 54.32   	  0.47   	 -10.17		
-135.19   	 56.76   	  0.43   	 -10.17		
-138.55   	 54.63   	  0.39   	  -5.09		
-141.91   	 47.61   	  0.37   	   0.00		
-145.57   	 37.54   	  0.37   	   5.09		
-148.93   	 26.86   	  0.39   	   5.09		
-151.37   	 18.62   	  0.41   	  10.17		
-151.06   	 13.73   	  0.45   	  10.17		
-148.32   	 10.68   	  0.49   	  10.17		
-142.82   	  7.93   	  0.53   	  10.17		
-135.19   	  3.66   	  0.57   	  10.17		
-125.43   	 -1.53   	  0.61   	  15.26		
-113.22   	 -5.80   	  0.67   	  10.17		
-98.27   	 -7.02   	  0.71   	  15.26		
-81.79   	 -5.19   	  0.77   	  10.17		
-65.92   	 -1.53   	  0.81   	  20.35		
-51.57   	  2.44   	  0.90   	  15.26		
-39.06   	  5.80   	  0.96   	  25.43		
-27.77   	  7.32   	  1.06   	  25.43		
-17.70   	  5.80   	  1.16   	  35.61		
 -8.85   	  1.83   	  1.30   	  40.69		
 -2.44   	 -3.05   	  1.46   	  40.69		
  1.53   	 -6.71   	  1.63   	  45.78		
  3.36   	 -7.32   	  1.81   	  45.78		
  4.88   	 -5.80   	  1.99   	  40.69		
  7.02   	 -3.66   	  2.16   	  45.78		
  9.77   	 -2.75   	  2.34   	  35.61		
 12.51   	 -4.27   	  2.48   	  35.61		
 13.73   	 -7.63   	  2.62   	  30.52		
 12.82   	-11.60   	  2.75   	  35.61		
 10.68   	-14.34   	  2.89   	  40.69		
  8.24   	-14.95   	  3.05   	  40.69		
  6.41   	-13.43   	  3.21   	  45.78		
  5.49   	-13.12   	  3.40   	  50.86		
  4.27   	-15.26   	  3.60   	  55.95		
  2.75   	-20.75   	  3.83   	  50.86		
  0.92   	-26.25   	  4.03   	  45.78		
  0.31   	-28.69   	  4.21   	  40.69		
  0.31   	-26.55   	  4.37   	  35.61		
  0.61   	-20.75   	  4.52   	  30.52		
  0.92   	-14.95   	  4.64   	  25.43		
  0.92   	-11.90   	  4.74   	  35.61		
  0.31   	-12.51   	  4.88   	  50.86		
 -0.61   	-15.26   	  5.09   	  71.21		
 -1.53   	-17.70   	  5.37   	  96.64		
 -2.14   	-17.09   	  5.76   	 127.16		
 -2.14   	-13.73   	  6.27   	 147.51		
 -1.83   	 -8.54   	  6.86   	 162.77		
 -1.83   	 -3.97   	  7.51   	 162.77		
 -2.14   	 -0.92   	  8.16   	 157.68		
 -2.75   	  0.00   	  8.79   	 142.42		
 -3.05   	 -0.31   	  9.36   	 106.82		
 -2.14   	 -0.92   	  9.79   	  86.47		
 -0.92   	 -1.22   	 10.13   	  50.86		
 -0.61   	 -0.61   	 10.34   	  25.43		
 -1.83   	  1.83   	 10.44   	  10.17		
 -3.66   	  6.41   	 10.48(V)	  -5.09		
 -4.88   	 11.90   	 10.46   	 -15.26		
 -4.27   	 17.40   	 10.40   	 -10.17		
 -1.83   	 21.36   	 10.36   	 -10.17		
  2.14   	 22.28   	 10.32   	  -5.09		
  5.19   	 20.75   	 10.29   	   0.00		
  6.71   	 16.78   	 10.29   	   0.00		
  6.10   	 12.51   	 10.29   	  -5.09		
  3.66   	  9.46   	 10.27   	 -10.17		
  1.22   	  8.24   	 10.23   	 -15.26		
 -0.31   	  7.93   	 10.17   	 -25.43		
 -0.31   	  6.71   	 10.07   	 -30.52		
  0.31   	  4.27   	  9.95   	 -35.61		
  0.61   	  0.92   	  9.81   	 -35.61		
  0.31   	 -0.92   	  9.66   	 -35.61		
 -0.31   	  0.00   	  9.52   	 -30.52		
 -0.92   	  2.75   	  9.40   	 -30.52		
 -0.92   	  4.88   	  9.28   	 -20.35		
 -0.61   	  5.19   	  9.20   	 -20.35		
 -0.31   	  3.05   	  9.11   	 -15.26		
  0.00   	  0.61   	  9.05   	 -15.26		
 -0.61   	 -0.61   	  8.99   	 -20.35		
 -1.22   	 -0.61   	  8.91   	 -25.43		
 -2.44   	  0.31   	  8.81   	 -30.52		
 -3.36   	 -0.61   	  8.69   	 -40.69		
 -3.97   	 -3.66   	  8.52   	 -50.86		
 -4.58   	 -8.85   	  8.32   	 -50.86		
 -4.58   	-13.73   	  8.12   	 -61.04		
 -4.58   	-16.78   	  7.87   	 -66.12		
 -4.27   	-18.01   	  7.61   	 -71.21		
 -3.97   	-17.70   	  7.32   	 -66.12		
 -3.97   	-16.48   	  7.06   	 -71.21		
 -5.19   	-14.65   	  6.78   	 -66.12		
 -6.71   	-12.82   	  6.51   	 -71.21		
 -8.24   	-11.60   	  6.23   	 -66.12		
 -8.85   	-11.90   	  5.96   	 -61.04		
 -7.93   	-14.34   	  5.72   	 -61.04		
 -6.10   	-17.09   	  5.47   	 -55.95		
 -4.27   	-18.31   	  5.25   	 -55.95		
 -3.36   	-17.09   	  5.03   	 -55.95		
 -3.97   	-14.95   	  4.80   	 -45.78		
 -5.49   	-13.73   	  4.62   	 -45.78		
 -7.32   	-14.04   	  4.44   	 -35.61		
 -7.93   	-15.87   	  4.29   	 -35.61		
 -6.71   	-18.01   	  4.15   	 -30.52		
 -4.58   	-18.92   	  4.03   	 -30.52		
 -2.75   	-18.01   	  3.91   	 -35.61		
 -2.75   	-15.87   	  3.76   	 -30.52		
 -4.58   	-13.43   	  3.64   	 -40.69		
 -7.02   	-10.99   	  3.48   	 -40.69		
 -9.16   	 -9.77   	  3.32   	 -40.69		
-10.38   	-10.07   	  3.15   	 -40.69		
-10.68   	-12.21   	  2.99   	 -40.69		
-10.99   	-15.26   	  2.83   	 -40.69		
-11.29   	-18.31   	  2.67   	 -30.52		
-10.99   	-19.53   	  2.54   	 -30.52		
-10.38   	-18.62   	  2.42   	 -30.52		
 -9.16   	-16.17   	  2.30   	 -20.35		
 -8.24   	-13.12   	  2.22   	 -20.35		
 -7.63   	-10.38   	  2.14   	 -15.26		
 -7.32   	 -8.54   	  2.08   	 -15.26		
 -7.32   	 -7.93   	  2.01   	 -10.17		
 -7.32   	 -8.24   	  1.97   	 -10.17		
 -7.02   	 -9.16   	  1.93   	 -15.26		
 -6.41   	 -9.46   	  1.87   	 -10.17		
 -6.41   	 -9.16   	  1.83   	 -10.17		
 -6.41   	 -7.63   	  1.79   	 -15.26		
 -6.71   	 -5.80   	  1.73   	 -10.17		
 -6.10   	 -3.97   	  1.69   	 -10.17		
 -4.88   	 -2.75   	  1.65   	  -5.09		
 -3.97   	 -2.44   	  1.63   	  -5.09		
 -3.97   	 -3.97   	  1.61   	   0.00		
 -5.49   	 -7.63   	  1.61   	   5.09		
 -7.32   	-11.90   	  1.63   	  10.17		
 -8.24   	-14.04   	  1.67   	   5.09		
 -6.71   	-11.60   	  1.69   	  15.26		
 -3.05   	 -3.97   	  1.75   	  10.17		
  1.22   	  7.93   	  1.79   	   5.09		
  5.49   	 22.89   	  1.81   	  10.17		
  9.16   	 39.06   	  1.85   	   5.09		
 12.21   	 54.93   	  1.87   	   0.00		
 14.95   	 68.05   	  1.87   	   5.09		
 17.09   	 76.29   	  1.89   	   0.00		
 18.01   	 78.43   	  1.89   	   0.00		
 17.40   	 76.60   	  1.89   	   0.00		
 16.17   	 74.46   	  1.89   	   0.00		
 16.78   	 75.07   	  1.89   	   5.09		
 20.14   	 78.43   	  1.91   	   0.00		
 26.86   	 79.65   	  1.91   	   5.09		
 34.18   	 75.38   	  1.93   	   5.09		
 40.28   	 64.70   	  1.95   	   5.09		
 44.25   	 50.35   	  1.97   	   5.09		
 45.78   	 38.15   	  1.99   	  10.17		
 46.39   	 31.74   	  2.03   	  10.17		
 47.30   	 31.43   	  2.08   	   5.09		
 50.05   	 34.79   	  2.10   	  10.17		
 56.46   	 38.15   	  2.14   	  10.17		
 67.14   	 37.23   	  2.18   	  10.17		
 80.57   	 31.74   	  2.22   	  10.17		
 92.47   	 24.41   	  2.26   	  10.17		
 97.96   	 20.45   	  2.30   	   5.09		
 94.30   	 22.89   	  2.32   	  10.17		
 82.40   	 28.08   	  2.36   	   5.09		
 65.00   	 26.55   	  2.38   	   5.09		
 46.08   	 12.51   	  2.40   	   5.09		
 28.38   	-11.90   	  2.42   	   0.00		
 14.95   	-34.79   	  2.42   	  10.17		
  6.71   	-44.86   	  2.46   	  10.17		
  3.66   	-39.67   	  2.50   	  N/A		
