  I     	  II     	  AO     	  AO'		
-55.24   	-120.85   	 68.89   	  96.64		
-54.63   	-121.15   	 69.28   	 106.82		
-54.02   	-121.15   	 69.70   	 132.25		
-53.10   	-119.93   	 70.23   	 157.68		
-51.27   	-117.19   	 70.86   	 183.11		
-49.13   	-114.75   	 71.60   	 208.54		
-47.61   	-113.22   	 72.43   	 228.89		
-47.30   	-112.61   	 73.35   	 254.32		
-47.61   	-111.69   	 74.36   	 274.67		
-47.91   	-110.17   	 75.46   	 284.84		
-46.69   	-108.34   	 76.60   	 300.10		
-44.56   	-106.51   	 77.80   	 300.10		
-42.11   	-104.37   	 79.00   	 305.19		
-40.28   	-102.23   	 80.22   	 300.10		
-38.15   	-99.18   	 81.42   	 289.93		
-35.71   	-95.83   	 82.58   	 284.84		
-32.65   	-93.08   	 83.72   	 269.58		
-29.30   	-91.55   	 84.80   	 259.41		
-26.55   	-90.94   	 85.84   	 249.24		
-24.41   	-90.64   	 86.84   	 233.98		
-21.67   	-89.42   	 87.77   	 218.72		
-18.01   	-86.36   	 88.65   	 208.54		
-12.82   	-81.79   	 89.48   	 198.37		
 -6.71   	-76.29   	 90.27   	 183.11		
 -0.61   	-70.50   	 91.01   	 167.85		
  5.19   	-65.61   	 91.68   	 157.68		
 10.38   	-61.34   	 92.31   	 147.51		
 15.56   	-57.37   	 92.90   	 137.33		
 21.67   	-52.49   	 93.45   	 132.25		
 29.30   	-46.69   	 93.98   	 122.07		
 38.15   	-39.06   	 94.47   	 116.99		
 48.22   	-30.21   	 94.93   	 111.90		
 58.90   	-21.06   	 95.38   	 111.90		
 69.27   	-12.51   	 95.83   	 101.73		
 79.65   	 -4.27   	 96.24   	  96.64		
 89.72   	  3.66   	 96.62   	  86.47		
100.10   	 12.51   	 96.97   	  86.47		
110.78   	 22.58   	 97.31   	  81.38		
121.15   	 33.26   	 97.64   	  81.38		
130.31   	 44.25   	 97.97   	  71.21		
137.94   	 54.93   	 98.25   	  66.12		
144.65   	 65.00   	 98.51   	  66.12		
150.45   	 75.99   	 98.78   	  61.04		
155.64   	 88.20   	 99.02   	  61.04		
159.61   	100.10   	 99.27   	  61.04		
161.74   	110.17   	 99.51   	  61.04		
161.74   	117.19   	 99.76   	  66.12		
158.08   	120.85   	100.02   	  66.12		
150.76   	120.54   	100.28   	  66.12		
139.16   	116.88   	100.55   	  66.12		
123.29   	109.25   	100.81   	  71.21		
104.37   	 97.96   	101.10   	  66.12		
 84.23   	 84.53   	101.36   	  66.12		
 64.70   	 70.50   	101.63   	  55.95		
 46.39   	 57.07   	101.85   	  50.86		
 28.99   	 44.86   	102.05   	  45.78		
 12.82   	 33.57   	102.24   	  35.61		
 -2.44   	 22.58   	102.38   	  30.52		
-15.56   	 12.51   	102.50   	  20.35		
-26.25   	  3.66   	102.58   	  15.26		
-34.18   	 -3.97   	102.64   	   5.09		
-40.28   	-10.07   	102.66(S)	   0.00		
-46.39   	-15.56   	102.66   	   0.00		
-52.19   	-21.06   	102.66   	  -5.09		
-57.68   	-26.55   	102.64   	 -10.17		
-60.73   	-31.43   	102.60   	 -10.17		
-61.65   	-34.79   	102.56   	 -20.35		
-60.42   	-36.62   	102.48   	 -20.35		
-59.51   	-37.23   	102.40   	 -25.43		
-60.12   	-37.54   	102.30   	 -40.69		
-61.95   	-38.15   	102.14   	 -45.78		
-64.09   	-39.37   	101.95   	 -61.04		
-65.31   	-39.67   	101.71   	 -76.30		
-64.70   	-39.37   	101.40   	 -91.56		
-63.48   	-37.84   	101.04   	-111.90		
-62.56   	-36.01   	100.59   	-127.16		
-62.56   	-34.79   	100.08   	-152.59		
-62.87   	-34.79   	 99.47   	-162.77		
-63.48   	-35.40   	 98.82   	-183.11		
-63.48   	-36.93   	 98.09   	-198.37		
-62.87   	-37.84   	 97.29   	-203.46		
-62.26   	-38.45   	 96.48   	-208.54		
-61.65   	-38.15   	 95.65   	-203.46		
-61.04   	-37.54   	 94.83   	-198.37		
-60.42   	-36.32   	 94.04   	-183.11		
-59.81   	-35.10   	 93.31   	-172.94		
-59.51   	-34.48   	 92.61   	-152.59		
-60.12   	-34.48   	 92.00   	-132.25		
-61.04   	-35.71   	 91.47   	-111.90		
-62.26   	-37.23   	 91.03   	 -91.56		
-62.87   	-38.45   	 90.66   	 -71.21		
-62.56   	-38.45   	 90.38   	 -50.86		
-61.65   	-36.93   	 90.17   	 -40.69		
-61.34   	-34.48   	 90.01   	 -25.43		
-61.34   	-32.65   	 89.91   	 -20.35		
-61.34   	-31.43   	 89.83   	 -10.17		
-60.73   	-30.21   	 89.79   	 -10.17		
-59.20   	-28.99   	 89.75   	 -15.26		
-57.98   	-27.77   	 89.68   	 -20.35		
-57.37   	-26.86   	 89.60   	 -20.35		
-57.98   	-26.86   	 89.52   	 -35.61		
-58.29   	-27.47   	 89.38   	 -35.61		
-57.37   	-28.08   	 89.24   	 -45.78		
-55.85   	-27.77   	 89.05   	 -55.95		
-54.93   	-27.47   	 88.83   	 -55.95		
-55.24   	-27.77   	 88.61   	 -55.95		
-56.46   	-29.30   	 88.38   	 -55.95		
-57.37   	-30.52   	 88.16   	 -55.95		
-57.07   	-30.82   	 87.93   	 -50.86		
-55.24   	-29.91   	 87.73   	 -45.78		
-53.41   	-28.69   	 87.55   	 -45.78		
-52.49   	-28.69   	 87.36   	 -35.61		
-52.19   	-29.60   	 87.22   	 -35.61		
-52.19   	-31.43   	 87.08   	 -25.43		
-51.88   	-32.96   	 86.98   	 -25.43		
-51.27   	-33.87   	 86.88   	 -20.35		
-50.35   	-33.87   	 86.80   	 -20.35		
-49.13   	-32.96   	 86.71   	 -10.17		
-48.52   	-31.74   	 86.67   	 -15.26		
-47.91   	-31.13   	 86.61   	  -5.09		
-47.61   	-32.04   	 86.59   	 -10.17		
-47.61   	-33.87   	 86.55   	  -5.09		
-47.30   	-36.01   	 86.53   	 -10.17		
-47.30   	-37.54   	 86.49   	  -5.09		
-47.00   	-37.84   	 86.47   	 -10.17		
-46.69   	-37.23   	 86.43   	  -5.09		
-45.78   	-36.32   	 86.41   	 -15.26		
-44.56   	-35.40   	 86.35   	 -10.17		
-43.33   	-35.10   	 86.31   	 -10.17		
-42.11   	-34.79   	 86.27   	 -15.26		
-41.81   	-34.79   	 86.21   	 -20.35		
-41.81   	-34.79   	 86.12   	 -15.26		
-41.81   	-34.18   	 86.06   	 -20.35		
-41.20   	-33.26   	 85.98   	 -25.43		
-40.59   	-32.35   	 85.88   	 -20.35		
-39.98   	-32.04   	 85.80   	 -25.43		
-39.37   	-32.35   	 85.70   	 -20.35		
-39.37   	-32.96   	 85.62   	 -25.43		
-39.06   	-33.87   	 85.51   	 -30.52		
-38.76   	-34.48   	 85.39   	 -25.43		
-37.84   	-34.48   	 85.29   	 -30.52		
-36.62   	-33.57   	 85.17   	 -25.43		
-35.10   	-32.04   	 85.07   	 -35.61		
-33.87   	-29.91   	 84.92   	 -30.52		
-33.87   	-28.99   	 84.80   	 -30.52		
-34.79   	-29.30   	 84.68   	 -35.61		
-35.71   	-30.82   	 84.54   	 -40.69		
-36.01   	-32.04   	 84.37   	 -35.61		
-35.40   	-32.65   	 84.23   	 -40.69		
-33.57   	-32.35   	 84.07   	 -40.69		
-32.35   	-31.74   	 83.91   	 -45.78		
-31.74   	-31.13   	 83.72   	 -40.69		
-31.74   	-30.52   	 83.56   	 -45.78		
-32.35   	-29.91   	 83.38   	 -45.78		
-32.96   	-28.99   	 83.19   	 -45.78		
-32.96   	-28.08   	 83.01   	 -45.78		
-32.96   	-28.08   	 82.83   	 -50.86		
-32.96   	-28.99   	 82.62   	 -50.86		
-32.35   	-30.52   	 82.42   	 -50.86		
-31.43   	-31.13   	 82.22   	 -50.86		
-30.21   	-30.21   	 82.01   	 -50.86		
-28.08   	-26.25   	 81.81   	 -50.86		
-25.33   	-17.40   	 81.61   	 -55.95		
-21.36   	 -3.36   	 81.38   	 -55.95		
-16.48   	 15.26   	 81.16   	 -50.86		
-11.60   	 35.71   	 80.96   	 -55.95		
 -7.93   	 53.71   	 80.73   	 -55.95		
 -5.80   	 67.14   	 80.51   	 -61.04		
 -4.27   	 77.21   	 80.26   	 -55.95		
 -1.83   	 86.67   	 80.04   	 -55.95		
  3.36   	 97.05   	 79.82   	 -55.95		
 10.99   	109.56   	 79.59   	 -50.86		
 20.75   	123.29   	 79.39   	 -55.95		
 30.21   	138.24   	 79.17   	 -55.95		
 38.15   	155.94   	 78.94   	 -55.95		
 43.64   	176.70   	 78.72   	 -55.95		
 48.22   	198.67   	 78.49   	 -50.86		
 54.32   	219.42   	 78.29   	 -55.95		
 63.48   	236.51   	 78.07   	 -50.86		
 75.38   	246.89   	 77.86   	 -55.95		
 85.75   	248.41   	 77.64   	 -55.95		
 89.42   	238.95   	 77.42   	 -55.95		
 82.40   	216.98   	 77.19   	 -55.95		
 64.09   	183.11   	 76.97   	 -61.04		
 38.76   	140.99   	 76.72   	 -55.95		
 13.12   	 95.52   	 76.50   	 -61.04		
 -7.63   	 53.41   	 76.26   	 -61.04		
-19.84   	 19.53   	 76.01   	 -55.95		
-24.41   	 -3.05   	 75.79   	 -61.04		
-24.72   	-16.48   	 75.54   	 -55.95		
-24.41   	-23.19   	 75.32   	 -50.86		
-24.72   	-27.77   	 75.12   	 -50.86		
-26.55   	-32.96   	 74.91   	 -50.86		
-28.99   	-39.06   	 74.71   	 -45.78		
-31.13   	-45.78   	 74.53   	 -40.69		
-33.26   	-51.88   	 74.36   	 -40.69		
-34.79   	-57.07   	 74.20   	 -40.69		
-36.32   	-61.65   	 74.04   	 -35.61		
-36.62   	-65.00   	 73.90   	 -35.61		
-36.01   	-68.05   	 73.75   	 -35.61		
-35.71   	-70.80   	 73.61   	 -30.52		
-36.01   	-73.55   	 73.49   	 -30.52		
-36.93   	-75.99   	 73.37   	 -30.52		
-38.15   	-77.82   	 73.24   	 -25.43		
-40.89   	-79.96   	 73.14   	 -25.43		
-47.61   	-86.67   	 73.04   	 -30.52		
-63.17   	-104.98   	 72.92   	 -25.43		
-86.06   	-135.50   	 72.82   	 -25.43		
-107.12   	-164.79   	 72.72   	 -25.43		
-106.81   	-165.41   	 72.61   	 -25.43		
-65.31   	-107.73   	 72.51   	 -25.43		
 26.86   	 21.97   	 72.41   	 -30.52		
162.35   	216.37   	 72.29   	 -25.43		
318.60   	448.30   	 72.19   	 -25.43		
469.06   	679.93   	 72.09   	 -30.52		
590.52   	874.94   	 71.96   	 -25.43		
665.59   	1000.37   	 71.86   	 -25.43		
679.02   	1025.70(R)	 71.76   	 -20.35		
618.59   	939.64   	 71.68   	 -25.43		
484.01   	758.67   	 71.58   	 -25.43		
297.24   	520.94   	 71.47   	 -25.43		
 99.18   	273.13   	 71.37   	 -30.52		
-63.48   	 54.02   	 71.25   	 -30.52		
-162.35   	-117.19   	 71.13   	 -30.52		
-198.06   	-235.60   	 71.01   	 -35.61		
-191.96   	-301.21   	 70.86   	 -35.61		
-170.90   	-318.30   	 70.72   	 -40.69		
-151.06   	-299.07   	 70.56   	 -35.61		
-133.97   	-262.45   	 70.42   	 -40.69		
-117.19   	-226.75   	 70.25   	 -30.52		
-98.88   	-199.89   	 70.13   	 -35.61		
-81.48   	-180.05   	 69.99   	 -25.43		
-68.97   	-161.74   	 69.89   	 -20.35		
-62.56   	-144.04   	 69.81   	 -15.26		
-60.42   	-129.39   	 69.75(D)	   0.00		
-59.81   	-120.24   	 69.75   	   5.09		
-58.59   	-116.88   	 69.77   	  15.26		
-56.76   	-115.97   	 69.83   	  25.43		
-54.63   	-114.75   	 69.93   	  40.69		
-53.10   	-112.61   	 70.09   	  55.95		
-51.88   	-109.56   	 70.32   	  71.21		
-50.96   	-106.51   	 70.60   	  86.47		
-49.44   	-104.06   	 70.95   	 106.82		
-47.91   	-102.54   	 71.37   	 122.07		
-46.39   	-101.93   	 71.86   	 147.51		
-45.17   	-101.62   	 72.45   	 167.85		
-44.56   	-101.01   	 73.12   	 193.29		
-44.25   	-99.49   	 73.90   	 213.63		
-43.33   	-97.66   	 74.75   	 233.98		
-42.11   	-96.13   	 75.69   	 254.32		
-40.59   	-94.60   	 76.70   	 274.67		
-39.06   	-93.38   	 77.80   	 284.84		
-37.23   	-91.86   	 78.94   	 289.93		
-35.71   	-89.42   	 80.10   	 300.10		
-33.87   	-86.67   	 81.30   	 300.10		
-32.04   	-83.62   	 82.50   	 300.10		
-30.82   	-81.18   	 83.70   	 284.84		
-30.21   	-79.04   	 84.84   	 284.84		
-28.69   	-76.60   	 85.98   	 264.50		
-25.94   	-73.85   	 87.04   	 254.32		
-22.58   	-71.11   	 88.06   	 244.15		
-18.92   	-69.58   	 89.03   	 223.80		
-15.56   	-68.66   	 89.93   	 213.63		
-12.51   	-67.14   	 90.78   	 198.37		
 -8.54   	-64.70   	 91.58   	 188.20		
 -3.97   	-60.73   	 92.33   	 172.94		
  0.92   	-55.54   	 93.02   	 167.85		
  5.49   	-49.74   	 93.69   	 157.68		
 10.07   	-43.95   	 94.32   	 152.59		
 15.26   	-37.23   	 94.93   	 152.59		
 22.28   	-30.52   	 95.54   	 152.59		
 30.21   	-23.50   	 96.15   	 147.51		
 38.76   	-17.40   	 96.74   	 147.51		
 47.00   	-11.60   	 97.33   	 142.42		
 55.24   	 -4.88   	 97.90   	 142.42		
 64.39   	  2.75   	 98.47   	 132.25		
 74.46   	 11.90   	 99.00   	 132.25		
 85.14   	 21.67   	 99.53   	 122.07		
 96.13   	 31.74   	100.02   	 116.99		
107.12   	 42.42   	100.49   	 111.90		
117.49   	 54.02   	100.94   	 101.73		
127.56   	 66.22   	101.34   	  96.64		
137.63   	 78.74   	101.73   	  91.56		
147.40   	 90.94   	102.10   	  81.38		
156.56   	102.23   	102.42   	  81.38		
164.18   	113.53   	102.75   	  76.30		
169.68   	125.12   	103.05   	  76.30		
173.34   	136.72   	103.36   	  71.21		
174.87   	146.79   	103.64   	  71.21		
173.95   	153.81   	103.93   	  71.21		
169.37   	155.94   	104.21   	  66.12		
160.22   	152.89   	104.48   	  71.21		
146.48   	145.26   	104.76   	  71.21		
129.70   	134.89   	105.05   	  66.12		
111.08   	122.68   	105.31   	  61.04		
 92.16   	109.56   	105.55   	  61.04		
 72.94   	 95.21   	105.80   	  55.95		
 54.02   	 79.65   	106.02   	  50.86		
 35.40   	 64.09   	106.23   	  45.78		
 18.31   	 49.44   	106.41   	  35.61		
  3.66   	 36.01   	106.55   	  30.52		
 -8.24   	 24.41   	106.67   	  25.43		
-18.01   	 14.34   	106.77   	  15.26		
-26.25   	  5.19   	106.84   	  15.26		
-32.65   	 -2.14   	106.90   	   5.09		
-37.84   	 -8.54   	106.92(S)	   0.00		
-41.81   	-13.73   	106.92   	  -5.09		
-44.56   	-18.01   	106.90   	  -5.09		
-46.39   	-21.97   	106.88   	 -15.26		
-47.61   	-25.33   	106.82   	 -20.35		
-48.52   	-28.08   	106.73   	 -25.43		
-49.44   	-30.21   	106.63   	 -35.61		
-50.05   	-31.13   	106.49   	 -35.61		
-50.66   	-30.82   	106.35   	 -45.78		
-50.66   	-29.91   	106.16   	 -55.95		
-49.74   	-28.38   	105.94   	 -66.12		
-47.91   	-27.47   	105.68   	 -81.38		
-45.78   	-26.25   	105.35   	 -91.56		
-43.33   	-24.72   	104.98   	-111.90		
-40.28   	-22.58   	104.54   	-132.25		
-37.54   	-20.45   	104.01   	-152.59		
-35.71   	-19.23   	103.40   	-167.85		
-34.79   	-18.92   	102.73   	-188.20		
-34.48   	-19.53   	101.97   	-203.46		
-34.48   	-19.84   	101.16   	-208.54		
-33.87   	-19.53   	100.33   	-213.63		
-32.96   	-18.31   	 99.47   	-213.63		
-31.74   	-17.09   	 98.62   	-208.54		
-31.13   	-16.48   	 97.78   	-198.37		
-31.13   	-16.17   	 96.99   	-178.03		
-31.74   	-16.78   	 96.28   	-162.77		
-32.65   	-16.78   	 95.63   	-142.42		
-33.26   	-16.48   	 95.06   	-116.99		
-33.26   	-15.56   	 94.59   	-101.73		
-32.96   	-14.34   	 94.18   	 -86.47		
-32.35   	-13.73   	 93.83   	 -61.04		
-32.04   	-13.73   	 93.59   	 -50.86		
-31.74   	-14.34   	 93.39   	 -40.69		
-31.74   	-14.95   	 93.22   	 -30.52		
-31.43   	-15.26   	 93.10   	 -30.52		
-31.43   	-14.95   	 92.98   	 -25.43		
-31.43   	-14.95   	 92.88   	 -25.43		
-32.04   	-14.65   	 92.78   	 -30.52		
-32.65   	-14.34   	 92.65   	 -35.61		
-33.26   	-13.73   	 92.51   	 -40.69		
-33.57   	-13.43   	 92.35   	 -50.86		
-33.57   	-13.43   	 92.15   	 -50.86		
-33.57   	-13.73   	 91.94   	 -61.04		
-34.18   	-14.65   	 91.70   	 -61.04		
-34.79   	-15.26   	 91.45   	 -55.95		
-35.71   	-15.56   	 91.23   	 -61.04		
-36.62   	-15.26   	 90.99   	 -50.86		
-36.93   	-14.65   	 90.78   	 -45.78		
-36.62   	-14.34   	 90.60   	 -40.69		
-36.32   	-14.95   	 90.44   	 -35.61		
-36.01   	-16.17   	 90.29   	 -25.43		
-35.71   	-18.31   	 90.19   	 -20.35		
-35.71   	-20.14   	 90.11   	 -20.35		
-35.40   	-21.36   	 90.03   	 -20.35		
-34.79   	-21.97   	 89.95   	 -15.26		
-34.18   	-22.58   	 89.89   	 -15.26		
-33.87   	-23.19   	 89.83   	 -20.35		
-33.57   	-23.80   	 89.75   	 -20.35		
-33.87   	-23.80   	 89.66   	 -25.43		
-33.57   	-23.50   	 89.56   	 -30.52		
-32.96   	-22.89   	 89.44   	 -30.52		
-32.65   	-22.89   	 89.32   	 -35.61		
-32.35   	-23.19   	 89.18   	 -35.61		
-32.04   	-23.80   	 89.03   	 -40.69		
-31.74   	-24.41   	 88.87   	 -40.69		
-31.43   	-25.02   	 88.71   	 -45.78		
-31.43   	-25.63   	 88.52   	 -45.78		
-31.13   	-26.25   	 88.34   	 -40.69		
-31.43   	-26.86   	 88.18   	 -45.78		
-31.74   	-26.86   	 88.00   	 -40.69		
-31.74   	-26.86   	 87.83   	 -40.69		
-30.82   	-26.86   	 87.67   	 -40.69		
-29.91   	-27.47   	 87.51   	 -35.61		
-29.30   	-28.08   	 87.36   	 -35.61		
-28.99   	-28.69   	 87.22   	 -30.52		
-28.69   	-28.38   	 87.10   	 -30.52		
-28.38   	-27.16   	 86.98   	 -25.43		
-27.47   	-25.02   	 86.88   	 -30.52		
-26.86   	-23.19   	 86.75   	 -25.43		
-26.86   	-22.28   	 86.65   	 -25.43		
-27.16   	-21.97   	 86.55   	 -30.52		
-27.77   	-22.28   	 86.43   	 -25.43		
-27.77   	-22.89   	 86.33   	 -30.52		
-26.55   	-22.89   	 86.21   	 -35.61		
-25.02   	-22.89   	 86.06   	 -30.52		
-23.80   	-21.97   	 85.94   	 -35.61		
-23.50   	-21.36   	 85.80   	 -35.61		
-23.80   	-20.75   	 85.66   	 -35.61		
-24.11   	-20.14   	 85.51   	 -40.69		
-23.80   	-19.53   	 85.35   	 -40.69		
-23.19   	-18.62   	 85.19   	 -45.78		
-22.58   	-18.01   	 85.00   	 -45.78		
-22.28   	-17.70   	 84.82   	 -50.86		
-22.58   	-17.70   	 84.62   	 -50.86		
-23.50   	-18.01   	 84.41   	 -50.86		
-23.80   	-17.70   	 84.21   	 -55.95		
-23.50   	-17.09   	 83.99   	 -50.86		
-22.28   	-16.17   	 83.78   	 -55.95		
-21.06   	-15.56   	 83.56   	 -55.95		
-20.14   	-15.26   	 83.34   	 -50.86		
-19.53   	-15.26   	 83.13   	 -55.95		
-19.23   	-14.34   	 82.91   	 -55.95		
-18.01   	-10.07   	 82.69   	 -55.95		
-15.26   	  0.00   	 82.46   	 -55.95		
-10.68   	 16.17   	 82.24   	 -55.95		
 -4.58   	 36.62   	 82.01   	 -45.78		
  0.92   	 57.07   	 81.83   	 -50.86		
  5.49   	 74.16   	 81.63   	 -45.78		
  7.93   	 87.28   	 81.44   	 -40.69		
  9.77   	 97.66   	 81.28   	 -45.78		
 12.51   	108.03   	 81.10   	 -40.69		
 17.40   	119.32   	 80.94   	 -40.69		
 24.72   	131.23   	 80.77   	 -40.69		
 33.57   	143.13   	 80.61   	 -45.78		
 42.42   	155.94   	 80.43   	 -50.86		
 49.74   	170.90   	 80.22   	 -50.86		
 56.46   	188.29   	 80.02   	 -50.86		
 63.48   	207.21   	 79.82   	 -55.95		
 71.72   	225.52   	 79.59   	 -61.04		
 82.40   	240.78   	 79.35   	 -66.12		
 93.38   	249.94   	 79.08   	 -66.12		
100.71   	249.63   	 78.82   	 -61.04		
100.10   	236.51   	 78.58   	 -66.12		
 88.20   	208.74   	 78.31   	 -66.12		
 65.92   	168.46   	 78.05   	 -61.04		
 37.54   	122.07   	 77.80   	 -55.95		
 10.38   	 76.90   	 77.58   	 -50.86		
 -9.16   	 38.76   	 77.38   	 -50.86		
-19.23   	 10.07   	 77.17   	 -45.78		
-21.97   	 -8.54   	 76.99   	 -40.69		
-21.97   	-19.53   	 76.83   	 -40.69		
-23.19   	-25.94   	 76.66   	 -35.61		
-25.63   	-30.52   	 76.52   	 -35.61		
-28.99   	-35.71   	 76.38   	 -40.69		
-31.43   	-42.11   	 76.22   	 -35.61		
-32.65   	-49.13   	 76.07   	 -35.61		
-32.35   	-54.93   	 75.93   	 -40.69		
-31.43   	-59.51   	 75.77   	 -40.69		
-30.82   	-62.56   	 75.60   	 -45.78		
-31.74   	-65.31   	 75.42   	 -45.78		
-33.57   	-68.36   	 75.24   	 -50.86		
-35.71   	-70.80   	 75.04   	 -45.78		
-37.23   	-72.63   	 74.85   	 -50.86		
-37.23   	-73.55   	 74.65   	 -45.78		
-37.23   	-73.55   	 74.47   	 -45.78		
-39.37   	-75.07   	 74.28   	 -35.61		
-48.22   	-82.40   	 74.14   	 -35.61		
-66.53   	-101.32   	 74.00   	 -25.43		
-91.86   	-130.92   	 73.90   	 -20.35		
-112.00   	-156.86   	 73.81   	 -10.17		
-108.03   	-153.50   	 73.77   	 -15.26		
-60.42   	-93.08   	 73.71   	 -10.17		
 39.06   	 36.32   	 73.67   	 -10.17		
180.66   	227.05   	 73.63   	 -10.17		
341.49   	451.66   	 73.59   	 -15.26		
493.47   	672.61   	 73.53   	 -20.35		
613.10   	854.49   	 73.45   	 -20.35		
682.98   	964.97   	 73.37   	 -25.43		
687.87   	975.95(R)	 73.27   	 -25.43		
617.68   	880.74   	 73.16   	 -25.43		
474.55   	699.16   	 73.06   	 -30.52		
281.98   	470.58   	 72.94   	 -30.52		
 82.09   	239.26   	 72.82   	 -30.52		
-79.96   	 37.23   	 72.70   	 -35.61		
-177.00   	-122.99   	 72.55   	 -35.61		
-210.57   	-238.95   	 72.41   	 -40.69		
-202.64   	-307.31   	 72.25   	 -35.61		
-179.75   	-325.93   	 72.11   	 -45.78		
-156.86   	-302.12   	 71.92   	 -40.69		
-136.72   	-255.43   	 71.76   	 -45.78		
-117.49   	-208.74   	 71.58   	 -45.78		
-98.88   	-176.70   	 71.39   	 -40.69		
-82.70   	-159.61   	 71.23   	 -35.61		
-72.02   	-149.23   	 71.09   	 -35.61		
-66.22   	-139.16   	 70.95   	 -25.43		
-62.87   	-127.87   	 70.84   	 -20.35		
-60.42   	-118.41   	 70.76   	 -10.17		
-57.98   	-113.22   	 70.72(D)	   0.00		
-56.76   	-111.39   	 70.72   	  10.17		
-56.46   	-110.47   	 70.76   	  30.52		
-56.46   	-109.25   	 70.88   	  40.69		
-55.85   	-107.12   	 71.05   	  66.12		
-54.63   	-104.68   	 71.31   	  91.56		
-53.10   	-103.45   	 71.68   	 106.82		
-51.57   	-103.45   	 72.11   	 137.33		
-50.96   	-103.76   	 72.65   	 162.77		
-50.66   	-102.84   	 73.31   	 188.20		
-50.35   	-100.71   	 74.06   	 208.54		
-49.74   	-97.96   	 74.89   	 228.89		
-48.52   	-95.52   	 75.81   	 249.24		
-47.30   	-94.30   	 76.81   	 264.50		
-45.47   	-93.38   	 77.86   	 279.75		
-43.64   	-92.77   	 78.98   	 284.84		
-41.81   	-90.94   	 80.12   	 289.93		
-39.67   	-88.50   	 81.28   	 289.93		
-37.84   	-84.84   	 82.44   	 289.93		
-36.32   	-81.18   	 83.60   	 279.75		
-35.10   	-78.13   	 84.72   	 274.67		
-33.57   	-75.38   	 85.82   	 264.50		
-31.74   	-72.94   	 86.88   	 249.24		
-29.60   	-70.50   	 87.87   	 244.15		
-26.86   	-67.14   	 88.85   	 233.98		
-23.50   	-63.48   	 89.79   	 223.80		
-19.84   	-59.81   	 90.68   	 208.54		
-15.87   	-56.15   	 91.52   	 208.54		
-12.51   	-52.49   	 92.35   	 193.29		
 -8.54   	-47.91   	 93.12   	 183.11		
 -3.97   	-42.72   	 93.86   	 178.03		
  1.53   	-36.62   	 94.57   	 172.94		
  7.93   	-30.52   	 95.26   	 167.85		
 15.26   	-24.11   	 95.93   	 162.77		
 22.89   	-18.31   	 96.58   	 152.59		
 30.82   	-12.21   	 97.19   	 152.59		
 39.06   	 -6.41   	 97.80   	 142.42		
 47.61   	  0.31   	 98.37   	 137.33		
 56.76   	  7.93   	 98.92   	 137.33		
 66.22   	 16.48   	 99.47   	 127.16		
 76.29   	 25.94   	 99.98   	 127.16		
 86.36   	 36.62   	100.49   	 122.07		
 97.05   	 48.52   	100.98   	 111.90		
108.34   	 61.04   	101.42   	 106.82		
119.63   	 74.16   	101.85   	 101.73		
131.23   	 87.59   	102.26   	  91.56		
142.21   	101.01   	102.62   	  86.47		
151.67   	114.44   	102.97   	  86.47		
159.91   	127.87   	103.32   	  76.30		
166.93   	140.69   	103.62   	  76.30		
172.73   	152.59   	103.93   	  76.30		
177.31   	163.27   	104.23   	  76.30		
179.44   	172.12   	104.54   	  76.30		
178.83   	178.53   	104.84   	  76.30		
173.95   	180.66   	105.15   	  76.30		
164.49   	178.22   	105.45   	  81.38		
150.76   	170.59   	105.78   	  76.30		
132.75   	158.39   	106.08   	  76.30		
112.61   	143.13   	106.39   	  71.21		
 91.25   	126.04   	106.67   	  66.12		
 70.50   	108.64   	106.94   	  61.04		
 51.27   	 92.16   	107.18   	  55.95		
 33.87   	 76.29   	107.41   	  45.78		
 18.01   	 61.95   	107.59   	  35.61		
  3.36   	 48.22   	107.73   	  35.61		
-10.07   	 35.40   	107.87   	  25.43		
-21.06   	 24.11   	107.98   	  20.35		
-29.91   	 14.34   	108.06   	  15.26		
-36.62   	  6.10   	108.12   	  10.17		
-41.50   	 -0.61   	108.16   	   5.09		
-45.47   	 -6.10   	108.18   	   5.09		
-48.83   	-10.38   	108.20(S)	  -5.09		
-51.57   	-13.73   	108.18   	  -5.09		
-53.10   	-16.17   	108.16   	 -15.26		
-53.71   	-17.40   	108.10   	 -25.43		
-53.71   	-18.31   	108.00   	 -25.43		
-53.41   	-18.62   	107.89   	 -40.69		
-53.41   	-19.23   	107.73   	 -45.78		
-53.10   	-19.84   	107.55   	 -61.04		
-52.49   	-20.75   	107.30   	 -66.12		
-51.88   	-21.36   	107.04   	 -86.47		
-50.96   	-21.67   	106.69   	 -96.64		
-50.66   	-21.97   	106.31   	-116.99		
-50.96   	-22.58   	105.84   	-137.33		
-51.27   	-23.80   	105.29   	-152.59		
-51.57   	-25.33   	104.68   	-167.85		
-51.27   	-26.86   	104.01   	-188.20		
-49.74   	-27.16   	103.25   	-203.46		
-47.91   	-26.25   	102.44   	-213.63		
-46.08   	-24.72   	101.59   	-218.72		
-45.78   	-23.50   	100.71   	-218.72		
-46.39   	-22.89   	 99.84   	-213.63		
-47.61   	-22.89   	 98.98   	-198.37		
-47.91   	-22.89   	 98.19   	-183.11		
-47.91   	-22.89   	 97.46   	-167.85		
-47.30   	-23.19   	 96.78   	-142.42		
-47.00   	-23.80   	 96.22   	-122.07		
-46.69   	-24.11   	 95.73   	-101.73		
-46.69   	-24.41   	 95.32   	 -81.38		
-46.39   	-24.41   	 94.99   	 -66.12		
-46.39   	-24.72   	 94.73   	 -55.95		
-46.69   	-25.02   	 94.51   	 -40.69		
-47.30   	-25.02   	 94.34   	 -35.61		
-47.30   	-24.11   	 94.20   	 -35.61		
-47.00   	-22.58   	 94.06   	 -30.52		
-46.39   	-20.45   	 93.94   	 -30.52		
-45.78   	-18.01   	 93.81   	 -40.69		
-45.47   	-16.78   	 93.65   	 -40.69		
-46.39   	-16.17   	 93.49   	 -40.69		
-47.61   	-16.48   	 93.33   	 -50.86		
-49.13   	-16.48   	 93.12   	 -50.86		
-50.05   	-16.17   	 92.92   	 -55.95		
-50.05   	-15.56   	 92.70   	 -55.95		
-49.44   	-14.65   	 92.47   	 -50.86		
-48.83   	-14.34   	 92.27   	 -45.78		
-48.52   	-14.04   	 92.09   	 -40.69		
-48.83   	-14.04   	 91.92   	 -40.69		
-49.44   	-13.73   	 91.76   	 -30.52		
-49.74   	-13.43   	 91.64   	 -30.52		
-49.44   	-13.43   	 91.52   	 -25.43		
-48.83   	-14.04   	 91.41   	 -20.35		
-47.91   	-14.34   	 91.33   	 -20.35		
-46.69   	-14.95   	 91.25   	 -20.35		
-45.47   	-14.95   	 91.17   	 -15.26		
-45.17   	-14.95   	 91.11   	 -20.35		
-46.08   	-15.26   	 91.03   	 -25.43		
-47.30   	-16.17   	 90.93   	 -20.35		
-48.52   	-17.09   	 90.84   	 -25.43		
-48.52   	-18.01   	 90.74   	 -30.52		
-47.61   	-18.31   	 90.62   	 -25.43		
-46.39   	-17.70   	 90.52   	 -35.61		
-45.47   	-16.48   	 90.38   	 -30.52		
-45.47   	-15.56   	 90.25   	 -35.61		
-45.78   	-15.26   	 90.11   	 -35.61		
-45.78   	-15.56   	 89.97   	 -35.61		
-45.17   	-16.48   	 89.83   	 -40.69		
-43.64   	-16.78   	 89.66   	 -35.61		
-42.42   	-16.78   	 89.52   	 -35.61		
-41.81   	-16.78   	 89.38   	 -40.69		
-41.81   	-16.48   	 89.22   	 -35.61		
-41.81   	-15.87   	 89.07   	 -40.69		
-42.11   	-15.26   	 88.91   	 -35.61		
-42.11   	-14.65   	 88.77   	 -40.69		
-42.11   	-14.34   	 88.61   	 -35.61		
-42.42   	-14.04   	 88.46   	 -35.61		
-42.42   	-14.04   	 88.32   	 -35.61		
-40.89   	-13.43   	 88.18   	 -40.69		
-38.45   	-12.82   	 88.02   	 -40.69		
-36.32   	-12.21   	 87.85   	 -40.69		
-35.10   	-12.51   	 87.69   	 -45.78		
-35.10   	-13.12   	 87.51   	 -45.78		
-35.71   	-13.43   	 87.32   	 -50.86		
-35.40   	-13.12   	 87.12   	 -50.86		
-34.48   	-12.21   	 86.92   	 -50.86		
-33.26   	-11.60   	 86.71   	 -50.86		
-32.96   	-11.90   	 86.51   	 -55.95		
-33.57   	-12.82   	 86.29   	 -50.86		
-35.10   	-14.04   	 86.08   	 -50.86		
-36.32   	-14.95   	 85.88   	 -55.95		
-36.93   	-15.56   	 85.66   	 -50.86		
-36.32   	-16.17   	 85.45   	 -50.86		
-34.79   	-15.87   	 85.25   	 -55.95		
-32.65   	-15.26   	 85.03   	 -50.86		
-31.13   	-14.04   	 84.82   	 -55.95		
-29.60   	-12.21   	 84.60   	 -55.95		
-28.99   	-10.99   	 84.37   	 -61.04		
-28.99   	-10.07   	 84.13   	 -55.95		
-29.30   	 -9.77   	 83.91   	 -66.12		
-28.99   	 -9.46   	 83.64   	 -66.12		
-27.77   	 -9.46   	 83.38   	 -66.12		
-26.25   	 -9.16   	 83.11   	 -66.12		
-24.72   	 -8.54   	 82.85   	 -71.21		
-23.50   	 -6.10   	 82.56   	 -71.21		
-22.28   	  0.31   	 82.28   	 -71.21		
-19.84   	 12.51   	 81.99   	 -71.21		
-15.87   	 30.21   	 81.71   	 -66.12		
-11.29   	 50.35   	 81.44   	 -71.21		
 -6.71   	 68.97   	 81.16   	 -66.12		
 -3.36   	 83.31   	 80.89   	 -66.12		
 -0.61   	 94.30   	 80.63   	 -66.12		
  2.44   	104.98   	 80.37   	 -66.12		
  7.32   	117.19   	 80.10   	 -61.04		
 14.34   	130.31   	 79.86   	 -61.04		
 22.58   	143.43   	 79.61   	 -61.04		
 30.82   	156.25   	 79.37   	 -61.04		
 38.15   	169.98   	 79.12   	 -61.04		
 44.86   	186.77   	 78.88   	 -61.04		
 52.19   	206.60   	 78.64   	 -55.95		
 60.42   	227.36   	 78.41   	 -61.04		
 70.19   	245.36   	 78.17   	 -61.04		
 81.79   	257.87   	 77.92   	 -61.04		
 92.77   	262.76   	 77.68   	 -55.95		
 98.57   	256.96   	 77.46   	 -61.04		
 94.60   	237.43   	 77.21   	 -61.04		
 77.82   	203.55   	 76.97   	 -55.95		
 50.35   	159.00   	 76.74   	 -61.04		
 18.92   	111.08   	 76.50   	 -55.95		
 -7.32   	 66.83   	 76.28   	 -61.04		
-23.19   	 32.65   	 76.03   	 -55.95		
-28.69   	 10.07   	 75.81   	 -50.86		
-28.69   	 -3.05   	 75.60   	 -55.95		
-28.69   	 -9.46   	 75.38   	 -45.78		
-30.82   	-13.73   	 75.20   	 -50.86		
-34.48   	-18.31   	 74.99   	 -45.78		
-36.93   	-24.11   	 74.81   	 -40.69		
-37.84   	-31.74   	 74.65   	 -40.69		
-37.84   	-39.37   	 74.49   	 -40.69		
-38.45   	-46.39   	 74.32   	 -35.61		
-40.59   	-52.49   	 74.18   	 -35.61		
-42.72   	-56.46   	 74.04   	 -35.61		
-43.33   	-59.20   	 73.90   	 -30.52		
-42.42   	-60.42   	 73.77   	 -35.61		
-41.20   	-61.65   	 73.63   	 -25.43		
-41.50   	-63.48   	 73.53   	 -30.52		
-42.72   	-65.61   	 73.41   	 -30.52		
-44.86   	-67.75   	 73.29   	 -25.43		
-49.74   	-72.33   	 73.18   	 -25.43		
-61.04   	-84.23   	 73.08   	 -25.43		
-81.18   	-108.03   	 72.98   	 -20.35		
-105.29   	-138.24   	 72.90   	 -25.43		
-118.10   	-154.72   	 72.80   	 -25.43		
-97.05   	-127.56   	 72.70   	 -30.52		
-25.63   	-34.79   	 72.57   	 -25.43		
 97.66   	127.26   	 72.47   	 -30.52		
255.13   	339.97   	 72.35   	 -30.52		
419.31   	567.63   	 72.23   	 -35.61		
561.52   	771.48   	 72.09   	 -30.52		
659.79   	917.66   	 71.96   	 -30.52		
697.63   	975.95(R)	 71.84   	 -30.52		
661.93   	929.87   	 71.72   	 -30.52		
549.01   	787.96   	 71.60   	 -30.52		
372.31   	580.14   	 71.47   	 -25.43		
166.02   	346.07   	 71.37   	 -30.52		
-22.58   	123.60   	 71.25   	 -30.52		
-155.33   	-62.26   	 71.13   	 -30.52		
-218.81   	-200.50   	 71.01   	 -30.52		
-226.75   	-285.34   	 70.88   	 -35.61		
-206.30   	-317.38   	 70.74   	 -35.61		
-180.66   	-306.40   	 70.60   	 -40.69		
-159.00   	-271.61   	 70.44   	 -40.69		
-139.77   	-233.46   	 70.27   	 -35.61		
-119.63   	-203.25   	 70.13   	 -35.61		
-99.49   	-180.66   	 69.99   	 -35.61		
-82.70   	-161.13   	 69.85   	 -30.52		
-72.33   	-141.91   	 69.73   	 -25.43		
-68.05   	-125.43   	 69.62   	 -15.26		
-66.83   	-114.44   	 69.56   	 -10.17		
-65.00   	-109.56   	 69.52   	  -5.09		
-62.26   	-107.73   	 69.50(D)	   5.09		
-59.51   	-107.12   	 69.52   	  15.26		
-57.68   	-106.20   	 69.58   	  30.52		
-57.37   	-104.98   	 69.70   	  40.69		
-57.37   	-103.45   	 69.87   	  55.95		
-56.46   	-101.32   	 70.09   	  71.21		
-54.63   	-99.18   	 70.38   	  91.56		
-52.19   	-97.35   	 70.74   	 111.90		
-50.66   	-95.83   	 71.19   	 132.25		
-50.35   	-94.60   	 71.72   	 157.68		
-50.05   	-92.77   	 72.35   	 183.11		
-49.44   	-90.94   	 73.08   	 203.46		
-48.52   	-89.42   	 73.90   	 223.80		
-47.30   	-88.50   	 74.79   	 249.24		
-46.08   	-87.59   	 75.79   	 269.58		
-44.86   	-86.98   	 76.87   	 279.75		
-43.95   	-86.06   	 77.99   	 295.01		
-42.11   	-84.23   	 79.17   	 300.10		
-39.98   	-81.18   	 80.37   	 300.10		
-37.23   	-77.21   	 81.57   	 300.10		
-33.87   	-72.63   	 82.77   	 295.01		
-30.82   	-68.05   	 83.95   	 284.84		
-28.69   	-64.39   	 85.09   	 274.67		
-27.77   	-61.95   	 86.18   	 264.50		
-26.86   	-60.73   	 87.24   	 254.32		
-25.02   	-58.90   	 88.26   	 244.15		
-21.67   	-55.54   	 89.24   	 228.89		
-16.78   	-50.66   	 90.15   	 218.72		
-10.99   	-44.86   	 91.03   	 208.54		
 -5.80   	-39.37   	 91.86   	 198.37		
 -0.92   	-35.71   	 92.65   	 188.20		
  3.97   	-33.57   	 93.41   	 178.03		
  9.46   	-31.74   	 94.12   	 167.85		
 16.17   	-29.30   	 94.79   	 162.77		
 24.72   	-25.02   	 95.44   	 152.59		
 34.48   	-18.31   	 96.05   	 147.51		
 45.47   	 -9.77   	 96.64   	 137.33		
 56.76   	  0.00   	 97.19   	 132.25		
 67.14   	 10.38   	 97.72   	 122.07		
 77.21   	 20.75   	 98.21   	 116.99		
 87.28   	 31.43   	 98.68   	 106.82		
 98.88   	 42.11   	 99.10   	 101.73		
111.08   	 52.80   	 99.51   	  91.56		
123.29   	 62.87   	 99.88   	  81.38		
134.58   	 73.55   	100.20   	  81.38		
145.26   	 85.45   	100.53   	  71.21		
155.03   	 99.18   	100.81   	  66.12		
164.79   	114.44   	101.08   	  66.12		
173.34   	130.00   	101.34   	  61.04		
179.75   	143.43   	101.59   	  61.04		
184.02   	154.11   	101.83   	  61.04		
186.16   	162.05   	102.07   	  66.12		
186.46   	167.54   	102.34   	  66.12		
183.41   	169.98   	102.60   	  66.12		
175.48   	168.76   	102.87   	  66.12		
162.35   	163.27   	103.13   	  76.30		
144.35   	153.50   	103.44   	  71.21		
123.29   	140.69   	103.72   	  76.30		
101.62   	125.12   	104.03   	  76.30		
 81.18   	108.03   	104.33   	  76.30		
 61.95   	 90.94   	104.64   	  71.21		
 43.64   	 74.46   	104.92   	  71.21		
 25.63   	 59.81   	105.21   	  61.04		
  7.63   	 47.30   	105.45   	  61.04		
 -9.16   	 36.62   	105.70   	  45.78		
-22.89   	 26.55   	105.88   	  45.78		
-32.65   	 16.48   	106.06   	  30.52		
-39.06   	  6.10   	106.18   	  25.43		
-43.95   	 -3.36   	106.29   	  20.35		
-47.91   	-11.29   	106.37   	   5.09		
-52.19   	-17.09   	106.39(S)	   0.00		
-55.85   	-21.67   	106.39   	 -10.17		
-57.98   	-24.72   	106.35   	 -20.35		
-58.90   	-26.25   	106.27   	 -35.61		
-58.90   	-25.94   	106.12   	 -45.78		
-58.59   	-23.80   	105.94   	 -55.95		
-58.29   	-21.06   	105.72   	 -71.21		
-58.29   	-19.84   	105.43   	 -81.38		
-58.59   	-20.75   	105.11   	 -96.64		
-58.29   	-23.19   	104.72   	-111.90		
-57.98   	-25.63   	104.27   	-127.16		
-57.37   	-26.86   	103.76   	-142.42		
-56.15   	-26.55   	103.19   	-162.77		
-54.93   	-25.33   	102.54   	-183.11		
-54.63   	-25.02   	101.81   	-193.29		
-55.85   	-25.94   	101.04   	-203.46		
-57.37   	-27.47   	100.22   	-218.72		
-58.59   	-29.60   	 99.35   	-213.63		
-58.90   	-31.43   	 98.49   	-218.72		
-57.98   	-32.35   	 97.62   	-203.46		
-56.76   	-32.35   	 96.81   	-193.29		
-56.15   	-31.43   	 96.03   	-178.03		
-55.85   	-29.91   	 95.32   	-157.68		
-55.54   	-28.99   	 94.69   	-132.25		
-55.54   	-29.60   	 94.16   	-116.99		
-55.85   	-31.13   	 93.69   	 -96.64		
-56.15   	-32.65   	 93.31   	 -76.30		
-56.46   	-32.65   	 93.00   	 -55.95		
-56.46   	-30.82   	 92.78   	 -45.78		
-57.07   	-27.77   	 92.59   	 -35.61		
-57.98   	-24.41   	 92.45   	 -25.43		
-59.51   	-22.89   	 92.35   	 -20.35		
-60.73   	-23.19   	 92.27   	 -20.35		
-60.42   	-25.33   	 92.19   	 -20.35		
-59.20   	-28.38   	 92.11   	 -25.43		
-57.37   	-30.52   	 92.00   	 -30.52		
-56.15   	-31.13   	 91.88   	 -30.52		
-56.15   	-30.21   	 91.76   	 -40.69		
-57.07   	-28.69   	 91.60   	 -45.78		
-57.98   	-27.47   	 91.41   	 -45.78		
-58.29   	-27.47   	 91.23   	 -50.86		
-57.68   	-28.38   	 91.03   	 -50.86		
-57.37   	-30.21   	 90.82   	 -45.78		
-57.37   	-32.35   	 90.64   	 -45.78		
-57.98   	-33.87   	 90.46   	 -35.61		
-58.59   	-34.48   	 90.32   	 -35.61		
-58.59   	-34.48   	 90.17   	 -35.61		
-57.98   	-34.48   	 90.03   	 -25.43		
-57.37   	-34.48   	 89.93   	 -20.35		
-56.76   	-34.48   	 89.85   	 -20.35		
-56.76   	-34.18   	 89.77   	 -20.35		
-56.46   	-33.87   	 89.68   	 -20.35		
-55.54   	-33.57   	 89.60   	 -15.26		
-54.63   	-34.79   	 89.54   	 -15.26		
-54.32   	-36.93   	 89.48   	 -20.35		
-54.63   	-39.98   	 89.40   	 -15.26		
-56.15   	-42.11   	 89.34   	 -15.26		
-57.37   	-43.33   	 89.28   	 -15.26		
-57.68   	-43.03   	 89.22   	 -15.26		
-56.76   	-43.03   	 89.16   	 -15.26		
-55.24   	-43.64   	 89.09   	 -15.26		
-54.02   	-45.78   	 89.03   	 -15.26		
-53.71   	-47.91   	 88.97   	 -15.26		
-53.10   	-48.83   	 88.91   	 -20.35		
-52.19   	-47.00   	 88.83   	 -15.26		
-50.66   	-43.33   	 88.77   	 -15.26		
-49.44   	-39.37   	 88.71   	 -25.43		
-49.13   	-37.54   	 88.61   	 -20.35		
-49.44   	-38.76   	 88.52   	 -25.43		
-50.05   	-41.50   	 88.42   	 -25.43		
-50.05   	-44.56   	 88.32   	 -30.52		
-49.13   	-45.78   	 88.20   	 -35.61		
-47.30   	-44.86   	 88.06   	 -35.61		
-45.47   	-43.03   	 87.91   	 -35.61		
-43.95   	-41.20   	 87.77   	 -35.61		
-42.72   	-40.59   	 87.63   	 -40.69		
-42.42   	-40.59   	 87.47   	 -40.69		
-41.81   	-39.37   	 87.30   	 -40.69		
-41.50   	-37.23   	 87.14   	 -40.69		
-41.50   	-34.79   	 86.98   	 -45.78		
-42.42   	-34.48   	 86.80   	 -40.69		
-43.95   	-36.62   	 86.63   	 -45.78		
-44.56   	-40.28   	 86.45   	 -45.78		
-43.64   	-43.33   	 86.27   	 -50.86		
-41.50   	-44.86   	 86.06   	 -45.78		
-39.67   	-44.86   	 85.88   	 -50.86		
-39.37   	-44.56   	 85.68   	 -50.86		
-40.89   	-43.95   	 85.47   	 -55.95		
-42.11   	-42.72   	 85.25   	 -50.86		
-42.11   	-39.98   	 85.05   	 -61.04		
-41.20   	-36.93   	 84.80   	 -55.95		
-39.98   	-34.79   	 84.58   	 -55.95		
-39.37   	-34.79   	 84.35   	 -61.04		
-39.37   	-36.62   	 84.11   	 -61.04		
-39.67   	-38.76   	 83.87   	 -61.04		
-38.45   	-38.45   	 83.62   	 -61.04		
-35.10   	-33.57   	 83.38   	 -61.04		
-30.21   	-22.28   	 83.13   	 -66.12		
-24.41   	 -5.19   	 82.87   	 -61.04		
-19.53   	 14.34   	 82.62   	 -61.04		
-17.09   	 32.35   	 82.38   	 -61.04		
-16.78   	 46.08   	 82.14   	 -61.04		
-16.78   	 55.85   	 81.89   	 -66.12		
-15.26   	 63.78   	 81.63   	 -55.95		
-11.29   	 73.55   	 81.40   	 -61.04		
 -4.27   	 85.75   	 81.16   	 -61.04		
  4.88   	100.10   	 80.92   	 -61.04		
 14.95   	116.27   	 80.67   	 -61.04		
 24.41   	134.58   	 80.43   	 -55.95		
 31.43   	155.33   	 80.20   	 -61.04		
 36.93   	177.31   	 79.96   	 -55.95		
 42.11   	199.28   	 79.74   	 -55.95		
 50.05   	218.20   	 79.51   	 -61.04		
 62.26   	232.24   	 79.27   	 -55.95		
 75.99   	238.34   	 79.04   	 -55.95		
 84.23   	233.76   	 78.82   	 -61.04		
 80.87   	216.06   	 78.58   	 -55.95		
 63.48   	184.33   	 78.35   	 -55.95		
 36.62   	141.60   	 78.13   	 -61.04		
  8.24   	 92.47   	 77.88   	 -61.04		
-14.34   	 43.95   	 77.64   	 -61.04		
-26.86   	  3.36   	 77.40   	 -55.95		
-30.82   	-24.41   	 77.17   	 -61.04		
-31.43   	-39.67   	 76.93   	 -61.04		
-32.35   	-45.17   	 76.68   	 -55.95		
-34.79   	-46.08   	 76.46   	 -55.95		
-37.84   	-47.30   	 76.24   	 -50.86		
-40.28   	-50.66   	 76.03   	 -50.86		
-41.20   	-56.76   	 75.83   	 -50.86		
-42.42   	-65.31   	 75.63   	 -45.78		
-44.25   	-74.77   	 75.44   	 -45.78		
-47.00   	-83.31   	 75.26   	 -45.78		
-49.74   	-90.03   	 75.08   	 -45.78		
-51.57   	-93.69   	 74.89   	 -40.69		
-51.88   	-93.99   	 74.73   	 -35.61		
-50.66   	-92.47   	 74.59   	 -40.69		
-49.44   	-91.25   	 74.42   	 -35.61		
-48.83   	-90.94   	 74.28   	 -40.69		
-50.05   	-93.08   	 74.12   	 -35.61		
-55.54   	-100.71   	 73.98   	 -35.61		
-68.36   	-119.02   	 73.83   	 -35.61		
-87.89   	-149.54   	 73.69   	 -35.61		
-107.12   	-180.66   	 73.55   	 -35.61		
-109.86   	-187.38   	 73.41   	 -35.61		
-76.60   	-139.47   	 73.27   	 -35.61		
  6.10   	-18.92   	 73.12   	 -35.61		
135.50   	170.59   	 72.98   	 -40.69		
292.05   	403.44   	 72.82   	 -35.61		
447.69   	639.34   	 72.68   	 -30.52		
575.26   	836.18   	 72.55   	 -35.61		
652.77   	959.78   	 72.41   	 -30.52		
664.67   	982.97(R)	 72.29   	 -30.52		
600.89   	898.13   	 72.17   	 -30.52		
464.17   	723.88   	 72.04   	 -25.43		
276.49   	493.47   	 71.94   	 -25.43		
 79.04   	246.58   	 71.84   	 -30.52		
-83.01   	 21.67   	 71.72   	 -25.43		
-180.36   	-154.11   	 71.62   	 -35.61		
-213.62   	-265.50   	 71.47   	 -30.52		
-205.38   	-313.42   	 71.35   	 -35.61		
-183.72   	-312.50   	 71.21   	 -40.69		
-164.79   	-289.00   	 71.05   	 -40.69		
-149.54   	-265.81   	 70.88   	 -40.69		
-131.23   	-250.55   	 70.72   	 -40.69		
-108.64   	-236.21   	 70.56   	 -40.69		
-85.14   	-214.54   	 70.40   	 -35.61		
-66.83   	-184.63   	 70.25   	 -25.43		
-57.07   	-154.42   	 70.15   	 -25.43		
-53.71   	-133.36   	 70.05   	 -15.26		
-52.49   	-123.90   	 69.99   	 -10.17		
-50.35   	-121.77   	 69.95(D)	   0.00		
-46.69   	-121.15   	 69.95   	  10.17		
-43.03   	-118.41   	 69.99   	  10.17		
-41.50   	-114.75   	 70.03   	  20.35		
-41.50   	-111.69   	 70.11   	  25.43		
-41.81   	-110.78   	 70.21   	  35.61		
-40.89   	-111.39   	 70.36   	  50.86		
-39.37   	-112.61   	 70.56   	  61.04		
-37.84   	-112.92   	 70.80   	  76.30		
-36.93   	-112.00   	 71.11   	 101.73		
-36.93   	-109.25   	 71.52   	 116.99		
-36.62   	-105.59   	 71.98   	 147.51		
-35.40   	-102.23   	 72.57   	 172.94		
-33.57   	-100.10   	 73.27   	 198.37		
-32.04   	-98.88   	 74.06   	 223.80		
-30.82   	-98.27   	 74.95   	 244.15		
-29.60   	-96.74   	 75.93   	 269.58		
-28.08   	-94.91   	 77.01   	 279.75		
-25.94   	-92.47   	 78.13   	 289.93		
-23.80   	-90.03   	 79.29   	 300.10		
-21.67   	-87.28   	 80.49   	 295.01		
-19.84   	-84.23   	 81.67   	 295.01		
-18.01   	-81.18   	 82.85   	 289.93		
-15.87   	-77.82   	 84.01   	 279.75		
-13.12   	-75.07   	 85.13   	 269.58		
-10.38   	-72.63   	 86.21   	 259.41		
 -7.63   	-70.50   	 87.24   	 244.15		
 -4.27   	-68.36   	 88.22   	 233.98		
  0.00   	-65.92   	 89.16   	 213.63		
  4.88   	-62.56   	 90.01   	 208.54		
 10.38   	-58.90   	 90.84   	 188.20		
 16.17   	-55.24   	 91.60   	 178.03		
 21.97   	-51.57   	 92.31   	 167.85		
 28.08   	-48.22   	 92.98   	 157.68		
 34.48   	-44.86   	 93.61   	 147.51		
 42.11   	-40.89   	 94.20   	 142.42		
 50.35   	-35.40   	 94.77   	 137.33		
 60.42   	-28.08   	 95.32   	 127.16		
 71.11   	-18.62   	 95.83   	 127.16		
 81.79   	 -8.54   	 96.34   	 111.90		
 92.77   	  1.22   	 96.78   	 106.82		
103.45   	 10.38   	 97.21   	 101.73		
114.14   	 20.14   	 97.62   	  91.56		
125.43   	 30.52   	 97.99   	  86.47		
136.72   	 41.81   	 98.33   	  76.30		
147.09   	 54.02   	 98.64   	  76.30		
157.17   	 66.22   	 98.94   	  71.21		
166.93   	 78.74   	 99.23   	  66.12		
176.09   	 91.25   	 99.49   	  71.21		
184.02   	103.45   	 99.78   	  66.12		
190.73   	115.36   	100.04   	  71.21		
195.01   	126.04   	100.33   	  66.12		
195.92   	134.58   	100.59   	  71.21		
193.18   	139.47   	100.87   	  71.21		
185.85   	139.47   	101.16   	  71.21		
174.26   	133.97   	101.44   	  66.12		
158.39   	124.21   	101.71   	  66.12		
139.16   	112.00   	101.97   	  66.12		
118.10   	 98.57   	102.24   	  55.95		
 96.44   	 84.53   	102.46   	  55.95		
 75.99   	 70.19   	102.69   	  45.78		
 57.37   	 55.54   	102.87   	  45.78		
 40.28   	 40.59   	103.05   	  30.52		
 23.80   	 25.94   	103.17   	  30.52		
  8.54   	 12.21   	103.30   	  20.35		
 -4.27   	  0.00   	103.38   	  15.26		
-14.34   	-10.07   	103.44   	  10.17		
-21.06   	-17.70   	103.48   	   5.09		
-26.55   	-23.19   	103.50   	   5.09		
-31.74   	-27.47   	103.52(S)	  -5.09		
-37.23   	-31.13   	103.50   	 -10.17		
-42.42   	-35.10   	103.46   	 -10.17		
-46.08   	-39.06   	103.42   	 -20.35		
-47.91   	-41.81   	103.34   	 -20.35		
-48.52   	-43.03   	103.25   	 -25.43		
-48.83   	-43.03   	103.15   	 -35.61		
-49.44   	-42.42   	103.01   	 -40.69		
-50.35   	-41.50   	102.85   	 -55.95		
-51.27   	-41.20   	102.62   	 -66.12		
-51.57   	-40.89   	102.36   	 -76.30		
-50.96   	-41.20   	102.05   	 -91.56		
-50.35   	-41.50   	101.69   	-111.90		
-49.44   	-42.42   	101.24   	-132.25		
-48.52   	-43.33   	100.71   	-147.51		
-48.52   	-44.25   	100.12   	-162.77		
-49.13   	-44.86   	 99.47   	-178.03		
-50.35   	-44.86   	 98.76   	-193.29		
-51.57   	-43.95   	 97.99   	-198.37		
-52.19   	-42.72   	 97.19   	-203.46		
-51.88   	-41.81   	 96.38   	-198.37		
-51.57   	-42.11   	 95.58   	-193.29		
-51.57   	-43.33   	 94.81   	-172.94		
-52.19   	-44.56   	 94.12   	-162.77		
-53.10   	-45.17   	 93.47   	-147.51		
-53.41   	-44.56   	 92.88   	-122.07		
-52.80   	-43.33   	 92.39   	-101.73		
-51.57   	-42.42   	 91.98   	 -81.38		
-50.66   	-42.11   	 91.66   	 -66.12		
-50.35   	-43.03   	 91.39   	 -45.78		
-50.66   	-44.25   	 91.21   	 -30.52		
-50.96   	-44.25   	 91.09   	 -15.26		
-50.96   	-42.72   	 91.03   	 -10.17		
-50.66   	-39.67   	 90.99   	  -5.09		
-50.05   	-36.32   	 90.97   	  -5.09		
-50.05   	-34.48   	 90.95   	   0.00		
-50.35   	-34.48   	 90.95   	 -10.17		
-50.66   	-36.01   	 90.91   	 -15.26		
-50.05   	-37.54   	 90.84   	 -20.35		
-49.44   	-38.45   	 90.76   	 -30.52		
-49.13   	-38.76   	 90.64   	 -40.69		
-49.74   	-38.15   	 90.48   	 -45.78		
-50.66   	-37.84   	 90.29   	 -45.78		
-50.96   	-37.23   	 90.11   	 -50.86		
-50.66   	-36.62   	 89.91   	 -45.78		
-49.44   	-36.01   	 89.72   	 -45.78		
-48.52   	-35.71   	 89.54   	 -40.69		
-48.22   	-36.32   	 89.38   	 -40.69		
-48.22   	-37.54   	 89.22   	 -30.52		
-48.52   	-38.76   	 89.09   	 -25.43		
-48.22   	-39.98   	 88.99   	 -25.43		
-47.61   	-40.89   	 88.89   	 -20.35		
-46.69   	-41.81   	 88.81   	 -20.35		
-45.78   	-42.11   	 88.73   	 -10.17		
-45.17   	-41.81   	 88.69   	 -15.26		
-44.25   	-41.50   	 88.63   	 -10.17		
-43.64   	-41.50   	 88.59   	 -15.26		
-42.72   	-42.42   	 88.52   	 -10.17		
-42.11   	-43.95   	 88.48   	 -10.17		
-41.50   	-45.47   	 88.44   	 -10.17		
-40.89   	-45.78   	 88.40   	 -10.17		
-40.59   	-45.17   	 88.36   	 -10.17		
-40.59   	-43.95   	 88.32   	 -15.26		
-40.59   	-43.33   	 88.26   	 -10.17		
-40.89   	-43.03   	 88.22   	 -15.26		
-40.89   	-43.95   	 88.16   	 -15.26		
-39.98   	-44.86   	 88.10   	 -15.26		
-38.76   	-46.08   	 88.04   	 -15.26		
-37.54   	-46.69   	 87.98   	 -20.35		
-36.32   	-46.08   	 87.89   	 -20.35		
-35.40   	-45.17   	 87.81   	 -25.43		
-34.79   	-44.25   	 87.71   	 -20.35		
-34.18   	-44.56   	 87.63   	 -25.43		
-34.18   	-45.47   	 87.53   	 -25.43		
-33.87   	-46.39   	 87.43   	 -25.43		
-33.26   	-47.30   	 87.32   	 -25.43		
-32.04   	-47.30   	 87.22   	 -30.52		
-30.82   	-47.00   	 87.10   	 -30.52		
-29.91   	-46.39   	 86.98   	 -30.52		
-29.60   	-46.39   	 86.86   	 -30.52		
-30.21   	-47.00   	 86.73   	 -35.61		
-30.52   	-47.91   	 86.59   	 -35.61		
-30.21   	-48.83   	 86.45   	 -35.61		
-29.30   	-49.13   	 86.31   	 -40.69		
-28.38   	-48.22   	 86.14   	 -40.69		
-28.08   	-47.30   	 85.98   	 -45.78		
-28.99   	-46.39   	 85.80   	 -45.78		
-29.91   	-45.78   	 85.62   	 -45.78		
-29.91   	-45.47   	 85.43   	 -50.86		
-28.38   	-44.86   	 85.23   	 -50.86		
-25.94   	-44.25   	 85.03   	 -50.86		
-24.41   	-43.64   	 84.82   	 -55.95		
-23.80   	-43.33   	 84.60   	 -55.95		
-24.41   	-43.64   	 84.37   	 -50.86		
-24.72   	-43.95   	 84.17   	 -55.95		
-24.41   	-42.11   	 83.95   	 -55.95		
-21.97   	-36.01   	 83.72   	 -61.04		
-18.01   	-23.19   	 83.48   	 -55.95		
-12.51   	 -4.58   	 83.26   	 -55.95		
 -7.32   	 15.87   	 83.03   	 -61.04		
 -3.66   	 33.57   	 82.79   	 -55.95		
 -1.83   	 46.08   	 82.56   	 -61.04		
 -1.53   	 54.32   	 82.32   	 -55.95		
 -0.61   	 61.34   	 82.10   	 -61.04		
  3.05   	 70.50   	 81.85   	 -55.95		
  9.77   	 82.09   	 81.63   	 -61.04		
 18.62   	 95.52   	 81.38   	 -55.95		
 28.38   	111.39   	 81.16   	 -61.04		
 36.62   	129.70   	 80.92   	 -55.95		
 43.95   	151.37   	 80.69   	 -55.95		
 50.35   	174.56   	 80.47   	 -55.95		
 57.07   	196.84   	 80.24   	 -61.04		
 65.92   	216.06   	 80.00   	 -55.95		
 77.21   	229.80   	 79.78   	 -55.95		
 88.20   	236.82   	 79.55   	 -55.95		
 94.60   	233.46   	 79.33   	 -55.95		
 91.25   	216.98   	 79.10   	 -61.04		
 75.99   	186.16   	 78.86   	 -55.95		
 51.88   	143.74   	 78.64   	 -61.04		
 25.02   	 96.13   	 78.39   	 -61.04		
  3.05   	 50.66   	 78.15   	 -61.04		
-10.68   	 13.12   	 77.90   	 -55.95		
-16.17   	-14.04   	 77.68   	 -61.04		
-17.40   	-31.13   	 77.44   	 -61.04		
-18.31   	-40.28   	 77.19   	 -55.95		
-21.06   	-44.86   	 76.97   	 -55.95		
-24.11   	-47.61   	 76.74   	 -50.86		
-26.55   	-51.27   	 76.54   	 -50.86		
-26.86   	-56.46   	 76.34   	 -45.78		
-26.55   	-63.17   	 76.15   	 -45.78		
-26.25   	-69.89   	 75.97   	 -45.78		
-27.16   	-75.68   	 75.79   	 -40.69		
-29.30   	-80.87   	 75.63   	 -40.69		
-31.13   	-84.84   	 75.46   	 -35.61		
-32.35   	-87.28   	 75.32   	 -35.61		
-32.65   	-87.89   	 75.18   	 -35.61		
-32.04   	-87.28   	 75.04   	 -35.61		
-31.13   	-86.06   	 74.89   	 -30.52		
-31.74   	-86.67   	 74.77   	 -30.52		
-36.62   	-93.08   	 74.65   	 -30.52		
-49.13   	-110.47   	 74.53   	 -25.43		
-68.97   	-139.77   	 74.42   	 -30.52		
-89.11   	-169.37   	 74.30   	 -30.52		
-93.38   	-174.87   	 74.18   	 -30.52		
-61.34   	-127.87   	 74.06   	 -35.61		
 19.84   	-10.68   	 73.92   	 -30.52		
146.48   	173.34   	 73.79   	 -35.61		
298.77   	401.31   	 73.65   	 -30.52		
448.30   	634.77   	 73.53   	 -35.61		
569.15   	834.35   	 73.39   	 -30.52		
642.70   	964.66   	 73.27   	 -30.52		
654.91   	994.87(R)	 73.14   	 -30.52		
595.40   	913.09   	 73.02   	 -30.52		
464.78   	735.47   	 72.90   	 -30.52		
281.98   	497.74   	 72.78   	 -35.61		
 86.06   	245.06   	 72.63   	 -30.52		
-76.60   	 18.31   	 72.51   	 -30.52		
-175.17   	-157.78   	 72.39   	 -35.61		
-208.13   	-273.13   	 72.25   	 -35.61		
-198.36   	-328.37   	 72.11   	 -40.69		
-174.56   	-334.17   	 71.94   	 -40.69		
-154.11   	-309.45   	 71.78   	 -40.69		
-137.94   	-276.18   	 71.62   	 -40.69		
-120.54   	-246.58   	 71.45   	 -40.69		
-98.88   	-222.17   	 71.29   	 -35.61		
-76.90   	-198.36   	 71.15   	 -30.52		
-60.73   	-172.42   	 71.03   	 -25.43		
-52.19   	-148.62   	 70.93   	 -20.35		
-49.74   	-131.84   	 70.84   	 -10.17		
-48.83   	-123.60   	 70.80(D)	   0.00		
-46.39   	-120.85   	 70.80   	   5.09		
-43.03   	-118.71   	 70.82   	  10.17		
-39.67   	-115.97   	 70.86   	  25.43		
-38.15   	-112.92   	 70.97   	  35.61		
-37.84   	-111.39   	 71.11   	  40.69		
-37.84   	-110.78   	 71.27   	  61.04		
-36.93   	-109.86   	 71.52   	  71.21		
-35.10   	-108.03   	 71.80   	  86.47		
-32.65   	-105.90   	 72.15   	 111.90		
-31.13   	-103.76   	 72.59   	 127.16		
-30.52   	-101.01   	 73.10   	 152.59		
-30.82   	-98.57   	 73.71   	 178.03		
-30.52   	-96.13   	 74.42   	 203.46		
-29.91   	-93.99   	 75.24   	 223.80		
-28.69   	-93.08   	 76.13   	 249.24		
-27.16   	-92.16   	 77.13   	 264.50		
-25.33   	-91.25   	 78.19   	 284.84		
-23.50   	-89.72   	 79.33   	 289.93		
-21.67   	-87.28   	 80.49   	 300.10		
-20.14   	-83.92   	 81.69   	 295.01		
-18.92   	-80.26   	 82.87   	 295.01		
-18.01   	-76.60   	 84.05   	 289.93		
-16.48   	-73.55   	 85.21   	 274.67		
-13.73   	-70.80   	 86.31   	 264.50		
-10.68   	-68.66   	 87.36   	 249.24		
 -7.02   	-65.92   	 88.36   	 239.06		
 -3.66   	-62.87   	 89.32   	 228.89		
 -0.31   	-58.90   	 90.23   	 208.54		
  3.66   	-54.93   	 91.07   	 203.46		
  8.24   	-50.66   	 91.88   	 193.29		
 13.73   	-46.69   	 92.65   	 188.20		
 19.23   	-42.42   	 93.41   	 178.03		
 24.41   	-37.84   	 94.12   	 172.94		
 29.60   	-32.65   	 94.81   	 167.85		
 35.40   	-26.86   	 95.48   	 167.85		
 42.72   	-20.14   	 96.15   	 162.77		
 51.88   	-12.82   	 96.81   	 157.68		
 61.95   	 -5.19   	 97.44   	 152.59		
 71.72   	  2.14   	 98.05   	 142.42		
 80.57   	  9.77   	 98.62   	 137.33		
 89.72   	 18.92   	 99.17   	 127.16		
 99.79   	 29.60   	 99.67   	 116.99		
111.39   	 41.50   	100.14   	 111.90		
123.60   	 53.71   	100.59   	 106.82		
135.80   	 65.92   	101.02   	  96.64		
147.40   	 78.13   	101.40   	  91.56		
157.78   	 90.94   	101.77   	  86.47		
166.63   	104.37   	102.12   	  86.47		
174.26   	118.10   	102.46   	  81.38		
180.36   	131.53   	102.79   	  76.30		
185.55   	144.04   	103.09   	  71.21		
189.51   	155.33   	103.38   	  76.30		
191.65   	164.49   	103.68   	  66.12		
190.73   	169.98   	103.95   	  66.12		
185.55   	170.90   	104.21   	  61.04		
176.09   	166.32   	104.46   	  55.95		
162.05   	156.25   	104.68   	  61.04		
144.35   	142.21   	104.92   	  50.86		
123.90   	125.73   	105.13   	  50.86		
101.93   	108.34   	105.33   	  50.86		
 80.26   	 91.55   	105.53   	  50.86		
 60.42   	 75.99   	105.74   	  45.78		
 43.03   	 61.34   	105.92   	  45.78		
 27.77   	 48.22   	106.10   	  45.78		
 14.65   	 36.01   	106.29   	  40.69		
  2.75   	 24.72   	106.45   	  35.61		
 -7.32   	 14.34   	106.59   	  35.61		
-15.26   	  5.80   	106.73   	  20.35		
-21.36   	 -0.92   	106.82   	  15.26		
-25.63   	 -5.49   	106.88   	   5.09		
-28.99   	 -9.16   	106.90(S)	  -5.09		
-31.74   	-12.21   	106.88   	 -10.17		
-34.79   	-14.95   	106.84   	 -20.35		
-37.54   	-17.40   	106.75   	 -30.52		
-40.28   	-19.53   	106.63   	 -30.52		
-41.81   	-21.67   	106.51   	 -40.69		
-43.03   	-23.80   	106.35   	 -40.69		
-43.03   	-25.63   	106.18   	 -50.86		
-42.72   	-26.55   	105.98   	 -55.95		
-41.81   	-26.86   	105.76   	 -66.12		
-40.89   	-25.94   	105.49   	 -76.30		
-39.98   	-24.41   	105.19   	 -86.47		
-39.37   	-23.50   	104.84   	-106.82		
-38.76   	-23.19   	104.41   	-116.99		
-38.76   	-23.80   	103.95   	-142.42		
-39.06   	-24.72   	103.38   	-152.59		
-39.37   	-25.63   	102.77   	-172.94		
-38.76   	-25.94   	102.07   	-183.11		
-37.84   	-25.63   	101.34   	-188.20		
-36.62   	-25.02   	100.59   	-198.37		
-36.32   	-25.02   	 99.80   	-198.37		
-37.23   	-25.33   	 99.00   	-193.29		
-38.15   	-26.25   	 98.23   	-188.20		
-38.76   	-27.47   	 97.48   	-167.85		
-38.45   	-28.38   	 96.81   	-157.68		
-37.84   	-28.99   	 96.17   	-132.25		
-37.23   	-28.99   	 95.65   	-116.99		
-36.93   	-28.08   	 95.18   	 -96.64		
-36.93   	-27.47   	 94.79   	 -71.21		
-36.62   	-27.16   	 94.51   	 -61.04		
-36.93   	-28.08   	 94.26   	 -35.61		
-37.84   	-29.91   	 94.12   	 -25.43		
-38.15   	-31.43   	 94.02   	 -20.35		
-37.84   	-31.74   	 93.94   	  -5.09		
-36.62   	-30.52   	 93.92   	 -10.17		
-35.40   	-28.08   	 93.88   	 -10.17		
-34.48   	-26.55   	 93.83   	 -15.26		
-34.48   	-25.63   	 93.77   	 -25.43		
-34.79   	-25.63   	 93.67   	 -30.52		
-34.48   	-25.94   	 93.55   	 -40.69		
-33.87   	-26.25   	 93.39   	 -50.86		
-33.26   	-26.25   	 93.18   	 -50.86		
-32.65   	-26.25   	 92.98   	 -55.95		
-32.04   	-25.94   	 92.76   	 -55.95		
-31.74   	-25.94   	 92.53   	 -55.95		
-31.13   	-25.94   	 92.31   	 -50.86		
-30.82   	-25.63   	 92.11   	 -50.86		
-30.52   	-25.02   	 91.90   	 -40.69		
-30.21   	-24.72   	 91.74   	 -40.69		
-29.91   	-24.72   	 91.58   	 -30.52		
-29.60   	-25.63   	 91.45   	 -25.43		
-29.60   	-27.16   	 91.35   	 -25.43		
-29.91   	-28.69   	 91.25   	 -20.35		
-30.21   	-29.30   	 91.17   	 -20.35		
-29.91   	-29.60   	 91.09   	 -15.26		
-28.99   	-29.60   	 91.03   	 -15.26		
-27.77   	-29.91   	 90.97   	 -15.26		
-26.86   	-30.21   	 90.91   	 -15.26		
-26.55   	-30.52   	 90.84   	 -15.26		
-26.55   	-30.52   	 90.78   	 -20.35		
-26.55   	-30.82   	 90.70   	 -15.26		
-26.55   	-31.74   	 90.64   	 -20.35		
-26.55   	-33.26   	 90.56   	 -20.35		
-26.55   	-34.79   	 90.48   	 -20.35		
-25.94   	-35.10   	 90.40   	 -25.43		
-25.02   	-34.48   	 90.29   	 -25.43		
-23.80   	-33.26   	 90.19   	 -25.43		
-22.89   	-32.35   	 90.09   	 -30.52		
-22.89   	-32.35   	 89.97   	 -30.52		
-23.50   	-32.96   	 89.85   	 -30.52		
-23.80   	-33.26   	 89.72   	 -30.52		
-23.19   	-33.26   	 89.60   	 -35.61		
-22.28   	-32.65   	 89.46   	 -35.61		
-20.75   	-31.74   	 89.32   	 -35.61		
-19.53   	-31.13   	 89.18   	 -35.61		
-19.23   	-31.43   	 89.03   	 -35.61		
-19.23   	-32.04   	 88.89   	 -35.61		
-19.53   	-32.96   	 88.75   	 -40.69		
-19.23   	-33.26   	 88.59   	 -35.61		
-18.62   	-32.96   	 88.44   	 -40.69		
-17.40   	-31.74   	 88.28   	 -40.69		
-16.78   	-29.91   	 88.12   	 -40.69		
-17.09   	-28.69   	 87.95   	 -45.78		
-18.01   	-28.08   	 87.77   	 -45.78		
-18.92   	-28.38   	 87.59   	 -45.78		
-19.23   	-28.69   	 87.41   	 -45.78		
-18.92   	-28.99   	 87.22   	 -45.78		
-18.31   	-29.60   	 87.04   	 -50.86		
-17.70   	-29.60   	 86.84   	 -50.86		
-17.09   	-29.30   	 86.63   	 -55.95		
-16.17   	-28.69   	 86.41   	 -55.95		
-15.26   	-28.08   	 86.18   	 -55.95		
-14.34   	-28.08   	 85.96   	 -55.95		
-14.65   	-28.69   	 85.74   	 -55.95		
-14.95   	-29.60   	 85.51   	 -61.04		
-15.56   	-30.21   	 85.27   	 -55.95		
-15.26   	-29.91   	 85.05   	 -61.04		
-14.34   	-28.08   	 84.80   	 -61.04		
-11.90   	-22.28   	 84.56   	 -61.04		
 -7.93   	-10.68   	 84.31   	 -55.95		
 -2.14   	  7.32   	 84.09   	 -61.04		
  5.19   	 28.99   	 83.85   	 -61.04		
 11.60   	 49.44   	 83.60   	 -61.04		
 14.95   	 64.70   	 83.36   	 -55.95		
 15.56   	 75.07   	 83.13   	 -61.04		
 15.87   	 83.62   	 82.89   	 -61.04		
 18.31   	 93.99   	 82.64   	 -55.95		
 24.72   	106.81   	 82.42   	 -61.04		
 34.18   	120.85   	 82.18   	 -61.04		
 44.56   	135.50   	 81.93   	 -61.04		
 53.71   	151.37   	 81.69   	 -61.04		
 61.34   	169.68   	 81.44   	 -61.04		
 67.75   	189.51   	 81.20   	 -61.04		
 74.77   	209.96   	 80.96   	 -61.04		
 83.62   	227.97   	 80.71   	 -61.04		
 94.30   	241.39   	 80.47   	 -61.04		
104.68   	247.19   	 80.22   	 -66.12		
109.86   	241.70   	 79.96   	 -61.04		
105.90   	222.47   	 79.71   	 -61.04		
 89.72   	188.60   	 79.47   	 -66.12		
 64.09   	144.35   	 79.21   	 -61.04		
 35.71   	 96.74   	 78.96   	 -61.04		
 11.90   	 52.80   	 78.72   	 -66.12		
 -2.44   	 17.70   	 78.45   	 -61.04		
 -7.63   	 -7.02   	 78.21   	 -55.95		
 -8.24   	-22.28   	 77.99   	 -61.04		
 -8.54   	-31.13   	 77.74   	 -55.95		
-10.68   	-36.62   	 77.52   	 -50.86		
-13.73   	-41.20   	 77.31   	 -50.86		
-16.48   	-46.08   	 77.11   	 -50.86		
-18.01   	-51.88   	 76.91   	 -45.78		
-18.92   	-57.37   	 76.72   	 -45.78		
-19.53   	-62.56   	 76.54   	 -45.78		
-20.14   	-66.83   	 76.36   	 -40.69		
-21.06   	-70.50   	 76.20   	 -45.78		
-21.97   	-73.85   	 76.01   	 -40.69		
-22.89   	-76.60   	 75.85   	 -35.61		
-23.50   	-78.43   	 75.71   	 -40.69		
-23.50   	-79.35   	 75.54   	 -35.61		
-23.50   	-79.35   	 75.40   	 -40.69		
-24.41   	-79.65   	 75.24   	 -30.52		
-28.69   	-82.70   	 75.12   	 -35.61		
-40.89   	-94.30   	 74.97   	 -30.52		
-61.65   	-117.80   	 74.85   	 -25.43		
-84.84   	-147.71   	 74.75   	 -30.52		
-95.83   	-163.88   	 74.63   	 -30.52		
-73.55   	-137.63   	 74.51   	 -30.52		
 -2.44   	-47.30   	 74.38   	 -25.43		
117.19   	111.39   	 74.28   	 -30.52		
267.33   	320.74   	 74.16   	 -30.52		
421.45   	546.88   	 74.04   	 -30.52		
553.28   	751.95   	 73.92   	 -25.43		
643.31   	900.88   	 73.81   	 -30.52		
676.27   	960.39(R)	 73.69   	 -30.52		
639.04   	911.56   	 73.57   	 -30.52		
527.04   	762.02   	 73.45   	 -30.52		
354.31   	545.35   	 73.33   	 -30.52		
156.25   	306.70   	 73.20   	 -30.52		
-20.75   	 86.67   	 73.08   	 -35.61		
-140.38   	-92.47   	 72.94   	 -35.61		
-194.09   	-224.30   	 72.80   	 -40.69		
-197.45   	-308.23   	 72.63   	 -40.69		
-177.92   	-341.80   	 72.47   	 -45.78		
-154.42   	-330.20   	 72.29   	 -40.69		
-133.67   	-288.09   	 72.13   	 -45.78		
-113.53   	-238.34   	 71.94   	 -40.69		
-92.16   	-198.06   	 71.78   	 -35.61		
-71.72   	-172.42   	 71.64   	 -35.61		
-56.15   	-156.86   	 71.50   	 -30.52		
-47.30   	-144.65   	 71.37   	 -25.43		
-43.95   	-133.67   	 71.27   	 -15.26		
-42.72   	-125.12   	 71.21   	 -10.17		
-41.50   	-120.24   	 71.17(D)	   5.09		
-39.67   	-118.41   	 71.19   	  15.26		
-37.23   	-117.19   	 71.25   	  25.43		
-34.79   	-115.66   	 71.35   	  35.61		
-33.26   	-113.53   	 71.50   	  55.95		
-32.35   	-111.08   	 71.72   	  76.30		
-31.74   	-108.95   	 72.02   	  91.56		
-31.43   	-107.42   	 72.39   	 111.90		
-31.13   	-105.90   	 72.84   	 132.25		
-30.82   	-104.68   	 73.37   	 157.68		
-30.82   	-103.45   	 74.00   	 178.03		
-30.82   	-102.23   	 74.71   	 203.46		
-30.21   	-101.32   	 75.52   	 228.89		
-29.60   	-100.40   	 76.44   	 244.15		
-28.69   	-99.49   	 77.42   	 264.50		
-27.77   	-97.96   	 78.47   	 279.75		
-26.86   	-95.52   	 79.59   	 289.93		
-25.33   	-93.38   	 80.75   	 295.01		
-23.19   	-91.25   	 81.93   	 300.10		
-21.06   	-89.72   	 83.13   	 295.01		
-19.23   	-88.20   	 84.31   	 289.93		
-17.70   	-86.36   	 85.47   	 279.75		
-15.87   	-83.62   	 86.59   	 264.50		
-13.43   	-79.96   	 87.65   	 254.32		
-10.68   	-75.68   	 88.67   	 244.15		
 -7.63   	-71.41   	 89.64   	 228.89		
 -4.58   	-67.44   	 90.56   	 213.63		
 -1.83   	-63.48   	 91.41   	 208.54		
  1.22   	-59.20   	 92.25   	 193.29		
  5.19   	-54.93   	 93.02   	 188.20		
 10.38   	-50.05   	 93.77   	 183.11		
 15.87   	-45.17   	 94.51   	 178.03		
 21.97   	-39.37   	 95.22   	 172.94		
 28.38   	-32.96   	 95.91   	 172.94		
 35.10   	-26.25   	 96.60   	 167.85		
 42.11   	-19.23   	 97.27   	 167.85		
 49.74   	-12.21   	 97.94   	 167.85		
 58.29   	 -5.49   	 98.62   	 162.77		
 67.44   	  1.83   	 99.27   	 157.68		
 78.13   	 10.38   	 99.90   	 152.59		
 90.03   	 21.36   	100.51   	 142.42		
102.84   	 33.87   	101.08   	 137.33		
115.66   	 47.00   	101.63   	 127.16		
127.87   	 60.12   	102.14   	 111.90		
139.16   	 72.33   	102.58   	 106.82		
149.84   	 84.84   	103.01   	  96.64		
160.22   	 97.96   	103.40   	  86.47		
170.29   	112.00   	103.74   	  86.47		
180.36   	126.65   	104.09   	  76.30		
189.21   	141.60   	104.39   	  81.38		
196.84   	156.25   	104.72   	  81.38		
202.64   	169.37   	105.05   	  86.47		
205.99   	180.05   	105.39   	  91.56		
206.91   	186.16   	105.76   	  91.56		
204.16   	187.38   	106.12   	 101.73		
197.14   	183.11   	106.53   	 101.73		
184.94   	173.95   	106.94   	  96.64		
167.54   	160.83   	107.32   	  91.56		
147.40   	144.65   	107.69   	  86.47		
126.04   	126.95   	108.04   	  76.30		
105.59   	108.34   	108.34   	  66.12		
 86.67   	 90.03   	108.61   	  55.95		
 68.66   	 72.63   	108.83   	  40.69		
 51.88   	 56.15   	108.99   	  30.52		
 36.01   	 41.20   	109.11   	  20.35		
 21.67   	 27.77   	109.20   	  15.26		
  9.16   	 15.87   	109.26   	  10.17		
 -0.61   	  5.80   	109.30   	   5.09		
 -7.93   	 -2.14   	109.32(S)	   0.00		
-12.82   	 -8.24   	109.32   	  -5.09		
-16.17   	-12.82   	109.30   	  -5.09		
-19.53   	-16.78   	109.28   	 -10.17		
-22.58   	-20.14   	109.24   	 -20.35		
-25.63   	-23.19   	109.16   	 -20.35		
-27.47   	-25.33   	109.07   	 -25.43		
-28.69   	-26.25   	108.97   	 -30.52		
-28.69   	-26.25   	108.85   	 -35.61		
-28.38   	-25.94   	108.71   	 -45.78		
-27.77   	-25.94   	108.52   	 -50.86		
-27.16   	-25.94   	108.32   	 -55.95		
-26.55   	-26.25   	108.10   	 -66.12		
-26.25   	-26.55   	107.83   	 -76.30		
-26.25   	-26.86   	107.53   	 -91.56		
-26.55   	-26.86   	107.16   	-111.90		
-26.86   	-26.86   	106.71   	-122.07		
-27.16   	-26.55   	106.23   	-147.51		
-27.16   	-26.55   	105.64   	-162.77		
-26.55   	-26.55   	104.98   	-183.11		
-25.33   	-26.55   	104.25   	-198.37		
-23.80   	-26.25   	103.46   	-203.46		
-22.58   	-25.94   	102.64   	-213.63		
-22.28   	-25.63   	101.79   	-203.46		
-22.58   	-25.63   	100.98   	-198.37		
-22.89   	-25.63   	100.18   	-183.11		
-22.89   	-25.63   	 99.45   	-162.77		
-22.28   	-25.94   	 98.80   	-142.42		
-21.67   	-26.55   	 98.23   	-122.07		
-21.06   	-27.47   	 97.74   	-101.73		
-20.45   	-28.08   	 97.33   	 -81.38		
-20.14   	-28.08   	 97.01   	 -66.12		
-20.45   	-27.16   	 96.74   	 -55.95		
-21.36   	-26.86   	 96.52   	 -45.78		
-22.58   	-27.16   	 96.34   	 -35.61		
-23.50   	-28.08   	 96.19   	 -30.52		
-23.50   	-28.38   	 96.07   	 -30.52		
-23.19   	-28.08   	 95.95   	 -30.52		
-22.89   	-27.16   	 95.83   	 -30.52		
-23.50   	-26.86   	 95.71   	 -35.61		
-24.11   	-27.16   	 95.56   	 -35.61		
-25.33   	-27.77   	 95.42   	 -40.69		
-25.94   	-28.38   	 95.26   	 -40.69		
-26.55   	-28.99   	 95.10   	 -45.78		
-26.86   	-28.99   	 94.91   	 -50.86		
-26.86   	-28.99   	 94.71   	 -45.78		
-26.25   	-28.38   	 94.53   	 -45.78		
-25.94   	-27.77   	 94.34   	 -40.69		
-26.55   	-27.16   	 94.18   	 -40.69		
-27.47   	-27.16   	 94.02   	 -35.61		
-28.38   	-27.77   	 93.88   	 -30.52		
-28.08   	-28.69   	 93.75   	 -30.52		
-26.55   	-29.30   	 93.63   	 -25.43		
-24.72   	-29.30   	 93.53   	 -25.43		
-23.19   	-29.60   	 93.43   	 -25.43		
-22.28   	-29.60   	 93.33   	 -20.35		
-21.97   	-29.60   	 93.24   	 -20.35		
-21.67   	-29.91   	 93.16   	 -25.43		
-21.36   	-30.21   	 93.06   	 -20.35		
-21.06   	-31.13   	 92.98   	 -25.43		
-21.06   	-32.65   	 92.88   	 -25.43		
-21.36   	-33.87   	 92.78   	 -25.43		
-21.36   	-34.79   	 92.68   	 -25.43		
-20.75   	-34.48   	 92.57   	 -25.43		
-20.14   	-34.18   	 92.47   	 -30.52		
-19.84   	-34.48   	 92.35   	 -30.52		
-19.84   	-35.10   	 92.23   	 -30.52		
-19.84   	-36.32   	 92.11   	 -35.61		
-19.84   	-36.93   	 91.96   	 -30.52		
-19.84   	-36.93   	 91.84   	 -40.69		
-19.53   	-36.62   	 91.68   	 -35.61		
-18.92   	-36.93   	 91.54   	 -40.69		
-18.31   	-37.54   	 91.37   	 -40.69		
-17.40   	-38.15   	 91.21   	 -40.69		
-16.48   	-38.76   	 91.05   	 -40.69		
-15.56   	-38.45   	 90.88   	 -40.69		
-14.34   	-37.23   	 90.72   	 -40.69		
-13.12   	-35.71   	 90.56   	 -40.69		
-12.21   	-34.18   	 90.40   	 -45.78		
-12.21   	-33.87   	 90.21   	 -40.69		
-12.82   	-34.48   	 90.05   	 -40.69		
-13.12   	-35.40   	 89.89   	 -40.69		
-13.12   	-35.71   	 89.72   	 -45.78		
-12.21   	-35.40   	 89.54   	 -45.78		
-11.29   	-34.48   	 89.36   	 -45.78		
-10.68   	-33.87   	 89.18   	 -45.78		
-10.07   	-33.87   	 88.99   	 -45.78		
-10.07   	-33.57   	 88.81   	 -50.86		
 -9.46   	-32.96   	 88.61   	 -50.86		
 -8.85   	-31.74   	 88.40   	 -50.86		
 -8.24   	-30.82   	 88.20   	 -50.86		
 -8.24   	-30.52   	 88.00   	 -50.86		
 -8.54   	-30.82   	 87.79   	 -55.95		
 -9.16   	-31.43   	 87.57   	 -55.95		
 -9.46   	-32.35   	 87.34   	 -50.86		
 -9.16   	-32.65   	 87.14   	 -61.04		
 -9.16   	-32.35   	 86.90   	 -55.95		
 -9.16   	-32.04   	 86.67   	 -61.04		
 -9.46   	-31.13   	 86.43   	 -61.04		
 -9.46   	-30.21   	 86.18   	 -61.04		
 -8.54   	-29.30   	 85.94   	 -61.04		
 -6.71   	-27.77   	 85.70   	 -66.12		
 -4.88   	-25.02   	 85.43   	 -66.12		
 -2.14   	-18.92   	 85.17   	 -66.12		
  1.53   	 -6.71   	 84.90   	 -66.12		
  6.10   	 11.29   	 84.64   	 -71.21		
 11.60   	 33.26   	 84.35   	 -66.12		
 16.48   	 54.02   	 84.09   	 -66.12		
 19.84   	 70.19   	 83.82   	 -66.12		
 21.36   	 81.79   	 83.56   	 -61.04		
 22.89   	 91.25   	 83.32   	 -66.12		
 26.25   	101.93   	 83.05   	 -66.12		
 32.96   	115.05   	 82.79   	 -61.04		
 43.03   	129.09   	 82.54   	 -66.12		
 53.71   	143.13   	 82.28   	 -61.04		
 63.78   	158.08   	 82.03   	 -66.12		
 71.41   	174.87   	 81.77   	 -61.04		
 77.51   	193.79   	 81.53   	 -61.04		
 84.23   	213.32   	 81.28   	 -66.12		
 93.38   	231.93   	 81.02   	 -61.04		
104.68   	245.67   	 80.77   	 -61.04		
115.36   	251.16   	 80.53   	 -61.04		
119.93   	243.84   	 80.28   	 -61.04		
114.44   	221.56   	 80.04   	 -66.12		
 97.66   	185.55   	 79.78   	 -61.04		
 72.63   	142.21   	 79.53   	 -61.04		
 46.08   	 98.27   	 79.29   	 -66.12		
 24.11   	 59.51   	 79.02   	 -61.04		
  9.77   	 28.08   	 78.78   	 -61.04		
  3.05   	  4.88   	 78.53   	 -61.04		
  0.61   	-11.29   	 78.29   	 -61.04		
  0.00   	-20.75   	 78.05   	 -55.95		
 -1.22   	-25.94   	 77.82   	 -55.95		
 -3.05   	-29.30   	 77.60   	 -50.86		
 -5.19   	-33.57   	 77.40   	 -45.78		
 -7.63   	-39.06   	 77.21   	 -45.78		
 -9.77   	-45.78   	 77.03   	 -45.78		
-11.90   	-51.57   	 76.85   	 -40.69		
-13.12   	-56.15   	 76.68   	 -40.69		
-13.43   	-59.20   	 76.52   	 -35.61		
-13.73   	-61.95   	 76.38   	 -40.69		
-13.73   	-63.78   	 76.22   	 -35.61		
-14.34   	-65.31   	 76.07   	 -35.61		
-14.65   	-66.22   	 75.93   	 -35.61		
-15.26   	-66.53   	 75.79   	 -30.52		
-17.09   	-67.44   	 75.67   	 -35.61		
-22.28   	-70.80   	 75.52   	 -30.52		
-34.48   	-81.79   	 75.40   	 -30.52		
-54.93   	-104.68   	 75.28   	 -30.52		
-78.43   	-134.28   	 75.16   	 -30.52		
-90.94   	-152.28   	 75.04   	 -35.61		
-71.11   	-130.31   	 74.89   	 -30.52		
 -1.83   	-45.78   	 74.77   	 -30.52		
117.80   	105.90   	 74.65   	 -35.61		
271.30   	308.53   	 74.51   	 -30.52		
429.99   	528.87   	 74.38   	 -35.61		
566.10   	729.37   	 74.24   	 -30.52		
659.18   	876.77   	 74.12   	 -35.61		
693.66   	939.64(R)	 73.98   	 -30.52		
656.43   	899.05   	 73.86   	 -30.52		
542.60   	761.11   	 73.73   	 -30.52		
365.60   	556.64   	 73.61   	 -35.61		
160.83   	327.45   	 73.47   	 -30.52		
-23.50   	112.30   	 73.35   	 -30.52		
-149.23   	-66.53   	 73.22   	 -35.61		
-205.38   	-201.72   	 73.08   	 -35.61		
-208.44   	-289.92   	 72.94   	 -40.69		
-185.85   	-327.76   	 72.78   	 -40.69		
-159.91   	-319.52   	 72.61   	 -40.69		
-137.63   	-280.76   	 72.45   	 -40.69		
-117.49   	-234.07   	 72.29   	 -45.78		
-96.44   	-196.23   	 72.11   	 -35.61		
-75.99   	-171.81   	 71.96   	 -40.69		
-60.12   	-154.42   	 71.80   	 -30.52		
-50.96   	-138.55   	 71.68   	 -30.52		
-47.00   	-123.29   	 71.56   	 -20.35		
-45.47   	-111.69   	 71.47   	 -15.26		
-43.33   	-105.59   	 71.41   	  -5.09		
-40.89   	-104.37   	 71.39(D)	   5.09		
-39.37   	-105.29   	 71.41   	  15.26		
-38.76   	-106.20   	 71.47   	  30.52		
-38.45   	-105.59   	 71.60   	  40.69		
-37.54   	-103.76   	 71.76   	  61.04		
-35.71   	-101.62   	 72.00   	  76.30		
-33.57   	-100.10   	 72.31   	  96.64		
-32.35   	-99.49   	 72.70   	 122.07		
-31.74   	-98.88   	 73.18   	 137.33		
-30.82   	-97.05   	 73.73   	 162.77		
-29.60   	-94.30   	 74.38   	 183.11		
-28.08   	-92.16   	 75.12   	 208.54		
-27.16   	-91.25   	 75.95   	 228.89		
-26.86   	-91.86   	 76.87   	 249.24		
-26.55   	-92.16   	 77.86   	 264.50		
-25.63   	-91.86   	 78.92   	 284.84		
-24.41   	-90.33   	 80.06   	 289.93		
-23.19   	-88.50   	 81.22   	 300.10		
-21.97   	-86.36   	 82.42   	 300.10		
-20.75   	-84.23   	 83.62   	 300.10		
-19.53   	-81.48   	 84.82   	 289.93		
-18.01   	-78.74   	 85.98   	 279.75		
-15.56   	-75.68   	 87.10   	 264.50		
-12.21   	-72.63   	 88.16   	 254.32		
 -8.24   	-69.27   	 89.18   	 239.06		
 -3.97   	-65.61   	 90.13   	 228.89		
  0.31   	-61.04   	 91.05   	 213.63		
  4.58   	-56.76   	 91.90   	 208.54		
  9.16   	-52.19   	 92.74   	 193.29		
 14.04   	-47.91   	 93.51   	 188.20		
 18.92   	-43.33   	 94.26   	 183.11		
 24.41   	-37.84   	 94.99   	 178.03		
 30.21   	-31.74   	 95.71   	 172.94		
 36.32   	-25.02   	 96.40   	 172.94		
 43.64   	-17.70   	 97.09   	 162.77		
 51.88   	 -9.77   	 97.74   	 162.77		
 61.34   	 -1.53   	 98.39   	 157.68		
 72.63   	  7.63   	 99.02   	 147.51		
 84.84   	 16.78   	 99.61   	 142.42		
 97.35   	 26.25   	100.18   	 132.25		
108.64   	 36.32   	100.71   	 122.07		
118.71   	 47.00   	101.20   	 116.99		
128.78   	 58.59   	101.67   	 101.73		
139.47   	 70.80   	102.07   	 101.73		
151.37   	 83.31   	102.48   	  91.56		
163.57   	 95.52   	102.85   	  86.47		
174.56   	108.34   	103.19   	  86.47		
184.63   	122.07   	103.54   	  81.38		
193.18   	137.02   	103.87   	  81.38		
200.50   	151.67   	104.19   	  86.47		
205.99   	163.88   	104.54   	  81.38		
208.74   	173.03   	104.86   	  86.47		
208.13   	179.44   	105.21   	  N/A		
