  I     	  II     	  PW     	  PW'		
 94.60   	125.73   	 26.49   	-147.51		
 96.13   	137.33   	 25.90   	-183.11		
103.76   	153.81   	 25.17   	-213.63		
115.36   	169.68   	 24.31   	-213.63		
126.95   	180.97   	 23.46   	-193.29		
135.50   	190.43   	 22.69   	-152.59		
142.21   	205.08   	 22.08   	-111.90		
148.62   	230.41   	 21.63   	 -76.30		
156.86   	261.54   	 21.32   	 -45.78		
166.93   	289.00   	 21.14   	 -30.52		
176.39   	304.57   	 21.02   	 -35.61		
184.63   	306.70   	 20.87   	 -45.78		
192.87   	301.51   	 20.69   	 -66.12		
200.50   	296.33   	 20.43   	 -81.38		
207.52   	294.80   	 20.10   	 -96.64		
211.18   	294.19   	 19.72   	 -96.64		
207.82   	289.61   	 19.33   	 -96.64		
196.53   	276.49   	 18.94   	 -86.47		
178.22   	254.21   	 18.60   	 -66.12		
156.56   	225.52   	 18.33   	 -50.86		
133.67   	194.09   	 18.13   	 -40.69		
111.69   	164.18   	 17.97   	 -30.52		
 92.77   	137.02   	 17.84   	 -35.61		
 79.65   	115.05   	 17.70   	 -45.78		
 75.07   	100.10   	 17.52   	 -61.04		
 79.04   	 92.77   	 17.27   	 -76.30		
 87.28   	 90.94   	 16.97   	 -86.47		
 92.77   	 88.50   	 16.62   	 -86.47		
 91.25   	 80.87   	 16.28   	 -71.21		
 84.53   	 69.27   	 15.99   	 -55.95		
 78.74   	 58.90   	 15.77   	 -20.35		
 78.74   	 55.54   	 15.69   	   5.09		
 85.14   	 61.65   	 15.71   	  35.61		
 93.38   	 71.41   	 15.85   	  55.95		
 97.66   	 79.96   	 16.07   	  61.04		
 94.60   	 87.89   	 16.32   	  61.04		
 82.09   	102.54   	 16.56   	  45.78		
 62.26   	127.56   	 16.74   	  25.43		
 44.56   	156.25   	 16.85   	  15.26		
 50.35   	173.65   	 16.91   	   0.00		
104.68   	171.51   	 16.91   	 -10.17		
219.42   	159.30   	 16.87   	  -5.09		
373.84   	167.24   	 16.85   	   0.00		
516.05   	226.44   	 16.85   	  10.17		
588.07   	342.41   	 16.89   	  25.43		
560.30   	484.01   	 16.99   	  35.61		
451.05   	598.45   	 17.13   	  45.78		
311.89   	638.12(R)	 17.31   	  50.86		
196.84   	588.68   	 17.52   	  55.95		
133.36   	477.60   	 17.74   	  61.04		
115.97   	352.48   	 17.99   	  55.95		
122.99   	257.87   	 18.21   	  55.95		
132.14   	212.40   	 18.43   	  50.86		
128.78   	203.25   	 18.64   	  50.86		
107.42   	200.20   	 18.84   	  45.78		
 69.58   	175.78   	 19.02   	  45.78		
 23.80   	119.32   	 19.21   	  40.69		
-14.95   	 45.47   	 19.37   	  50.86		
-32.04   	-17.09   	 19.57   	  45.78		
-22.28   	-47.91   	 19.76   	  50.86		
  7.02   	-43.95   	 19.96   	  50.86		
 39.98   	-19.84   	 20.16   	  45.78		
 62.56   	  5.49   	 20.35   	  35.61		
 69.89   	 20.45   	 20.49   	  30.52		
 66.53   	 25.02   	 20.61   	  25.43		
 59.81   	 24.41   	 20.71   	  35.61		
 56.76   	 22.58   	 20.85   	  45.78		
 59.81   	 20.75   	 21.04   	  45.78		
 66.53   	 18.62   	 21.22   	  50.86		
 72.94   	 16.78   	 21.42   	  35.61		
 75.68   	 17.09   	 21.57   	  15.26		
 75.07   	 21.97   	 21.63   	 -10.17		
 74.46   	 31.43   	 21.59   	 -35.61		
 77.51   	 41.81   	 21.44   	 -50.86		
 83.62   	 45.78   	 21.24   	 -50.86		
 88.81   	 39.37   	 21.04   	 -40.69		
 88.81   	 25.02   	 20.87   	 -15.26		
 83.01   	  9.16   	 20.81   	  15.26		
 74.77   	 -0.31   	 20.87   	  35.61		
 68.36   	 -0.61   	 21.02   	  55.95		
 66.53   	  4.27   	 21.24   	  55.95		
 68.36   	 10.68   	 21.46   	  55.95		
 71.41   	 18.92   	 21.69   	  30.52		
 74.16   	 28.99   	 21.81   	  10.17		
 74.16   	 39.98   	 21.85(A)	 -15.26		
 72.33   	 49.74   	 21.79   	 -30.52		
 69.58   	 54.32   	 21.67   	 -30.52		
 67.75   	 50.05   	 21.55   	 -30.52		
 66.83   	 37.54   	 21.42   	 -30.52		
 65.61   	 21.97   	 21.30   	 -40.69		
 64.09   	 10.68   	 21.14   	 -45.78		
 62.56   	  8.54   	 20.96   	 -76.30		
 62.26   	 15.87   	 20.65   	 -96.64		
 63.48   	 26.25   	 20.26   	-116.99		
 62.26   	 29.91   	 19.80   	-132.25		
 55.54   	 21.97   	 19.27   	-137.33		
 43.95   	  6.71   	 18.72   	-132.25		
 33.26   	 -6.71   	 18.19   	-116.99		
 26.86   	 -9.77   	 17.72   	-101.73		
 24.41   	 -3.97   	 17.31   	 -81.38		
 22.89   	  3.97   	 16.99   	 -71.21		
 18.01   	  7.02   	 16.70   	 -55.95		
  9.46   	  4.88   	 16.48   	 -55.95		
 -1.22   	  2.14   	 16.26   	 -55.95		
-10.99   	  2.14   	 16.03   	 -55.95		
-20.45   	  2.14   	 15.81   	 -50.86		
-29.30   	 -3.66   	 15.61   	 -50.86		
-37.84   	-16.78   	 15.40   	 -45.78		
-45.17   	-32.35   	 15.22   	 -35.61		
-52.80   	-41.50   	 15.08   	 -30.52		
-61.04   	-38.76   	 14.95   	 -20.35		
-69.58   	-26.25   	 14.87   	 -20.35		
-75.68   	-10.38   	 14.79   	 -15.26		
-76.60   	  4.58   	 14.73   	 -15.26		
-72.02   	 18.01   	 14.67   	 -20.35		
-64.70   	 31.43   	 14.59   	 -20.35		
-57.37   	 46.08   	 14.51   	 -20.35		
-51.27   	 59.20   	 14.43   	 -20.35		
-45.47   	 67.75   	 14.34   	 -25.43		
-36.93   	 72.63   	 14.24   	 -15.26		
-23.50   	 77.51   	 14.18   	 -15.26		
 -5.49   	 85.75   	 14.12   	 -15.26		
 17.09   	 97.66   	 14.06   	  -5.09		
 41.50   	108.95   	 14.04   	  -5.09		
 64.09   	115.66   	 14.02   	   5.09		
 79.35   	117.19   	 14.04   	   5.09		
 86.36   	116.27   	 14.06   	   5.09		
 88.81   	116.58   	 14.08   	  10.17		
 91.86   	119.93   	 14.12   	  15.26		
100.10   	125.43   	 14.18   	  20.35		
113.53   	130.00   	 14.26   	  20.35		
126.04   	131.23   	 14.34   	  25.43		
132.75   	127.56   	 14.45   	  30.52		
132.45   	119.32   	 14.57   	  30.52		
126.65   	108.95   	 14.69   	  40.69		
119.02   	101.32   	 14.85   	  50.86		
112.30   	 98.88   	 15.06   	  50.86		
109.56   	102.23   	 15.26   	  55.95		
110.47   	107.12   	 15.48   	  55.95		
113.53   	109.56   	 15.71   	  45.78		
116.58   	107.73   	 15.89   	  45.78		
115.97   	101.32   	 16.07   	  25.43		
111.39   	 91.55   	 16.17   	   5.09		
104.98   	 81.48   	 16.20   	  -5.09		
100.10   	 75.07   	 16.17   	 -15.26		
 98.88   	 73.85   	 16.11   	  -5.09		
100.40   	 78.43   	 16.09   	  15.26		
101.32   	 84.23   	 16.15   	  35.61		
101.01   	 88.20   	 16.30   	  50.86		
101.32   	 89.11   	 16.50   	  61.04		
104.06   	 90.64   	 16.74   	  50.86		
108.34   	 94.91   	 16.95   	  35.61		
111.08   	 99.79   	 17.09   	  10.17		
108.64   	 98.57   	 17.13   	 -10.17		
101.62   	 88.20   	 17.09   	 -25.43		
 94.30   	 71.11   	 16.99   	 -10.17		
 89.72   	 55.85   	 16.95   	  15.26		
 89.72   	 52.19   	 17.01   	  66.12		
 91.86   	 63.78   	 17.27   	 127.16		
 93.69   	 84.23   	 17.78   	 178.03		
 93.99   	101.62   	 18.49   	 223.80		
 91.55   	105.29   	 19.39   	 244.15		
 87.89   	 93.99   	 20.37   	 233.98		
 84.84   	 75.38   	 21.30   	 203.46		
 83.62   	 61.34   	 22.12   	 157.68		
 86.36   	 59.51   	 22.75   	  96.64		
 91.25   	 68.05   	 23.13   	  40.69		
 95.52   	 79.65   	 23.30(V)	   0.00		
 96.13   	 86.98   	 23.30   	 -30.52		
 91.55   	 88.20   	 23.17   	 -40.69		
 83.62   	 85.45   	 23.01   	 -45.78		
 76.29   	 80.87   	 22.83   	 -40.69		
 73.24   	 74.77   	 22.67   	 -30.52		
 75.38   	 66.22   	 22.54   	 -30.52		
 80.87   	 58.90   	 22.42   	 -30.52		
 86.67   	 58.29   	 22.30   	 -40.69		
 90.03   	 67.75   	 22.14   	 -55.95		
 90.94   	 85.45   	 21.91   	 -76.30		
 90.94   	103.45   	 21.61   	 -96.64		
 91.86   	113.53   	 21.22   	-111.90		
 92.47   	112.30   	 20.77   	-122.07		
 92.16   	104.98   	 20.28   	-127.16		
 92.16   	 99.18   	 19.78   	-122.07		
 93.08   	100.10   	 19.29   	-106.82		
 94.60   	109.56   	 18.86   	 -91.56		
 97.05   	125.73   	 18.49   	 -76.30		
100.40   	146.79   	 18.19   	 -50.86		
105.59   	171.20   	 17.99   	 -45.78		
114.44   	196.84   	 17.80   	 -30.52		
126.04   	220.64   	 17.68   	 -35.61		
137.94   	239.87   	 17.54   	 -40.69		
148.93   	252.69   	 17.38   	 -40.69		
157.78   	259.40   	 17.21   	 -55.95		
165.10   	261.54   	 16.99   	 -55.95		
169.07   	260.31   	 16.76   	 -61.04		
168.46   	256.04   	 16.52   	 -61.04		
164.79   	250.55   	 16.28   	 -50.86		
159.61   	244.45   	 16.07   	 -40.69		
152.89   	237.12   	 15.91   	 -35.61		
143.74   	227.97   	 15.77   	 -30.52		
131.23   	215.45   	 15.65   	 -25.43		
114.75   	198.06   	 15.54   	 -20.35		
 97.66   	173.95   	 15.46   	 -20.35		
 82.09   	144.04   	 15.38   	 -25.43		
 69.58   	111.69   	 15.28   	 -25.43		
 60.42   	 83.62   	 15.18   	 -20.35		
 55.54   	 65.61   	 15.10   	 -25.43		
 54.63   	 58.29   	 14.99   	 -20.35		
 56.15   	 55.85   	 14.91   	 -15.26		
 58.90   	 53.10   	 14.85   	 -10.17		
 61.04   	 48.22   	 14.81   	   0.00		
 62.26   	 43.33   	 14.81   	  10.17		
 62.26   	 39.98   	 14.85   	  20.35		
 60.73   	 36.93   	 14.93   	  30.52		
 56.15   	 31.43   	 15.06   	  30.52		
 49.44   	 23.50   	 15.18   	  40.69		
 41.50   	 19.53   	 15.34   	  35.61		
 32.04   	 28.69   	 15.48   	  30.52		
 18.62   	 55.54   	 15.61   	  30.52		
  4.27   	 94.30   	 15.73   	  25.43		
  3.97   	130.62   	 15.83   	  20.35		
 41.50   	152.59   	 15.91   	  25.43		
135.50   	161.13   	 16.01   	  25.43		
278.02   	175.48   	 16.11   	  40.69		
427.25   	222.47   	 16.28   	  55.95		
525.82   	315.25   	 16.50   	  66.12		
533.45   	437.01   	 16.76   	  81.38		
452.88   	547.49   	 17.09   	  86.47		
325.93   	603.64(R)	 17.44   	  91.56		
206.91   	584.72   	 17.80   	  91.56		
130.92   	505.98   	 18.17   	  81.38		
100.40   	403.44   	 18.49   	  71.21		
 97.96   	314.33   	 18.78   	  66.12		
101.62   	258.48   	 19.04   	  50.86		
 98.27   	230.10   	 19.25   	  50.86		
 82.70   	207.82   	 19.45   	  45.78		
 53.10   	167.85   	 19.63   	  50.86		
 10.07   	 98.27   	 19.84   	  55.95		
-36.62   	  9.77   	 20.06   	  66.12		
-70.19   	-70.19   	 20.33   	  71.21		
-75.38   	-112.30   	 20.61   	  71.21		
-50.66   	-104.68   	 20.90   	  76.30		
-10.68   	-60.42   	 21.20   	  71.21		
 23.19   	 -6.71   	 21.49   	  55.95		
 37.23   	 31.13   	 21.71   	  50.86		
 34.48   	 43.64   	 21.91   	  40.69		
 27.77   	 36.32   	 22.08   	  35.61		
 27.47   	 21.06   	 22.22   	  35.61		
 33.26   	  7.63   	 22.36   	  35.61		
 39.67   	 -0.31   	 22.50   	  40.69		
 41.81   	 -2.44   	 22.67   	  45.78		
 39.67   	  0.92   	 22.85   	  45.78		
 37.54   	  9.16   	 23.03   	  35.61		
 37.54   	 19.84   	 23.17   	  25.43		
 39.06   	 29.30   	 23.28   	  20.35		
 40.59   	 33.26   	 23.36   	  25.43		
 40.28   	 28.99   	 23.46   	  35.61		
 38.45   	 19.23   	 23.60   	  50.86		
 37.23   	 10.07   	 23.80   	  55.95		
 37.23   	  6.71   	 24.03   	  66.12		
 38.76   	  8.54   	 24.29   	  55.95		
 41.20   	 11.29   	 24.52   	  50.86		
 41.50   	 10.38   	 24.72   	  30.52		
 39.37   	  5.80   	 24.84   	  20.35		
 36.01   	  2.14   	 24.92   	   0.00		
 34.18   	  3.05   	 24.92   	 -10.17		
 33.26   	  9.16   	 24.88   	  -5.09		
 32.35   	 17.70   	 24.86   	   0.00		
 29.30   	 25.63   	 24.86   	  10.17		
 24.11   	 31.13   	 24.90   	  15.26		
 18.62   	 32.96   	 24.96(A)	  -5.09		
 15.56   	 30.82   	 24.94   	 -45.78		
 14.95   	 24.72   	 24.76   	 -86.47		
 15.56   	 15.87   	 24.41   	-142.42		
 15.26   	  5.80   	 23.85   	-172.94		
 13.73   	 -2.44   	 23.15   	-188.20		
 11.60   	 -7.02   	 22.40   	-172.94		
 10.07   	 -7.02   	 21.71   	-137.33		
  8.85   	 -3.66   	 21.16   	 -91.56		
  6.10   	  0.61   	 20.79   	 -40.69		
  0.31   	  3.36   	 20.63   	  -5.09		
 -7.32   	  3.97   	 20.61   	  15.26		
-15.87   	  3.66   	 20.67   	  20.35		
-24.11   	  3.66   	 20.75   	   5.09		
-32.65   	  3.05   	 20.77   	 -15.26		
-43.03   	 -1.53   	 20.71   	 -40.69		
-54.93   	-10.99   	 20.55   	 -50.86		
-65.92   	-23.19   	 20.35   	 -66.12		
-72.94   	-32.96   	 20.08   	 -55.95		
-75.68   	-36.62   	 19.86   	 -50.86		
-77.51   	-32.65   	 19.65   	 -30.52		
-82.40   	-22.89   	 19.53   	 -15.26		
-91.86   	-10.38   	 19.47   	  -5.09		
-103.45   	  3.66   	 19.45   	   0.00		
-111.69   	 17.70   	 19.45   	   5.09		
-112.00   	 29.91   	 19.47   	   5.09		
-104.37   	 38.76   	 19.49   	   0.00		
-91.86   	 43.95   	 19.49   	 -10.17		
-79.65   	 48.52   	 19.45   	 -15.26		
-70.50   	 55.85   	 19.39   	 -15.26		
-63.17   	 68.66   	 19.33   	 -10.17		
-54.63   	 85.75   	 19.29   	 -10.17		
-41.50   	102.84   	 19.25   	   0.00		
-23.80   	115.36   	 19.25   	  10.17		
 -2.75   	121.77   	 19.29   	  20.35		
 19.23   	125.73   	 19.37   	  25.43		
 39.98   	130.31   	 19.47   	  35.61		
 56.46   	135.50   	 19.61   	  35.61		
 67.75   	137.33   	 19.76   	  35.61		
 74.46   	133.67   	 19.90   	  40.69		
 78.74   	125.12   	 20.06   	  40.69		
 83.31   	117.19   	 20.22   	  40.69		
 89.11   	114.44   	 20.39   	  45.78		
 93.08   	115.66   	 20.57   	  50.86		
 92.16   	115.66   	 20.77   	  55.95		
 86.67   	111.69   	 21.00   	  61.04		
 79.96   	104.68   	 21.24   	  66.12		
 76.90   	 99.79   	 21.51   	  71.21		
 79.96   	100.40   	 21.79   	  71.21		
 86.67   	106.81   	 22.08   	  71.21		
 91.25   	113.83   	 22.36   	  61.04		
 89.72   	117.80   	 22.60   	  55.95		
 83.62   	116.58   	 22.83   	  40.69		
 77.82   	113.53   	 22.99   	  25.43		
 75.99   	111.39   	 23.09   	   5.09		
 78.13   	112.00   	 23.11   	   0.00		
 80.57   	113.83   	 23.11   	   0.00		
 80.87   	113.83   	 23.11   	  15.26		
 78.74   	108.64   	 23.17   	  45.78		
 75.68   	 98.57   	 23.36   	  71.21		
 72.94   	 86.67   	 23.64   	  96.64		
 71.41   	 79.04   	 24.03   	  91.56		
 71.41   	 77.82   	 24.39   	  81.38		
 72.63   	 82.09   	 24.72   	  45.78		
 74.46   	 88.81   	 24.90   	  15.26		
 75.07   	 95.52   	 24.96   	 -15.26		
 73.85   	100.71   	 24.90   	 -15.26		
 72.63   	105.90   	 24.84   	   5.09		
 73.85   	110.78   	 24.86   	  61.04		
 77.21   	112.61   	 25.11   	 116.99		
 79.35   	109.56   	 25.57   	 188.20		
 78.74   	101.62   	 26.33   	 233.98		
 74.77   	 92.47   	 27.26   	 259.41		
 70.19   	 85.45   	 28.30   	 249.24		
 66.53   	 82.09   	 29.30   	 208.54		
 63.17   	 81.79   	 30.13   	 142.42		
 59.20   	 83.31   	 30.70   	  76.30		
 54.02   	 85.75   	 31.01   	   5.09		
 51.88   	 88.50   	 31.03(V)	 -35.61		
 55.24   	 90.03   	 30.88   	 -66.12		
 63.17   	 89.42   	 30.62   	 -61.04		
 70.80   	 87.59   	 30.38   	 -40.69		
 74.46   	 86.98   	 30.21   	 -20.35		
 74.16   	 90.64   	 30.13   	  10.17		
 72.63   	 97.35   	 30.17   	  25.43		
 71.41   	103.76   	 30.27   	  25.43		
 70.50   	104.98   	 30.38   	   0.00		
 67.14   	100.10   	 30.38   	 -35.61		
 61.04   	 91.25   	 30.23   	 -86.47		
 54.93   	 83.62   	 29.89   	-127.16		
 52.49   	 81.48   	 29.38   	-162.77		
 55.85   	 84.23   	 28.73   	-183.11		
 63.17   	 88.50   	 28.00   	-188.20		
 69.58   	 90.94   	 27.24   	-167.85		
 71.11   	 90.03   	 26.57   	-147.51		
 68.05   	 88.50   	 25.98   	-111.90		
 63.78   	 90.03   	 25.53   	 -86.47		
 63.17   	 98.57   	 25.19   	 -61.04		
 67.14   	113.53   	 24.94   	 -55.95		
 73.24   	131.23   	 24.72   	 -61.04		
 77.82   	147.40   	 24.48   	 -66.12		
 78.43   	158.08   	 24.21   	 -76.30		
 76.90   	163.27   	 23.91   	 -91.56		
 77.21   	166.63   	 23.54   	 -96.64		
 82.09   	172.12   	 23.15   	 -91.56		
 90.64   	182.19   	 22.79   	 -91.56		
100.40   	197.14   	 22.42   	 -81.38		
109.25   	215.45   	 22.10   	 -66.12		
117.19   	233.15   	 21.83   	 -50.86		
125.43   	246.58   	 21.63   	 -45.78		
135.50   	253.30   	 21.44   	 -45.78		
144.96   	255.13   	 21.26   	 -40.69		
152.28   	256.65   	 21.10   	 -45.78		
156.56   	263.06   	 20.92   	 -45.78		
159.61   	275.57   	 20.73   	 -45.78		
162.96   	289.00   	 20.55   	 -45.78		
164.79   	294.80   	 20.37   	 -35.61		
160.22   	286.87   	 20.22   	 -30.52		
144.35   	263.98   	 20.10   	 -20.35		
117.19   	228.58   	 20.02   	  -5.09		
 85.75   	186.16   	 20.00   	  -5.09		
 59.81   	142.52   	 19.98   	   0.00		
 45.78   	103.76   	 19.98   	  -5.09		
 43.33   	 75.68   	 19.96   	 -10.17		
 46.39   	 60.73   	 19.92   	 -20.35		
 47.91   	 57.37   	 19.84   	 -30.52		
 44.25   	 59.51   	 19.72   	 -45.78		
 37.54   	 61.04   	 19.53   	 -55.95		
 32.96   	 59.51   	 19.31   	 -61.04		
 35.10   	 58.29   	 19.06   	 -50.86		
 43.95   	 62.26   	 18.86   	 -40.69		
 55.24   	 72.02   	 18.70   	 -15.26		
 62.26   	 82.40   	 18.64   	   5.09		
 62.26   	 85.75   	 18.66   	  35.61		
 54.32   	 79.04   	 18.80   	  61.04		
 40.59   	 67.44   	 19.04   	  66.12		
 21.06   	 62.87   	 19.31   	  66.12		
 -2.44   	 73.85   	 19.57   	  55.95		
-19.23   	 97.66   	 19.80   	  45.78		
 -6.71   	122.68   	 19.98   	  20.35		
 58.59   	140.08   	 20.06   	  10.17		
184.02   	153.81   	 20.10   	   5.09		
343.32   	185.85   	 20.12   	  10.17		
479.43   	257.87   	 20.16   	  25.43		
535.89   	371.40   	 20.26   	  55.95		
491.03   	496.22   	 20.49   	  76.30		
371.09   	585.02   	 20.79   	 101.73		
232.24   	598.14(R)	 21.20   	 116.99		
127.87   	532.23   	 21.67   	 116.99		
 79.65   	420.53   	 22.14   	 116.99		
 75.38   	309.75   	 22.60   	  96.64		
 88.50   	234.99   	 22.99   	  81.38		
 96.44   	204.16   	 23.32   	  61.04		
 88.81   	198.36   	 23.56   	  45.78		
 62.87   	190.43   	 23.74   	  35.61		
 22.28   	159.61   	 23.89   	  30.52		
-24.41   	102.84   	 24.01   	  35.61		
-64.09   	 33.87   	 24.15   	  45.78		
-82.40   	-22.89   	 24.33   	  50.86		
-72.33   	-48.52   	 24.54   	  55.95		
-39.67   	-40.28   	 24.76   	  66.12		
 -1.22   	-12.82   	 25.03   	  55.95		
 26.86   	 14.34   	 25.25   	  45.78		
 37.23   	 27.77   	 25.43   	  45.78		
 32.96   	 26.55   	 25.62   	  35.61		
 23.80   	 17.40   	 25.76   	  40.69		
 18.62   	  9.46   	 25.92   	  55.95		
 21.06   	  7.63   	 26.14   	  66.12		
 28.69   	 13.12   	 26.41   	  76.30		
 36.01   	 22.89   	 26.71   	  71.21		
 38.76   	 30.52   	 27.00   	  50.86		
 35.10   	 29.30   	 27.20   	  10.17		
 27.16   	 18.31   	 27.24   	 -25.43		
 21.67   	  4.27   	 27.14   	 -61.04		
 21.97   	 -4.27   	 26.90   	 -81.38		
 27.77   	 -2.75   	 26.57   	 -76.30		
 34.48   	  5.80   	 26.27   	 -55.95		
 38.15   	 14.95   	 26.04   	 -25.43		
 37.54   	 19.53   	 25.94   	   5.09		
 34.48   	 19.53   	 25.96   	  35.61		
 31.74   	 16.78   	 26.10   	  55.95		
 28.69   	 13.73   	 26.33   	  66.12		
 25.33   	 11.90   	 26.59   	  55.95		
 22.28   	 12.82   	 26.82   	  50.86		
 20.75   	 16.78   	 27.02   	  45.78		
 21.36   	 24.11   	 27.20   	  45.78		
 22.89   	 32.65   	 27.39   	  45.78		
 23.50   	 38.45   	 27.57   	  50.86		
 21.97   	 38.15   	 27.77   	  40.69		
 18.92   	 30.82   	 27.93   	  35.61		
 15.56   	 17.70   	 28.08   	  25.43		
 12.82   	  4.27   	 28.18   	   5.09		
 10.07   	 -4.27   	 28.20(A)	 -25.43		
  7.63   	 -3.05   	 28.10   	 -61.04		
  6.41   	  7.02   	 27.85   	-106.82		
  5.80   	 18.92   	 27.43   	-152.59		
  5.19   	 25.33   	 26.82   	-193.29		
  2.75   	 21.06   	 26.04   	-213.63		
 -2.75   	  7.32   	 25.19   	-213.63		
-10.68   	 -9.16   	 24.33   	-183.11		
-20.45   	-21.97   	 23.60   	-147.51		
-30.52   	-28.08   	 23.01   	-101.73		
-39.67   	-28.69   	 22.60   	 -55.95		
-47.30   	-26.25   	 22.38   	 -25.43		
-54.32   	-23.80   	 22.28   	 -10.17		
-62.87   	-20.45   	 22.24   	  -5.09		
-72.02   	-14.34   	 22.22   	 -20.35		
-81.18   	 -4.27   	 22.14   	 -35.61		
-87.89   	  8.24   	 21.99   	 -55.95		
-92.47   	 19.23   	 21.77   	 -66.12		
-97.66   	 22.58   	 21.51   	 -76.30		
-104.68   	 17.70   	 21.20   	 -66.12		
-112.00   	 10.38   	 20.94   	 -55.95		
-117.19   	  8.54   	 20.71   	 -30.52		
-118.71   	 17.70   	 20.59   	 -15.26		
-118.10   	 36.62   	 20.53   	   5.09		
-116.27   	 58.90   	 20.55   	  20.35		
-111.69   	 77.21   	 20.63   	  15.26		
-101.62   	 85.75   	 20.69   	  20.35		
-84.53   	 85.75   	 20.77   	  10.17		
-61.34   	 83.01   	 20.81   	   5.09		
-36.01   	 83.92   	 20.83   	  -5.09		
-11.90   	 93.08   	 20.81   	  -5.09		
 10.07   	108.95   	 20.79   	  -5.09		
 29.30   	125.12   	 20.77   	  -5.09		
 45.17   	135.19   	 20.75   	   5.09		
 58.29   	137.63   	 20.77   	  15.26		
 69.58   	135.50   	 20.83   	  20.35		
 79.35   	133.36   	 20.92   	  30.52		
 86.67   	133.36   	 21.04   	  40.69		
 91.55   	134.28   	 21.20   	  45.78		
 93.08   	133.67   	 21.38   	  45.78		
 91.86   	129.39   	 21.57   	  50.86		
 90.33   	123.29   	 21.77   	  55.95		
 90.33   	118.41   	 21.99   	  55.95		
 91.55   	118.71   	 22.22   	  61.04		
 93.08   	124.82   	 22.46   	  61.04		
 93.38   	132.75   	 22.71   	  61.04		
 91.25   	137.02   	 22.95   	  55.95		
 87.89   	133.97   	 23.17   	  45.78		
 86.67   	124.82   	 23.36   	  30.52		
 88.20   	115.97   	 23.48   	  15.26		
 91.25   	112.92   	 23.54   	  -5.09		
 93.08   	115.36   	 23.52   	 -15.26		
 90.94   	118.10   	 23.46   	 -10.17		
 85.75   	115.97   	 23.42   	   5.09		
 81.18   	108.95   	 23.44   	  20.35		
 79.65   	101.93   	 23.52   	  45.78		
 81.48   	 99.79   	 23.70   	  55.95		
 84.53   	102.84   	 23.93   	  50.86		
 86.36   	107.42   	 24.13   	  40.69		
 85.75   	108.95   	 24.29   	  30.52		
 83.62   	106.81   	 24.41   	  30.52		
 81.48   	103.45   	 24.54   	  45.78		
 79.96   	101.32   	 24.72   	  76.30		
 79.04   	100.71   	 25.03   	 122.07		
 78.43   	 99.79   	 25.51   	 172.94		
 77.82   	 97.35   	 26.21   	 203.46		
 76.29   	 94.30   	 27.02   	 228.89		
 74.46   	 93.08   	 27.93   	 218.72		
 72.63   	 94.60   	 28.81   	 188.20		
 71.41   	 98.57   	 29.56   	 137.33		
 71.41   	102.54   	 30.11   	  76.30		
 72.63   	104.98   	 30.42   	  20.35		
 74.77   	104.98   	 30.50(V)	 -20.35		
 76.29   	102.84   	 30.42   	 -35.61		
 76.29   	 99.49   	 30.27   	 -35.61		
 74.46   	 96.44   	 30.13   	 -20.35		
 71.11   	 93.99   	 30.05   	   0.00		
 67.44   	 92.47   	 30.05   	  20.35		
 66.22   	 91.55   	 30.13   	  35.61		
 67.75   	 91.86   	 30.27   	  25.43		
 71.41   	 94.30   	 30.38   	   5.09		
 74.16   	 97.96   	 30.40   	 -20.35		
 74.16   	101.01   	 30.32   	 -55.95		
 70.50   	101.62   	 30.09   	 -86.47		
 65.92   	 97.96   	 29.75   	-111.90		
 63.48   	 93.99   	 29.30   	-122.07		
 64.70   	 93.99   	 28.81   	-106.82		
 67.75   	 99.79   	 28.38   	 -81.38		
 71.11   	108.34   	 28.06   	 -45.78		
 72.63   	115.97   	 27.87   	 -15.26		
 73.55   	120.54   	 27.81   	  -5.09		
 74.46   	123.90   	 27.79   	 -15.26		
 77.82   	130.00   	 27.73   	 -55.95		
 82.40   	140.38   	 27.51   	-106.82		
 86.98   	152.59   	 27.08   	-157.68		
 90.64   	163.88   	 26.45   	-198.37		
 93.38   	174.87   	 25.66   	-218.72		
 98.27   	190.43   	 24.78   	-218.72		
108.03   	213.32   	 23.91   	-193.29		
123.29   	242.00   	 23.13   	-152.59		
140.69   	268.86   	 22.52   	-106.82		
155.33   	284.73   	 22.10   	 -66.12		
162.66   	285.64   	 21.83   	 -35.61		
162.05   	276.18   	 21.69   	 -20.35		
158.08   	265.50   	 21.61   	 -15.26		
156.25   	260.01   	 21.55   	 -25.43		
158.39   	260.62   	 21.44   	 -40.69		
162.05   	261.23   	 21.28   	 -55.95		
160.52   	254.82   	 21.06   	 -71.21		
149.23   	239.26   	 20.77   	 -71.21		
128.48   	217.90   	 20.49   	 -71.21		
103.45   	195.62   	 20.20   	 -50.86		
 79.04   	172.12   	 20.00   	 -40.69		
 59.20   	143.74   	 19.84   	 -30.52		
 45.17   	109.25   	 19.72   	 -20.35		
 37.84   	 74.16   	 19.63   	 -20.35		
 37.54   	 48.83   	 19.55   	 -30.52		
 42.72   	 41.50   	 19.43   	 -45.78		
 47.61   	 49.13   	 19.25   	 -55.95		
 47.61   	 61.34   	 19.02   	 -71.21		
 42.42   	 67.14   	 18.74   	 -76.30		
 36.32   	 63.17   	 18.43   	 -66.12		
 35.10   	 56.46   	 18.17   	 -45.78		
 40.89   	 54.63   	 17.99   	 -20.35		
 49.74   	 60.42   	 17.90   	   5.09		
 56.46   	 69.58   	 17.92   	  35.61		
 55.54   	 74.46   	 18.07   	  55.95		
 44.86   	 74.46   	 18.29   	  66.12		
 24.41   	 76.29   	 18.56   	  66.12		
  1.22   	 87.89   	 18.82   	  55.95		
 -9.46   	107.73   	 19.04   	  35.61		
 16.48   	126.04   	 19.19   	  20.35		
 98.88   	136.11   	 19.27   	  15.26		
237.12   	145.87   	 19.33   	  15.26		
396.73   	178.53   	 19.39   	  25.43		
520.02   	255.43   	 19.49   	  45.78		
555.73   	372.92   	 19.67   	  66.12		
489.50   	496.83   	 19.94   	  86.47		
354.92   	579.53   	 20.28   	  96.64		
212.40   	586.85(R)	 20.67   	  96.64		
112.92   	519.41   	 21.06   	  91.56		
 72.02   	408.02   	 21.42   	  76.30		
 72.02   	296.63   	 21.73   	  55.95		
 83.92   	219.73   	 21.95   	  35.61		
 85.75   	186.46   	 22.10   	  30.52		
 69.89   	178.22   	 22.22   	  20.35		
 39.06   	165.71   	 22.30   	  20.35		
 -2.14   	125.73   	 22.38   	  25.43		
-45.17   	 58.90   	 22.48   	  40.69		
-77.82   	-10.68   	 22.64   	  50.86		
-87.89   	-53.10   	 22.85   	  61.04		
-72.02   	-54.63   	 23.09   	  66.12		
-37.84   	-27.47   	 23.36   	  61.04		
 -1.53   	  2.75   	 23.60   	  55.95		
 22.89   	 15.87   	 23.82   	  45.78		
 31.13   	  9.46   	 24.01   	  30.52		
 29.30   	 -3.36   	 24.13   	  35.61		
 25.94   	 -7.32   	 24.27   	  45.78		
 26.55   	  1.22   	 24.46   	  66.12		
 31.43   	 16.17   	 24.72   	  86.47		
 35.71   	 27.77   	 25.07   	  91.56		
 36.01   	 30.21   	 25.43   	  76.30		
 32.65   	 25.94   	 25.74   	  40.69		
 29.30   	 20.75   	 25.90   	   0.00		
 29.60   	 18.92   	 25.90   	 -40.69		
 33.87   	 20.14   	 25.74   	 -76.30		
 39.06   	 20.14   	 25.43   	 -86.47		
 41.20   	 16.17   	 25.09   	 -81.38		
 39.37   	 10.38   	 24.76   	 -55.95		
 35.10   	  6.41   	 24.54   	 -30.52		
 31.74   	  7.32   	 24.41   	   5.09		
 30.52   	 11.90   	 24.44   	  25.43		
 31.13   	 15.56   	 24.54   	  45.78		
 30.82   	 16.48   	 24.72   	  50.86		
 28.08   	 15.26   	 24.92   	  50.86		
 24.11   	 14.34   	 25.13   	  61.04		
 21.97   	 17.09   	 25.37   	  61.04		
 22.89   	 22.89   	 25.62   	  71.21		
 25.94   	 29.30   	 25.90   	  66.12		
 28.38   	 32.35   	 26.16   	  55.95		
 27.77   	 28.99   	 26.39   	  40.69		
 23.50   	 20.45   	 26.55   	  15.26		
 16.48   	 11.60   	 26.61(A)	 -25.43		
  9.77   	  7.32   	 26.51   	 -76.30		
  5.49   	  9.16   	 26.21   	-142.42		
  5.80   	 13.73   	 25.64   	-188.20		
  9.77   	 14.95   	 24.88   	-228.89		
 14.95   	 10.07   	 23.97   	-233.98		
 16.48   	  1.22   	 23.03   	-218.72		
  9.77   	 -7.63   	 22.16   	-172.94		
 -4.27   	-11.29   	 21.46   	-116.99		
-21.36   	 -9.77   	 21.00   	 -71.21		
-35.10   	 -6.71   	 20.71   	 -25.43		
-42.11   	 -6.41   	 20.61   	   0.00		
-44.25   	-10.38   	 20.61   	   0.00		
-46.39   	-18.31   	 20.61   	 -10.17		
-51.88   	-27.77   	 20.57   	 -35.61		
-60.73   	-34.48   	 20.43   	 -61.04		
-69.27   	-34.48   	 20.18   	 -81.38		
-75.38   	-26.25   	 19.86   	 -91.56		
-80.57   	-11.29   	 19.49   	 -86.47		
-87.28   	  5.49   	 19.15   	 -76.30		
-96.74   	 19.53   	 18.84   	 -55.95		
-106.51   	 26.86   	 18.62   	 -35.61		
-112.61   	 28.38   	 18.47   	 -20.35		
-113.83   	 25.94   	 18.39   	  -5.09		
-112.30   	 23.50   	 18.37   	   0.00		
-110.78   	 24.41   	 18.37   	   0.00		
-110.47   	 30.52   	 18.37   	  -5.09		
-107.42   	 43.33   	 18.35   	  -5.09		
-97.05   	 59.51   	 18.33   	 -10.17		
-78.13   	 74.77   	 18.29   	 -10.17		
-54.02   	 86.06   	 18.25   	 -10.17		
-30.21   	 93.99   	 18.21   	   0.00		
-10.07   	101.62   	 18.21   	   5.09		
  6.41   	111.39   	 18.23   	  15.26		
 22.28   	122.38   	 18.29   	  20.35		
 38.76   	130.31   	 18.37   	  25.43		
 54.93   	131.23   	 18.47   	  30.52		
 68.66   	125.73   	 18.60   	  30.52		
 78.74   	115.97   	 18.72   	  30.52		
 83.92   	103.76   	 18.84   	  35.61		
 83.92   	 90.94   	 18.98   	  30.52		
 80.26   	 81.18   	 19.10   	  40.69		
 75.07   	 78.13   	 19.27   	  40.69		
 71.41   	 84.23   	 19.43   	  50.86		
 71.11   	 99.18   	 19.63   	  55.95		
 74.16   	116.88   	 19.86   	  61.04		
 76.60   	128.17   	 20.10   	  66.12		
 75.99   	127.87   	 20.37   	  66.12		
 73.24   	116.27   	 20.63   	  61.04		
 71.41   	 99.49   	 20.87   	  50.86		
 72.63   	 84.84   	 21.08   	  30.52		
 76.29   	 77.82   	 21.20   	  15.26		
 79.04   	 78.13   	 21.26   	  -5.09		
 77.21   	 81.18   	 21.24   	 -15.26		
 70.50   	 83.92   	 21.18   	 -10.17		
 62.56   	 84.53   	 21.14   	   0.00		
 58.59   	 84.53   	 21.14   	  20.35		
 61.65   	 86.36   	 21.22   	  40.69		
 70.19   	 90.33   	 21.38   	  50.86		
 79.65   	 95.21   	 21.59   	  40.69		
 84.23   	 97.96   	 21.75   	  30.52		
 81.48   	 95.21   	 21.87   	  10.17		
 72.33   	 86.06   	 21.91   	  -5.09		
 60.73   	 73.85   	 21.89   	   5.09		
 50.35   	 64.09   	 21.91   	  35.61		
 44.56   	 60.12   	 22.05   	  76.30		
 44.86   	 62.26   	 22.36   	 127.16		
 49.74   	 67.75   	 22.87   	 183.11		
 54.93   	 73.55   	 23.60   	 218.72		
 58.29   	 79.35   	 24.48   	 233.98		
 59.81   	 85.14   	 25.41   	 218.72		
 60.73   	 90.03   	 26.29   	 178.03		
 62.87   	 91.25   	 27.00   	 132.25		
 65.31   	 87.89   	 27.53   	  66.12		
 65.00   	 80.87   	 27.79   	  10.17		
 59.81   	 72.94   	 27.83(V)	 -25.43		
 52.19   	 67.75   	 27.73   	 -45.78		
 46.08   	 66.83   	 27.55   	 -50.86		
 43.95   	 69.27   	 27.34   	 -40.69		
 45.78   	 72.33   	 27.18   	 -15.26		
 49.44   	 73.55   	 27.12   	   0.00		
 52.49   	 73.24   	 27.12   	  15.26		
 54.02   	 72.94   	 27.18   	  20.35		
 54.02   	 74.46   	 27.26   	  20.35		
 52.49   	 75.99   	 27.34   	  10.17		
 50.05   	 75.68   	 27.39   	 -15.26		
 47.91   	 72.02   	 27.32   	 -40.69		
 49.13   	 70.19   	 27.16   	 -71.21		
 55.24   	 77.82   	 26.88   	-111.90		
 64.09   	 96.44   	 26.43   	-137.33		
 71.72   	119.63   	 25.88   	-157.68		
 75.07   	136.11   	 25.25   	-172.94		
 74.16   	140.08   	 24.56   	-162.77		
 72.63   	137.02   	 23.91   	-157.68		
 75.99   	141.60   	 23.28   	-137.33		
 84.53   	162.66   	 22.73   	-111.90		
 96.74   	196.53   	 22.28   	 -96.64		
109.25   	229.19   	 21.89   	 -76.30		
119.32   	247.80   	 21.59   	 -71.21		
126.34   	250.24   	 21.30   	 -61.04		
132.14   	244.14   	 21.06   	 -66.12		
138.55   	240.17   	 20.79   	 -66.12		
145.57   	242.61   	 20.53   	 -71.21		
151.37   	248.11   	 20.24   	 -76.30		
153.20   	250.24   	 19.94   	 -76.30		
150.15   	243.84   	 19.63   	 -76.30		
141.60   	228.27   	 19.33   	 -66.12		
127.56   	205.08   	 19.06   	 -61.04		
108.64   	177.92   	 18.82   	 -55.95		
 84.53   	149.84   	 18.60   	 -50.86		
 57.68   	122.68   	 18.39   	 -45.78		
 34.18   	 97.96   	 18.21   	 -45.78		
 20.75   	 77.82   	 18.03   	 -50.86		
 19.23   	 63.78   	 17.82   	 -55.95		
 26.25   	 55.54   	 17.60   	 -61.04		
 33.87   	 49.74   	 17.35   	 -61.04		
 34.79   	 41.50   	 17.11   	 -66.12		
 28.08   	 29.60   	 16.85   	 -61.04		
 20.14   	 18.01   	 16.60   	 -50.86		
 16.78   	 11.90   	 16.40   	 -40.69		
 19.53   	 14.04   	 16.24   	 -20.35		
 23.50   	 20.14   	 16.15   	  -5.09		
 24.72   	 25.63   	 16.13   	  15.26		
 22.89   	 29.60   	 16.20   	  30.52		
 18.62   	 36.32   	 16.32   	  40.69		
 11.29   	 51.88   	 16.48   	  45.78		
 -1.83   	 76.29   	 16.66   	  50.86		
-15.56   	 99.18   	 16.87   	  50.86		
 -9.77   	109.56   	 17.07   	  40.69		
 45.17   	107.42   	 17.23   	  40.69		
165.71   	107.12   	 17.40   	  35.61		
329.90   	134.58   	 17.54   	  35.61		
479.13   	209.96   	 17.68   	  45.78		
549.01   	328.37   	 17.86   	  40.69		
510.25   	456.85   	 18.03   	  55.95		
385.74   	549.01   	 18.25   	  55.95		
235.90   	569.15(R)	 18.47   	  55.95		
118.41   	511.78   	 18.70   	  66.12		
 58.29   	404.66   	 18.96   	  55.95		
 45.17   	291.75   	 19.19   	  61.04		
 53.71   	210.88   	 19.43   	  50.86		
 61.95   	176.09   	 19.63   	  45.78		
 56.46   	171.20   	 19.82   	  35.61		
 32.65   	164.18   	 19.96   	  30.52		
 -7.63   	128.78   	 20.08   	  30.52		
-56.15   	 60.73   	 20.20   	  30.52		
-96.44   	-17.09   	 20.33   	  30.52		
-112.00   	-72.33   	 20.45   	  30.52		
-96.44   	-85.45   	 20.57   	  35.61		
-57.98   	-63.17   	 20.71   	  35.61		
-15.87   	-29.91   	 20.85   	  35.61		
 11.29   	-10.68   	 21.00   	  35.61		
 17.09   	-10.99   	 21.14   	  45.78		
  9.46   	-20.75   	 21.32   	  61.04		
  1.53   	-26.25   	 21.57   	  81.38		
  2.44   	-22.28   	 21.89   	  91.56		
 10.68   	-13.12   	 22.26   	  91.56		
 18.92   	 -7.02   	 22.62   	  66.12		
 19.53   	 -8.24   	 22.89   	  25.43		
 12.51   	-14.34   	 22.99   	 -15.26		
  4.27   	-21.06   	 22.93   	 -61.04		
  0.92   	-23.19   	 22.69   	 -91.56		
  2.44   	-20.45   	 22.32   	 -96.64		
  4.58   	-15.87   	 21.93   	 -81.38		
  4.88   	-13.73   	 21.61   	 -50.86		
  3.05   	-15.56   	 21.40   	 -10.17		
  3.66   	-18.01   	 21.36   	  35.61		
  8.24   	-16.78   	 21.51   	  76.30		
 15.26   	-10.68   	 21.81   	  96.64		
 19.84   	 -5.19   	 22.20   	 106.82		
 19.84   	 -5.49   	 22.62   	 101.73		
 16.17   	-11.60   	 23.03   	  91.56		
 12.21   	-17.70   	 23.40   	  61.04		
  9.77   	-16.78   	 23.64   	  35.61		
  7.93   	 -8.24   	 23.78(A)	   0.00		
  4.27   	  1.53   	 23.78   	 -20.35		
 -0.31   	  6.71   	 23.70   	 -30.52		
 -3.05   	  4.27   	 23.58   	 -40.69		
 -1.22   	 -2.44   	 23.42   	 -45.78		
  4.58   	 -9.46   	 23.23   	 -66.12		
  8.54   	-14.34   	 22.97   	 -91.56		
  6.10   	-17.70   	 22.60   	-116.99		
 -3.05   	-19.23   	 22.14   	-137.33		
-15.87   	-19.53   	 21.59   	-152.59		
-26.86   	-19.84   	 20.98   	-152.59		
-32.96   	-21.36   	 20.37   	-132.25		
-34.79   	-25.33   	 19.84   	-111.90		
-35.71   	-31.74   	 19.39   	 -76.30		
-37.54   	-38.45   	 19.08   	 -50.86		
-41.50   	-43.03   	 18.88   	 -30.52		
-46.08   	-43.95   	 18.76   	 -20.35		
-52.19   	-41.81   	 18.68   	 -20.35		
-59.51   	-39.06   	 18.60   	 -25.43		
-68.05   	-37.84   	 18.49   	 -45.78		
-77.51   	-40.28   	 18.31   	 -55.95		
-87.89   	-45.17   	 18.09   	 -61.04		
-97.66   	-48.52   	 17.84   	 -71.21		
-106.51   	-47.61   	 17.56   	 -66.12		
-113.83   	-42.11   	 17.29   	 -55.95		
-119.63   	-35.40   	 17.07   	 -50.86		
-125.12   	-29.60   	 16.87   	 -35.61		
-131.23   	-24.72   	 16.72   	 -25.43		
-137.02   	-17.70   	 16.62   	 -20.35		
-140.69   	 -6.71   	 16.54   	 -20.35		
-139.16   	  7.02   	 16.46   	 -15.26		
-131.53   	 20.45   	 16.40   	 -15.26		
-119.63   	 31.74   	 16.34   	 -20.35		
-107.12   	 40.89   	 16.26   	 -20.35		
-94.91   	 48.52   	 16.17   	 -15.26		
-81.79   	 54.63   	 16.11   	 -10.17		
-64.70   	 59.81   	 16.07   	  -5.09		
-41.81   	 65.92   	 16.05   	   5.09		
-15.87   	 73.55   	 16.07   	  10.17		
  7.63   	 82.40   	 16.11   	  20.35		
 24.72   	 89.11   	 16.20   	  20.35		
 34.79   	 91.25   	 16.28   	  25.43		
 39.98   	 89.42   	 16.38   	  25.43		
 44.25   	 86.98   	 16.48   	  30.52		
 49.13   	 87.59   	 16.60   	  25.43		
 54.02   	 90.64   	 16.70   	  30.52		
 57.07   	 92.16   	 16.83   	  35.61		
 57.98   	 88.81   	 16.97   	  35.61		
 58.29   	 81.48   	 17.11   	  50.86		
 58.90   	 74.77   	 17.31   	  50.86		
 59.81   	 72.33   	 17.52   	  61.04		
 59.20   	 75.07   	 17.76   	  66.12		
 56.76   	 78.43   	 18.03   	  66.12		
 54.02   	 80.57   	 18.29   	  61.04		
 52.49   	 80.26   	 18.54   	  55.95		
 53.10   	 78.43   	 18.76   	  35.61		
 53.71   	 74.46   	 18.90   	  25.43		
 51.57   	 66.83   	 19.00   	   5.09		
 47.91   	 57.07   	 19.02   	  -5.09		
 45.78   	 50.35   	 19.00   	  -5.09		
 48.52   	 52.80   	 18.98   	  10.17		
 54.32   	 63.78   	 19.02   	  30.52		
 58.29   	 75.99   	 19.15   	  50.86		
 56.46   	 81.18   	 19.35   	  71.21		
 49.44   	 76.60   	 19.63   	  81.38		
 41.81   	 68.05   	 19.96   	  71.21		
 38.45   	 62.87   	 20.24   	  55.95		
 39.37   	 63.17   	 20.47   	  35.61		
 41.50   	 65.61   	 20.61   	  15.26		
 42.11   	 65.31   	 20.67   	   5.09		
 39.67   	 60.12   	 20.69   	  10.17		
 35.40   	 51.88   	 20.73   	  40.69		
 31.43   	 43.95   	 20.90   	  86.47		
 28.99   	 37.54   	 21.24   	 137.33		
 28.69   	 33.26   	 21.79   	 188.20		
 30.21   	 31.74   	 22.54   	 218.72		
 32.65   	 32.96   	 23.42   	 228.89		
 34.48   	 37.54   	 24.33   	 218.72		
 35.71   	 45.17   	 25.21   	 183.11		
 36.62   	 53.71   	 25.94   	 132.25		
 36.93   	 61.04   	 26.47   	  76.30		
 36.01   	 64.70   	 26.78   	  30.52		
 32.35   	 61.95   	 26.90(V)	 -10.17		
 26.25   	 53.71   	 26.86   	 -20.35		
 20.45   	 43.33   	 26.78   	 -30.52		
 19.23   	 35.40   	 26.65   	 -10.17		
 23.80   	 33.57   	 26.61   	  -5.09		
 30.82   	 37.54   	 26.59   	  10.17		
 35.40   	 44.25   	 26.63   	  15.26		
 33.57   	 49.44   	 26.69   	  -5.09		
 27.47   	 52.80   	 26.67   	 -25.43		
 22.28   	 54.02   	 26.57   	 -61.04		
 21.67   	 54.63   	 26.33   	 -91.56		
 25.94   	 55.24   	 25.96   	-116.99		
 32.35   	 57.07   	 25.49   	-137.33		
 37.23   	 61.95   	 24.94   	-142.42		
 40.28   	 71.41   	 24.37   	-137.33		
 42.11   	 85.45   	 23.82   	-122.07		
 43.33   	100.40   	 23.34   	-101.73		
 45.17   	112.92   	 22.93   	 -76.30		
 48.52   	122.07   	 22.62   	 -66.12		
 54.93   	130.31   	 22.36   	 -50.86		
 64.70   	141.91   	 22.16   	 -45.78		
 75.99   	159.00   	 21.97   	 -50.86		
 84.84   	179.14   	 21.77   	 -55.95		
 89.72   	198.36   	 21.55   	 -55.95		
 92.16   	211.79   	 21.32   	 -66.12		
 95.21   	217.90   	 21.06   	 -71.21		
101.01   	219.12   	 20.77   	 -66.12		
109.25   	220.03   	 20.51   	 -61.04		
117.49   	223.39   	 20.26   	 -50.86		
125.12   	229.49   	 20.06   	 -45.78		
131.23   	234.68   	 19.88   	 -40.69		
133.06   	234.68   	 19.72   	 -35.61		
126.04   	227.05   	 19.57   	 -25.43		
106.81   	211.18   	 19.47   	 -25.43		
 77.51   	186.46   	 19.37   	 -25.43		
 45.17   	153.50   	 19.27   	 -25.43		
 19.53   	113.83   	 19.17   	 -30.52		
  5.49   	 72.33   	 19.04   	 -40.69		
  3.05   	 36.93   	 18.88   	 -40.69		
  7.02   	 13.73   	 18.72   	 -50.86		
 11.60   	  4.88   	 18.51   	 -61.04		
 12.82   	  5.80   	 18.27   	 -55.95		
 10.68   	 10.07   	 18.05   	 -61.04		
  6.71   	 12.82   	 17.80   	 -50.86		
  4.27   	 12.51   	 17.60   	 -35.61		
  4.27   	 10.68   	 17.46   	 -15.26		
  5.49   	  9.16   	 17.40   	   5.09		
  6.10   	  8.54   	 17.42   	  35.61		
  4.58   	  9.46   	 17.56   	  55.95		
  0.31   	 12.82   	 17.78   	  81.38		
 -8.24   	 20.45   	 18.11   	  81.38		
-22.89   	 34.18   	 18.43   	  86.47		
-39.98   	 52.19   	 18.78   	  71.21		
-43.33   	 68.66   	 19.06   	  55.95		
 -7.02   	 80.57   	 19.29   	  40.69		
 88.50   	 91.86   	 19.45   	  20.35		
234.99   	116.58   	 19.53   	  20.35		
387.88   	172.73   	 19.61   	  20.35		
485.53   	266.11   	 19.69   	  30.52		
487.37   	380.25   	 19.82   	  50.86		
398.86   	480.96   	 20.02   	  71.21		
267.64   	532.23(R)	 20.31   	  81.38		
149.84   	515.14   	 20.63   	  91.56		
 78.74   	438.84   	 21.00   	  96.64		
 53.71   	334.78   	 21.38   	  86.47		
 53.41   	240.17   	 21.73   	  76.30		
 56.46   	180.97   	 22.03   	  61.04		
 51.88   	158.39   	 22.28   	  45.78		
 34.48   	151.06   	 22.46   	  30.52		
  1.83   	130.31   	 22.58   	  25.43		
-43.64   	 78.13   	 22.69   	  15.26		
-90.33   	  1.53   	 22.75   	  20.35		
-120.24   	-70.19   	 22.83   	  30.52		
-119.93   	-107.73   	 22.95   	  35.61		
-91.55   	-104.06   	 23.09   	  50.86		
-52.19   	-75.99   	 23.30   	  50.86		
-21.67   	-50.05   	 23.50   	  50.86		
-10.68   	-41.81   	 23.70   	  61.04		
-14.04   	-47.61   	 23.95   	  66.12		
-19.84   	-54.02   	 24.21   	  86.47		
-19.23   	-52.19   	 24.56   	  96.64		
-11.90   	-41.50   	 24.94   	 101.73		
 -3.05   	-29.30   	 25.35   	 106.82		
  1.83   	-21.36   	 25.78   	  86.47		
  0.92   	-18.62   	 26.12   	  50.86		
 -2.75   	-19.23   	 26.33   	  10.17		
 -4.88   	-20.75   	 26.37   	 -25.43		
 -3.66   	-21.67   	 26.27   	 -50.86		
  0.92   	-19.84   	 26.06   	 -61.04		
  7.02   	-15.56   	 25.82   	 -55.95		
 11.90   	-11.60   	 25.60   	 -30.52		
 13.43   	-11.60   	 25.47   	  -5.09		
 10.07   	-17.70   	 25.45   	  25.43		
  2.75   	-27.77   	 25.55   	  40.69		
 -6.41   	-38.15   	 25.72   	  55.95		
-13.43   	-43.64   	 25.94   	  50.86		
-15.26   	-41.20   	 26.14   	  45.78		
-12.51   	-32.96   	 26.33   	  45.78		
 -8.24   	-22.89   	 26.51   	  45.78		
 -4.27   	-14.95   	 26.69   	  50.86		
 -1.83   	-11.60   	 26.90   	  61.04		
 -0.61   	-12.21   	 27.14   	  71.21		
 -0.31   	-15.87   	 27.43   	  66.12		
 -2.75   	-21.06   	 27.69   	  50.86		
 -8.54   	-26.55   	 27.89   	  20.35		
-15.56   	-31.13   	 27.98(A)	 -25.43		
-20.75   	-32.96   	 27.87   	 -86.47		
-21.06   	-29.60   	 27.53   	-152.59		
-18.62   	-22.28   	 26.92   	-208.54		
-17.09   	-13.73   	 26.08   	-233.98		
-19.53   	 -8.54   	 25.15   	-233.98		
-25.63   	-10.07   	 24.21   	-208.54		
-33.57   	-20.14   	 23.38   	-152.59		
-42.42   	-36.62   	 22.77   	-101.73		
-51.88   	-54.93   	 22.36   	 -45.78		
-61.34   	-69.27   	 22.18   	  -5.09		
-70.19   	-75.68   	 22.16   	   5.09		
-76.90   	-73.85   	 22.18   	  10.17		
-82.09   	-67.44   	 22.22   	 -10.17		
-88.20   	-61.04   	 22.18   	 -30.52		
-96.74   	-58.59   	 22.05   	 -50.86		
-107.73   	-59.51   	 21.85   	 -61.04		
-118.71   	-60.73   	 21.61   	 -66.12		
-127.56   	-58.29   	 21.34   	 -61.04		
-133.67   	-49.74   	 21.10   	 -45.78		
-138.24   	-36.93   	 20.92   	 -25.43		
-141.30   	-22.89   	 20.81   	 -10.17		
-143.43   	-13.12   	 20.77   	   0.00		
-144.65   	-10.07   	 20.77   	  10.17		
-144.35   	-12.21   	 20.81   	   5.09		
-142.52   	-14.04   	 20.83   	   5.09		
-137.94   	-10.68   	 20.85   	  -5.09		
-130.00   	  1.83   	 20.83   	 -15.26		
-117.49   	 23.80   	 20.77   	 -10.17		
-100.40   	 50.96   	 20.73   	 -15.26		
-79.65   	 76.60   	 20.67   	  -5.09		
-55.85   	 94.60   	 20.65   	   5.09		
-30.52   	100.71   	 20.67   	  15.26		
 -6.41   	 95.83   	 20.73   	  25.43		
 14.34   	 86.06   	 20.83   	  30.52		
 30.52   	 76.60   	 20.96   	  40.69		
 40.89   	 70.80   	 21.12   	  40.69		
 46.08   	 67.75   	 21.28   	  35.61		
 46.08   	 65.61   	 21.42   	  40.69		
 42.72   	 64.70   	 21.59   	  35.61		
 39.06   	 66.83   	 21.73   	  40.69		
 39.06   	 73.55   	 21.89   	  40.69		
 45.78   	 83.01   	 22.05   	  45.78		
 56.76   	 90.94   	 22.24   	  50.86		
 66.22   	 92.16   	 22.44   	  61.04		
 67.75   	 84.84   	 22.69   	  66.12		
 60.42   	 70.80   	 22.95   	  71.21		
 49.44   	 56.15   	 23.23   	  66.12		
 41.81   	 46.39   	 23.50   	  55.95		
 41.81   	 44.86   	 23.72   	  40.69		
 47.61   	 51.88   	 23.89   	  25.43		
 53.41   	 64.39   	 23.99   	   5.09		
 54.93   	 77.21   	 24.01   	 -15.26		
 51.27   	 84.84   	 23.95   	 -15.26		
 46.08   	 85.45   	 23.89   	 -15.26		
 42.72   	 80.26   	 23.82   	  10.17		
 42.72   	 72.02   	 23.87   	  25.43		
 43.95   	 62.26   	 23.97   	  45.78		
 44.86   	 53.41   	 24.15   	  50.86		
 44.25   	 46.39   	 24.35   	  40.69		
 43.03   	 43.64   	 24.52   	  25.43		
 42.11   	 47.61   	 24.62   	   5.09		
 42.11   	 56.76   	 24.64   	  10.17		
 42.11   	 66.53   	 24.68   	  30.52		
 40.59   	 71.11   	 24.80   	  71.21		
 38.15   	 68.36   	 25.09   	 122.07		
 35.10   	 59.81   	 25.57   	 178.03		
 32.96   	 50.96   	 26.29   	 228.89		
 30.82   	 45.17   	 27.20   	 249.24		
 30.21   	 43.95   	 28.20   	 244.15		
 30.52   	 46.39   	 29.18   	 208.54		
 32.35   	 50.05   	 30.01   	 157.68		
 35.10   	 51.57   	 30.64   	  86.47		
 36.32   	 49.74   	 30.99   	  25.43		
 34.79   	 45.47   	 31.09(V)	 -20.35		
 30.52   	 42.11   	 31.01   	 -50.86		
 25.63   	 42.72   	 30.80   	 -55.95		
 23.50   	 46.39   	 30.58   	 -35.61		
 25.02   	 50.05   	 30.44   	 -20.35		
 27.47   	 50.35   	 30.36   	   0.00		
 28.99   	 47.61   	 30.36   	  15.26		
 27.16   	 44.86   	 30.42   	  15.26		
 22.58   	 43.33   	 30.48   	  -5.09		
 18.01   	 40.89   	 30.46   	 -30.52		
 16.17   	 36.01   	 30.34   	 -50.86		
 17.09   	 31.43   	 30.13   	 -66.12		
 19.53   	 32.35   	 29.87   	 -71.21		
 22.58   	 40.89   	 29.58   	 -71.21		
 25.33   	 52.80   	 29.30   	 -71.21		
 27.47   	 61.04   	 29.01   	 -76.30		
 29.60   	 59.81   	 28.71   	 -91.56		
 31.43   	 50.05   	 28.34   	-116.99		
 32.04   	 37.54   	 27.87   	-142.42		
 32.04   	 28.99   	 27.30   	-172.94		
 31.43   	 27.16   	 26.61   	-188.20		
 29.91   	 31.13   	 25.86   	-198.37		
 26.55   	 38.15   	 25.07   	-188.20		
 22.28   	 44.86   	 24.31   	-172.94		
 20.45   	 51.27   	 23.62   	-142.42		
 22.58   	 57.98   	 23.05   	-111.90		
 27.77   	 66.53   	 22.60   	 -76.30		
 31.74   	 78.43   	 22.30   	 -55.95		
 33.87   	 92.77   	 22.08   	 -45.78		
 36.01   	106.81   	 21.89   	 -40.69		
 41.50   	117.80   	 21.73   	 -45.78		
 49.74   	123.29   	 21.55   	 -55.95		
 57.98   	126.04   	 21.32   	 -66.12		
 62.26   	133.06   	 21.06   	 -76.30		
 64.09   	151.37   	 20.75   	 -76.30		
 68.66   	181.27   	 20.45   	 -81.38		
 79.65   	213.93   	 20.12   	 -66.12		
 94.30   	234.99   	 19.86   	 -61.04		
107.42   	238.04   	 19.61   	 -45.78		
115.97   	227.97   	 19.43   	 -35.61		
120.85   	216.67   	 19.29   	 -30.52		
125.73   	212.40   	 19.17   	 -20.35		
131.53   	213.32   	 19.08   	 -25.43		
134.28   	211.49   	 18.98   	 -30.52		
126.65   	199.58   	 18.86   	 -30.52		
105.59   	177.92   	 18.74   	 -40.69		
 74.16   	151.37   	 18.58   	 -35.61		
 41.81   	124.82   	 18.43   	 -40.69		
 17.70   	 98.27   	 18.27   	 -35.61		
  5.80   	 70.80   	 18.13   	 -30.52		
  3.05   	 43.33   	 18.01   	 -30.52		
  3.66   	 21.67   	 17.88   	 -35.61		
  3.66   	 10.07   	 17.74   	 -30.52		
  1.83   	  7.93   	 17.62   	 -35.61		
 -0.61   	  8.24   	 17.48   	 -35.61		
 -1.53   	  4.58   	 17.33   	 -30.52		
 -1.22   	 -3.36   	 17.21   	 -25.43		
 -0.61   	-11.29   	 17.11   	  -5.09		
 -0.92   	-14.34   	 17.09   	  15.26		
 -2.75   	-12.82   	 17.15   	  30.52		
 -5.49   	 -9.46   	 17.27   	  50.86		
 -7.93   	 -5.49   	 17.48   	  61.04		
-10.68   	  1.53   	 17.72   	  61.04		
-17.70   	 17.40   	 17.97   	  55.95		
-30.21   	 42.72   	 18.19   	  45.78		
-40.59   	 69.89   	 18.37   	  30.52		
-29.30   	 87.59   	 18.49   	  25.43		
 28.69   	 92.47   	 18.60   	  20.35		
145.87   	 94.60   	 18.68   	  25.43		
300.90   	116.88   	 18.78   	  30.52		
441.28   	180.66   	 18.90   	  45.78		
508.73   	285.64   	 19.08   	  50.86		
474.85   	404.66   	 19.29   	  66.12		
360.72   	494.08   	 19.55   	  61.04		
221.56   	517.58(R)	 19.80   	  66.12		
111.69   	468.75   	 20.06   	  61.04		
 54.93   	374.45   	 20.31   	  50.86		
 40.89   	275.27   	 20.51   	  40.69		
 44.25   	203.55   	 20.67   	  40.69		
 45.47   	168.15   	 20.83   	  40.69		
 36.32   	154.11   	 21.00   	  35.61		
 14.34   	134.28   	 21.14   	  35.61		
-22.28   	 89.42   	 21.28   	  35.61		
-68.97   	 17.40   	 21.42   	  35.61		
-112.61   	-62.56   	 21.57   	  45.78		
-135.19   	-119.63   	 21.75   	  50.86		
-126.34   	-133.06   	 21.95   	  50.86		
-90.94   	-105.59   	 22.16   	  55.95		
-48.52   	-62.26   	 22.38   	  50.86		
-18.62   	-32.35   	 22.58   	  40.69		
 -8.24   	-28.99   	 22.75   	  35.61		
-11.60   	-44.86   	 22.89   	  35.61		
-17.70   	-63.48   	 23.03   	  40.69		
-21.06   	-71.41   	 23.19   	  50.86		
-21.36   	-65.92   	 23.40   	  55.95		
-21.36   	-53.41   	 23.62   	  45.78		
-21.97   	-40.28   	 23.80   	  30.52		
-21.67   	-32.65   	 23.93   	   5.09		
-19.53   	-32.65   	 23.95   	 -30.52		
-15.56   	-38.45   	 23.82   	 -61.04		
-12.21   	-45.47   	 23.58   	 -76.30		
 -9.77   	-50.05   	 23.28   	 -86.47		
 -9.16   	-50.96   	 22.93   	 -71.21		
 -9.16   	-50.66   	 22.64   	 -45.78		
 -9.46   	-51.27   	 22.46   	 -25.43		
 -8.85   	-50.05   	 22.36   	   0.00		
 -7.02   	-44.25   	 22.36   	  15.26		
 -5.49   	-34.79   	 22.42   	  35.61		
 -6.71   	-28.08   	 22.56   	  40.69		
-11.90   	-28.69   	 22.73   	  50.86		
-19.84   	-37.54   	 22.93   	  61.04		
-27.77   	-48.83   	 23.17   	  66.12		
-33.26   	-57.07   	 23.44   	  61.04		
-34.48   	-59.81   	 23.68   	  50.86		
-32.65   	-57.07   	 23.89   	  35.61		
-27.77   	-50.35   	 24.03   	  10.17		
-22.58   	-39.98   	 24.07(A)	 -20.35		
-20.14   	-29.30   	 23.99   	 -66.12		
-22.89   	-22.58   	 23.72   	-116.99		
-29.60   	-24.72   	 23.26   	-162.77		
-36.01   	-35.71   	 22.60   	-198.37		
-39.37   	-50.66   	 21.81   	-218.72		
-39.67   	-63.78   	 20.94   	-218.72		
-39.37   	-71.41   	 20.06   	-188.20		
-41.50   	-72.63   	 19.31   	-152.59		
-47.00   	-67.75   	 18.70   	-106.82		
-54.32   	-59.51   	 18.27   	 -61.04		
-61.65   	-51.27   	 18.03   	 -30.52		
-69.27   	-50.05   	 17.90   	 -10.17		
-79.04   	-61.95   	 17.86   	 -15.26		
-92.16   	-86.06   	 17.80   	 -20.35		
-106.51   	-112.30   	 17.72   	 -35.61		
-119.93   	-126.95   	 17.58   	 -50.86		
-129.39   	-119.32   	 17.38   	 -66.12		
-133.67   	-92.47   	 17.11   	 -71.21		
-136.11   	-61.34   	 16.83   	 -66.12		
-140.08   	-43.64   	 16.56   	 -66.12		
-147.71   	-47.00   	 16.30   	 -55.95		
-157.17   	-63.78   	 16.07   	 -40.69		
-165.10   	-77.82   	 15.91   	 -35.61		
-168.46   	-77.21   	 15.77   	 -30.52		
-167.24   	-61.65   	 15.65   	 -25.43		
-163.27   	-40.59   	 15.54   	 -25.43		
-158.39   	-22.89   	 15.44   	 -30.52		
-151.98   	-10.99   	 15.32   	 -30.52		
-142.52   	 -2.75   	 15.20   	 -30.52		
-128.48   	  3.97   	 15.08   	 -30.52		
-110.47   	  9.46   	 14.95   	 -30.52		
-90.33   	 15.26   	 14.83   	 -20.35		
-69.89   	 23.50   	 14.75   	 -15.26		
-49.44   	 34.18   	 14.69   	   0.00		
-29.91   	 45.47   	 14.69   	   0.00		
-11.90   	 53.41   	 14.69   	  15.26		
  3.05   	 56.46   	 14.75   	  15.26		
 14.04   	 57.68   	 14.81   	  25.43		
 21.36   	 60.42   	 14.91   	  25.43		
 27.77   	 62.87   	 15.02   	  25.43		
 33.87   	 60.12   	 15.12   	  30.52		
 38.15   	 49.13   	 15.24   	  25.43		
 40.28   	 34.18   	 15.34   	  30.52		
 39.98   	 24.11   	 15.46   	  35.61		
 37.54   	 23.80   	 15.61   	  35.61		
 34.48   	 32.04   	 15.75   	  35.61		
 32.65   	 43.03   	 15.89   	  45.78		
 32.65   	 49.44   	 16.07   	  45.78		
 34.48   	 48.83   	 16.26   	  50.86		
 37.23   	 43.33   	 16.46   	  35.61		
 39.06   	 35.71   	 16.60   	  30.52		
 36.93   	 27.77   	 16.72   	  10.17		
 32.04   	 23.80   	 16.76   	  -5.09		
 27.16   	 25.63   	 16.74   	 -20.35		
 25.02   	 34.48   	 16.66   	 -25.43		
 26.55   	 44.86   	 16.56   	 -10.17		
 29.30   	 49.74   	 16.52   	   5.09		
 31.74   	 46.08   	 16.54   	  30.52		
 32.04   	 36.01   	 16.66   	  50.86		
 31.13   	 25.02   	 16.87   	  61.04		
 29.60   	 20.75   	 17.11   	  50.86		
 27.47   	 23.50   	 17.31   	  35.61		
 23.19   	 29.30   	 17.46   	  15.26		
 18.01   	 33.87   	 17.52   	 -10.17		
 14.65   	 34.79   	 17.48   	 -15.26		
 14.34   	 31.74   	 17.42   	   0.00		
 17.40   	 25.63   	 17.42   	  30.52		
 21.36   	 19.84   	 17.54   	  86.47		
 23.80   	 16.17   	 17.88   	 147.51		
 23.50   	 15.56   	 18.47   	 198.37		
 21.36   	 17.09   	 19.27   	 239.06		
 19.23   	 20.45   	 20.22   	 244.15		
 16.78   	 23.50   	 21.20   	 228.89		
 14.04   	 23.50   	 22.12   	 183.11		
 11.60   	 19.84   	 22.85   	 127.16		
  9.46   	 13.12   	 23.36   	  61.04		
  7.63   	  5.19   	 23.60   	   5.09		
  6.41   	 -2.14   	 23.62(V)	 -40.69		
  5.19   	 -8.24   	 23.46   	 -55.95		
  4.88   	-12.51   	 23.23   	 -61.04		
  5.80   	-13.73   	 22.99   	 -55.95		
  7.32   	-10.38   	 22.77   	 -40.69		
  8.85   	 -2.44   	 22.60   	 -25.43		
  8.85   	  5.49   	 22.50   	 -30.52		
  7.63   	  8.54   	 22.38   	 -40.69		
  6.71   	  5.49   	 22.22   	 -61.04		
  6.71   	  0.61   	 21.97   	 -91.56		
  5.80   	 -2.14   	 21.61   	-116.99		
  3.05   	 -2.14   	 21.14   	-142.42		
 -1.83   	 -1.53   	 20.57   	-157.68		
 -5.80   	 -1.53   	 19.94   	-162.77		
 -5.19   	  0.31   	 19.29   	-152.59		
  0.00   	  7.02   	 18.68   	-137.33		
  7.63   	 18.31   	 18.13   	-116.99		
 14.34   	 30.82   	 17.66   	 -96.64		
 18.31   	 41.20   	 17.27   	 -76.30		
 20.45   	 48.83   	 16.97   	 -71.21		
 21.06   	 55.24   	 16.68   	 -61.04		
 19.84   	 60.42   	 16.44   	 -66.12		
 17.40   	 63.48   	 16.17   	 -66.12		
 15.56   	 65.31   	 15.91   	 -76.30		
 16.78   	 69.89   	 15.61   	 -76.30		
 23.19   	 82.40   	 15.30   	 -71.21		
 33.26   	106.20   	 15.02   	 -66.12		
 44.86   	137.02   	 14.75   	 -61.04		
 55.54   	165.10   	 14.51   	 -45.78		
 63.17   	181.27   	 14.32   	 -40.69		
 67.75   	181.88   	 14.16   	 -30.52		
 71.11   	171.51   	 14.04   	 -20.35		
 75.38   	162.05   	 13.96   	 -25.43		
 83.31   	164.49   	 13.86   	 -25.43		
 93.99   	180.36   	 13.75   	 -30.52		
104.68   	201.42   	 13.63   	 -35.61		
109.56   	212.40   	 13.49   	 -35.61		
104.37   	201.42   	 13.35   	 -40.69		
 87.28   	169.98   	 13.18   	 -30.52		
 61.04   	130.00   	 13.06   	 -30.52		
 31.13   	 92.47   	 12.94   	 -25.43		
  4.88   	 61.65   	 12.84   	 -20.35		
-11.60   	 36.93   	 12.76   	 -15.26		
-17.70   	 14.95   	 12.70   	 -20.35		
-17.70   	 -3.97   	 12.61   	 -15.26		
-17.40   	-17.70   	 12.55   	 -25.43		
-20.45   	-26.55   	 12.45   	 -35.61		
-25.33   	-33.26   	 12.31   	 -35.61		
-26.86   	-37.54   	 12.17   	 -45.78		
-21.97   	-35.10   	 11.98   	 -45.78		
-12.51   	-23.19   	 11.80   	 -40.69		
 -3.97   	 -6.10   	 11.64   	 -35.61		
 -1.22   	  5.80   	 11.50   	 -15.26		
 -4.58   	  2.44   	 11.43   	   0.00		
-10.07   	-15.26   	 11.43   	  20.35		
-15.26   	-33.87   	 11.52   	  25.43		
-22.58   	-37.84   	 11.62   	  35.61		
-37.54   	-19.23   	 11.76   	  40.69		
-56.76   	 15.26   	 11.92   	  35.61		
-62.56   	 48.52   	 12.07   	  35.61		
-27.47   	 67.44   	 12.21   	  30.52		
 67.44   	 73.85   	 12.33   	  25.43		
211.49   	 86.36   	 12.43   	  30.52		
360.41   	131.53   	 12.55   	  25.43		
456.85   	224.61   	 12.66   	  35.61		
464.78   	352.78   	 12.80   	  35.61		
388.18   	476.07   	 12.94   	  40.69		
266.11   	544.43(R)	 13.10   	  45.78		
146.18   	526.12   	 13.29   	  50.86		
 61.95   	431.82   	 13.49   	  45.78		
 21.06   	307.01   	 13.67   	  50.86		
 12.21   	204.77   	 13.88   	  50.86		
 18.62   	155.64   	 14.08   	  45.78		
 24.11   	150.45   	 14.26   	  45.78		
 16.48   	150.45   	 14.45   	  35.61		
-10.38   	119.02   	 14.59   	  35.61		
-53.71   	 44.86   	 14.73   	  40.69		
-101.93   	-51.88   	 14.89   	  35.61		
-137.02   	-133.06   	 15.04   	  35.61		
-145.57   	-169.98   	 15.18   	  40.69		
-126.04   	-161.74   	 15.34   	  35.61		
-89.42   	-130.31   	 15.48   	  35.61		
-54.02   	-102.84   	 15.63   	  30.52		
-32.04   	-90.03   	 15.75   	  35.61		
-25.33   	-85.75   	 15.89   	  35.61		
-26.25   	-80.26   	 16.03   	  35.61		
-27.47   	-71.11   	 16.17   	  45.78		
-26.86   	-64.39   	 16.36   	  50.86		
-27.16   	-65.61   	 16.56   	  45.78		
-30.52   	-72.02   	 16.74   	  40.69		
-34.48   	-76.90   	 16.91   	  20.35		
-36.32   	-78.13   	 16.99   	   0.00		
-35.71   	-81.48   	 16.99   	 -10.17		
-34.18   	-90.94   	 16.95   	 -25.43		
-33.57   	-102.84   	 16.85   	 -25.43		
-34.79   	-107.73   	 16.74   	 -10.17		
-35.71   	-101.01   	 16.70   	  10.17		
-35.10   	-86.36   	 16.74   	  25.43		
-33.26   	-72.33   	 16.85   	  45.78		
-31.43   	-65.31   	 17.03   	  55.95		
-30.52   	-65.00   	 17.25   	  61.04		
-29.60   	-67.44   	 17.50   	  66.12		
-28.38   	-69.58   	 17.76   	  71.21		
-26.86   	-70.19   	 18.05   	  71.21		
-26.25   	-69.58   	 18.33   	  61.04		
-29.30   	-69.58   	 18.58   	  40.69		
-36.93   	-72.63   	 18.74(A)	   0.00		
-46.69   	-79.65   	 18.74   	 -61.04		
-52.80   	-86.67   	 18.49   	-122.07		
-51.57   	-87.28   	 18.01   	-183.11		
-45.17   	-78.13   	 17.27   	-218.72		
-39.67   	-63.78   	 16.40   	-223.80		
-40.59   	-54.63   	 15.50   	-203.46		
-47.91   	-58.29   	 14.69   	-152.59		
-56.15   	-73.24   	 14.08   	 -96.64		
-60.73   	-90.64   	 13.69   	 -45.78		
-61.04   	-101.01   	 13.51   	   0.00		
-61.04   	-102.23   	 13.51   	  25.43		
-65.00   	-97.66   	 13.61   	  25.43		
-72.02   	-92.77   	 13.71   	   5.09		
-78.74   	-91.25   	 13.73   	 -15.26		
-81.79   	-93.08   	 13.67   	 -45.78		
-82.40   	-96.44   	 13.49   	 -61.04		
-85.14   	-99.18   	 13.25   	 -76.30		
-93.38   	-101.01   	 12.94   	 -71.21		
-108.03   	-103.76   	 12.66   	 -66.12		
-126.04   	-109.86   	 12.39   	 -50.86		
-142.82   	-118.41   	 12.19   	 -30.52		
-154.42   	-125.73   	 12.07   	 -25.43		
-160.22   	-125.73   	 11.96   	 -15.26		
-161.44   	-115.36   	 11.90   	 -10.17		
-160.83   	-97.96   	 11.86   	 -15.26		
-160.22   	-81.48   	 11.80   	 -20.35		
-160.22   	-71.11   	 11.72   	 -25.43		
-159.61   	-66.22   	 11.62   	 -30.52		
-157.47   	-61.65   	 11.50   	 -30.52		
-153.20   	-54.32   	 11.37   	 -25.43		
-147.09   	-46.69   	 11.27   	 -25.43		
-139.47   	-40.89   	 11.17   	 -20.35		
-130.00   	-36.93   	 11.09   	 -10.17		
-119.63   	-30.21   	 11.05   	  -5.09		
-108.34   	-16.48   	 11.03   	   0.00		
-95.52   	  0.92   	 11.03   	  10.17		
-79.65   	 14.34   	 11.07   	  15.26		
-62.26   	 18.62   	 11.13   	  10.17		
-44.56   	 17.40   	 11.17   	  20.35		
-29.60   	 18.31   	 11.25   	  15.26		
-18.92   	 25.94   	 11.31   	  15.26		
-10.38   	 36.93   	 11.37   	  20.35		
 -0.92   	 44.56   	 11.45   	  20.35		
 10.38   	 43.95   	 11.54   	  25.43		
 20.45   	 37.54   	 11.64   	  30.52		
 25.02   	 30.52   	 11.76   	  30.52		
 21.06   	 27.16   	 11.88   	  40.69		
 11.60   	 26.25   	 12.04   	  45.78		
  1.53   	 23.80   	 12.23   	  45.78		
 -3.36   	 18.01   	 12.41   	  55.95		
 -3.05   	  9.77   	 12.63   	  55.95		
 -1.22   	  1.83   	 12.86   	  61.04		
 -0.92   	 -3.36   	 13.10   	  61.04		
 -2.75   	 -3.97   	 13.35   	  55.95		
 -4.88   	 -1.53   	 13.57   	  55.95		
 -4.88   	  2.44   	 13.79   	  45.78		
 -3.05   	  6.10   	 13.98   	  35.61		
 -0.61   	  9.16   	 14.12   	  35.61		
 -0.31   	 10.38   	 14.26   	  40.69		
 -2.14   	  9.46   	 14.43   	  35.61		
 -5.49   	  6.10   	 14.57   	  45.78		
 -8.54   	 -1.22   	 14.75   	  35.61		
-10.68   	-10.38   	 14.89   	  25.43		
-11.60   	-17.09   	 14.99   	   5.09		
-11.90   	-16.17   	 15.02   	 -15.26		
-11.90   	 -6.71   	 14.95   	 -20.35		
-11.90   	  6.10   	 14.87   	 -15.26		
-11.29   	 14.34   	 14.81   	  10.17		
-10.38   	 12.51   	 14.85   	  40.69		
 -9.77   	  2.14   	 15.02   	  86.47		
-10.68   	-10.68   	 15.36   	 132.25		
-13.73   	-18.62   	 15.89   	 167.85		
-18.62   	-18.92   	 16.56   	 193.29		
-23.50   	-13.12   	 17.33   	 203.46		
-26.55   	 -5.19   	 18.15   	 188.20		
-27.47   	  1.22   	 18.90   	 167.85		
-27.77   	  2.44   	 19.57   	 132.25		
-27.16   	 -1.83   	 20.10   	 101.73		
-25.02   	 -7.63   	 20.51   	  71.21		
-21.67   	-10.38   	 20.79   	  45.78		
-17.70   	 -7.63   	 20.98   	  40.69		
-14.95   	 -1.83   	 21.14   	  40.69		
-15.56   	  2.14   	 21.30   	  40.69		
-19.53   	  1.22   	 21.46   	  40.69		
-24.11   	 -3.05   	 21.63   	  40.69		
-25.63   	 -5.49   	 21.79   	  35.61		
-22.89   	 -3.36   	 21.93   	  20.35		
-17.70   	  1.22   	 22.01   	   5.09		
-13.73   	  4.88   	 22.03(V)	 -15.26		
-15.56   	  5.49   	 21.97   	 -35.61		
-22.28   	  5.19   	 21.83   	 -45.78		
-29.30   	  7.63   	 21.65   	 -61.04		
-31.43   	 13.12   	 21.40   	 -61.04		
-26.25   	 18.31   	 21.16   	 -55.95		
-17.09   	 19.84   	 20.94   	 -55.95		
-10.38   	 16.78   	 20.71   	 -45.78		
 -9.16   	 14.65   	 20.53   	 -40.69		
-11.60   	 21.36   	 20.37   	 -30.52		
-12.51   	 39.67   	 20.24   	 -25.43		
-10.07   	 64.09   	 20.14   	 -25.43		
 -5.19   	 85.14   	 20.04   	 -25.43		
  0.00   	 96.74   	 19.94   	 -30.52		
  5.49   	101.93   	 19.82   	 -35.61		
 12.51   	109.56   	 19.67   	 -45.78		
 20.75   	126.04   	 19.49   	 -50.86		
 28.69   	148.62   	 19.29   	 -55.95		
 34.48   	166.63   	 19.06   	 -50.86		
 37.54   	172.12   	 18.86   	 -50.86		
 41.50   	168.15   	 18.66   	 -45.78		
 48.52   	163.57   	 18.47   	 -35.61		
 58.29   	165.10   	 18.33   	 -30.52		
 66.83   	170.59   	 18.21   	 -25.43		
 68.66   	170.90   	 18.11   	 -25.43		
 61.95   	158.39   	 18.01   	 -20.35		
 47.30   	136.11   	 17.92   	 -25.43		
 27.77   	112.00   	 17.82   	 -20.35		
  6.10   	 91.55   	 17.74   	 -25.43		
-16.17   	 72.94   	 17.64   	 -20.35		
-36.32   	 50.66   	 17.56   	 -20.35		
-50.05   	 21.97   	 17.48   	 -20.35		
-54.02   	 -8.85   	 17.40   	 -20.35		
-49.13   	-34.48   	 17.31   	 -15.26		
-41.50   	-49.44   	 17.25   	 -15.26		
-38.15   	-53.71   	 17.19   	 -10.17		
-41.50   	-51.27   	 17.15   	 -10.17		
-49.13   	-45.47   	 17.11   	  -5.09		
-55.24   	-39.98   	 17.09   	   0.00		
-55.85   	-37.23   	 17.09   	  10.17		
-51.27   	-38.45   	 17.13   	  20.35		
-44.56   	-42.11   	 17.21   	  30.52		
-39.98   	-44.56   	 17.33   	  30.52		
-41.20   	-40.89   	 17.46   	  35.61		
-51.27   	-26.55   	 17.60   	  40.69		
-69.58   	 -2.75   	 17.76   	  30.52		
-88.81   	 23.19   	 17.88   	  30.52		
-91.25   	 40.89   	 18.01   	  25.43		
-54.02   	 46.69   	 18.11   	  20.35		
 36.62   	 49.44   	 18.19   	  20.35		
170.29   	 70.50   	 18.27   	  20.35		
306.09   	132.75   	 18.35   	  35.61		
391.24   	242.31   	 18.49   	  45.78		
391.24   	375.98   	 18.68   	  61.04		
309.45   	490.11   	 18.92   	  81.38		
188.29   	540.16(R)	 19.25   	  91.56		
 79.65   	507.20   	 19.61   	  96.64		
 16.17   	408.63   	 20.00   	  91.56		
 -1.22   	285.64   	 20.37   	  86.47		
  5.49   	182.50   	 20.71   	  76.30		
 11.90   	123.29   	 21.02   	  71.21		
  5.19   	102.84   	 21.30   	  55.95		
-16.17   	 94.91   	 21.53   	  45.78		
-49.13   	 70.19   	 21.71   	  45.78		
-89.11   	 14.04   	 21.89   	  45.78		
-126.95   	-64.09   	 22.08   	  40.69		
-151.06   	-134.58   	 22.24   	  40.69		
-150.45   	-169.68   	 22.40   	  40.69		
-126.04   	-161.13   	 22.56   	  50.86		
-90.33   	-125.43   	 22.77   	  50.86		
-62.26   	-90.94   	 22.97   	  50.86		
-52.19   	-77.51   	 23.17   	  55.95		
-57.37   	-85.75   	 23.40   	  61.04		
-66.83   	-100.40   	 23.64   	  61.04		
-70.80   	-106.20   	 23.89   	  61.04		
-67.75   	-98.57   	 24.13   	  61.04		
-61.95   	-84.23   	 24.37   	  50.86		
-57.07   	-71.41   	 24.58   	  45.78		
-52.80   	-65.31   	 24.76   	  40.69		
-47.61   	-63.78   	 24.92   	  35.61		
-41.20   	-63.17   	 25.07   	  35.61		
-36.32   	-62.87   	 25.21   	  35.61		
-36.93   	-63.17   	 25.35   	  45.78		
-42.72   	-64.70   	 25.53   	  50.86		
-50.96   	-66.22   	 25.74   	  61.04		
-57.37   	-66.22   	 25.98   	  66.12		
-59.51   	-64.09   	 26.25   	  66.12		
-57.07   	-60.73   	 26.51   	  61.04		
-50.96   	-57.98   	 26.75   	  45.78		
-45.47   	-58.90   	 26.94   	  25.43		
-44.56   	-64.09   	 27.04   	  10.17		
-50.35   	-73.85   	 27.08(A)	 -10.17		
-62.26   	-84.23   	 27.04   	 -25.43		
-73.24   	-90.94   	 26.94   	 -30.52		
-77.21   	-91.25   	 26.82   	 -25.43		
-70.80   	-85.45   	 26.71   	  -5.09		
-58.59   	-77.51   	 26.69   	  10.17		
-49.13   	-70.80   	 26.73   	  20.35		
-47.91   	-66.22   	 26.82   	  20.35		
-54.93   	-62.26   	 26.90   	 -10.17		
-64.39   	-59.20   	 26.86   	 -55.95		
-70.80   	-57.98   	 26.63   	-111.90		
-71.41   	-60.12   	 26.19   	-152.59		
-69.27   	-65.92   	 25.57   	-183.11		
-69.89   	-75.07   	 24.84   	-183.11		
-75.68   	-86.36   	 24.11   	-162.77		
-85.45   	-98.27   	 23.46   	-122.07		
-95.52   	-108.34   	 22.97   	 -76.30		
-102.84   	-113.53   	 22.67   	 -40.69		
-107.12   	-110.78   	 22.50   	 -10.17		
-110.47   	-100.71   	 22.46   	   5.09		
-115.36   	-87.28   	 22.48   	   5.09		
-121.46   	-77.21   	 22.50   	 -10.17		
-126.65   	-75.68   	 22.46   	 -25.43		
-131.53   	-84.53   	 22.36   	 -40.69		
-138.85   	-99.79   	 22.20   	 -50.86		
-151.67   	-114.44   	 21.99   	 -50.86		
-169.98   	-122.38   	 21.79   	 -50.86		
-188.29   	-121.77   	 21.59   	 -40.69		
-197.45   	-113.22   	 21.42   	 -25.43		
-193.79   	-98.88   	 21.32   	 -10.17		
-181.27   	-81.79   	 21.28   	  -5.09		
-169.37   	-64.70   	 21.26   	   0.00		
-163.57   	-50.05   	 21.26   	   5.09		
-163.88   	-37.84   	 21.28   	   5.09		
-163.57   	-26.86   	 21.30   	  -5.09		
-157.78   	-14.34   	 21.28   	  -5.09		
-144.96   	  0.92   	 21.26   	 -10.17		
-127.26   	 16.17   	 21.22   	  -5.09		
-107.42   	 28.08   	 21.20   	   0.00		
-87.59   	 34.18   	 21.20   	   5.09		
-69.27   	 36.32   	 21.22   	  20.35		
-53.41   	 36.62   	 21.30   	  25.43		
-39.98   	 37.84   	 21.40   	  35.61		
-26.55   	 40.59   	 21.55   	  45.78		
-11.60   	 43.95   	 21.73   	  50.86		
  3.05   	 47.00   	 21.93   	  50.86		
 13.12   	 50.05   	 22.14   	  50.86		
 15.26   	 52.80   	 22.34   	  45.78		
 10.07   	 53.71   	 22.52   	  45.78		
  3.05   	 52.19   	 22.71   	  45.78		
  0.00   	 48.52   	 22.89   	  45.78		
  2.75   	 43.03   	 23.07   	  45.78		
  7.02   	 36.93   	 23.26   	  55.95		
  9.46   	 31.74   	 23.48   	  66.12		
  7.93   	 28.99   	 23.74   	  61.04		
  5.49   	 30.52   	 23.99   	  71.21		
  3.97   	 35.71   	 24.27   	  61.04		
  4.27   	 40.28   	 24.52   	  50.86		
  3.66   	 39.37   	 24.72   	  30.52		
  0.61   	 30.21   	 24.84   	   5.09		
 -4.27   	 16.17   	 24.86   	 -20.35		
 -7.32   	  5.19   	 24.78   	 -30.52		
 -6.41   	  4.27   	 24.66   	 -25.43		
 -2.44   	 12.82   	 24.56   	  -5.09		
  2.14   	 24.11   	 24.54   	  35.61		
  4.27   	 30.82   	 24.68   	  76.30		
  2.75   	 30.52   	 24.98   	  96.64		
 -1.22   	 27.16   	 25.37   	 106.82		
 -6.71   	 24.41   	 25.80   	  86.47		
-12.21   	 24.11   	 26.14   	  55.95		
-15.87   	 24.41   	 26.37   	  25.43		
-15.87   	 22.89   	 26.47   	   0.00		
-11.90   	 19.23   	 26.47   	   5.09		
 -6.10   	 13.73   	 26.49   	  35.61		
 -2.75   	  8.85   	 26.63   	  86.47		
 -3.36   	  5.19   	 26.98   	 152.59		
 -7.32   	  5.19   	 27.59   	 213.63		
-10.07   	 10.07   	 28.44   	 259.41		
 -9.16   	 18.01   	 29.48   	 264.50		
 -6.41   	 24.11   	 30.54   	 249.24		
 -5.19   	 24.11   	 31.54   	 203.46		
 -7.32   	 18.62   	 32.35   	 137.33		
-10.68   	 11.90   	 32.90   	  66.12		
-11.29   	  9.77   	 33.16   	   5.09		
 -7.32   	 13.43   	 33.18(V)	 -40.69		
 -2.44   	 18.31   	 33.02   	 -66.12		
 -1.53   	 18.92   	 32.76   	 -71.21		
 -7.32   	 13.12   	 32.47   	 -61.04		
-16.48   	  3.97   	 32.23   	 -45.78		
-24.11   	 -3.36   	 32.04   	 -40.69		
-24.72   	 -5.19   	 31.88   	 -35.61		
-17.70   	 -0.31   	 31.74   	 -45.78		
 -8.24   	  8.54   	 31.56   	 -66.12		
 -1.53   	 16.48   	 31.29   	 -91.56		
  0.00   	 20.75   	 30.93   	-122.07		
 -2.75   	 20.75   	 30.44   	-147.51		
 -5.49   	 18.31   	 29.85   	-162.77		
 -6.41   	 16.78   	 29.20   	-162.77		
 -5.49   	 19.23   	 28.55   	-157.68		
 -4.88   	 27.16   	 27.91   	-142.42		
 -5.49   	 40.28   	 27.34   	-116.99		
 -5.49   	 56.76   	 26.88   	 -96.64		
 -2.44   	 73.85   	 26.49   	 -81.38		
  3.66   	 88.50   	 26.16   	 -71.21		
 12.21   	 98.88   	 25.88   	 -66.12		
 21.06   	107.42   	 25.62   	 -66.12		
 28.69   	116.88   	 25.35   	 -76.30		
 34.79   	130.31   	 25.05   	 -76.30		
 39.98   	147.09   	 24.74   	 -81.38		
 44.86   	163.57   	 24.41   	 -81.38		
 49.74   	175.48   	 24.09   	 -81.38		
 54.63   	180.36   	 23.76   	 -76.30		
 60.42   	180.36   	 23.46   	 -71.21		
 68.66   	180.66   	 23.17   	 -66.12		
 80.26   	184.63   	 22.91   	 -61.04		
 93.69   	191.65   	 22.67   	 -50.86		
102.84   	195.62   	 22.46   	 -45.78		
101.01   	190.43   	 22.28   	 -40.69		
 84.84   	174.56   	 22.12   	 -40.69		
 57.07   	151.67   	 21.95   	 -35.61		
 27.16   	127.56   	 21.81   	 -30.52		
  4.27   	104.06   	 21.69   	 -25.43		
 -8.24   	 79.96   	 21.59   	 -30.52		
-14.04   	 54.93   	 21.46   	 -30.52		
-18.62   	 30.82   	 21.34   	 -35.61		
-25.02   	 12.51   	 21.20   	 -35.61		
-31.13   	  2.75   	 21.06   	 -40.69		
-32.65   	  0.31   	 20.90   	 -40.69		
-28.38   	 -0.31   	 20.73   	 -45.78		
-20.75   	 -2.44   	 20.55   	 -40.69		
-14.65   	 -7.93   	 20.39   	 -35.61		
-13.12   	-13.73   	 20.24   	 -25.43		
-16.48   	-15.87   	 20.14   	 -15.26		
-22.28   	-13.73   	 20.08   	  -5.09		
-28.69   	 -9.16   	 20.06   	  10.17		
-36.01   	 -3.97   	 20.10   	  15.26		
-46.69   	  3.36   	 20.16   	  25.43		
-61.65   	 15.56   	 20.26   	  20.35		
-74.16   	 33.26   	 20.35   	  15.26		
-67.14   	 50.96   	 20.41   	  10.17		
-18.62   	 63.78   	 20.45   	   0.00		
 83.31   	 74.16   	 20.45   	   5.09		
224.00   	 98.57   	 20.47   	  10.17		
358.89   	157.78   	 20.51   	  35.61		
433.96   	257.87   	 20.65   	  71.21		
417.18   	378.11   	 20.94   	 106.82		
320.13   	478.21   	 21.36   	 152.59		
189.82   	517.27(R)	 21.97   	 172.94		
 80.87   	480.65   	 22.67   	 188.20		
 23.19   	387.88   	 23.42   	 172.94		
 14.04   	279.54   	 24.11   	 152.59		
 29.60   	194.70   	 24.72   	 106.82		
 44.86   	151.06   	 25.15   	  71.21		
 43.95   	139.47   	 25.43   	  25.43		
 21.67   	132.14   	 25.53   	   5.09		
-20.14   	102.23   	 25.55   	  -5.09		
-73.85   	 39.37   	 25.53   	 -10.17		
-123.60   	-41.20   	 25.49   	  10.17		
-151.98   	-109.56   	 25.53   	  30.52		
-148.93   	-140.99   	 25.66   	  55.95		
-117.80   	-131.53   	 25.88   	  71.21		
-75.38   	-99.79   	 26.16   	  76.30		
-41.81   	-70.50   	 26.47   	  71.21		
-27.77   	-56.46   	 26.75   	  66.12		
-30.82   	-55.85   	 27.02   	  50.86		
-40.59   	-59.81   	 27.22   	  40.69		
-46.39   	-60.73   	 27.39   	  40.69		
-45.17   	-58.90   	 27.55   	  50.86		
-40.28   	-57.07   	 27.75   	  50.86		
-36.32   	-55.85   	 27.96   	  66.12		
-36.01   	-54.02   	 28.22   	  55.95		
-36.62   	-50.05   	 28.44   	  40.69		
-36.01   	-43.33   	 28.61   	   5.09		
-32.35   	-36.62   	 28.63(A)	 -20.35		
-28.69   	-31.74   	 28.55   	 -50.86		
-26.55   	-29.91   	 28.34   	 -61.04		
-27.47   	-31.43   	 28.10   	 -61.04		
-29.60   	-33.87   	 27.85   	 -45.78		
-31.74   	-36.93   	 27.67   	 -15.26		
-33.87   	-40.28   	 27.61   	  10.17		
-37.54   	-44.86   	 27.65   	  30.52		
-42.11   	-50.96   	 27.77   	  35.61		
-44.56   	-56.46   	 27.91   	  40.69		
-42.72   	-58.90   	 28.08   	  30.52		
-37.84   	-57.37   	 28.20   	  20.35		
-32.65   	-51.88   	 28.28   	  10.17		
-31.74   	-45.17   	 28.32   	  15.26		
-35.10   	-39.98   	 28.38   	  30.52		
-40.59   	-36.62   	 28.50   	  45.78		
-44.56   	-35.71   	 28.69   	  50.86		
-46.69   	-37.54   	 28.89   	  N/A		
