  I     	  II     	  AO     	  AO'		
-14.04   	-47.30   	126.39   	-162.77		
-11.60   	-43.64   	125.74   	-172.94		
-12.82   	-40.89   	125.05   	-178.03		
-15.26   	-41.20   	124.33   	-178.03		
-17.40   	-43.64   	123.62   	-183.11		
-18.62   	-47.30   	122.89   	-167.85		
-19.23   	-49.74   	122.22   	-162.77		
-18.92   	-50.35   	121.57   	-152.59		
-18.62   	-49.44   	120.96   	-137.33		
-17.40   	-47.00   	120.41   	-127.16		
-14.34   	-43.03   	119.90   	-122.07		
 -6.10   	-34.79   	119.41   	-106.82		
  9.16   	-20.75   	118.98   	-101.73		
 31.13   	  1.53   	118.58   	 -96.64		
 57.98   	 31.43   	118.19   	 -86.47		
 86.98   	 67.75   	117.84   	 -86.47		
116.88   	108.64   	117.50   	 -86.47		
145.87   	148.93   	117.15   	 -81.38		
169.07   	179.14   	116.83   	 -86.47		
179.44   	188.90   	116.48   	 -86.47		
176.70   	171.81   	116.13   	 -86.47		
174.56   	132.75   	115.79   	 -81.38		
199.89   	 85.75   	115.46   	 -86.47		
273.44   	 46.69   	115.12   	 -81.38		
392.15   	 26.55   	114.79   	 -81.38		
524.29   	 28.69   	114.47   	 -81.38		
629.27   	 48.22   	114.14   	 -86.47		
681.46   	 74.16   	113.79   	 -91.56		
683.90(R)	 91.25   	113.43   	 -96.64		
662.23   	 87.28   	113.04   	 -96.64		
643.92   	 62.26   	112.65   	-101.73		
642.09   	 30.52   	112.25   	-101.73		
653.08   	 10.07   	111.84   	-101.73		
663.15   	  8.54   	111.43   	 -96.64		
657.35   	 16.17   	111.05   	 -91.56		
629.27   	 17.09   	110.68   	 -86.47		
584.41   	  2.75   	110.34   	 -76.30		
535.58   	-21.67   	110.03   	 -66.12		
498.05   	-45.17   	109.77   	 -50.86		
479.13   	-62.87   	109.56   	 -40.69		
474.85   	-79.65   	109.40   	 -30.52		
475.16   	-104.06   	109.28   	 -25.43		
472.11   	-139.16   	109.18   	 -15.26		
464.17   	-179.44   	109.11   	 -20.35		
455.02   	-215.15   	109.03   	 -20.35		
446.17   	-240.48   	108.95   	 -20.35		
436.40   	-254.82   	108.87   	 -25.43		
422.97   	-259.70   	108.77   	 -10.17		
404.36   	-254.82   	108.73   	  15.26		
381.47   	-242.92   	108.79   	  45.78		
355.53   	-230.41   	108.97   	  66.12		
326.23   	-227.66   	109.24   	  50.86		
292.66   	-241.39   	109.44   	  15.26		
254.52   	-269.47   	109.50   	 -61.04		
211.18   	-296.33   	109.26   	-137.33		
160.22   	-301.82   	108.71   	-203.46		
 99.49   	-273.44   	107.89   	-244.15		
 29.91   	-212.71   	106.92   	-249.24		
-42.72   	-135.50   	105.92   	-208.54		
-106.51   	-62.87   	105.09   	-152.59		
-151.67   	-12.82   	104.48   	 -81.38		
-176.09   	  9.16   	104.15   	  -5.09		
-184.02   	 10.38   	104.13   	  50.86		
-183.72   	  3.97   	104.33   	 106.82		
-182.19   	  1.22   	104.76   	 157.68		
-182.19   	  5.49   	105.39   	 203.46		
-184.02   	 13.43   	106.21   	 244.15		
-186.46   	 21.36   	107.18   	 295.01		
-188.29   	 27.77   	108.36   	 335.71		
-188.90   	 33.26   	109.70   	 371.31		
-188.29   	 39.98   	111.19   	 396.74		
-186.46   	 46.39   	112.78   	 412.00		
-184.63   	 50.05   	114.42   	 432.35		
-183.41   	 48.22   	116.15   	 447.61		
-183.41   	 41.81   	117.94   	 457.78		
-184.94   	 32.96   	119.78   	 473.04		
-187.07   	 25.33   	121.67   	 483.21		
-188.90   	 20.75   	123.60   	 473.04		
-189.82   	 19.53   	125.49   	 467.95		
-190.43   	 20.14   	127.36   	 442.52		
-191.96   	 21.97   	129.13   	 422.18		
-195.92   	 24.41   	130.82   	 396.74		
-202.64   	 27.47   	132.41   	 376.40		
-210.57   	 30.21   	133.92   	 350.97		
-218.81   	 32.96   	135.32   	 340.79		
-226.14   	 36.93   	136.68   	 335.71		
-231.93   	 42.72   	138.03   	 320.45		
-237.43   	 50.66   	139.31   	 310.27		
-244.14   	 59.20   	140.55   	 295.01		
-252.08   	 66.22   	141.73   	 289.93		
-261.23   	 70.50   	142.89   	 279.75		
-269.78   	 72.63   	144.01   	 274.67		
-277.40   	 74.77   	145.11   	 274.67		
-284.42   	 78.74   	146.20   	 274.67		
-291.44   	 85.75   	147.30   	 259.41		
-298.16   	 94.91   	148.34   	 233.98		
-303.96   	105.29   	149.28   	 183.11		
-307.62   	116.88   	150.01   	 127.16		
-308.23   	129.39   	150.52   	  66.12		
-306.09   	143.74   	150.78   	  -5.09		
-302.43   	160.52   	150.76   	 -61.04		
-298.77   	176.39   	150.52   	-106.82		
-294.49   	188.29   	150.09   	-137.33		
-288.70   	193.18   	149.54   	-152.59		
-281.68   	191.65   	148.93   	-132.25		
-273.44   	187.38   	148.40   	-101.73		
-264.89   	183.72   	148.00   	 -45.78		
-256.35   	183.11   	147.81   	   0.00		
-247.80   	185.55   	147.81   	  50.86		
-237.73   	189.82   	148.02   	  91.56		
-225.52   	195.01   	148.38   	 122.07		
-211.18   	199.89   	148.87   	 142.42		
-195.92   	200.81   	149.44   	 157.68		
-180.36   	195.92   	150.07   	 152.59		
-166.93   	184.33   	150.68   	 137.33		
-155.64   	169.68   	151.23   	  91.56		
-145.87   	157.47   	151.60   	  40.69		
-136.11   	150.76   	151.76(S)	 -30.52		
-125.73   	148.62   	151.64   	-101.73		
-114.75   	147.71   	151.23   	-172.94		
-104.06   	143.74   	150.54   	-249.24		
-94.91   	134.58   	149.54   	-315.36		
-87.28   	119.32   	148.28   	-361.14		
-80.26   	100.40   	146.84   	-381.48		
-73.24   	 81.48   	145.31   	-350.97		
-65.92   	 65.31   	143.91   	-289.93		
-58.90   	 53.10   	142.75   	-193.29		
-53.10   	 42.72   	141.97   	-106.82		
-49.44   	 32.96   	141.55   	 -30.52		
-46.08   	 23.80   	141.42   	  20.35		
-42.42   	 16.17   	141.51   	  61.04		
-37.84   	 10.99   	141.75   	  86.47		
-33.57   	  6.71   	142.10   	 106.82		
-30.52   	  1.22   	142.52   	 122.07		
-28.08   	 -5.49   	143.01   	 132.25		
-25.33   	-10.68   	143.54   	 137.33		
-21.36   	-11.29   	144.09   	 116.99		
-17.40   	 -5.80   	144.56   	  66.12		
-15.87   	  5.49   	144.82   	 -25.43		
-17.70   	 21.67   	144.72   	-142.42		
-21.67   	 40.28   	144.15   	-284.84		
-25.33   	 58.59   	143.01   	-412.00		
-25.94   	 74.46   	141.36   	-498.47		
-24.11   	 85.45   	139.37   	-518.82		
-21.36   	 92.77   	137.29   	-478.13		
-18.01   	 99.18   	135.38   	-396.74		
-13.43   	107.73   	133.79   	-305.19		
 -7.93   	117.49   	132.57   	-218.72		
 -3.97   	124.82   	131.70   	-157.68		
 -4.27   	123.60   	131.07   	-132.25		
 -8.54   	111.69   	130.54   	-111.90		
-12.51   	 91.25   	130.09   	-101.73		
 -9.77   	 68.05   	129.68   	 -96.64		
  2.14   	 47.91   	129.30   	 -81.38		
 19.84   	 32.96   	128.97   	 -81.38		
 36.62   	 21.67   	128.65   	 -86.47		
 47.91   	 13.43   	128.30   	-106.82		
 53.71   	  8.24   	127.87   	-127.16		
 53.10   	  6.10   	127.36   	-152.59		
 45.47   	  5.19   	126.75   	-152.59		
 28.99   	  0.31   	126.14   	-142.42		
  7.32   	-13.73   	125.57   	-116.99		
-13.73   	-36.93   	125.11   	 -76.30		
-26.86   	-63.17   	124.80   	 -50.86		
-31.13   	-83.92   	124.60   	 -40.69		
-30.52   	-94.30   	124.43   	 -50.86		
-28.99   	-93.99   	124.23   	 -66.12		
-27.77   	-87.59   	123.97   	 -96.64		
-25.63   	-80.87   	123.58   	-127.16		
-22.28   	-77.51   	123.07   	-152.59		
-20.14   	-78.13   	122.46   	-167.85		
-21.97   	-83.01   	121.79   	-178.03		
-27.77   	-90.33   	121.08   	-188.20		
-32.65   	-97.35   	120.33   	-188.20		
-32.96   	-101.32   	119.57   	-193.29		
-28.08   	-100.10   	118.80   	-183.11		
-19.84   	-93.38   	118.07   	-178.03		
 -9.16   	-80.87   	117.35   	-172.94		
  6.10   	-61.95   	116.66   	-167.85		
 27.47   	-37.23   	115.99   	-157.68		
 54.32   	 -7.63   	115.36   	-147.51		
 83.31   	 25.33   	114.77   	-147.51		
112.30   	 61.34   	114.18   	-137.33		
140.69   	100.10   	113.63   	-122.07		
165.41   	135.50   	113.14   	-106.82		
180.36   	157.78   	112.72   	 -91.56		
181.88   	157.47   	112.35   	 -76.30		
178.22   	133.67   	112.04   	 -66.12		
193.18   	 99.18   	111.78   	 -55.95		
252.08   	 74.16   	111.56   	 -50.86		
358.58   	 73.24   	111.35   	 -50.86		
484.92   	 99.79   	111.15   	 -55.95		
589.90   	144.04   	110.93   	 -55.95		
641.17(R)	190.43   	110.70   	 -61.04		
636.90   	223.39   	110.46   	 -71.21		
601.50   	233.76   	110.17   	 -76.30		
566.41   	223.69   	109.87   	 -76.30		
550.54   	203.86   	109.56   	 -86.47		
553.89   	186.77   	109.22   	 -91.56		
563.66   	179.44   	108.85   	 -86.47		
562.74   	176.09   	108.50   	 -91.56		
540.77   	167.24   	108.14   	 -81.38		
498.05   	150.45   	107.81   	 -76.30		
446.17   	130.92   	107.51   	 -71.21		
400.39   	115.66   	107.22   	 -66.12		
370.79   	104.06   	106.96   	 -71.21		
355.22   	 84.84   	106.67   	 -66.12		
345.15   	 46.39   	106.41   	 -71.21		
330.81   	-11.60   	106.12   	 -66.12		
310.36   	-78.74   	105.86   	 -66.12		
286.87   	-143.74   	105.59   	 -55.95		
263.06   	-202.33   	105.37   	 -55.95		
241.39   	-258.48   	105.15   	 -40.69		
223.39   	-313.72   	104.98   	 -40.69		
211.49   	-362.24   	104.82   	 -25.43		
208.74   	-395.81   	104.72   	 -30.52		
215.15   	-416.26   	104.60   	 -25.43		
225.52   	-433.96   	104.50   	 -25.43		
232.54   	-457.76   	104.39   	 -35.61		
229.19   	-482.48   	104.25   	 -35.61		
209.66   	-489.20   	104.11   	 -45.78		
170.29   	-458.68   	103.93   	 -50.86		
111.69   	-387.88   	103.72   	 -55.95		
 39.67   	-293.58   	103.50   	 -66.12		
-34.18   	-201.11   	103.23   	 -66.12		
-96.74   	-130.62   	102.97   	 -71.21		
-138.55   	-89.72   	102.69   	 -71.21		
-158.39   	-74.46   	102.40   	 -71.21		
-162.96   	-74.16   	102.12   	 -66.12		
-160.22   	-76.90   	101.85   	 -55.95		
-157.17   	-76.29   	101.63   	 -45.78		
-156.25   	-71.41   	101.44   	 -35.61		
-156.86   	-65.31   	101.30   	 -25.43		
-157.47   	-61.65   	101.20   	  -5.09		
-156.25   	-60.42   	101.18(D)	  10.17		
-153.81   	-60.42   	101.22   	  35.61		
-150.76   	-59.20   	101.36   	  66.12		
-148.62   	-56.76   	101.63   	 106.82		
-148.01   	-54.02   	102.05   	 152.59		
-148.32   	-51.57   	102.66   	 193.29		
-148.62   	-49.13   	103.44   	 233.98		
-148.62   	-47.00   	104.37   	 269.58		
-148.62   	-44.25   	105.45   	 295.01		
-148.93   	-41.50   	106.63   	 320.45		
-149.54   	-38.76   	107.91   	 345.88		
-150.45   	-36.62   	109.30   	 356.05		
-151.98   	-34.79   	110.72   	 376.40		
-154.42   	-33.26   	112.23   	 381.48		
-158.39   	-31.74   	113.75   	 381.48		
-163.57   	-29.30   	115.28   	 381.48		
-169.37   	-26.55   	116.81   	 376.40		
-175.78   	-23.80   	118.31   	 366.22		
-182.50   	-20.45   	119.78   	 356.05		
-188.90   	-17.09   	121.20   	 340.79		
-195.01   	-13.73   	122.56   	 325.53		
-201.42   	-10.38   	123.87   	 310.27		
-207.52   	 -7.02   	125.11   	 300.10		
-213.32   	 -3.36   	126.31   	 284.84		
-218.51   	  1.53   	127.45   	 274.67		
-223.08   	  7.32   	128.54   	 264.50		
-227.05   	 14.04   	129.60   	 254.32		
-231.02   	 21.36   	130.62   	 249.24		
-234.68   	 28.69   	131.62   	 239.06		
-238.34   	 36.32   	132.57   	 228.89		
-241.09   	 44.25   	133.49   	 213.63		
-242.00   	 52.80   	134.34   	 208.54		
-240.78   	 61.34   	135.18   	 193.29		
-237.12   	 69.58   	135.95   	 183.11		
-231.93   	 77.21   	136.68   	 167.85		
-225.22   	 84.53   	137.35   	 157.68		
-217.90   	 91.86   	137.99   	 137.33		
-210.57   	 99.18   	138.53   	 116.99		
-202.64   	106.51   	139.00   	  96.64		
-194.09   	112.61   	139.39   	  86.47		
-184.63   	117.49   	139.73   	  71.21		
-174.26   	121.15   	140.02   	  61.04		
-163.27   	123.90   	140.26   	  50.86		
-151.98   	126.34   	140.47   	  35.61		
-141.30   	128.17   	140.61   	  15.26		
-131.53   	129.39   	140.67(S)	 -15.26		
-122.99   	129.09   	140.61   	 -45.78		
-115.36   	127.26   	140.43   	 -81.38		
-107.73   	124.51   	140.10   	-111.90		
-99.49   	121.15   	139.65   	-142.42		
-91.25   	117.49   	139.08   	-172.94		
-83.62   	112.30   	138.39   	-188.20		
-77.82   	105.90   	137.64   	-213.63		
-72.94   	 97.96   	136.78   	-228.89		
-68.36   	 89.11   	135.87   	-233.98		
-63.17   	 79.65   	134.93   	-244.15		
-57.37   	 69.89   	133.96   	-249.24		
-52.49   	 59.51   	132.96   	-233.98		
-49.13   	 48.83   	132.02   	-203.46		
-47.61   	 37.54   	131.21   	-147.51		
-47.30   	 27.16   	130.62   	 -86.47		
-46.39   	 17.70   	130.27   	 -35.61		
-44.56   	  9.46   	130.13   	 -10.17		
-42.42   	  3.36   	130.09   	 -15.26		
-39.98   	 -0.92   	130.03   	 -25.43		
-37.23   	 -3.66   	129.93   	 -55.95		
-33.87   	 -4.27   	129.70   	 -76.30		
-30.52   	 -3.05   	129.40   	 -86.47		
-26.55   	  1.53   	129.05   	 -86.47		
-23.19   	  8.85   	128.71   	 -71.21		
-21.36   	 19.23   	128.42   	 -66.12		
-21.97   	 32.04   	128.16   	 -50.86		
-24.72   	 46.39   	127.95   	 -50.86		
-27.47   	 61.34   	127.75   	 -50.86		
-29.30   	 77.21   	127.55   	 -61.04		
-28.99   	 93.38   	127.30   	 -66.12		
-27.16   	108.03   	127.04   	 -76.30		
-25.33   	120.24   	126.73   	 -81.38		
-23.50   	127.56   	126.41   	 -91.56		
-21.97   	129.09   	126.04   	 -91.56		
-21.36   	124.51   	125.68   	 -91.56		
-22.28   	114.14   	125.31   	 -96.64		
-23.50   	100.40   	124.92   	 -96.64		
-21.97   	 85.45   	124.54   	-101.73		
-14.95   	 70.80   	124.13   	-101.73		
 -3.05   	 55.85   	123.72   	-101.73		
 10.68   	 40.59   	123.32   	-106.82		
 22.28   	 25.33   	122.89   	-101.73		
 30.82   	 13.73   	122.48   	-106.82		
 37.23   	  8.24   	122.05   	 -96.64		
 41.20   	  8.85   	121.67   	 -96.64		
 39.37   	 10.99   	121.28   	 -91.56		
 27.77   	  8.24   	120.92   	 -86.47		
  7.32   	 -3.05   	120.57   	 -86.47		
-14.95   	-21.97   	120.22   	 -81.38		
-30.82   	-42.72   	119.90   	 -81.38		
-36.62   	-59.20   	119.57   	 -81.38		
-34.18   	-68.05   	119.25   	 -81.38		
-29.30   	-69.27   	118.92   	 -81.38		
-26.25   	-66.83   	118.60   	 -76.30		
-26.55   	-65.00   	118.29   	 -81.38		
-28.69   	-65.92   	117.96   	 -86.47		
-30.82   	-68.66   	117.62   	 -81.38		
-32.04   	-71.11   	117.29   	 -81.38		
-32.35   	-71.72   	116.97   	 -81.38		
-31.74   	-70.80   	116.64   	 -81.38		
-31.13   	-68.97   	116.32   	 -76.30		
-30.21   	-67.14   	116.01   	 -81.38		
-28.08   	-64.70   	115.69   	 -76.30		
-21.97   	-59.51   	115.38   	 -81.38		
-10.07   	-48.83   	115.06   	 -76.30		
  8.85   	-30.52   	114.75   	 -86.47		
 32.65   	 -4.27   	114.40   	 -86.47		
 59.81   	 29.30   	114.06   	 -86.47		
 88.81   	 70.19   	113.71   	 -91.56		
118.41   	114.44   	113.35   	 -96.64		
143.74   	153.20   	112.96   	 -91.56		
156.86   	175.48   	112.59   	 -91.56		
154.11   	172.73   	112.23   	 -86.47		
145.26   	145.87   	111.88   	 -86.47		
154.72   	106.51   	111.54   	 -76.30		
208.44   	 70.50   	111.23   	 -81.38		
312.81   	 50.96   	110.90   	 -71.21		
443.12   	 54.32   	110.62   	 -76.30		
558.47   	 77.82   	110.31   	 -76.30		
625.92   	110.47   	110.01   	 -81.38		
639.04(R)	137.02   	109.68   	 -86.47		
618.59   	144.04   	109.34   	 -91.56		
593.87   	128.17   	108.97   	 -96.64		
584.11   	 99.79   	108.59   	 -96.64		
590.82   	 76.60   	108.20   	 -96.64		
601.50   	 68.05   	107.81   	-101.73		
601.20   	 69.27   	107.41   	 -96.64		
580.14   	 66.22   	107.02   	 -91.56		
540.77   	 49.74   	106.65   	 -91.56		
494.38   	 21.97   	106.29   	 -81.38		
456.24   	 -7.02   	105.96   	 -76.30		
435.79   	-30.52   	105.66   	 -66.12		
432.43   	-51.57   	105.39   	 -66.12		
437.62   	-79.04   	105.13   	 -55.95		
441.59   	-117.49   	104.90   	 -55.95		
440.98   	-163.27   	104.68   	 -45.78		
436.71   	-207.21   	104.50   	 -40.69		
430.30   	-242.31   	104.33   	 -40.69		
422.36   	-265.20   	104.17   	 -30.52		
410.77   	-275.88   	104.05   	 -30.52		
393.07   	-273.44   	103.93   	 -20.35		
369.87   	-260.31   	103.84   	 -20.35		
342.41   	-244.14   	103.76   	 -10.17		
311.28   	-234.99   	103.72   	 -10.17		
275.57   	-242.31   	103.68   	 -15.26		
234.99   	-264.89   	103.62   	 -15.26		
188.90   	-289.00   	103.56   	 -25.43		
136.41   	-294.80   	103.46   	 -25.43		
 76.29   	-268.55   	103.36   	 -30.52		
 10.38   	-211.79   	103.23   	 -35.61		
-56.46   	-140.38   	103.09   	 -35.61		
-116.27   	-75.68   	102.95   	 -30.52		
-160.83   	-34.18   	102.83   	 -20.35		
-187.38   	-18.01   	102.75   	  -5.09		
-197.45   	-18.92   	102.73(D)	  15.26		
-197.75   	-24.11   	102.79   	  50.86		
-194.70   	-25.63   	102.99   	  91.56		
-193.48   	-22.28   	103.36   	 147.51		
-195.62   	-17.70   	103.95   	 198.37		
-199.28   	-15.26   	104.74   	 249.24		
-202.03   	-15.56   	105.74   	 300.10		
-202.64   	-16.17   	106.94   	 330.62		
-201.11   	-16.17   	108.26   	 361.14		
-199.58   	-14.65   	109.70   	 386.57		
-198.67   	-13.12   	111.25   	 401.83		
-199.28   	-11.60   	112.86   	 422.18		
-199.58   	-10.38   	114.55   	 437.43		
-199.58   	 -9.46   	116.30   	 452.69		
-199.58   	 -7.93   	118.11   	 467.95		
-200.20   	 -6.10   	119.98   	 473.04		
-202.33   	 -4.88   	121.87   	 473.04		
-205.38   	 -3.66   	123.76   	 462.87		
-208.44   	 -2.44   	125.61   	 447.61		
-211.18   	  0.31   	127.41   	 432.35		
-214.23   	  4.27   	129.13   	 417.09		
-218.51   	  9.16   	130.80   	 406.92		
-224.30   	 13.43   	132.43   	 401.83		
-231.63   	 16.78   	134.04   	 391.66		
-239.56   	 19.23   	135.60   	 386.57		
-246.89   	 21.97   	137.15   	 371.31		
-252.99   	 25.94   	138.64   	 361.14		
-258.79   	 31.13   	140.08   	 345.88		
-264.89   	 37.23   	141.46   	 335.71		
-272.22   	 43.64   	142.81   	 315.36		
-280.46   	 49.74   	144.07   	 300.10		
-288.70   	 56.15   	145.27   	 284.84		
-296.02   	 63.48   	146.41   	 274.67		
-301.82   	 71.11   	147.51   	 264.50		
-306.40   	 79.04   	148.57   	 249.24		
-310.36   	 86.67   	149.56   	 233.98		
-313.72   	 94.30   	150.50   	 208.54		
-316.16   	102.23   	151.33   	 178.03		
-316.77   	110.78   	152.04   	 152.59		
-314.64   	119.93   	152.65   	 132.25		
-310.06   	129.09   	153.18   	 116.99		
-303.65   	137.33   	153.65   	  96.64		
-296.02   	144.65   	154.04   	  76.30		
-288.09   	151.06   	154.34   	  61.04		
-279.85   	157.17   	154.59   	  40.69		
-270.69   	162.66   	154.75   	  25.43		
-260.31   	167.54   	154.85(S)	   0.00		
-248.72   	170.90   	154.85   	 -20.35		
-236.82   	171.51   	154.77   	 -35.61		
-225.22   	170.29   	154.63   	 -61.04		
-213.32   	167.24   	154.38   	 -71.21		
-201.42   	163.88   	154.10   	 -96.64		
-188.60   	160.52   	153.71   	-111.90		
-175.48   	156.56   	153.26   	-137.33		
-162.96   	151.06   	152.72   	-162.77		
-151.67   	144.04   	152.06   	-188.20		
-141.60   	135.80   	151.31   	-218.72		
-132.45   	126.65   	150.44   	-244.15		
-122.99   	116.88   	149.46   	-264.50		
-113.22   	106.81   	148.40   	-284.84		
-102.84   	 96.13   	147.26   	-289.93		
-93.08   	 84.84   	146.10   	-284.84		
-84.23   	 73.24   	144.96   	-269.58		
-77.21   	 60.73   	143.89   	-233.98		
-71.41   	 48.22   	142.95   	-178.03		
-67.14   	 35.40   	142.24   	-111.90		
-64.09   	 23.50   	141.79   	 -71.21		
-61.34   	 12.82   	141.51   	 -40.69		
-58.59   	  4.27   	141.34   	 -45.78		
-55.54   	 -2.44   	141.16   	 -61.04		
-52.49   	 -6.71   	140.92   	 -76.30		
-49.74   	 -8.24   	140.61   	 -86.47		
-47.30   	 -6.71   	140.26   	 -96.64		
-44.25   	 -1.83   	139.88   	 -86.47		
-41.81   	  6.10   	139.53   	 -81.38		
-40.59   	 16.48   	139.21   	 -76.30		
-41.81   	 28.69   	138.90   	 -66.12		
-45.17   	 42.42   	138.64   	 -71.21		
-48.83   	 57.98   	138.35   	 -71.21		
-50.66   	 74.46   	138.07   	 -81.38		
-49.74   	 91.25   	137.74   	 -86.47		
-47.00   	106.20   	137.40   	 -96.64		
-43.95   	117.19   	137.01   	 -96.64		
-41.20   	122.07   	136.62   	-106.82		
-39.67   	120.85   	136.19   	-111.90		
-40.28   	112.92   	135.75   	-111.90		
-42.72   	 99.49   	135.30   	-111.90		
-44.25   	 83.62   	134.85   	-111.90		
-41.20   	 67.44   	134.40   	-116.99		
-31.13   	 52.49   	133.94   	-116.99		
-15.87   	 39.06   	133.47   	-122.07		
  0.31   	 27.16   	132.98   	-122.07		
 12.82   	 17.40   	132.49   	-122.07		
 20.75   	 10.99   	132.00   	-122.07		
 24.72   	  9.16   	131.52   	-122.07		
 24.41   	  9.77   	131.03   	-116.99		
 16.78   	  8.54   	130.56   	-116.99		
  0.61   	  0.61   	130.09   	-116.99		
-20.45   	-14.65   	129.62   	-111.90		
-39.06   	-34.79   	129.18   	-116.99		
-49.44   	-54.32   	128.71   	-122.07		
-50.96   	-68.97   	128.22   	-116.99		
-47.61   	-75.68   	127.75   	-122.07		
-44.25   	-75.38   	127.26   	-122.07		
-42.42   	-71.41   	126.77   	-122.07		
-42.72   	-66.83   	126.29   	-122.07		
-43.64   	-64.70   	125.80   	-116.99		
-44.56   	-65.31   	125.33   	-111.90		
-45.47   	-66.53   	124.88   	-111.90		
-45.47   	-67.14   	124.43   	-111.90		
-44.86   	-66.53   	123.99   	-101.73		
-44.25   	-66.22   	123.58   	-101.73		
-43.33   	-66.22   	123.17   	 -96.64		
-40.59   	-64.39   	122.79   	 -96.64		
-32.35   	-57.37   	122.40   	 -91.56		
-16.17   	-42.11   	122.03   	 -91.56		
  7.32   	-17.40   	121.67   	 -91.56		
 35.10   	 14.95   	121.30   	-101.73		
 64.39   	 53.10   	120.89   	-101.73		
 93.99   	 95.83   	120.49   	-106.82		
122.07   	136.72   	120.06   	-111.90		
143.13   	165.71   	119.61   	-111.90		
150.15   	171.51   	119.17   	-116.99		
144.96   	148.62   	118.70   	-116.99		
144.04   	104.37   	118.23   	-106.82		
174.56   	 55.85   	117.80   	-111.90		
255.74   	 19.23   	117.35   	-101.73		
380.55   	  3.97   	116.95   	-101.73		
514.53   	 11.29   	116.54   	 -96.64		
616.76   	 33.87   	116.15   	 -91.56		
664.67(R)	 60.12   	115.79   	 -96.64		
664.67   	 75.68   	115.40   	 -91.56		
644.53   	 70.19   	115.04   	 -86.47		
629.58   	 45.47   	114.69   	 -91.56		
631.10   	 15.26   	114.32   	 -91.56		
642.09   	 -3.36   	113.96   	 -91.56		
648.19   	 -5.19   	113.59   	 -86.47		
635.07   	  0.31   	113.24   	 -91.56		
599.98   	 -1.83   	112.88   	 -86.47		
551.15   	-18.31   	112.53   	 -86.47		
502.93   	-43.64   	112.19   	 -76.30		
469.06   	-67.14   	111.88   	 -71.21		
453.49   	-84.23   	111.60   	 -66.12		
450.44   	-100.10   	111.33   	 -66.12		
449.83   	-123.29   	111.07   	 -55.95		
444.34   	-155.94   	110.84   	 -50.86		
434.27   	-192.87   	110.64   	 -50.86		
421.45   	-224.61   	110.44   	 -50.86		
407.71   	-245.36   	110.23   	 -40.69		
392.76   	-253.30   	110.07   	 -40.69		
375.37   	-249.94   	109.91   	 -40.69		
354.92   	-238.04   	109.75   	 -30.52		
331.73   	-222.78   	109.62   	 -25.43		
305.18   	-212.10   	109.52   	 -20.35		
274.35   	-214.23   	109.44   	 -15.26		
238.34   	-232.54   	109.38   	 -15.26		
197.45   	-260.62   	109.32   	 -15.26		
150.76   	-280.46   	109.26   	 -25.43		
 96.44   	-273.44   	109.16   	 -30.52		
 34.18   	-231.63   	109.03   	 -35.61		
-32.96   	-164.18   	108.89   	 -40.69		
-97.05   	-92.16   	108.73   	 -40.69		
-148.62   	-37.54   	108.57   	 -45.78		
-182.19   	-11.29   	108.38   	 -35.61		
-198.36   	 -7.93   	108.24   	 -25.43		
-202.03   	-14.34   	108.14   	 -20.35		
-199.58   	-18.62   	108.06(D)	   5.09		
-197.14   	-16.17   	108.08   	  25.43		
-196.53   	 -9.77   	108.18   	  66.12		
-197.75   	 -3.97   	108.44   	 106.82		
-199.58   	 -1.22   	108.87   	 152.59		
-200.50   	 -0.31   	109.48   	 208.54		
-200.50   	  0.61   	110.31   	 249.24		
-200.20   	  2.75   	111.31   	 289.93		
-200.50   	  5.49   	112.47   	 320.45		
-200.81   	  8.54   	113.75   	 345.88		
-201.11   	 10.68   	115.14   	 366.22		
-201.42   	 12.21   	116.60   	 391.66		
-202.03   	 13.12   	118.17   	 406.92		
-203.55   	 13.12   	119.80   	 427.26		
-206.30   	 13.12   	121.51   	 442.52		
-209.05   	 13.73   	123.28   	 447.61		
-211.79   	 15.87   	125.07   	 452.69		
-213.93   	 19.53   	126.88   	 447.61		
-216.67   	 24.11   	128.67   	 437.43		
-220.03   	 28.99   	130.42   	 417.09		
-224.61   	 33.26   	132.08   	 401.83		
-231.02   	 37.23   	133.69   	 386.57		
-239.26   	 40.89   	135.24   	 366.22		
-248.72   	 44.56   	136.70   	 361.14		
-258.18   	 49.13   	138.15   	 345.88		
-266.72   	 54.32   	139.53   	 340.79		
-274.05   	 61.04   	140.89   	 330.62		
-280.76   	 68.05   	142.22   	 315.36		
-287.17   	 75.07   	143.48   	 300.10		
-294.49   	 80.57   	144.68   	 295.01		
-302.12   	 85.14   	145.86   	 279.75		
-309.75   	 90.64   	146.98   	 264.50		
-316.47   	 98.57   	148.04   	 249.24		
-321.96   	108.95   	149.03   	 228.89		
-325.62   	119.93   	149.95   	 213.63		
-327.45   	129.70   	150.80   	 198.37		
-327.15   	136.41   	151.60   	 183.11		
-324.40   	141.91   	152.33   	 167.85		
-319.52   	147.40   	153.00   	 152.59		
-313.42   	154.11   	153.61   	 142.42		
-306.70   	161.74   	154.18   	 122.07		
-299.68   	168.76   	154.67   	 101.73		
-292.36   	174.26   	155.08   	  76.30		
-283.81   	178.83   	155.38   	  50.86		
-273.13   	182.50   	155.58   	  20.35		
-260.62   	186.16   	155.67(S)	  -5.09		
-246.58   	188.90   	155.65   	 -30.52		
-232.85   	189.51   	155.52   	 -50.86		
-219.73   	187.68   	155.32   	 -66.12		
-207.82   	184.02   	155.06   	 -76.30		
-196.23   	179.44   	154.75   	 -91.56		
-184.33   	173.95   	154.38   	-106.82		
-171.51   	168.15   	153.96   	-137.33		
-158.69   	161.13   	153.41   	-167.85		
-146.79   	153.20   	152.74   	-198.37		
-135.80   	144.35   	151.94   	-223.80		
-125.43   	133.97   	151.05   	-244.15		
-115.66   	121.77   	150.07   	-259.41		
-106.20   	108.64   	149.03   	-274.67		
-97.35   	 96.44   	147.93   	-279.75		
-88.81   	 85.45   	146.82   	-274.67		
-81.48   	 74.77   	145.72   	-264.50		
-75.38   	 63.17   	144.66   	-223.80		
-69.89   	 49.74   	143.76   	-162.77		
-65.00   	 35.10   	143.11   	-106.82		
-60.12   	 22.28   	142.69   	 -55.95		
-55.85   	 11.90   	142.46   	 -40.69		
-52.80   	  4.58   	142.30   	 -35.61		
-50.96   	 -1.53   	142.16   	 -50.86		
-50.05   	 -6.41   	141.95   	 -66.12		
-48.22   	 -9.77   	141.69   	 -71.21		
-45.17   	 -9.77   	141.40   	 -81.38		
-41.20   	 -4.88   	141.08   	 -76.30		
-38.45   	  4.58   	140.77   	 -71.21		
-37.84   	 17.40   	140.49   	 -71.21		
-40.59   	 32.04   	140.20   	 -66.12		
-44.86   	 47.00   	139.94   	 -66.12		
-48.83   	 62.56   	139.67   	 -76.30		
-51.57   	 78.43   	139.37   	 -81.38		
-52.19   	 94.60   	139.04   	 -91.56		
-50.96   	110.17   	138.68   	 -96.64		
-48.83   	122.38   	138.29   	-106.82		
-45.78   	128.17   	137.86   	-106.82		
-43.33   	126.95   	137.44   	-111.90		
-43.03   	119.02   	136.99   	-111.90		
-44.56   	107.12   	136.54   	-111.90		
-46.69   	 93.08   	136.09   	-116.99		
-45.17   	 78.74   	135.63   	-111.90		
-37.84   	 63.78   	135.18   	-111.90		
-24.72   	 47.61   	134.73   	-111.90		
 -9.77   	 31.13   	134.28   	-116.99		
  3.66   	 17.09   	133.81   	-116.99		
 14.04   	  8.54   	133.35   	-116.99		
 21.36   	  6.71   	132.88   	-111.90		
 24.11   	  9.16   	132.43   	-116.99		
 18.62   	 10.07   	131.96   	-111.90		
  3.05   	  3.97   	131.52   	-106.82		
-18.92   	-10.68   	131.09   	-106.82		
-39.98   	-30.52   	130.66   	-101.73		
-52.49   	-49.74   	130.25   	-111.90		
-55.24   	-63.48   	129.81   	-106.82		
-51.27   	-68.66   	129.38   	-116.99		
-47.00   	-67.14   	128.91   	-111.90		
-45.17   	-61.95   	128.46   	-116.99		
-46.69   	-56.15   	128.00   	-116.99		
-48.83   	-51.57   	127.53   	-116.99		
-49.74   	-47.91   	127.06   	-111.90		
-48.52   	-45.47   	126.61   	-111.90		
-45.17   	-45.17   	126.16   	-106.82		
-41.20   	-47.91   	125.74   	-106.82		
-38.45   	-53.71   	125.31   	-101.73		
-37.84   	-61.04   	124.90   	-101.73		
-37.84   	-65.31   	124.50   	-101.73		
-33.87   	-61.65   	124.09   	-101.73		
-21.36   	-46.39   	123.68   	-106.82		
  0.61   	-19.84   	123.25   	-111.90		
 29.60   	 14.95   	122.81   	-116.99		
 60.42   	 54.63   	122.34   	-122.07		
 90.03   	 95.83   	121.85   	-127.16		
117.19   	133.06   	121.34   	-132.25		
138.85   	157.47   	120.81   	-132.25		
149.23   	159.61   	120.28   	-132.25		
147.40   	134.58   	119.76   	-127.16		
145.26   	 87.59   	119.25   	-122.07		
168.15   	 33.87   	118.76   	-116.99		
239.26   	-10.38   	118.29   	-111.90		
357.36   	-33.57   	117.84   	-101.73		
493.16   	-32.35   	117.44   	-101.73		
604.25   	-11.60   	117.03   	-101.73		
661.62   	 16.78   	116.62   	 -96.64		
666.50(R)	 37.23   	116.24   	 -96.64		
645.45   	 36.32   	115.85   	 -91.56		
628.05   	 14.34   	115.48   	 -91.56		
628.97   	-13.43   	115.12   	 -91.56		
643.31   	-28.38   	114.75   	 -86.47		
655.52   	-21.36   	114.40   	 -91.56		
648.80   	 -3.97   	114.04   	 -91.56		
617.68   	  4.27   	113.67   	 -96.64		
569.46   	 -8.24   	113.29   	 -96.64		
520.32   	-36.93   	112.90   	 -96.64		
486.15   	-67.75   	112.51   	 -91.56		
471.50   	-89.72   	112.15   	 -86.47		
470.28   	-104.37   	111.80   	 -86.47		
471.80   	-121.77   	111.45   	 -76.30		
467.83   	-148.01   	111.15   	 -76.30		
456.85   	-182.80   	110.84   	 -71.21		
440.37   	-219.73   	110.56   	 -71.21		
419.31   	-251.46   	110.27   	 -61.04		
392.76   	-273.44   	110.03   	 -61.04		
361.63   	-282.29   	109.79   	 -55.95		
329.28   	-277.40   	109.56   	 -50.86		
299.38   	-262.15   	109.36   	 -50.86		
274.05   	-247.19   	109.16   	 -45.78		
252.08   	-244.45   	108.97   	 -50.86		
229.80   	-260.93   	108.77   	 -50.86		
202.64   	-290.53   	108.57   	 -61.04		
165.41   	-313.42   	108.32   	 -61.04		
113.83   	-307.62   	108.08   	 -71.21		
 48.83   	-261.84   	107.79   	 -71.21		
-22.58   	-184.94   	107.51   	 -71.21		
-90.03   	-102.54   	107.22   	 -66.12		
-143.13   	-43.03   	106.96   	 -61.04		
-177.31   	-19.84   	106.71   	 -55.95		
-193.48   	-25.94   	106.49   	 -40.69		
-195.92   	-40.89   	106.33   	 -25.43		
-191.65   	-47.61   	106.23(D)	   0.00		
-186.77   	-42.42   	106.23   	  35.61		
-185.85   	-31.74   	106.37   	  86.47		
-189.21   	-23.80   	106.71   	 137.33		
-193.79   	-21.67   	107.26   	 203.46		
-196.53   	-22.28   	108.08   	 259.41		
-196.53   	-22.28   	109.11   	 310.27		
-194.70   	-20.75   	110.36   	 350.97		
-192.87   	-19.23   	111.76   	 376.40		
-192.26   	-18.62   	113.27   	 396.74		
-190.73   	-18.62   	114.85   	 412.00		
-186.46   	-17.40   	116.50   	 417.09		
-181.27   	-14.65   	118.17   	 427.26		
-178.22   	-12.82   	119.88   	 432.35		
-179.44   	-14.65   	121.61   	 437.43		
-184.63   	-21.06   	123.36   	 432.35		
-191.35   	-28.08   	125.09   	 432.35		
-196.23   	-31.13   	126.82   	 417.09		
-198.06   	-26.25   	128.48   	 406.92		
-198.97   	-15.87   	130.11   	 386.57		
-200.50   	 -3.66   	131.66   	 376.40		
-204.47   	  5.80   	133.16   	 356.05		
-210.88   	 10.68   	134.59   	 345.88		
-219.12   	 11.60   	135.97   	 330.62		
-228.58   	 10.07   	137.29   	 325.53		
-236.82   	  8.85   	138.60   	 315.36		
-243.53   	 10.38   	139.86   	 300.10		
-248.72   	 16.17   	141.06   	 295.01		
-254.21   	 25.02   	142.24   	 279.75		
-261.54   	 34.18   	143.36   	 259.41		
-271.00   	 40.89   	144.39   	 244.15		
-281.07   	 45.17   	145.37   	 228.89		
-288.39   	 50.35   	146.29   	 203.46		
-290.83   	 58.29   	147.10   	 193.29		
-288.70   	 68.05   	147.87   	 183.11		
-285.34   	 77.51   	148.61   	 162.77		
-282.90   	 84.53   	149.26   	 157.68		
-282.90   	 89.72   	149.89   	 142.42		
-282.29   	 95.21   	150.46   	 132.25		
-278.02   	103.15   	150.99   	 111.90		
-269.17   	112.30   	151.43   	  86.47		
-257.57   	120.85   	151.78   	  61.04		
-245.06   	127.26   	152.02   	  20.35		
-233.76   	130.31   	152.11(S)	 -20.35		
-222.47   	131.84   	152.02   	 -45.78		
-210.27   	133.36   	151.84   	 -76.30		
-198.36   	137.63   	151.54   	 -86.47		
-187.99   	144.96   	151.19   	 -96.64		
-179.14   	153.20   	150.80   	-106.82		
-169.98   	158.69   	150.38   	-106.82		
-158.08   	158.39   	149.95   	-116.99		
-143.74   	152.89   	149.48   	-132.25		
-128.78   	145.57   	148.95   	-147.51		
-116.27   	140.99   	148.36   	-167.85		
-107.42   	139.77   	147.69   	-198.37		
-101.93   	138.55   	146.90   	-228.89		
-97.05   	133.06   	145.98   	-254.32		
-91.55   	121.77   	144.96   	-284.84		
-84.53   	107.42   	143.82   	-295.01		
-77.82   	 93.38   	142.64   	-310.27		
-73.24   	 81.48   	141.40   	-310.27		
-70.80   	 69.27   	140.16   	-295.01		
-68.97   	 55.24   	138.98   	-259.41		
-65.92   	 40.28   	137.94   	-198.37		
-61.34   	 27.16   	137.15   	-132.25		
-57.68   	 18.01   	136.62   	 -71.21		
-56.15   	 12.82   	136.34   	 -35.61		
-57.07   	 10.07   	136.19   	 -20.35		
-58.59   	  5.80   	136.11   	 -20.35		
-59.20   	  0.31   	136.03   	 -25.43		
-58.59   	 -4.88   	135.93   	 -30.52		
-57.37   	 -7.63   	135.81   	 -35.61		
-55.54   	 -7.02   	135.67   	 -40.69		
-51.88   	 -4.27   	135.50   	 -40.69		
-46.69   	 -0.92   	135.34   	 -50.86		
-43.03   	  3.05   	135.14   	 -50.86		
-43.33   	 12.51   	134.93   	 -66.12		
-47.61   	 31.43   	134.67   	 -81.38		
-53.71   	 58.29   	134.34   	 -91.56		
-57.07   	 85.14   	133.98   	-101.73		
-55.85   	102.84   	133.57   	-111.90		
-51.57   	110.47   	133.12   	-122.07		
-47.00   	113.53   	132.63   	-122.07		
-43.03   	118.71   	132.15   	-127.16		
-39.37   	128.48   	131.64   	-127.16		
-36.32   	138.85   	131.13   	-122.07		
-34.48   	141.30   	130.64   	-122.07		
-32.96   	132.75   	130.15   	-116.99		
-30.82   	114.14   	129.68   	-122.07		
-26.55   	 90.64   	129.20   	-116.99		
-20.14   	 69.89   	128.73   	-111.90		
-12.51   	 57.37   	128.28   	-122.07		
 -4.58   	 53.10   	127.79   	-116.99		
  4.58   	 50.96   	127.32   	-116.99		
 13.12   	 41.81   	126.86   	-111.90		
 16.17   	 21.06   	126.41   	-116.99		
  7.93   	 -7.63   	125.94   	-111.90		
-11.60   	-33.87   	125.49   	-111.90		
-35.71   	-49.74   	125.05   	-111.90		
-54.63   	-55.54   	124.60   	-111.90		
-63.17   	-56.46   	124.15   	-111.90		
-62.56   	-57.68   	123.70   	-116.99		
-59.20   	-60.42   	123.23   	-111.90		
-56.76   	-61.95   	122.79   	-111.90		
-57.07   	-61.95   	122.34   	-111.90		
-57.98   	-63.17   	121.89   	-116.99		
-58.59   	-68.36   	121.42   	-111.90		
-59.51   	-78.13   	120.98   	-122.07		
-60.42   	-86.98   	120.49   	-116.99		
-61.34   	-88.20   	120.02   	-127.16		
-61.04   	-80.57   	119.51   	-127.16		
-59.20   	-69.27   	119.00   	-122.07		
-57.07   	-62.26   	118.51   	-122.07		
-55.54   	-63.48   	118.03   	-116.99		
-52.19   	-67.44   	117.56   	-111.90		
-42.72   	-62.87   	117.11   	-111.90		
-24.11   	-43.03   	116.66   	-106.82		
  3.36   	-10.68   	116.24   	-106.82		
 35.40   	 26.86   	115.81   	-106.82		
 67.75   	 64.39   	115.38   	-106.82		
 97.35   	104.37   	114.95   	-106.82		
121.46   	147.40   	114.53   	-106.82		
133.67   	184.94   	114.10   	-106.82		
130.92   	202.64   	113.67   	-106.82		
120.24   	191.35   	113.24   	-106.82		
124.21   	158.39   	112.82   	-101.73		
168.46   	125.43   	112.41   	-101.73		
260.62   	116.88   	112.00   	 -96.64		
379.03   	144.65   	111.62   	 -96.64		
483.09   	200.81   	111.23   	 -96.64		
538.33(R)	263.67   	110.84   	 -96.64		
537.72   	308.23   	110.46   	 -91.56		
503.54   	317.99   	110.09   	 -96.64		
466.61   	295.72   	109.70   	 -91.56		
447.69   	261.54   	109.34   	 -96.64		
447.08   	240.17   	108.95   	 -91.56		
452.88   	242.00   	108.59   	 -91.56		
448.91   	255.43   	108.22   	 -91.56		
426.03   	259.09   	107.85   	 -86.47		
386.05   	238.34   	107.51   	 -86.47		
338.13   	195.01   	107.16   	 -76.30		
295.10   	145.87   	106.86   	 -76.30		
267.33   	105.29   	106.55   	 -71.21		
255.74   	 74.77   	106.27   	 -66.12		
254.21   	 43.33   	106.00   	 -66.12		
253.91   	 -2.75   	105.74   	 -61.04		
248.41   	-70.19   	105.49   	 -61.04		
236.21   	-154.72   	105.25   	 -55.95		
217.59   	-242.92   	105.03   	 -50.86		
196.23   	-319.82   	104.82   	 -50.86		
176.70   	-375.67   	104.62   	 -50.86		
164.49   	-408.94   	104.41   	 -50.86		
163.88   	-427.25   	104.21   	 -45.78		
173.65   	-439.76   	104.03   	 -50.86		
187.07   	-452.27   	103.82   	 -45.78		
194.70   	-463.87   	103.64   	 -50.86		
187.38   	-465.39   	103.44   	 -50.86		
160.52   	-444.64   	103.23   	 -50.86		
112.61   	-393.98   	103.03   	 -50.86		
 48.52   	-317.99   	102.83   	 -50.86		
-21.97   	-231.63   	102.62   	 -45.78		
-86.67   	-154.42   	102.44   	 -45.78		
-135.80   	-101.01   	102.26   	 -40.69		
-164.49   	-74.77   	102.10   	 -35.61		
-175.48   	-68.05   	101.95   	 -30.52		
-175.78   	-68.97   	101.83   	 -25.43		
-172.42   	-68.66   	101.73   	 -25.43		
-169.68   	-64.39   	101.63   	 -15.26		
-169.37   	-57.68   	101.57   	 -15.26		
-169.98   	-51.57   	101.51   	 -10.17		
-170.29   	-48.22   	101.46(D)	   0.00		
-169.37   	-47.61   	101.46   	  15.26		
-168.15   	-48.22   	101.53   	  40.69		
-166.32   	-49.13   	101.69   	  76.30		
-164.79   	-50.05   	101.99   	 111.90		
-163.27   	-50.05   	102.44   	 162.77		
-161.74   	-49.13   	103.09   	 208.54		
-160.22   	-48.22   	103.93   	 259.41		
-159.91   	-47.30   	104.96   	 300.10		
-160.22   	-46.69   	106.16   	 335.71		
-161.13   	-45.78   	107.51   	 366.22		
-162.05   	-44.25   	108.97   	 386.57		
-163.27   	-42.42   	110.52   	 412.00		
-164.79   	-40.59   	112.17   	 422.18		
-167.24   	-38.76   	113.86   	 432.35		
-170.59   	-36.93   	115.58   	 427.26		
-174.87   	-35.10   	117.29   	 427.26		
-180.05   	-32.96   	119.00   	 417.09		
-186.16   	-30.21   	120.67   	 406.92		
-192.87   	-27.77   	122.30   	 391.66		
-199.89   	-25.02   	123.87   	 371.31		
-206.91   	-22.28   	125.35   	 361.14		
-214.23   	-18.62   	126.80   	 340.79		
-221.56   	-14.95   	128.16   	 330.62		
-228.88   	-10.68   	129.48   	 320.45		
-236.21   	 -5.80   	130.76   	 315.36		
-242.92   	 -0.61   	132.02   	 305.19		
-249.33   	  5.49   	133.24   	 295.01		
-255.13   	 11.90   	134.42   	 289.93		
-260.31   	 18.62   	135.58   	 269.58		
-264.28   	 25.33   	136.66   	 259.41		
-266.72   	 32.04   	137.70   	 244.15		
-267.33   	 39.06   	138.68   	 223.80		
-265.50   	 46.69   	139.57   	 208.54		
-262.15   	 54.63   	140.41   	 183.11		
-257.26   	 62.56   	141.14   	 167.85		
-251.46   	 70.19   	141.81   	 147.51		
-245.36   	 77.51   	142.40   	 122.07		
-238.04   	 85.14   	142.89   	  96.64		
-229.49   	 92.77   	143.28   	  76.30		
-220.03   	100.71   	143.58   	  50.86		
-209.66   	108.03   	143.78   	  35.61		
-199.28   	114.14   	143.93   	  10.17		
-188.60   	119.02   	143.97(S)	 -10.17		
-177.61   	122.38   	143.93   	 -30.52		
-166.02   	124.82   	143.80   	 -55.95		
-154.72   	126.65   	143.58   	 -81.38		
-143.74   	127.87   	143.25   	-111.90		
-133.67   	127.87   	142.81   	-142.42		
-123.60   	126.95   	142.24   	-167.85		
-114.14   	124.82   	141.57   	-193.29		
-105.29   	121.77   	140.79   	-213.63		
-97.66   	117.80   	139.94   	-233.98		
-90.94   	112.61   	139.00   	-259.41		
-84.84   	105.59   	137.96   	-269.58		
-78.43   	 97.05   	136.89   	-279.75		
-72.33   	 87.28   	135.77   	-279.75		
-66.83   	 76.29   	134.65   	-264.50		
-62.87   	 65.92   	133.59   	-228.89		
-60.12   	 55.85   	132.67   	-167.85		
-58.59   	 46.39   	132.00   	-106.82		
-56.76   	 38.15   	131.58   	 -45.78		
-54.93   	 30.52   	131.39   	 -20.35		
-53.10   	 23.80   	131.31   	 -10.17		
-51.57   	 18.31   	131.27   	 -25.43		
-50.35   	 14.04   	131.17   	 -45.78		
-48.83   	 11.60   	130.99   	 -61.04		
-46.39   	 11.90   	130.74   	 -61.04		
-43.03   	 16.17   	130.50   	 -55.95		
-39.67   	 24.41   	130.27   	 -45.78		
-38.15   	 36.01   	130.09   	 -30.52		
-39.37   	 49.13   	129.97   	 -25.43		
-43.33   	 63.17   	129.87   	 -20.35		
-47.91   	 77.82   	129.79   	 -30.52		
-50.66   	 93.38   	129.66   	 -30.52		
-51.27   	109.25   	129.54   	 -45.78		
-49.74   	124.51   	129.36   	 -55.95		
-47.91   	137.63   	129.13   	 -61.04		
-46.08   	146.18   	128.89   	 -71.21		
-45.17   	148.01   	128.61   	 -76.30		
-45.47   	143.13   	128.30   	 -76.30		
-47.91   	132.14   	128.00   	 -86.47		
-50.66   	117.80   	127.65   	 -91.56		
-51.27   	102.54   	127.28   	 -91.56		
-46.08   	 87.89   	126.92   	-101.73		
-34.48   	 72.94   	126.51   	-101.73		
-20.45   	 57.37   	126.10   	-106.82		
 -7.32   	 42.42   	125.68   	-101.73		
  2.44   	 31.43   	125.27   	-106.82		
  9.46   	 26.55   	124.84   	-101.73		
 12.82   	 26.86   	124.43   	-101.73		
  9.16   	 27.77   	124.03   	 -96.64		
 -3.66   	 23.19   	123.64   	 -91.56		
-24.11   	 10.38   	123.28   	 -91.56		
-44.86   	 -8.24   	122.91   	 -86.47		
-58.59   	-27.77   	122.56   	 -86.47		
-62.56   	-42.72   	122.22   	 -91.56		
-59.51   	-51.27   	121.85   	 -91.56		
-55.24   	-53.41   	121.48   	 -91.56		
-53.41   	-52.49   	121.12   	-101.73		
-54.32   	-50.96   	120.71   	 -96.64		
-55.85   	-50.66   	120.33   	 -96.64		
-56.15   	-51.27   	119.94   	 -96.64		
-54.93   	-51.57   	119.55   	 -96.64		
-53.41   	-51.27   	119.17   	 -91.56		
-52.19   	-50.35   	118.80   	 -86.47		
-51.88   	-49.13   	118.45   	 -86.47		
-51.88   	-47.91   	118.11   	 -81.38		
-50.35   	-46.08   	117.78   	 -81.38		
-44.56   	-40.89   	117.46   	 -86.47		
-31.74   	-29.91   	117.11   	 -86.47		
-12.21   	-11.60   	116.76   	 -91.56		
 12.21   	 14.95   	116.40   	 -96.64		
 39.06   	 48.22   	116.01   	 -96.64		
 66.53   	 87.28   	115.63   	-101.73		
 93.69   	129.70   	115.22   	-106.82		
116.27   	167.54   	114.79   	-101.73		
126.95   	189.82   	114.38   	-106.82		
121.77   	187.99   	113.96   	-101.73		
109.86   	161.74   	113.55   	 -96.64		
114.75   	122.38   	113.16   	 -91.56		
164.18   	 85.75   	112.80   	 -81.38		
265.50   	 65.00   	112.47   	 -81.38		
396.12   	 66.22   	112.15   	 -71.21		
515.75   	 87.28   	111.86   	 -71.21		
590.21   	119.63   	111.58   	 -71.21		
611.27(R)	148.32   	111.29   	 -76.30		
598.14   	159.61   	110.99   	 -76.30		
578.61   	147.71   	110.68   	 -86.47		
571.29   	121.15   	110.34   	 -91.56		
578.31   	 97.05   	109.97   	 -91.56		
587.16   	 87.28   	109.60   	 -96.64		
583.50   	 88.20   	109.22   	 -96.64		
559.69   	 85.75   	108.83   	 -91.56		
518.49   	 68.97   	108.46   	 -86.47		
472.41   	 39.06   	108.12   	 -81.38		
435.79   	  6.41   	107.79   	 -76.30		
416.87   	-21.06   	107.49   	 -71.21		
413.21   	-44.25   	107.20   	 -66.12		
416.26   	-69.89   	106.94   	 -61.04		
416.56   	-103.15   	106.69   	 -55.95		
411.99   	-141.30   	106.47   	 -50.86		
404.36   	-177.61   	106.27   	 -45.78		
395.51   	-205.08   	106.08   	 -35.61		
385.13   	-220.34   	105.94   	 -35.61		
371.09   	-223.08   	105.80   	 -30.52		
351.56   	-213.93   	105.68   	 -25.43		
327.15   	-198.06   	105.57   	 -20.35		
298.77   	-183.41   	105.49   	 -15.26		
266.72   	-179.44   	105.43   	 -20.35		
229.80   	-192.57   	105.35   	 -20.35		
187.38   	-218.81   	105.27   	 -20.35		
138.55   	-242.61   	105.19   	 -30.52		
 83.31   	-244.45   	105.07   	 -35.61		
 23.50   	-214.23   	104.92   	 -35.61		
-38.15   	-158.39   	104.78   	 -40.69		
-97.66   	-95.52   	104.62   	 -40.69		
-148.01   	-47.00   	104.46   	 -35.61		
-184.33   	-23.50   	104.31   	 -25.43		
-205.08   	-20.45   	104.21   	 -10.17		
-211.49   	-25.02   	104.17(D)	   5.09		
-209.05   	-26.86   	104.19   	  30.52		
-204.77   	-22.89   	104.31   	  71.21		
-202.64   	-15.87   	104.60   	 116.99		
-203.55   	-10.68   	105.07   	 172.94		
-206.30   	 -8.85   	105.76   	 228.89		
-208.13   	 -9.46   	106.67   	 279.75		
-208.44   	-10.38   	107.79   	 320.45		
-207.52   	-10.07   	109.07   	 361.14		
-206.60   	 -8.54   	110.52   	 391.66		
-206.60   	 -6.41   	112.09   	 412.00		
-206.91   	 -4.27   	113.73   	 437.43		
-207.21   	 -2.75   	115.48   	 452.69		
-207.52   	 -1.53   	117.29   	 462.87		
-207.82   	 -0.31   	119.15   	 473.04		
-208.44   	  1.22   	121.04   	 483.21		
-209.05   	  3.36   	122.97   	 483.21		
-209.96   	  5.49   	124.90   	 478.13		
-211.49   	  7.63   	126.82   	 462.87		
-213.93   	 10.38   	128.67   	 447.61		
-217.90   	 13.43   	130.46   	 437.43		
-222.78   	 17.70   	132.21   	 417.09		
-228.27   	 22.89   	133.88   	 406.92		
-234.38   	 28.08   	135.50   	 391.66		
-241.09   	 32.04   	137.07   	 386.57		
-247.80   	 35.40   	138.62   	 371.31		
-254.82   	 38.45   	140.10   	 361.14		
-261.54   	 42.72   	141.55   	 345.88		
-268.25   	 48.52   	142.93   	 330.62		
-275.57   	 55.24   	144.25   	 315.36		
-283.20   	 62.26   	145.51   	 300.10		
-290.83   	 69.27   	146.71   	 289.93		
-297.24   	 76.60   	147.87   	 284.84		
-301.82   	 83.92   	149.01   	 269.58		
-305.18   	 91.55   	150.09   	 254.32		
-307.62   	 98.88   	151.11   	 239.06		
-309.45   	105.90   	152.06   	 218.72		
-310.36   	113.22   	152.94   	 193.29		
-309.45   	121.15   	153.71   	 172.94		
-306.40   	130.00   	154.40   	 157.68		
-301.21   	139.16   	155.03   	 137.33		
-294.80   	147.09   	155.58   	 127.16		
-286.87   	153.20   	156.09   	 106.82		
-278.02   	158.39   	156.52   	  86.47		
-268.55   	163.27   	156.87   	  55.95		
-258.18   	168.15   	157.09   	  35.61		
-247.19   	172.73   	157.23   	  15.26		
-235.60   	175.78   	157.29(S)	 -10.17		
-223.08   	176.70   	157.25   	 -25.43		
-210.27   	175.78   	157.15   	 -40.69		
-197.75   	173.65   	156.99   	 -66.12		
-185.24   	170.29   	156.72   	 -86.47		
-172.73   	166.63   	156.38   	-106.82		
-160.22   	162.05   	155.95   	-127.16		
-148.01   	156.56   	155.44   	-147.51		
-136.72   	149.84   	154.85   	-172.94		
-126.95   	142.52   	154.16   	-193.29		
-118.10   	133.67   	153.39   	-213.63		
-109.56   	123.29   	152.53   	-239.06		
-101.32   	111.69   	151.58   	-259.41		
-93.38   	 99.49   	150.54   	-279.75		
-86.06   	 87.59   	149.42   	-295.01		
-79.96   	 76.29   	148.24   	-295.01		
-73.85   	 65.31   	147.06   	-279.75		
-68.36   	 54.63   	145.94   	-223.80		
-63.48   	 43.33   	145.05   	-162.77		
-60.42   	 32.65   	144.39   	-101.73		
-58.59   	 22.58   	143.99   	 -55.95		
-57.98   	 14.95   	143.76   	 -45.78		
-57.37   	  9.77   	143.58   	 -50.86		
-55.24   	  7.63   	143.38   	 -66.12		
-51.27   	  8.54   	143.11   	 -81.38		
-46.69   	 12.51   	142.79   	 -86.47		
-42.72   	 19.53   	142.44   	 -91.56		
-40.89   	 29.30   	142.07   	 -76.30		
-41.81   	 41.20   	141.77   	 -71.21		
-45.17   	 54.63   	141.48   	 -61.04		
-49.44   	 69.58   	141.24   	 -61.04		
-52.19   	 85.75   	141.00   	 -66.12		
-53.10   	101.93   	140.73   	 -76.30		
-52.19   	116.88   	140.43   	 -86.47		
-50.96   	128.48   	140.08   	 -91.56		
-49.44   	135.80   	139.71   	-101.73		
-48.22   	138.24   	139.31   	-106.82		
-47.91   	134.89   	138.88   	-111.90		
-49.44   	125.73   	138.43   	-116.99		
-51.88   	112.00   	137.96   	-116.99		
-52.49   	 96.13   	137.50   	-122.07		
-47.91   	 79.65   	137.01   	-122.07		
-37.23   	 64.09   	136.52   	-122.07		
-23.19   	 49.13   	136.03   	-122.07		
 -9.16   	 35.71   	135.54   	-127.16		
  2.75   	 25.94   	135.04   	-122.07		
 11.60   	 21.67   	134.55   	-127.16		
 16.48   	 22.89   	134.04   	-127.16		
 14.04   	 25.02   	133.53   	-127.16		
  1.83   	 21.67   	133.02   	-127.16		
-19.23   	  9.46   	132.51   	-122.07		
-42.11   	-10.68   	132.02   	-116.99		
-58.90   	-32.65   	131.56   	-116.99		
-65.00   	-50.05   	131.09   	-111.90		
-62.56   	-58.90   	130.64   	-116.99		
-57.68   	-60.12   	130.17   	-116.99		
-54.63   	-57.68   	129.70   	-116.99		
-54.32   	-54.93   	129.24   	-111.90		
-55.24   	-54.02   	128.79   	-116.99		
-55.85   	-54.32   	128.32   	-111.90		
-55.54   	-55.24   	127.87   	-111.90		
-54.32   	-55.24   	127.43   	-106.82		
-53.10   	-54.93   	127.00   	-101.73		
-52.49   	-54.32   	126.59   	-101.73		
-52.19   	-53.71   	126.18   	 -96.64		
-51.27   	-52.49   	125.80   	 -96.64		
-47.30   	-48.22   	125.41   	 -91.56		
-36.62   	-38.15   	125.05   	 -96.64		
-18.31   	-20.45   	124.66   	 -91.56		
  6.10   	  5.19   	124.29   	-101.73		
 33.26   	 37.84   	123.89   	-101.73		
 61.04   	 76.29   	123.48   	-111.90		
 88.50   	118.41   	123.03   	-116.99		
112.92   	155.64   	122.56   	-127.16		
127.56   	177.31   	122.05   	-127.16		
128.17   	172.12   	121.55   	-132.25		
121.15   	138.55   	121.02   	-127.16		
128.17   	 88.20   	120.51   	-127.16		
177.31   	 39.37   	120.00   	-116.99		
278.32   	  7.32   	119.53   	-111.90		
411.99   	  0.31   	119.08   	-106.82		
538.33   	 16.17   	118.66   	 -96.64		
620.73   	 44.86   	118.27   	 -96.64		
648.50(R)	 71.11   	117.88   	 -91.56		
638.12   	 80.57   	117.52   	 -86.47		
619.81   	 67.75   	117.17   	 -81.38		
613.10   	 40.28   	116.85   	 -86.47		
620.73   	 15.26   	116.50   	 -86.47		
629.88   	  5.49   	116.15   	 -86.47		
625.61   	  7.93   	115.81   	 -86.47		
599.67   	  8.85   	115.46   	 -86.47		
555.11   	 -3.66   	115.12   	 -86.47		
504.15   	-30.82   	114.77   	 -86.47		
462.04   	-63.17   	114.42   	 -81.38		
437.62   	-90.64   	114.10   	 -76.30		
429.99   	-111.39   	113.79   	 -71.21		
429.99   	-131.84   	113.51   	 -61.04		
428.16   	-158.39   	113.27   	 -61.04		
420.84   	-191.35   	113.02   	 -61.04		
409.24   	-225.22   	112.78   	 -50.86		
395.51   	-251.77   	112.57   	 -50.86		
380.55   	-265.20   	112.37   	 -45.78		
362.85   	-263.06   	112.19   	 -45.78		
341.80   	-247.50   	112.00   	 -35.61		
317.08   	-225.22   	111.86   	 -30.52		
289.00   	-205.38   	111.74   	 -25.43		
257.87   	-198.06   	111.64   	 -20.35		
221.86   	-208.44   	111.56   	 -15.26		
181.27   	-231.93   	111.49   	 -20.35		
134.89   	-252.08   	111.41   	 -25.43		
 82.09   	-249.94   	111.31   	 -25.43		
 23.50   	-215.45   	111.21   	 -35.61		
-39.06   	-155.33   	111.07   	 -35.61		
-99.49   	-90.03   	110.93   	 -45.78		
-150.15   	-40.28   	110.74   	 -45.78		
-184.94   	-15.56   	110.56   	 -45.78		
-202.64   	-11.29   	110.38   	 -45.78		
-206.60   	-14.95   	110.19   	 -35.61		
-203.86   	-17.09   	110.05   	 -30.52		
-200.50   	-13.73   	109.93   	 -15.26		
-199.28   	 -7.93   	109.87(D)	   5.09		
-200.50   	 -2.14   	109.89   	  40.69		
-202.64   	  2.14   	110.05   	  81.38		
-204.16   	  5.49   	110.38   	 137.33		
-205.38   	  8.85   	110.93   	 183.11		
-206.30   	 13.73   	111.66   	 239.06		
-206.91   	 19.84   	112.61   	 284.84		
-207.21   	 27.16   	113.75   	 320.45		
-206.60   	 33.87   	115.04   	 350.97		
-205.08   	 37.84   	116.44   	 376.40		
-203.55   	 37.54   	117.94   	 396.74		
-202.94   	 32.96   	119.53   	 412.00		
-203.86   	 25.33   	121.18   	 417.09		
-205.69   	 18.31   	122.85   	 422.18		
-207.82   	 15.26   	124.54   	 427.26		
-209.66   	 18.31   	126.25   	 422.18		
-212.10   	 25.63   	127.93   	 427.26		
-216.37   	 34.48   	129.64   	 422.18		
-222.47   	 41.20   	131.33   	 406.92		
-230.10   	 44.25   	132.96   	 401.83		
-238.04   	 44.56   	134.57   	 381.48		
-245.67   	 42.42   	136.09   	 371.31		
-253.91   	 38.76   	137.58   	 350.97		
-262.45   	 35.40   	138.98   	 340.79		
-270.69   	 34.79   	140.35   	 320.45		
-277.71   	 39.06   	141.63   	 305.19		
-283.20   	 49.13   	142.85   	 295.01		
-287.78   	 63.17   	144.03   	 279.75		
-292.66   	 76.90   	145.15   	 259.41		
-298.46   	 87.59   	146.18   	 239.06		
-305.18   	 93.99   	147.14   	 228.89		
-312.19   	 98.27   	148.06   	 208.54		
-318.60   	103.15   	148.89   	 203.46		
-323.18   	110.47   	149.70   	 183.11		
-323.49   	121.46   	150.44   	 167.85		
-318.60   	134.28   	151.11   	 152.59		
-309.14   	147.71   	151.72   	 137.33		
-298.16   	159.61   	152.27   	 122.07		
-288.09   	168.76   	152.76   	 101.73		
-281.07   	174.87   	153.16   	  91.56		
-275.27   	178.53   	153.53   	  66.12		
-267.64   	179.75   	153.79   	  55.95		
-256.04   	179.44   	154.02   	  30.52		
-240.17   	177.92   	154.14   	  15.26		
-223.69   	174.87   	154.20(S)	 -10.17		
-209.35   	169.68   	154.16   	 -25.43		
-197.75   	164.49   	154.06   	 -50.86		
-188.60   	161.44   	153.85   	 -71.21		
-179.44   	162.96   	153.57   	 -86.47		
-168.15   	168.46   	153.22   	-106.82		
-154.72   	172.73   	152.80   	-122.07		
-140.08   	169.07   	152.31   	-147.51		
-126.95   	155.64   	151.72   	-167.85		
-115.97   	136.41   	151.05   	-198.37		
-106.20   	119.02   	150.25   	-228.89		
-97.96   	108.95   	149.34   	-259.41		
-90.33   	104.98   	148.30   	-284.84		
-83.01   	103.15   	147.16   	-295.01		
-76.90   	 97.05   	145.98   	-305.19		
-71.11   	 83.62   	144.76   	-295.01		
-65.92   	 64.70   	143.58   	-264.50		
-61.34   	 44.86   	142.52   	-218.72		
-57.68   	 28.38   	141.65   	-152.59		
-56.15   	 16.48   	141.04   	 -96.64		
-55.85   	  8.24   	140.65   	 -55.95		
-56.46   	 -0.31   	140.43   	 -45.78		
-57.37   	 -9.77   	140.24   	 -45.78		
-57.37   	-17.09   	140.06   	 -50.86		
-56.15   	-18.62   	139.86   	 -61.04		
-53.71   	-13.12   	139.61   	 -66.12		
-50.35   	 -3.36   	139.35   	 -66.12		
-46.69   	  6.41   	139.08   	 -66.12		
-42.42   	 14.95   	138.82   	 -61.04		
-39.98   	 22.89   	138.58   	 -61.04		
-40.89   	 33.87   	138.33   	 -71.21		
-44.86   	 50.05   	138.05   	 -81.38		
-50.35   	 68.97   	137.72   	 -91.56		
-54.63   	 86.67   	137.35   	-101.73		
-54.63   	100.40   	136.95   	-111.90		
-51.27   	110.17   	136.50   	-116.99		
-46.69   	117.19   	136.03   	-116.99		
-43.03   	122.99   	135.56   	-127.16		
-40.59   	126.65   	135.06   	-122.07		
-39.98   	126.34   	134.57   	-127.16		
-40.59   	122.07   	134.06   	-122.07		
-40.59   	113.53   	133.57   	-116.99		
-37.84   	101.62   	133.10   	-111.90		
-29.60   	 86.98   	132.65   	-111.90		
-16.78   	 70.19   	132.21   	-106.82		
 -3.05   	 53.71   	131.78   	-106.82		
  8.54   	 39.06   	131.35   	-101.73		
 16.48   	 27.47   	130.95   	-101.73		
 19.84   	 17.09   	130.54   	-101.73		
 17.09   	  6.10   	130.13   	-101.73		
  6.10   	 -6.10   	129.72   	-106.82		
-13.12   	-18.62   	129.30   	-106.82		
-36.01   	-28.69   	128.87   	-111.90		
-54.63   	-36.93   	128.42   	-116.99		
-64.70   	-45.78   	127.95   	-127.16		
-65.92   	-56.76   	127.45   	-132.25		
-62.87   	-67.75   	126.92   	-142.42		
-58.90   	-75.38   	126.35   	-142.42		
-56.76   	-77.21   	125.78   	-147.51		
-55.24   	-74.77   	125.19   	-147.51		
-53.71   	-72.94   	124.60   	-142.42		
-51.88   	-75.38   	124.03   	-137.33		
-50.96   	-80.26   	123.48   	-137.33		
-50.96   	-82.09   	122.93   	-127.16		
-51.88   	-76.60   	122.42   	-127.16		
-52.19   	-64.70   	121.91   	-122.07		
-50.66   	-52.19   	121.42   	-122.07		
-45.78   	-45.78   	120.94   	-116.99		
-36.93   	-46.69   	120.47   	-111.90		
-21.36   	-47.30   	120.02   	-111.90		
  0.00   	-37.23   	119.57   	-111.90		
 26.25   	 -8.85   	119.12   	-111.90		
 54.63   	 39.37   	118.68   	-116.99		
 84.23   	100.10   	118.21   	-111.90		
111.39   	157.47   	117.76   	-122.07		
128.78   	194.09   	117.27   	-122.07		
130.92   	199.89   	116.78   	-122.07		
121.77   	175.17   	116.30   	-116.99		
119.32   	134.89   	115.83   	-116.99		
151.37   	 99.79   	115.36   	-111.90		
233.76   	 85.14   	114.91   	-106.82		
355.53   	 97.66   	114.49   	-106.82		
478.52   	133.36   	114.06   	 -96.64		
563.05   	180.97   	113.67   	 -96.64		
589.90(R)	227.66   	113.29   	 -91.56		
571.29   	260.31   	112.92   	 -91.56		
538.33   	271.61   	112.55   	 -86.47		
518.49   	263.67   	112.21   	 -86.47		
520.02   	247.50   	111.86   	 -86.47		
531.31   	233.46   	111.52   	 -76.30		
533.45   	225.22   	111.21   	 -76.30		
513.00   	216.98   	110.90   	 -66.12		
469.67   	200.20   	110.64   	 -66.12		
414.43   	172.73   	110.38   	 -66.12		
362.85   	139.77   	110.11   	 -61.04		
326.23   	109.25   	109.87   	 -61.04		
307.01   	 85.75   	109.62   	 -55.95		
298.77   	 64.09   	109.40   	 -61.04		
292.05   	 34.79   	109.16   	 -61.04		
281.07   	-10.68   	108.91   	 -61.04		
263.98   	-74.46   	108.67   	 -61.04		
240.78   	-150.45   	108.42   	 -61.04		
214.54   	-226.14   	108.18   	 -61.04		
188.29   	-287.78   	107.93   	 -66.12		
166.32   	-328.06   	107.67   	 -61.04		
154.11   	-348.51   	107.43   	 -61.04		
154.11   	-357.67   	107.18   	 -61.04		
161.74   	-366.82   	106.94   	 -61.04		
169.98   	-382.08   	106.69   	 -55.95		
170.29   	-398.86   	106.47   	 -55.95		
155.94   	-404.36   	106.25   	 -61.04		
122.38   	-383.00   	106.00   	 -55.95		
 69.89   	-327.45   	105.78   	 -61.04		
  4.58   	-245.06   	105.53   	 -66.12		
-62.87   	-156.56   	105.27   	 -66.12		
-119.32   	-86.98   	105.00   	 -61.04		
-156.56   	-50.96   	104.76   	 -66.12		
-174.56   	-46.08   	104.50   	 -55.95		
-179.44   	-58.29   	104.27   	 -50.86		
-177.61   	-71.11   	104.07   	 -45.78		
-174.87   	-73.85   	103.89   	 -30.52		
-172.73   	-65.31   	103.76   	 -25.43		
-171.20   	-50.35   	103.66   	 -10.17		
-170.29   	-36.32   	103.62(D)	   0.00		
-169.37   	-29.30   	103.62   	  25.43		
-168.76   	-30.52   	103.72   	  50.86		
-168.15   	-36.01   	103.93   	  86.47		
-166.63   	-41.20   	104.27   	 137.33		
-164.49   	-45.47   	104.82   	 188.20		
-162.05   	-50.35   	105.57   	 233.98		
-160.22   	-56.76   	106.51   	 274.67		
-160.83   	-59.20   	107.61   	 315.36		
-162.66   	-50.66   	108.87   	 340.79		
-164.18   	-30.82   	110.23   	 366.22		
-163.57   	-10.07   	111.70   	 381.48		
-160.83   	 -1.83   	113.22   	 391.66		
-158.08   	-13.12   	114.79   	 401.83		
-157.78   	-37.23   	116.40   	 401.83		
-161.13   	-59.20   	118.01   	 401.83		
-167.24   	-63.17   	119.61   	 391.66		
-173.95   	-45.17   	121.18   	 381.48		
-179.44   	-14.34   	122.71   	 371.31		
-183.41   	 12.51   	124.19   	 350.97		
-186.77   	 20.75   	125.59   	 340.79		
-191.35   	  6.41   	126.96   	 325.53		
-197.75   	-19.53   	128.26   	 305.19		
-205.69   	-38.76   	129.48   	 300.10		
-213.93   	-36.62   	130.68   	 284.84		
-220.34   	-13.12   	131.82   	 269.58		
-224.61   	 19.23   	132.90   	 269.58		
-226.44   	 42.72   	133.98   	 259.41		
-226.75   	 47.61   	135.01   	 254.32		
-225.83   	 37.23   	136.03   	 244.15		
-225.22   	 24.11   	137.01   	 233.98		
-225.52   	 19.84   	137.94   	 223.80		
-225.22   	 30.21   	138.84   	 208.54		
-223.69   	 52.19   	139.67   	 188.20		
-219.73   	 78.13   	140.43   	 172.94		
-213.01   	 99.49   	141.12   	 157.68		
-204.77   	111.08   	141.75   	 132.25		
-195.31   	112.92   	142.28   	 116.99		
-186.16   	108.95   	142.75   	  91.56		
-177.00   	106.20   	143.11   	  76.30		
-167.85   	109.25   	143.42   	  61.04		
-158.69   	118.71   	143.66   	  45.78		
-148.93   	131.53   	143.84   	  25.43		
-138.85   	142.82   	143.95   	  15.26		
-129.39   	150.15   	144.01(S)	  -5.09		
-119.93   	153.20   	143.99   	 -25.43		
-111.39   	153.50   	143.89   	 -40.69		
-103.15   	152.59   	143.72   	 -66.12		
-95.52   	151.37   	143.46   	 -86.47		
-88.81   	149.84   	143.11   	-111.90		
-83.01   	147.40   	142.66   	-132.25		
-78.13   	142.82   	142.14   	-152.59		
-73.85   	136.11   	141.53   	-178.03		
-69.89   	126.95   	140.81   	-188.20		
-66.22   	115.66   	140.06   	-208.54		
-63.78   	103.15   	139.23   	-218.72		
-62.26   	 90.64   	138.35   	-228.89		
-60.73   	 78.43   	137.44   	-233.98		
-58.90   	 66.83   	136.50   	-239.06		
-56.15   	 55.85   	135.54   	-228.89		
-54.02   	 45.17   	134.63   	-208.54		
-53.10   	 35.10   	133.79   	-157.68		
-53.10   	 25.94   	133.16   	 -96.64		
-54.02   	 18.01   	132.78   	 -30.52		
-54.32   	 11.60   	132.65   	  10.17		
-54.02   	  6.71   	132.70   	  25.43		
-54.02   	  3.05   	132.80   	  15.26		
-53.71   	  1.53   	132.86   	  -5.09		
-52.80   	  2.75   	132.84   	 -20.35		
-50.35   	  8.24   	132.76   	 -30.52		
-47.00   	 17.70   	132.63   	 -30.52		
-44.86   	 30.21   	132.51   	 -25.43		
-45.17   	 44.56   	132.41   	 -15.26		
-47.61   	 59.81   	132.35   	 -15.26		
-50.96   	 75.07   	132.29   	 -20.35		
-53.41   	 91.25   	132.21   	 -30.52		
-54.02   	107.73   	132.08   	 -45.78		
-52.80   	123.90   	131.90   	 -61.04		
-50.66   	137.63   	131.66   	 -81.38		
-47.61   	147.40   	131.33   	 -86.47		
-44.56   	151.06   	130.99   	 -96.64		
-43.03   	148.01   	130.60   	 -96.64		
-44.25   	138.85   	130.21   	 -96.64		
-46.69   	126.04   	129.83   	-101.73		
-46.69   	111.69   	129.42   	 -96.64		
-41.20   	 96.74   	129.03   	-101.73		
-29.91   	 81.18   	128.63   	 -96.64		
-16.48   	 64.39   	128.24   	-101.73		
 -5.19   	 47.30   	127.83   	 -96.64		
  2.75   	 32.96   	127.45   	-101.73		
  7.93   	 24.41   	127.04   	-101.73		
 10.07   	 21.36   	126.63   	 -96.64		
  6.10   	 18.92   	126.25   	 -91.56		
 -6.71   	 12.51   	125.88   	 -96.64		
-25.94   	 -1.53   	125.49   	 -86.47		
-45.17   	-20.75   	125.15   	 -91.56		
-57.37   	-40.28   	124.78   	 -86.47		
-60.42   	-55.24   	124.43   	 -91.56		
-56.76   	-62.56   	124.07   	 -96.64		
-52.19   	-63.78   	123.68   	 -96.64		
-49.74   	-61.65   	123.30   	 -96.64		
-49.74   	-59.51   	122.91   	 -96.64		
-50.66   	-58.90   	122.52   	-101.73		
-51.57   	-58.90   	122.12   	-106.82		
-51.88   	-58.90   	121.69   	-106.82		
-51.57   	-58.29   	121.26   	-111.90		
-50.66   	-57.07   	120.81   	-111.90		
-49.13   	-56.15   	120.37   	-111.90		
-47.30   	-54.63   	119.92   	-116.99		
-43.95   	-51.88   	119.45   	-111.90		
-37.23   	-45.78   	119.00   	-106.82		
-24.41   	-34.48   	118.58   	-106.82		
 -5.19   	-16.48   	118.15   	-101.73		
 18.92   	  8.24   	117.74   	 -96.64		
 44.86   	 39.67   	117.35   	-101.73		
 71.11   	 77.82   	116.95   	 -96.64		
 96.13   	119.02   	116.56   	 -91.56		
115.36   	155.33   	116.19   	 -96.64		
122.07   	175.78   	115.81   	 -86.47		
113.53   	171.81   	115.46   	 -86.47		
101.01   	144.35   	115.12   	 -76.30		
109.86   	106.81   	114.81   	 -71.21		
165.10   	 75.68   	114.53   	 -66.12		
270.69   	 63.48   	114.26   	 -61.04		
400.39   	 75.68   	114.02   	 -55.95		
513.31   	106.51   	113.79   	 -55.95		
577.70   	144.35   	113.57   	 -55.95		
589.90(R)	173.95   	113.35   	 -61.04		
570.98   	182.80   	113.10   	 -61.04		
549.93   	168.15   	112.86   	 -71.21		
543.52   	141.60   	112.57   	 -71.21		
550.54   	120.24   	112.29   	 -76.30		
558.17   	112.00   	111.98   	 -81.38		
551.76   	110.78   	111.66   	 -81.38		
524.90   	102.84   	111.33   	 -76.30		
483.40   	 80.87   	111.03   	 -76.30		
441.59   	 48.83   	110.72   	 -71.21		
412.90   	 17.09   	110.44   	 -71.21		
403.75   	 -7.32   	110.15   	 -66.12		
409.24   	-27.77   	109.89   	 -61.04		
418.70   	-53.41   	109.64   	 -55.95		
424.19   	-90.03   	109.42   	 -50.86		
423.58   	-135.80   	109.22   	 -50.86		
418.40   	-181.88   	109.01   	 -45.78		
410.77   	-217.90   	108.83   	 -45.78		
399.78   	-237.43   	108.65   	 -40.69		
383.30   	-238.95   	108.48   	 -40.69		
359.50   	-226.44   	108.32   	 -30.52		
328.98   	-209.66   	108.20   	 -25.43		
293.27   	-199.28   	108.10   	 -20.35		
254.21   	-204.47   	108.02   	 -15.26		
212.40   	-227.05   	107.95   	 -20.35		
168.46   	-256.65   	107.87   	 -20.35		
120.24   	-274.05   	107.79   	 -25.43		
 66.83   	-261.54   	107.69   	 -40.69		
  8.24   	-215.15   	107.53   	 -40.69		
-52.19   	-148.93   	107.36   	 -50.86		
-108.64   	-87.59   	107.16   	 -50.86		
-153.20   	-49.13   	106.96   	 -50.86		
-181.27   	-36.32   	106.75   	 -45.78		
-192.87   	-38.45   	106.57   	 -35.61		
-192.57   	-42.42   	106.43   	 -25.43		
-187.68   	-40.89   	106.33   	 -10.17		
-184.63   	-35.40   	106.29(D)	  15.26		
-185.55   	-29.91   	106.35   	  50.86		
-188.60   	-26.86   	106.55   	  96.64		
-191.04   	-25.02   	106.94   	 147.51		
-191.04   	-23.19   	107.53   	 198.37		
-188.90   	-20.75   	108.32   	 254.32		
-186.77   	-18.31   	109.34   	 295.01		
-185.85   	-16.78   	110.52   	 335.71		
-186.77   	-16.17   	111.86   	 361.14		
-188.29   	-16.17   	113.31   	 381.48		
-189.82   	-16.17   	114.83   	 401.83		
-190.73   	-15.26   	116.44   	 422.18		
-190.73   	-13.12   	118.13   	 437.43		
-190.73   	-10.07   	119.88   	 447.61		
-191.35   	 -6.71   	121.67   	 452.69		
-193.18   	 -3.66   	123.48   	 457.78		
-196.23   	 -1.83   	125.31   	 452.69		
-200.20   	 -0.92   	127.12   	 447.61		
-204.16   	 -0.61   	128.91   	 432.35		
-208.13   	  0.61   	130.64   	 422.18		
-212.40   	  3.36   	132.33   	 406.92		
-217.90   	  7.63   	133.96   	 396.74		
-224.61   	 12.51   	135.54   	 381.48		
-232.24   	 16.78   	137.07   	 366.22		
-240.48   	 20.45   	138.53   	 350.97		
-248.72   	 23.80   	139.94   	 335.71		
-256.65   	 27.16   	141.28   	 320.45		
-264.28   	 31.43   	142.56   	 310.27		
-271.61   	 36.93   	143.80   	 295.01		
-277.71   	 43.95   	144.98   	 284.84		
-282.90   	 51.57   	146.12   	 269.58		
-287.48   	 60.12   	147.20   	 254.32		
-291.44   	 69.27   	148.22   	 244.15		
-294.80   	 78.13   	149.20   	 223.80		
-297.24   	 86.67   	150.09   	 203.46		
-297.55   	 94.91   	150.90   	 193.29		
-295.72   	102.23   	151.68   	 178.03		
-291.75   	108.95   	152.39   	 162.77		
-286.56   	115.66   	153.04   	 142.42		
-280.15   	122.99   	153.61   	 127.16		
-272.52   	130.92   	154.12   	 101.73		
-263.98   	138.85   	154.53   	  76.30		
-253.91   	145.87   	154.83   	  55.95		
-242.61   	150.76   	155.06   	  35.61		
-230.41   	153.20   	155.20   	  10.17		
-217.90   	153.81   	155.24(S)	 -10.17		
-204.77   	153.81   	155.20   	 -25.43		
-191.96   	153.50   	155.10   	 -45.78		
-179.14   	152.28   	154.91   	 -66.12		
-166.63   	149.54   	154.65   	 -76.30		
-154.42   	144.96   	154.34   	 -86.47		
-142.21   	138.24   	154.00   	-106.82		
-130.31   	130.62   	153.57   	-122.07		
-118.71   	121.77   	153.08   	-147.51		
-108.03   	112.61   	152.49   	-178.03		
-98.27   	102.54   	151.78   	-198.37		
-89.42   	 92.16   	150.99   	-228.89		
-81.48   	 80.87   	150.07   	-254.32		
-74.16   	 69.27   	149.05   	-269.58		
-67.44   	 57.37   	147.98   	-279.75		
-61.65   	 45.47   	146.86   	-274.67		
-56.76   	 33.26   	145.76   	-249.24		
-52.80   	 21.06   	144.76   	-193.29		
-49.74   	  8.54   	143.99   	-127.16		
-47.91   	 -2.44   	143.48   	 -71.21		
-46.39   	-11.60   	143.19   	 -30.52		
-45.17   	-18.01   	143.07   	 -25.43		
-43.33   	-22.58   	142.97   	 -30.52		
-41.50   	-25.63   	142.85   	 -55.95		
-39.06   	-26.86   	142.62   	 -76.30		
-36.32   	-24.41   	142.32   	 -81.38		
-32.96   	-17.09   	141.99   	 -86.47		
-29.91   	 -5.80   	141.65   	 -76.30		
-28.99   	  7.63   	141.34   	 -61.04		
-30.82   	 21.67   	141.10   	 -61.04		
-35.40   	 35.71   	140.85   	 -61.04		
-39.98   	 50.35   	140.61   	 -61.04		
-43.03   	 65.61   	140.37   	 -71.21		
-43.33   	 81.18   	140.08   	 -76.30		
-41.20   	 95.83   	139.78   	 -86.47		
-37.54   	107.42   	139.43   	 -86.47		
-33.57   	113.83   	139.08   	 -86.47		
-31.13   	114.44   	138.74   	 -91.56		
-32.65   	107.12   	138.37   	 -96.64		
-36.93   	 92.77   	137.99   	 -96.64		
-40.59   	 74.16   	137.60   	 -96.64		
-38.15   	 54.63   	137.21   	-101.73		
-27.77   	 36.62   	136.81   	-101.73		
-11.60   	 21.67   	136.40   	-111.90		
  5.19   	 10.07   	135.95   	-106.82		
 17.70   	  2.75   	135.52   	-111.90		
 25.63   	 -0.31   	135.08   	-116.99		
 28.69   	 -0.61   	134.61   	-111.90		
 25.94   	 -0.92   	134.16   	-111.90		
 14.65   	 -6.41   	133.71   	-106.82		
 -4.58   	-18.31   	133.29   	-101.73		
-26.86   	-36.32   	132.88   	-101.73		
-44.25   	-55.85   	132.47   	-101.73		
-52.19   	-72.33   	132.06   	-101.73		
-51.27   	-82.70   	131.66   	-101.73		
-46.69   	-86.06   	131.25   	-106.82		
-43.03   	-84.84   	130.82   	-106.82		
-41.81   	-82.40   	130.40   	-106.82		
-42.11   	-81.48   	129.97   	-106.82		
-42.11   	-83.01   	129.54   	-106.82		
-42.11   	-85.75   	129.11   	-106.82		
-41.81   	-87.89   	128.69   	-106.82		
-41.50   	-87.89   	128.26   	-106.82		
-41.20   	-86.67   	127.83   	-101.73		
-40.89   	-84.53   	127.43   	-101.73		
-39.98   	-81.79   	127.02   	-101.73		
-36.32   	-76.90   	126.61   	-101.73		
-27.47   	-67.44   	126.20   	-101.73		
-11.90   	-51.57   	125.80   	-101.73		
  8.85   	-28.69   	125.39   	-101.73		
 32.35   	  0.92   	124.98   	-101.73		
 57.68   	 36.01   	124.58   	-106.82		
 83.92   	 75.07   	124.15   	-111.90		
109.25   	112.00   	123.70   	-106.82		
127.56   	136.11   	123.28   	-116.99		
131.84   	136.72   	122.81   	-111.90		
126.04   	110.17   	122.36   	-111.90		
128.48   	 64.39   	121.91   	-111.90		
166.93   	 16.17   	121.46   	-106.82		
257.26   	-18.62   	121.04   	-101.73		
387.57   	-30.52   	120.63   	 -96.64		
521.55   	-18.01   	120.24   	 -91.56		
619.51   	 10.99   	119.88   	 -86.47		
662.23(R)	 43.64   	119.53   	 -86.47		
659.79   	 64.70   	119.19   	 -81.38		
639.95   	 62.87   	118.86   	 -86.47		
626.53   	 41.81   	118.51   	 -81.38		
628.05   	 15.26   	118.19   	 -81.38		
635.68   	 -0.31   	117.86   	 -86.47		
633.54   	 -2.14   	117.52   	 -86.47		
610.66   	  0.00   	117.17   	 -81.38		
567.63   	 -7.32   	116.85   	 -86.47		
516.36   	-29.60   	116.50   	 -76.30		
472.11   	-61.34   	116.19   	 -76.30		
444.95   	-93.08   	115.89   	 -66.12		
434.27   	-119.93   	115.63   	 -61.04		
431.52   	-145.26   	115.38   	 -55.95		
427.55   	-174.56   	115.16   	 -50.86		
419.62   	-209.05   	114.95   	 -50.86		
409.85   	-244.45   	114.75   	 -45.78		
400.70   	-273.13   	114.57   	 -40.69		
390.93   	-288.39   	114.40   	 -40.69		
376.89   	-287.78   	114.24   	 -30.52		
355.83   	-272.83   	114.12   	 -30.52		
328.06   	-249.02   	114.00   	 -20.35		
296.33   	-226.14   	113.92   	 -20.35		
263.37   	-214.23   	113.83   	 -15.26		
227.97   	-221.86   	113.77   	 -20.35		
188.60   	-246.28   	113.69   	 -15.26		
143.13   	-272.52   	113.63   	 -25.43		
 90.33   	-279.54   	113.53   	 -30.52		
 32.35   	-252.99   	113.41   	 -40.69		
-27.77   	-195.92   	113.24   	 -45.78		
-85.75   	-128.48   	113.06   	 -50.86		
-134.89   	-74.77   	112.86   	 -50.86		
-169.98   	-47.30   	112.65   	 -50.86		
-189.21   	-42.72   	112.45   	 -40.69		
-194.70   	-47.61   	112.29   	 -25.43		
-192.26   	-50.96   	112.19   	  -5.09		
-188.29   	-47.91   	112.17   	  20.35		
-187.07   	-42.42   	112.25   	  66.12		
-188.60   	-38.15   	112.51   	 116.99		
-190.73   	-36.32   	112.98   	 172.94		
-191.96   	-36.01   	113.67   	 228.89		
-192.26   	-34.79   	114.59   	 284.84		
-191.96   	-32.04   	115.73   	 330.62		
-192.57   	-28.69   	117.05   	 366.22		
-192.87   	-25.94   	118.51   	 396.74		
-193.18   	-25.02   	120.10   	 417.09		
-192.57   	-25.63   	121.77   	 432.35		
-191.96   	-26.55   	123.50   	 452.69		
-191.96   	-26.55   	125.31   	 462.87		
-192.87   	-25.94   	127.16   	 473.04		
-195.01   	-24.11   	129.05   	 473.04		
-197.45   	-21.06   	130.95   	 473.04		
-200.20   	-17.09   	132.84   	 467.95		
-202.94   	-12.51   	134.71   	 462.87		
-206.91   	 -7.32   	136.56   	 452.69		
-212.40   	 -3.36   	138.37   	 447.61		
-219.12   	 -0.31   	140.16   	 432.35		
-226.14   	  1.83   	141.89   	 422.18		
-233.15   	  4.88   	143.58   	 406.92		
-239.87   	  8.85   	145.21   	 396.74		
-246.58   	 14.95   	146.79   	 376.40		
-253.91   	 21.97   	148.30   	 366.22		
-261.54   	 28.99   	149.77   	 345.88		
-268.86   	 34.79   	151.15   	 325.53		
-275.88   	 39.98   	152.45   	 315.36		
-283.20   	 45.78   	153.71   	 300.10		
-290.53   	 52.80   	154.91   	 289.93		
-297.55   	 61.34   	156.07   	 279.75		
-303.04   	 70.80   	157.19   	 264.50		
-306.40   	 79.96   	158.25   	  N/A		
