  I     	  II     	  PW     	  PW'		
-35.71   	 -6.10   	 12.07   	 -10.17		
-34.79   	 -5.19   	 12.02   	 -10.17		
-33.87   	 -4.88   	 11.98   	  -5.09		
-33.26   	 -6.71   	 11.96   	  -5.09		
-33.26   	-10.68   	 11.94   	   5.09		
-33.87   	-15.26   	 11.96   	   0.00		
-33.87   	-18.01   	 11.96   	   0.00		
-32.96   	-17.40   	 11.96   	   0.00		
-32.65   	-14.95   	 11.96   	 -10.17		
-33.26   	-12.51   	 11.92   	 -10.17		
-34.48   	-12.21   	 11.88   	 -15.26		
-34.79   	-14.34   	 11.82   	 -20.35		
-32.65   	-15.87   	 11.74   	 -25.43		
-28.38   	-13.43   	 11.64   	 -35.61		
-24.11   	 -5.80   	 11.50   	 -40.69		
-21.67   	  8.24   	 11.33   	 -45.78		
-21.67   	 26.86   	 11.15   	 -50.86		
-21.67   	 47.00   	 10.95   	 -50.86		
-19.53   	 65.31   	 10.74   	 -55.95		
-14.65   	 78.74   	 10.52   	 -50.86		
 -7.02   	 85.75   	 10.32   	 -45.78		
  1.53   	 89.11   	 10.13   	 -50.86		
 10.38   	 93.38   	  9.93   	 -45.78		
 18.92   	102.84   	  9.75   	 -45.78		
 28.08   	119.63   	  9.56   	 -45.78		
 37.23   	141.60   	  9.38   	 -45.78		
 46.69   	164.79   	  9.20   	 -50.86		
 55.85   	184.63   	  8.99   	 -61.04		
 63.78   	198.97   	  8.75   	 -61.04		
 69.89   	208.44   	  8.50   	 -71.21		
 74.46   	215.76   	  8.22   	 -66.12		
 78.74   	223.08   	  7.96   	 -55.95		
 84.53   	230.10   	  7.73   	 -50.86		
 93.08   	235.29   	  7.53   	 -45.78		
101.32   	236.21   	  7.34   	 -30.52		
106.20   	232.54   	  7.22   	 -25.43		
104.68   	225.22   	  7.12   	 -25.43		
 96.13   	213.01   	  7.02   	 -30.52		
 80.57   	193.48   	  6.90   	 -30.52		
 57.98   	162.05   	  6.78   	 -30.52		
 28.38   	119.02   	  6.65   	 -35.61		
 -4.58   	 69.89   	  6.51   	 -40.69		
-32.96   	 22.89   	  6.35   	 -40.69		
-49.74   	-14.34   	  6.19   	 -50.86		
-53.10   	-40.28   	  5.98   	 -50.86		
-48.22   	-56.15   	  5.78   	 -50.86		
-42.72   	-64.70   	  5.57   	 -40.69		
-42.11   	-67.75   	  5.41   	 -25.43		
-45.78   	-68.05   	  5.31   	  -5.09		
-50.66   	-68.05   	  5.29   	  10.17		
-53.71   	-69.89   	  5.33   	  25.43		
-54.02   	-74.46   	  5.43   	  35.61		
-52.80   	-79.96   	  5.57   	  30.52		
-51.57   	-84.23   	  5.70   	  25.43		
-50.96   	-84.53   	  5.80   	  20.35		
-51.27   	-81.48   	  5.88   	  15.26		
-52.19   	-77.51   	  5.94   	  10.17		
-53.10   	-75.07   	  5.98   	   5.09		
-53.41   	-76.29   	  6.00   	   5.09		
-53.10   	-79.96   	  6.02   	   0.00		
-51.88   	-82.70   	  6.02   	   5.09		
-50.05   	-81.48   	  6.04   	  10.17		
-48.52   	-76.29   	  6.08   	  10.17		
-47.91   	-70.19   	  6.12   	  15.26		
-48.52   	-66.22   	  6.19   	  15.26		
-49.13   	-66.53   	  6.25   	  10.17		
-49.13   	-69.27   	  6.29   	   5.09		
-47.30   	-70.50   	  6.31   	  -5.09		
-42.72   	-65.92   	  6.29   	 -10.17		
-36.32   	-50.96   	  6.25   	 -25.43		
-28.99   	-24.41   	  6.14   	 -30.52		
-19.23   	 10.38   	  6.02   	 -30.52		
 -0.31   	 48.83   	  5.90   	 -25.43		
 36.01   	 91.55   	  5.80   	 -20.35		
 96.44   	148.01   	  5.72   	 -15.26		
184.63   	240.48   	  5.66   	  -5.09		
301.21   	393.98   	  5.64   	  -5.09		
449.22   	614.01   	  5.62   	   0.00		
632.02   	874.63   	  5.62   	  -5.09		
847.47   	1126.71   	  5.60   	  -5.09		
1079.71   	1316.83   	  5.57   	 -10.17		
1291.81   	1409.30(R)	  5.53   	  -5.09		
1436.16   	1388.86   	  5.51   	   0.00		
1467.90   	1252.14   	  5.51   	  10.17		
1360.17   	1001.59   	  5.55   	  15.26		
1124.27   	649.41   	  5.62   	  20.35		
816.04   	244.14   	  5.70   	  30.52		
511.47   	-125.73   	  5.82   	  25.43		
273.44   	-367.43   	  5.92   	  20.35		
124.82   	-433.04   	  6.00   	   5.09		
 43.03   	-351.56   	  6.02   	 -25.43		
-12.51   	-214.84   	  5.92   	 -66.12		
-64.39   	-119.93   	  5.66   	 -96.64		
-109.25   	-108.34   	  5.27   	-116.99		
-134.89   	-154.42   	  4.80   	-106.82		
-138.24   	-202.64   	  4.37   	 -35.61		
-130.92   	-216.67   	  4.23   	  91.56		
-126.34   	-198.97   	  4.60   	 233.98		
-129.39   	-174.56   	  5.53   	 335.71		
-135.80   	-165.10   	  6.88   	 361.14		
-138.85   	-173.03   	  8.32   	 274.67		
-137.94   	-186.16   	  9.42   	 106.82		
-135.19   	-192.87   	  9.85(A)	-116.99		
-133.67   	-189.21   	  9.38   	-325.53		
-133.36   	-179.44   	  8.08   	-462.87		
-133.36   	-169.07   	  6.23   	-488.30		
-133.06   	-162.66   	  4.27   	-401.83		
-132.45   	-162.35   	  2.67   	-233.98		
-132.45   	-166.32   	  1.73   	 -25.43		
-133.67   	-170.90   	  1.63   	 157.68		
-135.80   	-173.65   	  2.26   	 279.75		
-137.33   	-173.95   	  3.38   	 315.36		
-137.02   	-173.65   	  4.64   	 274.67		
-135.19   	-173.34   	  5.74   	 167.85		
-133.67   	-173.34   	  6.41   	  55.95		
-133.67   	-172.42   	  6.63   	 -50.86		
-135.19   	-169.68   	  6.43   	-106.82		
-136.72   	-165.71   	  6.00   	-116.99		
-136.11   	-161.13   	  5.53   	 -81.38		
-133.67   	-157.17   	  5.21   	 -20.35		
-130.62   	-154.42   	  5.13   	  40.69		
-129.09   	-151.98   	  5.29   	  81.38		
-130.31   	-149.54   	  5.62   	  96.64		
-133.36   	-147.09   	  6.00   	  66.12		
-136.41   	-145.87   	  6.27   	  25.43		
-138.24   	-146.79   	  6.37   	 -35.61		
-139.16   	-150.15   	  6.23   	 -86.47		
-139.47   	-155.03   	  5.88   	-116.99		
-140.69   	-159.00   	  5.41   	-127.16		
-142.82   	-160.52   	  4.90   	-111.90		
-145.57   	-158.39   	  4.46   	 -76.30		
-148.01   	-154.11   	  4.15   	 -45.78		
-150.15   	-149.84   	  3.97   	 -10.17		
-152.28   	-147.40   	  3.93   	   5.09		
-155.94   	-147.40   	  3.95   	  10.17		
-161.13   	-149.84   	  3.99   	  -5.09		
-166.93   	-151.98   	  3.97   	 -15.26		
-171.51   	-152.28   	  3.91   	 -30.52		
-173.95   	-149.84   	  3.78   	 -35.61		
-175.17   	-145.57   	  3.64   	 -40.69		
-176.09   	-141.91   	  3.48   	 -25.43		
-177.61   	-140.38   	  3.38   	 -15.26		
-180.05   	-140.99   	  3.32   	   0.00		
-183.11   	-140.99   	  3.32   	   5.09		
-185.24   	-138.55   	  3.34   	   5.09		
-186.16   	-133.06   	  3.36   	   5.09		
-185.24   	-126.95   	  3.38   	   0.00		
-181.88   	-122.38   	  3.38   	  -5.09		
-176.70   	-119.63   	  3.36   	 -10.17		
-169.37   	-116.27   	  3.32   	  -5.09		
-159.91   	-109.86   	  3.30   	  -5.09		
-148.01   	-98.88   	  3.28   	   0.00		
-134.58   	-85.14   	  3.28   	   5.09		
-119.93   	-71.11   	  3.30   	   5.09		
-104.68   	-58.59   	  3.32   	  10.17		
-89.42   	-49.44   	  3.36   	  10.17		
-74.46   	-42.11   	  3.40   	   5.09		
-60.42   	-36.01   	  3.42   	  -5.09		
-48.22   	-29.30   	  3.40   	  -5.09		
-38.45   	-20.75   	  3.38   	 -10.17		
-30.52   	-10.68   	  3.34   	  -5.09		
-24.11   	 -1.22   	  3.32   	 -10.17		
-18.92   	  5.49   	  3.28   	   0.00		
-14.04   	  7.63   	  3.28   	   5.09		
-10.07   	  5.80   	  3.30   	  10.17		
 -7.02   	  3.05   	  3.34   	  10.17		
 -5.80   	  1.53   	  3.38   	  10.17		
 -6.10   	  3.66   	  3.42   	   5.09		
 -7.02   	  8.24   	  3.44   	 -15.26		
 -7.63   	 12.82   	  3.38   	 -40.69		
 -7.63   	 15.56   	  3.21   	 -61.04		
 -7.02   	 14.95   	  2.97   	 -86.47		
 -6.71   	 11.60   	  2.62   	 -81.38		
 -6.71   	  7.02   	  2.30   	 -71.21		
 -6.71   	  2.44   	  2.01   	 -35.61		
 -7.02   	 -1.53   	  1.87   	   5.09		
 -7.32   	 -5.80   	  1.89   	  35.61		
 -8.24   	-10.99   	  2.03   	  71.21		
-10.07   	-16.78   	  2.32   	  86.47		
-12.82   	-21.36   	  2.67   	  96.64		
-15.26   	-22.89   	  3.05   	  91.56		
-16.48   	-22.28   	  3.42   	  81.38		
-16.17   	-21.36   	  3.74   	  66.12		
-14.95   	-22.58   	  4.01   	  55.95		
-13.73   	-27.16   	  4.23   	  45.78		
-14.34   	-32.04   	  4.42   	  40.69		
-17.09   	-35.10   	  4.58   	  40.69		
-20.75   	-34.79   	  4.74   	  35.61		
-23.80   	-33.26   	  4.88   	  20.35		
-24.11   	-32.04   	  4.96   	   5.09		
-21.06   	-32.04   	  4.98(V)	 -10.17		
-16.17   	-32.65   	  4.94   	 -25.43		
-11.90   	-31.74   	  4.84   	 -30.52		
 -9.46   	-28.99   	  4.72   	 -30.52		
 -9.46   	-25.33   	  4.60   	 -25.43		
-11.29   	-22.28   	  4.50   	 -20.35		
-13.12   	-21.06   	  4.42   	 -15.26		
-13.12   	-21.67   	  4.35   	  -5.09		
-11.90   	-23.50   	  4.33   	   0.00		
 -9.77   	-24.72   	  4.33   	  10.17		
 -7.93   	-24.72   	  4.37   	  15.26		
 -7.32   	-22.58   	  4.44   	  15.26		
 -7.63   	-19.23   	  4.50   	  10.17		
 -8.24   	-15.56   	  4.54   	  15.26		
 -8.85   	-13.12   	  4.60   	   0.00		
 -9.46   	-12.82   	  4.60   	   0.00		
 -9.77   	-13.12   	  4.60   	 -10.17		
 -9.77   	-12.21   	  4.56   	 -15.26		
 -9.16   	 -7.02   	  4.50   	 -10.17		
 -7.02   	  3.97   	  4.46   	 -10.17		
 -3.97   	 19.53   	  4.42   	 -10.17		
  0.00   	 37.23   	  4.37   	  -5.09		
  4.88   	 53.41   	  4.35   	   0.00		
 10.68   	 64.70   	  4.35   	  -5.09		
 16.78   	 70.50   	  4.33   	  -5.09		
 23.19   	 72.63   	  4.31   	  -5.09		
 29.91   	 76.60   	  4.29   	 -15.26		
 36.93   	 87.89   	  4.23   	 -15.26		
 45.47   	110.17   	  4.17   	 -25.43		
 56.15   	140.99   	  4.07   	 -20.35		
 68.05   	173.34   	  3.99   	 -25.43		
 78.74   	198.36   	  3.89   	 -20.35		
 85.14   	209.96   	  3.80   	 -20.35		
 86.06   	209.05   	  3.72   	 -20.35		
 83.92   	202.94   	  3.64   	 -15.26		
 83.62   	198.97   	  3.58   	 -15.26		
 88.50   	200.81   	  3.52   	 -10.17		
 97.66   	206.30   	  3.48   	   0.00		
106.20   	211.18   	  3.48   	   0.00		
108.34   	210.57   	  3.48   	   5.09		
102.54   	202.64   	  3.50   	   5.09		
 89.11   	184.63   	  3.52   	   5.09		
 68.97   	155.64   	  3.54   	  -5.09		
 43.33   	115.66   	  3.52   	 -10.17		
 14.65   	 68.36   	  3.48   	 -15.26		
-12.21   	 21.67   	  3.42   	 -20.35		
-30.52   	-18.31   	  3.34   	 -20.35		
-36.93   	-47.61   	  3.26   	 -15.26		
-34.48   	-68.05   	  3.19   	 -15.26		
-30.82   	-82.40   	  3.13   	   0.00		
-30.82   	-93.08   	  3.13   	  15.26		
-34.48   	-100.40   	  3.19   	  30.52		
-38.15   	-103.76   	  3.32   	  45.78		
-39.06   	-103.76   	  3.50   	  61.04		
-37.54   	-102.84   	  3.74   	  61.04		
-35.71   	-102.54   	  3.99   	  55.95		
-35.10   	-102.84   	  4.21   	  40.69		
-36.01   	-102.54   	  4.37   	  20.35		
-36.62   	-101.01   	  4.46   	   5.09		
-36.93   	-98.88   	  4.48   	   0.00		
-36.93   	-97.66   	  4.48   	 -10.17		
-37.54   	-99.49   	  4.44   	  -5.09		
-39.67   	-103.76   	  4.42   	  -5.09		
-42.42   	-107.42   	  4.39   	   5.09		
-43.64   	-107.73   	  4.42   	   0.00		
-43.33   	-103.15   	  4.42   	   0.00		
-41.20   	-96.74   	  4.42   	   0.00		
-39.37   	-91.55   	  4.42   	 -10.17		
-38.45   	-90.03   	  4.37   	  -5.09		
-37.84   	-91.25   	  4.35   	 -10.17		
-35.71   	-91.86   	  4.31   	 -10.17		
-31.13   	-88.81   	  4.27   	 -10.17		
-24.72   	-79.65   	  4.23   	 -15.26		
-18.31   	-61.95   	  4.17   	 -10.17		
-11.90   	-35.71   	  4.13   	 -15.26		
  0.31   	 -2.75   	  4.07   	 -10.17		
 27.47   	 36.32   	  4.03   	 -15.26		
 77.82   	 85.45   	  3.97   	  -5.09		
153.81   	159.30   	  3.95   	   0.00		
253.30   	285.03   	  3.95   	   5.09		
375.67   	483.70   	  3.97   	  15.26		
525.21   	747.68   	  4.03   	  15.26		
705.26   	1036.68   	  4.09   	  15.26		
909.73   	1289.67   	  4.15   	  15.26		
1111.76   	1450.50   	  4.21   	   5.09		
1268.92   	1489.26(R)	  4.23   	   0.00		
1338.20   	1399.54   	  4.23   	 -10.17		
1288.45   	1188.66   	  4.19   	 -15.26		
1116.64   	870.67   	  4.13   	 -20.35		
859.38   	479.13   	  4.05   	 -20.35		
578.31   	 83.01   	  3.97   	 -20.35		
334.78   	-229.19   	  3.89   	 -25.43		
164.49   	-390.01   	  3.78   	 -25.43		
 64.09   	-391.85   	  3.68   	 -25.43		
  2.75   	-292.97   	  3.58   	 -10.17		
-45.47   	-184.33   	  3.54   	  35.61		
-86.36   	-133.06   	  3.68   	  96.64		
-111.69   	-147.71   	  4.07   	 152.59		
-117.80   	-192.57   	  4.68   	 193.29		
-112.00   	-226.75   	  5.45   	 188.20		
-106.20   	-232.85   	  6.21   	 132.25		
-107.12   	-219.73   	  6.73   	  45.78		
-112.30   	-205.08   	  6.92(A)	 -66.12		
-116.27   	-200.81   	  6.65   	-167.85		
-116.58   	-205.99   	  5.98   	-228.89		
-115.36   	-215.15   	  5.07   	-239.06		
-115.05   	-222.78   	  4.11   	-198.37		
-115.97   	-227.05   	  3.32   	-106.82		
-117.19   	-227.36   	  2.89   	  -5.09		
-117.80   	-224.30   	  2.87   	  86.47		
-118.10   	-219.73   	  3.21   	 147.51		
-118.41   	-215.45   	  3.80   	 167.85		
-118.10   	-212.10   	  4.48   	 142.42		
-118.10   	-209.96   	  5.05   	  91.56		
-117.80   	-208.74   	  5.41   	  25.43		
-117.49   	-208.13   	  5.51   	 -25.43		
-116.88   	-206.91   	  5.41   	 -61.04		
-116.27   	-204.77   	  5.17   	 -71.21		
-114.75   	-201.11   	  4.88   	 -50.86		
-113.22   	-196.84   	  4.68   	 -30.52		
-112.61   	-193.48   	  4.56   	   5.09		
-113.53   	-192.26   	  4.58   	  30.52		
-115.97   	-194.09   	  4.70   	  35.61		
-119.02   	-197.75   	  4.84   	  35.61		
-121.15   	-200.81   	  4.98   	  20.35		
-121.77   	-200.81   	  5.07   	  10.17		
-121.77   	-198.36   	  5.11   	   0.00		
-121.15   	-195.62   	  5.11   	 -10.17		
-120.24   	-194.70   	  5.07   	 -10.17		
-119.63   	-196.23   	  5.03   	 -20.35		
-119.63   	-198.06   	  4.94   	 -20.35		
-121.15   	-198.06   	  4.86   	 -35.61		
-123.60   	-196.84   	  4.72   	 -50.86		
-126.65   	-195.31   	  4.52   	 -61.04		
-130.31   	-195.92   	  4.27   	 -71.21		
-134.28   	-198.06   	  3.99   	 -66.12		
-138.55   	-199.89   	  3.72   	 -61.04		
-142.21   	-199.89   	  3.48   	 -45.78		
-144.35   	-197.14   	  3.30   	 -25.43		
-145.26   	-193.48   	  3.19   	  -5.09		
-146.18   	-191.04   	  3.17   	   5.09		
-148.62   	-190.73   	  3.19   	  20.35		
-152.89   	-192.57   	  3.28   	  20.35		
-158.39   	-195.62   	  3.36   	  20.35		
-163.27   	-198.97   	  3.44   	  20.35		
-166.93   	-201.42   	  3.52   	   5.09		
-169.98   	-202.64   	  3.54   	   0.00		
-171.81   	-202.03   	  3.54   	 -10.17		
-172.42   	-198.67   	  3.50   	 -15.26		
-170.90   	-193.79   	  3.44   	 -10.17		
-167.24   	-188.90   	  3.40   	 -10.17		
-162.66   	-185.55   	  3.36   	   5.09		
-157.78   	-182.50   	  3.38   	  10.17		
-151.98   	-177.61   	  3.42   	  15.26		
-144.35   	-167.85   	  3.48   	  20.35		
-133.36   	-152.89   	  3.56   	  15.26		
-119.02   	-134.58   	  3.62   	  10.17		
-103.15   	-117.49   	  3.66   	   5.09		
-88.20   	-103.76   	  3.68   	   0.00		
-75.68   	-91.86   	  3.68   	   0.00		
-65.31   	-80.26   	  3.68   	   5.09		
-55.24   	-66.83   	  3.70   	  10.17		
-44.56   	-53.41   	  3.74   	  15.26		
-33.87   	-42.72   	  3.80   	  15.26		
-24.72   	-38.76   	  3.87   	  20.35		
-18.31   	-40.28   	  3.95   	  20.35		
-14.04   	-43.03   	  4.03   	  15.26		
-10.68   	-41.50   	  4.09   	  10.17		
 -8.54   	-34.48   	  4.13   	  15.26		
 -8.24   	-25.02   	  4.19   	   5.09		
-10.99   	-20.14   	  4.21   	   0.00		
-15.56   	-22.28   	  4.21   	 -20.35		
-19.53   	-30.21   	  4.13   	 -35.61		
-19.84   	-37.54   	  3.99   	 -61.04		
-17.40   	-40.28   	  3.74   	 -86.47		
-14.34   	-38.15   	  3.40   	 -91.56		
-12.82   	-34.18   	  3.03   	 -96.64		
-14.04   	-32.04   	  2.64   	 -76.30		
-16.78   	-32.65   	  2.34   	 -50.86		
-18.92   	-35.40   	  2.14   	 -10.17		
-19.84   	-39.37   	  2.10   	  30.52		
-19.53   	-43.03   	  2.22   	  61.04		
-18.31   	-45.78   	  2.46   	  86.47		
-17.09   	-46.39   	  2.81   	  86.47		
-16.17   	-44.56   	  3.15   	  96.64		
-15.56   	-41.81   	  3.54   	  86.47		
-14.95   	-39.37   	  3.89   	  86.47		
-14.04   	-38.45   	  4.23   	  86.47		
-13.43   	-39.06   	  4.58   	  81.38		
-13.12   	-41.20   	  4.90   	  76.30		
-12.51   	-43.64   	  5.21   	  66.12		
-10.99   	-46.69   	  5.47   	  50.86		
 -9.16   	-50.05   	  5.68   	  30.52		
 -7.93   	-54.02   	  5.80   	  10.17		
 -7.93   	-57.68   	  5.84(V)	 -10.17		
 -8.85   	-58.90   	  5.80   	 -15.26		
 -9.77   	-55.24   	  5.74   	 -30.52		
 -9.77   	-46.69   	  5.62   	 -25.43		
 -8.85   	-36.01   	  5.51   	 -30.52		
 -8.24   	-28.08   	  5.39   	 -25.43		
 -7.93   	-26.25   	  5.29   	 -25.43		
 -7.02   	-29.30   	  5.19   	 -20.35		
 -4.58   	-35.10   	  5.11   	 -15.26		
 -2.14   	-40.28   	  5.05   	 -10.17		
 -1.22   	-43.33   	  5.01   	  -5.09		
 -2.75   	-43.64   	  4.98   	  -5.09		
 -5.80   	-41.81   	  4.96   	   0.00		
 -8.54   	-39.06   	  4.96   	   0.00		
 -8.85   	-36.32   	  4.96   	  -5.09		
 -7.32   	-35.10   	  4.94   	 -10.17		
 -5.19   	-35.10   	  4.90   	 -15.26		
 -3.66   	-33.87   	  4.84   	 -20.35		
 -1.83   	-28.08   	  4.76   	 -20.35		
  0.92   	-15.56   	  4.68   	 -25.43		
  5.49   	  4.27   	  4.58   	 -20.35		
 10.38   	 27.77   	  4.50   	  -5.09		
 14.04   	 48.22   	  4.48   	   0.00		
 14.95   	 60.12   	  4.48   	   5.09		
 14.95   	 62.56   	  4.50   	  10.17		
 16.78   	 61.04   	  4.54   	   5.09		
 23.50   	 65.31   	  4.56   	   5.09		
 35.40   	 80.87   	  4.58   	   0.00		
 49.44   	107.42   	  4.58   	  -5.09		
 61.04   	137.94   	  4.56   	 -10.17		
 68.66   	164.49   	  4.52   	 -10.17		
 72.63   	182.50   	  4.48   	 -15.26		
 74.77   	193.18   	  4.42   	 -15.26		
 77.51   	198.97   	  4.35   	 -10.17		
 80.57   	202.03   	  4.31   	  -5.09		
 83.92   	202.03   	  4.29   	 -10.17		
 87.28   	198.67   	  4.25   	 -10.17		
 89.72   	193.79   	  4.21   	 -10.17		
 90.94   	188.90   	  4.17   	 -15.26		
 89.42   	184.63   	  4.11   	 -15.26		
 83.92   	177.00   	  4.05   	 -10.17		
 72.02   	158.69   	  4.01   	   0.00		
 51.57   	125.12   	  4.01   	  10.17		
 24.11   	 78.13   	  4.05   	  15.26		
 -5.19   	 26.25   	  4.11   	  20.35		
-27.47   	-19.84   	  4.19   	  20.35		
-37.23   	-54.32   	  4.27   	  15.26		
-35.71   	-76.90   	  4.33   	  15.26		
-30.21   	-91.86   	  4.39   	  10.17		
-28.38   	-102.54   	  4.44   	  15.26		
-33.26   	-110.78   	  4.50   	  15.26		
-41.50   	-116.88   	  4.56   	  20.35		
-47.00   	-120.85   	  4.64   	  25.43		
-47.30   	-123.29   	  4.74   	  20.35		
-43.33   	-124.21   	  4.82   	  15.26		
-39.37   	-123.60   	  4.88   	   0.00		
-38.15   	-122.68   	  4.88   	 -10.17		
-41.20   	-123.29   	  4.84   	 -25.43		
-46.39   	-126.65   	  4.74   	 -25.43		
-50.96   	-131.53   	  4.64   	 -10.17		
-53.10   	-135.50   	  4.60   	   5.09		
-52.49   	-136.11   	  4.62   	  30.52		
-50.05   	-133.67   	  4.74   	  45.78		
-47.61   	-130.31   	  4.92   	  50.86		
-46.08   	-127.56   	  5.13   	  40.69		
-45.47   	-126.04   	  5.29   	  30.52		
-45.17   	-124.51   	  5.41   	   5.09		
-45.17   	-121.77   	  5.43   	 -15.26		
-43.95   	-117.49   	  5.37   	 -25.43		
-40.28   	-111.39   	  5.27   	 -35.61		
-33.87   	-103.76   	  5.13   	 -35.61		
-25.94   	-93.38   	  4.98   	 -30.52		
-20.75   	-78.13   	  4.86   	 -15.26		
-20.14   	-56.76   	  4.80   	 -10.17		
-19.84   	-29.30   	  4.76   	   0.00		
-10.07   	  5.49   	  4.76   	   0.00		
 21.97   	 54.93   	  4.76   	   5.09		
 84.23   	134.28   	  4.78   	  -5.09		
177.00   	267.94   	  4.76   	   0.00		
298.46   	474.24   	  4.76   	 -10.17		
446.47   	744.02   	  4.72   	  -5.09		
620.42   	1038.51   	  4.70   	  -5.09		
814.82   	1300.66   	  4.68   	   5.09		
1009.83   	1477.05   	  4.70   	   5.09		
1171.88   	1534.73(R)	  4.72   	  15.26		
1261.60   	1460.88   	  4.78   	  15.26		
1245.42   	1256.71   	  4.84   	  15.26		
1112.37   	938.11   	  4.90   	   5.09		
885.62   	539.25   	  4.92   	   0.00		
620.12   	129.70   	  4.92   	 -15.26		
376.89   	-201.72   	  4.86   	 -20.35		
197.14   	-388.79   	  4.78   	 -25.43		
 86.36   	-419.31   	  4.68   	 -30.52		
 18.31   	-342.71   	  4.56   	 -25.43		
-34.48   	-243.53   	  4.46   	 -10.17		
-80.26   	-190.43   	  4.42   	  20.35		
-113.22   	-199.58   	  4.50   	  76.30		
-126.34   	-239.87   	  4.80   	 127.16		
-123.90   	-270.08   	  5.31   	 167.85		
-118.41   	-271.30   	  5.98   	 172.94		
-118.41   	-252.99   	  6.67   	 142.42		
-124.21   	-236.51   	  7.24   	  76.30		
-130.31   	-234.68   	  7.55(A)	 -10.17		
-132.75   	-245.36   	  7.51   	 -91.56		
-132.14   	-256.04   	  7.14   	-162.77		
-130.92   	-259.70   	  6.49   	-188.20		
-129.70   	-256.65   	  5.74   	-178.03		
-129.39   	-251.16   	  5.03   	-137.33		
-129.39   	-246.89   	  4.48   	 -66.12		
-130.00   	-244.45   	  4.21   	   0.00		
-129.39   	-241.39   	  4.21   	  66.12		
-127.87   	-235.29   	  4.48   	  96.64		
-125.43   	-227.36   	  4.86   	 111.90		
-124.21   	-221.56   	  5.31   	  96.64		
-124.82   	-222.17   	  5.70   	  66.12		
-126.95   	-229.19   	  5.96   	  25.43		
-129.09   	-238.65   	  6.06   	  -5.09		
-129.70   	-244.45   	  6.04   	 -20.35		
-129.39   	-244.45   	  5.96   	 -25.43		
-129.70   	-239.26   	  5.86   	 -15.26		
-130.62   	-232.24   	  5.80   	   5.09		
-131.23   	-226.14   	  5.82   	  20.35		
-130.31   	-221.86   	  5.90   	  40.69		
-128.17   	-220.34   	  6.06   	  35.61		
-126.34   	-221.25   	  6.21   	  30.52		
-126.65   	-223.69   	  6.33   	   5.09		
-128.48   	-225.22   	  6.35   	 -25.43		
-130.92   	-224.00   	  6.25   	 -55.95		
-133.06   	-220.34   	  6.02   	 -71.21		
-134.89   	-215.45   	  5.74   	 -86.47		
-136.72   	-211.79   	  5.39   	 -81.38		
-139.47   	-209.96   	  5.07   	 -66.12		
-142.21   	-209.96   	  4.80   	 -50.86		
-144.35   	-210.88   	  4.60   	 -30.52		
-145.87   	-212.71   	  4.48   	 -15.26		
-148.01   	-216.06   	  4.42   	  -5.09		
-150.45   	-219.42   	  4.39   	   0.00		
-153.50   	-220.64   	  4.39   	  10.17		
-157.47   	-218.20   	  4.44   	  10.17		
-162.35   	-214.23   	  4.48   	   5.09		
-167.54   	-211.18   	  4.50   	  10.17		
-172.42   	-211.18   	  4.54   	   5.09		
-175.17   	-211.79   	  4.56   	   0.00		
-175.17   	-211.49   	  4.56   	   5.09		
-174.56   	-209.96   	  4.58   	   5.09		
-174.87   	-209.66   	  4.60   	   5.09		
-177.31   	-213.01   	  4.62   	   5.09		
-180.05   	-217.59   	  4.64   	  10.17		
-181.27   	-219.12   	  4.68   	   5.09		
-179.14   	-213.32   	  4.70   	   0.00		
-173.95   	-200.81   	  4.70   	   0.00		
-166.02   	-185.55   	  4.70   	   0.00		
-156.86   	-171.51   	  4.70   	  -5.09		
-147.09   	-160.22   	  4.68   	   0.00		
-137.63   	-149.23   	  4.68   	   0.00		
-128.78   	-137.94   	  4.68   	   0.00		
-119.32   	-126.95   	  4.68   	   0.00		
-107.42   	-118.10   	  4.68   	   5.09		
-92.16   	-111.69   	  4.70   	  10.17		
-74.77   	-105.59   	  4.74   	  10.17		
-57.37   	-97.05   	  4.78   	  10.17		
-43.33   	-84.23   	  4.82   	  15.26		
-34.48   	-69.89   	  4.88   	  15.26		
-30.21   	-57.07   	  4.94   	  15.26		
-28.38   	-48.52   	  5.01   	  10.17		
-27.77   	-44.56   	  5.05   	   0.00		
-27.16   	-43.64   	  5.05   	  -5.09		
-26.55   	-43.64   	  5.03   	 -15.26		
-25.33   	-43.03   	  4.96   	 -25.43		
-23.50   	-41.81   	  4.86   	 -25.43		
-21.36   	-39.06   	  4.76   	 -30.52		
-18.92   	-35.71   	  4.64   	 -35.61		
-17.09   	-33.87   	  4.50   	 -35.61		
-16.48   	-34.18   	  4.35   	 -45.78		
-16.78   	-37.23   	  4.17   	 -50.86		
-17.70   	-41.20   	  3.97   	 -50.86		
-18.62   	-44.25   	  3.76   	 -45.78		
-19.23   	-44.25   	  3.58   	 -25.43		
-18.92   	-41.81   	  3.48   	   0.00		
-18.62   	-38.15   	  3.48   	  30.52		
-18.31   	-35.71   	  3.60   	  61.04		
-19.53   	-35.71   	  3.85   	  81.38		
-21.67   	-38.15   	  4.17   	  86.47		
-23.80   	-41.50   	  4.52   	  91.56		
-25.02   	-43.33   	  4.88   	  81.38		
-25.33   	-43.33   	  5.21   	  76.30		
-24.72   	-43.03   	  5.51   	  66.12		
-25.02   	-43.95   	  5.78   	  55.95		
-26.25   	-47.61   	  6.00   	  45.78		
-28.99   	-52.49   	  6.19   	  35.61		
-32.35   	-56.46   	  6.33   	  30.52		
-34.79   	-57.07   	  6.45   	  20.35		
-35.10   	-54.63   	  6.53   	  10.17		
-32.96   	-50.96   	  6.57   	  10.17		
-29.30   	-47.61   	  6.61   	  -5.09		
-26.55   	-46.39   	  6.59   	  -5.09		
-25.94   	-46.39   	  6.57   	 -10.17		
-26.86   	-46.39   	  6.53   	 -10.17		
-28.38   	-45.78   	  6.49   	  -5.09		
-28.38   	-44.25   	  6.47   	   0.00		
-26.55   	-42.42   	  6.47   	   5.09		
-23.80   	-40.59   	  6.49   	  15.26		
-21.36   	-38.76   	  6.55   	  15.26		
-19.53   	-36.93   	  6.61   	  15.26		
-19.53   	-35.40   	  6.67   	  20.35		
-21.06   	-35.10   	  6.75   	  15.26		
-23.80   	-36.93   	  6.82   	  20.35		
-26.86   	-39.67   	  6.90   	  20.35		
-28.69   	-40.89   	  6.98   	  15.26		
-28.38   	-36.93   	  7.04   	  15.26		
-24.41   	-25.33   	  7.10   	  15.26		
-18.01   	 -7.63   	  7.16   	  15.26		
-11.29   	 13.43   	  7.22   	  10.17		
 -5.80   	 33.57   	  7.26   	  10.17		
 -3.66   	 48.83   	  7.30   	  10.17		
 -3.97   	 58.59   	  7.34   	   5.09		
 -4.58   	 64.70   	  7.37(V)	   0.00		
 -3.36   	 69.89   	  7.37   	  -5.09		
  2.14   	 78.43   	  7.34   	  -5.09		
 12.21   	 93.69   	  7.32   	 -10.17		
 25.33   	115.36   	  7.28   	  -5.09		
 38.76   	140.69   	  7.26   	 -10.17		
 49.44   	165.10   	  7.22   	  -5.09		
 55.54   	183.11   	  7.20   	  -5.09		
 56.76   	193.79   	  7.18   	   0.00		
 55.54   	198.36   	  7.18   	  -5.09		
 55.24   	199.58   	  7.16   	   0.00		
 58.59   	199.58   	  7.16   	   0.00		
 65.92   	199.89   	  7.16   	   5.09		
 74.46   	200.50   	  7.18   	   5.09		
 79.65   	202.33   	  7.20   	   5.09		
 79.65   	203.25   	  7.22   	   5.09		
 73.55   	198.67   	  7.24   	   0.00		
 61.04   	181.58   	  7.24   	   0.00		
 41.20   	146.79   	  7.24   	 -10.17		
 13.43   	 96.13   	  7.20   	 -10.17		
-18.31   	 39.67   	  7.16   	 -15.26		
-45.47   	-10.68   	  7.10   	 -20.35		
-60.12   	-48.22   	  7.02   	 -20.35		
-60.12   	-72.33   	  6.94   	 -20.35		
-52.49   	-86.98   	  6.86   	 -25.43		
-45.78   	-95.83   	  6.75   	 -15.26		
-45.47   	-101.01   	  6.69   	  -5.09		
-50.05   	-102.84   	  6.67   	  10.17		
-54.63   	-103.15   	  6.71   	  25.43		
-56.15   	-103.45   	  6.82   	  50.86		
-55.54   	-105.29   	  7.02   	  76.30		
-55.54   	-108.34   	  7.32   	  91.56		
-57.98   	-112.30   	  7.69   	  96.64		
-61.65   	-115.66   	  8.08   	  96.64		
-64.70   	-117.49   	  8.46   	  81.38		
-65.00   	-117.19   	  8.79   	  50.86		
-63.48   	-114.75   	  8.99   	  25.43		
-61.65   	-110.47   	  9.09   	   0.00		
-61.34   	-106.20   	  9.09   	 -20.35		
-62.26   	-102.54   	  9.01   	 -30.52		
-62.87   	-100.40   	  8.89   	 -20.35		
-62.56   	-99.18   	  8.81   	 -10.17		
-60.73   	-98.57   	  8.77   	  15.26		
-59.20   	-98.27   	  8.83   	  25.43		
-59.20   	-99.49   	  8.93   	  30.52		
-59.81   	-101.01   	  9.05   	  25.43		
-58.90   	-101.32   	  9.16   	  10.17		
-55.54   	-95.83   	  9.20   	 -10.17		
-50.66   	-79.96   	  9.16   	 -30.52		
-46.69   	-50.96   	  9.03   	 -40.69		
-43.03   	-10.68   	  8.87   	 -40.69		
-32.96   	 39.37   	  8.71   	 -40.69		
 -6.10   	102.23   	  8.55   	 -25.43		
 49.13   	191.04   	  8.44   	 -10.17		
138.24   	329.28   	  8.40   	  10.17		
263.06   	535.89   	  8.44   	  25.43		
420.23   	803.22   	  8.55   	  30.52		
604.25   	1094.67   	  8.67   	  40.69		
805.66   	1354.37   	  8.83   	  35.61		
1004.33   	1528.02   	  8.97   	  25.43		
1167.60   	1581.12(R)	  9.07   	  20.35		
1257.32   	1499.94   	  9.16   	  10.17		
1241.46   	1287.23   	  9.20   	   5.09		
1108.40   	960.39   	  9.22   	   5.09		
881.96   	553.89   	  9.24   	   5.09		
616.76   	137.02   	  9.26   	   5.09		
372.62   	-200.50   	  9.28   	   5.09		
190.73   	-388.18   	  9.30   	   0.00		
 76.60   	-410.77   	  9.30   	  -5.09		
  5.19   	-318.30   	  9.28   	 -20.35		
-49.44   	-202.03   	  9.20   	 -30.52		
-96.13   	-139.77   	  9.07   	 -20.35		
-128.48   	-150.76   	  8.99   	  20.35		
-140.69   	-200.50   	  9.07   	  71.21		
-137.33   	-239.87   	  9.36   	 137.33		
-130.00   	-245.06   	  9.91   	 178.03		
-128.48   	-225.52   	 10.62   	 183.11		
-133.67   	-205.99   	 11.35   	 147.51		
-140.38   	-202.94   	 11.94   	  71.21		
-143.13   	-212.10   	 12.23(A)	 -25.43		
-142.52   	-220.95   	 12.13   	-127.16		
-140.08   	-220.95   	 11.62   	-193.29		
-138.24   	-213.62   	 10.84   	-223.80		
-138.24   	-205.08   	  9.95   	-208.54		
-139.77   	-200.20   	  9.11   	-152.59		
-141.91   	-198.97   	  8.50   	 -76.30		
-143.43   	-199.28   	  8.20   	   5.09		
-143.43   	-198.67   	  8.22   	  71.21		
-142.21   	-196.23   	  8.50   	 106.82		
-140.69   	-192.87   	  8.93   	 116.99		
-139.77   	-191.04   	  9.40   	 101.73		
-139.77   	-191.04   	  9.81   	  71.21		
-140.69   	-191.65   	 10.09   	  40.69		
-141.91   	-190.73   	 10.25   	  15.26		
-143.13   	-187.68   	 10.32   	   5.09		
-143.74   	-183.11   	 10.34   	  10.17		
-143.43   	-178.53   	 10.38   	  35.61		
-142.82   	-174.56   	 10.52   	  61.04		
-142.21   	-172.42   	 10.76   	  76.30		
-143.13   	-172.42   	 11.07   	  81.38		
-145.26   	-175.17   	 11.39   	  71.21		
-148.01   	-179.75   	 11.68   	  40.69		
-150.15   	-184.33   	 11.84   	   0.00		
-151.06   	-186.16   	 11.84   	 -50.86		
-151.06   	-184.33   	 11.64   	 -86.47		
-151.37   	-179.75   	 11.29   	-106.82		
-152.28   	-174.26   	 10.86   	-116.99		
-153.50   	-170.59   	 10.40   	-106.82		
-155.03   	-169.68   	  9.97   	 -81.38		
-156.25   	-171.20   	  9.64   	 -50.86		
-157.78   	-173.95   	  9.44   	 -20.35		
-160.22   	-175.78   	  9.36   	   0.00		
-163.27   	-175.48   	  9.36   	  15.26		
-166.63   	-172.73   	  9.42   	  10.17		
-169.37   	-168.76   	  9.46   	   0.00		
-171.81   	-165.71   	  9.46   	 -10.17		
-174.87   	-164.49   	  9.42   	 -30.52		
-178.53   	-165.10   	  9.30   	 -30.52		
-182.19   	-166.63   	  9.18   	 -30.52		
-185.24   	-168.46   	  9.05   	 -25.43		
-187.68   	-169.68   	  8.95   	  -5.09		
-189.51   	-169.98   	  8.93   	   5.09		
-191.04   	-169.68   	  8.95   	   5.09		
-192.57   	-168.76   	  8.97   	  10.17		
-192.87   	-166.63   	  9.01   	  10.17		
-191.04   	-162.35   	  9.05   	   0.00		
-185.85   	-155.64   	  9.05   	  -5.09		
-177.92   	-145.57   	  9.03   	   0.00		
-167.85   	-133.36   	  9.03   	  -5.09		
-157.78   	-120.24   	  9.01   	  10.17		
-147.71   	-107.12   	  9.05   	  15.26		
-137.02   	-93.69   	  9.11   	  25.43		
-125.43   	-79.65   	  9.22   	  30.52		
-112.30   	-64.39   	  9.34   	  35.61		
-98.57   	-48.52   	  9.48   	  30.52		
-85.14   	-34.18   	  9.60   	  30.52		
-73.24   	-22.58   	  9.73   	  25.43		
-62.56   	-14.04   	  9.83   	  20.35		
-53.41   	 -7.93   	  9.91   	  15.26		
-45.78   	 -2.14   	  9.97   	  20.35		
-40.59   	  4.27   	 10.05   	  20.35		
-38.15   	 11.29   	 10.13   	  15.26		
-37.54   	 18.62   	 10.19   	  10.17		
-37.23   	 24.72   	 10.23   	   5.09		
-35.40   	 28.99   	 10.25   	  -5.09		
-31.43   	 31.43   	 10.23   	 -15.26		
-27.77   	 33.26   	 10.17   	 -30.52		
-26.25   	 34.48   	 10.05   	 -40.69		
-27.16   	 35.40   	  9.89   	 -45.78		
-29.60   	 35.10   	  9.70   	 -55.95		
-31.74   	 33.57   	  9.48   	 -66.12		
-32.96   	 31.13   	  9.22   	 -66.12		
-33.87   	 28.99   	  8.95   	 -55.95		
-34.48   	 27.16   	  8.73   	 -35.61		
-35.10   	 26.25   	  8.59   	 -15.26		
-34.48   	 25.02   	  8.52   	  10.17		
-32.35   	 22.89   	  8.57   	  45.78		
-30.21   	 20.14   	  8.75   	  66.12		
-29.30   	 16.78   	  9.01   	  86.47		
-29.91   	 13.73   	  9.36   	  96.64		
-31.74   	 10.99   	  9.75   	  91.56		
-33.57   	  8.24   	 10.11   	  86.47		
-34.79   	  4.88   	 10.46   	  66.12		
-35.71   	  1.83   	 10.72   	  45.78		
-36.93   	  0.00   	 10.91   	  25.43		
-38.15   	  0.31   	 11.01   	  15.26		
-39.06   	  2.44   	 11.07   	   0.00		
-38.45   	  6.10   	 11.07   	   0.00		
-37.23   	  9.16   	 11.07   	   0.00		
-36.32   	  9.77   	 11.07   	   5.09		
-36.62   	  7.93   	 11.09   	  10.17		
-38.15   	  4.58   	 11.13   	  10.17		
-40.28   	  1.22   	 11.17   	  15.26		
-41.20   	 -0.92   	 11.23   	   5.09		
-40.89   	 -1.53   	 11.25   	   5.09		
-39.67   	 -2.14   	 11.27   	   0.00		
-38.76   	 -3.36   	 11.27   	 -10.17		
-38.45   	 -5.19   	 11.23   	  -5.09		
-38.76   	 -6.71   	 11.21   	  -5.09		
-39.06   	 -7.63   	 11.19   	   0.00		
-39.37   	 -8.54   	 11.19   	   5.09		
-39.37   	 -8.85   	 11.21   	  15.26		
-39.06   	 -9.16   	 11.27   	  20.35		
-38.76   	 -7.93   	 11.35   	  15.26		
-38.76   	 -4.88   	 11.41   	  15.26		
-38.15   	  0.92   	 11.48   	  15.26		
-36.32   	 10.07   	 11.54   	  10.17		
-32.96   	 23.19   	 11.58   	   5.09		
-28.38   	 39.98   	 11.60   	   5.09		
-23.19   	 58.90   	 11.62   	   0.00		
-18.62   	 76.60   	 11.62(V)	   0.00		
-15.87   	 90.03   	 11.62   	  -5.09		
-14.95   	 96.44   	 11.60   	  -5.09		
-14.95   	 97.66   	 11.58   	 -15.26		
-13.43   	 97.96   	 11.52   	 -15.26		
 -8.54   	103.45   	 11.45   	 -15.26		
  0.31   	117.80   	 11.39   	 -20.35		
 11.90   	141.30   	 11.31   	 -25.43		
 24.41   	169.98   	 11.21   	 -20.35		
 35.10   	196.53   	 11.13   	 -25.43		
 42.42   	216.06   	 11.03   	 -20.35		
 46.39   	225.52   	 10.95   	 -15.26		
 48.22   	226.75   	 10.89   	 -10.17		
 50.05   	224.91   	 10.84   	  -5.09		
 54.02   	223.08   	 10.82   	   0.00		
 60.73   	223.69   	 10.82   	   0.00		
 67.75   	226.75   	 10.82   	   0.00		
 71.72   	230.71   	 10.82   	  -5.09		
 70.80   	232.54   	 10.80   	  -5.09		
 64.39   	227.36   	 10.78   	 -10.17		
 51.57   	209.66   	 10.74   	 -15.26		
 31.43   	176.39   	 10.68   	 -15.26		
  3.97   	128.48   	 10.62   	 -15.26		
-26.86   	 74.46   	 10.56   	 -15.26		
-53.41   	 24.72   	 10.50   	 -10.17		
-68.05   	-13.43   	 10.46   	 -15.26		
-69.58   	-37.54   	 10.40   	 -10.17		
-64.39   	-51.88   	 10.36   	 -10.17		
-59.81   	-60.73   	 10.32   	 -10.17		
-59.20   	-66.53   	 10.27   	  -5.09		
-61.65   	-69.58   	 10.25   	  -5.09		
-63.78   	-70.19   	 10.23   	  -5.09		
-63.78   	-69.58   	 10.21   	   5.09		
-63.17   	-69.58   	 10.23   	   5.09		
-63.78   	-71.41   	 10.25   	  10.17		
-65.61   	-74.46   	 10.29   	  15.26		
-68.36   	-77.82   	 10.36   	  25.43		
-69.89   	-81.18   	 10.46   	  35.61		
-69.89   	-83.31   	 10.60   	  45.78		
-69.58   	-83.62   	 10.78   	  61.04		
-69.58   	-82.40   	 11.03   	  76.30		
-70.80   	-79.96   	 11.33   	  76.30		
-72.02   	-77.51   	 11.64   	  81.38		
-71.72   	-75.68   	 11.96   	  71.21		
-70.19   	-75.68   	 12.25   	  55.95		
-67.75   	-76.90   	 12.47   	  30.52		
-66.22   	-77.82   	 12.59   	   5.09		
-65.92   	-77.82   	 12.61   	 -15.26		
-65.92   	-75.38   	 12.55   	 -25.43		
-64.70   	-71.11   	 12.45   	 -30.52		
-61.04   	-62.56   	 12.33   	 -25.43		
-56.76   	-46.69   	 12.23   	 -10.17		
-53.41   	-21.06   	 12.19   	   0.00		
-49.74   	 12.82   	 12.19   	   5.09		
-39.98   	 54.93   	 12.21   	  15.26		
-14.65   	109.25   	 12.27   	  10.17		
 34.48   	189.82   	 12.31   	   5.09		
113.83   	319.52   	 12.33   	   0.00		
225.52   	517.58   	 12.33   	 -10.17		
371.70   	778.20   	 12.29   	 -10.17		
551.76   	1065.67   	 12.25   	 -15.26		
758.36   	1327.21   	 12.19   	 -15.26		
970.46   	1508.79   	 12.13   	  -5.09		
1151.12   	1574.71(R)	 12.11   	   0.00		
1258.54   	1507.57   	 12.11   	   0.00		
1257.32   	1306.76   	 12.11   	   5.09		
1133.73   	985.72   	 12.13   	  -5.09		
910.95   	578.31   	 12.11   	  -5.09		
643.92   	153.81   	 12.09   	 -15.26		
394.29   	-194.70   	 12.02   	 -20.35		
204.77   	-392.15   	 11.94   	 -15.26		
 82.70   	-417.48   	 11.88   	 -20.35		
  5.49   	-319.52   	 11.80   	 -20.35		
-53.71   	-192.57   	 11.72   	 -35.61		
-103.15   	-119.93   	 11.58   	 -45.78		
-137.33   	-125.43   	 11.39   	 -40.69		
-150.45   	-174.56   	 11.23   	 -15.26		
-146.48   	-216.98   	 11.17   	  55.95		
-138.55   	-224.30   	 11.39   	 147.51		
-136.41   	-204.47   	 11.98   	 223.80		
-140.99   	-181.58   	 12.88   	 264.50		
-147.71   	-173.34   	 13.94   	 244.15		
-151.37   	-179.14   	 14.91   	 157.68		
-151.06   	-187.07   	 15.54   	  20.35		
-148.93   	-189.51   	 15.63(A)	-132.25		
-147.09   	-187.38   	 15.10   	-264.50		
-146.79   	-184.33   	 14.04   	-350.97		
-148.01   	-182.50   	 12.63   	-356.05		
-149.54   	-181.58   	 11.21   	-305.19		
-150.45   	-180.66   	  9.99   	-203.46		
-150.45   	-179.14   	  9.18   	 -81.38		
-150.15   	-177.92   	  8.85   	  35.61		
-150.15   	-177.61   	  8.99   	 116.99		
-150.45   	-178.53   	  9.46   	 162.77		
-150.45   	-179.14   	 10.11   	 167.85		
-149.84   	-178.83   	 10.78   	 142.42		
-148.62   	-176.70   	 11.35   	 101.73		
-148.01   	-174.26   	 11.76   	  61.04		
-148.01   	-171.81   	 12.00   	  35.61		
-148.32   	-169.37   	 12.15   	  25.43		
-149.23   	-167.24   	 12.25   	  30.52		
-149.54   	-165.10   	 12.37   	  45.78		
-149.84   	-164.18   	 12.55   	  66.12		
-149.84   	-165.10   	 12.82   	  61.04		
-148.93   	-167.54   	 13.06   	  50.86		
-148.62   	-169.37   	 13.27   	  20.35		
-148.93   	-169.07   	 13.35   	 -15.26		
-150.76   	-166.32   	 13.29   	 -55.95		
-153.20   	-162.35   	 13.06   	 -86.47		
-155.94   	-159.00   	 12.72   	-101.73		
-157.78   	-157.47   	 12.31   	-106.82		
-158.69   	-157.78   	 11.88   	 -96.64		
-159.30   	-158.39   	 11.50   	 -71.21		
-160.22   	-158.39   	 11.21   	 -45.78		
-162.66   	-157.47   	 11.03   	 -25.43		
-166.93   	-155.94   	 10.93   	 -10.17		
-172.12   	-154.42   	 10.89   	  -5.09		
-177.31   	-153.81   	 10.86   	   0.00		
-181.27   	-153.20   	 10.86   	 -10.17		
-183.11   	-153.20   	 10.82   	 -15.26		
-183.72   	-152.89   	 10.76   	 -25.43		
-184.02   	-153.20   	 10.66   	 -20.35		
-185.85   	-154.11   	 10.58   	 -20.35		
-189.21   	-155.64   	 10.50   	 -15.26		
-193.18   	-156.25   	 10.44   	 -10.17		
-195.92   	-155.03   	 10.40   	  -5.09		
-196.53   	-151.67   	 10.38   	   0.00		
-195.31   	-146.79   	 10.38   	   5.09		
-192.57   	-140.69   	 10.40   	   5.09		
-188.29   	-133.67   	 10.42   	   5.09		
-182.19   	-125.12   	 10.44   	   5.09		
-173.95   	-114.44   	 10.46   	   0.00		
-163.27   	-101.93   	 10.46   	   0.00		
-150.76   	-87.89   	 10.46   	   0.00		
-137.63   	-73.55   	 10.46   	   0.00		
-125.43   	-60.12   	 10.46   	   5.09		
-113.22   	-48.22   	 10.48   	  10.17		
-101.01   	-36.62   	 10.52   	  10.17		
-88.81   	-25.63   	 10.56   	  15.26		
-76.60   	-14.65   	 10.62   	  15.26		
-65.61   	 -4.58   	 10.68   	  15.26		
-57.07   	  3.66   	 10.74   	  15.26		
-50.66   	  9.77   	 10.80   	  15.26		
-45.17   	 14.65   	 10.86   	  15.26		
-40.59   	 18.62   	 10.93   	  10.17		
-36.62   	 22.58   	 10.97   	  10.17		
-33.57   	 25.63   	 11.01   	   0.00		
-31.74   	 28.08   	 11.01   	  -5.09		
-30.82   	 29.30   	 10.99   	 -15.26		
-30.21   	 30.52   	 10.93   	 -20.35		
-29.91   	 32.35   	 10.84   	 -30.52		
-29.30   	 35.10   	 10.72   	 -50.86		
-28.99   	 37.23   	 10.52   	 -66.12		
-28.99   	 38.15   	 10.25   	 -76.30		
-29.60   	 36.62   	  9.95   	 -76.30		
-30.82   	 32.04   	  9.64   	 -71.21		
-32.35   	 25.02   	  9.36   	 -55.95		
-33.57   	 17.40   	  9.14   	 -20.35		
-34.18   	 11.29   	  9.05   	  20.35		
-34.48   	  7.32   	  9.14   	  55.95		
-34.18   	  6.10   	  9.36   	  91.56		
-34.48   	  6.41   	  9.73   	 111.90		
-34.79   	  6.41   	 10.17   	 106.82		
-35.40   	  4.88   	 10.60   	  96.64		
-36.32   	  1.83   	 10.99   	  61.04		
-36.93   	 -1.22   	 11.23   	  40.69		
-37.54   	 -4.27   	 11.39   	  10.17		
-37.84   	 -6.10   	 11.43   	  -5.09		
-37.54   	 -6.71   	 11.41   	  -5.09		
-37.23   	 -6.41   	 11.39   	  -5.09		
-37.54   	 -5.49   	 11.37   	  15.26		
-38.76   	 -4.27   	 11.43   	  20.35		
-40.89   	 -3.36   	 11.52   	  30.52		
-42.72   	 -3.36   	 11.64   	  25.43		
-44.25   	 -3.97   	 11.74   	  20.35		
-44.56   	 -5.80   	 11.82   	  10.17		
-44.25   	 -8.85   	 11.86   	 -10.17		
-44.25   	-12.21   	 11.82   	 -15.26		
-43.95   	-14.65   	 11.76   	 -25.43		
-43.64   	-15.26   	 11.66   	 -20.35		
-42.11   	-13.12   	 11.58   	 -10.17		
-39.98   	 -9.16   	 11.54   	   0.00		
-38.15   	 -5.19   	 11.54   	  15.26		
-36.93   	 -2.44   	 11.60   	  15.26		
-36.32   	 -1.22   	 11.66   	  25.43		
-35.71   	  0.00   	 11.76   	  20.35		
-34.18   	  2.75   	 11.84   	  10.17		
-31.74   	  7.93   	 11.88(V)	   0.00		
-28.69   	 15.87   	 11.88   	  -5.09		
-25.94   	 27.16   	 11.86   	 -10.17		
-22.89   	 42.11   	 11.82   	 -10.17		
-18.62   	 60.42   	 11.78   	 -15.26		
-13.73   	 79.04   	 11.72   	  -5.09		
 -9.77   	 92.77   	 11.70   	 -10.17		
 -8.54   	 97.96   	 11.66   	 -10.17		
 -9.16   	 95.83   	 11.62   	 -10.17		
 -7.93   	 93.38   	 11.58   	 -20.35		
 -2.14   	 98.57   	 11.50   	 -25.43		
  9.16   	115.97   	 11.39   	 -25.43		
 23.19   	143.43   	 11.29   	 -35.61		
 36.32   	174.56   	 11.15   	 -30.52		
 46.69   	201.42   	 11.03   	 -30.52		
 53.10   	219.42   	 10.91   	 -25.43		
 55.85   	226.75   	 10.80   	 -20.35		
 57.07   	225.83   	 10.72   	 -20.35		
 58.59   	222.17   	 10.64   	 -20.35		
 63.17   	220.34   	 10.56   	 -20.35		
 71.11   	222.78   	 10.48   	 -30.52		
 79.96   	228.27   	 10.36   	 -35.61		
 85.75   	233.76   	 10.21   	 -40.69		
 86.36   	234.38   	 10.05   	 -40.69		
 80.87   	225.52   	  9.89   	 -40.69		
 67.75   	203.25   	  9.73   	 -25.43		
 46.08   	166.63   	  9.62   	 -15.26		
 16.17   	119.63   	  9.56   	 -10.17		
-17.70   	 70.50   	  9.52   	  -5.09		
-46.08   	 28.08   	  9.50   	 -10.17		
-61.95   	 -3.36   	  9.46   	 -15.26		
-64.09   	-24.72   	  9.40   	 -30.52		
-59.20   	-40.28   	  9.28   	 -35.61		
-54.93   	-52.19   	  9.14   	 -40.69		
-55.24   	-60.73   	  8.97   	 -40.69		
-58.59   	-64.70   	  8.81   	 -30.52		
-61.95   	-65.31   	  8.69   	 -20.35		
-63.48   	-64.70   	  8.61   	 -15.26		
-62.87   	-65.92   	  8.55   	  -5.09		
-61.95   	-68.97   	  8.52   	   0.00		
-61.95   	-72.33   	  8.52   	  -5.09		
-62.87   	-75.07   	  8.50   	 -10.17		
-64.70   	-75.99   	  8.46   	 -20.35		
-66.53   	-75.07   	  8.38   	 -20.35		
-66.83   	-72.02   	  8.30   	 -15.26		
-65.31   	-68.36   	  8.24   	 -10.17		
-62.87   	-64.70   	  8.20   	   0.00		
-60.42   	-62.56   	  8.20   	  10.17		
-58.90   	-62.26   	  8.24   	  25.43		
-58.90   	-63.48   	  8.34   	  25.43		
-59.51   	-65.00   	  8.44   	  30.52		
-60.12   	-66.22   	  8.57   	  20.35		
-59.51   	-66.53   	  8.65   	  15.26		
-56.15   	-64.70   	  8.71   	   5.09		
-50.66   	-60.12   	  8.73   	 -10.17		
-44.86   	-50.35   	  8.69   	 -10.17		
-40.28   	-32.65   	  8.65   	 -15.26		
-39.06   	 -5.80   	  8.59   	 -20.35		
-37.54   	 27.47   	  8.50   	 -15.26		
-28.08   	 65.00   	  8.44   	 -15.26		
  0.31   	109.86   	  8.38   	 -15.26		
 56.46   	175.17   	  8.32   	 -15.26		
144.65   	285.34   	  8.26   	 -15.26		
267.33   	462.95   	  8.20   	 -10.17		
424.80   	705.57   	  8.16   	 -15.26		
617.07   	979.61   	  8.10   	 -20.35		
837.40   	1232.30   	  8.02   	 -15.26		
1065.37   	1411.44   	  7.96   	 -20.35		
1264.04   	1483.76(R)	  7.87   	 -20.35		
1387.94   	1434.63   	  7.79   	 -20.35		
1397.40   	1262.21   	  7.71   	 -25.43		
1271.97   	973.82   	  7.61   	 -25.43		
1031.19   	592.96   	  7.51   	 -25.43		
733.64   	180.05   	  7.41   	 -25.43		
451.05   	-172.12   	  7.30   	 -15.26		
236.82   	-379.94   	  7.24   	  -5.09		
104.37   	-413.82   	  7.22   	   0.00		
 27.16   	-316.47   	  7.22   	  -5.09		
-29.91   	-182.50   	  7.20   	 -25.43		
-82.09   	-100.71   	  7.10   	 -45.78		
-123.60   	-100.10   	  6.92   	 -55.95		
-144.04   	-149.84   	  6.69   	 -30.52		
-144.35   	-196.23   	  6.57   	  35.61		
-136.11   	-209.05   	  6.71   	 132.25		
-131.53   	-192.57   	  7.24   	 223.80		
-134.89   	-171.81   	  8.14   	 269.58		
-142.52   	-165.10   	  9.22   	 249.24		
-148.62   	-171.81   	 10.21   	 147.51		
-151.37   	-180.97   	 10.80(A)	  -5.09		
-150.15   	-184.02   	 10.78   	-188.20		
-147.09   	-181.58   	 10.03   	-335.71		
-144.65   	-177.92   	  8.69   	-417.09		
-144.96   	-176.09   	  7.02   	-406.92		
-147.71   	-176.70   	  5.39   	-315.36		
-150.45   	-177.92   	  4.13   	-162.77		
-151.06   	-177.92   	  3.48   	   5.09		
-148.32   	-175.78   	  3.50   	 142.42		
-144.96   	-171.81   	  4.07   	 218.72		
-142.52   	-166.93   	  4.94   	 239.06		
-141.60   	-162.05   	  5.90   	 203.46		
-142.21   	-158.08   	  6.71   	 127.16		
-142.82   	-156.56   	  7.22   	  45.78		
-143.43   	-157.78   	  7.41   	 -15.26		
-143.13   	-160.22   	  7.34   	 -55.95		
-142.21   	-162.05   	  7.12   	 -50.86		
-140.99   	-161.13   	  6.92   	 -25.43		
-139.77   	-157.47   	  6.82   	   5.09		
-139.16   	-153.50   	  6.84   	  40.69		
-140.38   	-151.06   	  7.00   	  55.95		
-142.52   	-151.06   	  7.22   	  45.78		
-144.96   	-152.89   	  7.41   	  25.43		
-146.79   	-154.11   	  7.51   	 -10.17		
-148.01   	-154.11   	  7.47   	 -45.78		
-148.93   	-152.89   	  7.28   	 -76.30		
-149.84   	-151.06   	  6.98   	 -96.64		
-150.45   	-148.32   	  6.59   	 -96.64		
-150.45   	-144.04   	  6.21   	 -81.38		
-149.84   	-137.94   	  5.88   	 -61.04		
-150.15   	-131.84   	  5.64   	 -40.69		
-151.98   	-128.17   	  5.47   	 -15.26		
-156.25   	-128.78   	  5.41   	  -5.09		
-162.35   	-133.36   	  5.39   	   0.00		
-168.46   	-138.24   	  5.39   	   0.00		
-173.03   	-140.99   	  5.39   	  -5.09		
-176.09   	-139.47   	  5.37   	 -15.26		
-177.92   	-135.19   	  5.31   	 -20.35		
-180.36   	-130.62   	  5.23   	 -30.52		
-183.41   	-128.17   	  5.11   	 -25.43		
-186.77   	-129.70   	  5.01   	 -30.52		
-188.29   	-133.97   	  4.88   	 -20.35		
-187.68   	-138.55   	  4.80   	 -10.17		
-185.24   	-140.69   	  4.76   	  -5.09		
-182.80   	-139.47   	  4.74   	   0.00		
-180.97   	-134.89   	  4.74   	   5.09		
-179.14   	-128.48   	  4.76   	   0.00		
-175.78   	-120.24   	  4.76   	   0.00		
-168.76   	-110.47   	  4.76   	   0.00		
-158.08   	-98.88   	  4.76   	  -5.09		
-144.96   	-86.06   	  4.74   	   0.00		
-130.31   	-73.85   	  4.74   	   0.00		
-114.75   	-62.87   	  4.74   	   0.00		
-99.18   	-53.41   	  4.74   	   0.00		
-83.92   	-43.64   	  4.74   	   0.00		
-69.27   	-31.74   	  4.74   	   0.00		
-55.85   	-16.17   	  4.74   	   0.00		
-43.64   	  0.92   	  4.74   	  -5.09		
-33.26   	 15.26   	  4.72   	  -5.09		
-25.33   	 22.28   	  4.70   	   0.00		
-20.14   	 20.45   	  4.70   	   0.00		
-17.70   	 13.12   	  4.70   	  10.17		
-16.17   	  6.71   	  4.74   	   5.09		
-14.95   	  6.41   	  4.76   	   5.09		
-12.82   	 12.82   	  4.78   	   0.00		
-10.38   	 21.97   	  4.78   	   0.00		
 -8.54   	 28.99   	  4.78   	 -15.26		
 -8.54   	 29.30   	  4.72   	 -35.61		
-10.99   	 23.80   	  4.58   	 -55.95		
-14.65   	 14.95   	  4.35   	 -76.30		
-17.40   	  7.93   	  4.05   	 -76.30		
-17.09   	  5.49   	  3.74   	 -71.21		
-14.34   	  8.54   	  3.46   	 -40.69		
-10.38   	 14.65   	  3.30   	 -15.26		
 -8.54   	 19.23   	  3.23   	  25.43		
-10.07   	 18.31   	  3.34   	  50.86		
-14.04   	 11.90   	  3.54   	  76.30		
-18.01   	  2.44   	  3.85   	  86.47		
-20.45   	 -6.41   	  4.19   	  81.38		
-21.06   	-12.82   	  4.52   	  71.21		
-21.06   	-16.78   	  4.80   	  55.95		
-20.75   	-18.62   	  5.03   	  45.78		
-21.06   	-19.53   	  5.21   	  40.69		
-21.06   	-18.92   	  5.37   	  40.69		
-20.75   	-18.01   	  5.53   	  40.69		
-20.75   	-17.70   	  5.70   	  45.78		
-20.45   	-17.40   	  5.88   	  35.61		
-20.14   	-17.70   	  6.02   	  30.52		
-19.53   	-17.09   	  6.14   	  10.17		
-18.31   	-15.56   	  6.19(V)	  -5.09		
-17.09   	-13.43   	  6.16   	 -30.52		
-17.09   	-11.60   	  6.04   	 -45.78		
-18.31   	-11.60   	  5.86   	 -50.86		
-19.53   	-13.73   	  5.66   	 -50.86		
-20.14   	-17.40   	  5.45   	 -35.61		
-20.45   	-21.06   	  5.31   	 -15.26		
-19.84   	-22.58   	  5.25   	  -5.09		
-18.92   	-20.75   	  5.23   	  10.17		
-17.70   	-16.17   	  5.27   	  15.26		
-16.17   	-11.29   	  5.33   	  15.26		
-15.26   	 -8.54   	  5.39   	  10.17		
-15.87   	 -8.24   	  5.43   	   5.09		
-17.40   	 -8.54   	  5.45   	   0.00		
-18.31   	 -6.41   	  5.45   	   0.00		
-16.78   	  0.92   	  5.45   	   5.09		
-11.29   	 14.34   	  5.47   	   5.09		
 -2.75   	 32.35   	  5.49   	   5.09		
  6.10   	 51.88   	  5.51   	   0.00		
 11.90   	 68.97   	  5.51   	   0.00		
 13.12   	 79.96   	  5.51   	  -5.09		
 11.29   	 85.45   	  5.49   	 -10.17		
 10.07   	 88.50   	  5.45   	 -10.17		
 13.43   	 94.91   	  5.41   	 -15.26		
 21.67   	108.34   	  5.35   	 -20.35		
 33.87   	129.70   	  5.27   	 -15.26		
 46.69   	155.33   	  5.21   	 -20.35		
 57.68   	180.36   	  5.13   	 -20.35		
 65.61   	200.20   	  5.05   	 -25.43		
 71.11   	212.40   	  4.94   	 -20.35		
 74.46   	216.67   	  4.86   	 -20.35		
 75.99   	216.67   	  4.78   	 -20.35		
 78.13   	216.37   	  4.70   	 -20.35		
 82.40   	217.29   	  4.62   	 -15.26		
 89.72   	219.73   	  4.56   	 -15.26		
 97.66   	221.86   	  4.50   	 -10.17		
102.54   	222.78   	  4.46   	 -10.17		
101.93   	219.42   	  4.42   	 -10.17		
 93.38   	207.82   	  4.37   	  -5.09		
 75.38   	183.11   	  4.35   	  -5.09		
 48.22   	142.21   	  4.33   	 -10.17		
 14.65   	 90.64   	  4.29   	 -10.17		
-17.70   	 38.45   	  4.25   	 -10.17		
-40.28   	 -3.97   	  4.21   	 -15.26		
-48.52   	-32.35   	  4.15   	 -15.26		
-45.47   	-49.74   	  4.09   	 -15.26		
-39.37   	-61.65   	  4.03   	 -10.17		
-36.62   	-72.02   	  3.99   	 -10.17		
-38.45   	-80.87   	  3.95   	  -5.09		
-41.20   	-86.67   	  3.93   	  10.17		
-42.11   	-88.81   	  3.97   	  15.26		
-40.89   	-88.81   	  4.03   	  30.52		
-40.28   	-90.03   	  4.15   	  40.69		
-42.11   	-93.38   	  4.31   	  45.78		
-45.47   	-97.96   	  4.50   	  61.04		
-49.13   	-101.62   	  4.74   	  61.04		
-50.35   	-101.01   	  4.98   	  55.95		
-49.44   	-94.91   	  5.21   	  55.95		
-47.30   	-85.75   	  5.43   	  45.78		
-45.78   	-78.43   	  5.62   	  30.52		
-45.17   	-76.29   	  5.74   	  15.26		
-46.39   	-79.96   	  5.80   	  -5.09		
-48.52   	-86.98   	  5.78   	 -25.43		
-50.05   	-93.38   	  5.68   	 -30.52		
-49.44   	-96.44   	  5.55   	 -40.69		
-46.39   	-94.91   	  5.39   	 -35.61		
-42.11   	-91.25   	  5.25   	 -30.52		
-38.15   	-87.59   	  5.13   	 -20.35		
-35.40   	-86.06   	  5.05   	  -5.09		
-34.18   	-83.62   	  5.03   	  -5.09		
-32.96   	-72.33   	  5.01   	   0.00		
-29.30   	-46.69   	  5.01   	  -5.09		
-17.09   	 -7.02   	  4.98   	 -10.17		
 10.99   	 40.59   	  4.94   	 -15.26		
 60.73   	 93.38   	  4.88   	 -15.26		
133.36   	159.91   	  4.82   	 -15.26		
227.66   	268.25   	  4.76   	 -10.17		
345.15   	446.78   	  4.72   	  -5.09		
491.33   	695.50   	  4.70   	   0.00		
669.86   	979.31   	  4.70   	  10.17		
875.55   	1238.40   	  4.74   	  15.26		
1084.29   	1413.57   	  4.80   	  15.26		
1255.49   	1470.95(R)	  4.86   	  10.17		
1345.83   	1400.45   	  4.90   	   0.00		
1319.58   	1207.58   	  4.90   	 -10.17		
1166.69   	904.54   	  4.86   	 -15.26		
915.53   	520.94   	  4.80   	 -25.43		
626.53   	121.46   	  4.70   	 -30.52		
365.60   	-202.64   	  4.58   	 -25.43		
177.61   	-379.03   	  4.48   	 -30.52		
 66.22   	-392.15   	  4.35   	 -20.35		
  1.53   	-295.72   	  4.27   	 -20.35		
-47.00   	-183.11   	  4.19   	   0.00		
-90.33   	-128.17   	  4.19   	  40.69		
-120.85   	-144.35   	  4.35   	  96.64		
-132.14   	-193.48   	  4.74   	 162.77		
-127.56   	-229.19   	  5.39   	 198.37		
-119.32   	-231.63   	  6.19   	 203.46		
-117.49   	-211.79   	  7.00   	 147.51		
-122.38   	-192.87   	  7.59   	  61.04		
-128.17   	-188.60   	  7.83(A)	 -55.95		
-130.31   	-196.53   	  7.61   	-167.85		
-129.39   	-207.21   	  6.94   	-244.15		
-127.87   	-213.93   	  5.96   	-264.50		
-128.17   	-215.45   	  4.90   	-233.98		
-130.92   	-212.71   	  3.97   	-147.51		
-134.89   	-207.21   	  3.38   	 -45.78		
-137.94   	-201.72   	  3.19   	  55.95		
-138.85   	-199.58   	  3.42   	 132.25		
-136.41   	-201.72   	  3.95   	 167.85		
-132.45   	-205.99   	  4.62   	 157.68		
-128.78   	-208.44   	  5.25   	 116.99		
-126.34   	-206.30   	  5.72   	  61.04		
-125.12   	-200.50   	  5.96   	   5.09		
-124.21   	-194.09   	  5.98   	 -35.61		
-124.21   	-190.43   	  5.84   	 -50.86		
-124.51   	-190.73   	  5.64   	 -50.86		
-126.04   	-193.18   	  5.43   	 -30.52		
-128.17   	-194.70   	  5.31   	 -10.17		
-129.39   	-193.79   	  5.27   	  10.17		
-129.09   	-191.35   	  5.31   	  20.35		
-128.17   	-189.21   	  5.39   	  20.35		
-127.87   	-187.38   	  5.47   	  10.17		
-128.17   	-184.63   	  5.51   	  -5.09		
-129.70   	-179.44   	  5.49   	 -15.26		
-130.92   	-172.73   	  5.43   	 -30.52		
-132.14   	-167.85   	  5.31   	 -35.61		
-133.36   	-167.85   	  5.17   	 -40.69		
-134.89   	-172.42   	  5.01   	 -35.61		
-136.41   	-177.00   	  4.86   	 -40.69		
-137.94   	-177.31   	  4.70   	 -40.69		
-139.77   	-173.03   	  4.54   	 -40.69		
-141.91   	-168.15   	  4.37   	 -45.78		
-144.96   	-167.85   	  4.19   	 -45.78		
-148.62   	-172.12   	  4.01   	 -35.61		
-152.59   	-178.53   	  3.87   	 -35.61		
-156.25   	-182.50   	  3.72   	 -20.35		
-159.61   	-182.50   	  3.64   	 -15.26		
-163.27   	-179.75   	  3.58   	 -15.26		
-166.93   	-177.31   	  3.52   	 -10.17		
-170.59   	-177.61   	  3.48   	 -10.17		
-174.26   	-180.05   	  3.44   	 -15.26		
-177.00   	-182.80   	  3.38   	 -15.26		
-178.53   	-183.72   	  3.32   	 -15.26		
-178.83   	-181.58   	  3.26   	 -15.26		
-177.61   	-176.70   	  3.19   	 -10.17		
-175.17   	-170.90   	  3.15   	 -10.17		
-171.81   	-165.71   	  3.11   	 -10.17		
-167.85   	-161.74   	  3.07   	  -5.09		
-162.66   	-158.39   	  3.05   	 -10.17		
-156.25   	-153.50   	  3.01   	 -10.17		
-148.01   	-146.18   	  2.97   	  -5.09		
-137.63   	-135.19   	  2.95   	  -5.09		
-124.82   	-122.07   	  2.93   	   5.09		
-110.17   	-107.73   	  2.95   	   0.00		
-95.21   	-93.99   	  2.95   	   5.09		
-80.57   	-81.18   	  2.97   	   0.00		
-67.14   	-68.66   	  2.97   	   0.00		
-54.63   	-55.85   	  2.97   	  -5.09		
-43.03   	-43.33   	  2.95   	  -5.09		
-32.04   	-32.04   	  2.93   	   0.00		
-22.58   	-24.41   	  2.93   	   0.00		
-15.56   	-20.75   	  2.93   	  10.17		
-12.21   	-18.92   	  2.97   	   5.09		
-11.60   	-16.78   	  2.99   	   5.09		
-12.51   	-13.12   	  3.01   	  -5.09		
-14.04   	 -9.77   	  2.99   	 -10.17		
-14.65   	 -9.46   	  2.95   	 -30.52		
-14.04   	-12.21   	  2.83   	 -50.86		
-12.51   	-16.17   	  2.62   	 -66.12		
-10.38   	-17.40   	  2.36   	 -81.38		
 -8.54   	-14.95   	  2.03   	 -81.38		
 -7.93   	-10.07   	  1.71   	 -81.38		
 -9.46   	 -6.10   	  1.38   	 -66.12		
-11.90   	 -4.88   	  1.12   	 -40.69		
-13.73   	 -6.41   	  0.96   	  -5.09		
-13.73   	-10.68   	  0.94   	  35.61		
-13.12   	-17.40   	  1.08   	  71.21		
-12.51   	-25.02   	  1.36   	  96.64		
-12.21   	-30.52   	  1.75   	 106.82		
-11.29   	-32.04   	  2.18   	 101.73		
-10.38   	-29.30   	  2.58   	  91.56		
 -9.46   	-26.55   	  2.95   	  76.30		
 -9.77   	-27.16   	  3.26   	  66.12		
-10.99   	-31.74   	  3.52   	  61.04		
-11.60   	-37.84   	  3.76   	  50.86		
-11.60   	-41.20   	  3.97   	  50.86		
-10.68   	-40.89   	  4.17   	  45.78		
-10.38   	-38.76   	  4.35   	  30.52		
-10.68   	-37.23   	  4.48   	  15.26		
-10.38   	-36.62   	  4.54(V)	  -5.09		
 -9.16   	-35.40   	  4.52   	 -20.35		
 -6.71   	-32.65   	  4.44   	 -35.61		
 -4.27   	-30.21   	  4.29   	 -35.61		
 -3.36   	-29.30   	  4.15   	 -30.52		
 -4.27   	-31.43   	  4.03   	 -25.43		
 -6.10   	-34.48   	  3.93   	 -10.17		
 -7.02   	-35.71   	  3.89   	   0.00		
 -6.41   	-34.79   	  3.89   	  10.17		
 -4.27   	-33.26   	  3.93   	  10.17		
 -2.75   	-33.57   	  3.97   	   5.09		
 -2.44   	-35.10   	  3.99   	   0.00		
 -3.36   	-35.71   	  3.99   	  -5.09		
 -3.66   	-32.96   	  3.97   	 -10.17		
 -2.44   	-25.33   	  3.93   	 -10.17		
  0.00   	-13.73   	  3.89   	 -15.26		
  2.75   	 -0.31   	  3.83   	 -15.26		
  4.58   	 13.12   	  3.76   	 -20.35		
  5.19   	 25.94   	  3.68   	 -15.26		
  6.10   	 37.84   	  3.62   	 -15.26		
  7.63   	 49.13   	  3.56   	 -15.26		
  9.77   	 59.51   	  3.50   	 -15.26		
 13.12   	 68.97   	  3.44   	 -10.17		
 17.70   	 77.51   	  3.40   	   0.00		
 25.02   	 87.59   	  3.40   	   5.09		
 36.01   	102.23   	  3.42   	   5.09		
 48.52   	122.38   	  3.44   	  10.17		
 60.73   	146.79   	  3.48   	   5.09		
 69.89   	171.81   	  3.50   	   5.09		
 74.77   	191.65   	  3.52   	  -5.09		
 75.07   	202.64   	  3.50   	 -10.17		
 73.85   	206.30   	  3.46   	 -15.26		
 73.85   	206.30   	  3.40   	 -15.26		
 77.21   	205.69   	  3.34   	 -15.26		
 84.23   	205.99   	  3.28   	 -15.26		
 92.77   	206.60   	  3.21   	  -5.09		
 98.27   	205.99   	  3.19   	   0.00		
 97.96   	202.33   	  3.19   	  10.17		
 90.94   	193.79   	  3.23   	  15.26		
 77.82   	175.78   	  3.30   	  15.26		
 58.29   	144.04   	  3.36   	  15.26		
 33.26   	 97.96   	  3.42   	  10.17		
  5.49   	 43.03   	  3.46   	   5.09		
-19.84   	-11.90   	  3.48   	   0.00		
-36.01   	-56.46   	  3.48   	   0.00		
-40.89   	-85.45   	  3.48   	   0.00		
-37.54   	-100.10   	  3.48   	   5.09		
-32.96   	-104.68   	  3.50   	  10.17		
-32.04   	-104.98   	  3.54   	  10.17		
-35.10   	-104.37   	  3.58   	  10.17		
-38.45   	-105.29   	  3.62   	  10.17		
-39.98   	-108.03   	  3.66   	   5.09		
-38.76   	-112.00   	  3.68   	   5.09		
-36.32   	-116.88   	  3.70   	   0.00		
-33.87   	-121.77   	  3.70   	   5.09		
-32.65   	-125.73   	  3.72   	  10.17		
-33.57   	-127.87   	  3.76   	  15.26		
-36.93   	-128.48   	  3.83   	  20.35		
-42.42   	-128.17   	  3.91   	  25.43		
-46.69   	-128.48   	  4.01   	  25.43		
-48.22   	-128.17   	  4.11   	  20.35		
-46.39   	-126.65   	  4.19   	  15.26		
-43.03   	-123.90   	  4.25   	  10.17		
-40.89   	-121.15   	  4.29   	  -5.09		
-40.89   	-120.54   	  4.27   	 -10.17		
-41.50   	-122.07   	  4.23   	 -15.26		
-40.89   	-122.68   	  4.17   	 -20.35		
-37.84   	-120.24   	  4.09   	 -20.35		
-32.65   	-114.75   	  4.01   	 -15.26		
-27.16   	-105.29   	  3.95   	 -15.26		
-22.58   	-90.33   	  3.89   	  -5.09		
-19.53   	-66.53   	  3.87   	 -10.17		
-16.17   	-32.65   	  3.83   	  -5.09		
 -5.19   	 11.29   	  3.80   	  -5.09		
 24.11   	 67.44   	  3.78   	  -5.09		
 80.57   	145.87   	  3.76   	  -5.09		
169.68   	270.08   	  3.74   	   0.00		
290.83   	463.87   	  3.74   	   0.00		
440.98   	724.79   	  3.74   	   5.09		
614.93   	1018.98   	  3.76   	  10.17		
805.97   	1287.23   	  3.80   	  15.26		
997.01   	1470.03   	  3.87   	  20.35		
1156.31   	1529.24(R)	  3.95   	  20.35		
1247.25   	1451.72   	  4.03   	  10.17		
1237.79   	1243.90   	  4.07   	  10.17		
1115.11   	926.82   	  4.11   	   0.00		
899.66   	534.97   	  4.11   	  -5.09		
641.48   	131.53   	  4.09   	 -10.17		
397.64   	-199.28   	  4.05   	 -15.26		
209.66   	-391.85   	  3.99   	 -15.26		
 88.20   	-427.55   	  3.93   	 -25.43		
 14.65   	-348.82   	  3.83   	 -20.35		
-35.40   	-239.26   	  3.74   	 -10.17		
-74.16   	-175.17   	  3.70   	  20.35		
-100.40   	-180.36   	  3.78   	  50.86		
-111.39   	-226.44   	  3.99   	  96.64		
-111.39   	-267.94   	  4.37   	 116.99		
-109.86   	-278.32   	  4.84   	 116.99		
-112.92   	-262.76   	  5.31   	  91.56		
-120.54   	-243.84   	  5.68   	  45.78		
-127.26   	-237.73   	  5.86(A)	  -5.09		
-128.48   	-243.53   	  5.84   	 -61.04		
-125.43   	-250.55   	  5.60   	 -91.56		
-121.15   	-251.77   	  5.23   	-111.90		
-119.02   	-249.33   	  4.78   	-101.73		
-119.93   	-247.80   	  4.37   	 -71.21		
-122.68   	-247.50   	  4.09   	 -35.61		
-124.51   	-245.97   	  3.95   	   5.09		
-122.68   	-239.87   	  3.97   	  35.61		
-118.10   	-230.71   	  4.11   	  61.04		
-113.53   	-223.08   	  4.35   	  71.21		
-112.92   	-220.95   	  4.64   	  66.12		
-115.97   	-224.91   	  4.90   	  61.04		
-120.54   	-231.32   	  5.15   	  40.69		
-123.90   	-235.60   	  5.31   	  20.35		
-124.21   	-234.99   	  5.39   	  10.17		
-122.99   	-231.32   	  5.43   	   0.00		
-122.07   	-226.44   	  5.43   	  -5.09		
-121.77   	-221.25   	  5.41   	  -5.09		
-122.07   	-216.37   	  5.39   	   0.00		
-122.38   	-212.40   	  5.39   	   0.00		
-122.68   	-210.57   	  5.39   	   0.00		
-123.60   	-213.32   	  5.39   	  -5.09		
-125.12   	-219.12   	  5.37   	 -15.26		
-126.95   	-224.91   	  5.31   	 -30.52		
-127.26   	-227.36   	  5.19   	 -40.69		
-126.04   	-224.30   	  5.03   	 -50.86		
-125.12   	-217.29   	  4.82   	 -66.12		
-125.12   	-210.27   	  4.56   	 -61.04		
-126.95   	-206.60   	  4.31   	 -61.04		
-129.70   	-206.91   	  4.07   	 -50.86		
-132.75   	-209.66   	  3.87   	 -40.69		
-135.50   	-211.49   	  3.70   	 -25.43		
-138.55   	-210.27   	  3.60   	 -15.26		
-142.52   	-205.99   	  3.54   	  -5.09		
-147.40   	-202.33   	  3.52   	  -5.09		
-153.20   	-203.25   	  3.50   	  -5.09		
-158.69   	-209.96   	  3.48   	   0.00		
-163.88   	-218.51   	  3.48   	   5.09		
-168.15   	-224.00   	  3.50   	  10.17		
-170.29   	-222.47   	  3.54   	  10.17		
-171.20   	-214.84   	  3.58   	  10.17		
-171.20   	-205.69   	  3.62   	   5.09		
-172.12   	-199.89   	  3.64   	   5.09		
-173.65   	-199.58   	  3.66   	   0.00		
-175.17   	-202.94   	  3.66   	   0.00		
-174.26   	-206.60   	  3.66   	 -10.17		
-170.59   	-205.99   	  3.62   	 -10.17		
-164.49   	-198.97   	  3.58   	 -15.26		
-156.86   	-186.77   	  3.52   	 -10.17		
-149.23   	-172.73   	  3.48   	 -15.26		
-140.69   	-161.13   	  3.42   	 -10.17		
-130.62   	-152.89   	  3.38   	 -10.17		
-118.41   	-144.35   	  3.34   	   0.00		
-104.68   	-131.53   	  3.34   	   5.09		
-90.94   	-115.05   	  3.36   	  10.17		
-78.43   	-98.57   	  3.40   	  10.17		
-66.22   	-86.36   	  3.44   	  20.35		
-54.32   	-79.35   	  3.52   	  15.26		
-43.03   	-75.07   	  3.58   	  15.26		
-33.57   	-69.27   	  3.64   	  15.26		
-26.25   	-60.73   	  3.70   	  10.17		
-21.06   	-50.05   	  3.74   	  10.17		
-16.17   	-38.15   	  3.78   	   5.09		
-11.29   	-27.77   	  3.80   	  10.17		
 -7.02   	-21.36   	  3.85   	   5.09		
 -4.58   	-20.45   	  3.87   	   0.00		
 -4.27   	-24.11   	  3.87   	  -5.09		
 -4.88   	-28.08   	  3.85   	 -20.35		
 -5.19   	-28.99   	  3.76   	 -40.69		
 -4.88   	-26.25   	  3.60   	 -61.04		
 -6.10   	-23.50   	  3.36   	 -76.30		
 -8.85   	-24.72   	  3.05   	 -71.21		
-12.51   	-30.52   	  2.77   	 -50.86		
-14.65   	-37.54   	  2.56   	 -25.43		
-14.04   	-40.89   	  2.46   	  20.35		
-12.21   	-39.06   	  2.54   	  55.95		
-10.68   	-35.40   	  2.77   	  81.38		
-11.60   	-33.26   	  3.09   	  91.56		
-14.65   	-36.01   	  3.46   	  81.38		
-18.01   	-43.33   	  3.78   	  61.04		
-18.62   	-51.88   	  4.03   	  35.61		
-16.17   	-57.98   	  4.17   	  15.26		
-12.51   	-59.20   	  4.23   	   5.09		
-10.07   	-56.15   	  4.25   	  10.17		
-10.38   	-51.57   	  4.29   	  15.26		
-12.82   	-48.22   	  4.35   	  25.43		
-14.65   	-46.08   	  4.46   	  30.52		
-14.65   	-45.47   	  4.58   	  30.52		
-12.82   	-46.08   	  4.70   	  25.43		
-11.29   	-48.22   	  4.80   	  20.35		
-11.60   	-51.88   	  4.88   	   5.09		
-12.82   	-56.46   	  4.90(V)	 -10.17		
-14.04   	-60.12   	  4.86   	 -15.26		
-13.73   	-61.04   	  4.80   	 -20.35		
-13.12   	-59.20   	  4.72   	 -25.43		
-13.43   	-55.24   	  4.62   	 -20.35		
-14.04   	-49.74   	  4.54   	 -15.26		
-14.34   	-44.25   	  4.48   	 -10.17		
-14.04   	-39.98   	  4.44   	  -5.09		
-13.12   	-39.67   	  4.42   	   0.00		
-12.82   	-43.64   	  4.42   	  -5.09		
-12.51   	-50.05   	  4.39   	   0.00		
-11.29   	-53.41   	  4.39   	  -5.09		
 -8.54   	-48.52   	  4.37   	  -5.09		
 -4.88   	-33.87   	  4.35   	  -5.09		
 -1.22   	-12.51   	  4.33   	  -5.09		
  1.22   	 10.07   	  4.31   	   5.09		
  3.66   	 28.08   	  4.33   	   5.09		
  6.41   	 39.37   	  4.35   	  10.17		
  9.16   	 44.25   	  4.39   	  10.17		
 11.29   	 44.86   	  4.44   	   5.09		
 12.51   	 44.56   	  4.46   	   0.00		
 14.34   	 48.83   	  4.46   	   0.00		
 19.53   	 61.95   	  4.46   	 -10.17		
 29.60   	 86.06   	  4.42   	 -10.17		
 43.95   	117.49   	  4.37   	 -10.17		
 59.20   	149.23   	  4.33   	 -10.17		
 70.50   	173.95   	  4.29   	 -10.17		
 74.77   	188.60   	  4.25   	  -5.09		
 72.63   	194.09   	  4.23   	  -5.09		
 68.66   	195.31   	  4.21   	  -5.09		
 67.75   	195.01   	  4.19   	  -5.09		
 72.63   	194.09   	  4.17   	   0.00		
 80.87   	191.96   	  4.17   	   0.00		
 87.89   	188.60   	  4.17   	   0.00		
 90.03   	183.41   	  4.17   	   0.00		
 86.36   	175.48   	  4.17   	   0.00		
 77.51   	161.13   	  4.17   	   0.00		
 62.26   	135.50   	  4.17   	  -5.09		
 39.67   	 95.52   	  4.15   	  -5.09		
 11.29   	 45.47   	  4.13   	 -10.17		
-16.48   	 -6.10   	  4.09   	  -5.09		
-35.71   	-50.35   	  4.07   	  -5.09		
-42.11   	-82.40   	  4.05   	   0.00		
-39.06   	-103.15   	  4.05   	   0.00		
-33.57   	-116.88   	  4.05   	   5.09		
-32.04   	-125.73   	  4.07   	  10.17		
-34.48   	-130.62   	  4.11   	  20.35		
-37.54   	-132.14   	  4.19   	  15.26		
-38.76   	-130.92   	  4.25   	  20.35		
-38.15   	-129.39   	  4.33   	  20.35		
-38.15   	-128.78   	  4.42   	  25.43		
-39.67   	-129.09   	  4.52   	  25.43		
-42.72   	-129.39   	  4.62   	  35.61		
-45.17   	-130.00   	  4.76   	  35.61		
-45.47   	-130.62   	  4.90   	  35.61		
-43.64   	-131.53   	  5.05   	  35.61		
-41.20   	-132.14   	  5.19   	  25.43		
-39.98   	-132.14   	  5.29   	  20.35		
-40.59   	-130.92   	  5.37   	  10.17		
-42.11   	-129.09   	  5.41   	   0.00		
-43.64   	-126.95   	  5.41   	  -5.09		
-43.33   	-124.82   	  5.39   	 -10.17		
-41.50   	-122.38   	  5.35   	  -5.09		
-39.67   	-119.63   	  5.33   	 -10.17		
-38.15   	-117.19   	  5.29   	 -10.17		
-36.62   	-115.05   	  5.25   	 -10.17		
-33.57   	-110.17   	  5.21   	  -5.09		
-29.60   	-98.57   	  5.19   	 -10.17		
-26.86   	-75.07   	  5.15   	   0.00		
-25.33   	-38.76   	  5.15   	   0.00		
-20.14   	  8.54   	  5.15   	   5.09		
 -1.53   	 68.97   	  5.17   	  10.17		
 41.50   	150.15   	  5.21   	  15.26		
115.97   	272.22   	  5.27   	  15.26		
223.08   	457.15   	  5.33   	  25.43		
360.72   	707.40   	  5.43   	  25.43		
524.29   	994.26   	  5.53   	  25.43		
707.09   	1265.87   	  5.64   	  25.43		
896.00   	1464.54   	  5.74   	  25.43		
1065.37   	1550.60(R)	  5.84   	  25.43		
1181.64   	1506.96   	  5.94   	  25.43		
1210.63   	1333.62   	  6.04   	  30.52		
1130.37   	1043.09   	  6.16   	  35.61		
946.96   	662.54   	  6.31   	  30.52		
701.60   	245.06   	  6.43   	  25.43		
453.19   	-123.90   	  6.53   	  20.35		
251.16   	-364.38   	  6.61   	  10.17		
116.58   	-440.37   	  6.65   	 -10.17		
 36.62   	-379.94   	  6.61   	 -15.26		
-17.70   	-262.45   	  6.55   	 -30.52		
-63.48   	-174.56   	  6.43   	 -20.35		
-100.10   	-158.08   	  6.35   	  10.17		
-121.15   	-196.23   	  6.39   	  55.95		
-125.43   	-242.61   	  6.61   	 106.82		
-120.85   	-262.45   	  7.04   	 137.33		
-116.88   	-251.77   	  7.59   	 147.51		
-118.10   	-230.71   	  8.18   	 122.07		
-122.68   	-218.51   	  8.67   	  66.12		
-127.56   	-219.73   	  8.93   	   5.09		
-130.62   	-225.22   	  8.95(A)	 -55.95		
-132.14   	-226.44   	  8.73   	 -96.64		
-132.14   	-222.78   	  8.34   	-111.90		
-130.92   	-218.20   	  7.89   	-101.73		
-130.31   	-217.59   	  7.49   	 -71.21		
-130.31   	-220.03   	  7.20   	 -30.52		
-130.92   	-223.08   	  7.08   	  10.17		
-131.84   	-222.17   	  7.12   	  40.69		
-131.84   	-216.98   	  7.28   	  61.04		
-131.53   	-209.66   	  7.53   	  66.12		
-130.62   	-204.16   	  7.79   	  55.95		
-129.39   	-203.55   	  8.02   	  50.86		
-127.56   	-205.99   	  8.22   	  30.52		
-125.73   	-208.13   	  8.34   	  20.35		
-124.82   	-206.60   	  8.42   	  10.17		
-125.73   	-201.11   	  8.46   	   5.09		
-128.17   	-193.79   	  8.48   	   5.09		
-130.92   	-187.99   	  8.50   	  10.17		
-132.45   	-184.94   	  8.55   	  20.35		
-133.36   	-184.94   	  8.63   	  20.35		
-133.67   	-186.46   	  8.71   	  10.17		
-135.50   	-186.77   	  8.75   	  -5.09		
-138.24   	-184.94   	  8.73   	 -25.43		
-141.30   	-180.66   	  8.63   	 -50.86		
-142.21   	-174.87   	  8.42   	 -71.21		
-140.99   	-169.98   	  8.14   	 -76.30		
-138.85   	-168.76   	  7.83   	 -76.30		
-139.16   	-172.12   	  7.53   	 -66.12		
-143.43   	-178.22   	  7.26   	 -45.78		
-149.84   	-183.41   	  7.08   	 -30.52		
-155.64   	-185.24   	  6.96   	 -15.26		
-158.69   	-182.80   	  6.90   	  -5.09		
-159.30   	-178.22   	  6.88   	  -5.09		
-159.91   	-173.03   	  6.86   	   0.00		
-161.74   	-168.76   	  6.86   	   0.00		
-164.79   	-164.79   	  6.86   	   5.09		
-166.93   	-162.05   	  6.88   	   5.09		
-169.07   	-160.83   	  6.90   	   5.09		
-172.12   	-162.66   	  6.92   	   0.00		
-177.00   	-166.63   	  6.92   	   0.00		
-183.11   	-170.59   	  6.92   	  -5.09		
-187.99   	-172.12   	  6.90   	 -15.26		
-189.51   	-170.59   	  6.84   	 -10.17		
-186.77   	-167.24   	  6.80   	 -20.35		
-181.58   	-162.96   	  6.71   	 -10.17		
-176.70   	-158.39   	  6.67   	 -15.26		
-173.34   	-152.89   	  6.61   	  -5.09		
-170.29   	-144.96   	  6.59   	   5.09		
-166.02   	-135.19   	  6.61   	   5.09		
-158.69   	-124.82   	  6.63   	  15.26		
-147.71   	-114.44   	  6.69   	  20.35		
-134.28   	-103.45   	  6.78   	  15.26		
-120.85   	-90.94   	  6.84   	  15.26		
-108.03   	-76.29   	  6.90   	  15.26		
-95.21   	-61.34   	  6.96   	  10.17		
-82.40   	-48.22   	  7.00   	  10.17		
-69.58   	-38.15   	  7.04   	   5.09		
-57.37   	-29.60   	  7.06   	  15.26		
-47.61   	-20.45   	  7.12   	  15.26		
-40.28   	 -9.46   	  7.18   	  20.35		
-35.40   	  2.44   	  7.26   	  20.35		
-31.43   	 12.21   	  7.34   	  20.35		
-28.38   	 17.40   	  7.43   	   5.09		
-25.63   	 17.70   	  7.45   	   0.00		
-24.11   	 15.56   	  7.45   	 -10.17		
-23.50   	 14.04   	  7.41   	 -20.35		
-23.19   	 15.26   	  7.32   	 -35.61		
-23.50   	 18.62   	  7.18   	 -40.69		
-23.50   	 21.67   	  7.02   	 -45.78		
-23.50   	 22.28   	  6.84   	 -50.86		
-23.80   	 18.62   	  6.63   	 -40.69		
-24.41   	 12.21   	  6.47   	 -35.61		
-24.72   	  5.80   	  6.33   	  -5.09		
-25.02   	  1.53   	  6.31   	  15.26		
-25.94   	  0.00   	  6.37   	  35.61		
-28.08   	  0.00   	  6.51   	  55.95		
-29.91   	  0.61   	  6.73   	  55.95		
-29.91   	  2.14   	  6.96   	  55.95		
-27.47   	  3.66   	  7.18   	  50.86		
-23.80   	  5.19   	  7.39   	  45.78		
-21.67   	  4.88   	  7.57   	  40.69		
-22.58   	  2.14   	  7.73   	  35.61		
-26.55   	 -2.44   	  7.87   	  30.52		
-29.91   	 -6.41   	  8.00   	  35.61		
-31.43   	 -8.24   	  8.14   	  30.52		
-30.82   	 -7.32   	  8.26   	  20.35		
-29.30   	 -5.19   	  8.34   	  20.35		
-28.08   	 -3.05   	  8.42   	  10.17		
-28.08   	 -3.36   	  8.46   	   5.09		
-29.30   	 -6.10   	  8.48   	   0.00		
-31.43   	-10.68   	  8.48   	   0.00		
-33.57   	-14.95   	  8.48   	  -5.09		
-34.79   	-18.01   	  8.46   	   0.00		
-35.10   	-18.31   	  8.46   	   0.00		
-33.87   	-16.17   	  8.46   	  -5.09		
-31.74   	-13.12   	  8.44   	  -5.09		
-29.91   	-10.38   	  8.42   	  -5.09		
-29.30   	 -9.46   	  8.40   	 -10.17		
-29.60   	-10.07   	  8.36   	 -10.17		
-31.13   	-11.60   	  8.32   	  -5.09		
-32.96   	-12.51   	  8.30   	  -5.09		
-33.57   	-11.60   	  8.28   	   5.09		
-32.35   	 -7.93   	  8.30   	  10.17		
-29.60   	 -0.61   	  8.34   	  15.26		
-25.63   	 10.99   	  8.40   	  20.35		
-21.36   	 26.25   	  8.48   	  15.26		
-17.09   	 43.33   	  8.55   	  10.17		
-13.43   	 58.90   	  8.59   	   5.09		
-10.68   	 70.50   	  8.61   	   5.09		
 -9.16   	 78.13   	  8.63(V)	  -5.09		
 -7.93   	 83.92   	  8.61   	 -10.17		
 -6.41   	 90.94   	  8.57   	 -15.26		
 -1.83   	103.15   	  8.50   	 -20.35		
  6.71   	121.15   	  8.42   	 -15.26		
 19.84   	143.43   	  8.36   	  N/A		
