  I     	  II     	  AOp     	  AOp'		
  9.77   	 30.21   	154.00   	-1119.02		
  8.85   	 20.14   	149.52   	-1251.27		
  7.93   	 10.68   	144.52   	-1327.56		
  6.71   	  2.75   	139.21   	-1358.08		
  4.58   	 -4.27   	133.77   	-1337.74		
  3.36   	-10.38   	128.42   	-1307.22		
  3.36   	-15.87   	123.19   	-1256.35		
  5.19   	-19.53   	118.17   	-1195.32		
  8.24   	-19.53   	113.39   	-1129.19		
 10.68   	-15.26   	108.87   	-1063.07		
 11.60   	 -8.24   	104.62   	-981.68		
 11.60   	 -0.31   	100.69   	-900.30		
 13.12   	  7.32   	 97.09   	-818.92		
 18.31   	 17.70   	 93.81   	-732.45		
 26.55   	 35.71   	 90.88   	-656.15		
 35.71   	 66.53   	 88.26   	-590.03		
 43.33   	110.17   	 85.90   	-539.16		
 48.83   	160.22   	 83.74   	-493.39		
 54.32   	207.82   	 81.77   	-462.87		
 61.34   	247.80   	 79.92   	-422.18		
 70.50   	281.98   	 78.23   	-391.66		
 79.35   	315.25   	 76.66   	-356.05		
 83.62   	350.95   	 75.24   	-315.36		
 80.26   	385.44   	 73.98   	-274.67		
 70.80   	412.29   	 72.88   	-244.15		
 58.29   	426.33   	 71.90   	-208.54		
 47.00   	429.99   	 71.07   	-183.11		
 40.59   	432.43   	 70.34   	-157.68		
 40.59   	442.20   	 69.70   	-142.42		
 46.39   	462.34   	 69.14   	-122.07		
 55.85   	488.59   	 68.65   	-116.99		
 65.00   	507.51   	 68.18   	-295.01		
 51.27   	384.52   	 67.00   	 -96.64		
 31.13   	274.66   	 66.61   	-279.75		
-24.72   	-10.99   	 65.49   	 -76.30		
-31.13   	-47.61   	 65.19   	 -66.12		
-32.35   	-68.66   	 64.92   	 -45.78		
-32.65   	-88.50   	 64.74   	 -25.43		
-35.40   	-110.17   	 64.64   	  -5.09		
-40.28   	-127.56   	 64.62   	  15.26		
-45.17   	-134.58   	 64.68   	  35.61		
-48.22   	-132.75   	 64.82   	  45.78		
-48.83   	-129.09   	 65.00   	  66.12		
-48.52   	-130.31   	 65.27   	  66.12		
-48.83   	-134.58   	 65.53   	  76.30		
-48.83   	-137.94   	 65.84   	  76.30		
-48.22   	-138.24   	 66.14   	  76.30		
-46.08   	-136.72   	 66.45   	  71.21		
-43.33   	-137.02   	 66.73   	  66.12		
-42.11   	-140.08   	 67.00   	  55.95		
-43.03   	-142.52   	 67.22   	  55.95		
-44.25   	-136.72   	 67.45   	  50.86		
-44.25   	-116.58   	 67.65   	  45.78		
-42.72   	-77.51   	 67.83   	  40.69		
-39.37   	-19.84   	 68.00   	  40.69		
-33.26   	 48.52   	 68.16   	  35.61		
-22.28   	116.58   	 68.30   	  30.52		
 -4.88   	177.92   	 68.42   	  30.52		
 13.43   	241.39   	 68.55   	  30.52		
 20.75   	336.00   	 68.67   	  30.52		
  5.19   	488.59   	 68.79   	  35.61		
-34.79   	687.56   	 68.93   	  40.69		
-82.40   	856.02   	 69.09   	  45.78		
-114.75   	876.16   	 69.28   	  50.86		
-125.73   	661.62   	 69.48   	  55.95		
-135.50   	228.27   	 69.70   	  55.95		
-177.92   	-293.58   	 69.93   	  61.04		
-271.00   	-724.49   	 70.17   	  55.95		
-389.10   	-942.69(R)	 70.40   	  50.86		
-475.46   	-941.77   	 70.60   	  45.78		
-479.74   	-806.27   	 70.78   	  30.52		
-393.37   	-637.82   	 70.91   	  20.35		
-255.74   	-497.44   	 70.99   	   5.09		
-125.12   	-393.37   	 71.01   	 -10.17		
-43.64   	-310.36   	 70.97   	 -35.61		
-17.40   	-240.48   	 70.82   	 -50.86		
-25.02   	-187.38   	 70.62   	 -71.21		
-38.45   	-156.86   	 70.34   	 -96.64		
-41.20   	-147.09   	 69.95   	-106.82		
-32.96   	-150.15   	 69.52   	-122.07		
-22.89   	-154.72   	 69.03   	-132.25		
-17.40   	-153.20   	 68.50   	-137.33		
-17.40   	-143.13   	 67.95   	-132.25		
-18.62   	-128.78   	 67.43   	-132.25		
-18.62   	-115.97   	 66.90   	-122.07		
-17.40   	-108.64   	 66.41   	-111.90		
-16.48   	-106.51   	 65.96   	-106.82		
-16.17   	-105.29   	 65.53   	 -96.64		
-16.17   	-101.62   	 65.15   	 -91.56		
-15.26   	-94.91   	 64.78   	 -76.30		
-14.34   	-87.59   	 64.48   	 -71.21		
-14.04   	-80.26   	 64.19   	 -50.86		
-14.65   	-73.85   	 63.99   	 -40.69		Beg---------
-14.65   	-66.83   	 63.82   	 -20.35		
-13.73   	-59.81   	 63.74(D)	   5.09		
-12.21   	-53.10   	 63.76   	  25.43		
-10.99   	-47.61   	 63.87   	  50.86		
-10.38   	-43.64   	 64.07   	  76.30		
-10.38   	-39.98   	 64.37   	 101.73		
-10.07   	-35.10   	 64.78   	 132.25		
 -9.77   	-28.08   	 65.31   	 152.59		
 -9.46   	-18.62   	 65.92   	 178.03		
 -9.46   	 -6.71   	 66.63   	 208.54		
-10.68   	  7.32   	 67.47   	 223.80		
-12.21   	 22.28   	 68.36   	 244.15		
-14.04   	 36.62   	 69.34   	 259.41		
-15.56   	 49.74   	 70.38   	 269.58		
-15.87   	 62.26   	 71.45   	 279.75		
-15.26   	 75.38   	 72.57   	 284.84		
-14.65   	 90.03   	 73.71   	 279.75		
-14.65   	105.59   	 74.83   	 274.67		
-15.26   	120.85   	 75.93   	 264.50		
-16.48   	134.58   	 76.99   	 254.32		
-17.40   	147.09   	 78.01   	 239.06		
-17.40   	159.91   	 78.96   	 223.80		
-16.78   	173.03   	 79.86   	 203.46		
-15.26   	185.85   	 80.67   	 183.11		
-13.43   	197.75   	 81.40   	 162.77		
-11.60   	206.91   	 82.05   	 137.33		
-10.07   	212.71   	 82.60   	 122.07		
 -8.24   	215.15   	 83.09   	 101.73		
 -5.80   	215.15   	 83.50   	  76.30		
 -3.05   	212.71   	 83.80   	  61.04		
  0.00   	206.91   	 84.05   	  40.69		
  2.44   	196.84   	 84.21   	  25.43		
  3.66   	181.27   	 84.31   	  10.17		
  4.27   	161.44   	 84.35(S)	   0.00		
  5.49   	139.77   	 84.35   	 -15.26		
  7.63   	118.10   	 84.29   	 -25.43		
  9.77   	 97.35   	 84.19   	 -30.52		
 10.99   	 77.51   	 84.07   	 -40.69		
 10.38   	 58.29   	 83.91   	 -50.86		
  8.54   	 40.59   	 83.70   	 -55.95		
  6.41   	 26.25   	 83.48   	 -66.12		
  5.49   	 17.09   	 83.21   	 -76.30		
  5.80   	 10.99   	 82.91   	 -86.47		
  6.71   	  6.10   	 82.56   	 -91.56		
  7.02   	  0.00   	 82.20   	 -96.64		
  6.71   	 -7.93   	 81.81   	-106.82		
  5.19   	-15.87   	 81.38   	-111.90		
  3.36   	-21.67   	 80.94   	-116.99		
  2.14   	-24.72   	 80.47   	-127.16		
  1.83   	-25.33   	 79.96   	-127.16		
  2.75   	-25.33   	 79.45   	-132.25		
  3.66   	-25.33   	 78.92   	-132.25		
  4.88   	-25.02   	 78.39   	-132.25		
  6.41   	-23.80   	 77.86   	-122.07		
  8.85   	-19.84   	 77.38   	-116.99		
 13.73   	-10.07   	 76.91   	-106.82		
 21.06   	  8.85   	 76.48   	 -86.47		
 30.52   	 40.28   	 76.13   	 -71.21		
 39.98   	 82.70   	 75.85   	 -55.95		
 48.22   	130.92   	 75.63   	 -40.69		
 54.93   	177.92   	 75.46   	 -25.43		
 61.34   	219.73   	 75.36   	 -20.35		
 69.27   	257.57   	 75.28   	 -15.26		
 77.82   	294.80   	 75.22   	  -5.09		
 83.62   	333.86   	 75.20   	  -5.09		
 83.62   	371.40   	 75.18   	  -5.09		
 76.29   	401.61   	 75.16   	   0.00		
 64.39   	419.92   	 75.16   	   0.00		
 52.19   	427.25   	 75.16   	   0.00		
 44.25   	430.91   	 75.16   	   0.00		
 42.72   	440.06   	 75.16   	   5.09		
 47.30   	459.29   	 75.18   	   0.00		
 56.76   	486.76   	 75.18   	   0.00		
 66.83   	512.39   	 75.18   	   0.00		
 73.55   	520.63   	 75.18   	   5.09		
 72.63   	495.91   	 75.20   	  -5.09		
 62.26   	429.99   	 75.18   	   0.00		
 44.25   	327.45   	 75.18   	  -5.09		
 22.58   	206.91   	 75.16   	  -5.09		
  2.44   	 95.21   	 75.14   	  -5.09		
-12.82   	 13.43   	 75.12   	 -10.17		
-21.97   	-33.57   	 75.08   	 -10.17		
-26.25   	-56.76   	 75.04   	 -15.26		
-28.38   	-73.24   	 74.97   	 -10.17		
-30.21   	-91.86   	 74.93   	 -15.26		
-33.26   	-112.00   	 74.87   	 -15.26		
-36.93   	-126.04   	 74.81   	 -15.26		
-39.98   	-131.53   	 74.75   	 -20.35		
-41.81   	-131.23   	 74.67   	 -25.43		
-42.42   	-131.53   	 74.57   	 -20.35		
-42.72   	-135.19   	 74.49   	 -30.52		
-42.72   	-140.69   	 74.36   	 -30.52		
-41.81   	-144.96   	 74.24   	 -30.52		
-39.67   	-146.48   	 74.12   	 -30.52		
-36.62   	-146.48   	 74.00   	 -35.61		
-33.57   	-146.18   	 73.86   	 -30.52		
-31.13   	-145.87   	 73.73   	 -25.43		
-29.60   	-142.21   	 73.63   	 -30.52		
-28.69   	-129.39   	 73.51   	 -25.43		
-28.38   	-100.40   	 73.41   	 -20.35		
-28.69   	-51.57   	 73.33   	 -20.35		
-27.77   	 13.73   	 73.24   	 -20.35		
-21.67   	 84.23   	 73.16   	 -20.35		
 -7.93   	147.09   	 73.08   	 -25.43		
 10.99   	203.25   	 72.98   	 -20.35		
 24.11   	274.05   	 72.90   	 -25.43		
 16.17   	392.46   	 72.80   	 -25.43		
-20.14   	568.85   	 72.70   	 -25.43		
-73.55   	755.92   	 72.59   	 -30.52		
-119.02   	848.39   	 72.47   	 -30.52		
-139.16   	739.44   	 72.35   	 -35.61		
-142.21   	395.81   	 72.21   	 -35.61		
-160.22   	-99.49   	 72.06   	 -35.61		
-225.22   	-582.58   	 71.92   	 -40.69		
-333.86   	-899.35   	 71.76   	 -35.61		
-440.06   	-992.74(R)	 71.62   	 -40.69		
-485.53   	-909.12   	 71.45   	 -40.69		
-438.84   	-746.15   	 71.29   	 -35.61		
-317.38   	-584.11   	 71.15   	 -35.61		
-175.17   	-454.71   	 71.01   	 -35.61		
-65.61   	-354.00   	 70.86   	 -35.61		
-13.73   	-272.52   	 70.72   	 -35.61		
 -9.46   	-209.96   	 70.58   	 -35.61		
-24.72   	-170.90   	 70.44   	 -30.52		
-34.18   	-154.11   	 70.32   	 -35.61		
-30.21   	-151.67   	 70.17   	 -35.61		
-17.70   	-152.59   	 70.03   	 -30.52		
 -6.71   	-149.23   	 69.91   	 -25.43		
 -3.36   	-140.69   	 69.81   	 -20.35		
 -6.10   	-129.39   	 69.73   	 -15.26		
 -9.46   	-118.71   	 69.66   	 -15.26		
 -9.77   	-111.08   	 69.60   	  -5.09		
 -7.93   	-105.90   	 69.58   	 -10.17		
 -4.88   	-101.01   	 69.54   	  -5.09		
 -2.75   	-95.83   	 69.52   	 -10.17		
 -1.53   	-90.33   	 69.48   	 -10.17		
 -1.22   	-85.14   	 69.44   	 -15.26		
 -0.92   	-80.57   	 69.38   	 -15.26		
 -0.31   	-75.38   	 69.32   	 -15.26		
  0.61   	-69.27   	 69.26   	 -10.17		
  1.83   	-61.65   	 69.22   	   0.00		
  2.44   	-52.80   	 69.22   	   5.09		
  2.14   	-44.25   	 69.24   	  20.35		
  0.92   	-36.93   	 69.32   	  35.61		
 -0.31   	-30.21   	 69.46   	  45.78		
 -0.61   	-23.80   	 69.64   	  66.12		
  0.00   	-17.40   	 69.91   	  81.38		
  0.61   	-10.38   	 70.23   	  96.64		
  0.92   	 -2.75   	 70.62   	 116.99		
  1.22   	  5.80   	 71.09   	 132.25		
  1.53   	 15.87   	 71.62   	 147.51		
  1.83   	 27.47   	 72.21   	 157.68		
  1.22   	 39.98   	 72.84   	 167.85		
 -0.61   	 52.80   	 73.51   	 178.03		
 -3.05   	 65.92   	 74.22   	 183.11		
 -4.88   	 79.96   	 74.95   	 183.11		
 -5.80   	 95.52   	 75.69   	 178.03		
 -6.10   	112.00   	 76.40   	 178.03		
 -6.10   	129.09   	 77.11   	 172.94		
 -6.71   	144.96   	 77.80   	 162.77		
 -7.02   	159.00   	 78.45   	 157.68		
 -7.02   	171.20   	 79.08   	 152.59		
 -5.80   	181.58   	 79.69   	 137.33		
 -3.97   	190.73   	 80.24   	 132.25		
 -2.14   	198.36   	 80.77   	 127.16		
 -1.53   	203.86   	 81.28   	 111.90		
 -1.53   	206.60   	 81.73   	 101.73		
 -0.92   	207.21   	 82.14   	  91.56		
  0.92   	205.99   	 82.50   	  81.38		
  4.27   	202.64   	 82.83   	  71.21		
  7.93   	195.01   	 83.11   	  55.95		
 10.68   	181.58   	 83.34   	  45.78		
 11.29   	162.96   	 83.52   	  35.61		
 10.68   	140.69   	 83.66   	  25.43		
 10.68   	118.10   	 83.76   	  15.26		
 11.90   	 97.35   	 83.82(S)	   0.00		
 14.34   	 78.13   	 83.82   	 -15.26		
 16.48   	 59.51   	 83.76   	 -20.35		
 17.40   	 41.81   	 83.68   	 -35.61		
 17.40   	 25.33   	 83.54   	 -45.78		
 17.09   	 11.60   	 83.36   	 -61.04		
 16.17   	  0.31   	 83.11   	 -66.12		
 15.56   	 -8.85   	 82.85   	 -81.38		
 14.65   	-17.09   	 82.52   	 -91.56		
 14.65   	-24.41   	 82.16   	-101.73		
 14.65   	-30.52   	 81.75   	-111.90		
 14.65   	-35.71   	 81.30   	-122.07		
 14.34   	-39.98   	 80.81   	-132.25		
 13.12   	-43.33   	 80.28   	-137.33		
 11.90   	-45.78   	 79.74   	-142.42		
 11.29   	-47.30   	 79.17   	-147.51		
 11.90   	-48.83   	 78.58   	-142.42		
 12.82   	-50.05   	 78.01   	-137.33		
 13.73   	-50.05   	 77.46   	-132.25		
 15.26   	-47.00   	 76.93   	-116.99		
 19.23   	-38.15   	 76.46   	-101.73		
 25.94   	-20.14   	 76.05   	 -86.47		
 35.40   	  9.16   	 75.71   	 -71.21		
 46.08   	 49.13   	 75.42   	 -55.95		
 55.85   	 96.74   	 75.20   	 -45.78		
 64.09   	145.87   	 75.01   	 -35.61		
 71.72   	190.43   	 74.87   	 -30.52		
 79.04   	229.19   	 74.75   	 -20.35		
 86.06   	264.59   	 74.67   	 -20.35		
 90.64   	300.60   	 74.59   	 -10.17		
 90.33   	336.91   	 74.55   	 -10.17		
 84.84   	368.65   	 74.51   	   0.00		
 74.77   	388.49   	 74.51   	  -5.09		
 62.87   	393.37   	 74.49   	   5.09		
 52.19   	389.10   	 74.51   	   0.00		
 45.47   	387.88   	 74.51   	   5.09		
 44.25   	398.25   	 74.53   	   0.00		
 49.13   	422.06   	 74.53   	   0.00		
 58.59   	449.83   	 74.53   	   0.00		
 67.75   	465.09   	 74.53   	  -5.09		
 71.11   	449.52   	 74.51   	  -5.09		
 65.92   	393.98   	 74.49   	 -10.17		
 51.88   	299.99   	 74.45   	 -15.26		
 32.04   	184.02   	 74.38   	 -15.26		
 10.99   	 71.11   	 74.32   	 -15.26		
 -7.32   	-16.78   	 74.26   	 -15.26		
-20.14   	-71.11   	 74.20   	 -15.26		
-26.86   	-99.18   	 74.14   	 -15.26		
-29.30   	-116.88   	 74.08   	 -10.17		
-29.91   	-136.11   	 74.04   	 -15.26		
-32.04   	-157.47   	 73.98   	 -20.35		
-36.01   	-174.87   	 73.90   	 -15.26		
-39.67   	-182.50   	 73.83   	 -20.35		
-41.50   	-180.97   	 73.75   	 -25.43		
-40.28   	-176.09   	 73.65   	 -25.43		
-38.15   	-174.26   	 73.55   	 -30.52		
-37.23   	-176.70   	 73.43   	 -35.61		
-38.15   	-181.88   	 73.29   	 -30.52		
-40.89   	-187.07   	 73.16   	 -35.61		
-42.72   	-189.51   	 73.02   	 -35.61		
-42.72   	-188.90   	 72.88   	 -30.52		
-40.59   	-185.85   	 72.76   	 -30.52		
-36.62   	-180.05   	 72.63   	 -25.43		
-33.57   	-168.76   	 72.53   	 -20.35		
-32.35   	-144.96   	 72.45   	 -20.35		
-33.26   	-101.93   	 72.37   	 -20.35		
-34.48   	-39.06   	 72.29   	 -15.26		
-31.43   	 33.57   	 72.23   	 -15.26		
-20.14   	102.84   	 72.17   	 -15.26		
 -1.53   	162.05   	 72.11   	 -20.35		
 15.26   	225.83   	 72.02   	 -15.26		
 14.34   	326.23   	 71.96   	 -20.35		
-15.56   	485.53   	 71.88   	 -25.43		
-69.89   	675.35   	 71.78   	 -30.52		
-124.82   	804.14   	 71.66   	 -30.52		
-155.94   	755.31   	 71.54   	 -30.52		
-162.05   	466.31   	 71.41   	 -35.61		
-170.29   	-12.21   	 71.27   	 -40.69		
-217.29   	-526.43   	 71.11   	 -40.69		
-314.94   	-901.79   	 70.95   	 -40.69		
-427.55   	-1045.53(R)	 70.78   	 -40.69		
-494.69   	-984.19   	 70.62   	 -45.78		
-472.72   	-816.96   	 70.44   	 -45.78		
-364.69   	-641.48   	 70.25   	 -45.78		
-217.90   	-503.54   	 70.07   	 -45.78		
-91.86   	-400.09   	 69.89   	 -45.78		
-22.28   	-314.64   	 69.70   	 -45.78		
 -7.32   	-244.14   	 69.52   	 -45.78		
-20.45   	-194.40   	 69.34   	 -45.78		
-33.57   	-169.07   	 69.16   	 -40.69		
-33.57   	-162.66   	 68.99   	 -40.69		
-24.41   	-163.57   	 68.83   	 -35.61		
-15.26   	-162.66   	 68.69   	 -30.52		
-12.21   	-157.47   	 68.57   	 -20.35		
-13.73   	-150.45   	 68.48   	 -15.26		
-15.56   	-144.04   	 68.42   	  -5.09		
-14.65   	-139.47   	 68.40   	  -5.09		
-12.21   	-135.50   	 68.38(D)	   5.09		
-10.38   	-130.92   	 68.40   	  10.17		
-10.99   	-125.43   	 68.44   	   5.09		
-12.51   	-119.63   	 68.46   	   5.09		
-13.73   	-114.14   	 68.48   	  10.17		
-12.82   	-108.34   	 68.52   	   5.09		
-10.07   	-101.32   	 68.55   	  15.26		
 -6.41   	-93.08   	 68.61   	  15.26		
 -3.05   	-85.14   	 68.67   	  25.43		
 -1.22   	-78.43   	 68.77   	  35.61		
 -1.22   	-73.24   	 68.91   	  45.78		
 -2.14   	-68.05   	 69.09   	  66.12		
 -3.05   	-61.65   	 69.36   	  76.30		
 -3.05   	-54.32   	 69.66   	 101.73		
 -2.75   	-46.08   	 70.07   	 116.99		
 -2.44   	-38.45   	 70.54   	 132.25		
 -2.75   	-31.43   	 71.07   	 157.68		
 -3.05   	-23.50   	 71.70   	 167.85		
 -2.75   	-14.04   	 72.37   	 183.11		
 -2.14   	 -2.14   	 73.10   	 198.37		
 -1.22   	 10.99   	 73.90   	 203.46		
 -1.83   	 24.11   	 74.71   	 213.63		
 -4.27   	 36.32   	 75.56   	 213.63		
 -7.93   	 48.52   	 76.42   	 213.63		
-10.38   	 62.26   	 77.27   	 213.63		
-10.38   	 78.74   	 78.13   	 203.46		
 -8.85   	 97.05   	 78.94   	 203.46		
 -7.02   	114.75   	 79.76   	 193.29		
 -6.41   	130.62   	 80.53   	 183.11		
 -7.02   	144.04   	 81.26   	 178.03		
 -7.93   	155.94   	 81.97   	 162.77		
 -8.24   	166.32   	 82.62   	 157.68		
 -7.93   	175.17   	 83.26   	 147.51		
 -7.02   	180.97   	 83.85   	 132.25		
 -5.80   	184.02   	 84.37   	 122.07		
 -4.58   	185.55   	 84.86   	 106.82		
 -2.44   	186.16   	 85.29   	  91.56		
  0.00   	185.55   	 85.66   	  81.38		
  2.14   	181.58   	 85.98   	  66.12		
  4.58   	171.51   	 86.25   	  50.86		
  6.71   	155.33   	 86.45   	  35.61		
  9.77   	135.50   	 86.59   	  20.35		
 12.51   	113.83   	 86.67   	   5.09		
 14.34   	 92.47   	 86.69(S)	  -5.09		
 14.04   	 71.72   	 86.67   	 -15.26		
 11.90   	 52.19   	 86.61   	 -25.43		
  9.16   	 34.18   	 86.51   	 -40.69		
  7.93   	 18.62   	 86.35   	 -45.78		
  8.24   	  5.19   	 86.16   	 -55.95		
  8.85   	 -6.41   	 85.94   	 -66.12		
  8.85   	-16.78   	 85.68   	 -71.21		
  7.63   	-26.25   	 85.39   	 -76.30		
  6.10   	-34.79   	 85.09   	 -81.38		
  5.19   	-41.81   	 84.76   	 -86.47		
  5.49   	-46.69   	 84.41   	 -96.64		
  6.71   	-49.44   	 84.03   	-101.73		
  7.93   	-49.74   	 83.62   	-111.90		
  9.16   	-49.44   	 83.17   	-111.90		
  9.77   	-50.05   	 82.73   	-381.48		
  9.16   	-54.63   	 81.20   	-122.07		
 11.60   	-49.44   	 80.71   	-122.07		
 18.62   	-36.32   	 80.22   	-111.90		
 29.60   	-12.21   	 79.78   	-101.73		
 42.72   	 23.19   	 79.37   	 -91.56		
 54.32   	 68.36   	 79.00   	 -81.38		
 62.56   	116.88   	 78.68   	 -66.12		
 68.05   	162.66   	 78.41   	 -61.04		
 72.94   	201.72   	 78.17   	 -45.78		
 79.04   	235.90   	 77.99   	 -40.69		
 85.45   	271.00   	 77.82   	 -30.52		
 89.72   	309.45   	 77.70   	 -25.43		
 88.81   	346.98   	 77.60   	 -20.35		
 82.09   	376.28   	 77.52   	 -10.17		
 71.72   	390.32   	 77.48   	   0.00		
 60.12   	390.32   	 77.48   	   0.00		
 50.35   	385.74   	 77.48   	  10.17		
 45.17   	387.88   	 77.52   	   5.09		
 46.69   	404.05   	 77.54   	  15.26		
 54.63   	431.82   	 77.60   	  10.17		
 65.92   	458.37   	 77.64   	   5.09		
 74.46   	465.70   	 77.66   	  10.17		
 74.46   	437.93   	 77.70   	   0.00		
 64.70   	368.65   	 77.70   	   0.00		
 46.39   	264.59   	 77.70   	   0.00		
 24.11   	146.18   	 77.70   	  -5.09		
  2.75   	 38.76   	 77.68   	 -10.17		
-14.04   	-39.06   	 77.64   	 -10.17		
-25.02   	-83.62   	 77.60   	 -10.17		
-30.52   	-105.90   	 77.56   	 -15.26		
-32.35   	-121.46   	 77.50   	 -15.26		
-32.96   	-139.16   	 77.44   	 -20.35		
-34.79   	-157.78   	 77.35   	 -20.35		
-37.54   	-171.20   	 77.27   	 -20.35		
-40.59   	-176.09   	 77.19   	 -25.43		
-42.72   	-175.17   	 77.09   	 -30.52		
-43.33   	-173.95   	 76.97   	 -25.43		
-42.72   	-175.48   	 76.87   	 -30.52		
-41.81   	-179.14   	 76.74   	 -25.43		
-41.50   	-183.41   	 76.64   	 -30.52		
-41.81   	-186.16   	 76.52   	 -30.52		
-42.11   	-187.07   	 76.40   	 -30.52		
-42.11   	-186.16   	 76.28   	 -30.52		
-41.20   	-184.02   	 76.15   	 -25.43		
-39.06   	-178.22   	 76.05   	 -30.52		
-36.93   	-164.18   	 75.93   	 -25.43		
-35.71   	-134.89   	 75.83   	 -25.43		
-36.01   	-85.14   	 75.73   	 -25.43		
-34.79   	-19.23   	 75.63   	 -25.43		
-27.47   	 51.27   	 75.52   	 -20.35		
-10.99   	113.83   	 75.44   	 -25.43		
 10.68   	169.98   	 75.34   	 -25.43		
 23.50   	241.39   	 75.24   	 -25.43		
 10.07   	360.11   	 75.14   	 -30.52		
-36.01   	531.31   	 75.01   	 -30.52		
-99.49   	703.74   	 74.89   	 -30.52		
-149.84   	771.79   	 74.77   	 -35.61		
-167.85   	633.24   	 74.63   	 -40.69		
-165.10   	262.76   	 74.47   	 -40.69		
-178.83   	-248.72   	 74.30   	 -40.69		
-244.75   	-729.37   	 74.14   	 -45.78		
-357.36   	-1023.86   	 73.96   	 -40.69		
-466.00   	-1080.63(R)	 73.79   	 -45.78		
-508.42   	-957.95   	 73.61   	 -40.69		
-453.49   	-766.30   	 73.45   	 -40.69		
-322.57   	-592.65   	 73.29   	 -40.69		
-173.34   	-465.70   	 73.12   	 -40.69		
-61.65   	-371.40   	 72.96   	 -40.69		
-11.29   	-291.75   	 72.80   	 -40.69		
-10.38   	-225.83   	 72.63   	 -40.69		
-28.69   	-181.27   	 72.47   	 -40.69		
-40.28   	-162.05   	 72.31   	 -45.78		
-36.93   	-161.44   	 72.13   	 -40.69		
-25.02   	-166.32   	 71.96   	 -45.78		
-15.26   	-166.93   	 71.78   	 -35.61		
-12.82   	-160.83   	 71.64   	 -30.52		
-15.87   	-151.06   	 71.52   	 -20.35		
-18.62   	-141.60   	 71.43   	 -20.35		
-17.70   	-134.58   	 71.35   	 -10.17		
-13.73   	-128.48   	 71.31   	 -10.17		
 -8.85   	-122.38   	 71.27   	  -5.09		
 -6.10   	-115.05   	 71.25   	  -5.09		
 -5.80   	-107.73   	 71.23   	  -5.09		
 -7.02   	-101.62   	 71.21   	  -5.09		
 -8.24   	-95.52   	 71.19   	   0.00		
 -7.32   	-89.11   	 71.19   	  -5.09		
 -4.58   	-81.79   	 71.17   	   5.09		
 -1.53   	-74.46   	 71.19   	   5.09		
  0.31   	-68.05   	 71.21   	  10.17		
  0.00   	-63.17   	 71.25   	  20.35		
 -1.53   	-57.98   	 71.33   	  30.52		
 -2.75   	-52.19   	 71.45   	  35.61		
 -2.44   	-44.56   	 71.60   	  50.86		
 -0.92   	-36.01   	 71.80   	  61.04		
  0.61   	-26.25   	 72.04   	  76.30		
  0.61   	-16.17   	 72.35   	  91.56		
 -0.61   	 -5.49   	 72.72   	 106.82		
 -1.53   	  5.49   	 73.14   	 116.99		
 -1.22   	 16.78   	 73.61   	 132.25		
  0.00   	 28.38   	 74.14   	 142.42		
  1.53   	 41.20   	 74.71   	 157.68		
  1.83   	 55.54   	 75.34   	 157.68		
  0.92   	 71.72   	 75.97   	 167.85		
 -0.61   	 88.50   	 76.64   	 172.94		
 -2.44   	105.59   	 77.33   	 172.94		
 -3.66   	121.77   	 78.03   	 167.85		
 -4.58   	136.72   	 78.70   	 172.94		
 -4.88   	150.15   	 79.39   	 162.77		
 -4.27   	162.35   	 80.04   	 157.68		
 -3.66   	172.12   	 80.67   	 152.59		
 -3.66   	179.75   	 81.28   	 142.42		
 -3.66   	185.24   	 81.85   	 132.25		
 -3.36   	189.51   	 82.38   	 122.07		
 -2.14   	193.18   	 82.87   	 111.90		
  0.31   	195.31   	 83.32   	 101.73		
  3.05   	194.40   	 83.72   	  81.38		
  5.49   	189.51   	 84.05   	  76.30		
  7.02   	180.05   	 84.35   	  61.04		
  8.54   	166.63   	 84.60   	  45.78		
  9.77   	149.54   	 84.78   	  35.61		
 10.99   	130.00   	 84.92   	  20.35		
 12.51   	108.95   	 85.00   	  10.17		
 14.65   	 87.89   	 85.05(S)	   0.00		
 16.78   	 67.75   	 85.05   	 -15.26		
 18.01   	 49.44   	 84.98   	 -20.35		
 17.09   	 32.65   	 84.90   	 -35.61		
 15.26   	 18.01   	 84.76   	 -45.78		
 13.12   	  4.88   	 84.58   	 -55.95		
 12.51   	 -6.10   	 84.35   	 -71.21		
 12.51   	-15.56   	 84.07   	 -76.30		
 12.51   	-23.80   	 83.76   	 -86.47		
 12.21   	-31.13   	 83.42   	 -96.64		
 10.99   	-37.54   	 83.03   	-101.73		
  9.16   	-41.81   	 82.62   	-116.99		
  7.63   	-45.17   	 82.16   	-122.07		
  6.10   	-47.30   	 81.67   	-132.25		
  4.88   	-49.13   	 81.14   	-137.33		
  4.58   	-50.66   	 80.59   	-142.42		
  5.19   	-51.57   	 80.02   	-142.42		
  6.41   	-51.27   	 79.45   	-137.33		
  8.24   	-49.13   	 78.90   	-137.33		
 10.68   	-45.17   	 78.35   	-122.07		
 15.26   	-36.93   	 77.86   	-116.99		
 23.50   	-21.36   	 77.40   	 -96.64		
 34.79   	  4.88   	 77.01   	 -86.47		
 47.00   	 42.42   	 76.66   	 -66.12		
 57.37   	 87.89   	 76.40   	 -55.95		
 64.09   	134.58   	 76.17   	 -45.78		
 68.05   	176.70   	 75.99   	 -35.61		
 72.33   	213.62   	 75.85   	 -25.43		
 78.13   	249.02   	 75.75   	 -15.26		
 84.53   	286.87   	 75.69   	 -10.17		
 87.59   	326.54   	 75.65   	  -5.09		
 84.53   	361.02   	 75.63   	   0.00		
 75.38   	381.77   	 75.63   	   0.00		
 62.87   	384.83   	 75.63   	  10.17		
 51.27   	377.50   	 75.67   	  10.17		
 44.86   	373.54   	 75.71   	  10.17		
 45.78   	383.30   	 75.75   	  10.17		
 53.71   	408.63   	 75.79   	  10.17		
 65.92   	439.45   	 75.83   	   5.09		
 76.60   	458.07   	 75.85   	   5.09		
 80.57   	446.17   	 75.87   	  -5.09		
 74.16   	393.07   	 75.85   	 -10.17		
 57.68   	300.90   	 75.81   	 -15.26		
 34.48   	185.24   	 75.75   	 -20.35		
  9.77   	 71.72   	 75.67   	 -20.35		
-11.60   	-17.09   	 75.58   	 -25.43		
-25.94   	-72.02   	 75.48   	 -25.43		
-32.96   	-99.79   	 75.38   	 -25.43		
-34.79   	-116.88   	 75.28   	 -25.43		
-34.79   	-134.58   	 75.18   	 -25.43		
-36.62   	-154.72   	 75.08   	 -25.43		
-40.59   	-171.20   	 74.97   	 -25.43		
-45.17   	-178.53   	 74.87   	 -30.52		
-47.91   	-178.22   	 74.75   	 -25.43		
-47.91   	-175.48   	 74.65   	 -30.52		
-46.08   	-175.48   	 74.53   	 -25.43		
-44.25   	-179.44   	 74.42   	 -30.52		
-43.64   	-184.63   	 74.30   	 -30.52		
-44.25   	-188.90   	 74.18   	 -30.52		
-45.78   	-191.35   	 74.06   	 -25.43		
-46.39   	-191.04   	 73.96   	 -20.35		
-45.47   	-188.90   	 73.88   	 -20.35		
-43.33   	-183.11   	 73.79   	 -20.35		
-40.59   	-170.59   	 73.71   	 -10.17		
-38.45   	-144.96   	 73.67   	 -10.17		
-38.15   	-101.32   	 73.63   	 -10.17		
-37.54   	-39.67   	 73.59   	 -10.17		
-32.96   	 30.52   	 73.55   	 -10.17		
-20.14   	 96.13   	 73.51   	 -15.26		
 -0.61   	150.76   	 73.45   	 -20.35		
 16.78   	206.60   	 73.37   	 -20.35		
 15.56   	294.80   	 73.29   	 -30.52		
-17.09   	438.54   	 73.16   	 -40.69		
-75.38   	616.15   	 73.00   	 -40.69		
-134.28   	743.10   	 72.84   	 -45.78		
-165.41   	705.87   	 72.65   	 -55.95		
-165.10   	435.79   	 72.43   	 -50.86		
-161.74   	-28.38   	 72.23   	 -55.95		
-197.45   	-540.47   	 72.00   	 -55.95		
-291.14   	-925.90   	 71.78   	 -55.95		
-411.68   	-1082.46(R)	 71.56   	 -50.86		
-495.91   	-1026.31   	 71.35   	 -45.78		
-491.64   	-853.27   	 71.17   	 -45.78		
-392.76   	-665.89   	 70.99   	 -40.69		
-244.14   	-516.97   	 70.82   	 -40.69		
-108.34   	-406.49   	 70.66   	 -40.69		
-27.77   	-317.08   	 70.50   	 -35.61		
 -6.71   	-242.61   	 70.36   	 -35.61		
-20.14   	-189.21   	 70.21   	 -35.61		
-37.84   	-162.05   	 70.07   	 -35.61		
-42.42   	-156.56   	 69.93   	 -35.61		
-34.48   	-160.52   	 69.79   	 -30.52		
-24.11   	-161.74   	 69.66   	 -25.43		
-18.31   	-156.25   	 69.56   	 -20.35		
-18.01   	-145.57   	 69.48   	 -15.26		
-18.62   	-135.19   	 69.42   	  -5.09		
-17.09   	-127.87   	 69.40(D)	   5.09		
-14.65   	-124.51   	 69.42   	   5.09		
-13.12   	-122.07   	 69.44   	   5.09		
-13.43   	-117.80   	 69.46   	   5.09		
-14.04   	-110.17   	 69.48   	   5.09		
-13.43   	-101.01   	 69.50   	   5.09		
-11.29   	-92.77   	 69.52   	   0.00		
 -9.46   	-87.28   	 69.52   	   0.00		
 -8.85   	-83.92   	 69.52   	   5.09		
 -8.85   	-80.57   	 69.54   	  10.17		
 -8.54   	-75.38   	 69.58   	  25.43		
 -7.93   	-68.05   	 69.68   	  40.69		
 -6.41   	-59.51   	 69.85   	  55.95		
 -5.49   	-50.96   	 70.07   	  71.21		
 -5.19   	-42.72   	 70.36   	  96.64		
 -4.58   	-34.48   	 70.74   	 111.90		
 -3.97   	-25.33   	 71.19   	 132.25		
 -3.66   	-16.48   	 71.72   	 152.59		
 -3.97   	 -7.93   	 72.33   	 172.94		
 -5.19   	  0.00   	 73.02   	 183.11		
 -7.02   	  8.24   	 73.75   	 193.29		
 -7.93   	 18.01   	 74.53   	 203.46		
 -8.54   	 29.91   	 75.34   	 208.54		
 -8.54   	 44.25   	 76.17   	 213.63		
 -9.46   	 59.81   	 77.03   	 208.54		
-10.99   	 75.38   	 77.86   	 208.54		
-13.12   	 91.25   	 78.70   	 203.46		
-14.65   	106.81   	 79.51   	 193.29		
-14.95   	122.99   	 80.28   	 188.20		
-14.04   	139.16   	 81.04   	 178.03		
-12.82   	153.81   	 81.75   	 162.77		
-11.90   	166.02   	 82.40   	 152.59		
-11.90   	175.48   	 83.01   	 147.51		
-11.90   	183.11   	 83.60   	 132.25		
-10.99   	190.43   	 84.13   	 116.99		
 -8.54   	196.84   	 84.60   	 111.90		
 -5.80   	201.72   	 85.05   	  96.64		
 -3.66   	202.64   	 85.43   	  86.47		
 -2.75   	198.67   	 85.78   	  76.30		
 -2.44   	190.43   	 86.08   	  71.21		
 -1.53   	177.92   	 86.37   	  55.95		
  1.22   	162.66   	 86.59   	  50.86		
  4.88   	144.35   	 86.80   	  35.61		
  8.24   	123.29   	 86.94   	  30.52		
 10.07   	100.10   	 87.06   	  20.35		
 10.38   	 75.99   	 87.14   	  10.17		
 10.68   	 53.41   	 87.18(S)	   0.00		
 11.29   	 33.87   	 87.18   	 -15.26		
 12.51   	 18.01   	 87.12   	 -25.43		
 12.51   	  5.49   	 87.02   	 -30.52		
 11.29   	 -5.49   	 86.90   	 -45.78		
  9.16   	-15.56   	 86.71   	 -55.95		
  7.63   	-25.63   	 86.49   	 -66.12		
  7.63   	-35.10   	 86.23   	 -76.30		
  8.85   	-42.42   	 85.92   	 -86.47		
 10.38   	-47.30   	 85.57   	-101.73		
 10.68   	-50.35   	 85.17   	-116.99		
  9.46   	-52.80   	 84.70   	-122.07		
  7.93   	-55.85   	 84.21   	-137.33		
  7.32   	-59.51   	 83.66   	-147.51		
  7.93   	-62.26   	 83.07   	-152.59		
  9.46   	-63.17   	 82.46   	-152.59		
 11.29   	-61.95   	 81.85   	-152.59		
 12.82   	-58.90   	 81.24   	-142.42		
 15.26   	-54.32   	 80.67   	-132.25		
 20.14   	-45.47   	 80.14   	-122.07		
 29.91   	-28.08   	 79.65   	-101.73		
 43.03   	  1.53   	 79.25   	 -91.56		
 56.46   	 43.03   	 78.88   	 -71.21		
 67.14   	 90.94   	 78.60   	 -55.95		
 72.94   	137.94   	 78.37   	 -40.69		
 76.60   	178.83   	 78.21   	 -30.52		
 81.18   	214.23   	 78.09   	 -15.26		
 89.11   	249.33   	 78.03   	 -10.17		
 97.35   	288.09   	 77.99   	   0.00		
101.93   	328.06   	 77.99   	   5.09		
 97.96   	360.72   	 78.01   	  10.17		
 86.67   	378.11   	 78.05   	  10.17		
 71.41   	378.72   	 78.09   	  10.17		
 57.98   	371.09   	 78.13   	   5.09		
 50.96   	368.04   	 78.15   	   5.09		
 51.88   	379.33   	 78.17   	   5.09		
 59.51   	404.97   	 78.19   	   0.00		
 70.50   	433.96   	 78.19   	  -5.09		
 79.96   	447.69   	 78.17   	  -5.09		
 82.40   	428.47   	 78.15   	 -10.17		
 75.38   	366.82   	 78.11   	 -15.26		
 58.90   	267.94   	 78.05   	 -10.17		
 37.23   	151.37   	 78.01   	 -15.26		
 15.26   	 41.81   	 77.94   	 -15.26		
 -3.36   	-39.67   	 77.88   	 -15.26		
-15.87   	-88.81   	 77.82   	 -15.26		
-22.28   	-114.75   	 77.76   	 -15.26		
-24.41   	-132.75   	 77.70   	 -20.35		
-25.02   	-152.59   	 77.62   	 -20.35		
-27.47   	-173.65   	 77.54   	 -20.35		
-31.43   	-189.82   	 77.46   	 -20.35		
-35.71   	-198.06   	 77.38   	 -30.52		
-37.84   	-198.97   	 77.25   	 -25.43		
-37.54   	-198.36   	 77.15   	 -30.52		
-36.01   	-199.89   	 77.03   	 -30.52		
-35.40   	-203.25   	 76.91   	 -35.61		
-35.71   	-206.91   	 76.76   	 -35.61		
-36.62   	-209.66   	 76.62   	 -35.61		
-36.93   	-211.49   	 76.48   	 -30.52		
-36.32   	-212.71   	 76.36   	 -35.61		
-34.18   	-213.32   	 76.22   	 -30.52		
-31.43   	-210.57   	 76.09   	 -30.52		
-28.99   	-200.50   	 75.97   	 -25.43		
-28.08   	-176.39   	 75.87   	 -20.35		
-29.60   	-133.67   	 75.79   	 -25.43		
-30.52   	-72.94   	 75.69   	 -20.35		
-25.63   	 -3.97   	 75.60   	 -15.26		
-10.38   	 61.04   	 75.54   	 -20.35		
 12.51   	116.27   	 75.46   	 -20.35		
 31.13   	175.17   	 75.38   	 -25.43		
 26.86   	268.25   	 75.28   	 -30.52		
-10.99   	415.34   	 75.16   	 -30.52		
-72.02   	587.46   	 75.04   	 -35.61		
-128.17   	693.36   	 74.89   	 -40.69		
-154.42   	620.12   	 74.73   	 -45.78		
-152.59   	310.36   	 74.55   	 -45.78		
-155.03   	-178.83   	 74.36   	 -45.78		
-201.72   	-688.78   	 74.18   	 -45.78		
-303.34   	-1045.53   	 74.00   	 -45.78		
-421.45   	-1161.80(R)	 73.81   	 -45.78		
-492.25   	-1072.08   	 73.63   	 -45.78		
-470.28   	-882.57   	 73.45   	 -40.69		
-359.50   	-694.89   	 73.29   	 -40.69		
-208.44   	-553.89   	 73.12   	 -40.69		
-79.04   	-452.27   	 72.96   	 -40.69		
 -7.93   	-369.57   	 72.80   	 -45.78		
  5.19   	-299.99   	 72.61   	 -40.69		
-11.90   	-250.85   	 72.45   	 -50.86		
-28.69   	-227.66   	 72.25   	 -45.78		
-29.91   	-224.91   	 72.06   	 -45.78		
-18.31   	-229.80   	 71.88   	 -45.78		
 -4.88   	-231.32   	 71.70   	 -40.69		
  1.53   	-226.14   	 71.54   	 -35.61		
  0.31   	-217.59   	 71.39   	 -25.43		
 -2.75   	-209.66   	 71.29   	 -15.26		
 -3.05   	-204.47   	 71.23   	 -15.26		
  0.00   	-201.11   	 71.17   	  -5.09		
  4.58   	-197.14   	 71.15   	  -5.09		
  7.63   	-191.35   	 71.13   	   0.00		
  8.85   	-184.02   	 71.13   	   0.00		
  9.77   	-176.70   	 71.13   	   0.00		
 10.38   	-170.59   	 71.13   	  -5.09		
 11.60   	-166.32   	 71.11   	   0.00		
 12.82   	-162.66   	 71.11   	   0.00		
 13.43   	-159.30   	 71.11   	  10.17		
 13.73   	-154.72   	 71.15   	  10.17		
 14.04   	-149.84   	 71.19   	  15.26		
 14.95   	-144.65   	 71.25   	  25.43		
 16.48   	-139.47   	 71.35   	  35.61		
 18.31   	-134.58   	 71.50   	  45.78		
 19.84   	-128.48   	 71.68   	  55.95		
 20.75   	-120.54   	 71.90   	  71.21		
 21.06   	-111.39   	 72.19   	  86.47		
 20.14   	-101.32   	 72.53   	 101.73		
 18.31   	-91.55   	 72.94   	 111.90		
 16.78   	-82.40   	 73.39   	 122.07		
 15.87   	-73.55   	 73.88   	 137.33		
 16.17   	-63.17   	 74.42   	 142.42		
 17.09   	-50.66   	 74.99   	 152.59		
 17.70   	-35.10   	 75.60   	 157.68		
 17.70   	-17.70   	 76.24   	 157.68		
 16.78   	  0.00   	 76.87   	 162.77		
 15.56   	 16.48   	 77.52   	 162.77		
 14.34   	 31.13   	 78.17   	 157.68		
 12.51   	 43.33   	 78.80   	 157.68		
 10.68   	 53.71   	 79.43   	 152.59		
  9.16   	 63.48   	 80.04   	 147.51		
  8.85   	 73.24   	 80.63   	 142.42		
 10.38   	 82.70   	 81.20   	 132.25		
 13.43   	 90.94   	 81.73   	 122.07		
 16.78   	 95.52   	 82.22   	 111.90		
 19.84   	 95.21   	 82.66   	 101.73		
 21.97   	 89.72   	 83.07   	  91.56		
 23.80   	 81.48   	 83.44   	  76.30		
 25.63   	 71.72   	 83.74   	  66.12		
 27.47   	 60.42   	 84.01   	  55.95		
 29.60   	 45.47   	 84.23   	  40.69		
 31.13   	 25.94   	 84.39   	  30.52		
 33.26   	  2.44   	 84.52   	  20.35		
 35.40   	-21.97   	 84.60   	  10.17		
 37.23   	-44.86   	 84.64(S)	  -5.09		
 37.84   	-65.31   	 84.62   	 -10.17		
 37.54   	-83.31   	 84.58   	 -25.43		
 36.01   	-100.10   	 84.48   	 -35.61		
 35.10   	-115.36   	 84.33   	 -45.78		
 35.40   	-127.87   	 84.15   	 -61.04		
 36.62   	-137.02   	 83.91   	 -71.21		
 38.15   	-143.74   	 83.62   	 -86.47		
 38.76   	-149.54   	 83.28   	-101.73		
 38.15   	-155.64   	 82.87   	-106.82		
 36.93   	-162.35   	 82.44   	-127.16		
 36.32   	-168.15   	 81.93   	-132.25		
 36.01   	-173.03   	 81.40   	-142.42		
 35.40   	-177.00   	 80.83   	-152.59		
 34.18   	-180.36   	 80.22   	-152.59		
 32.96   	-182.80   	 79.61   	-152.59		
 32.35   	-184.02   	 79.00   	-147.51		
 32.65   	-183.72   	 78.41   	-142.42		
 33.57   	-182.80   	 77.84   	-127.16		
 34.79   	-181.58   	 77.33   	-116.99		
 37.23   	-177.61   	 76.87   	-101.73		
 43.95   	-165.71   	 76.46   	 -86.47		
 54.63   	-141.30   	 76.11   	 -76.30		
 67.75   	-103.45   	 75.81   	 -61.04		
 79.35   	-57.37   	 75.56   	 -45.78		
 86.98   	-10.38   	 75.38   	 -40.69		
 91.25   	 31.13   	 75.22   	 -30.52		
 95.83   	 66.22   	 75.10   	 -20.35		
101.93   	 99.49   	 75.01   	 -15.26		
109.86   	136.11   	 74.95   	 -10.17		
115.05   	175.78   	 74.91   	   0.00		
114.14   	212.10   	 74.91   	   0.00		
106.81   	237.12   	 74.91   	   0.00		
 94.60   	245.67   	 74.91   	   5.09		
 81.79   	241.39   	 74.93   	   5.09		
 72.33   	236.51   	 74.95   	   5.09		
 69.27   	242.31   	 74.97   	   0.00		
 72.63   	263.06   	 74.97   	   0.00		
 82.09   	292.66   	 74.97   	  -5.09		
 93.69   	316.77   	 74.95   	  -5.09		
102.54   	317.99   	 74.93   	 -10.17		
103.45   	282.90   	 74.89   	  -5.09		
 93.99   	207.21   	 74.87   	 -10.17		
 74.46   	100.10   	 74.83   	  -5.09		
 50.35   	-16.78   	 74.81   	  -5.09		
 27.47   	-119.02   	 74.79   	 -10.17		
 11.29   	-188.90   	 74.75   	  -5.09		
  3.05   	-226.14   	 74.73   	  -5.09		
  0.92   	-244.75   	 74.71   	 -10.17		
  0.00   	-260.62   	 74.67   	 -15.26		
 -2.75   	-281.68   	 74.61   	 -15.26		
 -8.24   	-304.87   	 74.55   	 -25.43		
-14.34   	-321.35   	 74.45   	 -35.61		
-18.31   	-327.45   	 74.30   	 -40.69		
-19.23   	-326.23   	 74.14   	 -45.78		
-18.01   	-324.10   	 73.96   	 -50.86		
-16.78   	-324.71   	 73.75   	 -45.78		
-16.17   	-327.76   	 73.57   	 -45.78		
-15.56   	-331.42   	 73.39   	 -40.69		
-14.65   	-332.95   	 73.22   	 -35.61		
-13.73   	-332.64   	 73.08   	 -35.61		
-13.43   	-332.03   	 72.94   	 -30.52		
-12.82   	-330.51   	 72.82   	 -30.52		
-11.90   	-325.62   	 72.70   	 -30.52		
 -9.46   	-310.36   	 72.57   	 -30.52		
 -6.71   	-277.71   	 72.45   	 -25.43		
 -3.66   	-223.69   	 72.35   	 -25.43		
  0.61   	-154.11   	 72.25   	 -20.35		
  9.46   	-81.79   	 72.17   	 -25.43		
 24.41   	-18.62   	 72.06   	 -20.35		
 41.50   	 36.93   	 71.98   	 -20.35		
 49.44   	108.95   	 71.90   	 -20.35		
 34.18   	229.80   	 71.82   	 -20.35		
 -9.46   	403.75   	 71.74   	 -25.43		
-66.22   	575.56   	 71.64   	 -30.52		
-109.56   	635.07   	 71.52   	 -30.52		
-124.21   	480.04   	 71.39   	 -35.61		
-122.68   	 93.99   	 71.25   	 -35.61		
-141.91   	-421.45   	 71.11   	 -35.61		
-212.40   	-889.59   	 70.97   	 -35.61		
-325.62   	-1160.89   	 70.82   	 -35.61		
-430.30   	-1196.90(R)	 70.68   	 -35.61		
-466.61   	-1065.67   	 70.54   	 -30.52		
-406.80   	-877.08   	 70.42   	 -30.52		
-275.27   	-710.45   	 70.29   	 -35.61		
-130.00   	-587.16   	 70.15   	 -30.52		
-24.11   	-492.55   	 70.03   	 -35.61		
 21.36   	-413.21   	 69.89   	 -35.61		
 20.14   	-350.95   	 69.75   	 -35.61		
  2.44   	-313.11   	 69.60   	 -40.69		
 -8.24   	-299.99   	 69.44   	 -40.69		
 -4.27   	-301.51   	 69.28   	 -40.69		
  7.63   	-305.48   	 69.11   	 -40.69		
 18.01   	-302.73   	 68.95   	 -35.61		
 22.28   	-292.97   	 68.81   	 -25.43		
 21.67   	-281.07   	 68.71   	 -20.35		
 20.45   	-271.61   	 68.63   	 -15.26		
 21.36   	-266.72   	 68.57   	 -10.17		
 23.50   	-264.28   	 68.52   	  -5.09		
 25.94   	-261.23   	 68.50   	 -10.17		
 27.77   	-255.13   	 68.46   	  -5.09		
 29.30   	-246.89   	 68.44   	  -5.09		
 30.21   	-238.04   	 68.42   	 -10.17		
 30.21   	-230.71   	 68.38   	  -5.09		
 29.30   	-225.52   	 68.36(D)	   0.00		
 28.69   	-221.25   	 68.36   	   5.09		
 29.30   	-216.67   	 68.38   	  15.26		
 31.43   	-211.49   	 68.44   	  30.52		
 33.57   	-205.69   	 68.57   	  40.69		
 35.10   	-199.28   	 68.73   	  61.04		
 34.79   	-192.26   	 68.97   	  81.38		
 33.26   	-183.72   	 69.30   	  96.64		
 32.04   	-174.56   	 69.68   	 111.90		
 32.04   	-164.79   	 70.13   	 132.25		
 32.96   	-154.42   	 70.66   	 152.59		
 34.18   	-143.74   	 71.27   	 162.77		
 34.79   	-132.14   	 71.92   	 172.94		
 34.79   	-120.24   	 72.61   	 193.29		
 34.18   	-108.03   	 73.39   	 193.29		
 33.26   	-94.91   	 74.16   	 203.46		
 32.96   	-80.57   	 74.97   	 208.54		
 32.35   	-65.00   	 75.81   	 208.54		
 31.43   	-48.83   	 76.64   	 208.54		
 29.91   	-33.26   	 77.48   	 208.54		
 28.99   	-18.31   	 78.31   	 203.46		
 28.99   	 -3.36   	 79.12   	 193.29		
 30.21   	 11.90   	 79.90   	 188.20		
 31.13   	 26.25   	 80.65   	 178.03		
 31.43   	 39.67   	 81.36   	 167.85		
 31.43   	 51.27   	 82.03   	 157.68		
 31.43   	 61.34   	 82.66   	 147.51		
 32.65   	 70.50   	 83.26   	 137.33		
 34.79   	 77.82   	 83.80   	 122.07		
 36.93   	 81.79   	 84.29   	 106.82		
 38.76   	 81.18   	 84.72   	  96.64		
 40.59   	 75.99   	 85.11   	  81.38		
 43.03   	 66.83   	 85.43   	  66.12		
 45.78   	 54.32   	 85.70   	  45.78		
 48.52   	 38.76   	 85.88   	  40.69		
 49.74   	 19.84   	 86.04   	  20.35		
 49.44   	 -2.44   	 86.12   	  10.17		
 49.13   	-24.72   	 86.16(S)	  -5.09		
 50.35   	-45.47   	 86.14   	 -15.26		
 52.80   	-62.26   	 86.08   	 -30.52		
 55.54   	-76.60   	 85.96   	 -30.52		
 56.76   	-89.72   	 85.84   	 -45.78		
 56.15   	-103.15   	 85.66   	 -50.86		
 54.02   	-116.27   	 85.45   	 -55.95		
 51.88   	-127.87   	 85.23   	 -66.12		
 50.66   	-137.94   	 84.96   	 -71.21		
 49.44   	-145.26   	 84.68   	 -76.30		
 47.61   	-150.45   	 84.37   	 -81.38		
 46.69   	-154.11   	 84.05   	 -96.64		
 47.61   	-155.94   	 83.66   	-101.73		
 51.88   	-156.25   	 83.26   	-116.99		
 59.81   	-155.03   	 82.79   	-122.07		
 68.97   	-148.32   	 82.30   	-127.16		
 75.38   	-130.62   	 81.79   	-137.33		
 76.60   	-93.69   	 81.24   	-137.33		
 71.72   	-29.30   	 80.69   	-137.33		
 63.78   	 69.89   	 80.14   	-127.16		
 56.46   	209.05   	 79.63   	-116.99		
 53.71   	393.68   	 79.17   	-106.82		
 54.02   	631.41   	 78.74   	 -96.64		
 48.83   	931.40   	 78.35   	 -76.30		
 22.89   	1300.66   	 78.05   	 -66.12		
-39.06   	1734.31   	 77.78   	 -55.95		
-144.96   	2203.98   	 77.56   	 -40.69		
-285.34   	2652.89   	 77.40   	 -25.43		
-435.79   	3000.18   	 77.29   	 -25.43		
-565.19   	3155.82   	 77.19   	 -10.17		
-646.97   	3053.59   	 77.15   	  -5.09		
-673.22   	2695.01   	 77.13   	   5.09		
-656.13   	2164.31   	 77.15   	   5.09		
-621.03   	1607.67   	 77.17   	  15.26		
-595.70   	1166.38   	 77.23   	  15.26		
-594.18   	908.20   	 77.29   	  15.26		
-609.44   	799.56   	 77.35   	  15.26		
-619.81   	740.36   	 77.42   	  15.26		
-601.50   	640.56   	 77.48   	  15.26		
-546.88   	476.07   	 77.54   	  10.17		
-468.75   	282.59   	 77.58   	  10.17		
-393.07   	109.86   	 77.62   	   5.09		
-341.49   	-25.94   	 77.64   	   5.09		
-320.74   	-151.06   	 77.66   	  -5.09		
-323.18   	-299.38   	 77.64   	  -5.09		
-333.25   	-475.16   	 77.62   	 -10.17		
-336.61   	-647.28   	 77.58   	 -15.26		
-321.04   	-775.15   	 77.52   	 -15.26		
-279.54   	-840.15   	 77.46   	 -20.35		
-210.57   	-856.63   	 77.38   	 -25.43		
-122.38   	-849.61   	 77.27   	 -25.43		
-29.60   	-833.13   	 77.17   	 -25.43		
 53.71   	-808.41   	 77.07   	 -30.52		
117.80   	-773.01   	 76.95   	 -25.43		
161.13   	-733.03   	 76.85   	 -20.35		
186.16   	-703.13   	 76.76   	 -25.43		
197.75   	-693.97   	 76.66   	 -30.52		
201.72   	-704.96   	 76.54   	 -30.52		
203.55   	-724.79   	 76.42   	 -30.52		
208.13   	-743.41   	 76.30   	 -40.69		
216.37   	-756.53   	 76.13   	 -40.69		
226.14   	-767.21   	 75.97   	 -50.86		
235.29   	-780.33   	 75.77   	 -45.78		
242.92   	-798.65   	 75.58   	 -45.78		
250.24   	-822.14   	 75.40   	 -45.78		
258.48   	-847.17   	 75.22   	 -40.69		End----------
269.17   	-871.28   	 75.06   	 -40.69		
281.68   	-894.47   	 74.89   	 -30.52		
294.80   	-917.36   	 74.77   	 -35.61		
307.31   	-940.86   	 74.63   	 -25.43		
319.52   	-965.27   	 74.53   	 -30.52		
332.64   	-989.07   	 74.40   	 -25.43		
348.21   	-1010.44   	 74.30   	 -20.35		
366.82   	-1028.44   	 74.22   	 -25.43		
386.05   	-1043.09   	 74.12   	 -20.35		
403.75   	-1054.08   	 74.04   	 -25.43		
418.70   	-1061.40   	 73.94   	 -20.35		
431.52   	-1063.54   	 73.86   	 -20.35		
443.42   	-1058.04   	 73.77   	 -25.43		
455.63   	-1044.62   	 73.67   	 -25.43		
467.22   	-1023.56   	 73.57   	 -25.43		
476.68   	-995.18   	 73.47   	 -35.61		
483.40   	-960.08   	 73.33   	 -45.78		
487.06   	-917.66   	 73.14   	 -45.78		
487.37   	-868.23   	 72.96   	 -50.86		
484.31   	-812.07   	 72.76   	 -61.04		
477.29   	-750.73   	 72.51   	 -61.04		
466.61   	-686.04   	 72.27   	 -66.12		
452.88   	-619.20   	 72.00   	 -76.30		
436.71   	-551.76   	 71.70   	 -76.30		
419.01   	-485.23   	 71.39   	 -81.38		
399.17   	-421.75   	 71.07   	 -81.38		
376.89   	-362.55   	 70.74   	 -81.38		
353.09   	-308.53   	 70.42   	 -81.38		
328.06   	-259.09   	 70.09   	 -81.38		
302.73   	-213.32   	 69.77   	 -71.21		
278.02   	-172.12   	 69.48   	 -66.12		
252.99   	-137.02   	 69.22   	 -55.95		
228.27   	-108.95   	 68.99   	 -45.78		
203.86   	-88.20   	 68.81   	 -35.61		
180.36   	-73.55   	 68.67   	 -25.43		
158.39   	-62.87   	 68.57   	 -20.35		
138.24   	-56.15   	 68.48   	 -10.17		
119.93   	-52.80   	 68.44   	   0.00		
103.76   	-53.41   	 68.44   	   0.00		
 89.42   	-57.98   	 68.44   	   5.09		
 77.51   	-65.31   	 68.46   	   0.00		
 67.75   	-73.55   	 68.46   	   5.09		
 59.51   	-81.48   	 68.48   	   5.09		
 52.80   	-88.81   	 68.50   	   0.00		
 47.61   	-95.83   	 68.50   	   0.00		
 43.95   	-102.23   	 68.50   	  -5.09		
 41.50   	-108.34   	 68.48   	  -5.09		
 39.67   	-113.53   	 68.46   	 -15.26		
 37.54   	-117.19   	 68.40   	 -15.26		
 35.71   	-119.32   	 68.34   	 -20.35		
 34.48   	-120.24   	 68.26   	 -25.43		
 34.18   	-119.93   	 68.16   	 -30.52		
 34.79   	-119.32   	 68.04   	 -35.61		
 35.40   	-118.41   	 67.89   	 -35.61		
 35.40   	-117.80   	 67.75   	 -40.69		
 34.48   	-117.49   	 67.59   	 -40.69		
 32.65   	-116.58   	 67.43   	 -40.69		
 30.52   	-115.66   	 67.26   	 -40.69		
 28.08   	-114.44   	 67.10   	 -40.69		
 26.25   	-112.92   	 66.94   	 -40.69		
 24.72   	-111.39   	 66.77   	 -35.61		
 23.50   	-109.86   	 66.63   	 -35.61		
 22.28   	-107.73   	 66.49   	 -40.69		
 20.75   	-105.90   	 66.33   	 -35.61		
 18.62   	-103.76   	 66.18   	 -35.61		
 16.17   	-101.32   	 66.04   	 -35.61		
 14.34   	-98.27   	 65.90   	 -35.61		
 13.12   	-95.21   	 65.76   	 -35.61		
 12.51   	-92.77   	 65.62   	 -35.61		
 12.21   	-92.16   	 65.47   	 -30.52		
 11.29   	-92.47   	 65.35   	 -30.52		
 10.38   	-92.16   	 65.23   	 -25.43		
  9.16   	-91.25   	 65.13   	 -20.35		
  7.93   	-89.42   	 65.05   	 -20.35		
  6.71   	-87.89   	 64.96   	 -20.35		
  5.19   	-87.59   	 64.88   	 -15.26		
  3.66   	-87.59   	 64.82   	 -15.26		
  2.14   	-87.59   	 64.76   	 -15.26		
  1.22   	-86.67   	 64.70   	 -15.26		
  0.61   	-85.45   	 64.64   	 -20.35		
  0.00   	-84.53   	 64.56   	 -15.26		
 -0.92   	-84.23   	 64.50   	 -20.35		
 -2.14   	-84.53   	 64.41   	 -20.35		
 -3.05   	-84.53   	 64.33   	 -20.35		
 -3.05   	-84.23   	 64.25   	 -25.43		
 -2.44   	-83.62   	 64.15   	 -20.35		
 -0.92   	-83.01   	 64.07   	 -20.35		
  0.92   	-81.79   	 63.99   	 -20.35		
  1.53   	-81.18   	 63.91   	 -20.35		
  0.92   	-80.57   	 63.82   	 -25.43		
 -0.92   	-79.96   	 63.72   	 -20.35		
 -2.75   	-79.35   	 63.64   	 -25.43		
 -3.97   	-78.13   	 63.54   	 -20.35		
 -4.27   	-76.90   	 63.46   	 -25.43		
 -3.97   	-75.38   	 63.36   	 -20.35		
 -3.66   	-74.46   	 63.28   	 -25.43		
 -3.36   	-73.85   	 63.17   	 -20.35		
 -3.05   	-72.94   	 63.09   	 -20.35		
 -1.83   	-71.41   	 63.01   	 -15.26		
  0.00   	-68.05   	 62.95   	 -20.35		
  3.66   	-61.65   	 62.87   	 -15.26		
  9.16   	-50.05   	 62.81   	 -20.35		
 16.78   	-29.91   	 62.73   	 -15.26		
 26.25   	  1.22   	 62.67   	 -20.35		
 36.01   	 42.42   	 62.58   	 -20.35		
 45.17   	 90.03   	 62.50   	 -20.35		
 54.32   	137.94   	 62.42   	 -20.35		
 63.78   	181.58   	 62.34   	 -25.43		
 72.94   	221.25   	 62.24   	 -25.43		
 80.57   	260.93   	 62.14   	 -25.43		
 83.92   	300.90   	 62.03   	 -30.52		
 81.79   	337.22   	 61.91   	 -25.43		
 73.55   	361.63   	 61.81   	 -30.52		
 62.26   	368.35   	 61.69   	 -30.52		
 51.27   	361.33   	 61.57   	 -25.43		
 44.86   	353.39   	 61.46   	 -30.52		
 44.86   	358.58   	 61.34   	 -25.43		
 52.49   	381.77   	 61.24   	 -20.35		
 65.00   	415.34   	 61.16   	 -20.35		
 78.13   	441.89   	 61.08   	 -20.35		
 85.75   	441.89   	 61.00   	 -15.26		
 84.23   	403.44   	 60.94   	 -20.35		
 72.94   	325.93   	 60.85   	 -15.26		
 53.41   	220.64   	 60.79   	 -15.26		
 30.82   	109.25   	 60.73   	 -15.26		
  9.46   	 14.34   	 60.67   	 -15.26		
 -7.63   	-50.35   	 60.61   	 -20.35		
-18.31   	-85.14   	 60.53   	 -15.26		
-22.89   	-103.45   	 60.47   	 -20.35		
-24.41   	-119.02   	 60.39   	 -20.35		
-25.94   	-138.55   	 60.30   	 -20.35		
-29.60   	-157.78   	 60.22   	 -20.35		
-34.79   	-170.29   	 60.14   	 -15.26		
-39.06   	-172.73   	 60.08   	 -20.35		
-39.98   	-169.07   	 60.00   	 -20.35		
-38.15   	-165.71   	 59.92   	 -15.26		
-36.01   	-165.71   	 59.86   	 -25.43		
-35.40   	-168.46   	 59.76   	 -20.35		
-36.62   	-171.51   	 59.67   	 -25.43		
-38.15   	-173.03   	 59.57   	 -20.35		
-37.54   	-172.42   	 59.49   	 -25.43		
-34.48   	-169.07   	 59.39   	 -20.35		
-29.91   	-160.83   	 59.31   	 -20.35		
-26.86   	-142.52   	 59.23   	 -15.26		
-26.86   	-107.73   	 59.17   	 -15.26		
-28.99   	-54.32   	 59.10   	 -10.17		
-28.08   	 11.29   	 59.06   	 -10.17		
-18.92   	 76.29   	 59.02   	 -10.17		
 -0.92   	132.75   	 58.98   	 -10.17		
 16.17   	189.82   	 58.94   	 -10.17		
 14.34   	278.02   	 58.90   	 -10.17		
-20.45   	424.50   	 58.86   	 -15.26		
-85.45   	614.93   	 58.80   	 -15.26		
-155.33   	771.48   	 58.74   	 -15.26		
-199.89   	779.72   	 58.68   	 -20.35		
-211.18   	561.22   	 58.60   	 -15.26		
-213.62   	137.63   	 58.53   	 -15.26		
-246.58   	-359.80   	 58.47   	 -15.26		
-330.20   	-758.97   	 58.41   	 -15.26		
-436.40   	-948.18(R)	 58.35   	 -10.17		
-505.37   	-929.57   	 58.31   	 -10.17		
-488.28   	-789.79   	 58.27   	 -10.17		
-381.77   	-628.05   	 58.23   	 -10.17		
-231.02   	-498.05   	 58.19   	 -10.17		
-97.05   	-401.31   	 58.15   	 -10.17		
-18.92   	-318.91   	 58.11   	 -15.26		
  1.53   	-244.75   	 58.05   	 -20.35		
 -9.77   	-188.29   	 57.97   	 -20.35		
-23.50   	-159.61   	 57.88   	 -25.43		
-25.33   	-155.64   	 57.78   	 -25.43		
-15.56   	-163.57   	 57.68   	 -20.35		
 -3.36   	-168.76   	 57.60   	 -15.26		
  3.97   	-164.79   	 57.54   	  -5.09		
  4.58   	-154.11   	 57.52   	   5.09		
  1.83   	-142.52   	 57.54   	  20.35		
 -0.31   	-134.28   	 57.62   	  35.61		
  0.31   	-130.31   	 57.76   	  55.95		
  2.75   	-127.26   	 57.99   	  76.30		
  5.49   	-123.29   	 58.29   	 101.73		
  7.63   	-117.49   	 58.70   	 127.16		
  8.24   	-110.78   	 59.21   	 162.77		
  8.54   	-104.68   	 59.86   	 193.29		
  8.85   	-99.79   	 60.63   	 239.06		
  9.16   	-95.21   	 61.59   	 269.58		
  9.16   	-89.72   	 62.67   	 310.27		
  8.85   	-83.01   	 63.91   	 345.88		
  8.54   	-75.68   	 65.29   	 366.22		
  8.24   	-68.05   	 66.75   	 386.57		
  8.54   	-60.42   	 68.30   	 406.92		
  9.16   	-53.10   	 69.93   	 406.92		
 10.68   	-45.47   	 71.56   	 412.00		
 12.21   	-36.93   	 73.20   	 406.92		
 13.73   	-28.08   	 74.83   	 401.83		
 14.65   	-18.62   	 76.44   	 396.74		
 14.65   	 -8.24   	 78.03   	 381.48		
 13.12   	  3.36   	 79.55   	 366.22		
 11.29   	 16.48   	 81.02   	 356.05		
 10.38   	 31.13   	 82.44   	 340.79		
 10.68   	 46.69   	 83.80   	 325.53		
 12.21   	 62.56   	 85.11   	 310.27		
 13.43   	 78.13   	 86.35   	 295.01		
 13.12   	 93.08   	 87.53   	 274.67		
 11.29   	107.42   	 88.63   	 259.41		
  8.54   	122.07   	 89.66   	 239.06		
  7.02   	137.63   	 90.62   	 218.72		
  7.02   	154.42   	 91.50   	 198.37		
  8.54   	170.90   	 92.29   	 183.11		
 10.07   	185.85   	 93.02   	 162.77		
 10.99   	197.75   	 93.67   	 147.51		
 10.68   	207.21   	 94.26   	 132.25		
 10.38   	215.45   	 94.79   	 122.07		
 10.68   	223.08   	 95.28   	 106.82		
 11.29   	229.80   	 95.71   	 101.73		
 12.21   	233.46   	 96.11   	  86.47		
 13.43   	233.46   	 96.46   	  76.30		
 14.95   	229.19   	 96.76   	  71.21		
 16.78   	221.86   	 97.05   	  55.95		
 18.92   	211.49   	 97.27   	  45.78		
 20.45   	198.67   	 97.46   	  30.52		
 21.36   	184.02   	 97.58   	  30.52		
 22.89   	168.76   	 97.70   	  25.43		
 25.33   	154.11   	 97.80   	  30.52		
 28.69   	140.08   	 97.92   	  30.52		
 31.43   	126.04   	 98.05   	  45.78		
 32.65   	111.08   	 98.23   	  55.95		
 32.04   	 95.52   	 98.45   	  61.04		
 30.21   	 80.87   	 98.70   	  66.12		
 29.30   	 68.97   	 98.96   	  61.04		
 28.99   	 60.12   	 99.21   	  50.86		
 28.99   	 53.10   	 99.41   	  20.35		
 28.69   	 47.00   	 99.49   	 -10.17		
 27.16   	 41.81   	 99.45   	 -61.04		
 25.63   	 37.54   	 99.21   	-106.82		
 25.33   	 34.48   	 98.78   	-152.59		
 25.94   	 31.74   	 98.17   	-198.37		
 26.86   	 29.91   	 97.37   	-223.80		
 26.86   	 28.38   	 96.48   	-239.06		
 26.55   	 27.77   	 95.52   	-239.06		
 25.94   	 27.77   	 94.57   	-223.80		
 26.25   	 28.69   	 93.67   	-198.37		
 27.47   	 29.30   	 92.88   	-167.85		
 28.99   	 31.13   	 92.21   	-132.25		
 32.04   	 36.93   	 91.68   	-106.82		
 38.76   	 50.66   	 91.25   	 -76.30		
 50.35   	 75.99   	 90.95   	 -61.04		
 65.61   	113.83   	 90.70   	 -40.69		
 81.48   	161.13   	 90.54   	 -35.61		
 93.69   	211.18   	 90.40   	 -25.43		
101.32   	256.35   	 90.29   	 -25.43		
107.12   	293.88   	 90.19   	 -15.26		
113.83   	325.93   	 90.13   	 -10.17		
121.77   	357.67   	 90.09   	  -5.09		
127.87   	392.76   	 90.07   	   0.00		
128.17   	428.47   	 90.07   	   5.09		
120.85   	457.76   	 90.09   	   5.09		
107.73   	474.24   	 90.11   	  10.17		
 92.47   	476.99   	 90.15   	  10.17		
 80.26   	474.85   	 90.19   	   5.09		
 74.46   	478.52   	 90.21   	   5.09		
 76.90   	495.61   	 90.23   	   5.09		
 86.36   	524.29   	 90.25   	   0.00		
 98.27   	552.37   	 90.25   	  -5.09		
106.81   	561.83   	 90.23   	 -10.17		
106.20   	535.89   	 90.19   	 -15.26		
 94.60   	467.22   	 90.13   	 -20.35		
 73.55   	362.24   	 90.05   	 -25.43		
 47.91   	241.70   	 89.95   	 -30.52		
 22.89   	132.14   	 89.83   	 -35.61		
  3.97   	 52.19   	 89.68   	 -40.69		
 -7.32   	  5.49   	 89.52   	 -45.78		
-11.60   	-19.53   	 89.34   	 -45.78		
-13.73   	-39.37   	 89.16   	 -45.78		
-17.09   	-60.73   	 88.97   	 -45.78		
-23.19   	-80.87   	 88.79   	 -50.86		
-29.60   	-93.69   	 88.59   	 -45.78		
-32.96   	-96.13   	 88.40   	 -45.78		
-32.04   	-92.47   	 88.22   	 -45.78		
-28.69   	-89.72   	 88.04   	 -50.86		
-25.33   	-90.94   	 87.83   	 -45.78		
-23.80   	-95.52   	 87.65   	 -45.78		
-24.72   	-100.71   	 87.47   	 -45.78		
-27.16   	-104.68   	 87.28   	 -45.78		
-29.91   	-106.81   	 87.10   	 -45.78		
-31.43   	-107.73   	 86.92   	 -45.78		
-31.74   	-106.81   	 86.73   	 -45.78		
-29.91   	-102.84   	 86.55   	 -40.69		
-27.16   	-91.55   	 86.39   	 -45.78		
-25.02   	-67.75   	 86.21   	 -45.78		
-24.41   	-26.55   	 86.02   	 -45.78		
-22.89   	 30.82   	 85.84   	 -40.69		
-15.56   	 95.52   	 85.68   	 -40.69		
  1.53   	156.86   	 85.51   	 -40.69		
 25.02   	212.71   	 85.35   	 -35.61		
 41.81   	278.32   	 85.21   	 -40.69		
 34.48   	382.69   	 85.05   	 -35.61		
 -6.41   	538.94   	 84.90   	 -35.61		
-69.27   	707.70   	 84.76   	 -40.69		
-125.73   	793.15   	 84.60   	 -45.78		
-154.42   	687.87   	 84.41   	 -45.78		
-159.61   	349.73   	 84.23   	 -45.78		
-172.73   	-148.93   	 84.05   	 -50.86		
-228.58   	-643.62   	 83.85   	 -50.86		
-330.81   	-968.93   	 83.64   	 -55.95		
-438.54   	-1055.30(R)	 83.42   	 -55.95		
-492.55   	-947.57   	 83.19   	 -55.95		
-455.93   	-754.09   	 82.97   	 -50.86		
-339.97   	-569.15   	 82.77   	 -55.95		
-194.09   	-428.16   	 82.54   	 -50.86		
-74.16   	-320.43   	 82.34   	 -50.86		
-10.68   	-228.58   	 82.14   	 -50.86		
  0.31   	-152.89   	 81.93   	 -50.86		
-14.34   	-104.37   	 81.73   	 -45.78		
-27.47   	-87.89   	 81.55   	 -50.86		
-26.86   	-93.38   	 81.34   	 -50.86		
-15.56   	-103.45   	 81.14   	 -50.86		
 -3.97   	-104.06   	 80.94   	 -45.78		
  0.92   	-92.77   	 80.75   	 -45.78		
 -0.61   	-75.68   	 80.57   	 -45.78		
 -3.36   	-61.34   	 80.39   	 -40.69		
 -3.05   	-53.41   	 80.22   	 -35.61		
  0.61   	-51.57   	 80.08   	 -40.69		
  3.97   	-51.57   	 79.92   	 -35.61		
  5.19   	-49.44   	 79.78   	 -40.69		
  4.27   	-43.64   	 79.61   	 -30.52		
  3.36   	-34.48   	 79.49   	 -35.61		
  4.27   	-24.41   	 79.35   	 -25.43		
  6.71   	-15.56   	 79.25   	 -25.43		
  8.54   	 -9.46   	 79.15   	 -20.35		
  9.46   	 -5.49   	 79.06   	 -10.17		
  9.46   	 -0.92   	 79.02   	 -10.17		
 10.07   	  5.19   	 78.98   	  -5.09		
 11.90   	 13.12   	 78.96   	  -5.09		
 13.43   	 21.67   	 78.94   	  -5.09		
 13.73   	 29.91   	 78.92   	   0.00		
 13.12   	 38.15   	 78.92   	 -10.17		
 12.51   	 47.91   	 78.88   	  -5.09		
 12.21   	 59.20   	 78.86   	 -10.17		
 12.51   	 71.11   	 78.82   	 -10.17		
 11.60   	 83.31   	 78.78   	 -10.17		
  9.77   	 95.21   	 78.74   	 -10.17		
  8.24   	107.42   	 78.70   	 -10.17		
  8.24   	119.93   	 78.66   	  -5.09		
  9.16   	133.97   	 78.64   	   5.09		
 10.38   	149.23   	 78.66   	   5.09		
 10.68   	166.02   	 78.68   	  15.26		
  9.46   	184.33   	 78.74   	  15.26		
  7.93   	203.25   	 78.80   	  30.52		
  6.10   	220.95   	 78.92   	  30.52		
  4.88   	236.21   	 79.04   	  35.61		
  4.27   	247.80   	 79.19   	  45.78		
  3.97   	256.96   	 79.37   	  45.78		
  4.27   	264.28   	 79.55   	  50.86		
  5.49   	271.61   	 79.76   	  61.04		
  7.02   	278.02   	 80.00   	  55.95		
  8.54   	282.29   	 80.22   	  55.95		
 10.07   	283.81   	 80.45   	  61.04		
 11.90   	280.76   	 80.69   	  50.86		
 14.95   	274.05   	 80.89   	  50.86		
 18.62   	263.67   	 81.10   	  45.78		
 21.67   	250.24   	 81.28   	  40.69		
 23.19   	233.15   	 81.44   	  30.52		
 23.50   	212.40   	 81.57   	  25.43		
 23.50   	188.60   	 81.67   	  15.26		
 24.41   	163.88   	 81.73   	   5.09		
 26.25   	140.08   	 81.75   	   0.00		
 28.08   	118.71   	 81.75   	 -15.26		
 28.99   	100.40   	 81.69   	 -20.35		
 28.69   	 84.84   	 81.61   	 -35.61		
 28.38   	 71.11   	 81.46   	 -40.69		
 27.77   	 57.68   	 81.30   	 -55.95		
 27.16   	 45.17   	 81.08   	 -66.12		
 25.63   	 34.48   	 80.81   	 -81.38		
 23.50   	 27.47   	 80.49   	 -91.56		
 21.97   	 24.11   	 80.12   	-101.73		
 21.36   	 22.58   	 79.71   	-116.99		
 21.97   	 19.84   	 79.25   	-127.16		
 22.89   	 14.65   	 78.74   	-137.33		
 22.58   	  7.32   	 78.19   	-137.33		
 20.75   	  0.31   	 77.64   	-137.33		
 17.70   	 -3.97   	 77.09   	-137.33		
 14.34   	 -4.88   	 76.54   	-127.16		
 12.51   	 -2.44   	 76.03   	-111.90		
 12.21   	  1.53   	 75.58   	-101.73		
 13.43   	  5.80   	 75.18   	 -86.47		
 14.95   	  8.54   	 74.83   	 -71.21		
 15.26   	  9.16   	 74.55   	 -61.04		
 14.04   	  7.93   	 74.30   	 -50.86		
 11.90   	  6.10   	 74.10   	 -35.61		
  9.77   	  4.88   	 73.96   	 -30.52		
  8.85   	  4.88   	 73.83   	 -20.35		
  8.24   	  6.10   	 73.75   	 -15.26		
  8.24   	  7.93   	 73.69   	 -15.26		
  7.63   	 10.07   	 73.63   	 -10.17		
  7.02   	 11.90   	 73.59   	  -5.09		
  7.63   	 14.04   	 73.57   	 -10.17		
 10.99   	 20.14   	 73.53   	  -5.09		
 17.70   	 34.18   	 73.51   	  -5.09		
 26.86   	 60.42   	 73.49   	 -10.17		
 35.71   	 98.27   	 73.45   	 -10.17		
 43.33   	142.52   	 73.41   	 -10.17		
 49.44   	185.85   	 73.37   	 -15.26		
 55.24   	224.00   	 73.31   	 -15.26		
 61.65   	258.18   	 73.24   	 -20.35		
 68.66   	294.19   	 73.16   	 -20.35		
 73.85   	335.08   	 73.08   	 -20.35		
 74.46   	376.28   	 73.00   	 -25.43		
 68.97   	408.63   	 72.90   	 -20.35		
 58.59   	422.97   	 72.82   	 -25.43		
 46.69   	419.92   	 72.72   	 -25.43		
 38.15   	410.77   	 72.61   	 -30.52		
 36.62   	411.38   	 72.49   	 -25.43		
 43.33   	430.30   	 72.39   	 -25.43		
 56.15   	464.17   	 72.29   	 -25.43		
 69.89   	497.44   	 72.19   	 -20.35		
 79.35   	509.03   	 72.11   	 -25.43		
 79.96   	482.79   	 72.00   	 -25.43		
 70.80   	413.51   	 71.90   	 -20.35		
 53.71   	309.45   	 71.82   	 -25.43		
 31.74   	191.35   	 71.72   	 -20.35		
  9.77   	 84.53   	 71.64   	 -25.43		
 -7.93   	  8.54   	 71.54   	 -25.43		
-18.62   	-32.65   	 71.43   	 -25.43		
-23.19   	-50.66   	 71.33   	 -30.52		
-24.41   	-62.56   	 71.21   	 -25.43		
-25.94   	-79.65   	 71.11   	 -30.52		
-30.21   	-100.40   	 70.99   	 -30.52		
-35.71   	-115.97   	 70.86   	 -35.61		
-39.37   	-120.54   	 70.72   	 -35.61		
-39.37   	-116.58   	 70.58   	 -35.61		
-36.62   	-111.08   	 70.44   	 -40.69		
-33.87   	-110.47   	 70.27   	 -45.78		
-33.87   	-115.36   	 70.09   	 -40.69		
-35.71   	-122.07   	 69.93   	 -40.69		
-37.54   	-126.65   	 69.77   	 -45.78		
-38.15   	-127.26   	 69.58   	 -35.61		
-36.93   	-125.43   	 69.44   	 -40.69		
-34.48   	-121.77   	 69.28   	 -35.61		
-32.35   	-115.66   	 69.14   	 -35.61		
-30.82   	-101.01   	 68.99   	 -25.43		
-30.52   	-70.50   	 68.89   	 -30.52		
-30.82   	-19.84   	 68.77   	 -25.43		
-28.99   	 46.39   	 68.67   	 -20.35		
-20.75   	115.66   	 68.59   	 -20.35		
 -3.97   	177.92   	 68.50   	 -20.35		
 15.87   	237.43   	 68.42   	 -20.35		
 26.25   	321.35   	 68.34   	 -15.26		
 10.99   	461.12   	 68.28   	 -20.35		
-33.57   	654.91   	 68.20   	 -20.35		
-92.16   	837.71   	 68.12   	 -15.26		
-137.02   	893.86   	 68.06   	 -20.35		
-153.20   	724.49   	 67.98   	 -20.35		
-155.33   	323.79   	 67.89   	 -20.35		
-179.14   	-196.23   	 67.81   	 -20.35		
-252.69   	-657.04   	 67.73   	 -25.43		
-363.77   	-917.66   	 67.63   	 -20.35		
-460.21   	-949.40(R)	 67.55   	 -20.35		
-484.92   	-824.89   	 67.47   	 -20.35		
-416.56   	-650.94   	 67.39   	 -20.35		
-283.51   	-500.49   	 67.30   	 -20.35		
-144.35   	-389.40   	 67.22   	 -15.26		
-47.30   	-302.12   	 67.16   	 -20.35		
 -8.24   	-226.44   	 67.08   	 -20.35		
-10.38   	-165.71   	 67.00   	 -15.26		
-25.33   	-129.39   	 66.94   	 -25.43		
-31.74   	-118.10   	 66.84   	 -20.35		
-25.94   	-121.77   	 66.75   	 -25.43		
-15.26   	-126.95   	 66.65   	 -25.43		
 -8.54   	-125.43   	 66.55   	 -20.35		
 -9.16   	-116.88   	 66.47   	 -15.26		
-13.43   	-106.51   	 66.41   	 -10.17		
-16.78   	-98.57   	 66.37   	  -5.09		
-16.17   	-93.69   	 66.35   	   0.00		
-12.82   	-90.03   	 66.35   	   5.09		
 -8.24   	-85.75   	 66.37   	   0.00		
 -4.88   	-80.57   	 66.37   	   5.09		
 -2.75   	-75.38   	 66.39   	   0.00		
 -1.22   	-69.89   	 66.39   	   5.09		
 -0.31   	-63.78   	 66.41   	  10.17		
  0.61   	-56.76   	 66.45   	  20.35		
  0.61   	-49.13   	 66.53   	  30.52		
  0.00   	-41.50   	 66.65   	  45.78		
 -0.92   	-34.48   	 66.84   	  66.12		
 -1.22   	-27.47   	 67.10   	  91.56		
 -0.31   	-19.53   	 67.47   	 111.90		
  1.53   	-11.60   	 67.91   	 142.42		
  3.36   	 -3.97   	 68.48   	 157.68		
  4.58   	  3.05   	 69.11   	 188.20		
  4.88   	  9.46   	 69.87   	 198.37		
  4.27   	 16.78   	 70.66   	 223.80		
  3.05   	 25.63   	 71.56   	 228.89		
  1.53   	 36.62   	 72.47   	 244.15		
  0.61   	 49.74   	 73.45   	 254.32		
  0.31   	 63.78   	 74.47   	 249.24		
  0.61   	 77.82   	 75.46   	 259.41		
  0.92   	 90.94   	 76.50   	 249.24		
  1.22   	104.06   	 77.50   	 249.24		
  0.92   	118.71   	 78.49   	 244.15		
  0.92   	135.80   	 79.47   	 233.98		
  0.31   	155.03   	 80.41   	 228.89		
 -1.53   	173.95   	 81.32   	 218.72		
 -3.97   	190.43   	 82.20   	 203.46		
 -7.02   	202.94   	 83.01   	 193.29		
 -9.16   	212.10   	 83.78   	 178.03		
 -9.46   	219.73   	 84.50   	 162.77		
 -7.63   	227.36   	 85.15   	 142.42		
 -4.58   	235.60   	 85.72   	 132.25		
 -0.92   	243.53   	 86.25   	 116.99		
  2.44   	249.33   	 86.71   	  96.64		
  4.58   	251.16   	 87.10   	  81.38		
  6.10   	248.11   	 87.43   	  66.12		
  7.02   	239.56   	 87.69   	  55.95		
  8.54   	225.52   	 87.91   	  40.69		
 10.68   	208.13   	 88.08   	  30.52		
 13.43   	188.60   	 88.20   	  20.35		
 15.87   	168.46   	 88.28   	   5.09		
 17.70   	147.71   	 88.30   	   5.09		
 18.62   	126.95   	 88.32   	 -10.17		
 18.92   	107.42   	 88.28   	 -15.26		
 18.92   	 89.11   	 88.22   	 -20.35		
 18.62   	 72.33   	 88.14   	 -25.43		
 18.01   	 57.98   	 88.04   	 -35.61		
 17.40   	 46.08   	 87.89   	 -35.61		
 16.78   	 36.32   	 87.75   	 -45.78		
 16.48   	 28.69   	 87.57   	 -50.86		
 16.78   	 22.58   	 87.36   	 -55.95		
 16.78   	 16.48   	 87.14   	 -66.12		
 17.09   	 10.38   	 86.88   	 -71.21		
 17.70   	  4.88   	 86.59   	 -86.47		
 18.31   	  0.61   	 86.25   	-101.73		
 18.31   	 -2.44   	 85.84   	-106.82		
 17.09   	 -4.58   	 85.41   	-122.07		
 14.65   	 -5.49   	 84.92   	-132.25		
 12.21   	 -5.80   	 84.39   	-142.42		
 10.99   	 -5.19   	 83.82   	-137.33		
 10.99   	 -3.66   	 83.28   	-132.25		
 11.90   	 -1.22   	 82.75   	-127.16		
 13.12   	  1.22   	 82.24   	-116.99		
 13.43   	  3.66   	 81.77   	 -96.64		
 13.43   	  5.80   	 81.38   	 -86.47		
 13.43   	  7.63   	 81.04   	 -71.21		
 15.56   	 12.21   	 80.75   	 -50.86		
 21.06   	 22.58   	 80.55   	 -40.69		
 31.13   	 43.95   	 80.39   	 -35.61		
 44.25   	 77.82   	 80.24   	 -20.35		
 57.37   	122.99   	 80.16   	 -15.26		
 67.44   	172.42   	 80.10   	  -5.09		
 74.16   	218.51   	 80.08   	   0.00		
 79.04   	256.96   	 80.08   	   0.00		
 84.84   	290.22   	 80.08   	   5.09		
 92.16   	323.49   	 80.10   	  10.17		
 98.57   	359.80   	 80.14   	  10.17		
 98.88   	396.42   	 80.18   	  15.26		
 91.55   	425.42   	 80.24   	  10.17		
 77.82   	439.76   	 80.28   	   5.09		
 62.87   	440.67   	 80.30   	  10.17		
 52.19   	437.32   	 80.35   	   0.00		
 48.83   	441.59   	 80.35   	   0.00		
 52.49   	459.90   	 80.35   	  -5.09		
 61.65   	488.89   	 80.33   	 -10.17		
 73.24   	516.05   	 80.28   	 -15.26		
 81.79   	523.38   	 80.22   	 -20.35		
 82.70   	495.91   	 80.14   	 -20.35		
 72.94   	426.94   	 80.06   	 -20.35		
 53.71   	322.88   	 79.98   	 -20.35		
 29.60   	204.16   	 79.90   	 -20.35		
  7.02   	 96.13   	 79.82   	 -25.43		
 -9.77   	 18.31   	 79.71   	 -20.35		
-19.53   	-25.94   	 79.63   	 -20.35		
-24.11   	-48.52   	 79.55   	 -25.43		
-26.55   	-65.92   	 79.45   	 -20.35		
-29.60   	-86.98   	 79.37   	 -25.43		
-34.48   	-109.56   	 79.27   	 -25.43		
-39.06   	-125.12   	 79.17   	 -25.43		
-41.50   	-130.31   	 79.06   	 -25.43		
-40.59   	-127.87   	 78.96   	 -30.52		
-37.84   	-124.51   	 78.84   	 -25.43		
-36.01   	-125.12   	 78.74   	 -30.52		
-36.32   	-129.09   	 78.62   	 -30.52		
-38.76   	-134.58   	 78.49   	 -30.52		
-41.20   	-139.47   	 78.37   	 -30.52		
-42.72   	-142.82   	 78.25   	 -25.43		
-42.42   	-144.35   	 78.15   	 -25.43		
-40.59   	-143.13   	 78.05   	 -20.35		
-38.45   	-137.33   	 77.97   	 -20.35		
-36.62   	-122.99   	 77.88   	 -20.35		
-35.71   	-94.30   	 77.80   	 -20.35		
-36.01   	-45.78   	 77.72   	 -20.35		
-34.18   	 20.75   	 77.64   	 -20.35		
-26.86   	 93.99   	 77.56   	 -25.43		
-11.90   	160.52   	 77.46   	 -25.43		
  7.02   	216.37   	 77.35   	 -30.52		
 18.31   	279.85   	 77.23   	 -35.61		
  6.41   	383.91   	 77.09   	 -40.69		
-34.79   	541.99   	 76.93   	 -40.69		
-93.69   	712.28   	 76.76   	 -45.78		
-141.91   	794.07   	 76.58   	 -50.86		
-160.83   	679.93   	 76.38   	 -50.86		
-158.69   	333.86   	 76.17   	 -45.78		
-170.59   	-163.27   	 75.99   	 -50.86		
-231.93   	-643.92   	 75.79   	 -45.78		
-342.10   	-949.40   	 75.60   	 -45.78		
-454.41   	-1020.81(R)	 75.42   	 -45.78		
-505.98   	-912.17   	 75.24   	 -40.69		
-461.12   	-730.29   	 75.08   	 -35.61		
-336.00   	-562.13   	 74.93   	 -30.52		
-186.46   	-436.10   	 74.81   	 -35.61		
-70.50   	-338.44   	 74.67   	 -25.43		
-15.26   	-254.21   	 74.57   	 -30.52		
-10.68   	-184.02   	 74.45   	 -30.52		
-27.47   	-137.94   	 74.32   	 -35.61		
-38.76   	-119.32   	 74.18   	 -30.52		
-34.79   	-120.24   	 74.06   	 -30.52		
-22.28   	-126.04   	 73.94   	 -35.61		
-11.90   	-126.95   	 73.79   	 -25.43		
 -8.85   	-120.85   	 73.69   	 -25.43		
-10.99   	-111.08   	 73.59   	 -20.35		
-13.12   	-102.23   	 73.51   	 -15.26		
-11.29   	-96.44   	 73.45   	 -10.17		
 -7.02   	-92.47   	 73.41   	 -10.17		
 -3.36   	-87.89   	 73.37   	  -5.09		
 -2.14   	-80.87   	 73.35   	  -5.09		
 -2.44   	-72.33   	 73.33   	  -5.09		
 -3.05   	-63.48   	 73.31   	 -10.17		
 -3.05   	-56.15   	 73.27   	  -5.09		
 -2.14   	-50.35   	 73.24   	 -10.17		
 -0.31   	-45.17   	 73.20   	 -10.17		
  0.92   	-39.98   	 73.16   	  -5.09		
  1.83   	-33.87   	 73.14   	  -5.09		
  1.83   	-27.47   	 73.12   	   0.00		
  1.53   	-20.75   	 73.12   	   0.00		
  0.61   	-13.43   	 73.12   	   5.09		
  0.00   	 -5.80   	 73.14   	  10.17		
 -0.31   	  2.44   	 73.18   	  10.17		
  0.00   	 10.68   	 73.22   	  25.43		
  0.61   	 19.53   	 73.33   	  30.52		
  0.92   	 28.99   	 73.45   	  45.78		
  0.61   	 39.37   	 73.63   	  61.04		
 -0.61   	 50.66   	 73.88   	  71.21		
 -1.83   	 63.17   	 74.16   	  86.47		
 -2.14   	 76.60   	 74.51   	 101.73		
 -1.53   	 91.25   	 74.91   	 111.90		
 -0.31   	106.81   	 75.36   	 122.07		
  0.31   	122.99   	 75.85   	 132.25		
  0.00   	138.85   	 76.38   	 137.33		
 -1.83   	154.11   	 76.93   	 137.33		
 -4.58   	168.46   	 77.48   	 142.42		
 -7.02   	181.58   	 78.05   	 137.33		
 -8.24   	194.40   	 78.60   	 142.42		
 -7.63   	206.60   	 79.17   	 132.25		
 -5.80   	217.90   	 79.69   	 132.25		
 -3.66   	227.66   	 80.22   	 122.07		
 -2.14   	234.38   	 80.71   	 116.99		
 -1.83   	238.04   	 81.18   	 111.90		
 -1.22   	238.34   	 81.63   	  96.64		
 -0.31   	236.21   	 82.01   	  91.56		
  1.83   	230.41   	 82.38   	  76.30		
  4.27   	220.64   	 82.69   	  71.21		
  6.71   	206.91   	 82.97   	  50.86		
  8.85   	189.82   	 83.17   	  40.69		
 10.99   	170.29   	 83.34   	  30.52		
 12.82   	149.23   	 83.46   	  15.26		
 14.34   	126.95   	 83.52   	   5.09		
 15.26   	105.29   	 83.54   	  -5.09		
 15.87   	 85.14   	 83.52   	 -15.26		
 16.48   	 67.14   	 83.46   	 -20.35		
 16.78   	 51.27   	 83.38   	 -35.61		
 17.09   	 37.23   	 83.23   	 -45.78		
 16.78   	 25.02   	 83.05   	 -50.86		
 16.48   	 14.34   	 82.85   	 -61.04		
 15.87   	  5.19   	 82.60   	 -71.21		
 14.95   	 -2.44   	 82.32   	 -86.47		
 13.12   	 -9.46   	 81.97   	 -96.64		
 10.68   	-15.26   	 81.59   	-101.73		
  8.54   	-19.84   	 81.18   	-122.07		
  7.02   	-23.50   	 80.69   	-122.07		
  7.32   	-26.25   	 80.20   	-137.33		
  8.54   	-28.08   	 79.65   	-132.25		
 10.07   	-29.91   	 79.12   	-137.33		
 11.29   	-31.74   	 78.58   	-132.25		
 10.99   	-33.26   	 78.05   	-127.16		
  9.77   	-34.18   	 77.54   	-116.99		
  8.54   	-33.26   	 77.07   	-101.73		
  7.32   	-31.13   	 76.66   	 -86.47		
  7.02   	-28.38   	 76.32   	 -76.30		
  6.71   	-25.94   	 76.01   	 -66.12		
  5.80   	-24.72   	 75.75   	 -50.86		
  3.97   	-23.80   	 75.54   	 -45.78		
  1.53   	-21.97   	 75.36   	 -35.61		
  0.92   	-18.62   	 75.22   	 -30.52		
  3.36   	-12.21   	 75.10   	 -25.43		
 10.07   	 -0.31   	 74.99   	 -15.26		
 20.14   	 20.14   	 74.93   	 -20.35		
 31.13   	 51.57   	 74.85   	 -10.17		
 40.59   	 93.08   	 74.81   	 -10.17		
 47.00   	139.16   	 74.77   	  -5.09		
 52.49   	183.11   	 74.75   	   0.00		
 58.90   	222.17   	 74.75   	   0.00		
 67.14   	258.48   	 74.75   	   0.00		
 75.68   	296.63   	 74.75   	   0.00		
 79.96   	337.83   	 74.75   	   0.00		
 77.21   	376.28   	 74.75   	   0.00		
 67.44   	401.61   	 74.75   	   0.00		
 53.71   	407.71   	 74.75   	  -5.09		
 39.67   	398.86   	 74.73   	   0.00		
 30.21   	389.10   	 74.73   	   0.00		
 28.38   	392.46   	 74.73   	   0.00		
 34.18   	414.43   	 74.73   	  -5.09		
 46.69   	448.91   	 74.71   	  -5.09		
 61.34   	477.91   	 74.69   	  -5.09		
 71.72   	481.26   	 74.67   	 -10.17		
 72.63   	444.64   	 74.63   	 -15.26		
 61.65   	364.38   	 74.57   	 -20.35		
 40.89   	252.38   	 74.49   	 -20.35		
 15.26   	132.45   	 74.40   	 -25.43		
 -8.54   	 30.52   	 74.30   	  N/A		
