  I     	  II     	  AO     	  AO'		
-52.80   	-67.44   	127.51   	-101.73		
-56.76   	-63.48   	127.10   	-147.51		
-58.90   	-60.42   	126.51   	-218.72		
-60.12   	-59.51   	125.64   	-249.24		
-63.48   	-63.17   	124.64   	-233.98		
-69.27   	-70.50   	123.70   	-244.15		
-76.60   	-79.65   	122.73   	-320.45		
-83.62   	-87.59   	121.44   	-417.09		
-88.50   	-91.55   	119.78   	-498.47		
-90.03   	-88.81   	117.78   	-574.77		
-88.20   	-79.04   	115.48   	-656.15		
-83.62   	-66.83   	112.86   	-727.36		
-78.43   	-57.68   	109.95   	-762.97		
-75.07   	-56.15   	106.90   	-717.19		
-74.46   	-61.95   	104.03   	-539.16		
-75.07   	-70.50   	101.87   	 -71.21		
-74.46   	-75.99   	101.59   	 742.62		
-72.33   	-75.07   	104.56   	1327.56		
-71.11   	-69.27   	109.87   	1149.54		
-73.55   	-63.17   	114.47   	 534.08		
-78.13   	-59.20   	116.60   	-366.22		
-81.79   	-57.37   	115.14   	-1312.30		
-82.09   	-56.46   	109.89   	-1607.32		
-79.35   	-54.32   	103.46   	-1007.12		
-76.29   	-50.66   	 99.43   	-193.29		
-74.77   	-46.08   	 98.66   	 295.01		
-74.77   	-41.50   	 99.84   	 534.08		
-73.85   	-39.06   	101.97   	 595.11		
-71.41   	-39.06   	104.35   	 447.61		
-68.05   	-41.20   	106.14   	 203.46		
-65.92   	-42.72   	106.96   	 -76.30		
-65.92   	-42.11   	106.65   	-305.19		
-68.97   	-39.67   	105.43   	-442.52		
-74.16   	-36.93   	103.66   	-498.47		
-78.74   	-34.18   	101.67   	-452.69		
-79.65   	-31.43   	 99.86   	-335.71		
-75.68   	-29.30   	 98.51   	-203.46		
-68.36   	-28.08   	 97.70   	 -81.38		
-61.04   	-28.69   	 97.37   	  15.26		
-57.07   	-30.82   	 97.44   	  61.04		
-57.07   	-33.26   	 97.68   	  55.95		
-58.90   	-33.26   	 97.90   	 -15.26		
-61.34   	-30.21   	 97.84   	-106.82		
-64.09   	-24.11   	 97.42   	-178.03		
-66.22   	-17.09   	 96.70   	-198.37		
-68.66   	-12.21   	 95.91   	-193.29		
-69.89   	-12.82   	 95.14   	-162.77		
-68.36   	-19.23   	 94.49   	-132.25		
-65.00   	-27.47   	 93.96   	-106.82		
-61.34   	-33.57   	 93.53   	-101.73		
-60.42   	-33.26   	 93.12   	-101.73		
-64.09   	-28.69   	 92.72   	-116.99		
-70.80   	-25.02   	 92.25   	-106.82		
-77.21   	-26.86   	 91.82   	 -91.56		
-80.87   	-33.26   	 91.45   	 -86.47		
-80.57   	-40.28   	 91.11   	-106.82		
-77.51   	-43.64   	 90.68   	-132.25		
-74.16   	-41.20   	 90.15   	-142.42		
-71.72   	-35.10   	 89.58   	-152.59		
-71.72   	-28.69   	 88.97   	-142.42		
-73.55   	-23.50   	 88.40   	-137.33		
-76.29   	-19.84   	 87.85   	-137.33		
-78.43   	-17.40   	 87.30   	-122.07		
-78.13   	-16.78   	 86.82   	 -86.47		
-75.68   	-19.53   	 86.47   	 -61.04		
-72.33   	-25.63   	 86.23   	 -50.86		
-70.19   	-32.96   	 86.02   	 -40.69		
-70.50   	-37.84   	 85.86   	 -45.78		
-72.33   	-37.23   	 85.68   	 -61.04		
-73.55   	-31.13   	 85.43   	 -76.30		
-72.94   	-23.80   	 85.13   	 -91.56		
-71.11   	-19.53   	 84.76   	-101.73		
-68.36   	-19.53   	 84.35   	 -86.47		
-65.61   	-21.97   	 84.01   	 -55.95		
-63.17   	-23.50   	 83.78   	 -30.52		
-61.95   	-22.28   	 83.66   	  -5.09		
-62.87   	-18.92   	 83.64   	 -20.35		
-65.61   	-16.17   	 83.56   	 -91.56		
-68.36   	-14.34   	 83.19   	-198.37		
-68.66   	-13.43   	 82.40   	-259.41		
-66.53   	-13.12   	 81.36   	-172.94		
-63.78   	-14.04   	 80.67   	 -30.52		
-63.48   	-15.87   	 80.55   	 -10.17		
-65.61   	-17.70   	 80.51   	 -30.52		
-67.44   	-18.01   	 80.39   	 -10.17		
-65.92   	-16.78   	 80.35   	 -30.52		
-61.04   	-15.26   	 80.22   	 -71.21		
-55.85   	-15.26   	 79.94   	 -71.21		
-54.02   	-15.87   	 79.65   	 -81.38		
-56.46   	-15.87   	 79.33   	 -86.47		
-62.56   	-14.95   	 78.98   	 -91.56		
-67.75   	-13.73   	 78.62   	 -76.30		
-68.36   	-12.51   	 78.31   	 -71.21		
-63.78   	-11.29   	 78.03   	 -66.12		
-55.85   	 -9.16   	 77.76   	 -61.04		
-48.83   	 -5.19   	 77.52   	 -66.12		
-46.69   	 -1.53   	 77.25   	 -81.38		
-49.44   	 -0.92   	 76.93   	 -76.30		
-53.41   	 -3.36   	 76.62   	 -71.21		
-55.24   	 -5.49   	 76.34   	 -71.21		
-53.71   	 -5.19   	 76.05   	 -71.21		
-50.96   	 -2.14   	 75.77   	 -61.04		
-49.44   	  1.83   	 75.52   	 -61.04		
-49.74   	  3.97   	 75.28   	 -61.04		
-50.96   	  3.97   	 75.04   	 -55.95		
-50.35   	  3.97   	 74.81   	 -61.04		
-47.30   	  4.58   	 74.57   	 -66.12		
-43.33   	  6.41   	 74.30   	 -76.30		
-39.98   	  7.93   	 74.00   	 -61.04		
-37.84   	  9.77   	 73.75   	 -61.04		
-36.62   	 12.82   	 73.51   	 -66.12		
-36.62   	 19.84   	 73.24   	 -61.04		
-36.01   	 31.74   	 73.00   	 -55.95		
-34.48   	 47.61   	 72.78   	 -50.86		
-31.13   	 63.48   	 72.57   	 -55.95		
-25.94   	 75.99   	 72.35   	 -50.86		
-18.62   	 82.40   	 72.15   	 -55.95		
-10.68   	 82.40   	 71.92   	 -55.95		
 -3.66   	 79.35   	 71.70   	 -45.78		
  0.31   	 79.65   	 71.52   	 -50.86		
  3.05   	 88.20   	 71.31   	 -55.95		
  6.71   	104.68   	 71.09   	 -45.78		
 12.51   	122.68   	 70.91   	 -40.69		
 20.14   	133.06   	 70.74   	 -50.86		
 26.55   	132.45   	 70.54   	 -50.86		
 29.30   	125.73   	 70.34   	 -45.78		
 29.30   	122.38   	 70.15   	 -45.78		
 28.69   	126.34   	 69.97   	 -50.86		
 29.60   	134.58   	 69.77   	 -45.78		
 30.21   	138.55   	 69.58   	 -30.52		
 26.86   	131.84   	 69.46   	 -10.17		
 15.87   	115.66   	 69.42   	   5.09		
 -2.14   	 93.99   	 69.44   	  15.26		
-23.50   	 70.19   	 69.50   	  25.43		
-42.11   	 46.08   	 69.60   	  25.43		
-54.02   	 22.28   	 69.70   	  25.43		
-58.90   	  1.83   	 69.81   	  10.17		
-58.90   	-10.99   	 69.85   	   0.00		
-57.07   	-14.34   	 69.85   	   0.00		
-54.32   	-10.38   	 69.85   	   0.00		
-50.96   	 -4.27   	 69.85   	   0.00		
-48.83   	  0.31   	 69.85   	 -10.17		
-50.66   	  4.88   	 69.81   	 -30.52		
-57.37   	 16.78   	 69.68   	 -55.95		
-61.34   	 45.47   	 69.46   	 -91.56		
-41.20   	 99.79   	 69.09   	-111.90		
 35.71   	184.02   	 68.65   	-116.99		
198.67   	297.55   	 68.18   	 -91.56		
456.85   	437.32   	 67.81   	 -55.95		
792.24   	594.48   	 67.59   	 -45.78		
1155.70   	754.39   	 67.41   	 -30.52		
1472.47   	896.00   	 67.28   	 -20.35		
1651.92(R)	988.46   	 67.20   	 -10.17		
1610.11   	988.16   	 67.16   	 -25.43		
1313.78   	859.99   	 67.06   	 -40.69		
820.31   	606.08   	 66.90   	 -40.69		
274.66   	280.76   	 66.73   	 -35.61		
-149.23   	-16.78   	 66.59   	 -25.43		
-339.36   	-193.18   	 66.49   	 -25.43		
-305.79   	-215.76   	 66.39   	 -25.43		
-158.69   	-129.70   	 66.29   	 -25.43		
-25.02   	-19.84   	 66.18   	 -25.43		
 27.47   	 45.78   	 66.08   	 -25.43		
  7.93   	 49.44   	 65.98   	 -30.52		
-33.26   	 15.87   	 65.86   	 -66.12		
-57.68   	-18.92   	 65.59   	-111.90		
-57.68   	-36.01   	 65.15   	-132.25		
-47.61   	-36.62   	 64.62   	-152.59		
-42.42   	-31.13   	 64.01   	-152.59		
-44.56   	-26.86   	 63.40   	 -81.38		
-50.05   	-25.63   	 63.07   	   5.09		
-54.93   	-26.25   	 63.09   	  76.30		
-57.37   	-26.86   	 63.40   	 315.36		
-57.07   	-28.38   	 64.66   	 712.10		
-53.41   	-31.43   	 67.51   	1002.03		
-46.08   	-36.62   	 71.52   	 920.65		
-36.62   	-41.50   	 75.20   	 737.54		
-28.38   	-43.33   	 78.15   	 722.28		
-26.25   	-40.28   	 81.04   	 717.19		
-29.60   	-33.57   	 83.91   	 666.32		
-35.10   	-25.02   	 86.57   	 666.32		
-37.23   	-16.17   	 89.24   	 915.56		
-34.48   	-10.38   	 92.90   	1154.62		
-29.30   	 -9.77   	 97.52   	 808.75		
-24.72   	-14.95   	100.75   	 223.80		
-22.28   	-22.58   	101.65   	-264.50		
-21.36   	-27.77   	100.59   	-432.35		
-19.23   	-27.47   	 98.86   	-218.72		
-15.26   	-21.06   	 97.99   	 127.16		
-10.07   	-10.68   	 98.49   	 452.69		
 -3.97   	 -0.61   	100.30   	 727.36		
  1.22   	  6.10   	103.21   	 874.87		
  4.88   	  7.32   	106.71   	 798.57		
  6.41   	  3.66   	109.91   	 579.86		
  6.71   	 -0.92   	112.23   	 356.05		
  7.32   	 -2.14   	113.65   	 228.89		
 11.29   	  1.83   	114.57   	 172.94		
 19.53   	  8.85   	115.26   	  76.30		
 30.82   	 15.56   	115.56   	  -5.09		
 43.64   	 19.84   	115.54   	  -5.09		
 54.63   	 21.67   	115.52   	  45.78		
 61.95   	 22.28   	115.71   	 167.85		
 65.61   	 22.89   	116.38   	 279.75		
 67.14   	 24.72   	117.50   	 300.10		
 69.58   	 28.69   	118.70   	 289.93		
 75.07   	 34.48   	119.86   	 289.93		
 83.31   	 40.89   	121.02   	 295.01		
 92.47   	 46.69   	122.20   	 208.54		
 99.18   	 51.27   	123.03   	  86.47		
102.84   	 54.93   	123.38   	  35.61		
103.76   	 56.76   	123.52   	  25.43		
103.15   	 56.76   	123.62   	  71.21		
102.23   	 55.24   	123.91   	  91.56		
100.71   	 53.41   	124.27   	  35.61		
 97.96   	 52.19   	124.41   	  15.26		
 93.38   	 51.88   	124.48   	  55.95		
 87.89   	 52.19   	124.70   	  91.56		
 81.79   	 52.19   	125.07   	 162.77		
 76.90   	 51.88   	125.72   	 254.32		
 72.94   	 51.27   	126.73   	 198.37		
 68.36   	 50.05   	127.53   	  35.61		
 61.65   	 48.52   	127.67(S)	-111.90		
 51.88   	 46.69   	127.22   	-218.72		
 39.67   	 45.47   	126.35   	-228.89		
 28.38   	 45.17   	125.43   	-132.25		
 19.84   	 46.39   	124.90   	 -45.78		
 14.04   	 49.13   	124.72   	  10.17		
 10.38   	 53.41   	124.76   	  66.12		
  7.02   	 57.37   	125.02   	  55.95		
  3.36   	 59.81   	125.25   	  -5.09		
 -1.22   	 59.81   	125.23   	 -50.86		
 -5.80   	 58.90   	125.02   	 -55.95		
-10.99   	 59.20   	124.80   	 -86.47		
-17.70   	 61.34   	124.46   	-137.33		
-26.25   	 62.56   	123.91   	-167.85		
-36.32   	 60.73   	123.23   	-188.20		
-45.17   	 56.76   	122.48   	-193.29		
-50.05   	 53.41   	121.71   	-218.72		
-50.66   	 52.80   	120.83   	-254.32		
-49.44   	 55.24   	119.82   	-305.19		
-50.96   	 57.07   	118.60   	-386.57		
-57.37   	 54.93   	117.05   	-467.95		
-66.22   	 47.91   	115.18   	-574.77		
-71.41   	 40.28   	112.88   	-671.41		
-70.19   	 36.62   	110.19   	-747.71		
-65.00   	 38.76   	107.20   	-783.31		
-60.42   	 44.86   	104.07   	-742.62		
-61.34   	 51.27   	101.10   	-569.68		
-66.83   	 55.24   	 98.82   	-122.07		
-71.41   	 57.07   	 98.33   	 640.89		
-69.89   	 58.59   	100.89   	1327.56		
-61.95   	 60.12   	106.21   	1403.86		
-50.35   	 60.73   	111.82   	 869.78		
-40.28   	 58.90   	115.30   	 -86.47		
-35.40   	 54.93   	114.95   	-1180.06		
-36.01   	 50.66   	110.23   	-1663.27		
-39.37   	 47.30   	103.58   	-1261.44		
-41.50   	 46.69   	 98.53   	-493.39		
-39.37   	 47.61   	 96.56   	 101.73		
-31.74   	 50.05   	 96.97   	 432.35		
-20.14   	 54.02   	 98.70   	 534.08		
 -7.93   	 59.20   	100.83   	 498.47		
  1.22   	 64.39   	102.83   	 330.62		
  3.97   	 67.44   	104.15   	  76.30		
 -2.14   	 66.83   	104.46   	-193.29		
-15.56   	 62.87   	103.68   	-340.79		
-32.04   	 58.29   	102.32   	-361.14		
-45.17   	 57.37   	100.87   	-300.10		
-51.27   	 61.65   	 99.67   	-213.63		
-50.96   	 69.58   	 98.82   	-178.03		
-47.30   	 75.68   	 98.11   	-233.98		
-43.64   	 76.90   	 97.17   	-228.89		
-42.42   	 72.33   	 96.26   	-162.77		
-43.03   	 66.22   	 95.60   	-111.90		
-42.42   	 61.95   	 95.16   	 -76.30		
-38.45   	 61.34   	 94.85   	 -66.12		
-30.21   	 63.78   	 94.59   	 -76.30		
-18.62   	 67.75   	 94.28   	 -40.69		
 -5.80   	 71.72   	 94.12   	  -5.09		
  6.41   	 74.46   	 94.10   	  -5.09		
 17.09   	 74.16   	 94.08   	 -30.52		
 25.33   	 69.27   	 93.96   	 -71.21		
 32.04   	 61.95   	 93.67   	-101.73		
 38.45   	 55.85   	 93.27   	-106.82		
 46.08   	 54.32   	 92.84   	-111.90		
 55.54   	 57.07   	 92.39   	-122.07		
 66.83   	 61.65   	 91.90   	-132.25		
 79.04   	 63.78   	 91.37   	-127.16		
 92.47   	 62.26   	 90.86   	-111.90		
107.42   	 58.59   	 90.42   	 -96.64		
124.51   	 55.54   	 90.03   	 -81.38		
142.21   	 54.93   	 89.70   	 -40.69		
159.91   	 56.15   	 89.54   	  35.61		
179.14   	 57.68   	 89.68   	  66.12		
198.06   	 57.68   	 89.95   	 -61.04		
214.54   	 55.24   	 89.70   	-396.74		
227.36   	 51.27   	 88.12   	-605.29		
238.34   	 47.61   	 85.70   	-386.57		
251.16   	 45.78   	 84.15   	 -30.52		
269.47   	 47.30   	 84.03   	 137.33		
294.80   	 51.27   	 84.58   	 162.77		
321.96   	 55.24   	 85.23   	 147.51		
343.32   	 57.37   	 85.82   	  71.21		
353.09   	 56.15   	 86.10   	 -35.61		
348.51   	 53.10   	 85.96   	-132.25		
332.34   	 49.74   	 85.43   	-188.20		
311.89   	 47.91   	 84.68   	-188.20		
292.66   	 47.61   	 83.93   	-167.85		
277.10   	 48.22   	 83.26   	-132.25		
261.84   	 48.22   	 82.73   	-101.73		
242.92   	 47.30   	 82.32   	 -66.12		
220.64   	 46.39   	 82.05   	 -30.52		
201.42   	 46.39   	 81.93   	 -15.26		
192.87   	 48.83   	 81.87   	 -15.26		
196.84   	 52.19   	 81.81   	 -35.61		
209.35   	 54.02   	 81.67   	 -50.86		
221.56   	 53.41   	 81.46   	 -66.12		
225.52   	 50.35   	 81.20   	 -76.30		
220.03   	 47.61   	 80.89   	 -76.30		
209.05   	 46.08   	 80.59   	 -86.47		
196.23   	 46.39   	 80.24   	 -96.64		
184.02   	 47.61   	 79.86   	 -86.47		
172.42   	 49.74   	 79.51   	 -81.38		
161.44   	 52.19   	 79.19   	 -66.12		
150.76   	 54.63   	 78.92   	 -61.04		
140.38   	 55.54   	 78.68   	 -55.95		
130.92   	 54.02   	 78.45   	 -55.95		
124.82   	 51.57   	 78.23   	 -66.12		
123.60   	 49.44   	 77.97   	 -61.04		
126.34   	 49.74   	 77.72   	 -55.95		
131.53   	 52.49   	 77.50   	 -61.04		
137.02   	 54.93   	 77.25   	 -61.04		
142.82   	 55.85   	 77.01   	 -61.04		
151.37   	 55.54   	 76.76   	 -61.04		
164.49   	 55.24   	 76.52   	 -50.86		
183.11   	 56.76   	 76.32   	 -61.04		
203.55   	 60.12   	 76.07   	 -55.95		
221.56   	 64.70   	 75.85   	 -50.86		
235.60   	 71.11   	 75.65   	 -66.12		
247.80   	 80.26   	 75.38   	 -71.21		
261.84   	 92.77   	 75.10   	 -61.04		
279.24   	107.12   	 74.85   	 -61.04		
299.68   	120.24   	 74.61   	 -61.04		
320.74   	128.78   	 74.36   	 -71.21		
339.97   	131.53   	 74.08   	 -76.30		
357.06   	131.53   	 73.77   	 -66.12		
371.70   	132.45   	 73.51   	 -50.86		
383.30   	138.55   	 73.31   	 -45.78		
391.85   	151.37   	 73.12   	 -40.69		
397.95   	169.07   	 72.96   	 -30.52		
402.22   	185.24   	 72.84   	 -35.61		
404.66   	192.26   	 72.70   	 -40.69		
404.97   	187.38   	 72.53   	 -40.69		
400.70   	174.87   	 72.37   	 -45.78		
392.46   	162.05   	 72.19   	 -45.78		
383.00   	156.56   	 72.00   	 -40.69		
373.84   	158.69   	 71.84   	 -45.78		
363.46   	162.35   	 71.66   	 -45.78		
347.90   	161.74   	 71.47   	 -30.52		
324.10   	153.20   	 71.35   	 -10.17		
293.88   	137.94   	 71.31   	   5.09		
263.98   	117.80   	 71.33   	  10.17		
239.87   	 94.60   	 71.37   	   0.00		
221.25   	 70.19   	 71.37   	 -10.17		
204.47   	 47.00   	 71.33   	   0.00		
186.77   	 29.60   	 71.33   	  10.17		
170.90   	 21.97   	 71.37   	  25.43		
160.52   	 23.50   	 71.47   	  15.26		
157.17   	 30.21   	 71.54   	   0.00		
157.78   	 37.84   	 71.54   	 -30.52		
155.33   	 46.08   	 71.41   	 -66.12		
144.35   	 60.73   	 71.15   	 -86.47		
131.23   	 91.55   	 70.80   	-111.90		
137.94   	146.18   	 70.36   	-122.07		
198.67   	228.27   	 69.87   	-116.99		
346.07   	337.83   	 69.40   	 -91.56		
593.26   	473.63   	 69.03   	 -35.61		
922.24   	629.88   	 68.89   	  10.17		
1282.04   	793.76   	 68.93   	  10.17		
1593.93   	942.38   	 68.97   	 -10.17		
1764.53(R)	1036.99   	 68.93   	 -15.26		
1709.59   	1027.53   	 68.87   	  10.17		
1401.06   	879.21   	 68.91   	   0.00		
903.32   	603.03   	 68.91   	 -20.35		
366.21   	266.42   	 68.83   	 -55.95		
-40.59   	-25.33   	 68.61   	-101.73		
-215.76   	-183.11   	 68.20   	-116.99		
-179.44   	-186.16   	 67.73   	 -71.21		
-44.86   	-89.72   	 67.45   	 -15.26		
 68.05   	 19.53   	 67.39   	  20.35		
102.54   	 79.04   	 67.47   	  40.69		
 75.07   	 77.82   	 67.63   	  15.26		
 34.18   	 43.64   	 67.69   	 -76.30		
 13.43   	 12.82   	 67.39   	-162.77		
 13.12   	  2.14   	 66.73   	 -50.86		
 17.09   	  7.02   	 66.53   	  81.38		
 13.43   	 14.65   	 66.86   	-142.42		
  3.36   	 16.48   	 66.29   	-310.27		
 -5.19   	 12.51   	 65.05   	 -91.56		
 -8.24   	  7.63   	 64.68(D)	 172.94		
 -7.93   	  6.41   	 65.37   	 417.09		
 -8.85   	  9.46   	 67.04   	 829.09		
-13.73   	 14.04   	 70.36   	1164.80		
-21.67   	 16.48   	 75.01   	1093.59		
-27.77   	 17.09   	 79.39   	 864.70		
-29.30   	 17.40   	 82.85   	 717.19		
-26.86   	 18.62   	 85.72   	 595.11		
-22.89   	 20.14   	 88.10   	 478.13		
-20.14   	 21.06   	 90.01   	 742.62		
-19.53   	 20.75   	 92.98   	1449.64		
-21.36   	 20.14   	 98.78   	1312.30		
-25.33   	 20.45   	104.03   	  35.61		
-30.52   	 22.89   	104.17   	-722.28		
-34.79   	 26.86   	101.28   	-569.68		
-37.84   	 30.82   	 99.00   	-340.79		
-38.76   	 32.96   	 97.64   	 -91.56		
-37.54   	 33.87   	 97.27   	 371.31		
-34.18   	 34.79   	 98.76   	 859.61		
-29.60   	 36.62   	102.20   	1134.28		
-24.11   	 40.59   	106.73   	1052.90		
-19.23   	 44.56   	110.95   	 783.31		
-15.87   	 47.00   	114.08   	 528.99		
-12.51   	 47.91   	116.19   	 340.79		
 -8.24   	 48.22   	117.56   	 147.51		
 -3.97   	 49.13   	118.15   	 -45.78		
 -0.61   	 50.66   	117.96   	-157.68		
  2.14   	 53.41   	117.33   	 -66.12		
  5.80   	 57.07   	117.07   	  76.30		
 11.60   	 61.65   	117.37   	 137.33		
 18.62   	 66.22   	117.92   	 203.46		
 24.41   	 71.11   	118.74   	 300.10		
 27.47   	 75.68   	119.94   	 386.57		
 28.69   	 79.65   	121.48   	 417.09		
 31.74   	 82.70   	123.15   	 361.14		
 39.67   	 85.14   	124.60   	 233.98		
 51.57   	 85.75   	125.53   	 188.20		
 61.95   	 85.14   	126.29   	 315.36		
 63.17   	 84.53   	127.55   	 427.26		
 52.49   	 85.75   	129.26   	 345.88		
 29.60   	 88.50   	130.64   	 116.99		
 -1.22   	 90.64   	131.11   	 -91.56		
-33.57   	 91.25   	130.74   	-172.94		
-58.90   	 90.94   	130.05   	-116.99		
-71.41   	 91.25   	129.58   	 -15.26		
-70.19   	 93.08   	129.52   	  61.04		
-58.29   	 94.60   	129.77   	  55.95		
-42.11   	 92.47   	129.99   	  35.61		
-27.16   	 87.59   	130.13   	  91.56		
-13.73   	 83.01   	130.50   	 111.90		
 -1.53   	 81.79   	130.95   	  61.04		
  9.46   	 84.23   	131.19(S)	 -20.35		
 19.23   	 86.98   	131.11   	 -91.56		
 29.30   	 87.89   	130.74   	-116.99		
 40.89   	 87.28   	130.27   	-111.90		
 54.32   	 86.67   	129.83   	 -66.12		
 66.83   	 86.67   	129.56   	 -50.86		
 73.85   	 87.28   	129.36   	 -55.95		
 72.33   	 86.36   	129.13   	 -25.43		
 62.26   	 83.92   	129.03   	  -5.09		
 47.91   	 80.87   	129.01   	 -30.52		
 34.79   	 78.74   	128.89   	 -86.47		
 25.94   	 78.13   	128.54   	-111.90		
 20.45   	 78.74   	128.10   	-116.99		
 14.65   	 79.04   	127.63   	-122.07		
  6.10   	 77.51   	127.14   	-137.33		
 -4.27   	 74.46   	126.59   	-172.94		
-13.12   	 71.11   	125.90   	-213.63		
-17.70   	 68.66   	125.05   	-249.24		
-19.23   	 67.75   	124.05   	-305.19		
-20.75   	 68.05   	122.83   	-391.66		
-25.94   	 68.05   	121.26   	-483.21		
-33.87   	 68.05   	119.33   	-579.86		
-41.81   	 67.14   	117.01   	-686.67		
-46.69   	 65.00   	114.26   	-768.05		
-49.44   	 61.34   	111.19   	-808.75		
-53.41   	 57.07   	107.95   	-813.83		
-59.51   	 54.32   	104.70   	-737.54		
-65.00   	 55.24   	101.75   	-396.74		
-68.97   	 59.51   	100.16   	 391.66		
-71.72   	 64.39   	101.73   	1271.61		
-74.46   	 66.53   	106.82   	1678.53		
-77.51   	 64.70   	113.53   	1449.64		
-80.26   	 61.04   	119.33   	 473.04		
-81.79   	 58.90   	121.22   	-971.51		
-82.70   	 59.81   	117.33   	-1948.11		
-82.09   	 63.48   	109.54   	-1897.25		
-79.04   	 68.05   	101.95   	-1078.33		
-75.38   	 71.11   	 97.64   	-198.37		
-75.07   	 72.33   	 96.85   	 391.66		
-78.13   	 71.72   	 98.41   	 686.67		
-79.96   	 70.19   	101.16   	 722.28		
-77.82   	 68.05   	104.05   	 595.11		
-73.24   	 66.83   	106.43   	 310.27		
-69.58   	 66.83   	107.67   	 -61.04		
-69.58   	 68.36   	107.43   	-356.05		
-68.97   	 70.80   	106.00   	-493.39		
-65.61   	 73.85   	104.03   	-513.73		
-60.73   	 76.90   	101.97   	-473.04		
-58.29   	 78.74   	100.08   	-386.57		
-58.59   	 78.43   	 98.53   	-244.15		
-58.29   	 76.90   	 97.56   	 -71.21		
-56.15   	 75.07   	 97.27   	  71.21		
-54.63   	 74.16   	 97.56   	 101.73		
-57.37   	 73.85   	 97.97   	  61.04		
-64.09   	 72.63   	 98.21   	   5.09		
-70.50   	 70.50   	 98.23   	 -55.95		
-73.24   	 68.66   	 98.01   	-111.90		
-71.11   	 68.36   	 97.56   	-172.94		
-65.00   	 70.50   	 96.87   	-172.94		
-57.37   	 73.55   	 96.17   	-147.51		
-51.27   	 75.07   	 95.58   	-116.99		
-50.66   	 74.16   	 95.12   	-106.82		
-56.46   	 71.11   	 94.69   	 -86.47		
-65.31   	 68.05   	 94.34   	 -71.21		
-74.46   	 66.22   	 94.06   	 -71.21		
-83.92   	 64.39   	 93.77   	 -76.30		
-92.47   	 62.26   	 93.47   	 -81.38		
-98.88   	 60.12   	 93.14   	-101.73		
-100.40   	 59.81   	 92.74   	-111.90		
-97.96   	 61.95   	 92.29   	-101.73		
-94.60   	 65.31   	 91.88   	-101.73		
-93.69   	 67.44   	 91.47   	-101.73		
-94.91   	 66.53   	 91.07   	-111.90		
-96.74   	 63.48   	 90.62   	-101.73		
-98.27   	 59.81   	 90.21   	 -91.56		
-101.62   	 57.37   	 89.85   	 -71.21		
-108.34   	 55.24   	 89.56   	 -35.61		
-116.27   	 54.02   	 89.42   	  10.17		
-122.38   	 53.71   	 89.46   	   5.09		
-125.12   	 54.93   	 89.48   	-157.68		
-124.21   	 57.68   	 88.85   	-427.26		
-122.07   	 60.73   	 87.14   	-513.73		
-122.38   	 61.65   	 85.09   	-289.93		
-124.51   	 60.42   	 83.93   	  25.43		
-126.04   	 57.98   	 84.03   	 167.85		
-125.73   	 55.85   	 84.70   	 157.68		
-124.51   	 55.54   	 85.33   	  71.21		
-123.29   	 55.85   	 85.62   	 -10.17		
-123.29   	 56.76   	 85.57   	-106.82		
-123.29   	 56.76   	 85.15   	-172.94		
-121.77   	 56.46   	 84.46   	-203.46		
-118.71   	 56.76   	 83.64   	-198.37		
-114.44   	 58.90   	 82.85   	-152.59		
-110.17   	 62.56   	 82.24   	 -96.64		
-106.20   	 65.61   	 81.85   	 -55.95		
-101.62   	 66.53   	 81.63   	 -25.43		
-95.83   	 64.39   	 81.53   	 -10.17		
-90.03   	 60.73   	 81.48   	 -10.17		
-86.06   	 57.37   	 81.44   	 -30.52		
-83.92   	 55.85   	 81.32   	 -71.21		
-80.87   	 56.76   	 81.04   	 -81.38		
-76.90   	 58.59   	 80.71   	 -81.38		
-73.55   	 61.04   	 80.39   	 -91.56		
-71.41   	 62.87   	 80.02   	-111.90		
-69.58   	 63.48   	 79.57   	-111.90		
-68.05   	 63.17   	 79.12   	 -91.56		
-65.92   	 62.87   	 78.76   	 -76.30		
-61.95   	 62.56   	 78.45   	 -66.12		
-56.76   	 62.87   	 78.19   	 -45.78		
-52.19   	 64.70   	 78.01   	 -30.52		
-48.52   	 66.83   	 77.88   	 -35.61		
-45.47   	 69.27   	 77.74   	 -45.78		
-41.81   	 71.11   	 77.56   	 -61.04		
-37.23   	 71.72   	 77.31   	 -71.21		
-30.82   	 71.11   	 77.03   	 -76.30		
-23.50   	 69.89   	 76.72   	 -96.64		
-17.09   	 68.36   	 76.34   	 -91.56		
-13.73   	 65.92   	 75.97   	 -86.47		
-13.73   	 62.87   	 75.63   	 -76.30		
-13.43   	 61.04   	 75.32   	 -55.95		
-11.60   	 62.87   	 75.10   	 -55.95		
 -6.71   	 70.80   	 74.87   	 -50.86		
  1.83   	 85.45   	 74.67   	 -45.78		
 12.21   	103.76   	 74.49   	 -40.69		
 20.75   	120.54   	 74.32   	 -40.69		
 25.94   	132.45   	 74.16   	 -40.69		
 28.69   	138.55   	 74.00   	 -40.69		
 30.21   	140.38   	 73.83   	 -45.78		
 29.91   	140.99   	 73.65   	 -50.86		
 28.99   	144.35   	 73.45   	 -61.04		
 27.77   	151.98   	 73.20   	 -71.21		
 26.25   	164.18   	 72.92   	 -76.30		
 25.94   	179.14   	 72.61   	 -71.21		
 28.08   	192.57   	 72.33   	 -55.95		
 32.96   	199.89   	 72.11   	 -40.69		
 39.37   	198.36   	 71.94   	 -35.61		
 45.17   	190.73   	 71.80   	 -30.52		
 48.22   	181.88   	 71.68   	 -20.35		
 47.00   	176.09   	 71.60   	 -15.26		
 42.11   	174.26   	 71.54   	  -5.09		
 34.48   	172.42   	 71.52   	  -5.09		
 25.94   	167.24   	 71.50   	  -5.09		
 15.26   	156.86   	 71.47   	  -5.09		
  1.53   	143.43   	 71.45   	   5.09		
-15.26   	128.17   	 71.47   	   0.00		
-31.74   	110.47   	 71.47   	  15.26		
-44.86   	 90.33   	 71.54   	  25.43		
-52.80   	 69.27   	 71.64   	  10.17		
-55.85   	 51.57   	 71.68   	 -10.17		
-56.46   	 41.50   	 71.64   	  -5.09		
-57.07   	 38.45   	 71.62   	  10.17		
-59.81   	 38.76   	 71.66   	  20.35		
-62.87   	 38.45   	 71.74   	   5.09		
-64.70   	 40.28   	 71.76   	 -25.43		
-66.22   	 52.80   	 71.66   	 -66.12		
-66.83   	 85.14   	 71.39   	-106.82		
-53.71   	141.60   	 70.97   	-137.33		
  1.83   	221.25   	 70.42   	-137.33		
135.19   	323.49   	 69.87   	-106.82		
368.35   	448.61   	 69.44   	 -45.78		
695.80   	594.48   	 69.26   	  -5.09		
1072.39   	752.26   	 69.24   	   5.09		
1419.68   	901.49   	 69.26   	   0.00		
1640.32   	1005.86   	 69.26   	 -30.52		
1641.85(R)	1017.15   	 69.14   	 -61.04		
1379.70   	895.69   	 68.89   	 -91.56		
899.35   	639.34   	 68.52   	-111.90		
340.27   	303.34   	 68.08   	-101.73		
-118.71   	-10.38   	 67.67   	 -76.30		
-351.26   	-201.42   	 67.36   	 -50.86		
-350.95   	-229.80   	 67.16   	 -25.43		
-219.12   	-138.24   	 67.06   	   0.00		
-85.75   	-15.56   	 67.06   	  10.17		
-27.47   	 62.87   	 67.10   	  15.26		
-42.72   	 73.85   	 67.16   	 -10.17		
-85.14   	 42.42   	 67.12   	 -61.04		
-112.61   	  7.93   	 66.88   	-122.07		
-114.14   	 -7.32   	 66.39   	-132.25		
-102.54   	 -4.27   	 65.86   	-172.94		
-93.38   	  4.27   	 65.17   	-239.06		
-92.47   	  8.85   	 64.21   	-193.29		
-97.35   	  7.02   	 63.44   	 -50.86		
-104.68   	  2.14   	 63.23(D)	 142.42		
-111.08   	 -3.05   	 63.80   	 462.87		
-115.66   	 -5.80   	 65.66   	 885.04		
-117.19   	 -5.49   	 69.20   	1220.75		
-115.97   	 -2.14   	 74.08   	1180.06		
-112.92   	  4.27   	 78.80   	 935.91		
-108.64   	 12.51   	 82.54   	 773.14		
-102.84   	 19.84   	 85.64   	 564.60		
-96.13   	 23.80   	 87.89   	 350.97		
-90.03   	 23.80   	 89.30   	 656.15		
-85.45   	 21.36   	 91.92   	1261.44		
-82.40   	 19.53   	 96.97   	 915.56		
-80.26   	 19.84   	100.63   	 122.07		
-79.04   	 22.28   	101.12   	 -91.56		
-79.04   	 25.63   	100.75   	-264.50		
-79.35   	 28.69   	 99.69   	-340.79		
-78.74   	 31.13   	 98.33   	  25.43		
-73.85   	 33.87   	 98.43   	 462.87		
-64.70   	 37.23   	100.28   	 742.62		
-56.15   	 40.59   	103.25   	 961.34		
-53.10   	 43.03   	107.10   	 961.34		
-56.15   	 43.95   	110.95   	 742.62		
-60.12   	 44.25   	113.92   	 534.08		
-59.20   	 45.47   	116.05   	 381.48		
-52.49   	 47.30   	117.58   	 183.11		
-43.03   	 49.44   	118.31   	 -20.35		
-35.10   	 50.96   	118.23   	-157.68		
-31.13   	 52.80   	117.60   	-193.29		
-29.30   	 57.07   	116.83   	-157.68		
-25.33   	 64.39   	116.19   	  50.86		
-17.40   	 71.72   	116.40   	 406.92		
 -7.63   	 76.90   	118.03   	 610.37		
  1.53   	 78.74   	120.47   	 544.25		
  7.93   	 78.74   	122.64   	 478.13		
 11.90   	 79.04   	124.56   	 447.61		
 15.26   	 79.96   	126.35   	 254.32		
 19.53   	 80.57   	127.36   	  91.56		
 24.72   	 79.65   	127.73   	  96.64		
 29.60   	 78.43   	128.12   	 147.51		
 33.87   	 79.35   	128.71   	 203.46		
 36.32   	 83.92   	129.52   	 223.80		
 36.32   	 90.03   	130.42   	 111.90		
 32.65   	 94.60   	130.86   	  10.17		
 26.55   	 93.99   	130.90(S)	 -35.61		
 20.45   	 88.20   	130.76   	 -86.47		
 15.87   	 81.79   	130.42   	 -66.12		
 14.04   	 77.82   	130.15   	  10.17		
 12.51   	 77.21   	130.19   	  20.35		
  8.24   	 77.82   	130.27   	  30.52		
  0.00   	 76.60   	130.40   	  45.78		
-12.21   	 73.24   	130.58   	   0.00		
-26.55   	 69.58   	130.58   	 -30.52		
-40.28   	 69.27   	130.46   	  -5.09		
-51.88   	 72.94   	130.44   	   0.00		
-60.73   	 79.65   	130.44   	 -61.04		
-66.53   	 86.06   	130.19   	 -96.64		
-70.80   	 90.33   	129.81   	 -81.38		
-74.46   	 92.77   	129.48   	 -61.04		
-78.74   	 94.91   	129.24   	 -66.12		
-84.23   	 97.05   	128.97   	 -50.86		
-91.25   	 97.66   	128.77   	 -61.04		
-98.88   	 95.52   	128.52   	 -86.47		
-104.98   	 91.55   	128.18   	 -96.64		
-108.64   	 88.20   	127.79   	 -81.38		
-111.08   	 87.59   	127.47   	 -81.38		
-114.75   	 89.42   	127.14   	-137.33		
-120.85   	 91.25   	126.59   	-198.37		
-129.09   	 91.25   	125.80   	-249.24		
-136.11   	 89.42   	124.80   	-259.41		
-139.16   	 87.89   	123.76   	-289.93		
-137.33   	 86.67   	122.60   	-340.79		
-133.06   	 85.75   	121.24   	-422.18		
-129.39   	 83.92   	119.55   	-488.30		
-128.48   	 80.87   	117.60   	-554.42		
-130.62   	 77.51   	115.38   	-651.07		
-134.89   	 75.07   	112.78   	-757.88		
-140.38   	 74.16   	109.75   	-788.40		
-145.57   	 73.85   	106.59   	-742.62		
-150.76   	 73.24   	103.62   	-508.65		
-155.64   	 72.33   	101.59   	  91.56		
-159.00   	 72.02   	101.95   	 976.60		
-158.39   	 73.55   	105.86   	1531.02		
-154.72   	 76.90   	111.98   	1312.30		
-149.54   	 80.57   	117.23   	 467.95		
-145.26   	 81.18   	119.10   	-727.36		
-144.65   	 78.43   	116.19   	-1612.40		
-146.48   	 73.85   	109.75   	-1561.54		
-147.71   	 70.80   	103.50   	-829.09		
-146.48   	 72.02   	100.18   	-101.73		
-143.13   	 76.60   	 99.78   	 325.53		
-138.24   	 82.09   	101.08   	 488.30		
-132.75   	 86.67   	103.03   	 478.13		
-129.09   	 89.42   	104.94   	 371.31		
-128.48   	 90.94   	106.43   	 188.20		
-130.92   	 91.55   	107.18   	 -66.12		
-134.28   	 91.55   	106.92   	-310.27		
-136.11   	 90.03   	105.68   	-442.52		
-133.97   	 87.59   	103.91   	-457.78		
-130.00   	 85.45   	102.07   	-391.66		
-127.56   	 85.45   	100.51   	-305.19		
-127.87   	 88.50   	 99.29   	-208.54		
-130.00   	 93.38   	 98.45   	 -91.56		
-131.23   	 97.35   	 98.09   	   0.00		
-131.23   	 97.96   	 98.09   	  15.26		
-131.23   	 94.60   	 98.15   	 -10.17		
-132.45   	 89.42   	 98.11   	 -35.61		
-134.28   	 86.06   	 97.97   	 -71.21		
-135.19   	 86.98   	 97.68   	-122.07		
-134.28   	 92.16   	 97.19   	-167.85		
-132.14   	 98.57   	 96.52   	-183.11		
-129.70   	102.54   	 95.79   	-162.77		
-129.39   	101.93   	 95.14   	-132.25		
-132.75   	 95.83   	 94.61   	-111.90		
-138.85   	 87.89   	 94.16   	 -96.64		
-144.96   	 81.79   	 93.77   	-101.73		
-147.40   	 79.35   	 93.37   	-116.99		
-144.96   	 80.26   	 92.90   	-106.82		
-139.77   	 82.70   	 92.47   	 -86.47		
-135.80   	 84.84   	 92.13   	-101.73		
-136.41   	 86.67   	 91.72   	-127.16		
-140.69   	 88.20   	 91.21   	-116.99		
-145.57   	 88.81   	 90.74   	-106.82		
-148.01   	 87.59   	 90.32   	 -91.56		
-147.09   	 84.23   	 89.95   	 -96.64		
-145.26   	 79.35   	 89.56   	-101.73		
-145.26   	 75.68   	 89.16   	-122.07		
-148.32   	 74.77   	 88.67   	-122.07		
-153.81   	 77.21   	 88.18   	-101.73		
-158.39   	 80.87   	 87.77   	 -91.56		
-159.91   	 82.70   	 87.41   	 -96.64		
-157.78   	 80.57   	 87.02   	-101.73		
-155.03   	 75.38   	 86.61   	 -86.47		
-153.20   	 71.41   	 86.27   	 -86.47		
-152.28   	 71.72   	 85.92   	 -71.21		
-151.06   	 75.99   	 85.64   	 -61.04		
-150.76   	 80.26   	 85.39   	 -45.78		
-153.20   	 81.48   	 85.21   	 -30.52		
-158.39   	 78.74   	 85.09   	   5.09		
-163.27   	 74.46   	 85.11   	   5.09		
-164.18   	 71.41   	 85.13   	 -96.64		
-159.91   	 70.19   	 84.74   	-259.41		
-153.50   	 69.58   	 83.70   	-350.97		
-149.84   	 69.27   	 82.30   	-244.15		
-151.98   	 69.89   	 81.32   	 -30.52		
-157.47   	 71.72   	 81.20   	 101.73		
-161.74   	 74.46   	 81.61   	 111.90		
-161.74   	 76.29   	 82.05   	  71.21		
-157.17   	 77.21   	 82.34   	   0.00		
-150.45   	 77.51   	 82.34   	 -61.04		
-146.48   	 77.82   	 82.10   	-106.82		
-146.48   	 79.35   	 81.67   	-152.59		
-149.23   	 81.79   	 81.06   	-162.77		
-151.06   	 84.23   	 80.41   	-147.51		
-149.23   	 84.84   	 79.82   	-132.25		
-145.57   	 82.70   	 79.29   	-111.90		
-144.65   	 78.74   	 78.84   	 -91.56		
-147.71   	 75.68   	 78.47   	 -61.04		
-152.28   	 75.38   	 78.23   	 -45.78		
-154.72   	 76.60   	 78.05   	 -40.69		
-154.72   	 75.99   	 77.88   	 -50.86		
-153.81   	 71.11   	 77.68   	 -66.12		
-152.89   	 66.22   	 77.42   	 -61.04		
-149.84   	 66.83   	 77.17   	 -61.04		
-143.43   	 74.77   	 76.93   	 -61.04		
-134.89   	 85.45   	 76.68   	 -66.12		
-130.00   	 91.55   	 76.42   	 -71.21		
-132.14   	 89.42   	 76.13   	 -81.38		
-137.94   	 82.40   	 75.81   	 -81.38		
-141.60   	 77.21   	 75.48   	 -66.12		
-139.47   	 78.43   	 75.22   	 -61.04		
-132.75   	 83.92   	 74.97   	 -50.86		
-125.43   	 90.64   	 74.77   	 -50.86		
-119.93   	 97.35   	 74.57   	 -50.86		
-115.97   	105.90   	 74.36   	 -45.78		
-111.69   	117.49   	 74.18   	 -35.61		
-105.90   	132.14   	 74.04   	 -40.69		
-97.96   	144.96   	 73.88   	 -45.78		
-89.11   	152.28   	 73.69   	 -50.86		
-80.57   	153.50   	 73.49   	 -40.69		
-74.16   	152.59   	 73.33   	 -45.78		
-71.11   	155.33   	 73.14   	 -55.95		
-70.50   	165.41   	 72.92   	 -61.04		
-70.50   	180.97   	 72.68   	 -55.95		
-67.75   	197.75   	 72.45   	 -50.86		
-61.65   	209.05   	 72.25   	 -45.78		
-54.93   	209.96   	 72.06   	 -40.69		
-50.96   	201.72   	 71.90   	 -50.86		
-51.57   	189.51   	 71.70   	 -45.78		
-54.32   	180.66   	 71.52   	 -45.78		
-55.24   	179.14   	 71.33   	 -50.86		
-51.88   	183.41   	 71.13   	 -40.69		
-47.91   	186.77   	 70.97   	 -40.69		
-49.13   	182.80   	 70.80   	 -25.43		
-59.51   	169.07   	 70.70   	 -10.17		
-77.51   	149.84   	 70.66   	   0.00		
-95.52   	130.92   	 70.66   	  15.26		
-107.73   	115.66   	 70.72   	  20.35		
-112.30   	103.45   	 70.80   	  25.43		
-112.30   	 90.64   	 70.91   	  20.35		
-112.30   	 75.38   	 70.99   	  15.26		
-113.83   	 58.90   	 71.05   	   5.09		
-115.05   	 44.86   	 71.07   	 -15.26		
-113.53   	 37.23   	 71.01   	 -15.26		
-110.17   	 38.76   	 70.95   	 -15.26		
-108.34   	 51.57   	 70.88   	 -30.52		
-110.78   	 78.13   	 70.76   	 -55.95		
-110.78   	120.85   	 70.54   	 -91.56		
-86.67   	180.97   	 70.17   	-111.90		
 -5.49   	261.54   	 69.73   	-116.99		
162.05   	366.52   	 69.26   	 -96.64		
424.50   	498.35   	 68.87   	 -50.86		
759.28   	652.16   	 68.67   	 -20.35		
1113.28   	812.99   	 68.59   	  -5.09		
1409.30   	955.20   	 68.57   	 -15.26		
1557.01(R)	1039.12   	 68.50   	 -25.43		
1478.88   	1018.37   	 68.40   	 -40.69		
1154.48   	863.65   	 68.24   	 -50.86		
655.21   	588.99   	 68.04   	 -55.95		
130.62   	261.54   	 67.81   	 -30.52		
-252.38   	-16.78   	 67.69   	 -20.35		
-400.70   	-160.83   	 67.61   	  -5.09		
-341.49   	-152.89   	 67.59   	 -10.17		
-188.60   	-50.66   	 67.55   	 -20.35		
-61.65   	 59.51   	 67.47   	 -30.52		
-16.17   	115.36   	 67.34   	 -30.52		
-37.84   	106.51   	 67.22   	 -45.78		
-78.74   	 63.17   	 67.04   	 -91.56		
-103.76   	 22.89   	 66.67   	-132.25		
-105.90   	  4.88   	 66.14   	-137.33		
-96.74   	  5.19   	 65.59   	-127.16		
-88.81   	 12.21   	 65.09   	-132.25		
-86.06   	 18.31   	 64.56   	 -86.47		
-86.67   	 20.75   	 64.21(D)	  10.17		
-86.98   	 21.67   	 64.25   	  91.56		
-86.06   	 21.97   	 64.62   	 320.45		
-85.45   	 21.36   	 65.90   	 707.02		
-86.98   	 19.84   	 68.73   	 920.65		
-90.94   	 17.40   	 72.41   	 773.14		
-93.38   	 16.48   	 75.50   	 645.98		
-90.33   	 18.92   	 78.09   	 712.10		
-81.79   	 24.11   	 80.94   	 747.71		
-71.72   	 28.99   	 83.93   	 696.84		
-65.00   	 32.04   	 86.71   	 666.32		
-63.48   	 31.43   	 89.38   	 890.13		
-65.31   	 28.99   	 92.94   	1113.93		
-65.61   	 26.86   	 97.40   	 844.35		
-62.56   	 26.25   	100.77   	 264.50		
-56.15   	 28.69   	101.83   	-284.84		
-49.74   	 32.96   	100.69   	-412.00		
-46.08   	 38.15   	 99.04   	-122.07		
-45.47   	 41.50   	 98.56   	 218.72		
-46.69   	 42.11   	 99.43   	 513.73		
-45.47   	 41.20   	101.48   	 757.88		
-39.67   	 40.89   	104.52   	 834.18		
-29.60   	 43.95   	107.85   	 717.19		
-18.01   	 50.05   	110.72   	 554.42		
 -8.85   	 57.07   	112.94   	 417.09		
 -4.88   	 62.26   	114.61   	 279.75		
 -5.19   	 64.09   	115.73   	 106.82		
 -7.02   	 63.48   	116.15   	 -25.43		
 -7.02   	 62.26   	116.05   	  20.35		
 -3.05   	 61.95   	116.13   	 152.59		
  5.80   	 64.09   	116.74   	 218.72		
 17.40   	 69.89   	117.62   	 239.06		
 27.77   	 78.13   	118.58   	 233.98		
 33.87   	 85.45   	119.51   	 249.24		
 35.40   	 87.28   	120.51   	 320.45		
 35.40   	 81.79   	121.79   	 284.84		
 37.84   	 72.33   	122.93   	 116.99		
 43.33   	 66.53   	123.40   	  55.95		
 48.83   	 68.05   	123.62   	 183.11		
 51.57   	 77.21   	124.35   	 305.19		
 50.66   	 87.89   	125.57   	 279.75		
 47.30   	 93.99   	126.69   	 152.59		
 43.95   	 93.99   	127.30   	 -15.26		
 42.11   	 90.03   	127.24   	-142.42		
 41.50   	 86.67   	126.67   	-127.16		
 40.89   	 85.45   	126.16   	  -5.09		
 39.98   	 86.06   	126.14   	  86.47		
 37.23   	 85.75   	126.49   	 111.90		
 31.13   	 83.31   	126.94   	 132.25		
 21.36   	 79.96   	127.47   	 147.51		
  8.24   	 76.60   	128.06   	 137.33		
 -4.88   	 75.07   	128.61   	  76.30		
-16.48   	 75.38   	128.91(S)	 -15.26		
-25.02   	 75.68   	128.85   	 -81.38		
-30.52   	 75.99   	128.52   	-137.33		
-34.79   	 75.99   	127.98   	-137.33		
-40.28   	 76.29   	127.43   	 -66.12		
-48.22   	 77.51   	127.16   	  -5.09		
-58.29   	 79.65   	127.14   	 -40.69		
-70.50   	 80.57   	126.98   	 -55.95		
-82.40   	 79.35   	126.75   	 -10.17		
-92.77   	 76.90   	126.71   	  10.17		
-100.71   	 75.38   	126.75   	 -35.61		
-104.37   	 75.99   	126.61   	 -96.64		
-104.37   	 78.43   	126.23   	-142.42		
-104.37   	 80.26   	125.66   	-167.85		
-108.34   	 79.35   	124.98   	-188.20		
-117.49   	 75.68   	124.23   	-223.80		
-130.00   	 72.02   	123.34   	-259.41		
-140.99   	 69.27   	122.30   	-300.10		
-145.57   	 68.36   	121.10   	-350.97		
-144.04   	 67.44   	119.69   	-427.26		
-140.08   	 65.31   	117.99   	-534.08		
-137.33   	 61.95   	115.85   	-640.89		
-139.16   	 57.68   	113.29   	-747.71		
-143.43   	 54.02   	110.29   	-824.00		
-147.40   	 52.49   	107.00   	-844.35		
-148.32   	 53.71   	103.62   	-737.54		
-145.26   	 57.68   	100.67   	-386.57		
-140.38   	 63.17   	 99.12   	 305.19		
-137.02   	 67.44   	100.35   	1164.80		
-135.80   	 68.97   	105.00   	1653.10		
-136.41   	 68.66   	111.62   	1353.00		
-137.63   	 66.83   	117.03   	 396.74		
-138.24   	 65.61   	118.62   	-869.78		
-138.24   	 64.39   	115.14   	-1729.39		
-137.94   	 64.70   	108.22   	-1602.23		
-135.50   	 66.53   	101.81   	-849.44		
-130.62   	 69.89   	 98.41   	-116.99		
-124.51   	 73.55   	 97.94   	 366.22		
-119.93   	 75.38   	 99.41   	 579.86		
-117.80   	 74.77   	101.73   	 610.37		
-115.66   	 73.85   	104.17   	 467.95		
-111.69   	 75.38   	106.04   	 213.63		
-104.68   	 80.87   	106.90   	 -76.30		
-97.35   	 88.20   	106.59   	-284.84		
-94.91   	 93.08   	105.45   	-356.05		
-98.88   	 92.16   	104.03   	-340.79		
-106.51   	 85.75   	102.66   	-356.05		
-111.39   	 77.51   	101.24   	-356.05		
-106.81   	 73.55   	 99.82   	-289.93		
-92.16   	 76.60   	 98.66   	-172.94		
-74.16   	 84.84   	 97.97   	 -86.47		
-62.26   	 91.86   	 97.62   	 -45.78		
-61.34   	 93.08   	 97.44   	 -40.69		
-69.89   	 88.20   	 97.27   	 -45.78		
-80.87   	 80.57   	 97.09   	 -45.78		
-86.36   	 75.38   	 96.91   	 -50.86		
-85.75   	 74.46   	 96.70   	 -66.12		
-82.70   	 76.29   	 96.44   	 -86.47		
-80.57   	 78.74   	 96.09   	-101.73		
-79.65   	 79.96   	 95.69   	-111.90		
-79.04   	 80.57   	 95.24   	-111.90		
-77.82   	 81.18   	 94.79   	-111.90		
-76.60   	 81.48   	 94.34   	-116.99		
-76.60   	 81.18   	 93.88   	-111.90		
-78.13   	 79.65   	 93.43   	-101.73		
-79.35   	 77.21   	 93.02   	 -96.64		
-78.43   	 74.46   	 92.63   	 -86.47		
-76.90   	 71.41   	 92.29   	 -91.56		
-76.90   	 68.05   	 91.92   	 -76.30		
-79.65   	 64.09   	 91.62   	 -61.04		
-82.70   	 61.34   	 91.37   	 -55.95		
-82.70   	 61.65   	 91.15   	 -35.61		
-78.43   	 65.00   	 91.01   	  10.17		
-73.55   	 68.97   	 91.05   	  66.12		
-73.55   	 69.89   	 91.31   	 -10.17		
-79.65   	 66.83   	 91.27   	-350.97		
-86.98   	 61.65   	 89.87   	-651.07		
-90.33   	 57.68   	 87.26   	-503.56		
-87.28   	 57.07   	 85.25   	-106.82		
-81.18   	 58.59   	 84.82   	 142.42		
-77.21   	 60.12   	 85.39   	 208.54		
-76.29   	 60.73   	 86.23   	 193.29		
-76.90   	 62.26   	 87.00   	 111.90		
-78.13   	 65.00   	 87.45   	  -5.09		
-81.48   	 67.44   	 87.43   	-122.07		
-87.59   	 68.36   	 86.94   	-198.37		
-93.08   	 66.53   	 86.14   	-208.54		
-93.08   	 62.87   	 85.31   	-193.29		
-86.36   	 59.20   	 84.54   	-152.59		
-77.82   	 56.15   	 83.93   	-116.99		
-73.55   	 54.02   	 83.46   	 -81.38		
-75.99   	 53.10   	 83.13   	 -40.69		
-81.48   	 53.71   	 82.97   	 -20.35		
-85.45   	 56.76   	 82.89   	 -15.26		
-85.75   	 61.04   	 82.83   	 -25.43		
-83.01   	 64.39   	 82.73   	 -40.69		
-79.96   	 64.39   	 82.56   	 -61.04		
-77.21   	 60.73   	 82.32   	 -71.21		
-74.16   	 55.85   	 82.03   	 -86.47		
-71.72   	 52.80   	 81.69   	 -86.47		
-72.33   	 53.41   	 81.34   	 -96.64		
-76.29   	 56.76   	 80.96   	 -81.38		
-81.79   	 59.81   	 80.63   	 -71.21		
-85.14   	 61.65   	 80.35   	 -50.86		
-83.62   	 62.56   	 80.14   	 -45.78		
-78.74   	 62.56   	 79.96   	 -45.78		
-72.94   	 62.26   	 79.78   	 -45.78		
-68.66   	 61.65   	 79.59   	 -45.78		
-67.14   	 60.12   	 79.41   	 -55.95		
-68.05   	 58.29   	 79.19   	 -61.04		
-70.80   	 57.98   	 78.94   	 -66.12		
-72.94   	 60.12   	 78.68   	 -81.38		
-72.94   	 64.09   	 78.35   	 -76.30		
-70.19   	 68.97   	 78.05   	 -55.95		
-67.14   	 72.33   	 77.82   	 -40.69		
-66.53   	 73.85   	 77.66   	 -25.43		
-67.75   	 75.38   	 77.56   	 -30.52		
-66.22   	 82.40   	 77.44   	 -30.52		
-59.81   	 97.05   	 77.31   	 -40.69		
-50.05   	115.97   	 77.15   	 -50.86		
-40.89   	132.45   	 76.95   	 -66.12		
-36.01   	140.99   	 76.68   	 -81.38		
-33.87   	140.69   	 76.36   	 -76.30		
-29.60   	136.72   	 76.05   	 -71.21		
-20.75   	134.58   	 75.77   	 -66.12		
 -9.46   	138.85   	 75.50   	 -50.86		
 -0.92   	149.84   	 75.30   	 -40.69		
  1.53   	164.49   	 75.14   	 -30.52		
 -1.83   	178.83   	 75.01   	 -35.61		
 -7.32   	187.07   	 74.87   	 -35.61		
-10.68   	185.24   	 74.73   	 -35.61		
 -9.46   	176.09   	 74.59   	 -50.86		
 -4.27   	165.41   	 74.38   	 -61.04		
  3.36   	159.61   	 74.14   	 -71.21		
  9.46   	159.30   	 73.86   	 -76.30		
 11.90   	160.22   	 73.55   	 -61.04		
  8.24   	157.78   	 73.31   	 -35.61		
 -2.75   	149.84   	 73.16   	 -20.35		
-20.75   	138.24   	 73.08   	   5.09		
-42.42   	124.51   	 73.10   	  20.35		
-63.78   	107.73   	 73.18   	  40.69		
-79.96   	 86.67   	 73.35   	  40.69		
-87.89   	 63.17   	 73.51   	  45.78		
-87.89   	 43.03   	 73.69   	   0.00		
-83.31   	 30.82   	 73.69   	 -96.64		
-78.43   	 28.08   	 73.31   	-127.16		
-75.99   	 30.52   	 72.80   	 -71.21		
-76.60   	 33.57   	 72.51   	 -30.52		
-79.65   	 36.62   	 72.39   	 -25.43		
-86.06   	 43.95   	 72.29   	 -30.52		
-93.38   	 64.70   	 72.17   	 -35.61		
-88.81   	106.81   	 72.02   	 -66.12		
-45.47   	173.65   	 71.76   	 -86.47		
 68.97   	266.11   	 71.41   	 -81.38		
275.57   	383.91   	 71.09   	 -55.95		
569.76   	523.99   	 70.86   	 -30.52		
917.05   	678.71   	 70.74   	 -10.17		
1257.32   	832.82   	 70.70   	 -25.43		
1509.70   	958.86   	 70.60   	 -30.52		
1582.95(R)	1010.44   	 70.48   	 -25.43		
1409.61   	939.64   	 70.38   	 -25.43		
1000.06   	728.76   	 70.27   	 -30.52		
463.26   	416.26   	 70.15   	 -50.86		
-26.55   	 93.99   	 69.95   	 -66.12		
-317.38   	-131.23   	 69.68   	 -76.30		
-364.99   	-201.11   	 69.38   	 -61.04		
-247.80   	-138.85   	 69.14   	 -30.52		
-98.57   	-25.63   	 69.01   	  -5.09		
-15.56   	 58.29   	 68.99   	  20.35		
-16.78   	 77.51   	 69.07   	  30.52		
-59.51   	 47.00   	 69.20   	   0.00		
-94.30   	  5.80   	 69.20   	 -91.56		
-99.79   	-17.40   	 68.83   	 -91.56		
-85.45   	-16.78   	 68.46   	  61.04		
-71.41   	 -4.58   	 68.71   	 -30.52		
-68.36   	  6.10   	 68.59   	-269.58		
-73.85   	  8.54   	 67.51   	-213.63		
-80.87   	  3.97   	 66.65   	  -5.09		
-83.31   	 -2.75   	 66.63(D)	 178.03		
-79.96   	 -6.41   	 67.34   	 498.47		
-74.16   	 -5.80   	 69.34   	 930.82		
-71.11   	 -3.36   	 73.06   	1083.41		
-72.63   	 -1.53   	 77.40   	 935.91		
-76.90   	 -0.92   	 81.14   	 849.44		
-79.35   	 -0.92   	 84.54   	 727.36		
-76.90   	 -1.83   	 87.45   	 544.25		
-70.80   	 -2.14   	 89.62   	 534.08		
-64.09   	  0.31   	 91.76   	 885.04		
-59.81   	  5.80   	 95.30   	1439.47		
-57.37   	 14.04   	101.06   	1149.54		
-53.10   	 21.97   	105.66   	 -71.21		
-46.08   	 25.94   	105.37   	-742.62		
-37.84   	 25.33   	102.40   	-523.90		
-32.35   	 23.50   	100.30   	-203.46		
-31.43   	 23.50   	 99.49   	 127.16		
-32.96   	 26.55   	100.00   	 569.68		
-32.96   	 31.43   	102.28   	 956.25		
-28.38   	 35.71   	106.10   	1032.55		
-21.06   	 38.15   	110.23   	 829.09		
-14.34   	 39.98   	113.55   	 579.86		
-10.07   	 42.42   	115.87   	 361.14		
 -6.71   	 45.78   	117.31   	 208.54		
 -1.83   	 49.74   	118.15   	  40.69		
  5.19   	 54.02   	118.31   	 -86.47		
 13.43   	 57.98   	117.96   	 -25.43		
 21.06   	 62.26   	117.86   	 142.42		
 27.47   	 66.53   	118.43   	 198.37		
 34.48   	 69.89   	119.23   	 162.77		
 41.81   	 72.63   	119.88   	 259.41		
 48.52   	 74.77   	120.92   	 473.04		
 53.41   	 77.21   	122.81   	 539.16		
 57.07   	 80.57   	124.96   	 366.22		
 59.81   	 83.92   	126.43   	 147.51		
 63.78   	 87.28   	127.02   	  61.04		
 69.58   	 90.33   	127.26   	 162.77		
 77.21   	 94.60   	127.91   	 310.27		
 85.75   	 99.49   	129.16   	 320.45		
 93.38   	104.06   	130.44   	 274.67		
 97.05   	106.20   	131.54   	 183.11		
 95.83   	106.20   	132.27   	  50.86		
 90.94   	105.90   	132.47   	 -50.86		
 85.14   	107.42   	132.27   	 -96.64		
 81.48   	110.47   	131.88   	 -66.12		
 80.57   	112.30   	131.62   	  66.12		
 79.96   	111.08   	131.88   	 142.42		
 75.99   	106.81   	132.45   	  61.04		
 66.83   	101.62   	132.70   	 -10.17		
 53.41   	 97.66   	132.65   	 -15.26		
 39.67   	 96.13   	132.59   	  -5.09		
 29.30   	 95.83   	132.57   	   0.00		
 23.80   	 95.83   	132.57   	  15.26		
 20.75   	 95.83   	132.63   	  45.78		
 15.87   	 95.83   	132.82   	  25.43		
  7.02   	 95.83   	132.92(S)	 -55.95		
 -5.19   	 95.83   	132.70   	 -86.47		
-17.70   	 95.21   	132.35   	 -61.04		
-27.47   	 94.30   	132.11   	 -45.78		
-32.96   	 93.08   	131.92   	 -55.95		
-35.71   	 91.25   	131.70   	 -55.95		
-37.84   	 88.81   	131.47   	 -61.04		
-41.50   	 85.75   	131.23   	 -81.38		
-47.00   	 82.40   	130.90   	-101.73		
-53.71   	 78.74   	130.50   	-142.42		
-60.42   	 75.38   	129.93   	-167.85		
-66.22   	 72.63   	129.26   	-193.29		
-71.11   	 70.80   	128.48   	-213.63		
-73.85   	 71.11   	127.63   	-244.15		
-75.07   	 72.94   	126.65   	-300.10		
-76.29   	 74.77   	125.45   	-376.40		
-79.35   	 74.16   	123.95   	-457.78		
-85.75   	 69.58   	122.12   	-554.42		
-92.16   	 62.87   	119.90   	-661.24		
-93.69   	 58.90   	117.25   	-778.23		
-87.59   	 61.04   	114.14   	-869.78		
-77.21   	 68.05   	110.66   	-895.22		
-70.19   	 74.46   	107.08   	-768.05		
-72.33   	 75.68   	104.01   	-371.31		
-81.18   	 72.02   	102.52   	 473.04		
-88.20   	 67.75   	104.41   	1419.12		
-86.98   	 67.44   	110.09   	1719.22		
-79.04   	 70.80   	116.97   	1236.01		
-71.11   	 73.85   	121.91   	 198.37		
-70.19   	 73.85   	122.71   	-1159.71		
-75.99   	 70.50   	118.07   	-1963.37		
-82.09   	 67.44   	110.21   	-1678.53		
-83.31   	 68.36   	103.50   	-808.75		
-78.74   	 72.63   	100.26   	 -20.35		
-72.02   	 78.13   	100.18   	 467.95		
-68.66   	 81.79   	102.05   	 676.50		
-70.19   	 81.18   	104.76   	 640.89		
-75.07   	 77.51   	107.32   	 442.52		
-79.04   	 72.94   	109.09   	 162.77		
-79.04   	 70.80   	109.75   	-127.16		
-74.46   	 71.72   	109.24   	-356.05		
-68.36   	 75.07   	107.81   	-483.21		
-64.70   	 79.04   	105.88   	-503.56		
-65.31   	 82.40   	103.87   	-447.61		
-68.66   	 85.45   	102.07   	-356.05		
-72.63   	 87.89   	100.65   	-223.80		
-75.68   	 88.81   	 99.76   	 -71.21		
-76.29   	 86.98   	 99.47   	  45.78		
-73.85   	 82.70   	 99.65   	  86.47		
-68.97   	 77.82   	100.00   	  50.86		
-62.26   	 75.07   	100.20   	 -10.17		
-57.37   	 75.38   	100.16   	 -50.86		
-56.76   	 77.51   	 99.96   	 -91.56		
-61.95   	 80.26   	 99.59   	-132.25		
-69.58   	 81.48   	 99.06   	-167.85		
-75.68   	 81.18   	 98.39   	-167.85		
-76.60   	 79.04   	 97.72   	-142.42		
-73.24   	 75.07   	 97.15   	-116.99		
-69.89   	 69.27   	 96.68   	 -91.56		
-70.19   	 63.48   	 96.32   	 -81.38		
-74.77   	 59.51   	 95.99   	 -81.38		
-81.48   	 59.81   	 95.67   	 -91.56		
-86.06   	 64.09   	 95.30   	-101.73		
-86.67   	 70.50   	 94.89   	 -91.56		
-83.62   	 75.68   	 94.53   	-101.73		
-79.35   	 76.90   	 94.12   	-122.07		
-76.29   	 73.85   	 93.63   	-132.25		
-74.77   	 68.36   	 93.10   	-137.33		
-75.38   	 62.56   	 92.55   	-137.33		
-77.51   	 59.20   	 92.00   	-122.07		
-80.26   	 59.20   	 91.52   	-111.90		
-81.79   	 62.26   	 91.07   	-116.99		
-81.18   	 67.14   	 90.60   	 -96.64		
-77.82   	 72.02   	 90.21   	 -86.47		
-73.85   	 74.46   	 89.87   	-101.73		
-72.33   	 73.55   	 89.46   	-116.99		
-74.77   	 68.36   	 88.99   	-111.90		
-79.04   	 61.65   	 88.54   	-101.73		
-81.48   	 56.76   	 88.14   	 -96.64		
-80.57   	 55.54   	 87.75   	 -86.47		
-78.74   	 56.46   	 87.41   	 -71.21		
-78.74   	 58.29   	 87.12   	 -40.69		
-81.79   	 59.20   	 86.96   	 -10.17		
-86.06   	 58.90   	 86.92   	  20.35		
-88.20   	 58.59   	 87.00   	 -30.52		
-86.06   	 58.59   	 86.88   	-178.03		
-81.48   	 58.29   	 86.16   	-361.14		
-76.60   	 58.59   	 84.72   	-376.40		
-73.24   	 59.51   	 83.21   	-183.11		
-72.94   	 60.73   	 82.48   	  15.26		
-76.29   	 61.04   	 82.54   	  91.56		
-82.40   	 60.12   	 82.91   	  76.30		
-88.81   	 58.29   	 83.21   	  45.78		
-91.86   	 57.68   	 83.40   	  -5.09		
-89.72   	 58.90   	 83.38   	 -55.95		
-83.01   	 61.34   	 83.15   	-101.73		
-75.99   	 63.17   	 82.75   	-111.90		
-72.33   	 63.17   	 82.30   	-106.82		
-72.63   	 62.26   	 81.87   	-101.73		
-74.77   	 62.26   	 81.46   	 -96.64		
-76.60   	 63.17   	 81.08   	 -86.47		
-76.60   	 63.17   	 80.73   	 -71.21		
-75.99   	 61.34   	 80.45   	 -45.78		
-76.90   	 56.76   	 80.26   	 -35.61		
-79.96   	 51.88   	 80.12   	 -45.78		
-84.23   	 49.13   	 79.94   	 -50.86		
-87.28   	 50.05   	 79.74   	 -55.95		
-86.36   	 54.02   	 79.51   	 -66.12		
-80.57   	 59.51   	 79.25   	 -66.12		
-72.94   	 64.39   	 78.98   	 -55.95		
-66.53   	 67.44   	 78.76   	 -55.95		
-64.70   	 69.58   	 78.53   	 -71.21		
-68.36   	 70.19   	 78.25   	 -71.21		
-74.46   	 70.19   	 77.97   	 -66.12		
-77.51   	 69.89   	 77.70   	 -55.95		
-75.07   	 70.50   	 77.48   	 -61.04		
-67.44   	 73.24   	 77.23   	 -61.04		
-58.29   	 80.87   	 76.99   	 -50.86		
-50.66   	 93.38   	 76.79   	 -55.95		
-46.08   	109.25   	 76.56   	 -55.95		
-43.03   	124.82   	 76.34   	 -61.04		
-40.28   	136.11   	 76.09   	 -55.95		
-37.54   	140.99   	 75.87   	 -50.86		
-33.57   	140.69   	 75.67   	 -55.95		
-28.08   	139.77   	 75.44   	 -61.04		
-21.67   	142.82   	 75.20   	 -71.21		
-15.56   	152.59   	 74.91   	 -55.95		
-10.07   	167.54   	 74.69   	 -55.95		
 -5.19   	181.88   	 74.47   	 -71.21		
 -0.61   	189.21   	 74.18   	 -71.21		
  2.75   	186.77   	 73.90   	 -50.86		
  3.36   	177.92   	 73.69   	 -40.69		
  0.31   	168.46   	 73.53   	 -35.61		
 -3.66   	163.57   	 73.39   	 -40.69		
 -4.58   	163.27   	 73.22   	 -45.78		
 -2.14   	162.35   	 73.04   	 -35.61		
 -0.92   	156.86   	 72.90   	 -25.43		
 -8.24   	144.96   	 72.80   	 -10.17		
-26.55   	128.48   	 72.76   	   0.00		
-52.49   	108.34   	 72.76   	  -5.09		
-76.29   	 85.75   	 72.74   	   5.09		
-89.42   	 63.48   	 72.76   	  10.17		
-90.64   	 45.47   	 72.80   	   5.09		
-86.06   	 35.40   	 72.82   	   0.00		
-83.62   	 34.18   	 72.82   	   0.00		
-86.36   	 37.23   	 72.82   	 -15.26		
-91.86   	 39.37   	 72.76   	 -30.52		
-96.13   	 38.76   	 72.63   	 -40.69		
-98.88   	 39.98   	 72.47   	 -55.95		
-101.93   	 51.27   	 72.25   	 -71.21		
-101.32   	 81.79   	 71.96   	 -81.38		
-78.74   	137.63   	 71.64   	 -81.38		
 -1.83   	220.64   	 71.31   	 -91.56		
161.13   	331.12   	 70.95   	-132.25		
422.06   	466.00   	 70.42   	-101.73		
764.16   	619.51   	 70.01   	 -40.69		
1137.39   	776.98   	 69.85   	   5.09		
1461.79   	915.53   	 69.87   	   0.00		
1638.18(R)	997.62   	 69.87   	  -5.09		
1577.76   	975.65   	 69.85   	 -20.35		
1250.61   	818.79   	 69.77   	 -35.61		
726.93   	540.77   	 69.62   	 -61.04		
168.46   	209.35   	 69.38   	 -55.95		
-242.61   	-70.19   	 69.16   	 -40.69		
-401.61   	-211.49   	 68.99   	 -35.61		
-335.69   	-196.23   	 68.85   	 -30.52		
-170.59   	-85.14   	 68.73   	 -20.35		
-39.37   	 31.43   	 68.65   	 -15.26		
 -3.66   	 87.89   	 68.59   	  -5.09		
-41.50   	 76.60   	 68.57   	 -10.17		
-92.47   	 33.26   	 68.52   	 -50.86		
-113.53   	 -0.92   	 68.32   	-111.90		
-102.84   	 -7.93   	 67.87   	-152.59		
-82.40   	  2.44   	 67.26   	-188.20		
-72.94   	 13.12   	 66.51   	-183.11		
-78.13   	 14.04   	 65.78   	 -81.38		
-88.50   	  7.63   	 65.45(D)	   5.09		
-94.30   	  1.83   	 65.47   	 101.73		
-91.86   	  1.53   	 65.88   	 376.40		
-85.14   	  6.41   	 67.39   	 757.88		
-79.65   	 12.82   	 70.42   	1022.38		
-76.90   	 17.70   	 74.51   	 981.68		
-74.77   	 20.45   	 78.43   	 849.44		
-71.11   	 21.67   	 81.83   	 757.88		
-65.00   	 20.75   	 84.86   	 625.63		
-60.42   	 18.01   	 87.36   	 564.60		
-60.12   	 14.65   	 89.62   	 773.14		
-62.56   	 13.73   	 92.72   	1236.01		
-63.78   	 17.40   	 97.66   	1093.59		
-61.95   	 23.50   	102.03   	 366.22		
-57.68   	 28.08   	103.50   	 -81.38		
-54.32   	 27.77   	103.17   	-361.14		
-53.10   	 22.89   	101.73   	-417.09		
-50.96   	 18.31   	100.06   	 -66.12		
-45.47   	 17.09   	 99.80   	 350.97		
-36.62   	 21.06   	101.20   	 661.24		
-28.08   	 27.77   	103.84   	 900.30		
-23.19   	 34.79   	107.45   	 935.91		
-23.19   	 40.89   	111.19   	 752.79		
-23.80   	 46.39   	114.20   	 488.30		
-21.36   	 51.27   	116.15   	 274.67		
-14.04   	 54.63   	117.25   	 111.90		
 -3.66   	 56.15   	117.70   	  20.35		
  8.24   	 56.15   	117.78   	  15.26		
 18.01   	 56.15   	117.84   	  66.12		
 24.11   	 56.15   	118.11   	 127.16		
 26.55   	 56.15   	118.62   	 142.42		
 27.77   	 57.07   	119.19   	 152.59		
 30.52   	 61.04   	119.80   	 244.15		
 37.23   	 70.19   	120.77   	 396.74		
 48.52   	 82.40   	122.36   	 457.78		
 61.95   	 93.38   	124.19   	 361.14		
 74.46   	 97.96   	125.64   	 213.63		
 82.70   	 95.83   	126.49   	 188.20		
 85.14   	 90.94   	127.24   	 172.94		
 82.09   	 88.50   	127.93   	 106.82		
 77.21   	 90.64   	128.36   	 147.51		
 75.07   	 95.52   	128.95   	 233.98		
 78.74   	100.40   	129.89   	 137.33		
 85.75   	102.84   	130.44   	  -5.09		
 92.16   	103.45   	130.42   	  76.30		
 92.77   	103.45   	130.72   	 193.29		
 86.67   	102.23   	131.49   	  66.12		
 75.99   	 99.79   	131.76   	-127.16		
 64.39   	 95.21   	131.25   	-132.25		
 54.32   	 90.03   	130.72   	   0.00		
 45.17   	 85.45   	130.72   	  86.47		
 36.93   	 82.70   	131.07   	  35.61		
 29.91   	 83.01   	131.21   	  -5.09		
 24.11   	 86.06   	131.19   	  25.43		
 18.62   	 90.03   	131.29   	  66.12		
 11.90   	 93.99   	131.56   	  71.21		
  2.14   	 97.35   	131.84   	  20.35		
-10.07   	 99.49   	131.92(S)	 -55.95		
-21.97   	 99.79   	131.70   	 -91.56		
-31.13   	 97.35   	131.33   	 -91.56		
-37.23   	 91.55   	130.97   	-122.07		
-41.81   	 83.92   	130.48   	-147.51		
-45.78   	 77.51   	129.89   	-122.07		
-49.44   	 75.38   	129.40   	 -61.04		
-53.41   	 77.51   	129.16   	 -20.35		
-59.51   	 80.57   	129.07   	 -50.86		
-69.27   	 81.18   	128.87   	-106.82		
-80.26   	 78.74   	128.44   	-162.77		
-88.50   	 75.07   	127.79   	-213.63		
-90.33   	 73.55   	126.94   	-259.41		
-85.75   	 74.46   	125.90   	-300.10		
-80.26   	 75.68   	124.70   	-356.05		
-79.65   	 75.07   	123.28   	-427.26		
-86.36   	 72.02   	121.57   	-523.90		
-96.44   	 68.36   	119.47   	-610.37		
-103.45   	 66.22   	117.03   	-707.02		
-104.98   	 66.22   	114.20   	-793.49		
-101.93   	 67.75   	111.03   	-859.61		
-96.44   	 68.97   	107.59   	-839.26		
-93.69   	 69.89   	104.23   	-661.24		
-94.60   	 69.89   	101.59   	 -86.47		
-98.88   	 69.58   	101.24   	 915.56		
-105.29   	 68.66   	104.90   	1663.27		
-111.08   	 67.14   	111.56   	1571.71		
-113.22   	 66.22   	117.84   	 803.66		
-109.56   	 66.83   	121.06   	-457.78		
-101.01   	 69.58   	119.23   	-1622.58		
-92.77   	 72.63   	112.74   	-1851.47		
-89.42   	 74.77   	105.33   	-1124.11		
-93.38   	 75.68   	100.83   	-208.54		
-101.01   	 75.68   	100.00   	 325.53		
-106.20   	 75.38   	101.30   	 503.56		
-103.45   	 75.38   	103.32   	 498.47		
-92.77   	 75.38   	105.31   	 412.00		
-80.57   	 76.29   	106.96   	 233.98		
-74.77   	 77.82   	107.89   	 -35.61		
-77.82   	 80.26   	107.75   	-269.58		
-86.36   	 81.79   	106.67   	-412.00		
-91.55   	 82.40   	105.03   	-452.69		
-88.81   	 83.31   	103.21   	-401.83		
-80.26   	 84.23   	101.61   	-330.62		
-73.24   	 85.14   	100.28   	-233.98		
-73.55   	 84.53   	 99.35   	-116.99		
-79.04   	 82.70   	 98.88   	  -5.09		
-84.53   	 82.09   	 98.86   	  40.69		
-84.53   	 85.14   	 99.02   	  15.26		
-79.35   	 91.25   	 99.08   	 -30.52		
-73.55   	 95.52   	 98.96   	 -71.21		
-69.89   	 94.60   	 98.68   	-106.82		
-68.97   	 88.81   	 98.25   	-137.33		
-69.27   	 83.01   	 97.70   	-152.59		
-70.50   	 81.48   	 97.09   	-152.59		
-72.33   	 84.84   	 96.48   	-137.33		
-75.38   	 88.81   	 95.93   	 -91.56		
-77.82   	 90.03   	 95.56   	 -76.30		
-78.43   	 87.28   	 95.26   	 -86.47		
-78.43   	 81.48   	 94.91   	-101.73		
-79.35   	 75.68   	 94.51   	-101.73		
-81.79   	 72.33   	 94.10   	 -91.56		
-83.62   	 72.94   	 93.73   	-106.82		
-83.31   	 75.68   	 93.31   	-122.07		
-81.18   	 79.35   	 92.82   	-127.16		
-79.35   	 80.87   	 92.31   	-122.07		
-79.35   	 79.65   	 91.82   	-111.90		
-79.35   	 76.90   	 91.37   	-111.90		
-78.13   	 75.07   	 90.93   	-122.07		
-74.77   	 75.07   	 90.44   	-116.99		
-72.02   	 75.68   	 89.97   	-101.73		
-73.85   	 74.77   	 89.56   	 -86.47		
-80.26   	 72.02   	 89.22   	 -81.38		
-87.28   	 68.97   	 88.89   	 -96.64		
-90.94   	 68.05   	 88.50   	 -96.64		
-90.03   	 69.89   	 88.12   	 -91.56		
-87.89   	 71.72   	 87.75   	 -96.64		
-87.59   	 72.33   	 87.36   	 -86.47		
-89.72   	 71.11   	 87.02   	 -61.04		
-91.55   	 68.66   	 86.77   	 -15.26		
-90.94   	 65.61   	 86.71   	  25.43		
-89.42   	 62.56   	 86.82   	 -55.95		
-88.50   	 60.73   	 86.59   	-284.84		
-89.11   	 62.56   	 85.45   	-462.87		
-88.81   	 67.14   	 83.60   	-325.53		
-85.14   	 70.80   	 82.30   	 -40.69		
-78.74   	 70.50   	 82.14   	 111.90		
-74.46   	 65.31   	 82.58   	 101.73		
-75.07   	 59.51   	 82.99   	  55.95		
-79.65   	 58.59   	 83.21   	  15.26		
-83.92   	 63.48   	 83.28   	 -25.43		
-83.62   	 70.80   	 83.17   	 -81.38		
-78.43   	 75.68   	 82.85   	-127.16		
-72.02   	 75.99   	 82.34   	-142.42		
-68.66   	 72.94   	 81.77   	-127.16		
-70.50   	 68.05   	 81.26   	-101.73		
-74.77   	 62.26   	 80.85   	 -96.64		
-75.99   	 57.07   	 80.47   	 -81.38		
-72.33   	 54.63   	 80.14   	 -66.12		
-65.61   	 55.85   	 79.88   	 -40.69		
-62.26   	 59.81   	 79.71   	 -30.52		
-65.61   	 63.48   	 79.59   	 -40.69		
-74.46   	 65.00   	 79.43   	 -50.86		
-82.09   	 64.39   	 79.23   	 -66.12		
-82.40   	 64.70   	 78.96   	 -76.30		
-74.46   	 67.14   	 78.66   	 -76.30		
-63.78   	 70.19   	 78.35   	 -71.21		
-56.46   	 71.41   	 78.07   	 -66.12		
-55.54   	 70.19   	 77.80   	 -76.30		
-59.20   	 68.05   	 77.50   	 -71.21		
-62.56   	 67.44   	 77.21   	 -61.04		
-62.87   	 68.97   	 76.97   	 -50.86		
-60.73   	 71.72   	 76.76   	 -50.86		
-57.68   	 73.85   	 76.56   	 -50.86		
-56.76   	 74.46   	 76.36   	 -50.86		
-58.29   	 72.94   	 76.15   	 -50.86		
-60.73   	 69.58   	 75.95   	 -55.95		
-61.95   	 66.53   	 75.73   	 -50.86		
-59.20   	 67.75   	 75.52   	 -55.95		
-50.96   	 77.21   	 75.30   	 -55.95		
-39.37   	 95.83   	 75.08   	 -50.86		
-28.69   	118.71   	 74.87   	 -50.86		
-23.19   	137.33   	 74.67   	 -45.78		
-23.50   	144.65   	 74.49   	 -55.95		
-27.16   	140.99   	 74.26   	 -55.95		
-28.99   	133.06   	 74.04   	 -61.04		
-25.94   	131.23   	 73.79   	 -55.95		
-18.92   	141.60   	 73.57   	 -55.95		
-10.99   	162.05   	 73.35   	 -50.86		
 -3.66   	184.63   	 73.14   	 -50.86		
  3.36   	199.58   	 72.94   	 -45.78		
  9.46   	201.72   	 72.76   	 -40.69		
 13.43   	192.57   	 72.59   	 -40.69		
 13.43   	180.66   	 72.43   	 -45.78		
  9.77   	173.03   	 72.25   	 -40.69		
  6.10   	173.95   	 72.09   	 -45.78		
  5.80   	179.14   	 71.90   	 -45.78		
  8.24   	181.27   	 71.72   	 -45.78		
  7.93   	174.87   	 71.54   	 -35.61		
 -0.92   	159.61   	 71.39   	 -15.26		
-17.70   	138.55   	 71.33   	  -5.09		
-37.54   	115.36   	 71.31   	  15.26		
-53.41   	 92.16   	 71.37   	  15.26		
-62.56   	 70.50   	 71.43   	  25.43		
-66.83   	 52.80   	 71.54   	  25.43		
-69.58   	 42.72   	 71.64   	  20.35		
-71.72   	 39.06   	 71.72   	  25.43		
-71.72   	 39.06   	 71.82   	  20.35		
-69.27   	 37.54   	 71.90   	   0.00		
-66.83   	 35.10   	 71.90   	 -40.69		
-68.05   	 37.54   	 71.74   	 -71.21		
-73.24   	 54.63   	 71.45   	 -86.47		
-73.55   	 93.38   	 71.11   	 -91.56		
-47.30   	156.25   	 70.74   	-106.82		
 34.48   	243.53   	 70.32   	 -91.56		
197.45   	355.53   	 69.95   	 -66.12		
450.13   	491.03   	 69.68   	 -45.78		
773.93   	645.75   	 69.50   	 -25.43		
1118.77   	806.58   	 69.40   	   0.00		
1406.56   	947.88   	 69.40   	 -10.17		
1544.80(R)	1029.05   	 69.36   	 -20.35		
1456.30   	1000.67   	 69.28   	 -30.52		
1125.79   	833.13   	 69.16   	 -45.78		
630.49   	544.74   	 68.97   	 -66.12		
124.51   	210.88   	 68.71   	 -61.04		
-231.02   	-60.12   	 68.46   	 -35.61		
-354.61   	-185.85   	 68.32   	 -30.52		
-284.12   	-159.61   	 68.20   	 -20.35		
-137.02   	-50.05   	 68.12   	  -5.09		
-25.33   	 54.02   	 68.10   	   0.00		
  5.49   	 97.66   	 68.10   	  -5.09		
-21.06   	 80.57   	 68.08   	 -15.26		
-57.37   	 37.84   	 68.02   	 -55.95		
-73.85   	  5.49   	 67.79   	-111.90		
-70.50   	 -4.27   	 67.34   	-122.07		
-63.17   	  1.53   	 66.86   	-132.25		
-61.65   	  9.77   	 66.33   	-167.85		
-66.53   	 14.04   	 65.66   	-127.16		
-72.02   	 14.04   	 65.15(D)	   0.00		
-73.85   	 12.51   	 65.15   	 127.16		
-70.80   	 11.90   	 65.66   	 356.05		
-65.00   	 13.43   	 67.08   	 742.62		
-60.42   	 15.26   	 70.05   	 976.60		
-58.90   	 16.48   	 73.96   	 839.26		
-58.59   	 16.48   	 77.31   	 732.45		
-57.68   	 16.17   	 80.24   	 793.49		
-55.24   	 16.17   	 83.42   	 803.66		
-52.49   	 16.17   	 86.63   	 691.76		
-52.19   	 16.17   	 89.40   	 539.16		
-54.32   	 16.17   	 91.56   	 600.20		
-56.46   	 15.87   	 93.96   	 808.75		
-55.85   	 15.56   	 97.19   	 712.10		
-52.19   	 15.56   	100.04   	 361.14		
-46.08   	 16.78   	101.48   	 -61.04		
-36.93   	 20.14   	101.24   	-188.20		
-26.25   	 25.63   	100.49   	   5.09		
-16.48   	 31.43   	100.51   	 233.98		
-10.38   	 34.79   	101.44   	 508.65		
-10.68   	 34.79   	103.48   	 813.83		
-16.17   	 31.43   	106.73   	 885.04		
-20.45   	 28.69   	110.27   	 640.89		
-18.62   	 29.60   	112.84   	 325.53		
 -9.77   	 35.71   	114.14   	 223.80		
  3.05   	 44.86   	115.04   	 249.24		
 14.34   	 54.32   	116.03   	 239.06		
 21.97   	 61.04   	116.99   	 213.63		
 25.94   	 64.09   	117.84   	 178.03		
 28.69   	 64.70   	118.55   	  91.56		
 32.35   	 64.09   	118.92   	  86.47		
 37.54   	 63.78   	119.27   	 137.33		
 43.33   	 65.00   	119.82   	 218.72		
 49.13   	 67.75   	120.69   	 310.27		
 55.85   	 72.63   	121.93   	 335.71		
 63.78   	 78.43   	123.28   	 249.24		
 72.63   	 82.70   	124.27   	 137.33		
 80.57   	 83.92   	124.82   	 116.99		
 85.45   	 81.79   	125.29   	 152.59		
 87.89   	 78.13   	125.90   	 188.20		
 89.11   	 75.99   	126.65   	 259.41		
 91.25   	 75.99   	127.69   	 264.50		
 94.60   	 78.13   	128.75   	  91.56		
 97.66   	 79.96   	129.11   	 -40.69		
 98.27   	 80.87   	128.95   	  -5.09		
 94.30   	 80.57   	128.93   	 106.82		
 85.14   	 79.65   	129.36   	 178.03		
 72.63   	 78.43   	130.07   	 162.77		
 60.12   	 76.29   	130.72   	  96.64		
 52.19   	 73.85   	131.11   	  61.04		
 48.52   	 71.41   	131.35   	  20.35		
 46.69   	 70.50   	131.43(S)	 -66.12		
 43.95   	 71.41   	131.17   	 -91.56		
 37.84   	 73.85   	130.80   	 -55.95		
 29.60   	 75.99   	130.58   	 -25.43		
 19.84   	 76.29   	130.48   	 -20.35		
  7.93   	 74.46   	130.40   	 -35.61		
 -5.49   	 71.72   	130.25   	 -40.69		
-18.92   	 70.50   	130.09   	 -15.26		
-28.99   	 71.11   	130.03   	   0.00		
-33.87   	 72.33   	130.03   	   0.00		
-36.32   	 71.11   	130.03   	 -15.26		
-39.67   	 66.53   	129.97   	 -50.86		
-45.47   	 60.12   	129.77   	 -96.64		
-52.19   	 54.32   	129.38   	-127.16		
-58.29   	 51.57   	128.87   	-157.68		
-63.48   	 52.49   	128.24   	-193.29		
-68.97   	 55.24   	127.47   	-203.46		
-75.68   	 57.98   	126.65   	-208.54		
-81.48   	 58.29   	125.82   	-239.06		
-84.84   	 56.46   	124.86   	-289.93		
-85.14   	 53.71   	123.70   	-350.97		
-84.53   	 50.96   	122.30   	-432.35		
-85.45   	 48.83   	120.57   	-539.16		
-88.81   	 46.39   	118.41   	-661.24		
-92.47   	 42.72   	115.77   	-778.23		
-94.91   	 38.15   	112.65   	-854.52		
-95.21   	 33.87   	109.24   	-859.61		
-94.30   	 32.65   	105.80   	-762.97		
-94.30   	 34.48   	102.75   	-422.18		
-96.44   	 38.76   	101.06   	 320.45		
-99.79   	 43.33   	102.34   	1195.32		
-100.40   	 46.39   	107.12   	1673.44		
-96.44   	 47.61   	113.81   	1469.98		
-88.50   	 47.61   	119.69   	 549.34		
-79.65   	 47.61   	121.89   	-844.35		
-73.85   	 48.52   	118.51   	-1876.90		
-73.55   	 49.44   	111.01   	-1831.12		
-78.74   	 50.35   	103.68   	-996.94		
-86.36   	 50.66   	 99.69   	-157.68		
-92.77   	 50.35   	 99.06   	 366.22		
-93.38   	 50.05   	100.53   	 615.46		
-86.36   	 51.27   	102.99   	 686.67		
-75.07   	 54.02   	105.74   	 544.25		
-66.53   	 56.46   	107.91   	 249.24		
-66.22   	 57.37   	108.91   	-101.73		
-72.33   	 55.54   	108.50   	-381.48		
-77.51   	 52.49   	106.98   	-483.21		
-77.21   	 50.66   	105.05   	-457.78		
-72.02   	 52.19   	103.21   	-396.74		
-68.05   	 56.46   	101.63   	-320.45		
-69.89   	 60.42   	100.35   	-233.98		
-75.99   	 62.26   	 99.41   	-106.82		
-79.65   	 61.65   	 98.98   	  15.26		
-77.51   	 60.12   	 99.04   	  86.47		
-71.11   	 59.20   	 99.39   	  45.78		
-64.70   	 60.42   	 99.57   	 -15.26		
-60.73   	 63.17   	 99.51   	 -61.04		
-59.20   	 65.92   	 99.27   	-106.82		
-60.12   	 66.53   	 98.84   	-137.33		
-63.17   	 63.48   	 98.29   	-152.59		
-68.05   	 57.07   	 97.68   	-162.77		
-72.94   	 50.05   	 97.03   	-137.33		
-74.16   	 46.69   	 96.48   	-101.73		
-70.50   	 48.83   	 96.07   	 -96.64		
-63.78   	 54.32   	 95.69   	 -86.47		
-58.29   	 59.51   	 95.34   	 -81.38		
-56.76   	 61.04   	 95.01   	 -91.56		
-60.12   	 57.98   	 94.65   	-101.73		
-66.22   	 52.49   	 94.24   	-106.82		
-72.02   	 47.91   	 93.81   	-122.07		
-75.38   	 46.39   	 93.33   	-122.07		
-75.68   	 47.30   	 92.84   	-101.73		
-74.77   	 49.44   	 92.43   	 -91.56		
-74.16   	 50.35   	 92.06   	 -81.38		
-75.38   	 49.74   	 91.74   	 -61.04		
-77.51   	 48.22   	 91.50   	 -15.26		
-78.13   	 47.30   	 91.43   	  61.04		
-75.68   	 47.00   	 91.68   	  81.38		
-71.11   	 46.08   	 92.00   	-162.77		
-66.83   	 44.25   	 91.35   	-584.94		
-65.00   	 42.11   	 89.01   	-676.50		
-66.22   	 41.50   	 86.31   	-305.19		
-70.19   	 42.72   	 85.09   	  66.12		
-74.77   	 44.25   	 85.35   	 193.29		
-78.13   	 43.33   	 86.12   	 193.29		
-79.04   	 40.28   	 86.90   	 137.33		
-75.99   	 37.54   	 87.45   	  45.78		
-69.58   	 38.45   	 87.63   	 -71.21		
-63.78   	 42.72   	 87.34   	-157.68		
-61.34   	 47.30   	 86.71   	-193.29		
-64.09   	 49.13   	 85.94   	-167.85		
-69.58   	 47.61   	 85.27   	-142.42		
-74.46   	 44.56   	 84.70   	-111.90		
-76.60   	 42.72   	 84.25   	 -91.56		
-75.68   	 42.72   	 83.89   	 -50.86		
-74.46   	 43.03   	 83.68   	 -35.61		
-74.16   	 43.03   	 83.54   	 -30.52		
-74.46   	 42.11   	 83.42   	 -45.78		
-72.94   	 41.81   	 83.23   	 -61.04		
-68.36   	 43.03   	 82.99   	 -66.12		
-61.65   	 45.17   	 82.73   	 -71.21		
-57.07   	 47.61   	 82.44   	 -81.38		
-57.98   	 49.44   	 82.12   	 -91.56		
-64.70   	 49.44   	 81.75   	 -86.47		
-73.55   	 47.91   	 81.40   	 -81.38		
-78.43   	 46.08   	 81.08   	 -71.21		
-75.99   	 44.86   	 80.79   	 -66.12		
-68.66   	 45.47   	 80.53   	 -61.04		
-61.65   	 46.69   	 80.28   	 -61.04		
-60.12   	 47.30   	 80.04   	 -61.04		
-65.31   	 47.00   	 79.80   	 -61.04		
-74.16   	 45.17   	 79.55   	 -61.04		
-80.87   	 42.72   	 79.31   	 -61.04		
-80.57   	 41.50   	 79.06   	 -66.12		
-72.63   	 43.03   	 78.80   	 -61.04		
-61.04   	 47.00   	 78.56   	 -61.04		
-50.96   	 51.57   	 78.31   	 -61.04		
-47.00   	 53.71   	 78.07   	 -50.86		
-50.35   	 52.19   	 77.86   	 -45.78		
-57.98   	 48.22   	 77.68   	 -40.69		
-63.78   	 45.47   	 77.52   	 -55.95		
-65.00   	 46.08   	 77.29   	 -61.04		
-62.26   	 50.05   	 77.05   	 -61.04		
-58.29   	 56.46   	 76.81   	 -55.95		
-55.24   	 65.00   	 76.58   	 -61.04		
-52.19   	 78.13   	 76.34   	 -61.04		
-46.69   	 95.21   	 76.09   	 -50.86		
-37.23   	112.30   	 75.89   	 -45.78		
-26.25   	123.90   	 75.71   	 -45.78		
-17.70   	126.34   	 75.52   	 -45.78		
-13.43   	122.38   	 75.34   	 -55.95		
-12.21   	118.71   	 75.12   	 -61.04		
-10.99   	122.68   	 74.87   	 -50.86		
 -7.63   	135.50   	 74.67   	 -50.86		
 -3.05   	153.81   	 74.47   	 -55.95		
  0.92   	170.59   	 74.24   	 -40.69		
  3.66   	179.44   	 74.08   	 -35.61		
  5.80   	177.31   	 73.94   	 -35.61		
  8.85   	167.24   	 73.79   	  N/A		
