  I     	  II     	  AO     	  AO'		
-5339.36   	-9999.70   	103.30   	-361.14		
-5300.29   	-9999.70   	101.85   	-361.14		
-5266.11   	-9999.70   	100.41   	-366.22		
-5234.99   	-9999.70   	 98.94   	-371.31		
-5205.08   	-9999.70   	 97.46   	-381.48		
-5174.26   	-9999.70   	 95.93   	-381.48		
-5141.60   	-9999.70   	 94.40   	-381.48		
-5107.12   	-9999.70   	 92.88   	-371.31		
-5070.80   	-9999.70   	 91.39   	-366.22		
-5032.35   	-9999.70   	 89.93   	-350.97		
-4992.07   	-9999.70   	 88.52   	-340.79		
-4951.17   	-9999.70   	 87.16   	-325.53		
-4912.11   	-9999.70   	 85.86   	-320.45		
-4877.32   	-9999.70   	 84.58   	-305.19		
-4846.80   	-9999.70   	 83.36   	-300.10		
-4819.03   	-9999.70   	 82.16   	-289.93		
-4790.34   	-9999.70   	 81.00   	-279.75		
-4758.61   	-9999.70   	 79.88   	-279.75		
-4724.43   	-9999.70   	 78.76   	-264.50		
-4690.55   	-9999.70   	 77.70   	-259.41		
-4660.95   	-9999.70   	 76.66   	-244.15		
-4637.15   	-9999.70   	 75.69   	-233.98		
-4617.00   	-9999.70   	 74.75   	-223.80		
-4597.17   	-9999.70   	 73.86   	-203.46		
-4573.06   	-9999.70   	 73.04   	-193.29		
-4544.37   	-9999.70   	 72.27   	-178.03		
-4513.86   	-9999.70   	 71.56   	-157.68		
-4484.25   	-9999.70   	 70.93   	-152.59		
-4456.79   	-9999.70   	 70.32   	-137.33		
-4430.24   	-9999.70   	 69.77   	-132.25		
-4403.08   	-9999.70   	 69.24   	-122.07		
-4375.00   	-9999.70   	 68.75   	-122.07		
-4346.62   	-9999.70   	 68.26   	-122.07		
-4318.24   	-9999.70   	 67.77   	-111.90		
-4288.94   	-9999.70   	 67.32   	-106.82		
-4258.73   	-9999.70   	 66.90   	 -96.64		
-4227.60   	-9999.70   	 66.51   	 -86.47		
-4195.86   	-9999.70   	 66.16   	 -76.30		
-4164.43   	-9999.70   	 65.86   	 -66.12		
-4134.22   	-9999.70   	 65.59   	 -50.86		
-4105.53   	-9999.70   	 65.39   	 -40.69		
-4078.67   	-9999.70   	 65.23   	 -35.61		
-4053.34   	-9999.70   	 65.09   	 -25.43		
-4029.24   	-9999.70   	 64.98   	 -20.35		
-4004.82   	-9999.70   	 64.90   	 -20.35		
-3979.80   	-9999.70   	 64.82   	 -15.26		
-3954.77   	-9999.70   	 64.76   	 -15.26		
-3928.53   	-9999.70   	 64.70   	 -15.26		
-3895.87   	-9999.70   	 64.64   	 -15.26		
-3844.60   	-9999.70   	 64.58   	 -25.43		
-3760.68   	-9999.70   	 64.48   	 -25.43		
-3636.78   	-9999.70   	 64.37   	 -30.52		
-3480.22   	-9999.70   	 64.25   	 -40.69		
-3313.60   	-9999.70   	 64.09   	 -45.78		
-3164.98   	-9999.70   	 63.91   	 -50.86		
-3057.56   	-9999.70   	 63.70   	 -55.95		
-3006.90   	-9999.70   	 63.48   	 -55.95		
-3021.85   	-9999.70   	 63.26   	 -66.12		
-3105.16   	-9999.70   	 62.99   	 -66.12		
-3244.93   	-9999.70   	 62.73   	 -66.12		
-3408.51   	-9999.70   	 62.46   	 -71.21		
-3548.58   	-9999.70   	 62.18   	 -61.04		
-3623.05   	-9999.70   	 61.93   	 -61.04		
-3620.30   	-9999.70   	 61.69   	 -50.86		
-3562.93   	-9999.70   	 61.49   	 -35.61		
-3490.91   	-9999.70   	 61.34   	 -20.35		
-3435.97   	-9999.70   	 61.26   	   5.09		
-3406.37   	-9999.70   	 61.28   	  35.61		
-3391.72   	-9999.70   	 61.42   	  76.30		
-3377.99   	-9999.70   	 61.73   	 122.07		
-3358.15   	-9999.70   	 62.22   	 183.11		
-3333.13   	-9999.70   	 62.95   	 239.06		
-3307.50   	-9999.70   	 63.91   	 300.10		
-3284.30   	-9999.70   	 65.11   	 350.97		
-3263.24   	-9999.70   	 66.51   	 391.66		
-3242.19   	-9999.70   	 68.08   	 401.83		
-3218.69   	-9999.70   	 69.68   	 406.92		
-3190.92   	-9999.70   	 71.31   	 391.66		
-3159.49   	-9999.70   	 72.88   	 366.22		
-3127.44   	-9999.70   	 74.34   	 345.88		
-3098.45   	-9999.70   	 75.73   	 320.45		
-3073.73   	-9999.70   	 77.01   	 305.19		
-3052.67   	-9999.70   	 78.23   	 305.19		
-3032.53   	-9999.70   	 79.45   	 305.19		
-3009.95   	-9999.70   	 80.67   	 315.36		
-2984.92   	-9999.70   	 81.93   	 335.71		
-2958.68   	-9999.70   	 83.28   	 345.88		
-2933.96   	-9999.70   	 84.66   	 361.14		
-2911.07   	-9999.70   	 86.10   	 371.31		
-2890.32   	-9999.70   	 87.59   	 381.48		
-2869.57   	-9999.70   	 89.11   	 376.40		
-2847.29   	-9999.70   	 90.62   	 376.40		
-2823.18   	-9999.70   	 92.13   	 371.31		
-2799.07   	-9999.70   	 93.61   	 361.14		
-2776.79   	-9999.70   	 95.06   	 350.97		
-2756.35   	-9999.70   	 96.46   	 345.88		
-2736.21   	-9999.70   	 97.84   	 330.62		
-2714.54   	-9999.70   	 99.17   	 320.45		
-2690.74   	-9999.70   	100.45   	 315.36		
-2665.41   	-9999.70   	101.71   	 300.10		
-2639.77   	-9999.70   	102.91   	 284.84		
-2616.27   	-9999.70   	104.05   	 284.84		
-2597.05   	-9999.70   	105.19   	 269.58		
-2583.01   	-9999.70   	106.27   	 259.41		
-2571.41   	-9999.70   	107.30   	 254.32		
-2557.68   	-9999.70   	108.32   	 249.24		
-2537.23   	-9999.70   	109.32   	 244.15		
-2510.38   	-9999.70   	110.29   	 239.06		
-2483.52   	-9999.70   	111.25   	 228.89		
-2462.46   	-9999.70   	112.17   	 223.80		
-2449.04   	-9999.70   	113.06   	 213.63		
-2438.96   	-9999.70   	113.92   	 203.46		
-2427.37   	-9999.70   	114.73   	 198.37		
-2412.11   	-9999.70   	115.52   	 178.03		
-2395.02   	-9999.70   	116.24   	 172.94		
-2378.85   	-9999.70   	116.93   	 152.59		
-2364.20   	-9999.70   	117.54   	 137.33		
-2348.63   	-9999.70   	118.09   	 122.07		
-2330.32   	-9999.70   	118.58   	 106.82		
-2309.88   	-9999.70   	119.00   	  91.56		
-2290.04   	-9999.70   	119.37   	  81.38		
-2272.03   	-9999.70   	119.69   	  61.04		
-2255.86   	-9999.70   	119.94   	  45.78		
-2239.99   	-9999.70   	120.12   	  30.52		
-2224.12   	-9999.70   	120.24   	  10.17		
-2209.17   	-9999.70   	120.28(S)	   0.00		
-2196.66   	-9999.70   	120.28   	 -20.35		
-2185.67   	-9999.70   	120.20   	 -35.61		
-2174.68   	-9999.70   	120.06   	 -61.04		
-2162.78   	-9999.70   	119.82   	 -86.47		
-2149.66   	-9999.70   	119.47   	-106.82		
-2136.54   	-9999.70   	119.04   	-132.25		
-2123.41   	-9999.70   	118.51   	-167.85		
-2111.21   	-9999.70   	117.84   	-198.37		
-2099.91   	-9999.70   	117.05   	-228.89		
-2089.84   	-9999.70   	116.13   	-269.58		
-2080.69   	-9999.70   	115.06   	-300.10		
-2070.01   	-9999.70   	113.86   	-335.71		
-2056.58   	-9999.70   	112.51   	-366.22		
-2041.63   	-9999.70   	111.05   	-381.48		
-2027.89   	-9999.70   	109.52   	-386.57		
-2016.60   	-9999.70   	107.98   	-386.57		
-2006.84   	-9999.70   	106.43   	-381.48		
-1995.24   	-9999.70   	104.90   	-361.14		
-1979.68   	-9999.70   	103.46   	-356.05		
-1960.75   	-9999.70   	102.03   	-350.97		
-1941.53   	-9999.70   	100.63   	-356.05		
-1924.13   	-9999.70   	 99.21   	-356.05		
-1909.48   	-9999.70   	 97.78   	-366.22		
-1896.97   	-9999.70   	 96.32   	-371.31		
-1885.38   	-9999.70   	 94.83   	-381.48		
-1873.47   	-9999.70   	 93.31   	-371.31		
-1858.83   	-9999.70   	 91.82   	-371.31		
-1840.52   	-9999.70   	 90.34   	-356.05		
-1819.76   	-9999.70   	 88.91   	-345.88		
-1799.01   	-9999.70   	 87.53   	-325.53		
-1780.09   	-9999.70   	 86.23   	-310.27		
-1763.92   	-9999.70   	 84.98   	-300.10		
-1748.96   	-9999.70   	 83.78   	-295.01		
-1733.09   	-9999.70   	 82.60   	-284.84		
-1715.09   	-9999.70   	 81.46   	-279.75		
-1695.56   	-9999.70   	 80.35   	-274.67		
-1675.72   	-9999.70   	 79.25   	-269.58		
-1656.80   	-9999.70   	 78.17   	-269.58		
-1639.71   	-9999.70   	 77.09   	-259.41		
-1624.76   	-9999.70   	 76.05   	-254.32		
-1611.33   	-9999.70   	 75.04   	-244.15		
-1599.12   	-9999.70   	 74.06   	-233.98		
-1587.83   	-9999.70   	 73.12   	-218.72		
-1578.98   	-9999.70   	 72.25   	-208.54		
-1572.88   	-9999.70   	 71.41   	-193.29		
-1568.91   	-9999.70   	 70.64   	-183.11		
-1564.64   	-9999.70   	 69.91   	-167.85		
-1556.40   	-9999.70   	 69.24   	-152.59		
-1543.27   	-9999.70   	 68.63   	-142.42		
-1527.10   	-9999.70   	 68.06   	-132.25		
-1511.54   	-9999.70   	 67.53   	-127.16		
-1499.94   	-9999.70   	 67.02   	-122.07		
-1492.61   	-9999.70   	 66.53   	-116.99		
-1486.51   	-9999.70   	 66.06   	-116.99		
-1478.58   	-9999.70   	 65.59   	-111.90		
-1468.20   	-9999.70   	 65.15   	-111.90		
-1455.38   	-9999.70   	 64.70   	-106.82		
-1441.04   	-9999.70   	 64.27   	-101.73		
-1425.48   	-9999.70   	 63.87   	-101.73		
-1410.22   	-9999.70   	 63.46   	 -86.47		
-1396.48   	-9999.70   	 63.11   	 -86.47		
-1385.19   	-9999.70   	 62.77   	 -71.21		
-1376.04   	-9999.70   	 62.48   	 -66.12		
-1368.71   	-9999.70   	 62.22   	 -55.95		
-1360.78   	-9999.70   	 61.99   	 -40.69		
-1352.84   	-9999.70   	 61.83   	 -35.61		
-1345.21   	-9999.70   	 61.69   	 -20.35		
-1338.81   	-9999.70   	 61.61   	 -20.35		
-1333.31   	-9999.70   	 61.53   	 -10.17		
-1324.77   	-9999.70   	 61.49   	 -10.17		
-1304.32   	-9999.70   	 61.44   	  -5.09		
-1259.77   	-9999.70   	 61.42   	  -5.09		
-1181.03   	-9999.70   	 61.40   	  -5.09		
-1067.50   	-9999.70   	 61.38   	  -5.09		
-932.92   	-9999.70   	 61.36   	  -5.09		
-800.78   	-9999.70   	 61.34   	  -5.09		
-696.11   	-9999.70   	 61.32   	   0.00		
-636.90   	-9999.70   	 61.32   	  -5.09		
-635.99   	-9999.70   	 61.30(D)	   5.09		
-699.16   	-9999.70   	 61.32   	   5.09		
-820.62   	-9999.70   	 61.34   	   5.09		
-976.87   	-9999.70   	 61.36   	  10.17		
-1128.85   	-9999.70   	 61.40   	   5.09		
-1235.05   	-9999.70   	 61.42   	  15.26		
-1273.19   	-9999.70   	 61.49   	  10.17		
-1252.44   	-9999.70   	 61.53   	  20.35		
-1204.22   	-9999.70   	 61.61   	  30.52		
-1161.19   	-9999.70   	 61.73   	  45.78		
-1139.22   	-9999.70   	 61.91   	  61.04		
-1134.34   	-9999.70   	 62.16   	  91.56		
-1133.42   	-9999.70   	 62.52   	 132.25		
-1127.01   	-9999.70   	 63.05   	 172.94		
-1114.50   	-9999.70   	 63.74   	 233.98		
-1100.46   	-9999.70   	 64.68   	 295.01		
-1088.56   	-9999.70   	 65.86   	 345.88		
-1079.10   	-9999.70   	 67.24   	 391.66		
-1070.25   	-9999.70   	 68.81   	 417.09		
-1061.10   	-9999.70   	 70.48   	 422.18		
-1052.55   	-9999.70   	 72.17   	 412.00		
-1045.53   	-9999.70   	 73.81   	 386.57		
-1040.04   	-9999.70   	 75.36   	 356.05		
-1033.94   	-9999.70   	 76.79   	 320.45		
-1024.48   	-9999.70   	 78.07   	 300.10		
-1011.35   	-9999.70   	 79.27   	 284.84		
-996.09   	-9999.70   	 80.41   	 279.75		
-982.06   	-9999.70   	 81.53   	 295.01		
-971.37   	-9999.70   	 82.71   	 305.19		
-963.44   	-9999.70   	 83.93   	 330.62		
-956.73   	-9999.70   	 85.25   	 345.88		
-947.27   	-9999.70   	 86.63   	 371.31		
-934.45   	-9999.70   	 88.12   	 381.48		
-919.19   	-9999.70   	 89.64   	 386.57		
-904.85   	-9999.70   	 91.19   	 396.74		
-893.55   	-9999.70   	 92.78   	 386.57		
-886.23   	-9999.70   	 94.32   	 386.57		
-880.43   	-9999.70   	 95.87   	 376.40		
-872.50   	-9964.91   	 97.37   	 361.14		
-860.90   	-9899.29   	 98.82   	 350.97		
-846.56   	-9830.93   	100.22   	 335.71		
-831.60   	-9760.44   	101.57   	 320.45		
-816.96   	-9689.64   	102.85   	 315.36		
-803.83   	-9619.75   	104.11   	 300.10		
-791.93   	-9551.09   	105.31   	 300.10		
-781.86   	-9483.03   	106.51   	 289.93		
-772.71   	-9414.98   	107.67   	 289.93		
-763.55   	-9345.40   	108.83   	 279.75		
-754.70   	-9274.29   	109.95   	 279.75		
-747.07   	-9203.19   	111.07   	 269.58		
-742.49   	-9133.30   	112.15   	 264.50		
-740.66   	-9065.86   	113.20   	 254.32		
-737.61   	-8999.02   	114.22   	 249.24		
-729.68   	-8931.58   	115.22   	 233.98		
-715.94   	-8861.69   	116.15   	 218.72		
-699.77   	-8790.89   	117.03   	 208.54		
-686.34   	-8721.62   	117.86   	 198.37		
-678.71   	-8656.62   	118.66   	 178.03		
-677.19   	-8595.58   	119.37   	 167.85		
-678.10   	-8536.99   	120.04   	 152.59		
-678.41   	-8478.70   	120.65   	 137.33		
-676.27   	-8419.19   	121.20   	 122.07		
-670.47   	-8358.46   	121.69   	 111.90		
-661.62   	-8298.65   	122.14   	  96.64		
-650.94   	-8240.97   	122.52   	  76.30		
-639.95   	-8186.04   	122.83   	  66.12		
-629.58   	-8134.16   	123.09   	  45.78		
-620.42   	-8084.72   	123.28   	  30.52		
-613.71   	-8037.72   	123.40   	  15.26		
-609.44   	-7993.47   	123.46(S)	   0.00		
-608.52   	-7951.66   	123.46   	 -20.35		
-609.13   	-7911.68   	123.38   	 -40.69		
-609.13   	-7872.01   	123.21   	 -61.04		
-607.61   	-7832.03   	122.97   	 -76.30		
-603.94   	-7790.83   	122.66   	 -96.64		
-599.67   	-7749.33   	122.28   	-127.16		
-595.40   	-7707.21   	121.77   	-147.51		
-591.74   	-7664.80   	121.18   	-183.11		
-588.38   	-7621.46   	120.45   	-208.54		
-583.80   	-7576.60   	119.61   	-249.24		
-577.70   	-7530.52   	118.62   	-279.75		
-571.59   	-7483.22   	117.50   	-315.36		
-567.02   	-7436.83   	116.24   	-350.97		
-565.80   	-7392.27   	114.83   	-381.48		
-567.02   	-7349.24   	113.31   	-391.66		
-567.93   	-7305.91   	111.74   	-401.83		
-565.49   	-7260.44   	110.13   	-396.74		
-558.78   	-7211.91   	108.54   	-386.57		
-550.54   	-7161.87   	107.00   	-366.22		
-543.52   	-7110.90   	105.53   	-350.97		
-538.64   	-7057.80   	104.13   	-340.79		
-534.06   	-7000.12   	102.77   	-345.88		
-527.65   	-6936.95   	101.38   	-356.05		
-519.71   	-6872.25   	 99.96   	-366.22		
-513.31   	-6812.13   	 98.49   	-381.48		
-509.95   	-6760.86   	 96.97   	-386.57		
-509.64   	-6715.70   	 95.42   	-391.66		
-508.12   	-6669.62   	 93.86   	-386.57		
-501.71   	-6615.30   	 92.31   	-376.40		
-489.81   	-6552.43   	 90.80   	-356.05		
-475.16   	-6487.73   	 89.38   	-345.88		
-461.73   	-6429.44   	 88.00   	-325.53		
-452.58   	-6381.23   	 86.69   	-310.27		
-447.08   	-6340.03   	 85.45   	-300.10		
-442.20   	-6299.44   	 84.25   	-289.93		
-435.49   	-6255.80   	 83.09   	-284.84		
-425.42   	-6209.41   	 81.95   	-279.75		
-413.21   	-6164.25   	 80.83   	-279.75		
-402.83   	-6124.88   	 79.71   	-269.58		
-397.64   	-6093.45   	 78.64   	-269.58		
-398.25   	-6070.56   	 77.56   	-254.32		
-401.92   	-6055.91   	 76.54   	-244.15		
-405.27   	-6048.89   	 75.56   	-233.98		
-405.88   	-6046.45   	 74.63   	-218.72		
-404.05   	-6044.62   	 73.75   	-198.37		
-401.92   	-6038.51   	 72.96   	-188.20		
-400.39   	-6023.25   	 72.21   	-172.94		
-398.86   	-5998.23   	 71.52   	-157.68		
-395.81   	-5966.49   	 70.88   	-147.51		
-391.54   	-5933.84   	 70.29   	-137.33		
-387.27   	-5903.93   	 69.75   	-132.25		
-384.52   	-5875.55   	 69.22   	-122.07		
-382.69   	-5845.95   	 68.73   	-116.99		
-381.47   	-5812.38   	 68.26   	-111.90		
-379.03   	-5775.45   	 67.81   	-106.82		
-374.45   	-5737.92   	 67.39   	 -96.64		
-367.13   	-5701.60   	 67.00   	 -91.56		
-358.28   	-5666.81   	 66.63   	 -81.38		
-350.04   	-5632.02   	 66.31   	 -76.30		
-344.24   	-5596.62   	 66.00   	 -61.04		
-341.80   	-5560.91   	 65.76   	 -55.95		
-341.49   	-5525.51   	 65.53   	 -45.78		
-340.58   	-5490.72   	 65.35   	 -35.61		
-337.83   	-5454.41   	 65.21   	 -30.52		
-333.25   	-5415.65   	 65.09   	 -25.43		
-329.28   	-5376.59   	 64.98   	 -25.43		
-328.98   	-5343.02   	 64.88   	 -20.35		
-334.17   	-5322.88   	 64.80   	 -20.35		
-340.88   	-5318.30   	 64.72   	 -25.43		
-338.75   	-5322.27   	 64.62   	 -30.52		
-312.50   	-5315.86   	 64.50   	 -30.52		
-250.55   	-5277.10   	 64.37   	 -35.61		
-150.76   	-5190.43   	 64.23   	 -40.69		
-25.02   	-5051.27   	 64.07   	 -40.69		
104.37   	-4866.03   	 63.91   	 -45.78		
212.10   	-4658.51   	 63.72   	 -45.78		
278.02   	-4468.08   	 63.54   	 -45.78		
287.48   	-4346.01   	 63.36   	 -45.78		
232.24   	-4333.50   	 63.17   	 -45.78		
117.19   	-4432.98   	 62.99   	 -40.69		
-36.62   	-4598.08   	 62.83   	 -45.78		
-192.87   	-4754.33   	 62.64   	 -40.69		
-309.75   	-4841.00   	 62.48   	 -40.69		
-363.16   	-4844.97   	 62.32   	 -35.61		
-357.97   	-4796.14   	 62.18   	 -25.43		
-323.18   	-4737.55   	 62.08   	 -20.35		
-290.22   	-4694.52   	 61.99   	 -10.17		
-276.79   	-4667.66   	 61.95(D)	  15.26		
-280.15   	-4644.17   	 62.01   	  40.69		
-287.17   	-4614.26   	 62.18   	  81.38		
-288.09   	-4578.25   	 62.50   	 122.07		
-282.90   	-4542.85   	 62.99   	 183.11		
-276.79   	-4512.02   	 63.72   	 249.24		
-273.74   	-4485.47   	 64.72   	 310.27		
-273.74   	-4459.53   	 65.96   	 366.22		
-273.74   	-4431.46   	 67.43   	 412.00		
-271.30   	-4399.72   	 69.07   	 432.35		
-266.11   	-4367.07   	 70.80   	 432.35		
-259.40   	-4335.02   	 72.53   	 417.09		
-252.69   	-4304.50   	 74.20   	 386.57		
-247.19   	-4274.60   	 75.75   	 356.05		
-244.14   	-4245.30   	 77.17   	 325.53		
-244.14   	-4217.22   	 78.47   	 300.10		
-246.28   	-4191.89   	 79.67   	 300.10		
-247.19   	-4168.09   	 80.87   	 295.01		
-244.45   	-4141.85   	 82.05   	 315.36		
-237.73   	-4111.94   	 83.32   	 335.71		
-229.80   	-4078.98   	 84.66   	 350.97		
-224.30   	-4046.63   	 86.06   	 371.31		
-222.17   	-4017.64   	 87.55   	 386.57		
-220.95   	-3992.00   	 89.09   	 396.74		
-217.90   	-3966.98   	 90.68   	 396.74		
-211.49   	-3940.12   	 92.27   	 396.74		
-203.86   	-3910.83   	 93.86   	 391.66		
-196.84   	-3880.31   	 95.42   	 386.57		
-192.26   	-3850.10   	 96.97   	 371.31		
-190.43   	-3820.50   	 98.45   	 361.14		
-190.12   	-3791.50   	 99.90   	 350.97		
-189.51   	-3762.21   	101.30   	 340.79		
-186.77   	-3731.99   	102.66   	 325.53		
-180.36   	-3699.65   	103.97   	 320.45		
-171.51   	-3664.86   	105.25   	 310.27		
-162.05   	-3628.54   	106.49   	 300.10		
-154.42   	-3591.61   	107.69   	 295.01		
-149.54   	-3554.99   	108.87   	 289.93		
-146.79   	-3518.98   	110.03   	 284.84		
-144.65   	-3482.97   	111.17   	 274.67		
-140.99   	-3446.05   	112.27   	 274.67		
-135.50   	-3408.51   	113.37   	 259.41		
-129.39   	-3371.28   	114.40   	 259.41		
-125.12   	-3335.27   	115.44   	 244.15		
-122.99   	-3300.48   	116.42   	 233.98		
-122.68   	-3265.69   	117.35   	 223.80		
-122.68   	-3231.81   	118.25   	 208.54		
-122.68   	-3200.07   	119.08   	 193.29		
-122.68   	-3171.08   	119.86   	 183.11		
-121.77   	-3144.84   	120.59   	 172.94		
-119.93   	-3119.81   	121.28   	 152.59		
-117.49   	-3094.79   	121.89   	 142.42		
-115.66   	-3070.68   	122.46   	 127.16		
-115.05   	-3047.49   	122.97   	 111.90		
-115.66   	-3024.90   	123.42   	  96.64		
-115.97   	-3002.32   	123.80   	  81.38		
-113.53   	-2980.04   	124.13   	  66.12		
-108.95   	-2959.59   	124.39   	  50.86		
-104.68   	-2943.73   	124.60   	  30.52		
-101.93   	-2931.52   	124.72   	  15.26		
-101.01   	-2921.75   	124.78(S)	  -5.09		
-101.01   	-2911.68   	124.76   	 -20.35		
-101.32   	-2901.61   	124.68   	 -35.61		
-102.23   	-2891.85   	124.54   	 -55.95		
-104.37   	-2883.00   	124.31   	 -81.38		
-107.73   	-2874.15   	123.99   	 -96.64		
-110.47   	-2864.07   	123.60   	-127.16		
-111.39   	-2850.95   	123.09   	-147.51		
-110.78   	-2836.00   	122.50   	-183.11		
-109.25   	-2820.43   	121.77   	-208.54		
-108.64   	-2805.79   	120.94   	-244.15		
-109.56   	-2792.36   	119.96   	-279.75		
-111.69   	-2780.46   	118.84   	-315.36		
-114.14   	-2769.17   	117.58   	-345.88		
-115.36   	-2756.65   	116.19   	-381.48		
-113.53   	-2741.09   	114.67   	-401.83		
-108.64   	-2722.17   	113.06   	-417.09		
-101.93   	-2701.72   	111.39   	-406.92		
-95.83   	-2680.97   	109.77   	-401.83		
-92.16   	-2661.44   	108.16   	-381.48		
-91.25   	-2641.91   	106.63   	-361.14		
-91.25   	-2619.02   	105.19   	-356.05		
-89.72   	-2590.03   	103.76   	-350.97		
-86.06   	-2554.63   	102.36   	-356.05		
-80.87   	-2516.48   	100.94   	-371.31		
-76.29   	-2480.77   	 99.45   	-386.57		
-73.24   	-2452.70   	 97.90   	-396.74		
-72.94   	-2432.25   	 96.32   	-401.83		
-73.55   	-2413.94   	 94.71   	-412.00		
-73.24   	-2391.05   	 93.06   	-401.83		
-70.19   	-2359.62   	 91.45   	-386.57		
-64.09   	-2323.61   	 89.91   	-381.48		
-56.76   	-2290.34   	 88.38   	-356.05		
-50.66   	-2266.24   	 86.96   	-345.88		
-47.30   	-2249.45   	 85.57   	-330.62		
-46.39   	-2234.50   	 84.25   	-320.45		
-45.17   	-2216.49   	 82.97   	-305.19		
-41.20   	-2193.91   	 81.75   	-295.01		
-33.57   	-2170.72   	 80.57   	-284.84		
-25.02   	-2152.71   	 79.43   	-274.67		
-19.53   	-2143.55   	 78.33   	-259.41		
-20.45   	-2143.86   	 77.29   	-249.24		
-27.77   	-2153.32   	 76.30   	-233.98		
-38.15   	-2170.11   	 75.36   	-218.72		
-48.22   	-2192.38   	 74.49   	-203.46		
-54.93   	-2215.58   	 73.67   	-193.29		
-58.90   	-2235.11   	 72.90   	-178.03		
-61.65   	-2247.31   	 72.19   	-162.77		
-64.70   	-2250.37   	 71.54   	-152.59		
-68.36   	-2246.70   	 70.93   	-147.51		
-71.11   	-2239.07   	 70.34   	-142.42		
-70.19   	-2229.92   	 69.77   	-132.25		
-64.09   	-2219.24   	 69.24   	-132.25		
-54.93   	-2207.95   	 68.71   	-127.16		
-47.00   	-2196.35   	 68.20   	-122.07		
-44.86   	-2185.97   	 67.71   	-116.99		
-47.91   	-2175.90   	 67.24   	-116.99		
-52.19   	-2164.92   	 66.77   	-106.82		
-52.80   	-2152.10   	 66.35   	-101.73		
-49.74   	-2138.06   	 65.94   	 -91.56		
-44.56   	-2124.02   	 65.57   	 -81.38		
-40.89   	-2111.21   	 65.25   	 -76.30		
-39.67   	-2097.78   	 64.94   	 -61.04		
-37.84   	-2082.82   	 64.70   	 -50.86		
-34.79   	-2065.73   	 64.50   	 -45.78		
-31.43   	-2048.95   	 64.31   	 -35.61		
-31.74   	-2035.52   	 64.17   	 -35.61		
-36.93   	-2028.20   	 64.03   	 -25.43		
-46.08   	-2030.64   	 63.93   	 -25.43		
-52.19   	-2042.85   	 63.82   	 -30.52		
-45.78   	-2059.94   	 63.70   	 -30.52		
-14.65   	-2067.87   	 63.58   	 -35.61		
 50.35   	-2050.17   	 63.44   	 -35.61		
149.23   	-1993.10   	 63.30   	 -40.69		
271.00   	-1889.95   	 63.13   	 -40.69		
393.37   	-1744.69   	 62.97   	 -40.69		
493.16   	-1573.79   	 62.81   	 -40.69		
550.54   	-1410.83   	 62.64   	 -40.69		
552.67   	-1302.80   	 62.48   	 -35.61		
492.86   	-1293.03   	 62.34   	 -40.69		
375.98   	-1391.91   	 62.18   	 -35.61		
221.56   	-1562.50   	 62.03   	 -35.61		
 65.31   	-1735.23   	 61.89   	 -35.61		
-52.80   	-1848.75   	 61.75   	 -30.52		
-108.03   	-1881.10   	 61.63   	 -30.52		
-104.37   	-1856.69   	 61.51   	 -20.35		
-69.89   	-1816.10   	 61.42   	 -15.26		
-34.79   	-1788.33   	 61.36(D)	   0.00		
-17.09   	-1777.65   	 61.36   	  20.35		
-14.95   	-1773.68   	 61.44   	  45.78		
-17.70   	-1763.61   	 61.63   	  76.30		
-17.09   	-1745.91   	 61.93   	 122.07		
-12.82   	-1725.77   	 62.42   	 178.03		
 -9.77   	-1710.21   	 63.13   	 239.06		
-10.38   	-1700.74   	 64.09   	 300.10		
-12.21   	-1693.73   	 65.29   	 361.14		
-12.21   	-1684.57   	 66.73   	 406.92		
 -8.24   	-1670.53   	 68.36   	 432.35		
 -1.83   	-1653.14   	 70.09   	 437.43		
  3.05   	-1636.96   	 71.84   	 427.26		
  4.58   	-1625.06   	 73.55   	 396.74		
  2.75   	-1616.82   	 75.14   	 366.22		
  0.61   	-1609.19   	 76.60   	 340.79		
  0.61   	-1598.82   	 77.97   	 320.45		
  3.97   	-1584.47   	 79.25   	 305.19		
  9.46   	-1567.08   	 80.47   	 310.27		
 15.26   	-1549.68   	 81.71   	 320.45		
 18.92   	-1534.73   	 82.99   	 340.79		
 20.45   	-1523.44   	 84.35   	 356.05		
 20.45   	-1514.28   	 85.78   	 376.40		
 19.84   	-1505.74   	 87.28   	 391.66		
 19.84   	-1495.36   	 88.85   	 396.74		
 20.45   	-1482.85   	 90.44   	 401.83		
 21.06   	-1468.81   	 92.04   	 396.74		
 22.28   	-1454.77   	 93.63   	 396.74		
 23.80   	-1441.65   	 95.22   	 386.57		
 26.55   	-1428.83   	 96.76   	 376.40		
 30.52   	-1416.02   	 98.27   	 361.14		
 35.40   	-1401.98   	 99.71   	 350.97		
 39.67   	-1386.72   	101.12   	 335.71		
 42.11   	-1370.85   	102.46   	 325.53		
 42.72   	-1354.98   	103.76   	 315.36		
 43.64   	-1338.50   	105.03   	 305.19		
 47.30   	-1320.80   	106.25   	 300.10		
 54.02   	-1300.96   	107.45   	 289.93		
 62.56   	-1279.30   	108.61   	 284.84		
 70.19   	-1255.80   	109.75   	 284.84		
 74.46   	-1233.22   	110.88   	 274.67		
 73.85   	-1213.07   	111.98   	 274.67		
 70.80   	-1195.68   	113.08   	 264.50		
 67.75   	-1178.28   	114.14   	 259.41		
 68.05   	-1159.06   	115.18   	 249.24		
 71.72   	-1137.70   	116.17   	 233.98		
 77.21   	-1116.33   	117.11   	 223.80		
 81.48   	-1097.72   	118.01   	 208.54		
 83.01   	-1082.46   	118.84   	 193.29		
 82.40   	-1069.03   	119.61   	 183.11		
 81.48   	-1054.08   	120.35   	 162.77		
 81.48   	-1037.60   	121.00   	 147.51		
 82.40   	-1022.03   	121.59   	 132.25		
 83.62   	-1009.22   	122.12   	 122.07		
 84.53   	-1000.06   	122.60   	 106.82		
 85.75   	-993.65   	123.03   	  91.56		
 86.67   	-986.94   	123.40   	  71.21		
 88.50   	-978.70   	123.68   	  61.04		
 90.94   	-969.85   	123.93   	  45.78		
 94.30   	-961.61   	124.11   	  30.52		
 98.27   	-955.81   	124.23   	  15.26		
101.62   	-952.45   	124.29(S)	   0.00		
102.84   	-951.23   	124.29   	 -20.35		
 99.79   	-953.67   	124.21   	 -30.52		
 90.64   	-961.30   	124.09   	 -50.86		
 75.68   	-975.04   	123.89   	 -71.21		
 59.81   	-990.91   	123.60   	 -91.56		
 47.61   	-1002.81   	123.23   	-111.90		
 44.56   	-1005.55   	122.79   	-137.33		
 49.74   	-999.76   	122.24   	-167.85		
 57.98   	-990.60   	121.57   	-193.29		
 63.78   	-983.58   	120.79   	-233.98		
 64.39   	-980.84   	119.86   	-269.58		
 61.34   	-979.31   	118.78   	-305.19		
 58.29   	-976.26   	117.56   	-345.88		
 57.68   	-970.76   	116.17   	-376.40		
 60.12   	-964.66   	114.67   	-401.83		
 63.48   	-959.78   	113.06   	-406.92		
 65.92   	-956.42   	111.43   	-406.92		
 66.83   	-952.45   	109.81   	-396.74		
 68.05   	-945.13   	108.22   	-376.40		
 71.11   	-933.53   	106.71   	-361.14		
 75.68   	-917.97   	105.27   	-356.05		
 80.87   	-900.27   	103.84   	-345.88		
 85.75   	-880.74   	102.46   	-356.05		
 90.33   	-860.60   	101.04   	-361.14		
 96.74   	-840.45   	 99.59   	-371.31		
106.51   	-822.14   	 98.11   	-386.57		
117.49   	-806.88   	 96.56   	-386.57		
126.65   	-793.46   	 95.01   	-381.48		
132.14   	-778.81   	 93.49   	-381.48		
134.58   	-760.50   	 91.96   	-366.22		
135.80   	-739.75   	 90.50   	-356.05		
136.72   	-721.44   	 89.07   	-340.79		
135.19   	-708.92   	 87.71   	-325.53		
130.62   	-701.29   	 86.41   	-320.45		
124.82   	-694.89   	 85.13   	-305.19		
122.38   	-686.04   	 83.91   	-300.10		
126.65   	-674.13   	 82.71   	-289.93		
136.41   	-662.84   	 81.55   	-279.75		
146.18   	-656.74   	 80.43   	-274.67		
150.15   	-657.96   	 79.33   	-259.41		
145.57   	-668.03   	 78.29   	-249.24		
134.28   	-687.56   	 77.29   	-233.98		
120.24   	-715.33   	 76.36   	-218.72		
106.51   	-749.21   	 75.48   	-208.54		
 96.44   	-784.30   	 74.65   	-188.20		
 90.94   	-814.51   	 73.90   	-178.03		
 90.94   	-834.96   	 73.18   	-162.77		
 93.99   	-843.81   	 72.53   	-152.59		
 94.91   	-845.03   	 71.92   	-142.42		
 89.42   	-844.12   	 71.35   	-132.25		
 77.51   	-845.34   	 70.82   	-127.16		
 62.87   	-848.08   	 70.32   	-122.07		
 52.19   	-848.69   	 69.83   	-116.99		
 48.22   	-844.42   	 69.36   	-111.90		
 50.96   	-835.88   	 68.91   	-106.82		
 59.51   	-825.20   	 68.48   	-101.73		
 75.99   	-812.68   	 68.08   	 -91.56		
102.23   	-798.65   	 67.71   	 -81.38		
134.58   	-787.35   	 67.39   	 -66.12		
161.44   	-786.44   	 67.12   	 -55.95		
169.68   	-801.39   	 66.90   	 -50.86		
155.33   	-825.50   	 66.69   	 -35.61		
128.48   	-844.12   	 66.55   	 -30.52		
105.90   	-842.29   	 66.43   	 -25.43		
 97.96   	-819.70   	 66.33   	 -20.35		
103.76   	-791.63   	 66.25   	 -25.43		
112.30   	-777.28   	 66.14   	 -20.35		
112.30   	-786.74   	 66.06   	 -30.52		
101.62   	-816.04   	 65.94   	 -35.61		
 91.86   	-849.00   	 65.80   	 -40.69		
102.23   	-864.87   	 65.64   	 -40.69		
150.15   	-847.17   	 65.47   	 -50.86		
238.65   	-787.66   	 65.27   	 -55.95		
353.39   	-684.51   	 65.05   	 -55.95		
466.61   	-543.21   	 64.82   	 -55.95		
553.89   	-380.86   	 64.60   	 -55.95		
598.75   	-231.32   	 64.37   	 -55.95		
589.29   	-140.69   	 64.15   	 -55.95		
516.05   	-148.62   	 63.93   	 -55.95		
382.08   	-261.23   	 63.70   	 -50.86		
210.27   	-437.93   	 63.50   	 -50.86		
 47.00   	-608.52   	 63.30   	 -50.86		
-57.68   	-713.50   	 63.09   	 -50.86		
-82.40   	-737.61   	 62.89   	 -50.86		
-46.69   	-709.53   	 62.69   	 -40.69		
  5.49   	-674.44   	 62.52   	 -30.52		
 36.93   	-661.62   	 62.40   	 -20.35		
 38.15   	-672.00   	 62.32(D)	   0.00		
 22.28   	-688.78   	 62.32   	  30.52		
  7.63   	-696.41   	 62.44   	  61.04		
  3.36   	-690.00   	 62.69   	 106.82		
  7.02   	-676.27   	 63.11   	 162.77		
 11.29   	-663.45   	 63.76   	 218.72		
 12.21   	-653.69   	 64.64   	 289.93		
  9.77   	-643.01   	 65.80   	 340.79		
  4.88   	-625.92   	 67.16   	 386.57		
 -1.53   	-603.03   	 68.71   	 406.92		
 -8.54   	-581.67   	 70.34   	 417.09		
-16.17   	-570.07   	 72.00   	 406.92		
-24.11   	-571.90   	 73.63   	 381.48		
-33.26   	-581.36   	 75.16   	 350.97		
-43.64   	-585.63   	 76.56   	 330.62		
-54.93   	-573.73   	 77.88   	 310.27		
-68.97   	-544.43   	 79.12   	 300.10		
-84.84   	-503.85   	 80.33   	 305.19		
-99.18   	-466.31   	 81.55   	 315.36		
-106.20   	-445.86   	 82.81   	 335.71		
-100.10   	-447.39   	 84.15   	 350.97		
-79.04   	-468.14   	 85.55   	 371.31		
-48.83   	-493.47   	 87.04   	 386.57		
-17.09   	-494.38   	 88.59   	 396.74		
  9.77   	-458.07   	 90.17   	 401.83		
 30.21   	-387.88   	 91.78   	 401.83		
 47.30   	-293.88   	 93.39   	 396.74		
 62.56   	-192.87   	 94.97   	 386.57		
 76.90   	-108.34   	 96.52   	 381.48		
 88.81   	-54.32   	 98.05   	 371.31		
 96.44   	-45.47   	 99.53   	 361.14		
 98.57   	-93.08   	100.98   	 350.97		
 96.13   	-135.19   	102.38   	 340.79		
 90.94   	-57.68   	103.74   	 330.62		
 85.75   	227.66   	105.07   	 320.45		
 83.31   	678.71   	106.35   	 315.36		
 84.84   	1051.94   	107.61   	 305.19		
 89.11   	1084.29   	108.83   	 295.01		
 94.30   	699.46   	110.01   	 289.93		
 98.27   	 85.45   	111.17   	 279.75		
100.71   	-397.95   	112.29   	 269.58		
101.93   	-504.76   	113.37   	 259.41		
102.84   	-275.27   	114.40   	 249.24		
104.06   	 39.06   	115.40   	 244.15		
104.68   	205.08   	116.38   	 233.98		
104.37   	227.97   	117.31   	 223.80		
103.15   	394.59   	118.21   	 208.54		
101.01   	853.88   	119.04   	 193.29		
 99.18   	1437.07   	119.82   	 178.03		
 99.18   	1931.76   	120.53   	 157.68		
100.40   	2214.36   	121.16   	 137.33		
102.54   	2345.58   	121.71   	 122.07		
103.15   	2537.23   	122.20   	 106.82		
101.62   	2803.65   	122.62   	  96.64		
 97.66   	2803.96(R)	123.01   	  76.30		
 94.30   	2296.45   	123.32   	  71.21		
 93.38   	1475.52   	123.60   	  50.86		
 94.91   	751.65   	123.80   	  40.69		
 96.13   	375.67   	123.97   	  30.52		
 94.30   	262.45   	124.09   	  10.17		
 88.50   	135.80   	124.13(S)	  -5.09		
 81.18   	-175.17   	124.11   	 -15.26		
 75.07   	-551.15   	124.05   	 -35.61		
 71.72   	-758.36   	123.91   	 -55.95		
 69.27   	-721.74   	123.68   	 -71.21		
 66.53   	-575.87   	123.40   	 -96.64		
 62.26   	-484.92   	123.01   	-122.07		
 57.37   	-494.69   	122.52   	-147.51		
 52.80   	-549.93   	121.93   	-183.11		
 50.35   	-589.29   	121.20   	-213.63		
 48.52   	-592.65   	120.35   	-249.24		
 46.69   	-572.81   	119.35   	-289.93		
 44.56   	-550.84   	118.19   	-330.62		
 41.81   	-542.91   	116.87   	-366.22		
 39.06   	-551.45   	115.40   	-386.57		
 36.62   	-566.10   	113.86   	-406.92		
 34.48   	-572.81   	112.23   	-406.92		
 33.57   	-567.63   	110.60   	-396.74		
 34.48   	-556.34   	109.01   	-391.66		
 36.32   	-546.57   	107.45   	-376.40		
 36.93   	-539.86   	105.94   	-371.31		
 34.18   	-531.62   	104.46   	-371.31		
 29.91   	-515.44   	102.97   	-376.40		
 28.08   	-489.20   	101.46   	-381.48		
 30.82   	-455.32   	 99.94   	-381.48		
 37.54   	-421.14   	 98.41   	-376.40		
 43.95   	-395.81   	 96.91   	-371.31		
 45.47   	-382.08   	 95.42   	-361.14		
 41.81   	-376.28   	 93.98   	-350.97		
 36.01   	-369.87   	 92.57   	-345.88		
 32.65   	-355.83   	 91.19   	-340.79		
 34.48   	-332.95   	 89.83   	-335.71		
 40.89   	-307.31   	 88.48   	-340.79		
 48.52   	-285.95   	 87.12   	-335.71		
 56.15   	-272.52   	 85.78   	-330.62		
 62.56   	-265.20   	 84.46   	-335.71		
 68.05   	-259.09   	 83.11   	-325.53		
 71.72   	-252.69   	 81.81   	-310.27		
 74.16   	-246.89   	 80.57   	-300.10		
 74.77   	-244.75   	 79.37   	-279.75		
 74.77   	-247.80   	 78.25   	-254.32		
 75.38   	-255.74   	 77.23   	-239.06		
 75.99   	-268.86   	 76.28   	-213.63		
 74.46   	-290.22   	 75.42   	-203.46		
 69.89   	-321.04   	 74.61   	-178.03		
 61.95   	-358.28   	 73.90   	-162.77		
 52.80   	-394.59   	 73.24   	-147.51		
 44.86   	-423.28   	 72.65   	-132.25		
 39.67   	-441.89   	 72.13   	-116.99		
 37.84   	-453.80   	 71.66   	-111.90		
 38.45   	-463.87   	 71.21   	-106.82		
 41.20   	-473.94   	 70.78   	-116.99		
 45.17   	-484.01   	 70.32   	-127.16		
 49.13   	-491.33   	 69.81   	-137.33		
 52.19   	-494.69   	 69.26   	-147.51		
 52.80   	-494.69   	 68.67   	-157.68		
 50.96   	-493.47   	 68.04   	-157.68		
 47.91   	-492.86   	 67.41   	-142.42		
 45.47   	-493.16   	 66.84   	-111.90		
 43.95   	-493.47   	 66.39   	 -71.21		
 43.64   	-491.94   	 66.10   	 -30.52		
 43.03   	-487.37   	 65.98   	   5.09		
 41.50   	-481.57   	 66.00   	  30.52		
 39.06   	-476.07   	 66.12   	  35.61		
 36.93   	-471.50   	 66.27   	  25.43		
 36.01   	-466.31   	 66.37   	  -5.09		
 35.71   	-457.46   	 66.35   	 -50.86		
 33.87   	-446.47   	 66.14   	 -91.56		
 28.38   	-440.37   	 65.78   	-127.16		
 19.53   	-447.69   	 65.27   	-147.51		
 11.60   	-472.41   	 64.68   	-142.42		
 15.87   	-506.29   	 64.11   	-122.07		
 48.22   	-528.87   	 63.62   	 -86.47		
119.93   	-519.10   	 63.28   	 -40.69		
230.71   	-463.56   	 63.11   	   0.00		
362.85   	-360.41   	 63.11   	  35.61		
488.28   	-219.42   	 63.26   	  61.04		
580.14   	-63.48   	 63.50   	  76.30		
618.59   	 71.72   	 63.80   	  76.30		
593.26   	141.60   	 64.11   	  61.04		
500.49   	113.53   	 64.35   	  35.61		
352.17   	-11.60   	 64.50   	  -5.09		
177.31   	-187.99   	 64.48   	 -50.86		
 20.45   	-349.73   	 64.27   	 -81.38		
-75.99   	-446.47   	 63.95   	-122.07		
-97.05   	-469.36   	 63.46   	-142.42		
-62.56   	-446.47   	 62.89   	-147.51		
-12.21   	-415.65   	 62.30   	-137.33		
 20.75   	-400.09   	 61.75   	-111.90		
 27.16   	-399.78   	 61.30   	 -76.30		
 18.01   	-403.75   	 61.00   	 -20.35		
  9.46   	-402.83   	 60.92(D)	  45.78		
  9.77   	-395.51   	 61.10   	 122.07		
 16.48   	-386.35   	 61.59   	 213.63		
 24.11   	-379.64   	 62.44   	 295.01		
 28.99   	-376.59   	 63.62   	 381.48		
 31.43   	-375.37   	 65.15   	 442.52		
 31.74   	-373.23   	 66.92   	 493.39		
 30.21   	-368.65   	 68.89   	 513.73		
 27.47   	-361.94   	 70.95   	 503.56		
 25.02   	-354.31   	 72.96   	 473.04		
 23.50   	-346.68   	 74.85   	 427.26		
 22.28   	-340.27   	 76.56   	 381.48		
 21.06   	-336.91   	 78.09   	 330.62		
 19.53   	-337.22   	 79.41   	 289.93		
 18.31   	-339.36   	 80.57   	 264.50		
 18.62   	-340.27   	 81.63   	 259.41		
 19.53   	-337.52   	 82.66   	 259.41		
 20.45   	-329.90   	 83.70   	 284.84		
 21.36   	-320.43   	 84.84   	 305.19		
 21.67   	-312.50   	 86.06   	 340.79		
 21.97   	-307.92   	 87.43   	 376.40		
 22.58   	-305.79   	 88.93   	 396.74		
 23.80   	-304.57   	 90.52   	 417.09		
 25.94   	-301.51   	 92.19   	 432.35		
 29.60   	-295.72   	 93.92   	 437.43		
 34.79   	-288.09   	 95.67   	 427.26		
 38.76   	-281.07   	 97.37   	 412.00		
 39.67   	-277.40   	 99.02   	 391.66		
 38.15   	-276.79   	100.59   	 371.31		
 36.32   	-276.49   	102.07   	 345.88		
 38.15   	-270.69   	103.46   	 320.45		
 44.56   	-257.26   	104.74   	 300.10		
 52.19   	-238.04   	105.94   	 279.75		
 57.98   	-217.59   	107.06   	 269.58		
 59.51   	-200.81   	108.14   	 254.32		
 58.90   	-190.12   	109.16   	 244.15		
 60.42   	-181.88   	110.13   	 233.98		
 66.22   	-171.81   	111.07   	 233.98		
 75.07   	-157.17   	112.00   	 218.72		
 83.62   	-137.94   	112.88   	 213.63		
 89.11   	-117.80   	113.73   	 208.54		
 91.25   	-101.01   	114.57   	 193.29		
 90.64   	-89.11   	115.34   	 193.29		
 88.81   	-81.18   	116.11   	 188.20		
 86.67   	-75.07   	116.87   	 188.20		
 84.53   	-69.58   	117.62   	 193.29		
 83.01   	-64.09   	118.39   	 198.37		
 83.31   	-57.98   	119.19   	 203.46		
 85.14   	-50.96   	120.00   	 188.20		
 86.67   	-43.03   	120.75   	 178.03		
 87.28   	-35.10   	121.46   	 142.42		
 86.36   	-28.99   	122.03   	 106.82		
 85.14   	-26.25   	122.46   	  71.21		
 85.14   	-27.47   	122.75   	  40.69		
 86.06   	-32.04   	122.91   	  20.35		
 86.36   	-38.76   	122.99   	  10.17		
 84.53   	-47.00   	123.03   	  20.35		
 80.26   	-55.85   	123.11   	  30.52		
 74.46   	-64.09   	123.23   	  40.69		
 68.97   	-71.41   	123.40   	  55.95		
 64.09   	-77.51   	123.62   	  55.95		
 59.81   	-83.01   	123.84   	  45.78		
 56.15   	-87.28   	124.03   	  30.52		
 52.49   	-90.94   	124.15(S)	  -5.09		
 48.83   	-94.30   	124.13   	 -50.86		
 43.95   	-98.57   	123.93   	 -96.64		
 37.23   	-103.76   	123.54   	-157.68		
 28.38   	-108.64   	122.91   	-213.63		
 19.23   	-109.25   	122.05   	-269.58		
 12.82   	-104.68   	120.98   	-315.36		
 10.38   	-97.96   	119.71   	-361.14		
 11.90   	-95.21   	118.27   	-391.66		
 14.65   	-100.40   	116.70   	-406.92		
 16.78   	-112.92   	115.08   	-412.00		
 16.78   	-126.34   	113.43   	-396.74		
 15.26   	-133.67   	111.84   	-386.57		
 14.04   	-130.92   	110.29   	-356.05		
 13.73   	-120.54   	108.87   	-340.79		
 14.65   	-108.03   	107.51   	-325.53		
 16.78   	-97.05   	106.21   	-325.53		
 19.53   	-87.59   	104.90   	-330.62		
 23.19   	-77.21   	103.58   	-340.79		
 27.16   	-63.17   	102.22   	-356.05		
 30.21   	-46.08   	100.79   	-371.31		
 30.52   	-29.30   	 99.31   	-381.48		
 27.77   	-15.87   	 97.78   	-391.66		
 23.19   	 -6.10   	 96.22   	-386.57		
 20.14   	  2.14   	 94.67   	-386.57		
 19.84   	 12.51   	 93.12   	-371.31		
 23.19   	 25.94   	 91.64   	-356.05		
 28.99   	 40.59   	 90.21   	-345.88		
 35.71   	 51.88   	 88.83   	-325.53		
 42.11   	 57.98   	 87.53   	-305.19		
 46.08   	 60.42   	 86.31   	-289.93		
 47.30   	 61.95   	 85.15   	-279.75		
 47.30   	 64.39   	 84.03   	-259.41		
 48.83   	 68.97   	 82.99   	-249.24		
 54.02   	 75.38   	 81.99   	-239.06		
 61.65   	 81.18   	 81.04   	-228.89		
 67.44   	 82.70   	 80.12   	-223.80		
 66.83   	 74.16   	 79.23   	-213.63		
 57.68   	 50.96   	 78.37   	-213.63		
 42.42   	 12.82   	 77.52   	-208.54		
 26.25   	-34.18   	 76.68   	-203.46		
 14.34   	-79.65   	 75.87   	-188.20		
  8.54   	-113.53   	 75.12   	-178.03		
  7.32   	-133.36   	 74.40   	-162.77		
  7.02   	-142.82   	 73.75   	-147.51		
  6.10   	-147.71   	 73.16   	-127.16		
  3.66   	-153.20   	 72.65   	-122.07		
 -0.31   	-161.44   	 72.17   	-101.73		
 -3.97   	-169.98   	 71.76   	-101.73		
 -6.41   	-175.78   	 71.35   	 -91.56		
 -7.02   	-176.70   	 70.99   	 -91.56		
 -4.88   	-172.73   	 70.62   	 -86.47		
 -0.92   	-165.71   	 70.27   	 -86.47		
  2.75   	-159.91   	 69.93   	 -81.38		
  3.66   	-157.78   	 69.60   	 -76.30		
  1.83   	-159.30   	 69.30   	 -71.21		
 -1.53   	-163.27   	 69.01   	 -66.12		
 -3.97   	-167.24   	 68.75   	 -50.86		
 -4.27   	-170.59   	 68.55   	 -45.78		
 -2.14   	-172.42   	 68.36   	 -35.61		
  1.53   	-173.03   	 68.22   	 -25.43		
  5.80   	-173.03   	 68.12   	 -20.35		
  7.32   	-175.17   	 68.04   	 -15.26		
  3.97   	-184.02   	 67.98   	  -5.09		
 -5.19   	-202.94   	 67.95   	  -5.09		
-15.56   	-231.63   	 67.93   	  -5.09		
-16.48   	-263.98   	 67.91   	  -5.09		
  5.80   	-285.34   	 67.89   	 -15.26		
 61.95   	-279.54   	 67.83   	 -15.26		
152.28   	-235.29   	 67.77   	 -25.43		
265.20   	-147.09   	 67.67   	 -30.52		
380.55   	-18.31   	 67.55   	 -35.61		
477.29   	137.02   	 67.41   	 -40.69		
536.80   	289.61   	 67.24   	 -40.69		
543.52   	397.34   	 67.08   	 -40.69		
484.92   	417.48   	 66.92   	 -35.61		
359.80   	332.03   	 66.77   	 -35.61		
190.43   	165.71   	 66.63   	 -30.52		
 21.06   	-19.84   	 66.51   	 -25.43		
-97.66   	-161.44   	 66.41   	 -20.35		
-137.63   	-225.22   	 66.33   	 -15.26		
-108.34   	-222.17   	 66.27   	 -10.17		
-50.05   	-187.38   	 66.23   	  -5.09		
 -2.44   	-154.11   	 66.21(D)	  10.17		
 14.65   	-138.55   	 66.25   	  25.43		
  8.24   	-139.16   	 66.35   	  40.69		
 -4.58   	-146.48   	 66.51   	  61.04		
-12.51   	-152.28   	 66.75   	  96.64		
-14.04   	-153.20   	 67.14   	 127.16		
-12.21   	-148.32   	 67.65   	 172.94		
-10.68   	-139.77   	 68.34   	 218.72		
 -8.54   	-130.62   	 69.22   	 264.50		
 -5.80   	-122.07   	 70.27   	 295.01		
 -3.66   	-114.75   	 71.45   	 315.36		
 -3.05   	-108.95   	 72.72   	 325.53		
 -4.27   	-106.81   	 74.02   	 325.53		
 -6.41   	-111.39   	 75.32   	 315.36		
 -8.54   	-120.54   	 76.58   	 310.27		
-10.38   	-130.62   	 77.82   	 300.10		
-11.60   	-135.80   	 79.02   	 295.01		
-12.21   	-134.28   	 80.20   	 300.10		
-12.21   	-128.78   	 81.40   	 305.19		
-10.38   	-124.21   	 82.62   	 315.36		
 -8.54   	-122.38   	 83.89   	 330.62		
 -8.24   	-121.46   	 85.21   	 340.79		
-10.68   	-119.32   	 86.57   	 350.97		
-15.26   	-115.36   	 87.98   	 366.22		
-19.53   	-111.39   	 89.44   	 376.40		
-20.45   	-108.95   	 90.95   	 386.57		
-17.09   	-107.73   	 92.49   	 391.66		
-10.68   	-106.20   	 94.06   	 396.74		
 -4.58   	-102.54   	 95.65   	 386.57		
 -1.53   	-97.35   	 97.19   	 376.40		
 -1.22   	-91.55   	 98.70   	 356.05		
 -1.53   	-85.75   	100.12   	 340.79		
 -0.31   	-80.87   	101.48   	 330.62		
  3.05   	-76.90   	102.81   	 325.53		
  7.32   	-72.94   	104.11   	 320.45		
 10.99   	-68.66   	105.39   	 325.53		
 13.43   	-63.17   	106.69   	 325.53		
 17.09   	-54.93   	108.00   	 330.62		
 21.97   	-44.56   	109.32   	 330.62		
 27.47   	-32.96   	110.64   	 335.71		
 32.35   	-20.75   	111.98   	 330.62		
 35.71   	 -8.24   	113.31   	 330.62		
 38.45   	  4.58   	114.63   	 330.62		
 42.11   	 18.31   	115.95   	 330.62		
 47.30   	 33.57   	117.27   	 335.71		
 51.57   	 48.83   	118.62   	 325.53		
 52.49   	 61.65   	119.92   	 310.27		
 50.35   	 69.89   	121.16   	 279.75		
 47.00   	 73.85   	122.28   	 244.15		
 46.39   	 76.60   	123.25   	 188.20		
 50.35   	 82.70   	124.01   	 137.33		
 57.07   	 93.38   	124.56   	  81.38		
 63.48   	105.90   	124.88   	  35.61		
 67.14   	115.97   	125.02(S)	   0.00		
 68.05   	121.15   	125.02   	 -15.26		
 67.44   	120.85   	124.96   	 -30.52		
 67.14   	118.10   	124.84   	 -25.43		
 68.05   	115.97   	124.74   	 -30.52		
 69.89   	115.36   	124.62   	 -25.43		
 71.41   	114.75   	124.52   	 -30.52		
 70.50   	112.30   	124.39   	 -35.61		
 65.92   	106.20   	124.25   	 -50.86		
 58.29   	 97.35   	124.05   	 -66.12		
 48.52   	 87.28   	123.78   	 -86.47		
 39.98   	 78.74   	123.44   	-106.82		
 33.57   	 72.02   	123.01   	-132.25		
 28.38   	 66.22   	122.48   	-152.59		
 23.19   	 59.20   	121.87   	-162.77		
 17.70   	 50.35   	121.22   	-188.20		
 12.82   	 40.89   	120.47   	-198.37		
  9.16   	 32.96   	119.67   	-218.72		
  7.02   	 27.47   	118.80   	-244.15		
  4.88   	 23.80   	117.82   	-274.67		
  1.83   	 19.84   	116.72   	-305.19		
 -1.83   	 14.95   	115.50   	-335.71		
 -6.10   	  9.77   	114.16   	-361.14		
-10.07   	  5.49   	112.72   	-376.40		
-14.65   	  3.36   	111.21   	-381.48		
-20.14   	  3.05   	109.68   	-371.31		
-25.33   	  3.05   	108.20   	-361.14		
-28.99   	  2.75   	106.75   	-345.88		
-30.21   	  3.36   	105.37   	-330.62		
-28.69   	  6.71   	104.05   	-330.62		
-26.25   	 13.43   	102.73   	-330.62		
-24.41   	 23.80   	101.40   	-340.79		
-23.50   	 36.93   	100.04   	-345.88		
-22.58   	 51.88   	 98.66   	-350.97		
-20.45   	 68.36   	 97.25   	-356.05		
-16.78   	 84.84   	 95.83   	-350.97		
-12.51   	 98.27   	 94.42   	-345.88		
 -8.85   	107.42   	 93.04   	-335.71		
 -6.10   	114.44   	 91.70   	-315.36		
 -3.97   	123.29   	 90.44   	-310.27		
 -1.53   	137.33   	 89.20   	-295.01		
  0.61   	155.03   	 88.02   	-289.93		
  2.44   	171.51   	 86.86   	-284.84		
  5.19   	182.50   	 85.72   	-284.84		
  9.16   	189.51   	 84.58   	-279.75		
 14.34   	195.31   	 83.46   	-284.84		
 19.23   	201.42   	 82.32   	-284.84		
 22.58   	207.21   	 81.18   	-274.67		
 24.72   	208.74   	 80.08   	-269.58		
 26.55   	204.47   	 79.00   	-259.41		
 28.69   	195.01   	 77.97   	-244.15		
 29.91   	180.66   	 76.99   	-223.80		
 28.08   	159.00   	 76.09   	-208.54		
 21.67   	128.17   	 75.26   	-188.20		
 12.21   	 88.50   	 74.51   	-167.85		
  2.44   	 45.78   	 73.83   	-152.59		
 -5.80   	  8.24   	 73.22   	-137.33		
-11.29   	-17.70   	 72.68   	-122.07		
-13.43   	-31.13   	 72.19   	-111.90		
-13.43   	-36.01   	 71.74   	-101.73		
-11.29   	-38.15   	 71.33   	-101.73		
 -8.54   	-41.20   	 70.93   	 -96.64		
 -7.02   	-46.69   	 70.54   	 -96.64		
 -8.54   	-52.80   	 70.15   	 -91.56		
-12.21   	-56.46   	 69.79   	 -96.64		
-15.56   	-57.37   	 69.40   	 -91.56		
-16.48   	-56.15   	 69.03   	 -81.38		
-14.34   	-56.46   	 68.71   	 -71.21		
-11.29   	-60.12   	 68.42   	 -66.12		
-10.38   	-65.92   	 68.16   	 -50.86		
-10.99   	-70.80   	 67.95   	 -35.61		
-10.99   	-72.02   	 67.81   	 -25.43		
 -8.85   	-70.19   	 67.71   	 -15.26		
 -4.88   	-68.66   	 67.65   	 -10.17		
 -0.92   	-69.27   	 67.61   	  -5.09		
  0.00   	-72.02   	 67.59   	  -5.09		
 -1.83   	-75.68   	 67.57   	  -5.09		
 -6.41   	-80.87   	 67.55   	 -10.17		
-12.51   	-91.55   	 67.51   	 -15.26		
-16.78   	-112.00   	 67.45   	 -20.35		
-13.73   	-140.38   	 67.36   	 -25.43		
  7.32   	-162.35   	 67.26   	 -30.52		
 56.46   	-158.39   	 67.14   	 -30.52		
137.02   	-112.61   	 67.02   	 -40.69		
239.87   	-18.31   	 66.86   	 -40.69		
346.37   	118.71   	 66.69   	 -45.78		
434.27   	279.85   	 66.51   	 -45.78		
484.31   	431.21   	 66.33   	 -45.78		
481.26   	527.04   	 66.14   	 -45.78		
417.18   	525.21   	 65.96   	 -45.78		
296.63   	414.12   	 65.78   	 -45.78		
143.43   	228.88   	 65.59   	 -45.78		
 -2.75   	 38.76   	 65.41   	 -40.69		
-99.79   	-92.16   	 65.25   	 -40.69		
-128.48   	-139.77   	 65.09   	 -35.61		
-101.01   	-125.43   	 64.94   	 -25.43		
-52.80   	-89.42   	 64.84   	 -15.26		
-15.26   	-63.17   	 64.78   	  -5.09		
 -2.14   	-56.76   	 64.76(D)	  20.35		
 -7.02   	-63.17   	 64.84   	  40.69		
-15.56   	-71.11   	 65.00   	  71.21		
-18.92   	-74.77   	 65.29   	 111.90		
-16.48   	-72.02   	 65.74   	 162.77		
-11.29   	-65.31   	 66.39   	 218.72		
 -6.41   	-57.98   	 67.26   	 274.67		
 -3.05   	-53.10   	 68.36   	 330.62		
 -1.83   	-50.66   	 69.68   	 371.31		
 -3.66   	-49.44   	 71.17   	 401.83		
 -7.63   	-47.00   	 72.78   	 406.92		
-12.82   	-43.64   	 74.40   	 401.83		
-17.09   	-41.20   	 76.01   	 381.48		
-19.84   	-39.37   	 77.54   	 361.14		
-21.36   	-36.62   	 78.98   	 335.71		
-21.06   	-31.13   	 80.33   	 315.36		
-18.62   	-22.58   	 81.59   	 310.27		
-14.95   	-14.34   	 82.83   	 310.27		
-10.99   	-10.07   	 84.07   	 320.45		
 -9.46   	-11.60   	 85.35   	 335.71		
-10.68   	-16.78   	 86.69   	 350.97		
-12.51   	-20.45   	 88.10   	 366.22		
-10.99   	-18.62   	 89.56   	 381.48		
 -4.88   	-11.29   	 91.09   	 391.66		
  3.97   	 -1.53   	 92.65   	 396.74		
 12.82   	  5.49   	 94.24   	 396.74		
 17.40   	  5.49   	 95.83   	 391.66		
 17.09   	  0.61   	 97.40   	 391.66		
 14.34   	 -4.88   	 98.96   	 381.48		
 12.51   	 -5.19   	100.49   	 371.31		
 13.73   	  1.83   	101.97   	 361.14		
 18.92   	 14.04   	103.42   	 350.97		
 25.63   	 25.94   	104.82   	 340.79		
 30.52   	 33.26   	106.18   	 330.62		
 32.96   	 35.71   	107.51   	 320.45		
 34.18   	 36.62   	108.79   	 315.36		
 36.01   	 39.98   	110.05   	 305.19		
 39.98   	 48.83   	111.27   	 300.10		
 45.47   	 61.95   	112.47   	 295.01		
 50.35   	 75.99   	113.65   	 284.84		
 52.49   	 88.20   	114.79   	 279.75		
 51.88   	 97.66   	115.91   	 264.50		
 50.05   	105.59   	116.97   	 259.41		
 48.52   	114.14   	118.01   	 249.24		
 48.52   	124.82   	119.00   	 233.98		
 50.96   	137.02   	119.94   	 228.89		
 54.93   	148.62   	120.85   	 208.54		
 58.59   	157.78   	121.69   	 198.37		
 60.73   	163.57   	122.48   	 183.11		
 60.42   	166.93   	123.21   	 167.85		
 57.98   	169.07   	123.89   	 152.59		
 55.54   	171.51   	124.50   	 137.33		
 54.93   	176.09   	125.05   	 122.07		
 56.76   	181.27   	125.53   	 111.90		
 59.81   	185.55   	125.98   	  91.56		
 62.56   	186.77   	126.35   	  76.30		
 62.87   	184.63   	126.65   	  66.12		
 60.42   	179.14   	126.92   	  45.78		
 55.54   	172.12   	127.10   	  35.61		
 49.74   	164.79   	127.24   	  20.35		
 43.95   	156.86   	127.32   	   5.09		
 39.06   	148.01   	127.34(S)	 -10.17		
 34.79   	138.24   	127.30   	 -30.52		
 30.21   	126.95   	127.18   	 -50.86		
 25.33   	115.66   	126.98   	 -71.21		
 20.14   	106.20   	126.69   	 -91.56		
 16.17   	100.71   	126.33   	-116.99		
 11.90   	 97.96   	125.86   	-132.25		
  8.24   	 95.83   	125.33   	-162.77		
  5.80   	 91.55   	124.68   	-193.29		
  5.80   	 85.75   	123.91   	-218.72		
  7.93   	 81.18   	123.03   	-259.41		
 10.07   	 79.96   	121.99   	-289.93		
  8.54   	 81.79   	120.83   	-330.62		
  2.14   	 83.31   	119.51   	-356.05		
 -6.10   	 81.79   	118.09   	-381.48		
-12.21   	 75.99   	116.56   	-396.74		
-14.65   	 67.75   	114.97   	-401.83		
-15.56   	 59.81   	113.37   	-386.57		
-16.48   	 54.93   	111.82   	-376.40		
-18.31   	 55.24   	110.31   	-361.14		
-18.62   	 61.65   	108.87   	-350.97		
-15.56   	 74.46   	107.47   	-345.88		
 -9.16   	 92.16   	106.08   	-350.97		
 -2.14   	113.53   	104.68   	-356.05		
  3.05   	136.72   	103.25   	-366.22		
  4.27   	157.47   	101.79   	-371.31		
  2.44   	172.12   	100.30   	-371.31		
 -1.22   	180.05   	 98.82   	-366.22		
 -4.58   	185.24   	 97.35   	-356.05		
 -5.19   	194.40   	 95.93   	-340.79		
 -2.14   	211.18   	 94.57   	-325.53		
  3.97   	232.54   	 93.27   	-310.27		
 10.99   	250.24   	 92.02   	-300.10		
 16.48   	257.87   	 90.82   	-295.01		
 20.14   	257.87   	 89.64   	-284.84		
 22.89   	255.74   	 88.50   	-284.84		
 26.86   	256.96   	 87.36   	-284.84		
 30.82   	260.93   	 86.23   	-289.93		
 33.26   	263.37   	 85.07   	-284.84		
 32.04   	259.70   	 83.93   	-279.75		
 27.77   	249.94   	 82.81   	-269.58		
 22.58   	235.29   	 81.73   	-264.50		
 18.62   	214.23   	 80.67   	-244.15		
 15.56   	184.33   	 79.69   	-223.80		
 12.21   	144.65   	 78.80   	-208.54		
  7.02   	100.10   	 77.97   	-183.11		
  1.22   	 58.90   	 77.23   	-162.77		
 -4.27   	 28.99   	 76.58   	-142.42		
 -8.54   	 13.12   	 76.01   	-122.07		
-10.99   	  7.63   	 75.52   	-116.99		
-11.90   	  5.49   	 75.06   	-106.82		
-11.90   	  0.61   	 74.63   	-106.82		
-11.60   	 -8.85   	 74.20   	-106.82		
-12.21   	-20.75   	 73.77   	-111.90		
-14.65   	-31.74   	 73.33   	-122.07		
-18.01   	-38.45   	 72.84   	-127.16		
-20.75   	-41.50   	 72.33   	-132.25		
-21.67   	-41.81   	 71.80   	-127.16		
-20.75   	-42.42   	 71.29   	-127.16		
-19.53   	-44.86   	 70.78   	-116.99		
-18.31   	-48.52   	 70.32   	-101.73		
-17.70   	-52.49   	 69.91   	 -86.47		
-18.01   	-54.32   	 69.56   	 -66.12		
-17.40   	-53.10   	 69.30   	 -55.95		
-16.78   	-50.05   	 69.07   	 -35.61		
-16.17   	-46.39   	 68.93   	 -30.52		
-18.31   	-44.56   	 68.81   	 -20.35		
-24.11   	-46.39   	 68.73   	 -20.35		
-33.87   	-55.54   	 68.65   	 -25.43		
-44.25   	-73.55   	 68.55   	 -30.52		
-48.22   	-98.88   	 68.42   	 -35.61		
-34.79   	-122.07   	 68.28   	 -50.86		
  6.71   	-126.95   	 68.08   	 -55.95		
 81.48   	-96.44   	 67.85   	 -61.04		
185.24   	-18.31   	 67.61   	 -66.12		
301.82   	109.86   	 67.34   	 -71.21		
405.88   	274.96   	 67.06   	 -66.12		
473.94   	442.81   	 66.80   	 -66.12		
486.45   	563.35   	 66.53   	 -61.04		
434.88   	585.94   	 66.29   	 -55.95		
323.18   	491.33   	 66.06   	 -45.78		
173.95   	309.14   	 65.88   	 -40.69		
 23.80   	106.51   	 65.72   	 -30.52		
-87.28   	-47.00   	 65.59   	 -30.52		
-133.36   	-117.19   	 65.47   	 -20.35		
-117.49   	-117.80   	 65.39   	 -15.26		
-68.66   	-88.81   	 65.33   	 -15.26		
-22.28   	-65.31   	 65.27   	  -5.09		
  0.31   	-61.34   	 65.25(D)	  10.17		
 -1.53   	-70.19   	 65.29   	  20.35		
-12.51   	-77.82   	 65.37   	  40.69		
-18.92   	-77.21   	 65.53   	  71.21		
-15.87   	-69.58   	 65.82   	 116.99		
 -7.93   	-61.04   	 66.29   	 167.85		
 -1.53   	-56.76   	 66.96   	 228.89		
 -0.31   	-57.98   	 67.87   	 295.01		
 -3.05   	-62.26   	 69.05   	 345.88		
 -6.41   	-65.31   	 70.44   	 391.66		
 -8.24   	-63.78   	 72.00   	 422.18		
 -7.32   	-57.98   	 73.69   	 427.26		
 -4.58   	-49.44   	 75.40   	 412.00		
 -0.61   	-40.28   	 77.05   	 396.74		
  3.36   	-33.57   	 78.64   	 371.31		
  5.80   	-31.74   	 80.12   	 350.97		
  5.80   	-35.10   	 81.53   	 330.62		
  3.36   	-40.89   	 82.85   	 320.45		
  0.31   	-45.78   	 84.13   	 320.45		
 -2.44   	-47.91   	 85.41   	 325.53		
 -3.36   	-48.52   	 86.71   	 340.79		
 -3.05   	-48.52   	 88.08   	 350.97		
 -1.22   	-49.44   	 89.48   	 356.05		
  1.83   	-49.44   	 90.91   	 371.31		
  5.19   	-47.91   	 92.39   	 376.40		
  7.93   	-45.78   	 93.90   	 376.40		
  9.16   	-44.56   	 95.40   	 376.40		
  9.77   	-43.03   	 96.91   	 376.40		
 11.29   	-39.06   	 98.41   	 366.22		
 15.56   	-29.60   	 99.88   	 366.22		
 21.06   	-15.87   	101.34   	 356.05		
 25.63   	 -2.44   	102.77   	 345.88		
 26.55   	  5.80   	104.15   	 340.79		
 24.72   	  7.93   	105.51   	 335.71		
 23.19   	  9.16   	106.86   	 330.62		
 25.02   	 15.87   	108.18   	 320.45		
 30.82   	 29.91   	109.46   	 315.36		
 36.62   	 48.22   	110.72   	 305.19		
 39.67   	 64.39   	111.94   	 300.10		
 38.15   	 74.46   	113.14   	 295.01		
 35.10   	 81.18   	114.32   	 284.84		
 35.10   	 89.72   	115.46   	 274.67		
 38.76   	103.15   	116.56   	 269.58		
 44.25   	120.54   	117.64   	 254.32		
 47.61   	137.02   	118.66   	 249.24		
 48.22   	149.54   	119.65   	 233.98		
 47.61   	157.78   	120.59   	 218.72		
 48.83   	164.49   	121.46   	 208.54		
 52.80   	172.73   	122.30   	 198.37		
 57.37   	182.50   	123.09   	 183.11		
 60.73   	192.57   	123.82   	 167.85		
 61.65   	200.81   	124.50   	 157.68		
 61.34   	205.69   	125.13   	 147.51		
 60.73   	207.21   	125.72   	 127.16		
 60.73   	205.38   	126.23   	 116.99		
 61.34   	201.11   	126.69   	 101.73		
 61.65   	195.92   	127.10   	  86.47		
 61.04   	190.73   	127.45   	  71.21		
 58.90   	186.16   	127.73   	  45.78		
 56.15   	180.36   	127.91   	  30.52		
 52.49   	172.73   	128.04   	  15.26		
 48.52   	162.05   	128.10(S)	 -10.17		
 43.64   	149.84   	128.06   	 -25.43		
 37.23   	137.94   	127.95   	 -40.69		
 29.30   	127.26   	127.79   	 -61.04		
 21.67   	117.19   	127.55   	 -71.21		
 15.87   	107.42   	127.26   	 -91.56		
 13.73   	 97.96   	126.90   	-106.82		
 14.34   	 89.72   	126.47   	-127.16		
 14.95   	 83.01   	125.96   	-147.51		
 13.12   	 77.51   	125.37   	-178.03		
  8.24   	 72.33   	124.66   	-213.63		
  2.44   	 66.83   	123.80   	-244.15		
 -0.92   	 59.81   	122.83   	-289.93		
 -1.83   	 50.35   	121.67   	-330.62		
 -2.14   	 37.84   	120.35   	-366.22		
 -3.66   	 25.02   	118.88   	-401.83		
 -6.71   	 15.26   	117.27   	-417.09		
-10.07   	 11.90   	115.60   	-422.18		
-11.60   	 13.73   	113.92   	-412.00		
-11.60   	 16.78   	112.27   	-406.92		
-10.99   	 18.01   	110.64   	-386.57		
-10.38   	 18.31   	109.09   	-371.31		
-10.07   	 22.28   	107.61   	-361.14		
 -8.54   	 34.18   	106.16   	-361.14		
 -5.80   	 55.54   	104.72   	-361.14		
 -2.75   	 83.31   	103.28   	-371.31		
 -0.31   	112.00   	101.79   	-371.31		
  0.31   	134.28   	100.30   	-371.31		
 -0.31   	146.18   	 98.82   	-371.31		
 -1.22   	148.62   	 97.33   	-361.14		
 -0.61   	148.01   	 95.89   	-350.97		
  2.14   	153.50   	 94.49   	-340.79		
  6.71   	168.15   	 93.12   	-325.53		
 11.90   	188.29   	 91.82   	-310.27		
 14.95   	205.38   	 90.58   	-305.19		
 15.26   	212.71   	 89.36   	-289.93		
 14.04   	212.40   	 88.20   	-284.84		
 14.04   	210.57   	 87.06   	-279.75		
 17.70   	212.10   	 85.94   	-274.67		
 25.33   	218.20   	 84.84   	-264.50		
 32.96   	223.39   	 83.78   	-254.32		
 37.23   	222.47   	 82.77   	-249.24		
 35.40   	212.10   	 81.77   	-239.06		
 28.08   	192.87   	 80.81   	-228.89		
 18.01   	165.71   	 79.90   	-218.72		
  8.24   	132.75   	 79.02   	-203.46		
 -0.31   	 95.52   	 78.21   	-188.20		
 -7.32   	 57.68   	 77.46   	-178.03		
-13.43   	 24.72   	 76.74   	-162.77		
-18.31   	  0.92   	 76.09   	-152.59		
-20.75   	-13.43   	 75.48   	-142.42		
-20.45   	-20.75   	 74.91   	-137.33		
-17.70   	-25.63   	 74.36   	-122.07		
-14.65   	-31.74   	 73.88   	-122.07		
-12.82   	-39.67   	 73.39   	-116.99		
-14.04   	-49.13   	 72.92   	-111.90		
-16.78   	-58.90   	 72.47   	-106.82		
-18.92   	-68.36   	 72.04   	-101.73		
-18.92   	-77.51   	 71.64   	 -96.64		
-16.78   	-85.14   	 71.25   	 -86.47		
-13.73   	-90.64   	 70.91   	 -71.21		
-10.99   	-92.77   	 70.62   	 -61.04		
 -9.46   	-91.55   	 70.38   	 -50.86		
 -8.54   	-87.89   	 70.17   	 -45.78		
 -6.71   	-83.62   	 69.99   	 -35.61		
 -3.97   	-80.87   	 69.85   	 -25.43		
 -2.14   	-80.87   	 69.75   	 -30.52		
 -2.14   	-83.92   	 69.62   	 -25.43		
 -5.19   	-89.42   	 69.52   	 -30.52		
-11.60   	-97.66   	 69.40   	 -30.52		
-19.53   	-110.78   	 69.28   	 -35.61		
-25.33   	-130.31   	 69.14   	 -35.61		
-20.75   	-153.50   	 68.99   	 -45.78		
  5.80   	-168.46   	 68.81   	 -50.86		
 64.39   	-159.61   	 68.61   	 -50.86		
155.94   	-113.22   	 68.40   	 -55.95		
269.47   	-20.45   	 68.18   	 -50.86		
382.08   	116.27   	 67.98   	 -55.95		
468.14   	277.10   	 67.75   	 -50.86		
506.59   	423.28   	 67.55   	 -55.95		
484.31   	503.23   	 67.32   	 -55.95		
397.64   	476.07   	 67.10   	 -55.95		
258.18   	340.88   	 66.88   	 -66.12		
 96.44   	146.79   	 66.61   	 -66.12		
-45.78   	-32.96   	 66.35   	 -66.12		
-131.23   	-141.60   	 66.08   	 -66.12		
-147.40   	-168.76   	 65.82   	 -66.12		
-113.22   	-145.26   	 65.55   	 -55.95		
-65.00   	-112.92   	 65.33   	 -40.69		
-32.65   	-96.44   	 65.17   	 -35.61		
-25.94   	-98.27   	 65.03   	 -10.17		
-34.79   	-106.81   	 64.98(D)	  15.26		
-43.95   	-111.08   	 65.05   	  40.69		
-44.86   	-108.03   	 65.21   	  81.38		
-39.06   	-98.88   	 65.53   	 127.16		
-32.04   	-88.50   	 66.04   	 188.20		
-29.30   	-80.87   	 66.80   	 249.24		
-31.13   	-76.90   	 67.79   	 305.19		
-34.79   	-75.68   	 69.01   	 356.05		
-36.93   	-74.46   	 70.44   	 376.40		
-36.01   	-73.24   	 71.94   	 386.57		
-33.26   	-73.85   	 73.49   	 376.40		
-32.04   	-78.13   	 74.99   	 345.88		
-33.87   	-84.53   	 76.38   	 320.45		
-37.23   	-88.20   	 77.66   	 289.93		
-39.67   	-85.14   	 78.82   	 269.58		
-38.45   	-75.07   	 79.90   	 274.67		
-34.48   	-61.65   	 81.00   	 284.84		
-29.91   	-51.27   	 82.14   	 315.36		
-27.47   	-47.30   	 83.40   	 350.97		
-28.38   	-49.74   	 84.80   	 386.57		
-31.13   	-53.71   	 86.35   	 417.09		
-33.87   	-55.24   	 88.02   	 447.61		
-34.48   	-52.49   	 89.81   	 462.87		
-32.35   	-47.00   	 91.66   	 473.04		
-28.38   	-41.81   	 93.55   	 473.04		
-23.50   	-39.37   	 95.44   	 462.87		
-19.84   	-37.23   	 97.29   	 457.78		
-16.78   	-32.96   	 99.12   	 437.43		
-14.65   	-24.41   	100.87   	 427.26		
-13.12   	-13.73   	102.58   	 406.92		
-12.82   	 -3.97   	104.21   	 391.66		
-12.82   	  1.83   	105.78   	 371.31		
-11.60   	  4.58   	107.26   	 350.97		
 -7.63   	  7.93   	108.67   	 330.62		
 -0.92   	 14.34   	109.99   	 305.19		
  6.41   	 24.11   	111.21   	 284.84		
 12.21   	 35.40   	112.35   	 274.67		
 14.95   	 46.39   	113.45   	 264.50		
 14.95   	 56.46   	114.51   	 249.24		
 14.95   	 67.14   	115.50   	 244.15		
 15.87   	 78.43   	116.48   	 239.06		
 19.53   	 89.72   	117.44   	 228.89		
 25.02   	100.40   	118.35   	 223.80		
 29.60   	108.95   	119.25   	 208.54		
 32.04   	116.58   	120.08   	 188.20		
 32.35   	124.82   	120.83   	 178.03		
 31.74   	134.89   	121.55   	 152.59		
 32.65   	146.48   	122.16   	 132.25		
 35.71   	156.86   	122.69   	 122.07		
 38.76   	163.57   	123.17   	 106.82		
 39.67   	165.41   	123.60   	 101.73		
 37.54   	163.57   	124.01   	  91.56		
 33.26   	161.44   	124.37   	  91.56		
 29.30   	160.22   	124.74   	  81.38		
 26.86   	159.30   	125.07   	  76.30		
 26.25   	156.56   	125.37   	  61.04		
 26.25   	149.23   	125.61   	  45.78		
 25.63   	137.02   	125.80   	  35.61		
 22.58   	123.60   	125.94   	  25.43		
 17.70   	113.53   	126.04   	  15.26		
 10.99   	110.47   	126.10   	  10.17		
  3.05   	113.53   	126.14   	  10.17		
 -4.88   	117.49   	126.18(S)	   0.00		
-11.90   	116.27   	126.18   	  -5.09		
-17.70   	107.73   	126.16   	 -15.26		
-22.89   	 93.99   	126.10   	 -25.43		
-27.47   	 80.26   	126.00   	 -50.86		
-32.35   	 68.97   	125.80   	 -86.47		
-38.15   	 61.65   	125.45   	-122.07		
-43.03   	 57.68   	124.96   	-167.85		
-46.69   	 57.07   	124.29   	-223.80		
-48.83   	 59.81   	123.40   	-279.75		
-50.96   	 65.31   	122.28   	-330.62		
-53.71   	 70.19   	120.96   	-386.57		
-57.37   	 71.11   	119.41   	-427.26		
-60.42   	 66.22   	117.70   	-452.69		
-61.34   	 56.76   	115.89   	-462.87		
-59.81   	 45.47   	114.04   	-462.87		
-57.37   	 36.01   	112.19   	-442.52		
-56.15   	 29.30   	110.42   	-417.09		
-56.46   	 25.94   	108.75   	-386.57		
-56.15   	 27.77   	107.20   	-366.22		
-53.41   	 36.01   	105.74   	-340.79		
-48.52   	 50.96   	104.37   	-335.71		
-41.50   	 71.11   	103.03   	-330.62		
-28.38   	 91.25   	101.71   	-325.53		
 -2.44   	106.81   	100.41   	-325.53		
 37.84   	114.14   	 99.10   	-320.45		
 84.23   	114.75   	 97.82   	-310.27		
121.15   	114.14   	 96.58   	-295.01		
135.50   	118.41   	 95.40   	-279.75		
128.17   	132.45   	 94.28   	-269.58		
112.92   	152.89   	 93.20   	-254.32		
104.98   	172.42   	 92.19   	-254.32		
108.34   	183.41   	 91.17   	-249.24		
117.80   	185.85   	 90.17   	-259.41		
125.43   	184.63   	 89.13   	-259.41		
127.87   	184.63   	 88.10   	-269.58		
126.65   	186.46   	 87.02   	-264.50		
124.21   	187.38   	 85.96   	-264.50		
121.15   	183.11   	 84.90   	-249.24		
116.58   	173.34   	 83.91   	-233.98		
109.56   	158.69   	 82.97   	-208.54		
101.01   	137.63   	 82.14   	-178.03		
 91.86   	108.34   	 81.42   	-152.59		
 82.70   	 71.11   	 80.81   	-127.16		
 74.46   	 30.52   	 80.30   	-106.82		
 68.05   	 -7.32   	 79.88   	 -91.56		
 62.87   	-36.32   	 79.51   	 -91.56		
 58.59   	-54.02   	 79.15   	-101.73		
 54.93   	-61.65   	 78.74   	-116.99		
 51.57   	-62.87   	 78.27   	-142.42		
 49.13   	-61.65   	 77.70   	-162.77		
 47.30   	-62.87   	 77.05   	-193.29		
 45.47   	-68.97   	 76.28   	-208.54		
 43.33   	-78.74   	 75.44   	-223.80		
 42.11   	-88.81   	 74.55   	-223.80		
 41.81   	-95.21   	 73.65   	-223.80		
 43.03   	-96.44   	 72.76   	-203.46		
 44.25   	-94.91   	 71.94   	-183.11		
 43.95   	-94.30   	 71.21   	-152.59		
 42.11   	-96.44   	 70.60   	-116.99		
 39.67   	-100.10   	 70.13   	 -86.47		
 37.54   	-103.76   	 69.79   	 -55.95		
 35.40   	-106.20   	 69.56   	 -30.52		
 33.57   	-108.03   	 69.44   	 -10.17		
 31.43   	-107.73   	 69.40   	   0.00		
 28.69   	-104.98   	 69.40   	  10.17		
 24.41   	-99.79   	 69.44   	   5.09		
 17.09   	-97.35   	 69.46   	   0.00		
  7.32   	-102.84   	 69.46   	 -20.35		
  0.31   	-119.02   	 69.38   	 -40.69		
  7.93   	-137.63   	 69.22   	 -71.21		
 44.86   	-140.99   	 68.93   	 -96.64		
118.10   	-112.30   	 68.55   	-132.25		
223.08   	-41.20   	 68.02   	-162.77		
339.66   	 74.16   	 67.36   	-183.11		
442.20   	231.93   	 66.63   	-203.46		
506.90   	452.58   	 65.82   	-213.63		
517.27   	822.14   	 64.96   	-213.63		
464.17   	1423.95   	 64.11   	-193.29		
348.21   	2172.85   	 63.34   	-172.94		
189.51   	2756.65   	 62.64   	-142.42		
 26.25   	2815.25   	 62.08   	-106.82		
-94.91   	2226.87   	 61.65   	 -76.30		
-144.96   	1192.93   	 61.34   	 -40.69		
-128.17   	156.56   	 61.18   	 -10.17		
-78.43   	-405.58   	 61.14(D)	  15.26		
-34.48   	-198.36   	 61.20   	  45.78		
-15.26   	867.61   	 61.38   	  76.30		
-16.48   	2731.93   	 61.69   	 116.99		
-23.19   	4807.74   	 62.16   	 157.68		
-26.86   	6088.87   	 62.79   	 208.54		
-27.47   	5941.16   	 63.62   	 274.67		
-28.69   	4568.18   	 64.72   	 345.88		
-30.52   	3150.63   	 66.10   	 422.18		
-30.21   	3173.83   	 67.79   	 488.30		
-25.94   	4965.82   	 69.75   	 539.16		
-20.75   	7244.26   	 71.90   	 559.51		
-19.53   	8278.20   	 74.14   	 559.51		
-25.02   	7164.92   	 76.38   	 518.82		
-34.79   	4429.32   	 78.45   	 462.87		
-43.33   	1630.25   	 80.30   	 391.66		
-45.17   	 76.29   	 81.87   	 315.36		
-40.28   	-146.48   	 83.13   	 233.98		
-32.65   	126.95   	 84.07   	 157.68		
-27.47   	136.11   	 84.70   	  91.56		
-26.86   	-180.36   	 85.07   	  25.43		
-28.38   	-238.65   	 85.17   	 -25.43		
-28.38   	487.67   	 85.07   	 -71.21		
-25.02   	1986.69   	 84.78   	-101.73		
-20.14   	3730.16   	 84.37   	-132.25		
-17.09   	5221.25   	 83.85   	-147.51		
-17.09   	6392.21   	 83.26   	-157.68		
-19.53   	7259.83   	 82.62   	-162.77		
-22.89   	7754.21   	 81.97   	-167.85		
-24.72   	7622.68   	 81.30   	-157.68		
-24.11   	6833.50   	 80.67   	-152.59		
-19.23   	6208.80   	 80.06   	-147.51		
-11.60   	6619.57   	 79.47   	-132.25		
 -4.58   	8059.69   	 78.94   	-116.99		
 -1.83   	9391.48   	 78.47   	-111.90		
 -4.27   	9074.10   	 78.03   	 -91.56		
 -8.24   	6584.47   	 77.66   	 -86.47		
 -9.16   	2930.30   	 77.31   	 -66.12		
 -3.97   	-51.57   	 77.05   	 -61.04		
  5.19   	-1119.69   	 76.81   	 -50.86		
 12.82   	-548.71   	 76.60   	 -40.69		
 16.17   	407.10   	 76.44   	 -30.52		
 17.09   	711.36   	 76.32   	 -25.43		
 18.31   	213.93   	 76.22   	 -15.26		
 22.58   	-521.24   	 76.15   	 -15.26		
 28.99   	-827.33   	 76.09   	  -5.09		
 33.57   	-510.86   	 76.07   	   0.00		
 34.48   	 70.19   	 76.07   	   5.09		
 32.65   	417.48   	 76.09   	   5.09		
 31.13   	281.98   	 76.11   	   5.09		
 31.13   	-237.73   	 76.13   	  15.26		
 33.26   	-804.14   	 76.20   	  15.26		
 36.01   	-1081.54   	 76.26   	  15.26		
 37.84   	-941.47   	 76.32   	  15.26		
 38.15   	-516.97   	 76.38   	  20.35		
 36.93   	-78.74   	 76.46   	  20.35		
 34.48   	139.16   	 76.54   	  20.35		
 31.13   	 54.63   	 76.62   	  20.35		
 27.77   	-216.98   	 76.70   	  25.43		
 25.63   	-444.03   	 76.81   	  25.43		
 25.33   	-473.63   	 76.91   	  25.43		
 24.41   	-334.78   	 77.01   	  25.43		
 21.36   	-166.02   	 77.11   	  30.52		
 14.04   	-88.81   	 77.23   	  25.43		
  3.97   	-125.73   	 77.33   	  30.52		
 -6.10   	-224.61   	 77.46   	  30.52		
-14.04   	-332.03   	 77.58   	  25.43		
-19.23   	-442.50   	 77.68   	  30.52		
-23.50   	-554.20   	 77.80   	  25.43		
-28.69   	-622.56   	 77.90   	  25.43		
-35.10   	-611.27   	 78.01   	  20.35		
-41.81   	-569.76   	 78.09   	  25.43		
-47.61   	-598.45   	 78.19   	  20.35		
-51.27   	-725.71   	 78.27   	  20.35		
-53.71   	-875.55   	 78.35   	  20.35		
-56.15   	-946.35   	 78.43   	  15.26		
-59.20   	-890.81   	 78.49   	  15.26		
-62.87   	-752.87   	 78.56   	  15.26		
-65.92   	-631.10   	 78.62   	  10.17		
-67.75   	-581.67   	 78.66   	  15.26		
-67.14   	-600.59   	 78.72   	  10.17		
-65.61   	-677.80   	 78.76   	  10.17		
-64.39   	-791.32   	 78.80   	  10.17		
-65.00   	-896.61   	 78.84   	   5.09		
-67.14   	-959.47   	 78.86   	  10.17		
-68.97   	-970.76   	 78.90   	   5.09		
-67.44   	-939.33   	 78.92   	  10.17		
-61.95   	-880.43   	 78.96   	   5.09		
-53.71   	-809.02   	 78.98   	   5.09		
-47.30   	-736.08   	 79.00   	  10.17		
-45.17   	-681.15   	 79.04   	   5.09		
-47.00   	-674.44   	 79.06   	   5.09		
-49.74   	-726.93   	 79.08   	   5.09		
-50.05   	-813.60   	 79.10   	   5.09		
-46.39   	-886.23   	 79.12   	   5.09		
-39.37   	-901.79   	 79.15   	   0.00		
-32.65   	-854.19   	 79.15   	   5.09		
-27.77   	-777.89   	 79.17   	   5.09		
-26.55   	-731.20   	 79.19   	   5.09		
-28.38   	-755.62   	 79.21   	   0.00		
-31.13   	-838.62   	 79.21   	   5.09		
-31.74   	-920.72   	 79.23   	   0.00		
-28.69   	-945.13   	 79.23   	   5.09		
-22.28   	-901.18   	 79.25   	   0.00		
-15.26   	-826.11   	 79.25   	   0.00		
-10.99   	-765.69   	 79.25   	   5.09		
-10.99   	-738.83   	 79.27   	   0.00		
-14.95   	-735.47   	 79.27   	   0.00		
-21.97   	-741.58   	 79.27   	   5.09		
-30.52   	-757.75   	 79.29   	   0.00		
-37.54   	-781.25   	 79.29   	   0.00		
-40.59   	-790.10   	 79.29   	   0.00		
-36.93   	-759.58   	 79.29   	   5.09		
-25.94   	-690.92   	 79.31   	   0.00		
-10.38   	-621.03   	 79.31   	   0.00		
  7.02   	-592.96   	 79.31   	   0.00		
 25.33   	-624.69   	 79.31   	   5.09		
 43.33   	-691.22   	 79.33   	   0.00		
 59.81   	-750.12   	 79.33   	   0.00		
 70.80   	-777.28   	 79.33   	   5.09		
 70.50   	-782.47   	 79.35   	   0.00		
 55.54   	-791.32   	 79.35   	   0.00		
 28.38   	-819.70   	 79.35   	   5.09		
 -3.36   	-862.73   	 79.37   	   0.00		
-29.91   	-903.32   	 79.37   	   0.00		
-46.69   	-923.46   	 79.37   	   0.00		
-53.41   	-917.66   	 79.37   	   5.09		
-55.54   	-896.00   	 79.39   	   0.00		
-57.68   	-876.46   	 79.39   	   5.09		
-61.95   	-869.75   	 79.41   	   0.00		
-66.83   	-875.24   	 79.41   	   5.09		
-70.80   	-883.18   	 79.43   	   0.00		
-74.77   	-884.40   	 79.43   	   0.00		
-80.26   	-879.52   	 79.43   	   5.09		
-89.11   	-877.08   	 79.45   	   5.09		
-98.88   	-885.31   	 79.47   	   0.00		
-100.40   	-902.10   	 79.47   	   5.09		
-79.35   	-913.09   	 79.49   	   0.00		
-24.41   	-900.27   	 79.49   	   5.09		
 66.83   	-849.30   	 79.51   	   0.00		
183.41   	-753.48   	 79.51   	   5.09		
302.12   	-616.46   	 79.53   	   5.09		
396.12   	-456.85   	 79.55   	   0.00		
442.50   	-311.58   	 79.55   	   5.09		
425.72   	-227.66   	 79.57   	   0.00		
340.27   	-242.92   	 79.57   	   5.09		
197.14   	-361.33   	 79.59   	   0.00		
 27.77   	-541.08   	 79.59   	   5.09		
-122.68   	-715.33   	 79.61   	   5.09		
-211.79   	-828.25   	 79.63   	   0.00		
-225.22   	-862.43   	 79.63   	   5.09		
-183.72   	-841.98   	 79.65   	   0.00		
-128.17   	-805.97   	 79.65   	   0.00		
-92.16   	-782.78   	 79.65   	   5.09		
-84.23   	-778.20   	 79.67   	   0.00		
-93.08   	-783.08   	 79.67   	   5.09		
-102.54   	-784.91   	 79.69   	   0.00		
-104.98   	-779.11   	 79.69   	   0.00		
-103.15   	-768.13   	 79.69   	   0.00		
-103.76   	-758.36   	 79.69   	   5.09		
-108.34   	-752.87   	 79.71   	   0.00		
-112.92   	-751.65   	 79.71   	   0.00		
-113.22   	-751.04   	 79.71   	   0.00		
-106.81   	-747.99   	 79.71   	   5.09		
-96.13   	-741.27   	 79.74   	   0.00		
-86.36   	-733.03   	 79.74   	   0.00		
-81.48   	-725.71   	 79.74   	   0.00		
-81.48   	-719.91   	 79.74   	   5.09		
-83.62   	-715.33   	 79.76   	   0.00		
-84.53   	-710.14   	 79.76   	   0.00		
-83.01   	-703.43   	 79.76   	   0.00		
-79.96   	-694.89   	 79.76   	   5.09		
-76.60   	-685.73   	 79.78   	   0.00		
-73.55   	-676.88   	 79.78   	   0.00		
-70.19   	-668.95   	 79.78   	   5.09		
-66.22   	-661.62   	 79.80   	   0.00		
-62.26   	-654.30   	 79.80   	   0.00		
-59.20   	-648.19   	 79.80   	   0.00		
-57.07   	-643.62   	 79.80   	   0.00		
-56.15   	-640.87   	 79.80   	   0.00		
-54.93   	-637.82   	 79.80   	   5.09		
-53.41   	-632.02   	 79.82   	   0.00		
-51.27   	-622.86   	 79.82   	   0.00		
-48.52   	-611.57   	 79.82   	   0.00		
-45.47   	-601.20   	 79.82   	   0.00		
-41.50   	-593.26   	 79.82   	   0.00		
-36.62   	-586.85   	 79.82   	   0.00		
-30.82   	-579.22   	 79.82   	   0.00		
-25.02   	-569.15   	 79.82   	   0.00		
-20.45   	-557.25   	 79.82   	   0.00		
-17.40   	-545.65   	 79.82   	   0.00		
-14.65   	-535.28   	 79.82   	   0.00		
-10.68   	-524.29   	 79.82   	   0.00		
 -4.27   	-510.56   	 79.82   	   0.00		
  3.66   	-493.77   	 79.82   	   0.00		
 10.38   	-476.68   	 79.82   	   0.00		
 14.04   	-462.04   	 79.82   	  N/A		
