  I     	  II     	  AO     	  AO'		
  0.61   	 35.71   	 90.44   	 -55.95		
  3.66   	 32.65   	 90.21   	 -55.95		
  7.32   	 32.65   	 89.99   	 -55.95		
 12.21   	 38.15   	 89.77   	 -50.86		
 18.31   	 47.61   	 89.56   	 -55.95		
 23.80   	 55.54   	 89.34   	 -50.86		
 25.94   	 58.29   	 89.13   	 -50.86		
 24.72   	 55.85   	 88.93   	 -50.86		
 22.89   	 50.35   	 88.73   	 -50.86		
 22.28   	 43.95   	 88.52   	 -45.78		
 24.41   	 37.54   	 88.34   	 -45.78		
 28.08   	 31.43   	 88.16   	 -45.78		
 30.21   	 25.02   	 87.98   	 -45.78		
 28.38   	 18.31   	 87.79   	 -40.69		
 21.67   	 12.51   	 87.63   	 -45.78		
 10.99   	  9.16   	 87.45   	 -40.69		
 -1.22   	  7.63   	 87.28   	 -40.69		
-12.82   	  4.88   	 87.12   	 -35.61		
-23.50   	 -2.44   	 86.98   	 -40.69		
-32.35   	-15.56   	 86.82   	 -35.61		
-39.06   	-29.91   	 86.67   	 -40.69		
-42.72   	-40.28   	 86.51   	 -35.61		
-43.03   	-43.95   	 86.37   	 -40.69		
-40.89   	-42.42   	 86.21   	 -35.61		
-38.15   	-39.37   	 86.06   	 -35.61		
-36.62   	-37.54   	 85.92   	 -35.61		
-36.62   	-37.23   	 85.78   	 -40.69		
-37.84   	-37.54   	 85.62   	 -35.61		
-38.76   	-37.54   	 85.47   	 -35.61		
-38.76   	-36.93   	 85.33   	 -40.69		
-37.84   	-34.79   	 85.17   	 -40.69		
-36.32   	-31.43   	 85.00   	 -40.69		
-35.10   	-28.08   	 84.84   	 -40.69		
-34.79   	-26.55   	 84.68   	 -40.69		
-35.10   	-27.16   	 84.52   	 -40.69		
-34.79   	-27.77   	 84.35   	 -35.61		
-33.87   	-26.55   	 84.21   	 -40.69		
-32.96   	-22.89   	 84.05   	 -35.61		
-32.96   	-18.31   	 83.91   	 -35.61		
-34.48   	-13.73   	 83.76   	 -35.61		
-36.01   	-10.38   	 83.62   	 -30.52		
-34.18   	 -5.80   	 83.50   	 -30.52		
-22.58   	  2.75   	 83.38   	 -25.43		
  6.41   	 18.92   	 83.28   	 -25.43		
 58.29   	 48.83   	 83.17   	 -25.43		
133.06   	100.10   	 83.07   	 -25.43		
223.69   	179.14   	 82.97   	 -20.35		
315.86   	282.29   	 82.89   	 -20.35		
391.24   	384.83   	 82.81   	 -20.35		
428.47   	444.03(R)	 82.73   	 -20.35		
410.46   	424.80   	 82.64   	 -20.35		
330.81   	323.49   	 82.56   	 -25.43		
202.64   	174.26   	 82.46   	 -20.35		
 59.20   	 32.96   	 82.38   	 -25.43		
-59.81   	-58.29   	 82.28   	 -25.43		
-126.34   	-90.33   	 82.18   	 -25.43		
-136.72   	-80.26   	 82.07   	 -25.43		
-111.08   	-50.96   	 81.97   	 -30.52		
-77.21   	-19.84   	 81.85   	 -30.52		
-54.02   	  4.88   	 81.73   	 -30.52		
-46.08   	 17.70   	 81.61   	 -35.61		
-47.00   	 16.78   	 81.46   	 -30.52		
-48.22   	  8.24   	 81.34   	 -30.52		
-46.69   	  1.22   	 81.22   	 -30.52		
-43.33   	  0.61   	 81.10   	 -30.52		
-40.59   	  4.88   	 80.98   	 -25.43		
-40.28   	  8.54   	 80.87   	 -25.43		
-42.11   	  8.85   	 80.77   	 -20.35		
-44.86   	  7.02   	 80.69   	 -15.26		
-47.30   	  6.71   	 80.63   	  -5.09		
-47.61   	  7.93   	 80.61   	   5.09		
-45.78   	  8.54   	 80.63   	  20.35		
-42.11   	  8.85   	 80.71   	  35.61		
-38.76   	 10.38   	 80.85   	  55.95		
-37.23   	 13.43   	 81.08   	  76.30		
-37.54   	 17.70   	 81.38   	 101.73		
-38.15   	 20.75   	 81.79   	 132.25		
-37.84   	 21.67   	 82.32   	 157.68		
-36.32   	 21.97   	 82.95   	 188.20		
-34.79   	 23.50   	 83.70   	 218.72		
-34.48   	 26.25   	 84.58   	 254.32		
-34.79   	 29.91   	 85.59   	 289.93		
-33.57   	 32.96   	 86.75   	 315.36		
-30.52   	 35.40   	 88.02   	 345.88		
-26.25   	 36.62   	 89.40   	 371.31		
-22.58   	 36.62   	 90.88   	 396.74		
-19.84   	 36.32   	 92.47   	 417.09		
-17.40   	 37.54   	 94.14   	 427.26		
-14.65   	 41.20   	 95.85   	 437.43		
-11.60   	 47.30   	 97.60   	 442.52		
-10.38   	 54.02   	 99.37   	 447.61		
-11.60   	 58.29   	101.16   	 447.61		
-13.12   	 60.12   	102.95   	 442.52		
-12.51   	 61.34   	104.72   	 437.43		
 -8.54   	 64.39   	106.47   	 427.26		
 -1.83   	 69.89   	108.18   	 417.09		
  4.58   	 76.29   	109.85   	 401.83		
  9.16   	 82.09   	111.45   	 391.66		
 12.21   	 87.89   	113.02   	 371.31		
 15.87   	 94.91   	114.51   	 361.14		
 21.97   	103.76   	115.95   	 340.79		
 29.60   	113.53   	117.31   	 325.53		
 36.93   	121.77   	118.62   	 305.19		
 42.42   	126.95   	119.84   	 289.93		
 45.78   	130.31   	121.00   	 269.58		
 47.91   	135.50   	122.07   	 249.24		
 50.96   	144.35   	123.07   	 239.06		
 56.15   	155.64   	124.03   	 218.72		
 63.17   	166.93   	124.90   	 198.37		
 71.72   	175.48   	125.70   	 188.20		
 78.74   	179.75   	126.45   	 172.94		
 83.01   	180.05   	127.14   	 157.68		
 84.23   	178.53   	127.77   	 142.42		
 84.23   	177.00   	128.34   	 132.25		
 84.84   	177.61   	128.87   	 116.99		
 86.67   	181.58   	129.34   	 106.82		
 88.50   	186.77   	129.77   	 101.73		
 88.50   	190.43   	130.17   	  86.47		
 86.67   	190.43   	130.52   	  81.38		
 84.23   	187.07   	130.84   	  71.21		
 82.09   	180.97   	131.13   	  66.12		
 79.04   	173.65   	131.39   	  61.04		
 74.77   	164.49   	131.64   	  55.95		
 68.05   	153.50   	131.86   	  50.86		
 58.90   	140.38   	132.06   	  45.78		
 49.13   	126.04   	132.25   	  45.78		
 39.98   	111.08   	132.43   	  35.61		
 31.74   	 95.83   	132.57   	  35.61		
 25.02   	 81.48   	132.72   	  30.52		
 19.53   	 69.58   	132.84   	  25.43		
 14.65   	 60.42   	132.94   	  25.43		
  9.16   	 53.71   	133.04   	  15.26		
  3.05   	 47.30   	133.10   	  10.17		
 -3.66   	 39.67   	133.14(S)	   0.00		
-10.68   	 30.52   	133.14   	   0.00		
-16.48   	 21.36   	133.14   	 -15.26		
-20.14   	 14.04   	133.08   	 -20.35		
-21.06   	  9.77   	133.00   	 -35.61		
-20.75   	  8.54   	132.86   	 -50.86		
-20.75   	  8.85   	132.65   	 -61.04		
-21.67   	  8.54   	132.41   	 -86.47		
-22.89   	  6.41   	132.06   	-106.82		
-24.11   	  2.14   	131.64   	-127.16		
-25.02   	 -2.75   	131.13   	-157.68		
-25.94   	 -6.41   	130.50   	-183.11		
-27.16   	 -7.63   	129.77   	-203.46		
-28.99   	 -7.02   	128.95   	-228.89		
-30.21   	 -5.49   	128.04   	-244.15		
-31.13   	 -4.88   	127.06   	-259.41		
-30.52   	 -4.27   	126.02   	-269.58		
-28.38   	 -2.14   	124.94   	-274.67		
-25.63   	  2.14   	123.84   	-279.75		
-23.80   	  7.02   	122.73   	-274.67		
-23.50   	 10.38   	121.63   	-269.58		
-24.72   	 10.99   	120.55   	-264.50		
-26.55   	  9.77   	119.49   	-254.32		
-26.86   	  9.16   	118.47   	-239.06		
-25.33   	 10.07   	117.52   	-223.80		
-23.80   	 12.21   	116.62   	-213.63		
-24.11   	 13.43   	115.77   	-193.29		
-26.25   	 12.51   	114.99   	-178.03		
-27.77   	 10.99   	114.28   	-157.68		
-27.47   	 10.07   	113.65   	-147.51		
-25.02   	 10.68   	113.06   	-127.16		
-22.58   	 11.60   	112.55   	-116.99		
-22.89   	 11.90   	112.09   	-101.73		
-26.25   	 10.68   	111.68   	 -86.47		
-30.82   	  8.85   	111.33   	 -76.30		
-33.26   	  7.93   	111.03   	 -71.21		
-32.35   	  8.54   	110.74   	 -61.04		
-28.38   	 10.38   	110.50   	 -50.86		
-24.41   	 13.12   	110.29   	 -45.78		
-23.19   	 14.95   	110.11   	 -45.78		
-25.63   	 14.95   	109.93   	 -40.69		
-30.52   	 11.90   	109.77   	 -35.61		
-35.71   	  6.41   	109.62   	 -35.61		
-39.06   	  1.53   	109.48   	 -35.61		
-39.06   	 -0.61   	109.34   	 -30.52		
-34.79   	  1.83   	109.22   	 -35.61		
-27.47   	  6.71   	109.07   	 -35.61		
-20.45   	 10.99   	108.93   	 -40.69		
-17.70   	 12.21   	108.77   	 -40.69		
-21.36   	 11.29   	108.61   	 -40.69		
-27.77   	 10.38   	108.44   	 -45.78		
-32.35   	 10.38   	108.26   	 -45.78		
-32.35   	 10.38   	108.08   	 -55.95		
-29.30   	  8.85   	107.85   	 -50.86		
-26.25   	  5.80   	107.65   	 -61.04		
-25.63   	  3.05   	107.41   	 -61.04		
-26.86   	  2.75   	107.16   	 -66.12		
-28.08   	  4.27   	106.90   	 -66.12		
-27.77   	  6.10   	106.63   	 -71.21		
-27.16   	  6.41   	106.35   	 -76.30		
-26.86   	  3.97   	106.04   	 -81.38		
-26.86   	  0.00   	105.72   	 -81.38		
-27.77   	 -4.88   	105.39   	 -86.47		
-28.69   	 -8.24   	105.05   	 -86.47		
-28.08   	 -8.85   	104.70   	 -91.56		
-26.55   	 -5.80   	104.33   	 -91.56		
-24.41   	 -0.92   	103.97   	 -91.56		
-23.19   	  2.75   	103.60   	 -91.56		
-23.50   	  3.05   	103.23   	 -96.64		
-24.72   	  0.61   	102.85   	 -96.64		
-25.33   	 -1.22   	102.46   	 -96.64		
-24.72   	 -2.14   	102.07   	 -91.56		
-25.02   	 -3.05   	101.71   	 -96.64		
-27.77   	 -5.19   	101.32   	 -96.64		
-31.43   	 -9.16   	100.94   	 -91.56		
-33.26   	-11.90   	100.57   	 -96.64		
-31.13   	 -9.77   	100.18   	 -91.56		
-25.94   	 -4.27   	 99.82   	 -91.56		
-21.06   	  1.83   	 99.45   	 -86.47		
-18.31   	  4.88   	 99.10   	 -91.56		
-18.31   	  3.36   	 98.74   	 -86.47		
-20.14   	  0.00   	 98.39   	 -81.38		
-21.97   	 -2.14   	 98.07   	 -81.38		
-23.19   	 -2.44   	 97.74   	 -81.38		
-23.80   	 -1.83   	 97.42   	 -81.38		
-23.19   	 -0.61   	 97.09   	 -81.38		
-21.36   	  0.92   	 96.76   	 -76.30		
-19.23   	  3.36   	 96.46   	 -76.30		
-18.01   	  5.80   	 96.15   	 -76.30		
-18.01   	  6.10   	 95.85   	 -71.21		
-18.31   	  3.66   	 95.56   	 -71.21		
-18.92   	 -0.31   	 95.28   	 -76.30		
-19.53   	 -4.88   	 94.97   	 -71.21		
-19.84   	 -8.85   	 94.69   	 -71.21		
-20.45   	-11.60   	 94.40   	 -66.12		
-20.45   	-11.90   	 94.14   	 -71.21		
-18.92   	 -8.85   	 93.86   	 -71.21		
-14.95   	 -1.22   	 93.57   	 -71.21		
-10.07   	  9.77   	 93.29   	 -66.12		
 -5.19   	 21.06   	 93.02   	 -71.21		
 -1.22   	 30.52   	 92.74   	 -66.12		
  1.83   	 37.54   	 92.47   	 -66.12		
  3.66   	 43.03   	 92.21   	 -66.12		
  4.27   	 46.69   	 91.94   	 -66.12		
  5.19   	 48.52   	 91.68   	 -61.04		
  6.41   	 47.61   	 91.43   	 -66.12		
  8.54   	 44.86   	 91.17   	 -61.04		
 11.90   	 43.95   	 90.93   	 -61.04		
 17.09   	 47.30   	 90.68   	 -66.12		
 23.80   	 55.24   	 90.42   	 -61.04		
 31.13   	 64.70   	 90.17   	 -61.04		
 37.54   	 70.50   	 89.93   	 -55.95		
 41.20   	 68.66   	 89.70   	 -61.04		
 42.42   	 59.51   	 89.46   	 -61.04		
 43.03   	 47.61   	 89.22   	 -55.95		
 44.86   	 38.45   	 88.99   	 -55.95		
 46.39   	 33.26   	 88.77   	 -55.95		
 44.86   	 30.21   	 88.54   	 -50.86		
 37.84   	 25.94   	 88.34   	 -50.86		
 25.94   	 19.53   	 88.14   	 -50.86		
 12.51   	 13.43   	 87.93   	 -50.86		
  1.22   	  8.85   	 87.73   	 -50.86		
 -7.63   	  5.19   	 87.53   	 -45.78		
-15.87   	 -0.61   	 87.34   	 -45.78		
-24.41   	 -9.46   	 87.16   	 -45.78		
-32.04   	-20.45   	 86.98   	 -40.69		
-35.71   	-30.21   	 86.82   	 -45.78		
-33.87   	-35.40   	 86.63   	 -40.69		
-28.08   	-35.71   	 86.47   	 -40.69		
-22.58   	-33.26   	 86.31   	 -40.69		
-20.45   	-31.13   	 86.14   	 -45.78		
-23.19   	-31.43   	 85.96   	 -40.69		
-28.08   	-33.57   	 85.80   	 -40.69		
-31.13   	-35.10   	 85.64   	 -40.69		
-30.21   	-32.96   	 85.47   	 -45.78		
-25.94   	-26.86   	 85.29   	 -40.69		
-21.67   	-20.14   	 85.13   	 -45.78		
-21.36   	-16.48   	 84.94   	 -45.78		
-25.63   	-18.01   	 84.76   	 -45.78		
-30.82   	-23.50   	 84.58   	 -40.69		
-32.96   	-29.60   	 84.41   	 -45.78		
-30.52   	-33.57   	 84.23   	 -45.78		
-24.72   	-34.48   	 84.05   	 -40.69		
-20.45   	-33.26   	 83.89   	 -40.69		
-21.36   	-31.43   	 83.72   	 -40.69		
-25.33   	-28.08   	 83.56   	 -40.69		
-23.50   	-19.53   	 83.40   	 -35.61		
 -3.66   	 -2.14   	 83.26   	 -35.61		
 43.03   	 26.55   	 83.11   	 -40.69		
115.97   	 69.89   	 82.95   	 -35.61		
206.60   	132.75   	 82.81   	 -35.61		
303.04   	218.20   	 82.66   	 -30.52		
390.01   	317.08   	 82.54   	 -35.61		
450.44   	398.25   	 82.40   	 -30.52		
464.17   	419.92(R)	 82.28   	 -35.61		
415.34   	357.97   	 82.14   	 -30.52		
303.65   	225.22   	 82.01   	 -30.52		
154.42   	 71.11   	 81.89   	 -30.52		
 10.07   	-49.13   	 81.77   	 -35.61		
-90.33   	-106.51   	 81.63   	 -30.52		
-129.70   	-108.34   	 81.51   	 -30.52		
-119.02   	-80.87   	 81.38   	 -35.61		
-86.06   	-48.52   	 81.24   	 -30.52		
-54.93   	-22.28   	 81.12   	 -35.61		
-37.54   	 -5.80   	 80.98   	 -30.52		
-32.96   	  0.92   	 80.85   	 -35.61		
-35.40   	 -1.53   	 80.71   	 -30.52		
-38.45   	-10.07   	 80.59   	 -30.52		
-39.37   	-19.23   	 80.47   	 -30.52		
-36.93   	-23.80   	 80.35   	 -25.43		
-32.35   	-21.97   	 80.24   	 -25.43		
-28.38   	-17.40   	 80.14   	 -20.35		
-27.47   	-13.73   	 80.06   	 -20.35		
-30.52   	-14.04   	 79.98   	 -10.17		
-35.40   	-17.09   	 79.94(D)	   0.00		
-37.54   	-19.53   	 79.94   	   5.09		
-35.40   	-18.31   	 79.96   	  25.43		
-29.91   	-12.21   	 80.06   	  35.61		
-24.41   	 -5.19   	 80.20   	  61.04		
-21.97   	 -2.44   	 80.45   	  81.38		
-22.89   	 -6.10   	 80.77   	 106.82		
-24.72   	-13.12   	 81.20   	 132.25		
-25.33   	-17.70   	 81.73   	 162.77		
-24.11   	-15.87   	 82.38   	 193.29		
-21.97   	 -5.80   	 83.15   	 223.80		
-21.06   	  7.32   	 84.05   	 259.41		
-21.36   	 17.09   	 85.09   	 284.84		
-20.75   	 18.31   	 86.23   	 320.45		
-18.31   	 10.68   	 87.51   	 350.97		
-14.95   	  0.00   	 88.91   	 371.31		
-11.60   	 -5.49   	 90.40   	 396.74		
-10.38   	 -1.53   	 91.98   	 417.09		
-10.07   	 11.29   	 93.65   	 437.43		
 -9.16   	 28.69   	 95.40   	 442.52		
 -6.71   	 43.03   	 97.17   	 452.69		
 -3.97   	 49.13   	 98.98   	 452.69		
 -2.14   	 46.39   	100.79   	 452.69		
 -0.31   	 37.54   	102.60   	 447.61		
  2.44   	 29.30   	104.39   	 442.52		
  7.63   	 28.99   	106.16   	 432.35		
 14.95   	 38.45   	107.89   	 417.09		
 22.28   	 52.49   	109.56   	 406.92		
 27.77   	 62.87   	111.19   	 386.57		
 30.82   	 65.61   	112.74   	 371.31		
 32.65   	 64.09   	114.22   	 350.97		
 34.18   	 65.61   	115.63   	 335.71		
 36.93   	 75.38   	116.97   	 310.27		
 41.50   	 92.77   	118.21   	 295.01		
 46.69   	111.08   	119.39   	 274.67		
 51.88   	123.60   	120.49   	 254.32		
 57.98   	128.48   	121.51   	 233.98		
 65.92   	128.78   	122.44   	 213.63		
 74.46   	127.56   	123.30   	 198.37		
 81.48   	127.87   	124.09   	 178.03		
 84.53   	130.31   	124.80   	 162.77		
 83.92   	132.45   	125.45   	 147.51		
 82.09   	133.97   	126.04   	 137.33		
 82.40   	134.89   	126.59   	 122.07		
 86.06   	137.33   	127.08   	 111.90		
 91.55   	141.91   	127.53   	 101.73		
 95.21   	146.79   	127.93   	  91.56		
 94.30   	150.15   	128.30   	  81.38		
 89.42   	150.76   	128.63   	  81.38		
 83.31   	149.23   	128.95   	  66.12		
 79.96   	146.79   	129.22   	  61.04		
 79.35   	142.82   	129.46   	  55.95		
 78.74   	133.97   	129.68   	  50.86		
 75.38   	119.02   	129.89   	  40.69		
 68.05   	 98.88   	130.05   	  40.69		
 58.59   	 78.43   	130.21   	  30.52		
 50.05   	 62.87   	130.34   	  30.52		
 43.03   	 54.63   	130.46   	  20.35		
 35.40   	 50.96   	130.54   	  20.35		
 26.55   	 47.00   	130.62   	  15.26		
 17.40   	 38.15   	130.68   	  10.17		
  8.54   	 21.67   	130.72(S)	   0.00		
  1.83   	  1.53   	130.72   	   0.00		
 -3.05   	-15.87   	130.72   	  -5.09		
 -6.41   	-25.02   	130.70   	 -10.17		
 -7.93   	-24.72   	130.66   	 -20.35		
 -8.85   	-18.01   	130.58   	 -25.43		
-10.38   	-12.21   	130.48   	 -35.61		
-13.43   	-11.90   	130.34   	 -50.86		
-17.09   	-16.78   	130.13   	 -61.04		
-19.53   	-24.11   	129.89   	 -81.38		
-19.53   	-31.43   	129.56   	-106.82		
-18.01   	-37.54   	129.13   	-127.16		
-16.48   	-41.81   	128.63   	-147.51		
-16.78   	-44.86   	128.04   	-183.11		
-18.92   	-46.08   	127.30   	-203.46		
-22.28   	-46.39   	126.49   	-228.89		
-25.94   	-47.30   	125.57   	-254.32		
-27.47   	-48.52   	124.56   	-264.50		
-25.94   	-48.83   	123.50   	-279.75		
-21.97   	-47.61   	122.38   	-289.93		
-18.31   	-46.08   	121.22   	-295.01		
-17.40   	-45.17   	120.04   	-295.01		
-20.14   	-45.47   	118.86   	-284.84		
-24.11   	-45.78   	117.72   	-279.75		
-25.63   	-46.08   	116.60   	-269.58		
-23.19   	-47.00   	115.52   	-249.24		
-19.53   	-47.61   	114.53   	-233.98		
-17.09   	-46.08   	113.59   	-218.72		
-18.31   	-41.81   	112.72   	-193.29		
-22.28   	-37.84   	111.94   	-172.94		
-25.94   	-38.15   	111.25   	-152.59		
-28.38   	-44.56   	110.64   	-137.33		
-28.38   	-52.80   	110.09   	-111.90		
-27.47   	-55.85   	109.64   	 -96.64		
-26.25   	-52.19   	109.26   	 -86.47		
-24.41   	-45.17   	108.91   	 -66.12		
-22.58   	-40.59   	108.65   	 -55.95		
-21.06   	-41.20   	108.42   	 -50.86		
-21.67   	-45.17   	108.22   	 -35.61		
-23.50   	-48.52   	108.08   	 -35.61		
-26.55   	-50.05   	107.93   	 -25.43		
-29.91   	-50.96   	107.83   	 -25.43		
-32.65   	-50.66   	107.73   	 -20.35		
-32.35   	-49.44   	107.65   	 -20.35		
-29.30   	-46.39   	107.57   	 -20.35		
-25.33   	-41.81   	107.49   	 -25.43		
-23.80   	-37.54   	107.39   	 -20.35		
-27.47   	-36.01   	107.30   	 -30.52		
-34.48   	-38.45   	107.18   	 -30.52		
-39.98   	-43.03   	107.06   	 -30.52		
-38.76   	-47.91   	106.94   	 -40.69		
-31.43   	-51.27   	106.77   	 -40.69		
-23.19   	-52.19   	106.61   	 -45.78		
-19.53   	-51.88   	106.43   	 -50.86		
-21.97   	-52.19   	106.23   	 -55.95		
-27.77   	-52.80   	106.00   	 -55.95		
-34.18   	-53.71   	105.78   	 -61.04		
-39.06   	-53.71   	105.53   	 -66.12		
-41.50   	-51.88   	105.27   	 -66.12		
-41.20   	-47.61   	105.00   	 -76.30		
-38.15   	-43.64   	104.70   	 -71.21		
-33.57   	-44.25   	104.41   	 -81.38		
-30.21   	-50.96   	104.09   	 -81.38		
-29.60   	-60.42   	103.76   	 -81.38		
-31.13   	-65.92   	103.44   	 -86.47		
-31.43   	-63.17   	103.09   	 -86.47		
-29.60   	-53.71   	102.75   	 -86.47		
-26.55   	-45.17   	102.40   	 -86.47		
-25.02   	-44.56   	102.05   	 -91.56		
-25.33   	-50.96   	101.69   	 -86.47		
-26.55   	-58.59   	101.34   	 -86.47		
-27.47   	-61.65   	101.00   	 -91.56		
-28.38   	-58.59   	100.63   	 -86.47		
-28.99   	-53.10   	100.28   	 -91.56		
-30.21   	-48.83   	 99.92   	 -86.47		
-30.21   	-47.00   	 99.57   	 -91.56		
-28.99   	-46.69   	 99.21   	 -86.47		
-28.38   	-49.13   	 98.86   	 -86.47		
-29.60   	-53.71   	 98.51   	 -86.47		
-32.04   	-59.81   	 98.17   	 -86.47		
-32.35   	-65.00   	 97.82   	 -86.47		
-28.99   	-66.22   	 97.48   	 -81.38		
-23.50   	-62.56   	 97.15   	 -86.47		
-21.06   	-58.29   	 96.81   	 -81.38		
-23.50   	-55.24   	 96.48   	 -81.38		
-28.99   	-54.02   	 96.15   	 -81.38		
-33.57   	-54.02   	 95.83   	 -76.30		
-33.87   	-53.71   	 95.52   	 -81.38		
-31.13   	-52.19   	 95.20   	 -76.30		
-27.47   	-50.66   	 94.89   	 -76.30		
-25.33   	-49.74   	 94.59   	 -76.30		
-24.11   	-48.52   	 94.28   	 -71.21		
-23.80   	-48.52   	 94.00   	 -76.30		
-24.41   	-50.35   	 93.69   	 -71.21		
-25.02   	-53.10   	 93.41   	 -71.21		
-24.72   	-54.02   	 93.12   	 -71.21		
-21.67   	-49.44   	 92.84   	 -71.21		
-15.56   	-36.62   	 92.55   	 -66.12		
 -7.93   	-19.23   	 92.29   	 -66.12		
 -2.44   	 -3.66   	 92.02   	 -71.21		
 -0.92   	  3.05   	 91.74   	 -66.12		
 -1.83   	  0.00   	 91.47   	 -66.12		
 -2.14   	 -8.54   	 91.21   	 -66.12		
  0.92   	-16.48   	 90.95   	 -66.12		
  6.10   	-18.62   	 90.68   	 -66.12		
 11.90   	-11.90   	 90.42   	 -61.04		
 15.56   	  2.44   	 90.17   	 -61.04		
 17.40   	 20.14   	 89.93   	 -66.12		
 18.31   	 34.48   	 89.66   	 -55.95		
 19.53   	 37.84   	 89.44   	 -61.04		
 23.19   	 28.99   	 89.20   	 -55.95		
 28.99   	 13.73   	 88.97   	 -61.04		
 36.01   	  1.53   	 88.73   	 -55.95		
 40.28   	 -3.36   	 88.50   	 -55.95		
 38.45   	 -3.05   	 88.28   	 -50.86		
 29.91   	 -3.97   	 88.08   	 -55.95		
 17.09   	 -9.77   	 87.85   	 -50.86		
  4.27   	-18.01   	 87.65   	 -50.86		
 -6.71   	-24.11   	 87.45   	 -45.78		
-15.87   	-26.86   	 87.26   	 -50.86		
-25.33   	-29.91   	 87.06   	 -45.78		
-34.79   	-36.93   	 86.88   	 -45.78		
-41.50   	-49.13   	 86.69   	 -45.78		
-43.03   	-63.48   	 86.51   	 -50.86		
-40.59   	-75.07   	 86.31   	 -45.78		
-36.93   	-81.18   	 86.12   	 -45.78		
-35.10   	-81.79   	 85.94   	 -45.78		
-36.62   	-78.13   	 85.76   	 -50.86		
-40.28   	-74.16   	 85.55   	 -45.78		
-43.64   	-71.11   	 85.37   	 -45.78		
-44.25   	-70.50   	 85.19   	 -50.86		
-42.72   	-72.02   	 84.98   	 -45.78		
-40.89   	-74.46   	 84.80   	 -45.78		
-39.98   	-75.99   	 84.62   	 -45.78		
-39.98   	-74.16   	 84.44   	 -45.78		
-39.98   	-69.27   	 84.25   	 -45.78		
-37.84   	-63.17   	 84.07   	 -45.78		
-34.48   	-58.90   	 83.89   	 -40.69		
-32.35   	-59.51   	 83.72   	 -45.78		
-32.35   	-64.39   	 83.54   	 -40.69		
-33.26   	-68.36   	 83.38   	 -40.69		
-33.87   	-67.75   	 83.21   	 -35.61		
-32.96   	-61.65   	 83.07   	 -40.69		
-29.30   	-53.41   	 82.91   	 -35.61		
-18.01   	-46.69   	 82.77   	 -35.61		
  9.77   	-41.20   	 82.62   	 -35.61		
 61.04   	-27.47   	 82.48   	 -35.61		
136.41   	  8.54   	 82.34   	 -30.52		
227.36   	 79.65   	 82.22   	 -35.61		
317.69   	184.33   	 82.07   	 -35.61		
385.13   	296.63   	 81.93   	 -30.52		
409.24   	372.92   	 81.81   	 -35.61		
371.70   	376.59(R)	 81.67   	 -30.52		
270.39   	299.38   	 81.55   	 -35.61		
125.73   	169.98   	 81.40   	 -30.52		
-22.28   	 36.62   	 81.28   	 -35.61		
-130.62   	-61.04   	 81.14   	 -30.52		
-175.48   	-110.78   	 81.02   	 -35.61		
-163.88   	-122.68   	 80.87   	 -30.52		
-123.90   	-112.30   	 80.75   	 -30.52		
-84.84   	-93.08   	 80.63   	 -25.43		
-62.26   	-72.94   	 80.53   	 -30.52		
-54.63   	-56.76   	 80.41   	 -25.43		
-53.10   	-47.30   	 80.30   	 -30.52		
-51.57   	-43.33   	 80.18   	 -25.43		
-48.52   	-40.59   	 80.08   	 -20.35		
-44.86   	-36.62   	 80.00   	 -25.43		
-42.72   	-32.35   	 79.90   	 -20.35		
-41.50   	-30.52   	 79.82   	 -20.35		
-41.20   	-33.26   	 79.74   	 -20.35		
-40.89   	-40.28   	 79.65   	 -15.26		
-40.59   	-47.61   	 79.59   	 -15.26		
-39.67   	-51.57   	 79.53   	 -15.26		
-39.06   	-50.96   	 79.47   	  -5.09		
-39.06   	-45.78   	 79.45   	  -5.09		
-39.06   	-38.45   	 79.43(D)	  10.17		
-38.45   	-32.96   	 79.47   	  20.35		
-36.93   	-31.43   	 79.55   	  35.61		
-34.48   	-33.87   	 79.69   	  61.04		
-31.43   	-36.93   	 79.94   	  76.30		
-29.60   	-37.23   	 80.24   	 106.82		
-28.08   	-32.35   	 80.67   	 132.25		
-27.77   	-22.58   	 81.20   	 157.68		
-28.08   	-13.12   	 81.83   	 193.29		
-28.08   	 -9.16   	 82.60   	 223.80		
-27.77   	-13.12   	 83.50   	 254.32		
-26.86   	-23.80   	 84.52   	 279.75		
-24.11   	-34.48   	 85.64   	 315.36		
-19.84   	-39.37   	 86.90   	 345.88		
-15.87   	-36.01   	 88.28   	 366.22		
-14.34   	-26.55   	 89.75   	 391.66		
-14.95   	-15.26   	 91.31   	 406.92		
-16.17   	 -5.49   	 92.94   	 427.26		
-14.95   	  0.31   	 94.65   	 432.35		
-11.29   	  3.36   	 96.38   	 442.52		
 -6.41   	  5.19   	 98.15   	 442.52		
 -2.44   	  8.54   	 99.92   	 437.43		
  0.61   	 14.04   	101.67   	 432.35		
  4.27   	 21.06   	103.40   	 422.18		
 10.38   	 28.38   	105.09   	 406.92		
 18.01   	 34.79   	106.71   	 396.74		
 25.33   	 39.06   	108.30   	 371.31		
 31.13   	 41.50   	109.79   	 356.05		
 36.32   	 43.64   	111.21   	 335.71		
 40.59   	 47.61   	112.55   	 310.27		
 45.47   	 55.54   	113.79   	 289.93		
 50.35   	 66.53   	114.95   	 269.58		
 53.71   	 78.13   	116.03   	 244.15		
 55.85   	 87.89   	117.01   	 223.80		
 57.37   	 94.30   	117.90   	 198.37		
 59.20   	 98.27   	118.70   	 183.11		
 62.56   	100.71   	119.43   	 162.77		
 67.44   	103.76   	120.08   	 142.42		
 73.24   	107.42   	120.65   	 132.25		
 77.21   	112.00   	121.18   	 111.90		
 79.04   	116.27   	121.63   	  96.64		
 78.74   	119.32   	122.01   	  86.47		
 77.51   	119.32   	122.36   	  76.30		
 75.99   	115.36   	122.66   	  66.12		
 74.77   	108.64   	122.93   	  55.95		
 73.24   	100.71   	123.15   	  50.86		
 71.41   	 93.38   	123.36   	  40.69		
 68.97   	 87.89   	123.52   	  35.61		
 66.53   	 83.31   	123.66   	  30.52		
 63.17   	 77.82   	123.78   	  25.43		
 57.98   	 69.89   	123.89   	  20.35		
 49.74   	 59.20   	123.97   	  15.26		
 39.67   	 45.78   	124.03   	  15.26		
 29.91   	 30.21   	124.09   	   5.09		
 21.06   	 13.43   	124.11   	   5.09		
 12.82   	 -3.36   	124.13   	   5.09		
  5.19   	-18.31   	124.15(S)	  -5.09		
 -2.14   	-28.99   	124.13   	  -5.09		
 -7.02   	-34.79   	124.11   	 -10.17		
 -8.85   	-38.45   	124.07   	 -20.35		
 -9.16   	-42.72   	123.99   	 -25.43		
-10.99   	-50.66   	123.89   	 -35.61		
-16.48   	-62.26   	123.74   	 -50.86		
-23.80   	-74.46   	123.54   	 -61.04		
-29.60   	-83.62   	123.30   	 -81.38		
-32.65   	-88.20   	122.97   	-101.73		
-32.96   	-88.50   	122.56   	-127.16		
-33.57   	-87.28   	122.05   	-147.51		
-35.71   	-86.67   	121.46   	-172.94		
-39.06   	-87.59   	120.77   	-193.29		
-41.20   	-90.03   	120.00   	-213.63		
-41.20   	-93.08   	119.15   	-228.89		
-39.06   	-94.91   	118.23   	-239.06		
-37.23   	-94.60   	117.27   	-249.24		
-36.62   	-92.47   	116.28   	-249.24		
-37.84   	-89.72   	115.28   	-254.32		
-39.37   	-86.98   	114.26   	-249.24		
-40.89   	-85.75   	113.27   	-239.06		
-41.50   	-86.36   	112.31   	-228.89		
-41.81   	-87.59   	111.39   	-218.72		
-41.50   	-88.81   	110.52   	-198.37		
-41.20   	-88.50   	109.72   	-188.20		
-39.67   	-86.98   	108.97   	-162.77		
-36.62   	-84.53   	108.32   	-147.51		
-32.96   	-82.09   	107.73   	-127.16		
-30.21   	-80.57   	107.22   	-106.82		
-30.21   	-79.35   	106.80   	 -91.56		
-33.87   	-77.82   	106.43   	 -71.21		
-38.76   	-75.07   	106.14   	 -55.95		
-40.89   	-71.72   	105.92   	 -45.78		
-38.76   	-68.05   	105.74   	 -35.61		
-33.26   	-65.92   	105.59   	 -20.35		
-28.38   	-66.83   	105.51   	 -20.35		
-27.16   	-70.19   	105.43   	 -10.17		
-28.99   	-73.85   	105.39   	  -5.09		
-30.21   	-75.38   	105.37   	  -5.09		
-29.91   	-74.46   	105.35   	   0.00		
-28.38   	-73.55   	105.35   	  -5.09		
-27.77   	-74.16   	105.33   	  -5.09		
-29.91   	-77.51   	105.31   	  -5.09		
-33.26   	-81.79   	105.29   	 -10.17		
-35.40   	-84.84   	105.25   	 -10.17		
-33.57   	-85.14   	105.21   	 -15.26		
-29.30   	-83.31   	105.15   	 -15.26		
-25.02   	-80.57   	105.09   	 -20.35		
-24.11   	-79.65   	105.00   	 -25.43		
-27.77   	-80.87   	104.90   	 -30.52		
-33.26   	-84.23   	104.78   	 -30.52		
-37.23   	-86.67   	104.66   	 -35.61		
-37.84   	-86.36   	104.52   	 -40.69		
-34.79   	-83.62   	104.35   	 -45.78		
-31.13   	-79.96   	104.17   	 -45.78		
-28.99   	-76.60   	103.99   	 -50.86		
-28.38   	-74.77   	103.78   	 -50.86		
-29.30   	-73.85   	103.58   	 -55.95		
-29.91   	-73.24   	103.36   	 -61.04		
-29.60   	-73.24   	103.11   	 -61.04		
-29.30   	-74.77   	102.87   	 -61.04		
-28.99   	-76.60   	102.62   	 -66.12		
-28.38   	-78.13   	102.36   	 -61.04		
-27.47   	-78.13   	102.12   	 -66.12		
-26.86   	-76.90   	101.85   	 -71.21		
-26.86   	-74.46   	101.57   	 -66.12		
-28.69   	-72.94   	101.30   	 -66.12		
-32.04   	-72.63   	101.04   	 -71.21		
-34.18   	-73.24   	100.75   	 -71.21		
-33.26   	-74.46   	100.47   	 -71.21		
-30.21   	-75.99   	100.18   	 -71.21		
-27.47   	-76.29   	 99.90   	 -71.21		
-27.16   	-75.38   	 99.61   	 -71.21		
-29.60   	-73.24   	 99.33   	 -71.21		
-32.04   	-70.80   	 99.04   	 -71.21		
-32.04   	-68.97   	 98.76   	 -71.21		
-29.60   	-67.44   	 98.47   	 -76.30		
-27.16   	-66.53   	 98.17   	 -71.21		
-25.63   	-66.53   	 97.88   	 -71.21		
-25.63   	-66.53   	 97.60   	 -71.21		
-25.94   	-66.53   	 97.31   	 -71.21		
-25.94   	-65.92   	 97.03   	 -66.12		
-26.25   	-65.61   	 96.76   	 -71.21		
-27.47   	-65.92   	 96.48   	 -71.21		
-29.30   	-68.05   	 96.19   	 -66.12		
-29.91   	-70.50   	 95.93   	 -66.12		
-28.99   	-72.33   	 95.67   	 -71.21		
-26.86   	-72.33   	 95.38   	 -66.12		
-25.33   	-72.02   	 95.12   	 -66.12		
-25.94   	-72.02   	 94.85   	 -66.12		
-27.16   	-72.33   	 94.59   	 -61.04		
-27.77   	-69.58   	 94.34   	 -66.12		
-25.63   	-63.17   	 94.08   	 -66.12		
-21.06   	-54.63   	 93.81   	 -61.04		
-15.87   	-46.69   	 93.57   	 -66.12		
-11.90   	-40.89   	 93.31   	 -61.04		
 -9.46   	-36.01   	 93.06   	 -61.04		
 -8.85   	-28.99   	 92.82   	 -61.04		
 -8.85   	-18.92   	 92.57   	 -61.04		
 -7.93   	 -9.16   	 92.33   	 -61.04		
 -5.80   	 -2.75   	 92.09   	 -55.95		
 -2.75   	  0.31   	 91.86   	 -61.04		
 -0.61   	  1.53   	 91.62   	 -61.04		
  1.22   	  3.05   	 91.37   	 -55.95		
  3.36   	  7.63   	 91.15   	 -55.95		
  7.02   	 14.95   	 90.93   	 -55.95		
 12.82   	 23.19   	 90.70   	 -55.95		
 19.84   	 30.82   	 90.48   	 -50.86		
 25.94   	 33.57   	 90.27   	 -55.95		
 29.91   	 29.30   	 90.05   	 -50.86		
 32.35   	 19.84   	 89.85   	 -50.86		
 33.87   	  8.85   	 89.64   	 -45.78		
 34.18   	 -0.61   	 89.46   	 -50.86		
 31.74   	 -7.32   	 89.26   	 -45.78		
 25.33   	-12.21   	 89.07   	 -45.78		
 14.65   	-16.48   	 88.89   	 -45.78		
  1.22   	-20.45   	 88.71   	 -40.69		
-12.21   	-23.50   	 88.54   	 -45.78		
-24.41   	-27.77   	 88.36   	 -40.69		
-33.57   	-35.40   	 88.20   	 -40.69		
-39.06   	-45.17   	 88.04   	 -40.69		
-40.89   	-54.02   	 87.87   	 -40.69		
-39.67   	-58.59   	 87.71   	 -40.69		
-36.01   	-57.68   	 87.55   	 -40.69		
-32.35   	-54.93   	 87.39   	 -40.69		
-30.52   	-55.54   	 87.22   	 -35.61		
-31.13   	-60.73   	 87.08   	 -40.69		
-33.57   	-67.14   	 86.92   	 -40.69		
-36.01   	-69.58   	 86.75   	 -40.69		
-37.54   	-66.53   	 86.59   	 -40.69		
-36.93   	-61.95   	 86.43   	 -40.69		
-35.71   	-59.81   	 86.27   	 -40.69		
-35.40   	-62.26   	 86.10   	 -40.69		
-36.32   	-66.83   	 85.94   	 -45.78		
-37.54   	-69.58   	 85.76   	 -40.69		
-37.54   	-67.75   	 85.59   	 -35.61		
-35.10   	-62.87   	 85.45   	 -40.69		
-31.74   	-58.90   	 85.29   	 -35.61		
-29.30   	-57.68   	 85.15   	 -35.61		
-29.60   	-58.59   	 85.00   	 -35.61		
-32.04   	-59.20   	 84.86   	 -30.52		
-32.96   	-56.15   	 84.74   	 -25.43		
-25.94   	-47.30   	 84.64   	 -30.52		
 -3.97   	-32.65   	 84.52   	 -25.43		
 37.84   	-10.99   	 84.41   	 -20.35		
 99.79   	 22.89   	 84.33   	 -20.35		
177.31   	 79.04   	 84.25   	 -20.35		
263.06   	165.71   	 84.17   	 -20.35		
343.63   	273.44   	 84.09   	 -20.35		
401.31   	367.74   	 84.01   	 -20.35		
415.34   	403.14(R)	 83.93   	 -15.26		
368.65   	352.17   	 83.87   	 -20.35		
261.23   	224.61   	 83.78   	 -25.43		
118.41   	 68.97   	 83.68   	 -20.35		
-18.31   	-58.90   	 83.60   	 -25.43		
-109.86   	-128.48   	 83.50   	 -25.43		
-140.38   	-143.43   	 83.40   	 -30.52		
-123.29   	-125.73   	 83.28   	 -30.52		
-87.89   	-97.35   	 83.15   	 -30.52		
-60.73   	-71.72   	 83.03   	 -30.52		
-50.35   	-54.02   	 82.91   	 -30.52		
-50.35   	-46.69   	 82.79   	 -30.52		
-51.27   	-48.22   	 82.66   	 -30.52		
-47.61   	-53.71   	 82.54   	 -25.43		
-40.89   	-57.98   	 82.44   	 -30.52		
-36.62   	-58.59   	 82.32   	 -25.43		
-35.71   	-56.15   	 82.22   	 -25.43		
-37.23   	-53.71   	 82.12   	 -20.35		
-38.76   	-51.88   	 82.03   	 -15.26		
-38.76   	-50.05   	 81.97   	 -15.26		
-37.54   	-48.83   	 81.91(D)	   0.00		
-37.23   	-49.13   	 81.91   	   5.09		
-37.84   	-49.74   	 81.93   	  25.43		
-38.15   	-48.22   	 82.03   	  35.61		
-36.93   	-44.25   	 82.18   	  61.04		
-34.48   	-39.37   	 82.42   	  81.38		
-32.04   	-36.01   	 82.75   	 106.82		
-31.13   	-34.79   	 83.17   	 132.25		
-31.43   	-33.57   	 83.70   	 162.77		
-31.43   	-30.82   	 84.35   	 193.29		
-30.21   	-27.47   	 85.13   	 228.89		
-27.47   	-24.41   	 86.04   	 259.41		
-25.02   	-23.19   	 87.08   	 295.01		
-24.11   	-23.19   	 88.26   	 325.53		
-23.80   	-21.97   	 89.56   	 356.05		
-22.28   	-18.01   	 90.99   	 386.57		
-18.31   	-11.60   	 92.53   	 406.92		
-13.12   	 -4.27   	 94.16   	 427.26		
 -8.54   	  3.05   	 95.87   	 442.52		
 -5.80   	  8.85   	 97.64   	 452.69		
 -4.88   	 11.90   	 99.45   	 457.78		
 -2.75   	 12.21   	101.28   	 457.78		
  1.22   	 11.29   	103.11   	 462.87		
  5.49   	 11.90   	104.96   	 452.69		
  8.24   	 15.56   	106.77   	 447.61		
  9.16   	 23.19   	108.57   	 442.52		
 10.07   	 33.26   	110.34   	 427.26		
 12.21   	 43.03   	112.04   	 417.09		
 16.48   	 51.57   	113.71   	 401.83		
 21.97   	 57.98   	115.32   	 386.57		
 27.77   	 63.48   	116.87   	 366.22		
 34.48   	 70.19   	118.33   	 350.97		
 41.50   	 78.13   	119.74   	 330.62		
 48.22   	 86.67   	121.06   	 315.36		
 52.49   	 93.99   	122.32   	 289.93		
 54.32   	 98.88   	123.48   	 274.67		
 55.54   	102.54   	124.58   	 254.32		
 58.59   	107.12   	125.59   	 233.98		
 65.31   	114.44   	126.53   	 218.72		
 74.16   	123.60   	127.41   	 203.46		
 82.70   	133.36   	128.22   	 183.11		
 89.42   	142.21   	128.95   	 167.85		
 93.69   	148.93   	129.62   	 152.59		
 95.83   	153.81   	130.23   	 142.42		
 96.44   	156.86   	130.80   	 127.16		
 94.91   	157.47   	131.31   	 111.90		
 92.16   	155.94   	131.76   	 106.82		
 89.72   	153.20   	132.19   	  91.56		
 88.81   	150.76   	132.55   	  86.47		
 90.33   	148.32   	132.90   	  76.30		
 91.86   	145.26   	133.20   	  66.12		
 90.33   	140.99   	133.47   	  61.04		
 83.31   	133.36   	133.71   	  55.95		
 73.24   	123.90   	133.94   	  50.86		
 64.09   	114.75   	134.14   	  45.78		
 57.68   	106.20   	134.32   	  40.69		
 53.41   	 97.96   	134.49   	  40.69		
 46.69   	 87.28   	134.65   	  30.52		
 36.32   	 73.55   	134.77   	  30.52		
 23.80   	 57.37   	134.89   	  25.43		
 14.04   	 43.03   	134.99   	  20.35		
  8.85   	 32.65   	135.08   	  20.35		
  6.71   	 26.55   	135.16   	  10.17		
  3.66   	 21.36   	135.20   	  10.17		
 -2.14   	 14.65   	135.24   	   5.09		
 -8.85   	  5.19   	135.26(S)	   0.00		
-13.73   	 -4.88   	135.26   	 -10.17		
-14.95   	-13.12   	135.22   	 -20.35		
-14.34   	-18.01   	135.14   	 -30.52		
-14.95   	-19.84   	135.01   	 -45.78		
-17.70   	-19.84   	134.83   	 -61.04		
-21.67   	-20.14   	134.59   	 -81.38		
-23.50   	-20.45   	134.26   	-106.82		
-21.36   	-21.36   	133.83   	-132.25		
-17.40   	-21.97   	133.31   	-167.85		
-16.48   	-22.89   	132.63   	-193.29		
-20.45   	-23.50   	131.86   	-218.72		
-28.08   	-24.11   	130.99   	-249.24		
-33.26   	-23.19   	129.99   	-274.67		
-31.74   	-19.53   	128.89   	-289.93		
-24.41   	-13.73   	127.73   	-300.10		
-17.70   	 -8.54   	126.53   	-305.19		
-15.87   	 -6.41   	125.31   	-310.27		
-20.14   	 -7.93   	124.07   	-310.27		
-26.25   	-12.51   	122.83   	-300.10		
-29.60   	-17.09   	121.63   	-289.93		
-28.99   	-19.53   	120.47   	-274.67		
-26.25   	-20.45   	119.37   	-259.41		
-23.80   	-20.45   	118.33   	-239.06		
-23.80   	-20.14   	117.37   	-223.80		
-25.63   	-18.62   	116.48   	-198.37		
-28.38   	-16.48   	115.69   	-172.94		
-29.91   	-14.65   	114.99   	-157.68		
-29.60   	-14.34   	114.36   	-137.33		
-27.77   	-15.87   	113.81   	-122.07		
-26.25   	-18.01   	113.33   	-101.73		
-26.55   	-19.53   	112.92   	 -86.47		
-27.77   	-19.23   	112.57   	 -76.30		
-28.38   	-17.70   	112.27   	 -61.04		
-27.47   	-15.87   	112.02   	 -50.86		
-25.94   	-14.34   	111.82   	 -45.78		
-25.63   	-13.12   	111.64   	 -40.69		
-27.47   	-13.12   	111.47   	 -35.61		
-29.60   	-14.34   	111.33   	 -30.52		
-30.52   	-15.56   	111.21   	 -25.43		
-30.52   	-15.56   	111.11   	 -30.52		
-30.82   	-14.34   	110.99   	 -25.43		
-32.04   	-13.43   	110.88   	 -30.52		
-33.26   	-14.34   	110.76   	 -30.52		
-31.74   	-18.01   	110.64   	 -35.61		
-27.47   	-23.19   	110.50   	 -35.61		
-21.36   	-27.16   	110.36   	 -35.61		
-17.40   	-28.38   	110.21   	 -40.69		
-17.40   	-27.16   	110.05   	 -45.78		
-19.53   	-25.02   	109.87   	 -50.86		
-22.28   	-23.50   	109.66   	 -50.86		
-24.72   	-23.80   	109.46   	 -55.95		
-26.55   	-25.02   	109.24   	 -61.04		
-27.16   	-25.33   	108.99   	 -61.04		
-27.47   	-23.80   	108.75   	 -71.21		
-27.16   	-21.67   	108.46   	 -71.21		
-26.55   	-20.45   	108.18   	 -76.30		
-26.86   	-21.36   	107.87   	 -76.30		
-27.77   	-22.89   	107.57   	 -86.47		
-28.38   	-24.41   	107.22   	 -86.47		
-28.08   	-25.02   	106.88   	 -91.56		
-27.16   	-24.11   	106.51   	 -91.56		
-25.94   	-21.67   	106.14   	 -96.64		
-24.11   	-17.09   	105.76   	 -96.64		
-21.36   	-11.90   	105.37   	 -96.64		
-19.53   	 -9.46   	104.98   	-101.73		
-19.53   	-12.21   	104.58   	 -96.64		
-22.58   	-18.31   	104.19   	-101.73		
-26.86   	-23.50   	103.78   	 -96.64		
-29.60   	-23.80   	103.40   	-101.73		
-29.30   	-20.75   	102.99   	-101.73		
-25.94   	-16.78   	102.58   	 -96.64		
-22.28   	-14.65   	102.20   	 -96.64		
-19.84   	-14.65   	101.81   	 -96.64		
-19.53   	-14.04   	101.42   	 -96.64		
-20.75   	-11.60   	101.04   	 -91.56		
-23.50   	 -8.54   	100.67   	 -91.56		
-25.94   	 -7.63   	100.30   	 -91.56		
-27.47   	 -9.77   	 99.94   	 -86.47		
-26.55   	-14.65   	 99.59   	 -91.56		
-23.80   	-20.75   	 99.23   	 -86.47		
-21.06   	-26.55   	 98.88   	 -81.38		
-19.84   	-30.82   	 98.56   	 -86.47		
-21.36   	-33.57   	 98.21   	 -81.38		
-24.11   	-34.48   	 97.88   	 -81.38		
-25.63   	-31.43   	 97.56   	 -81.38		
-24.72   	-25.02   	 97.23   	 -81.38		
-22.28   	-18.31   	 96.91   	 -76.30		
-19.84   	-13.73   	 96.60   	 -81.38		
-19.53   	-13.43   	 96.28   	 -76.30		
-20.45   	-17.09   	 95.97   	 -76.30		
-20.75   	-21.06   	 95.67   	 -76.30		
-20.14   	-22.89   	 95.36   	 -76.30		
-18.01   	-21.36   	 95.06   	 -76.30		
-14.65   	-15.56   	 94.75   	 -76.30		
 -9.46   	 -4.88   	 94.45   	 -71.21		
 -3.66   	  8.85   	 94.16   	 -76.30		
  2.75   	 22.58   	 93.86   	 -71.21		
  7.63   	 32.96   	 93.57   	 -71.21		
 10.07   	 38.15   	 93.29   	 -71.21		
 11.29   	 39.98   	 93.00   	 -66.12		
 12.82   	 42.11   	 92.74   	 -71.21		
 14.95   	 46.08   	 92.45   	 -66.12		
 18.31   	 52.49   	 92.19   	 -66.12		
 22.89   	 60.42   	 91.92   	 -66.12		
 27.77   	 67.75   	 91.66   	 -66.12		
 32.35   	 71.11   	 91.39   	 -66.12		
 35.40   	 67.44   	 91.13   	 -61.04		
 36.32   	 56.76   	 90.88   	 -61.04		
 36.62   	 42.42   	 90.64   	 -61.04		
 37.84   	 31.43   	 90.40   	 -61.04		
 40.28   	 26.25   	 90.15   	 -55.95		
 41.20   	 24.11   	 89.93   	 -61.04		
 37.23   	 18.62   	 89.68   	 -55.95		
 27.47   	  8.24   	 89.46   	 -50.86		
 14.65   	 -1.83   	 89.26   	 -55.95		
  2.44   	 -5.19   	 89.03   	 -50.86		
 -7.02   	 -0.31   	 88.83   	 -50.86		
-14.95   	  6.41   	 88.63   	 -50.86		
-23.19   	  6.10   	 88.42   	 -45.78		
-30.82   	 -4.58   	 88.24   	 -45.78		
-34.79   	-20.45   	 88.06   	 -45.78		
-33.26   	-33.57   	 87.87   	 -45.78		
-27.16   	-39.98   	 87.69   	 -40.69		
-21.67   	-41.20   	 87.53   	 -45.78		
-21.36   	-42.42   	 87.34   	 -40.69		
-26.86   	-46.39   	 87.18   	 -40.69		
-33.87   	-51.88   	 87.02   	 -45.78		
-36.32   	-53.71   	 86.84   	 -40.69		
-32.35   	-48.52   	 86.67   	 -40.69		
-23.80   	-38.15   	 86.51   	 -45.78		
-17.09   	-29.30   	 86.33   	 -40.69		
-17.70   	-26.55   	 86.16   	 -40.69		
-25.63   	-31.43   	 86.00   	 -45.78		
-35.40   	-38.76   	 85.82   	 -40.69		
-39.98   	-41.81   	 85.66   	 -40.69		
-36.93   	-39.37   	 85.49   	 -40.69		
-30.21   	-34.48   	 85.33   	 -40.69		
-26.25   	-30.52   	 85.17   	 -40.69		
-28.08   	-28.69   	 85.00   	 -40.69		
-32.65   	-27.16   	 84.84   	 -35.61		
-30.52   	-22.28   	 84.70   	 -40.69		
-10.68   	-10.68   	 84.54   	 -35.61		
 33.57   	 11.60   	 84.39   	 -35.61		
102.54   	 49.74   	 84.25   	 -30.52		
189.51   	110.47   	 84.13   	 -35.61		
283.51   	197.14   	 83.99   	 -35.61		
369.26   	298.77   	 83.85   	 -30.52		
430.60   	384.22   	 83.72   	 -30.52		
448.30   	414.43(R)	 83.60   	 -35.61		
408.02   	365.30   	 83.46   	 -30.52		
308.84   	245.67   	 83.34   	 -30.52		
171.51   	100.10   	 83.21   	 -35.61		
 32.65   	-19.84   	 83.07   	 -30.52		
-70.50   	-84.84   	 82.95   	 -35.61		
-118.71   	-97.96   	 82.81   	 -35.61		
-118.41   	-80.57   	 82.66   	 -35.61		
-92.77   	-53.10   	 82.52   	 -35.61		
-65.61   	-26.55   	 82.38   	 -35.61		
-48.52   	 -6.41   	 82.24   	 -35.61		
-41.50   	  3.66   	 82.10   	 -30.52		
-39.06   	  2.75   	 81.97   	 -35.61		
-36.93   	 -4.88   	 81.83   	 -30.52		
-34.18   	-11.90   	 81.71   	 -30.52		
-31.74   	-13.73   	 81.59   	 -30.52		
-30.21   	-11.60   	 81.46   	 -25.43		
-29.91   	 -9.46   	 81.36   	 -25.43		
-30.21   	 -8.24   	 81.26   	 -15.26		
-30.82   	 -7.02   	 81.20   	 -15.26		
-31.43   	 -4.58   	 81.14   	  -5.09		
-32.04   	 -0.92   	 81.12(D)	   5.09		
-32.35   	  2.44   	 81.14   	  20.35		
-32.04   	  5.49   	 81.22   	  35.61		
-30.52   	  7.93   	 81.36   	  55.95		
-28.38   	  9.16   	 81.59   	  76.30		
-26.86   	  9.77   	 81.89   	 106.82		
-26.86   	 10.99   	 82.32   	 132.25		
-28.08   	 12.82   	 82.85   	 167.85		
-28.38   	 16.17   	 83.52   	 193.29		
-26.25   	 21.06   	 84.29   	 228.89		
-22.58   	 25.94   	 85.21   	 264.50		
-19.84   	 28.99   	 86.27   	 295.01		
-19.53   	 28.69   	 87.45   	 330.62		
-21.06   	 24.41   	 88.77   	 361.14		
-21.36   	 19.53   	 90.21   	 386.57		
-18.62   	 18.92   	 91.76   	 412.00		
-13.12   	 25.63   	 93.41   	 432.35		
 -8.24   	 39.67   	 95.14   	 447.61		
 -5.80   	 56.46   	 96.93   	 462.87		
 -4.88   	 70.50   	 98.78   	 467.95		
 -3.66   	 77.21   	100.65   	 473.04		
 -0.92   	 75.07   	102.54   	 473.04		
  2.75   	 67.14   	104.43   	 467.95		
  6.10   	 58.29   	106.31   	 462.87		
  8.24   	 53.71   	108.16   	 452.69		
  9.46   	 54.93   	109.97   	 437.43		
 11.29   	 60.73   	111.72   	 427.26		
 14.34   	 68.97   	113.43   	 406.92		
 18.62   	 79.35   	115.06   	 396.74		
 24.72   	 92.47   	116.64   	 381.48		
 31.74   	107.12   	118.17   	 371.31		
 39.06   	120.54   	119.65   	 361.14		
 44.86   	128.48   	121.10   	 335.71		
 49.44   	131.53   	122.44   	 320.45		
 54.93   	135.50   	123.72   	 310.27		
 62.26   	147.40   	124.96   	 295.01		
 69.89   	169.37   	126.14   	 289.93		
 75.68   	197.75   	127.30   	 279.75		
 76.90   	224.91   	128.42   	 269.58		
 74.46   	244.45   	129.50   	 254.32		
 72.02   	254.21   	130.52   	 249.24		
 72.33   	255.13   	131.52   	 239.06		
 74.77   	248.41   	132.47   	 233.98		
 79.04   	235.90   	133.41   	 233.98		
 83.62   	221.86   	134.34   	 223.80		
 87.89   	211.49   	135.24   	 213.63		
 91.55   	209.05   	136.09   	 203.46		
 93.08   	212.40   	136.91   	 178.03		
 92.16   	217.29   	137.62   	 157.68		
 88.81   	217.29   	138.25   	 122.07		
 85.14   	210.57   	138.74   	  86.47		
 81.48   	198.06   	139.08   	  50.86		
 77.82   	182.80   	139.29   	   5.09		
 72.33   	167.24   	139.31(S)	 -25.43		
 64.70   	151.37   	139.21   	 -61.04		
 54.93   	135.19   	138.96   	 -86.47		
 43.95   	118.41   	138.62   	-111.90		
 32.04   	 99.18   	138.17   	-122.07		
 20.75   	 78.74   	137.68   	-137.33		
 12.51   	 59.20   	137.13   	-137.33		
  8.54   	 43.95   	136.58   	-132.25		
  7.63   	 34.79   	136.05   	-132.25		
  7.93   	 29.91   	135.52   	-116.99		
  6.10   	 26.25   	135.06   	-111.90		
  0.61   	 20.45   	134.61   	-101.73		
 -7.63   	 11.90   	134.20   	 -86.47		
-15.26   	  0.92   	133.86   	 -76.30		
-19.84   	 -9.46   	133.55   	 -66.12		
-20.45   	-16.17   	133.29   	 -61.04		
-17.70   	-18.62   	133.04   	 -61.04		
-14.34   	-17.40   	132.80   	 -61.04		
-13.43   	-14.95   	132.55   	 -71.21		
-14.65   	-14.65   	132.27   	 -81.38		
-17.40   	-17.70   	131.94   	-101.73		
-19.84   	-22.58   	131.54   	-122.07		
-20.75   	-26.86   	131.05   	-142.42		
-21.67   	-29.60   	130.48   	-167.85		
-21.67   	-30.21   	129.81   	-188.20		
-20.45   	-28.69   	129.05   	-208.54		
-17.70   	-25.02   	128.22   	-228.89		
-14.34   	-19.23   	127.30   	-239.06		
-12.21   	-12.51   	126.35   	-249.24		
-12.82   	 -7.32   	125.35   	-254.32		
-15.56   	 -5.80   	124.33   	-259.41		
-18.62   	 -8.54   	123.30   	-254.32		
-20.75   	-13.73   	122.28   	-249.24		
-22.58   	-20.75   	121.28   	-239.06		
-24.11   	-29.30   	120.33   	-223.80		
-25.02   	-37.23   	119.43   	-213.63		
-25.02   	-41.81   	118.58   	-198.37		
-24.11   	-42.72   	117.78   	-178.03		
-23.80   	-41.81   	117.07   	-157.68		
-25.63   	-42.11   	116.44   	-142.42		
-28.38   	-44.86   	115.87   	-116.99		
-28.08   	-47.61   	115.40   	-106.82		
-23.80   	-46.39   	114.97   	 -86.47		
-17.09   	-41.50   	114.63   	 -71.21		
-11.90   	-36.62   	114.34   	 -61.04		
-11.90   	-36.01   	114.10   	 -45.78		
-16.78   	-40.59   	113.92   	 -40.69		
-24.41   	-48.22   	113.75   	 -35.61		
-30.82   	-56.76   	113.61   	 -25.43		
-34.48   	-62.87   	113.51   	 -30.52		
-34.48   	-65.31   	113.39   	 -25.43		
-32.04   	-61.95   	113.29   	 -25.43		
-28.69   	-53.71   	113.18   	 -30.52		
-26.86   	-43.33   	113.06   	 -35.61		
-27.47   	-35.71   	112.92   	 -35.61		
-29.30   	-33.87   	112.78   	 -45.78		
-28.99   	-39.37   	112.59   	 -45.78		
-25.63   	-49.44   	112.41   	 -55.95		
-20.14   	-59.20   	112.19   	 -61.04		
-16.17   	-64.39   	111.94   	 -61.04		
-18.01   	-63.48   	111.70   	 -71.21		
-23.80   	-58.59   	111.41   	 -76.30		
-29.30   	-53.41   	111.11   	 -81.38		
-29.91   	-49.13   	110.78   	 -86.47		
-26.86   	-44.86   	110.44   	 -86.47		
-23.50   	-39.67   	110.09   	 -91.56		
-24.11   	-33.87   	109.72   	 -91.56		
-28.69   	-29.91   	109.36   	 -91.56		
-33.57   	-28.08   	108.99   	 -96.64		
-34.79   	-26.25   	108.61   	 -91.56		
-32.35   	-24.41   	108.24   	 -91.56		
-28.69   	-23.80   	107.87   	 -91.56		
-26.55   	-25.94   	107.51   	 -86.47		
-25.94   	-28.99   	107.16   	 -81.38		
-25.63   	-29.30   	106.84   	 -81.38		
-25.63   	-23.50   	106.51   	 -76.30		
-25.94   	-13.12   	106.21   	 -76.30		
-26.55   	 -2.44   	105.90   	 -71.21		
-26.86   	  4.27   	105.62   	 -71.21		
-25.33   	  6.71   	105.33   	 -76.30		
-22.89   	  6.10   	105.03   	 -71.21		
-21.36   	  4.58   	104.74   	 -76.30		
-22.28   	  4.58   	104.43   	 -81.38		
-26.25   	  7.63   	104.11   	 -81.38		
-30.82   	 12.51   	103.78   	 -91.56		
-33.57   	 15.87   	103.42   	 -91.56		
-32.65   	 15.56   	103.05   	 -96.64		
-28.99   	 11.90   	102.66   	 -96.64		
-23.19   	  8.85   	102.28   	-106.82		
-18.01   	  9.16   	101.85   	-111.90		
-15.87   	 11.90   	101.40   	-111.90		
-17.40   	 12.21   	100.96   	-122.07		
-21.36   	  7.02   	100.47   	-122.07		
-25.94   	 -0.92   	 99.98   	-127.16		
-27.47   	 -4.27   	 99.47   	-127.16		
-25.63   	  0.00   	 98.96   	-132.25		
-21.97   	  9.16   	 98.43   	-132.25		
-19.53   	 14.95   	 97.90   	-132.25		
-19.53   	 11.60   	 97.37   	-132.25		
-20.75   	  0.92   	 96.85   	-132.25		
-20.14   	 -8.85   	 96.32   	-132.25		
-15.87   	 -8.54   	 95.79   	-132.25		
 -9.46   	  4.27   	 95.26   	-122.07		
 -3.36   	 22.89   	 94.77   	-122.07		
  0.31   	 37.84   	 94.28   	-116.99		
  0.31   	 43.64   	 93.81   	-111.90		
 -2.14   	 40.89   	 93.37   	-101.73		
 -4.27   	 36.01   	 92.96   	 -91.56		
 -4.58   	 34.48   	 92.59   	 -86.47		
 -1.83   	 36.62   	 92.25   	 -71.21		
  3.97   	 38.45   	 91.96   	 -66.12		
 10.68   	 36.32   	 91.70   	 -55.95		
 16.17   	 30.82   	 91.47   	 -50.86		
 18.01   	 25.94   	 91.27   	 -40.69		
 17.09   	 25.02   	 91.11   	 -30.52		
 15.87   	 29.30   	 90.99   	 -30.52		
 17.40   	 33.87   	 90.86   	 -20.35		
 23.19   	 33.87   	 90.78   	 -20.35		
 32.35   	 28.08   	 90.70   	 -20.35		
 40.59   	 18.62   	 90.62   	 -20.35		
 42.72   	  7.93   	 90.54   	 -20.35		
 36.01   	 -3.36   	 90.46   	 -25.43		
 21.06   	-16.78   	 90.36   	 -25.43		
  3.66   	-31.74   	 90.25   	 -30.52		
-11.60   	-45.78   	 90.13   	 -30.52		
-23.50   	-56.15   	 90.01   	 -35.61		
-32.04   	-62.26   	 89.87   	 -45.78		
-38.15   	-66.22   	 89.68   	 -45.78		
-42.11   	-70.19   	 89.50   	 -50.86		
-42.11   	-73.55   	 89.30   	 -55.95		
-38.76   	-76.90   	 89.07   	 -61.04		
-35.71   	-79.04   	 88.83   	 -61.04		
-35.40   	-80.87   	 88.59   	 -71.21		
-37.54   	-81.48   	 88.30   	 -66.12		
-39.06   	-80.57   	 88.04   	 -76.30		
-37.84   	-78.74   	 87.73   	 -71.21		
-33.87   	-78.74   	 87.45   	 -76.30		
-30.52   	-83.01   	 87.14   	 -76.30		
-29.91   	-91.25   	 86.84   	 -76.30		
-32.35   	-98.27   	 86.53   	 -71.21		
-34.79   	-98.88   	 86.25   	 -76.30		
-36.32   	-92.77   	 85.94   	 -71.21		
-36.32   	-83.92   	 85.66   	 -71.21		
-36.32   	-78.43   	 85.37   	 -71.21		
-36.93   	-78.13   	 85.09   	 -71.21		
-37.54   	-80.57   	 84.80   	 -66.12		
-37.54   	-82.09   	 84.54   	 -66.12		
-36.32   	-81.79   	 84.27   	 -61.04		
-34.48   	-80.26   	 84.03   	 -55.95		
-29.30   	-78.13   	 83.80   	 -50.86		
-13.73   	-74.77   	 83.60   	 -45.78		
 22.28   	-63.78   	 83.42   	 -40.69		
 83.31   	-37.54   	 83.26   	 -35.61		
166.02   	 14.34   	 83.11   	 -30.52		
258.18   	 99.18   	 82.99   	 -25.43		
341.19   	210.88   	 82.89   	 -20.35		
394.90   	320.74   	 82.81   	 -15.26		
400.70   	384.52(R)	 82.75   	 -15.26		
345.46   	368.35   	 82.69   	 -10.17		
231.63   	270.08   	 82.64   	 -10.17		
 84.53   	125.73   	 82.60   	  -5.09		
-54.32   	-11.60   	 82.58   	   0.00		
-145.26   	-104.98   	 82.58   	   0.00		
-171.20   	-146.48   	 82.58   	   0.00		
-147.09   	-148.93   	 82.58   	   0.00		
-103.76   	-128.17   	 82.58   	   0.00		
-68.05   	-97.35   	 82.58   	   0.00		
-51.27   	-68.36   	 82.58   	  -5.09		
-47.61   	-49.44   	 82.56   	 -10.17		
-47.91   	-46.39   	 82.52   	 -15.26		
-47.30   	-55.54   	 82.46   	 -20.35		
-45.47   	-65.61   	 82.38   	 -25.43		
-44.25   	-68.36   	 82.28   	 -35.61		
-45.17   	-64.09   	 82.14   	 -35.61		
-47.00   	-58.59   	 81.99   	 -45.78		
-48.22   	-56.76   	 81.81   	 -45.78		
-46.39   	-58.29   	 81.63   	 -45.78		
-40.59   	-58.90   	 81.44   	 -45.78		
-32.65   	-55.85   	 81.26   	 -40.69		
-26.86   	-50.66   	 81.10   	 -40.69		
-26.55   	-45.47   	 80.94   	 -25.43		
-30.21   	-42.11   	 80.83   	 -15.26		
-34.79   	-41.20   	 80.77(D)	   5.09		
-36.01   	-41.20   	 80.79   	  20.35		
-33.57   	-40.89   	 80.87   	  50.86		
-29.91   	-41.20   	 81.08   	  76.30		
-28.38   	-41.81   	 81.38   	 101.73		
-29.91   	-42.11   	 81.79   	 137.33		
-31.74   	-40.89   	 82.34   	 167.85		
-31.43   	-38.76   	 83.01   	 198.37		
-27.77   	-36.32   	 83.80   	 233.98		
-23.50   	-33.26   	 84.74   	 264.50		
-21.36   	-28.99   	 85.80   	 295.01		
-21.97   	-22.89   	 86.98   	 320.45		
-23.50   	-15.56   	 88.26   	 345.88		
-21.97   	 -9.46   	 89.64   	 361.14		
-17.09   	 -6.41   	 91.09   	 371.31		
-10.68   	 -5.49   	 92.57   	 376.40		
 -6.10   	 -3.97   	 94.08   	 376.40		
 -4.88   	 -0.61   	 95.58   	 376.40		
 -5.49   	  4.27   	 97.09   	 366.22		
 -6.10   	  9.46   	 98.56   	 361.14		
 -5.19   	 14.65   	100.00   	 356.05		
 -2.14   	 20.75   	101.42   	 350.97		
  2.75   	 27.47   	102.83   	 340.79		
  8.24   	 34.79   	104.19   	 330.62		
 14.34   	 42.11   	105.51   	 325.53		
 20.75   	 49.13   	106.82   	 320.45		
 26.55   	 56.76   	108.10   	 315.36		
 31.13   	 64.09   	109.36   	 315.36		
 34.48   	 70.80   	110.62   	 305.19		
 36.93   	 76.29   	111.84   	 295.01		
 39.98   	 82.40   	113.02   	 289.93		
 45.47   	 90.33   	114.18   	 289.93		
 53.41   	100.10   	115.34   	 284.84		
 62.26   	110.17   	116.48   	 289.93		
 69.58   	118.71   	117.64   	 289.93		
 72.94   	125.43   	118.80   	 295.01		
 73.85   	130.62   	119.98   	 295.01		
 74.77   	135.50   	121.16   	 295.01		
 77.82   	139.16   	122.34   	 279.75		
 81.48   	140.99   	123.46   	 264.50		
 83.31   	140.08   	124.52   	 239.06		
 81.79   	138.24   	125.47   	 213.63		
 78.13   	137.63   	126.33   	 193.29		
 75.68   	138.85   	127.10   	 167.85		
 74.77   	139.47   	127.77   	 142.42		
 74.77   	137.33   	128.34   	 127.16		
 72.33   	130.92   	128.85   	 111.90		
 66.22   	121.77   	129.30   	 106.82		
 56.76   	111.39   	129.72   	  91.56		
 46.08   	100.71   	130.09   	  91.56		
 36.32   	 89.11   	130.46   	  86.47		
 27.47   	 76.60   	130.80   	  81.38		
 19.84   	 64.09   	131.13   	  81.38		
 14.04   	 53.41   	131.45   	  76.30		
  9.46   	 45.17   	131.76   	  76.30		
  5.49   	 38.45   	132.06   	  66.12		
  1.83   	 32.04   	132.33   	  55.95		
 -2.44   	 23.80   	132.55   	  45.78		
 -7.63   	 13.12   	132.74   	  30.52		
-12.21   	  1.22   	132.86   	  20.35		
-16.17   	 -8.54   	132.94   	   5.09		
-19.53   	-12.82   	132.96(S)	 -15.26		
-23.80   	-12.51   	132.90   	 -35.61		
-29.30   	-11.29   	132.76   	 -61.04		
-33.87   	-13.12   	132.51   	 -81.38		
-35.71   	-19.53   	132.19   	-111.90		
-33.57   	-28.08   	131.74   	-147.51		
-29.91   	-34.18   	131.15   	-172.94		
-27.16   	-34.79   	130.46   	-208.54		
-27.47   	-32.04   	129.62   	-239.06		
-30.21   	-28.99   	128.67   	-264.50		
-32.96   	-27.77   	127.61   	-289.93		
-34.48   	-28.99   	126.45   	-305.19		
-34.79   	-31.74   	125.23   	-320.45		
-34.79   	-33.26   	123.95   	-330.62		
-34.48   	-31.43   	122.62   	-335.71		
-32.96   	-27.16   	121.28   	-330.62		
-31.13   	-22.89   	119.96   	-325.53		
-30.82   	-21.06   	118.66   	-315.36		
-32.96   	-23.19   	117.40   	-295.01		
-36.62   	-27.16   	116.22   	-279.75		
-38.45   	-28.99   	115.10   	-259.41		
-36.01   	-25.63   	114.06   	-233.98		
-29.91   	-18.92   	113.12   	-208.54		
-24.41   	-12.21   	112.29   	-183.11		
-22.89   	-10.07   	111.56   	-157.68		
-26.25   	-12.82   	110.93   	-132.25		
-30.21   	-17.09   	110.40   	-106.82		
-31.43   	-19.23   	109.97   	 -81.38		
-29.60   	-18.92   	109.64   	 -66.12		
-26.86   	-18.31   	109.38   	 -50.86		
-25.33   	-19.53   	109.18   	 -35.61		
-25.94   	-21.97   	109.03   	 -20.35		
-26.55   	-22.89   	108.95   	 -15.26		
-25.63   	-19.23   	108.89   	  -5.09		
-22.89   	-11.29   	108.87   	   0.00		
-21.06   	 -3.05   	108.87   	   0.00		
-20.75   	  0.61   	108.87   	   0.00		
-21.06   	 -1.83   	108.87   	   0.00		
-21.36   	 -8.54   	108.87   	   0.00		
-21.06   	-15.26   	108.87   	  -5.09		
-20.14   	-17.70   	108.85   	  -5.09		
-20.45   	-16.48   	108.83   	 -15.26		
-21.67   	-14.65   	108.77   	 -15.26		
-24.11   	-15.87   	108.71   	 -25.43		
-26.25   	-19.84   	108.61   	 -30.52		
-27.77   	-23.50   	108.48   	 -30.52		
-27.47   	-23.19   	108.36   	 -40.69		
-25.94   	-16.48   	108.20   	 -45.78		
-23.50   	 -6.10   	108.02   	 -50.86		
-21.67   	  3.36   	107.81   	 -50.86		
-20.75   	  7.32   	107.61   	 -61.04		
-20.45   	  3.66   	107.36   	 -61.04		
-20.45   	 -4.58   	107.12   	 -66.12		
-20.75   	-13.43   	106.86   	 -76.30		
-21.67   	-18.92   	106.55   	 -81.38		
-23.19   	-19.53   	106.23   	 -91.56		
-24.41   	-17.09   	105.86   	 -91.56		
-24.72   	-14.65   	105.49   	-101.73		
-23.50   	-14.04   	105.09   	-101.73		
-21.67   	-15.26   	104.68   	-101.73		
-20.45   	-16.48   	104.27   	-101.73		
-21.97   	-17.70   	103.87   	-101.73		
-26.25   	-18.31   	103.46   	 -91.56		
-30.21   	-17.40   	103.09   	 -91.56		
-31.43   	-15.56   	102.73   	 -81.38		
-28.69   	-12.82   	102.40   	 -81.38		
-24.11   	-10.07   	102.07   	 -71.21		
-21.06   	 -7.93   	101.79   	 -71.21		
-21.36   	 -6.71   	101.51   	 -61.04		
-24.41   	 -5.49   	101.26   	 -61.04		
-27.47   	 -3.66   	101.02   	 -55.95		
-28.69   	 -1.53   	100.79   	 -55.95		
-27.16   	 -0.61   	100.57   	 -55.95		
-24.41   	 -1.83   	100.35   	 -55.95		
-21.67   	 -4.27   	100.12   	 -61.04		
-20.75   	 -6.41   	 99.88   	 -61.04		
-21.67   	 -7.32   	 99.63   	 -66.12		
-23.80   	 -6.41   	 99.37   	 -71.21		
-25.33   	 -4.88   	 99.08   	 -71.21		
-25.33   	 -4.27   	 98.80   	 -76.30		
-22.89   	 -3.66   	 98.49   	 -81.38		
-19.84   	 -1.53   	 98.17   	 -91.56		
-17.70   	  2.75   	 97.80   	 -96.64		
-17.70   	  8.24   	 97.42   	-101.73		
-19.84   	 11.90   	 97.01   	 -91.56		
-21.97   	 11.90   	 96.64   	 -86.47		
-23.19   	  9.16   	 96.30   	 -76.30		
-22.28   	  6.41   	 95.99   	 -71.21		
-19.53   	  6.71   	 95.71   	 -66.12		
-16.48   	  9.46   	 95.44   	 -71.21		
-14.34   	 13.43   	 95.16   	 -71.21		
-14.04   	 19.23   	 94.87   	 -76.30		
-13.73   	 28.08   	 94.57   	 -76.30		
-10.99   	 41.50   	 94.26   	 -76.30		
 -4.88   	 58.59   	 93.96   	 -81.38		
  2.44   	 74.16   	 93.63   	 -81.38		
  7.63   	 83.31   	 93.31   	 -76.30		
  9.16   	 83.31   	 93.00   	 -71.21		
  7.93   	 77.51   	 92.72   	 -71.21		
  7.63   	 70.80   	 92.43   	 -61.04		
 10.99   	 68.36   	 92.19   	 -55.95		
 18.01   	 72.33   	 91.96   	 -45.78		
 25.33   	 80.87   	 91.78   	 -40.69		
 29.30   	 89.72   	 91.62   	 -25.43		
 28.69   	 94.60   	 91.52   	 -20.35		
 25.94   	 92.77   	 91.43   	 -15.26		
 25.63   	 85.75   	 91.37   	  -5.09		
 29.91   	 77.21   	 91.35   	 -10.17		
 37.23   	 69.58   	 91.31   	 -10.17		
 42.11   	 62.87   	 91.27   	 -15.26		
 40.28   	 56.15   	 91.21   	 -20.35		
 31.74   	 48.22   	 91.13   	 -25.43		
 20.75   	 40.59   	 91.03   	 -30.52		
 11.60   	 35.10   	 90.91   	 -35.61		
  3.97   	 32.04   	 90.76   	 -40.69		
 -5.19   	 27.16   	 90.60   	 -40.69		
-17.09   	 17.40   	 90.44   	 -40.69		
-28.69   	  5.19   	 90.27   	 -45.78		
-35.71   	 -3.66   	 90.09   	 -50.86		
-36.01   	 -4.58   	 89.89   	 -55.95		
-32.35   	  1.83   	 89.66   	 -66.12		
-29.60   	  9.46   	 89.40   	 -71.21		
-28.99   	 10.68   	 89.11   	 -81.38		
-28.99   	  6.10   	 88.79   	 -81.38		
-28.08   	 -0.61   	 88.46   	 -81.38		
-26.25   	 -6.10   	 88.14   	 -76.30		
-25.63   	 -9.16   	 87.83   	 -66.12		
-26.86   	-11.60   	 87.57   	 -45.78		
-28.69   	-14.95   	 87.39   	 -25.43		
-29.30   	-18.31   	 87.28   	 -20.35		
-27.16   	-18.92   	 87.20   	 -15.26		
-23.19   	-15.87   	 87.14   	 -15.26		
-20.75   	-10.68   	 87.08   	 -20.35		
-21.06   	 -6.10   	 87.00   	 -25.43		
-24.41   	 -4.88   	 86.90   	 -25.43		
-28.99   	 -6.71   	 86.80   	 -25.43		
-32.35   	 -9.46   	 86.69   	 -30.52		
-32.96   	 -8.85   	 86.57   	 -25.43		
-29.91   	 -3.36   	 86.47   	 -20.35		
-20.14   	  7.93   	 86.39   	 -15.26		
  1.53   	 25.63   	 86.33   	 -15.26		
 42.11   	 52.19   	 86.27   	 -10.17		
104.68   	 94.60   	 86.23   	  -5.09		
186.16   	159.91   	 86.21   	   0.00		
276.18   	251.16   	 86.21   	   5.09		
359.80   	355.22   	 86.23   	  10.17		
418.70   	438.54   	 86.27   	  15.26		
435.18   	459.59(R)	 86.33   	  15.26		
394.59   	394.29   	 86.39   	  20.35		
296.94   	255.43   	 86.47   	  15.26		
163.88   	 93.69   	 86.53   	  10.17		
 31.13   	-33.57   	 86.57   	  -5.09		
-65.61   	-93.99   	 86.55   	 -10.17		
-109.56   	-93.99   	 86.51   	 -20.35		
-109.25   	-63.48   	 86.43   	 -25.43		
-88.20   	-32.04   	 86.33   	 -35.61		
-65.92   	-11.60   	 86.18   	 -45.78		
-50.66   	 -2.44   	 86.00   	 -50.86		
-41.81   	 -0.31   	 85.80   	 -55.95		
-36.62   	 -2.44   	 85.57   	 -61.04		
-34.18   	 -6.41   	 85.33   	 -55.95		
-34.48   	 -9.77   	 85.11   	 -55.95		
-36.62   	-10.99   	 84.88   	 -50.86		
-38.15   	 -9.46   	 84.68   	 -45.78		
-37.54   	 -7.02   	 84.50   	 -40.69		
-36.62   	 -5.80   	 84.33   	 -40.69		
-36.62   	 -6.71   	 84.17   	 -20.35		
-37.23   	 -7.93   	 84.09   	 -10.17		
-36.93   	 -7.63   	 84.05(D)	  20.35		
-34.48   	 -6.10   	 84.13   	  45.78		
-31.13   	 -3.05   	 84.31   	  71.21		
-28.08   	 -0.61   	 84.60   	 106.82		
-28.08   	  0.00   	 85.03   	 137.33		
-30.21   	  0.00   	 85.57   	 162.77		
-32.35   	  1.53   	 86.23   	 198.37		
-33.57   	  4.88   	 87.02   	 228.89		
-32.65   	  9.77   	 87.93   	 259.41		
-29.91   	 15.26   	 88.97   	 289.93		
-26.25   	 18.92   	 90.13   	 320.45		
-22.89   	 19.23   	 91.41   	 350.97		
-21.06   	 15.56   	 92.82   	 381.48		
-21.67   	 10.07   	 94.34   	 401.83		
-23.50   	  6.41   	 95.95   	 432.35		
-24.72   	  7.93   	 97.68   	 452.69		
-23.80   	 14.34   	 99.49   	 478.13		
-20.14   	 22.58   	101.40   	 523.90		
-15.56   	 28.69   	103.50   	 584.94		
-11.90   	 31.74   	105.84   	 671.41		
 -8.85   	 32.96   	108.52   	 737.54		
 -6.10   	 33.87   	111.47   	 798.57		
 -3.05   	 35.71   	114.67   	 818.92		
  0.61   	 39.37   	117.94   	 824.00		
  4.58   	 43.95   	121.24   	 783.31		
  8.54   	 48.22   	124.37   	 722.28		
 12.51   	 51.88   	127.26   	 620.55		
 16.78   	 54.63   	129.75   	 513.73		
 21.36   	 57.07   	131.80   	 396.74		
 25.63   	 61.04   	133.39   	 274.67		
 29.30   	 67.14   	134.49   	 152.59		
 32.35   	 75.38   	135.10   	  40.69		
 36.32   	 85.14   	135.26   	 -66.12		
 42.42   	 95.52   	134.99   	-147.51		
 50.35   	104.98   	134.40   	-203.46		
 58.90   	112.61   	133.59   	-233.98		
 65.61   	117.80   	132.65   	-239.06		
 69.89   	121.15   	131.70   	-218.72		
 72.33   	124.21   	130.82   	-183.11		
 75.07   	128.17   	130.09   	-137.33		
 78.74   	133.06   	129.54   	 -86.47		
 82.09   	138.24   	129.20   	 -30.52		
 84.84   	143.13   	129.07   	  30.52		
 87.89   	148.32   	129.20   	 101.73		
 90.94   	152.59   	129.60   	 172.94		
 94.60   	155.33   	130.29   	 233.98		
 96.13   	154.42   	131.23   	 295.01		
 94.30   	149.23   	132.41   	 340.79		
 88.50   	142.21   	133.77   	 381.48		
 81.18   	135.50   	135.30   	 401.83		
 75.07   	130.00   	136.91   	 406.92		
 70.80   	123.90   	138.53   	 386.57		
 66.83   	113.83   	140.08   	 340.79		
 61.65   	 99.49   	141.44   	 269.58		
 54.93   	 83.31   	142.52   	 188.20		
 46.69   	 68.36   	143.28   	  86.47		
 37.84   	 56.76   	143.62   	 -20.35		
 29.60   	 47.61   	143.54   	-142.42		
 22.28   	 38.76   	142.97   	-249.24		
 16.17   	 28.38   	141.97   	-350.97		
  9.77   	 17.70   	140.57   	-427.26		
  2.75   	  8.85   	138.86   	-488.30		
 -4.58   	  4.27   	136.91   	-528.99		
 -9.77   	  3.36   	134.79   	-544.25		
-11.29   	  3.36   	132.61   	-539.16		
-10.99   	  1.53   	130.46   	-518.82		
-12.21   	 -3.66   	128.38   	-488.30		
-16.17   	 -9.46   	126.43   	-447.61		
-21.06   	-14.34   	124.64   	-406.92		
-23.50   	-17.40   	123.01   	-350.97		
-21.97   	-19.84   	121.61   	-300.10		
-18.01   	-22.89   	120.41   	-233.98		
-16.48   	-26.25   	119.47   	-183.11		
-18.92   	-28.08   	118.74   	-127.16		
-23.19   	-28.08   	118.23   	 -86.47		
-25.94   	-28.08   	117.88   	 -50.86		
-25.33   	-30.52   	117.68   	 -25.43		
-21.67   	-34.18   	117.58   	   0.00		
-17.70   	-36.01   	117.58   	  10.17		
-16.17   	-35.71   	117.62   	  25.43		
-17.40   	-32.65   	117.72   	  25.43		
-21.36   	-29.30   	117.82   	  25.43		
-26.25   	-27.16   	117.92   	  20.35		
-28.69   	-25.33   	118.01   	  15.26		
-28.08   	-22.89   	118.07   	  10.17		
-25.33   	-21.06   	118.11   	  10.17		
-23.19   	-21.67   	118.15   	   5.09		
-23.50   	-24.41   	118.17   	   0.00		
-25.94   	-26.25   	118.17   	   5.09		
-28.38   	-24.41   	118.19   	   0.00		
-28.99   	-17.09   	118.19   	   0.00		
-27.77   	 -8.85   	118.19   	   0.00		
-27.47   	 -3.97   	118.19   	  -5.09		
-28.99   	 -3.36   	118.17   	 -10.17		
-30.82   	 -4.27   	118.13   	 -10.17		
-30.52   	 -4.88   	118.09   	 -20.35		
-27.77   	 -5.49   	118.01   	 -30.52		
-24.11   	 -9.77   	117.88   	 -35.61		
-22.28   	-19.53   	117.74   	 -45.78		
-22.89   	-30.52   	117.56   	 -50.86		
-24.41   	-36.62   	117.35   	 -61.04		
-24.72   	-33.57   	117.11   	 -66.12		
-23.80   	-23.50   	116.85   	 -66.12		
-22.89   	-11.60   	116.58   	 -66.12		
-22.89   	 -2.75   	116.32   	 -66.12		
-23.50   	  0.00   	116.05   	 -61.04		
-21.36   	 -3.05   	115.81   	 -55.95		
-15.56   	-11.29   	115.58   	 -45.78		
 -9.77   	-23.80   	115.40   	 -35.61		
 -7.32   	-35.71   	115.26   	 -15.26		
 -8.24   	-43.03   	115.20   	   5.09		
-10.38   	-43.33   	115.22   	  40.69		
-10.99   	-37.23   	115.38   	  96.64		
-10.99   	-29.30   	115.77   	 162.77		
-13.12   	-27.16   	116.42   	 249.24		
-18.92   	-32.35   	117.42   	 320.45		
-24.72   	-42.42   	118.70   	 391.66		
-28.99   	-53.41   	120.26   	 437.43		
-32.65   	-60.73   	122.01   	 452.69		
-39.37   	-61.95   	123.82   	 447.61		
-50.05   	-60.42   	125.61   	 412.00		
-57.98   	-57.68   	127.26   	 356.05		
-53.41   	-54.63   	128.69   	 274.67		
-36.32   	-52.19   	129.79   	 172.94		
-16.17   	-49.74   	130.48   	  50.86		
 -3.66   	-47.61   	130.68   	 -91.56		
 -3.97   	-46.08   	130.31   	-244.15		
-13.12   	-45.17   	129.34   	-396.74		
-21.67   	-44.56   	127.75   	-544.25		
-25.02   	-44.56   	125.57   	-666.32		
-26.55   	-46.39   	122.91   	-768.05		
-31.43   	-49.74   	119.84   	-839.26		
-39.37   	-53.41   	116.48   	-885.04		
-47.30   	-56.15   	112.94   	-910.47		
-49.74   	-56.76   	109.30   	-900.30		
-45.17   	-56.15   	105.70   	-874.87		
-36.93   	-54.32   	102.20   	-824.00		
-31.43   	-50.96   	 98.90   	-768.05		
-32.96   	-46.69   	 95.83   	-712.10		
-39.06   	-42.72   	 92.98   	-651.07		
-42.72   	-38.76   	 90.38   	-595.11		
-39.67   	-34.48   	 88.00   	-539.16		
-29.91   	-30.52   	 85.84   	-493.39		
-19.23   	-27.77   	 83.87   	-442.52		
-12.82   	-29.60   	 82.10   	-396.74		
-11.60   	-35.40   	 80.51   	-345.88		
-14.04   	-40.59   	 79.12   	-289.93		
-17.40   	-40.59   	 77.97   	-233.98		
-21.97   	-35.71   	 77.03   	-178.03		
-29.91   	-29.91   	 76.32   	-111.90		
-39.06   	-28.69   	 75.87   	 -50.86		
-44.86   	-32.65   	 75.67   	  15.26		
-44.86   	-36.32   	 75.73   	  86.47		
-39.67   	-36.01   	 76.07   	 147.51		
-32.04   	-32.35   	 76.66   	 208.54		
-25.94   	-28.69   	 77.50   	 259.41		
-23.80   	-26.86   	 78.53   	 305.19		
-24.11   	-25.33   	 79.76   	 335.71		
-24.72   	-21.06   	 81.10   	 356.05		
-23.80   	-12.82   	 82.52   	 376.40		
-20.14   	 -2.14   	 84.03   	 386.57		
-15.87   	  7.02   	 85.57   	 386.57		
-13.12   	 12.51   	 87.12   	 386.57		
-13.12   	 16.17   	 88.67   	 376.40		
-12.51   	 19.23   	 90.17   	 356.05		
-10.07   	 21.97   	 91.60   	 335.71		
 -5.19   	 23.80   	 92.94   	 310.27		
  0.61   	 24.72   	 94.18   	 274.67		
  4.88   	 26.25   	 95.28   	 254.32		
  6.41   	 30.82   	 96.30   	 228.89		
  7.32   	 38.76   	 97.21   	 208.54		
  9.77   	 47.00   	 98.05   	 193.29		
 13.73   	 50.66   	 98.82   	 178.03		
 17.40   	 45.47   	 99.53   	 167.85		
 19.84   	 33.26   	100.20   	 188.20		
 22.28   	 21.36   	100.96   	 239.06		
 25.63   	 16.17   	101.91   	 325.53		
 28.69   	 17.09   	103.21   	 432.35		
 28.69   	 19.23   	104.94   	 528.99		
 20.75   	 17.09   	107.06   	 615.46		
  3.97   	  8.24   	109.52   	 671.41		
-17.70   	 -2.75   	112.21   	 701.93		
-36.32   	-11.60   	115.01   	 707.02		
-47.30   	-18.01   	117.84   	 686.67		
-49.44   	-24.41   	120.59   	 645.98		
-46.39   	-32.65   	123.17   	 579.86		
-41.50   	-40.59   	125.49   	 488.30		
-38.15   	-45.47   	127.45   	 340.79		
-37.54   	-47.00   	128.81   	 152.59		
-39.37   	-47.00   	129.42   	 -91.56		
-42.42   	-47.30   	129.05   	-340.79		
-43.03   	-48.52   	127.69   	-600.20		
-39.67   	-48.83   	125.29   	-839.26		
-34.48   	-45.17   	121.93   	-1068.15		
-32.35   	-39.37   	117.66   	-1266.53		
-36.93   	-35.10   	112.59   	-1419.12		
-46.08   	-34.48   	106.92   	-1536.11		
-53.10   	-37.23   	100.77   	-1602.23		
-52.19   	-41.20   	 94.36   	-1607.32		
-43.95   	-42.42   	 87.93   	-1571.71		
-33.26   	-37.54   	 81.65   	-1490.33		
-26.25   	-28.08   	 75.69   	-1368.26		
-25.33   	-18.31   	 70.21   	-1220.75		
-28.69   	-12.51   	 65.33   	-1057.98		
-32.35   	-14.04   	 61.10   	-879.96		
-33.57   	-20.14   	 57.58   	-701.93		
-26.86   	-24.41   	 54.77   	-518.82		
 -6.41   	-19.84   	 52.70   	-350.97		
 32.65   	 -1.83   	 51.29   	-183.11		
 94.30   	 34.18   	 50.56   	 -40.69		
176.09   	 95.21   	 50.40   	 101.73		
269.17   	184.94   	 50.80   	 213.63		
355.53   	292.05   	 51.66   	 315.36		
415.04   	381.77   	 52.92   	 396.74		
425.42   	409.85(R)	 54.51   	 467.95		
372.62   	351.26   	 56.38   	 523.90		
261.23   	220.34   	 58.47   	 564.60		
115.36   	 67.75   	 60.73   	 590.03		
-25.02   	-53.41   	 63.09   	 610.37		
-120.24   	-117.19   	 65.53   	 625.63		
-151.67   	-129.09   	 68.04   	 625.63		
-131.23   	-110.78   	 70.54   	 620.55		
-90.33   	-81.48   	 73.02   	 610.37		
-59.51   	-51.27   	 75.46   	 590.03		
-48.83   	-24.11   	 77.82   	 559.51		
-49.74   	 -3.66   	 80.06   	 523.90		
-47.91   	  6.71   	 82.16   	 483.21		
-38.76   	  6.41   	 84.09   	 437.43		
-28.08   	 -3.05   	 85.84   	 386.57		
-24.41   	-18.62   	 87.39   	 340.79		
-30.21   	-33.26   	 88.75   	 289.93		
-40.28   	-41.50   	 89.91   	 239.06		
-47.61   	-40.89   	 90.86   	 198.37		
-48.83   	-33.87   	 91.66   	 162.77		
-45.47   	-25.63   	 92.31   	 127.16		
-41.20   	-20.45   	 92.82   	 106.82		
-38.45   	-17.40   	 93.24   	  86.47		
-35.71   	-14.65   	 93.59   	  81.38		
-31.43   	-10.68   	 93.92   	  81.38		
-24.72   	 -6.41   	 94.24   	  86.47		
-16.78   	 -3.36   	 94.59   	 101.73		
-12.51   	 -2.14   	 94.99   	 127.16		
-14.04   	 -2.14   	 95.50   	 147.51		
-20.45   	 -2.14   	 96.09   	 178.03		
-28.08   	 -1.53   	 96.81   	 203.46		
-33.57   	  0.61   	 97.62   	 228.89		
-35.40   	  4.27   	 98.53   	 259.41		
-34.79   	  8.85   	 99.57   	 284.84		
-32.35   	 13.43   	100.71   	 325.53		
-28.08   	 15.56   	102.01   	 366.22		
-21.97   	 15.26   	103.48   	 442.52		
-14.34   	 13.73   	105.25   	 534.08		
 -7.93   	 14.34   	107.39   	 630.72		
 -4.58   	 19.84   	109.91   	 722.28		
 -3.05   	 29.60   	112.80   	 798.57		
 -1.22   	 39.37   	115.99   	 844.35		
  1.83   	 44.25   	119.37   	 849.44		
  6.41   	 45.78   	122.77   	 813.83		
  9.46   	 48.22   	126.02   	 727.36		
 10.07   	 54.93   	128.93   	 595.11		
  7.93   	 65.92   	131.31   	 447.61		
  5.19   	 76.90   	133.10   	 284.84		
  5.49   	 83.92   	134.24   	 111.90		
 10.07   	 87.59   	134.69   	 -45.78		
 18.62   	 90.33   	134.51   	-188.20		
 28.69   	 95.52   	133.75   	-320.45		
 38.76   	104.37   	132.47   	-412.00		
 47.30   	115.36   	130.82   	-483.21		
 53.71   	125.12   	128.89   	-513.73		
 58.29   	131.53   	126.84   	-523.90		
 60.12   	133.97   	124.74   	-498.47		
 59.51   	135.50   	122.75   	-457.78		
 59.20   	140.69   	120.92   	-401.83		
 62.56   	152.28   	119.31   	-340.79		
 70.80   	168.76   	117.94   	-264.50		
 80.87   	184.63   	116.89   	-193.29		
 89.72   	194.40   	116.11   	-116.99		
 93.99   	197.75   	115.65   	 -50.86		
 94.60   	195.92   	115.44   	  20.35		
 95.52   	191.96   	115.52   	  76.30		
100.10   	186.77   	115.83   	  N/A		
