  I     	  II     	  AO     	  AO'		
 28.69   	-169.07   	115.30   	 356.05		
 24.72   	-168.46   	116.72   	 127.16		
 22.28   	-167.54   	117.23   	-137.33		
 20.45   	-167.24   	116.68   	-417.09		
 18.92   	-167.24   	115.01   	-523.90		
 16.48   	-167.54   	112.92   	-422.18		
 13.73   	-167.85   	111.23   	-279.75		
 11.60   	-167.85   	110.11   	-178.03		
 10.07   	-167.54   	109.40   	-106.82		
  9.46   	-167.24   	108.97   	-178.03		
  9.16   	-166.32   	108.26   	-330.62		
  8.85   	-165.71   	106.94   	-467.95		
  7.93   	-165.71   	105.07   	-610.37		
  6.41   	-166.02   	102.62   	-757.88		
  4.58   	-167.24   	 99.59   	-798.57		
  2.44   	-168.15   	 96.40   	-595.11		
  0.92   	-169.07   	 94.02   	-183.11		
  0.31   	-169.07   	 93.29   	 152.59		
  0.00   	-168.46   	 93.90   	 432.35		
 -0.31   	-167.54   	 95.63   	 559.51		
 -0.92   	-166.93   	 97.86   	 534.08		
 -1.83   	-166.63   	100.00   	 396.74		
 -3.05   	-166.02   	101.59   	 101.73		
 -4.58   	-165.71   	101.99   	-233.98		
 -6.41   	-165.10   	101.06   	-528.99		
 -8.24   	-164.49   	 98.94   	-747.71		
-10.99   	-163.27   	 95.95   	-925.73		
-13.73   	-162.05   	 92.25   	-986.77		
-16.78   	-159.91   	 88.30   	-722.28		
-19.84   	-157.78   	 85.41   	-137.33		
-22.89   	-155.33   	 84.86   	 427.26		
-25.63   	-153.20   	 86.57   	 656.15		
-28.08   	-150.76   	 89.20   	 595.11		
-30.21   	-148.01   	 91.58   	 391.66		
-32.04   	-144.96   	 93.14   	  81.38		
-33.87   	-141.60   	 93.47   	-193.29		
-36.01   	-137.94   	 92.70   	-310.27		
-38.45   	-134.89   	 91.45   	-325.53		
-41.50   	-132.14   	 90.15   	-188.20		
-44.25   	-129.09   	 89.40   	  50.86		
-45.47   	-126.04   	 89.60   	 223.80		
-45.17   	-122.68   	 90.50   	 254.32		
-43.95   	-119.63   	 91.52   	 167.85		
-42.72   	-117.19   	 92.19   	 -15.26		
-42.72   	-115.66   	 92.13   	-259.41		
-43.95   	-114.14   	 91.09   	-417.09		
-45.47   	-112.30   	 89.42   	-422.18		
-46.08   	-110.17   	 87.73   	-386.57		
-46.08   	-107.73   	 86.18   	-381.48		
-45.47   	-105.59   	 84.66   	-356.05		
-44.56   	-103.45   	 83.23   	-269.58		
-43.03   	-101.62   	 82.16   	-137.33		
-41.20   	-99.79   	 81.61   	 -10.17		
-39.06   	-98.27   	 81.57   	  76.30		
-36.93   	-97.66   	 81.87   	 152.59		
-35.40   	-97.66   	 82.48   	 137.33		
-34.18   	-98.27   	 83.03   	  71.21		
-33.26   	-98.57   	 83.32   	  25.43		
-32.65   	-97.96   	 83.42   	 -20.35		
-32.35   	-96.74   	 83.34   	 -61.04		
-31.74   	-94.60   	 83.09   	-162.77		
-31.43   	-91.86   	 82.44   	-381.48		
-31.74   	-88.50   	 80.92   	-645.98		
-32.65   	-83.92   	 78.33   	-849.44		
-33.57   	-78.13   	 74.93   	-788.40		
-34.48   	-71.41   	 71.78   	-300.10		
-33.87   	-65.00   	 70.58   	 437.43		
-32.04   	-58.90   	 72.33   	1088.50		
-29.30   	-53.41   	 76.68   	1271.61		
-27.47   	-47.61   	 81.77   	 905.39		
-26.25   	-41.50   	 85.39   	 183.11		
-26.25   	-34.18   	 86.12   	-467.95		
-26.25   	-26.86   	 84.25   	-813.83		
-26.25   	-20.45   	 81.00   	-788.40		
-25.63   	-15.56   	 77.84   	-488.30		
-25.02   	-13.73   	 75.89   	 -96.64		
-25.02   	-15.26   	 75.50   	 239.06		
-26.55   	-19.84   	 76.46   	 417.09		
-30.21   	-25.63   	 78.13   	 396.74		
-36.32   	-30.52   	 79.71   	 228.89		
-43.64   	-31.43   	 80.63   	 -20.35		
-50.66   	-27.47   	 80.55   	-295.01		
-55.85   	-20.45   	 79.37   	-508.65		
-57.07   	-12.21   	 77.33   	-564.60		
-55.85   	 -6.41   	 75.08   	-467.95		
-53.41   	 -3.97   	 73.20   	-310.27		
-52.80   	 -4.88   	 71.96   	-147.51		
-54.63   	 -6.71   	 71.37   	  15.26		
-58.29   	 -7.93   	 71.43   	 132.25		
-61.65   	 -7.02   	 71.96   	 178.03		
-62.56   	 -3.97   	 72.68   	 111.90		
-60.42   	 -0.31   	 73.12   	   0.00		
-56.46   	  1.83   	 73.12   	-147.51		
-51.57   	  1.22   	 72.53   	-259.41		
-47.30   	 -3.05   	 71.50   	-264.50		
-45.17   	 -9.77   	 70.44   	-157.68		
-46.69   	-17.40   	 69.81   	   0.00		
-52.19   	-23.80   	 69.81   	 208.54		
-60.73   	-27.16   	 70.64   	 386.57		
-69.58   	-26.25   	 72.19   	 391.66		
-75.99   	-21.67   	 73.75   	 218.72		
-78.74   	-15.26   	 74.63   	-122.07		
-78.74   	-10.99   	 74.14   	-539.16		
-78.43   	-10.38   	 71.98   	-778.23		
-78.74   	-13.43   	 68.87   	-783.31		
-79.96   	-18.01   	 65.74   	-534.08		
-80.57   	-21.67   	 63.60   	 -66.12		
-80.26   	-23.19   	 63.34   	 457.78		
-79.04   	-22.28   	 65.17   	 844.35		
-77.82   	-20.45   	 68.55   	 966.43		
-76.60   	-19.23   	 72.41   	 788.40		
-75.68   	-19.23   	 75.56   	 442.52		
-75.38   	-20.14   	 77.33   	  10.17		
-75.07   	-21.36   	 77.38   	-437.43		
-74.46   	-21.97   	 75.63   	-788.40		
-73.24   	-21.67   	 72.47   	-895.22		
-71.72   	-20.45   	 68.89   	-895.22		
-69.89   	-18.92   	 65.31   	-712.10		
-67.75   	-17.40   	 62.46   	-183.11		
-65.61   	-16.17   	 61.73   	 376.40		
-63.78   	-14.95   	 63.23   	 722.28		
-61.65   	-14.34   	 66.12   	 813.83		
-59.51   	-14.34   	 69.38   	 569.68		
-57.07   	-14.95   	 71.66   	 137.33		
-55.85   	-16.48   	 72.21   	-254.32		
-57.98   	-15.56   	 71.19   	-483.21		
-67.14   	 -8.54   	 69.26   	-620.55		
-84.53   	  7.63   	 66.77   	-656.15		
-106.81   	 32.35   	 64.15(D)	-559.51		
-121.15   	 68.05   	 61.91   	-386.57		
-106.20   	124.21   	 60.37   	-178.03		
-33.26   	219.42   	 59.65   	  35.61		
117.49   	370.79   	 59.80   	 239.06		
346.07   	581.97   	 60.75   	 401.83		
624.39   	829.77   	 62.36   	 462.87		
902.71   	1064.15   	 64.21   	 401.83		
1125.49   	1223.75   	 65.82   	 249.24		
1250.61   	1258.85(R)	 66.82   	  45.78		
1259.77   	1151.12   	 67.00   	-147.51		
1157.23   	926.51   	 66.41   	-254.32		
961.61   	650.33   	 65.39   	-223.80		
706.18   	400.39   	 64.50   	 -76.30		
438.84   	231.93   	 64.19   	  96.64		
210.88   	153.20   	 64.58   	 218.72		
 60.42   	129.70   	 65.45   	 305.19		
 -4.58   	113.22   	 66.67   	 427.26		
-10.38   	 73.55   	 68.38   	 559.51		
 -0.61   	 11.90   	 70.62   	 645.98		
 -6.41   	-48.83   	 73.20   	 605.29		
-31.43   	-87.89   	 75.63   	 330.62		
-60.73   	-100.40   	 76.95   	 -30.52		
-78.43   	-97.96   	 76.83   	-295.01		
-81.18   	-95.52   	 75.65   	-417.09		
-76.60   	-101.01   	 73.98   	-406.92		
-73.24   	-112.30   	 72.35   	-244.15		
-74.46   	-123.29   	 71.37   	 127.16		
-77.21   	-129.09   	 71.88   	 696.84		
-78.74   	-129.09   	 74.67   	1286.87		
-77.82   	-126.95   	 79.82   	1780.26		
-75.68   	-125.43   	 86.94   	1978.63		
-73.24   	-126.34   	 94.85   	1739.57		
-71.41   	-129.39   	101.81   	1063.07		
-70.50   	-134.28   	106.06   	 228.89		
-70.19   	-140.08   	106.98   	-462.87		
-70.19   	-144.65   	105.13   	-900.30		
-69.27   	-147.40   	101.53   	-1103.76		
-67.44   	-147.09   	 97.11   	-844.35		
-64.70   	-145.26   	 93.73   	  15.26		
-61.95   	-142.82   	 93.79   	1022.38		
-58.90   	-141.30   	 97.88   	1602.23		
-56.15   	-140.99   	104.29   	1800.60		
-54.02   	-141.30   	111.49   	1622.58		
-51.88   	-141.91   	117.99   	 696.84		
-50.35   	-142.82   	120.77   	-356.05		
-49.44   	-143.74   	119.35   	-859.61		
-49.13   	-144.65   	115.91   	-701.93		
-48.52   	-145.26   	113.10   	-208.54		
-47.91   	-144.35   	112.27   	 -66.12		
-47.30   	-142.21   	112.00   	-157.68		
-46.39   	-140.08   	111.37   	 106.82		
-45.47   	-138.85   	111.80   	 401.83		
-44.56   	-138.85   	113.41   	 233.98		
-43.95   	-139.47   	114.34   	 -45.78		
-43.95   	-139.47   	114.16   	 -91.56		
-43.95   	-137.33   	113.79   	 -20.35		
-43.64   	-132.75   	113.71   	-172.94		
-41.81   	-126.34   	113.02   	-254.32		
-39.37   	-119.93   	112.00   	 -71.21		
-36.01   	-115.05   	111.72   	 233.98		
-33.57   	-112.00   	112.65   	 778.23		
-32.04   	-109.86   	115.77   	1297.04		
-31.13   	-107.42   	120.96   	1342.82		
-29.30   	-103.15   	126.33   	 793.49		
-26.25   	-97.05   	129.50   	 223.80		
-21.97   	-89.42   	130.40   	-147.51		
-17.09   	-80.57   	129.81   	-259.41		
-12.51   	-70.80   	128.77   	 142.42		
 -7.93   	-60.42   	129.34   	 111.90		
 -3.05   	-49.13   	129.79(S)	 -30.52		
  2.44   	-37.54   	129.66   	 340.79		
  8.54   	-26.86   	131.03   	 228.89		
 15.56   	-18.01   	131.94   	-137.33		
 22.58   	-10.07   	131.39   	-284.84		
 29.91   	 -2.75   	130.25   	-442.52		
 36.93   	  5.80   	128.48   	-457.78		
 43.03   	 15.56   	126.65   	-396.74		
 47.61   	 25.02   	125.07   	-381.48		
 50.05   	 32.04   	123.54   	-142.42		
 50.05   	 34.79   	122.97   	 152.59		
 47.30   	 32.04   	123.58   	 233.98		
 42.42   	 24.72   	124.52   	 162.77		
 36.62   	 14.04   	125.17   	 116.99		
 30.52   	  2.75   	125.64   	 188.20		
 23.80   	 -7.63   	126.39   	 289.93		
 16.48   	-16.48   	127.55   	 300.10		
  8.54   	-24.41   	128.75   	 162.77		
  0.00   	-32.04   	129.40   	 -15.26		
 -7.93   	-40.59   	129.34   	 -76.30		
-14.95   	-50.66   	129.03   	 -76.30		
-21.36   	-61.34   	128.73   	-122.07		
-27.16   	-72.02   	128.24   	-142.42		
-31.43   	-81.18   	127.67   	-132.25		
-34.18   	-87.59   	127.14   	-178.03		
-36.32   	-91.55   	126.43   	-289.93		
-38.15   	-93.69   	125.27   	-518.82		
-40.28   	-94.60   	123.19   	-859.61		
-42.42   	-93.99   	119.76   	-1195.32		
-43.64   	-92.77   	114.97   	-1353.00		
-44.25   	-92.47   	109.56   	-1271.61		
-44.25   	-94.30   	104.48   	-1093.59		
-44.25   	-98.27   	100.10   	-768.05		
-43.64   	-102.54   	 97.03   	   0.00		
-42.11   	-105.90   	 97.03   	 839.26		
-39.98   	-106.81   	100.39   	1174.97		
-38.15   	-106.51   	105.09   	1164.80		
-36.62   	-105.59   	109.75   	 762.97		
-36.01   	-105.29   	112.80   	  40.69		
-35.71   	-105.90   	112.96   	-269.58		
-35.10   	-106.81   	111.88   	-325.53		
-34.79   	-107.73   	110.58   	-361.14		
-34.18   	-107.73   	109.13   	-152.59		
-33.26   	-106.51   	108.52   	  30.52		
-32.04   	-104.68   	108.65   	 137.33		
-31.13   	-103.76   	109.20   	 208.54		
-30.82   	-104.68   	110.03   	  96.64		
-31.13   	-107.12   	110.42   	-162.77		
-31.74   	-109.86   	109.77   	-432.35		
-32.04   	-111.08   	108.04   	-564.60		
-31.74   	-111.39   	105.78   	-523.90		
-30.82   	-111.39   	103.68   	-366.22		
-30.82   	-112.61   	102.22   	-233.98		
-31.74   	-114.14   	101.28   	-167.85		
-32.96   	-114.44   	100.61   	-178.03		
-34.18   	-112.30   	 99.90   	-249.24		
-34.79   	-108.34   	 98.90   	-305.19		
-35.10   	-105.59   	 97.68   	-279.75		
-35.71   	-105.59   	 96.56   	-152.59		
-37.23   	-108.34   	 95.95   	   5.09		
-38.76   	-112.00   	 95.97   	 122.07		
-40.59   	-114.14   	 96.46   	 152.59		
-42.42   	-113.53   	 97.07   	 142.42		
-43.95   	-110.78   	 97.64   	 116.99		
-45.17   	-107.42   	 98.11   	  86.47		
-45.78   	-105.29   	 98.45   	  71.21		
-46.08   	-104.98   	 98.74   	  45.78		
-46.39   	-106.51   	 98.92   	  20.35		
-46.69   	-109.25   	 99.00   	 -15.26		
-47.30   	-111.39   	 98.94   	 -71.21		
-47.61   	-111.39   	 98.66   	-122.07		
-47.30   	-108.34   	 98.17   	-167.85		
-47.00   	-103.76   	 97.50   	-223.80		
-47.00   	-99.79   	 96.60   	-279.75		
-47.91   	-97.96   	 95.48   	-315.36		
-49.13   	-98.88   	 94.22   	-315.36		
-50.35   	-100.71   	 92.96   	-244.15		
-50.66   	-102.23   	 91.98   	-157.68		
-49.74   	-102.84   	 91.35   	-101.73		
-48.52   	-103.76   	 90.95   	 -86.47		
-47.61   	-104.98   	 90.60   	 -61.04		
-47.00   	-105.59   	 90.36   	 -30.52		
-47.00   	-104.37   	 90.23   	 -71.21		
-46.39   	-101.01   	 89.95   	-157.68		
-45.78   	-97.05   	 89.32   	-239.06		
-45.17   	-94.91   	 88.36   	-284.84		
-44.86   	-94.91   	 87.22   	-244.15		
-44.86   	-96.13   	 86.25   	-127.16		
-44.86   	-96.44   	 85.74   	  20.35		
-44.25   	-95.21   	 85.82   	 127.16		
-42.72   	-92.47   	 86.33   	 157.68		
-40.89   	-89.11   	 86.96   	 167.85		
-39.67   	-86.36   	 87.63   	 167.85		
-39.06   	-85.45   	 88.30   	 178.03		
-39.67   	-86.36   	 89.01   	 147.51		
-40.89   	-88.50   	 89.60   	  71.21		
-41.50   	-90.64   	 89.89   	 -25.43		
-41.81   	-90.64   	 89.79   	-122.07		
-40.89   	-86.98   	 89.30   	-183.11		
-39.67   	-81.48   	 88.57   	-213.63		
-38.45   	-77.21   	 87.71   	-223.80		
-37.84   	-76.60   	 86.82   	-269.58		
-37.84   	-80.57   	 85.74   	-340.79		
-37.84   	-85.45   	 84.37   	-427.26		
-37.23   	-87.59   	 82.66   	-508.65		
-36.32   	-84.84   	 80.63   	-528.99		
-35.10   	-76.90   	 78.51   	-401.83		
-33.87   	-66.53   	 76.91   	-167.85		
-32.35   	-57.07   	 76.24   	  45.78		
-29.91   	-50.66   	 76.42   	 122.07		
-27.47   	-47.30   	 76.91   	  86.47		
-24.72   	-46.39   	 77.25   	  20.35		
-22.28   	-45.47   	 77.33   	   5.09		
-20.14   	-43.64   	 77.35   	  15.26		
-17.40   	-39.67   	 77.42   	  50.86		
-14.95   	-34.48   	 77.62   	  91.56		
-12.51   	-28.99   	 77.99   	 152.59		
-10.38   	-25.33   	 78.60   	 203.46		
 -9.16   	-25.02   	 79.41   	 233.98		
 -8.24   	-28.69   	 80.35   	 233.98		
 -8.24   	-36.01   	 81.28   	 183.11		
 -9.16   	-45.17   	 82.01   	  86.47		
-11.90   	-52.49   	 82.36   	 -61.04		
-16.48   	-54.02   	 82.12   	-228.89		
-21.97   	-48.52   	 81.20   	-381.48		
-26.55   	-38.45   	 79.67   	-467.95		
-28.08   	-28.38   	 77.80   	-412.00		
-26.25   	-23.19   	 76.15   	-228.89		
-22.58   	-24.41   	 75.24   	 -55.95		
-19.84   	-30.21   	 75.01   	  25.43		
-20.14   	-37.23   	 75.12   	  25.43		
-23.19   	-41.81   	 75.22   	 -55.95		
-26.86   	-42.11   	 74.99   	-162.77		
-28.38   	-39.67   	 74.34   	-198.37		
-26.86   	-36.01   	 73.55   	-167.85		
-24.11   	-34.18   	 72.88   	-122.07		
-21.06   	-34.79   	 72.39   	 -71.21		
-18.92   	-37.23   	 72.11   	 -10.17		
-17.09   	-40.59   	 72.06   	  66.12		
-15.87   	-44.56   	 72.33   	 132.25		
-17.09   	-50.05   	 72.86   	 162.77		
-21.67   	-56.46   	 73.51   	 122.07		
-30.21   	-61.65   	 74.00   	  25.43		
-40.59   	-62.56   	 74.10   	 -66.12		
-49.13   	-58.90   	 73.83   	 -91.56		
-53.71   	-53.41   	 73.47   	 -25.43		
-54.02   	-50.05   	 73.37   	  71.21		
-52.49   	-51.57   	 73.65   	  40.69		
-50.05   	-56.15   	 73.81   	 -96.64		
-48.22   	-59.20   	 73.43   	-172.94		
-47.30   	-58.29   	 72.74   	-137.33		
-46.69   	-53.71   	 72.19   	 -61.04		
-46.39   	-47.61   	 71.94   	 -20.35		
-45.78   	-43.33   	 71.86   	 -55.95		
-45.17   	-41.81   	 71.64   	-132.25		
-43.95   	-42.42   	 71.11   	-213.63		
-43.64   	-43.64   	 70.25   	-254.32		
-43.95   	-43.95   	 69.24   	-198.37		
-44.86   	-42.42   	 68.44   	 -86.47		
-44.86   	-39.98   	 68.10   	  10.17		
-44.56   	-37.84   	 68.14   	  15.26		
-43.95   	-36.93   	 68.20   	 -45.78		
-43.95   	-37.54   	 68.02   	 -20.35		
-44.56   	-37.84   	 67.93   	  76.30		
-45.17   	-36.93   	 68.24   	 147.51		
-44.56   	-34.48   	 68.83   	 142.42		
-43.33   	-31.13   	 69.40   	  45.78		
-41.50   	-27.77   	 69.58   	 -50.86		
-40.89   	-24.72   	 69.38   	-101.73		
-42.42   	-21.97   	 68.97   	-106.82		
-48.22   	-16.48   	 68.55   	 -91.56		
-60.42   	 -5.80   	 68.18   	 -50.86		
-76.90   	 10.99   	 67.98   	 -30.52		
-90.64   	 37.54   	 67.85   	 -10.17		
-83.92   	 84.84   	 67.81   	 -15.26		
-31.43   	172.42   	 67.75   	 -55.95		
 90.33   	319.82   	 67.53   	 -61.04		
288.09   	533.75   	 67.28   	  35.61		
539.25   	793.15   	 67.43   	 147.51		
795.90   	1050.42   	 68.02   	 335.71		
1002.20   	1245.42   	 69.36   	 437.43		
1115.11   	1325.68(R)	 71.11   	-366.22		
1118.77   	1268.31   	 69.64   	-1236.01		
1021.42   	1087.95   	 64.70   	-991.86		
843.81   	834.05   	 60.73   	-142.42		
615.84   	573.43   	 60.16   	 518.82		
377.81   	361.94   	 62.24   	 778.23		
174.56   	225.52   	 65.35   	 661.24		
 41.20   	153.20   	 68.00   	 335.71		
-12.51   	115.05   	 69.34   	 -40.69		
-10.38   	 82.70   	 69.18   	-254.32		
  6.71   	 43.33   	 68.16   	-198.37		
  7.93   	  0.92   	 67.36(D)	  76.30		
-12.21   	-34.18   	 67.67   	 350.97		
-39.06   	-56.76   	 69.07   	 447.61		
-57.68   	-68.36   	 70.86   	 417.09		
-62.87   	-75.38   	 72.53   	 396.74		
-60.42   	-82.70   	 74.12   	 391.66		
-58.59   	-90.64   	 75.69   	 366.22		
-60.12   	-96.44   	 77.15   	 376.40		
-63.17   	-97.66   	 78.66   	 427.26		
-65.92   	-94.91   	 80.37   	 635.81		
-67.75   	-91.86   	 82.91   	1027.46		
-68.66   	-90.94   	 87.02   	1266.53		
-68.97   	-92.77   	 92.09   	1205.49		
-68.66   	-95.21   	 96.91   	 956.25		
-67.44   	-96.74   	100.73   	 315.36		
-65.92   	-97.05   	101.99   	-401.83		
-65.00   	-96.74   	100.39   	-712.10		
-64.09   	-96.13   	 97.54   	-879.96		
-63.48   	-94.60   	 94.02   	-824.00		
-62.26   	-92.47   	 90.72   	-325.53		
-61.04   	-90.64   	 89.42   	 452.69		
-60.42   	-90.64   	 91.23   	1536.11		
-60.12   	-92.47   	 97.37   	2421.15		
-59.81   	-94.91   	107.06   	2482.19		
-58.59   	-95.52   	116.99   	2024.41		
-56.15   	-93.08   	125.09   	1078.33		
-53.41   	-88.81   	129.40   	 -10.17		
-51.57   	-84.84   	129.36   	-457.78		
-51.27   	-83.62   	127.53   	-345.88		
-51.88   	-85.14   	126.14   	-289.93		
-52.80   	-87.89   	124.98   	-493.39		
-52.80   	-90.33   	123.01   	-478.13		
-51.27   	-90.94   	121.10   	-147.51		
-48.83   	-89.72   	120.51   	 106.82		
-46.08   	-86.98   	120.94   	 147.51		
-44.25   	-83.62   	121.53   	  86.47		
-43.64   	-79.65   	121.87   	-142.42		
-43.33   	-75.38   	121.30   	-172.94		
-43.03   	-70.80   	120.61   	 142.42		
-41.81   	-66.53   	121.18   	 508.65		
-39.98   	-63.17   	123.21   	 493.39		
-38.45   	-60.42   	125.19   	 233.98		
-37.54   	-58.29   	126.12   	 -91.56		
-36.62   	-55.85   	125.76   	-544.25		
-35.10   	-52.49   	123.58   	-574.77		
-32.35   	-47.30   	121.28   	-157.68		
-28.38   	-40.28   	120.65   	 305.19		
-23.50   	-31.74   	121.87   	 620.55		
-18.62   	-22.89   	124.35(S)	 707.02		
-13.73   	-14.65   	127.18   	 361.14		
 -8.85   	 -6.41   	128.63   	-325.53		
 -3.05   	  2.14   	127.32   	-869.78		
  3.36   	 13.12   	123.84   	-900.30		
  9.77   	 25.94   	120.24   	-666.32		
 15.87   	 39.98   	117.58   	-340.79		
 21.67   	 53.10   	116.22   	 -55.95		
 26.86   	 63.78   	115.99   	 -55.95		
 31.74   	 71.11   	115.77   	-172.94		
 35.71   	 74.77   	115.08   	 -45.78		
 37.54   	 75.68   	114.89   	  50.86		
 36.93   	 74.77   	115.10   	-162.77		
 33.57   	 72.02   	114.45   	-371.31		
 28.38   	 68.05   	112.96   	-452.69		
 22.58   	 63.78   	111.15   	-483.21		
 16.78   	 59.51   	109.22   	-254.32		
 10.99   	 54.93   	108.20   	  96.64		
  4.88   	 49.74   	108.59   	 406.92		
 -2.14   	 42.42   	110.21   	 783.31		
 -9.46   	 33.57   	113.35   	1063.07		
-16.78   	 23.80   	117.60   	1022.38		
-22.58   	 14.04   	121.69   	 773.14		
-27.47   	  5.19   	124.78   	 508.65		
-32.04   	 -2.44   	126.82   	 289.93		
-37.54   	 -8.85   	127.98   	  61.04		
-43.95   	-13.43   	128.22   	-330.62		
-49.74   	-16.48   	126.90   	-696.84		
-54.32   	-18.31   	124.11   	-925.73		
-56.46   	-18.31   	120.41   	-1083.41		
-56.46   	-17.40   	116.07   	-1149.54		
-55.85   	-15.56   	111.47   	-1037.64		
-56.15   	-14.65   	107.32   	-844.35		
-57.68   	-15.87   	103.95   	-696.84		
-60.42   	-19.84   	101.16   	-544.25		
-62.87   	-25.02   	 98.98   	  30.52		
-65.00   	-29.30   	 99.10   	 661.24		
-65.92   	-30.82   	101.75   	 712.10		
-66.22   	-30.52   	104.60   	 645.98		
-66.53   	-30.21   	107.18   	 437.43		
-66.22   	-31.13   	108.93   	  66.12		
-65.00   	-32.96   	109.20   	 167.85		
-63.17   	-33.87   	109.87   	 330.62		
-61.04   	-32.65   	111.19   	 254.32		
-60.12   	-30.21   	112.21   	 249.24		
-61.34   	-28.38   	113.20   	 183.11		
-63.78   	-28.38   	113.94   	 208.54		
-65.61   	-30.21   	114.77   	 310.27		
-66.22   	-32.04   	116.01   	 289.93		
-65.00   	-32.35   	117.17   	 213.63		
-62.56   	-30.52   	118.03   	  25.43		
-60.42   	-27.77   	118.13   	-274.67		
-58.90   	-25.94   	117.03   	-488.30		
-58.29   	-25.94   	115.08   	-493.39		
-57.98   	-26.86   	113.10   	-437.43		
-57.68   	-26.86   	111.35   	-478.13		
-57.37   	-25.33   	109.44   	-610.37		
-56.76   	-23.19   	107.00   	-788.40		
-56.76   	-21.36   	103.84   	-1144.45		
-56.46   	-21.06   	 99.27   	-1551.37		
-56.46   	-20.75   	 93.06   	-1551.37		
-56.15   	-20.14   	 86.86   	-1210.58		
-56.15   	-18.62   	 82.01   	-793.49		
-55.85   	-17.40   	 78.84   	-366.22		
-56.15   	-17.70   	 77.38   	 142.42		
-57.07   	-18.62   	 77.94   	 701.93		
-57.68   	-19.23   	 80.75   	 986.77		
-58.29   	-20.14   	 84.70   	1012.20		
-58.29   	-21.36   	 88.75   	1032.55		
-58.59   	-23.50   	 92.88   	 966.43		
-58.90   	-24.72   	 96.74   	 732.45		
-59.51   	-23.19   	 99.67   	 432.35		
-59.51   	-19.23   	101.40   	 213.63		
-59.20   	-14.65   	102.26   	 147.51		
-58.90   	-13.43   	102.85   	 223.80		
-59.20   	-16.17   	103.74   	 198.37		
-60.73   	-21.97   	104.54   	  91.56		
-62.56   	-27.77   	104.90   	  50.86		
-64.09   	-31.43   	105.11   	   0.00		
-65.31   	-32.35   	105.11   	-295.01		
-65.92   	-31.13   	103.93   	-762.97		
-65.92   	-28.69   	100.87   	-1042.72		
-65.00   	-25.63   	 96.70   	-1139.36		
-63.48   	-22.58   	 92.15   	-1149.54		
-62.26   	-21.06   	 87.55   	-1144.45		
-62.56   	-21.67   	 82.97   	-1007.12		
-64.09   	-24.41   	 78.94   	-630.72		
-65.61   	-27.16   	 76.42   	-162.77		
-66.22   	-28.99   	 75.77   	 193.29		
-65.61   	-29.60   	 76.54   	 467.95		
-64.39   	-28.99   	 78.41   	 640.89		
-63.48   	-28.08   	 80.98   	 681.58		
-63.48   	-27.77   	 83.70   	 630.72		
-64.09   	-28.08   	 86.23   	 554.42		
-65.00   	-29.30   	 88.44   	 462.87		
-65.31   	-31.43   	 90.29   	 361.14		
-64.39   	-32.96   	 91.74   	 218.72		
-62.87   	-32.96   	 92.61   	  15.26		
-61.34   	-31.13   	 92.68   	-239.06		
-60.12   	-28.69   	 91.72   	-457.78		
-59.51   	-27.16   	 89.89   	-544.25		
-59.20   	-27.47   	 87.71   	-518.82		
-58.59   	-29.60   	 85.64   	-381.48		
-57.98   	-32.35   	 84.11   	-162.77		
-57.68   	-34.48   	 83.46   	 -45.78		
-57.98   	-35.10   	 83.28   	   0.00		
-58.29   	-33.57   	 83.28   	  25.43		
-58.29   	-30.52   	 83.38   	  55.95		
-57.98   	-27.77   	 83.60   	  61.04		
-57.07   	-26.86   	 83.85   	  91.56		
-55.85   	-27.47   	 84.21   	  66.12		
-54.32   	-28.08   	 84.48   	 -10.17		
-52.80   	-26.86   	 84.44   	 -76.30		
-50.66   	-23.50   	 84.13   	 -66.12		
-48.83   	-18.62   	 83.87   	 -15.26		
-46.69   	-15.56   	 83.80   	 -61.04		
-44.56   	-14.65   	 83.56   	-218.72		
-41.81   	-14.95   	 82.69   	-442.52		
-38.15   	-13.12   	 80.92   	-620.55		
-34.18   	 -8.54   	 78.43   	-544.25		
-30.82   	 -1.53   	 76.26   	-264.50		
-28.08   	  4.27   	 75.20   	  15.26		
-26.25   	  6.41   	 75.26   	 183.11		
-25.33   	  4.58   	 75.99   	 157.68		
-24.41   	 -0.31   	 76.62   	   5.09		
-23.50   	 -6.71   	 76.64   	 -81.38		
-22.28   	-13.43   	 76.32   	 -76.30		
-21.97   	-19.53   	 76.01   	 -20.35		
-23.19   	-24.11   	 75.93   	  50.86		
-26.25   	-25.02   	 76.13   	 116.99		
-30.21   	-21.67   	 76.60   	 183.11		
-32.65   	-14.65   	 77.33   	 213.63		
-32.35   	 -7.32   	 78.19   	 147.51		
-29.30   	 -2.75   	 78.78   	  61.04		
-25.33   	 -3.05   	 79.02   	 -81.38		
-22.58   	 -7.02   	 78.70   	-218.72		
-22.89   	-12.21   	 77.82   	-284.84		
-25.94   	-15.87   	 76.68   	-172.94		
-29.91   	-16.78   	 75.99   	  35.61		
-31.74   	-15.56   	 76.13   	 228.89		
-30.82   	-15.26   	 77.05   	 284.84		
-26.86   	-17.09   	 78.19   	 208.54		
-21.67   	-21.67   	 79.02   	  76.30		
-17.09   	-27.77   	 79.33   	   0.00		
-14.65   	-34.48   	 79.33   	  40.69		
-14.65   	-41.50   	 79.49   	 198.37		
-18.31   	-47.91   	 80.28   	 361.14		
-24.72   	-53.10   	 81.73   	 661.24		
-32.65   	-54.93   	 84.37   	1012.20		
-39.98   	-53.10   	 88.42   	 951.17		
-44.56   	-49.44   	 92.23   	 284.84		
-46.39   	-46.39   	 93.37   	-442.52		
-45.47   	-47.00   	 91.60   	-691.76		
-43.95   	-50.66   	 88.83   	-457.78		
-42.72   	-55.54   	 87.00   	-106.82		
-42.42   	-59.81   	 86.57   	-172.94		
-42.42   	-61.95   	 85.88   	-793.49		
-43.03   	-62.26   	 82.71   	-1444.55		
-43.03   	-61.04   	 76.93   	-2060.01		
-42.42   	-59.20   	 68.69   	-2578.83		
-41.50   	-57.68   	 58.37   	-2787.37		
-40.59   	-57.37   	 47.22   	-2594.09		
-39.98   	-57.98   	 36.85   	-1948.11		
-39.37   	-59.20   	 29.05   	-1068.15		
-38.45   	-59.51   	 24.78   	-356.05		
-37.23   	-58.29   	 23.36   	 269.58		
-35.71   	-56.15   	 24.44   	 834.18		
-34.18   	-54.93   	 27.77   	1373.34		
-33.26   	-54.32   	 33.27   	2009.15		
-32.96   	-54.63   	 41.30   	2538.14		
-32.96   	-54.63   	 51.45   	2914.54		
-32.65   	-53.71   	 63.11   	2853.50		
-32.35   	-52.19   	 74.53   	2339.77		
-31.74   	-50.05   	 83.89   	1597.15		
-32.96   	-47.30   	 90.27   	 813.83		
-38.45   	-41.81   	 93.53   	 172.94		
-50.05   	-31.74   	 94.22   	-239.06		
-67.75   	-15.87   	 93.27   	-452.69		
-84.84   	  7.93   	 91.45   	-605.29		
-85.75   	 50.35   	 89.03   	-747.71		
-45.78   	131.53   	 86.04   	-813.83		
 58.29   	272.52   	 82.79   	-869.78		
235.29   	483.40   	 79.31   	-920.65		
466.31   	746.46   	 75.63   	-946.08		
710.14   	1016.24   	 71.84   	-991.86		
914.61   	1232.61   	 67.87   	-930.82		
1038.82   	1340.64(R)	 64.15   	-727.36		
1063.84   	1310.12   	 61.24   	-467.95		
993.04   	1148.38   	 59.37   	-208.54		
841.98   	899.05   	 58.53   	 -15.26		
635.07   	627.44   	 58.47   	 111.90		
408.33   	396.12   	 58.92   	 218.72		
205.08   	239.56   	 59.80   	 244.15		
 62.56   	154.11   	 60.77   	 340.79		
 -4.88   	110.47   	 62.14   	 534.08		
-13.73   	 75.38   	 64.27   	 584.94		
 -1.22   	 31.13   	 66.61   	 493.39		
  0.92   	-20.45   	 68.59   	 381.48		
-16.17   	-65.31   	 70.11   	 259.41		
-41.50   	-93.69   	 71.15   	 213.63		
-60.12   	-105.29   	 72.00   	 244.15		
-65.61   	-107.73   	 72.98   	 254.32		
-63.78   	-109.86   	 74.00   	 233.98		
-62.26   	-115.97   	 74.93   	 244.15		
-64.39   	-124.51   	 75.91   	 305.19		
-68.66   	-131.23   	 77.13   	 422.18		
-71.72   	-134.58   	 78.82   	 640.89		
-72.02   	-134.28   	 81.38   	1037.64		
-70.19   	-132.75   	 85.53   	1419.12		
-68.05   	-131.84   	 91.21   	1510.68		
-66.53   	-131.23   	 97.25   	1261.44		
-65.61   	-130.92   	102.30   	 717.19		
-65.31   	-130.92   	105.17   	  45.78		
-65.31   	-130.62   	105.35   	-437.43		
-64.70   	-130.00   	103.60   	-630.72		
-63.78   	-129.39   	101.08   	-666.32		
-62.87   	-129.09   	 98.41   	-620.55		
-62.56   	-128.48   	 95.93   	-315.36		
-61.65   	-127.56   	 94.67   	 371.31		
-60.73   	-126.34   	 96.15   	 910.47		
-59.20   	-124.82   	 99.80   	 920.65		
-57.98   	-123.60   	103.48   	 300.10		
-57.07   	-122.99   	104.68   	 -45.78		
-56.46   	-122.99   	104.50   	 188.20		
-56.15   	-122.68   	105.25   	 203.46		
-55.24   	-122.07   	106.06   	 315.36		
-54.32   	-120.85   	107.32   	 803.66		
-53.10   	-119.63   	110.54   	1159.71		
-52.19   	-119.02   	115.18   	1327.56		
-51.88   	-118.71   	120.49   	1322.48		
-51.57   	-118.71   	125.78   	 869.78		
-51.27   	-118.10   	129.26   	 315.36		
-50.35   	-116.58   	130.52   	 228.89		
-49.13   	-114.44   	131.43   	 656.15		
-47.30   	-112.30   	134.06   	 854.52		
-45.47   	-110.17   	137.48   	 254.32		
-43.64   	-107.73   	138.49   	-447.61		
-42.42   	-104.68   	136.70   	-707.02		
-41.50   	-101.32   	133.88   	-824.00		
-40.59   	-97.05   	130.58   	-696.84		
-39.37   	-92.77   	127.79   	-412.00		
-37.54   	-88.20   	126.14   	-386.57		
-34.79   	-83.31   	124.60   	-696.84		
-31.13   	-77.82   	121.81   	-757.88		
-27.16   	-72.33   	118.78   	-381.48		
-22.58   	-66.22   	117.25   	-132.25		
-18.31   	-60.12   	116.72   	 -86.47		
-13.73   	-53.10   	116.38   	  -5.09		
 -9.16   	-45.47   	116.36   	  91.56		
 -3.97   	-36.93   	116.72   	 167.85		
  1.53   	-27.77   	117.40   	 417.09		
  7.32   	-17.70   	119.06   	 813.83		
 13.12   	 -6.71   	122.32   	1144.45		
 18.01   	  4.58   	126.90   	1266.53		
 22.28   	 15.56   	131.96   	1047.81		
 25.94   	 25.94   	136.15   	 635.81		
 28.38   	 34.48   	138.70   	 305.19		
 29.60   	 40.28   	139.92   	 188.20		
 29.30   	 43.03   	140.67   	 152.59		
 27.16   	 42.42   	141.28   	  86.47		
 23.50   	 39.06   	141.63(S)	 -35.61		
 18.92   	 34.18   	141.48   	-244.15		
 13.73   	 28.08   	140.51   	-356.05		
  8.54   	 21.67   	139.08   	-274.67		
  2.75   	 14.65   	137.99   	-335.71		
 -3.36   	  6.71   	136.64   	-640.89		
 -9.16   	 -1.22   	134.08   	-818.92		
-15.26   	 -9.16   	130.80   	-727.36		
-20.14   	-16.17   	127.89   	-579.86		
-24.41   	-22.89   	125.57   	-528.99		
-27.77   	-28.69   	123.46   	-549.34		
-30.52   	-33.87   	121.26   	-584.94		
-32.65   	-38.15   	118.92   	-569.68		
-34.18   	-41.20   	116.64   	-478.13		
-35.10   	-43.64   	114.73   	-528.99		
-35.10   	-44.86   	112.61   	-681.58		
-33.87   	-45.17   	109.89   	-768.05		
-32.96   	-45.17   	106.82   	-712.10		
-32.35   	-45.78   	103.97   	-549.34		
-32.65   	-46.39   	101.77   	-249.24		
-33.26   	-47.30   	100.77   	 488.30		
-33.26   	-48.22   	102.73   	1225.83		
-32.65   	-48.52   	107.63   	1332.65		
-31.74   	-48.22   	112.96   	1164.80		
-30.82   	-48.22   	117.62   	 656.15		
-30.52   	-47.91   	120.24   	-188.20		
-30.52   	-47.91   	119.49   	-773.14		
-30.82   	-47.91   	116.40   	-701.93		
-31.13   	-47.61   	113.59   	1749.74		
-30.52   	-47.30   	120.59   	1042.72		
-29.60   	-47.00   	124.76   	-803.66		
-28.08   	-46.69   	121.55   	-3372.32		
-26.55   	-46.08   	108.06   	-5208.52		
-25.94   	-45.78   	 87.22   	-2919.62		
-25.63   	-45.17   	 75.54   	  66.12		
-25.94   	-44.56   	 75.81   	1998.97		
-25.94   	-43.95   	 83.80   	 737.54		
-25.63   	-43.64   	 86.75   	-493.39		
-25.02   	-43.03   	 84.78   	 -45.78		
-24.41   	-42.42   	 84.60   	1546.28		
-23.80   	-41.20   	 90.78   	2761.94		
-23.19   	-39.98   	101.83   	3051.87		
-22.28   	-39.06   	114.04   	2146.48		
-21.36   	-38.76   	122.62   	 640.89		
-20.75   	-38.76   	125.19   	-127.16		
-20.14   	-39.06   	124.68   	  40.69		
-20.14   	-39.37   	124.84   	 447.61		
-20.45   	-39.06   	126.63   	 371.31		
-20.75   	-38.45   	128.12   	 -25.43		
-20.75   	-37.84   	128.02   	-488.30		
-20.75   	-37.23   	126.06   	-630.72		
-21.06   	-36.62   	123.54   	-727.36		
-21.67   	-36.62   	120.63   	-1093.59		
-22.58   	-36.93   	116.26   	-1347.91		
-23.50   	-37.23   	110.86   	-1541.19		
-24.11   	-37.54   	104.70   	-2431.32		
-24.41   	-37.23   	 94.97   	-2243.12		
-24.41   	-36.93   	 86.00   	-1953.20		
-24.72   	-36.01   	 78.19   	-961.34		
-25.33   	-35.71   	 74.34   	 -71.21		
-26.25   	-35.40   	 74.06   	 350.97		
-27.16   	-35.10   	 75.46   	2151.57		
-29.91   	-36.01   	 84.07   	1108.85		
-30.82   	-36.62   	 88.50   	1083.41		
-31.43   	-37.23   	 92.84   	 925.73		
-31.13   	-37.54   	 96.54   	 712.10		
-30.52   	-37.54   	 99.39   	 478.13		
-30.21   	-37.84   	101.30   	 244.15		
-30.52   	-37.84   	102.28   	  55.95		
-31.43   	-38.45   	102.50   	-157.68		
-32.35   	-39.06   	101.87   	-528.99		
-32.35   	-39.67   	 99.76   	-742.62		
-31.74   	-39.98   	 96.78   	-839.26		
-31.13   	-39.67   	 93.43   	-900.30		
-31.13   	-39.67   	 89.83   	-1022.38		
-31.43   	-39.67   	 85.74   	-1271.61		
-31.74   	-40.28   	 80.65   	-1312.30		
-31.43   	-40.59   	 75.40   	-1032.55		
-30.52   	-40.59   	 71.27   	-478.13		
-29.60   	-40.28   	 69.36   	 122.07		
-28.69   	-39.37   	 69.85   	 518.82		
-27.77   	-38.76   	 71.92   	 651.07		
-26.86   	-38.45   	 74.53   	 620.55		
-25.63   	-38.76   	 77.01   	 605.29		
-24.41   	-38.76   	 79.43   	 579.86		
-22.89   	-38.76   	 81.75   	 518.82		
-21.67   	-38.76   	 83.82   	 417.09		
-20.14   	-38.76   	 85.49   	 198.37		
-18.92   	-38.76   	 86.29   	  30.52		
-17.09   	-38.76   	 86.41   	  45.78		
-15.26   	-38.76   	 86.59   	 228.89		
-13.73   	-38.45   	 87.51   	 274.67		
-12.21   	-38.45   	 88.61   	 147.51		
-11.29   	-38.15   	 89.20   	 -66.12		
-10.38   	-38.15   	 88.93   	-259.41		
 -9.16   	-38.15   	 87.89   	-442.52		
 -8.24   	-38.45   	 86.12   	-584.94		
 -7.02   	-38.45   	 83.78   	-717.19		
 -6.10   	-38.15   	 80.92   	-824.00		
 -5.19   	-37.54   	 77.62   	-824.00		
 -4.58   	-36.93   	 74.32   	-595.11		
 -4.58   	-36.32   	 71.94   	-473.04		
 -4.88   	-36.32   	 70.05   	-523.90		
 -4.88   	-36.62   	 67.95   	-534.08		
 -4.27   	-36.62   	 65.82   	-396.74		
 -2.75   	-36.32   	 64.23   	 -96.64		
 -1.22   	-35.71   	 63.85   	 335.71		
 -0.61   	-35.40   	 65.19   	 834.18		
 -1.53   	-35.10   	 68.52   	1256.35		
 -3.66   	-34.79   	 73.55   	1312.30		
 -6.10   	-34.18   	 78.80   	1302.13		
 -6.71   	-32.96   	 84.01   	1342.82		
 -4.88   	-31.43   	 89.38   	 981.68		
 -1.83   	-29.30   	 93.31   	 473.04		
  0.31   	-27.16   	 95.20   	 162.77		
  0.00   	-24.11   	 95.85   	-315.36		
 -2.14   	-20.45   	 94.59   	-732.45		
 -4.27   	-15.87   	 91.66   	-808.75		
 -3.66   	-10.99   	 88.42   	-981.68		
  0.00   	 -6.71   	 84.50   	-1236.01		
  5.80   	 -2.75   	 79.55   	-1490.33		
 12.21   	  0.61   	 73.59   	-1434.38		
 17.40   	  4.88   	 67.85   	-1032.55		
 21.06   	 10.38   	 63.72   	-513.73		
 24.11   	 16.48   	 61.67   	  10.17		
 26.55   	 21.97   	 61.71   	 361.14		
 28.99   	 26.25   	 63.15   	 620.55		
 31.13   	 27.16   	 65.64   	 818.92		
 32.65   	 24.72   	 68.91   	 940.99		
 33.87   	 18.62   	 72.68   	 956.25		
 33.87   	  9.46   	 76.50   	 910.47		
 31.74   	 -0.61   	 80.14   	 768.05		
 27.16   	 -8.24   	 83.21   	 590.03		
 21.06   	-10.68   	 85.57   	 391.66		
 15.56   	 -7.32   	 87.14   	  71.21		
 12.82   	 -0.61   	 87.43   	-218.72		
 14.04   	  5.80   	 86.55   	-412.00		
 17.40   	  8.24   	 84.90   	-579.86		
 20.14   	  6.10   	 82.58   	-732.45		
 20.75   	  0.92   	 79.65   	-885.04		
 18.92   	 -4.27   	 76.11   	-1037.64		
 15.87   	 -6.71   	 71.96   	-1002.03		
 14.04   	 -6.10   	 67.95   	-742.62		
 14.04   	 -3.36   	 64.98   	-371.31		
 16.17   	 -0.92   	 63.50   	   5.09		
 18.92   	 -0.61   	 63.52   	 315.36		
 21.97   	 -3.36   	 64.78   	 564.60		
 23.80   	 -8.85   	 67.04   	 717.19		
 24.41   	-15.56   	 69.91   	 696.84		
 21.67   	-22.58   	 72.70   	 595.11		
 15.56   	-28.08   	 75.08   	 508.65		
  6.71   	-30.82   	 77.11   	 396.74		
 -2.44   	-30.52   	 78.70   	 223.80		
 -9.16   	-27.16   	 79.59   	  61.04		
-12.21   	-23.19   	 79.84   	  81.38		
-12.82   	-21.36   	 80.16   	 116.99		
-12.21   	-22.58   	 80.63   	 -20.35		
-11.90   	-25.94   	 80.55   	-427.26		
-11.90   	-28.99   	 78.84   	-910.47		
-11.90   	-29.91   	 75.20   	-1322.48		
-11.60   	-28.69   	 69.91   	-1536.11		
-10.99   	-26.25   	 63.76   	-1347.91		
-10.68   	-24.41   	 58.37   	-920.65		
-10.99   	-23.80   	 54.69   	-350.97		
-11.60   	-24.41   	 53.29   	 233.98		
-12.21   	-24.72   	 54.22   	 727.36		
-12.51   	-24.11   	 57.13   	1073.24		
-12.51   	-22.89   	 61.42   	1220.75		
-11.90   	-21.36   	 66.31   	1134.28		
-10.99   	-20.14   	 70.84   	 849.44		
-10.07   	-19.23   	 74.24   	 361.14		
-10.07   	-18.92   	 75.69   	-167.85		
-11.29   	-18.31   	 75.01   	-518.82		
-13.43   	-17.40   	 72.94   	-661.24		
-15.87   	-15.87   	 70.29   	-661.24		
-17.09   	-14.04   	 67.65   	-615.46		
-18.01   	-11.90   	 65.19   	-498.47		
-20.45   	 -7.93   	 63.19   	-356.05		
-28.08   	  0.00   	 61.77   	-233.98		
-44.56   	 14.95   	 60.83   	 -40.69		
-67.75   	 36.93   	 60.67   	 254.32		
-87.28   	 70.19   	 61.69   	 467.95		
-81.79   	126.95   	 63.56   	 549.34		
-24.72   	226.14   	 65.76   	 554.42		
104.68   	386.66   	 67.98   	 391.66		
308.84   	613.71   	 69.54   	  76.30		
564.88   	884.70   	 69.85   	-178.03		
829.77   	1150.51   	 69.14   	-300.10		
1053.47   	1347.05   	 67.93   	-228.89		
1195.07   	1418.46(R)	 67.02   	 -96.64		
1231.99   	1340.03   	 66.63   	 -20.35		
1161.80   	1128.85   	 66.55   	-101.73		
995.48   	845.95   	 66.14   	-254.32		
760.19   	570.68   	 65.13   	-157.68		
500.79   	365.60   	 64.50   	 447.61		
268.86   	251.46   	 66.29   	 681.58		
107.12   	203.86   	 69.01   	-1007.12		
 29.30   	176.39   	 64.98   	-2797.55		
 14.65   	133.06   	 53.79   	-1861.64		
 21.67   	 66.53   	 46.35(D)	 228.89		
 17.40   	 -3.36   	 47.26   	1297.04		
 -6.41   	-53.71   	 52.45   	1719.22		
-36.62   	-74.46   	 59.33   	1744.65		
-57.68   	-74.16   	 66.31   	1017.29		
-64.39   	-69.27   	 70.38   	 167.85		
-62.26   	-71.72   	 71.05   	 -10.17		
-60.12   	-82.40   	 71.01   	 350.97		
-61.34   	-94.60   	 72.41   	 757.88		
-64.39   	-101.93   	 75.44   	1185.14		
-66.22   	-103.15   	 80.18   	1607.32		
-66.83   	-101.93   	 86.61   	1943.02		
-66.53   	-101.32   	 94.38   	1958.28		
-65.92   	-101.93   	102.22   	1592.06		
-65.61   	-102.84   	108.59   	1068.15		
-65.00   	-103.45   	112.86   	 630.72		
-64.09   	-103.15   	115.38   	 111.90		
-62.26   	-102.84   	115.83   	-305.19		
-59.81   	-102.54   	114.61   	-915.56		
-57.68   	-102.23   	110.95   	-1353.00		
-55.85   	-101.93   	105.53   	-981.68		
-54.93   	-101.32   	101.61   	-869.78		
-54.32   	-100.10   	 98.13   	-900.30		
-53.41   	-98.57   	 94.53   	-518.82		
-52.19   	-97.05   	 92.45   	-213.63		
-51.27   	-95.52   	 91.60   	   0.00		
-50.05   	-94.60   	 91.60   	 106.82		
-48.83   	-93.69   	 92.02   	 239.06		
-47.30   	-93.08   	 92.98   	 834.18		
-46.39   	-92.47   	 96.32   	1602.23		
-45.47   	-91.55   	102.73   	1851.47		
-45.17   	-90.03   	110.13   	1424.21		
-44.25   	-87.89   	115.83   	 696.84		
-42.72   	-85.14   	118.62   	 203.46		
-40.59   	-82.70   	119.43   	 335.71		
-38.45   	-80.57   	120.77   	 742.62		
-36.32   	-79.04   	123.74   	 732.45		
-34.48   	-77.82   	126.67   	 590.03		
-32.96   	-75.68   	129.03   	 503.56		
-31.43   	-72.63   	131.05   	  86.47		
-30.52   	-68.97   	131.39   	 -40.69		
-30.82   	-65.31   	131.23   	 127.16		
-32.04   	-61.95   	131.74   	 -86.47		
-32.65   	-58.59   	131.39   	-310.27		
-32.04   	-54.93   	130.15   	-457.78		
-29.91   	-50.05   	128.32   	-635.81		
-26.55   	-44.86   	125.78   	-559.51		
-22.89   	-39.06   	123.54   	-656.15		
-19.84   	-33.26   	120.92   	-686.67		
-16.78   	-27.16   	118.17   	-427.26		
-13.43   	-20.75   	116.46   	-223.80		
 -9.46   	-14.04   	115.56   	  96.64		
 -4.58   	 -6.71   	115.95   	 300.10		
  0.61   	  0.92   	117.15   	 350.97		
  6.41   	  9.16   	118.55   	 534.08		
 12.21   	 18.01   	120.69   	 640.89		
 18.01   	 27.77   	123.25   	 549.34		
 23.80   	 37.84   	125.45   	 264.50		
 28.99   	 48.22   	126.51   	 -71.21		
 33.87   	 57.68   	126.23   	-188.20		
 37.54   	 65.92   	125.47   	  40.69		
 39.37   	 71.41   	125.64   	 406.92		
 39.37   	 73.85   	127.26   	 762.97		
 37.54   	 73.24   	130.31   	 930.82		
 34.18   	 69.89   	134.04   	 707.02		
 29.30   	 64.70   	136.87   	 279.75		
 23.80   	 57.68   	137.99   	   5.09		
 17.70   	 50.05   	138.01   	-167.85		
 11.29   	 41.81   	137.33   	-254.32		
  4.88   	 33.26   	136.32   	-111.90		
 -1.53   	 24.41   	135.87   	  30.52		
 -7.63   	 15.26   	135.99   	  96.64		
-13.12   	  6.10   	136.38   	 -86.47		
-18.31   	 -2.44   	136.03   	-620.55		
-22.58   	-10.68   	133.55   	-569.68		
-25.94   	-17.70   	131.27   	 717.19		
-28.69   	-23.50   	134.14   	3616.47		
-30.52   	-27.77   	148.61   	4928.77		
-31.13   	-30.52   	168.32   	-183.11		
-31.43   	-32.65   	167.59   	-6632.73		
-31.43   	-34.48   	141.06   	-6785.32		
-31.74   	-36.32   	113.92   	-2507.62		
-31.74   	-38.45   	103.89   	 915.56		
-32.04   	-40.59   	107.55   	2629.69		
-31.74   	-42.42   	118.07   	3046.78		
-31.13   	-44.25   	130.25   	1637.84		
-30.52   	-45.78   	136.81   	-742.62		
-28.99   	-47.30   	133.83   	-2792.46		
-27.47   	-47.91   	122.66   	-3942.00		
-25.63   	-48.22   	106.90   	-4420.13		
-24.72   	-48.22   	 89.22   	-3509.65		
-24.41   	-48.22   	 75.18   	-2095.62		
-25.02   	-48.52   	 66.80   	-768.05		
-25.63   	-48.83   	 63.72   	 361.14		
-25.94   	-48.83   	 65.17   	1078.33		
-25.63   	-48.52   	 69.48   	4923.68		
-25.94   	-46.39   	 89.18   	1495.42		
-26.86   	-46.08   	 95.16   	1612.40		
-27.77   	-45.78   	101.61   	1754.83		
-28.08   	-45.47   	108.63   	1464.90		
-28.38   	-45.47   	114.49   	 762.97		
-28.38   	-45.17   	117.54   	 132.25		
-28.69   	-44.56   	118.07   	  30.52		
-28.99   	-43.33   	118.19   	 203.46		
-29.60   	-42.11   	119.00   	 167.85		
-30.21   	-40.89   	119.67   	-228.89		
-31.13   	-40.28   	118.76   	-803.66		
-32.65   	-40.59   	115.54   	-1373.34		
-34.48   	-41.50   	110.05   	-1164.80		
-36.32   	-42.42   	105.39   	-1236.01		
-37.84   	-43.33   	100.45   	-1215.66		
-39.06   	-43.64   	 95.58   	-554.42		
-40.59   	-43.95   	 93.37   	  20.35		
-42.72   	-44.25   	 93.45   	 549.34		
-45.17   	-45.47   	 95.65   	 193.29		
-47.91   	-47.30   	 96.42   	  96.64		
-49.74   	-48.52   	 96.81   	 162.77		
-50.96   	-49.13   	 97.46   	 162.77		
-50.96   	-49.13   	 98.11   	  76.30		
-50.66   	-49.44   	 98.41   	 -66.12		
-50.35   	-49.74   	 98.15   	-111.90		
-50.35   	-50.96   	 97.70   	-198.37		
-51.27   	-51.88   	 96.91   	-274.67		
-52.19   	-52.80   	 95.81   	-335.71		
-53.41   	-53.41   	 94.47   	-203.46		
-54.02   	-53.71   	 93.65   	-111.90		
-54.02   	-54.02   	 93.20   	-244.15		
-54.02   	-54.32   	 92.23   	-442.52		
-54.02   	-54.63   	 90.46   	-579.86		
-54.32   	-55.54   	 88.14   	-620.55		
-54.63   	-56.46   	 85.66   	-478.13		
-54.93   	-57.37   	 83.74   	-208.54		
-54.93   	-57.98   	 82.91   	  20.35		
-54.93   	-57.98   	 82.99   	 132.25		
-54.32   	-57.07   	 83.52   	 162.77		
-54.02   	-56.15   	 84.17   	 157.68		
-53.41   	-55.24   	 84.80   	 152.59		
-52.80   	-55.54   	 85.41   	 127.16		
-52.80   	-56.15   	 85.92   	  40.69		
-52.80   	-57.07   	 86.08   	 -45.78		
-52.80   	-58.29   	 85.90   	 -50.86		
-53.10   	-59.20   	 85.70   	 -55.95		
-53.41   	-59.81   	 85.47   	 -35.61		
-54.02   	-60.12   	 85.33   	 -30.52		
-54.32   	-60.42   	 85.21   	  10.17		
-54.02   	-60.42   	 85.25   	  81.38		
-53.71   	-60.42   	 85.57   	 101.73		
-53.10   	-60.12   	 85.98   	  71.21		
-52.49   	-60.12   	 86.27   	  -5.09		
-51.88   	-60.12   	 86.25   	 -86.47		
-51.57   	-60.12   	 85.90   	-122.07		
-50.96   	-59.81   	 85.41   	 -96.64		
-50.05   	-59.51   	 85.03   	 -15.26		
-49.74   	-59.20   	 84.96   	  76.30		
-49.13   	-59.20   	 85.27   	 152.59		
-49.13   	-58.90   	 85.88   	 147.51		
-48.83   	-58.59   	 86.47   	  50.86		
-48.52   	-57.98   	 86.67   	 -76.30		
-48.22   	-57.68   	 86.37   	-198.37		
-48.22   	-58.29   	 85.57   	-289.93		
-48.83   	-59.20   	 84.41   	-325.53		
-49.74   	-60.12   	 83.11   	-320.45		
-50.35   	-60.73   	 81.83   	-279.75		
-50.66   	-60.73   	 80.71   	-228.89		
-50.66   	-60.42   	 79.80   	-183.11		
-50.35   	-60.12   	 79.06   	-157.68		
-50.05   	-59.51   	 78.43   	-157.68		
-49.44   	-58.90   	 77.80   	-172.94		
-48.52   	-57.98   	 77.11   	-167.85		
-48.22   	-57.07   	 76.44   	-147.51		
-48.22   	-55.85   	 75.85   	-101.73		
-48.52   	-54.93   	 75.44   	 -61.04		
-48.52   	-53.71   	 75.20   	 -25.43		
-47.91   	-52.19   	 75.10   	  45.78		
-46.39   	-49.74   	 75.28   	 127.16		
-44.56   	-46.08   	 75.79   	 172.94		
-42.42   	-41.20   	 76.48   	 157.68		
-40.28   	-35.71   	 77.11   	 101.73		
-37.23   	-30.52   	 77.52   	  40.69		
-33.26   	-26.25   	 77.68   	 -30.52		
-28.38   	-22.89   	 77.56   	 -81.38		
-23.80   	-20.14   	 77.23   	-106.82		
-19.84   	-16.78   	 76.81   	-122.07		
-16.48   	-12.51   	 76.32   	-101.73		
-13.73   	 -7.93   	 75.91   	 -71.21		
-10.68   	 -3.97   	 75.63   	 -50.86		
 -7.93   	 -1.83   	 75.42   	 -45.78		
 -5.80   	 -3.05   	 75.24   	 -50.86		
 -4.58   	 -7.63   	 75.04   	 -71.21		
 -4.88   	-14.95   	 74.75   	 -76.30		
 -7.02   	-24.11   	 74.45   	 -81.38		
-10.99   	-32.35   	 74.12   	 -86.47		
-15.87   	-37.23   	 73.77   	 -55.95		
-20.75   	-36.93   	 73.55   	   5.09		
-23.19   	-32.65   	 73.57   	  61.04		
-22.58   	-27.16   	 73.81   	  86.47		
-18.92   	-22.89   	 74.16   	  91.56		
-14.65   	-22.58   	 74.53   	  66.12		
-12.82   	-25.63   	 74.79   	  50.86		
-14.34   	-29.91   	 74.99   	  45.78		
-18.62   	-33.57   	 75.18   	  30.52		
-22.89   	-35.10   	 75.30   	  -5.09		
-24.41   	-34.48   	 75.28   	 -50.86		
-22.89   	-32.96   	 75.08   	 -76.30		
-19.23   	-32.96   	 74.77   	 -91.56		
-15.26   	-35.40   	 74.40   	-122.07		
-12.51   	-40.28   	 73.92   	-152.59		
-10.99   	-46.08   	 73.31   	-188.20		
-11.90   	-51.88   	 72.55   	-208.54		
-16.48   	-56.46   	 71.72   	-208.54		
-25.02   	-59.51   	 70.88   	-193.29		
-34.79   	-60.12   	 70.11   	-152.59		
-42.72   	-57.98   	 69.50   	 -96.64		
-46.39   	-54.32   	 69.11   	 -30.52		
-46.69   	-51.57   	 68.99   	   5.09		
-45.47   	-51.27   	 69.01   	   0.00		
-45.17   	-54.02   	 69.01   	  -5.09		
-46.39   	-57.98   	 68.99   	  10.17		
-48.22   	-60.73   	 69.03   	  30.52		
-49.74   	-61.34   	 69.16   	  45.78		
-50.05   	-60.12   	 69.34   	  45.78		
-50.05   	-58.90   	 69.52   	  10.17		
-49.74   	-57.68   	 69.56   	 -25.43		
-49.74   	-57.37   	 69.46   	 -50.86		
-49.74   	-56.76   	 69.26   	 -55.95		
-50.05   	-55.54   	 69.03   	 -66.12		
-50.05   	-54.32   	 68.77   	 -61.04		
-49.74   	-53.10   	 68.52   	 -66.12		
-49.13   	-52.19   	 68.26   	 -81.38		
-48.52   	-51.27   	 67.93   	 -96.64		
-48.22   	-50.66   	 67.55   	-101.73		
-47.91   	-49.74   	 67.14   	-106.82		
-47.91   	-48.22   	 66.71   	-111.90		
-47.61   	-46.39   	 66.27   	-122.07		
-47.00   	-44.86   	 65.78   	-122.07		
-46.69   	-43.33   	 65.29   	 -91.56		
-47.61   	-41.81   	 64.92   	 -71.21		
-50.96   	-38.45   	 64.64   	 -50.86		
-60.42   	-30.21   	 64.44   	 -25.43		
-77.82   	-14.65   	 64.33   	 -20.35		
-100.71   	  8.85   	 64.25   	 -15.26		
-117.80   	 43.64   	 64.19   	  10.17		
-107.12   	102.23   	 64.23   	  45.78		
-41.20   	203.55   	 64.41   	  55.95		
100.40   	365.60   	 64.64   	  40.69		
317.99   	591.13   	 64.80   	  20.35		
585.63   	855.71   	 64.88   	 -15.26		
856.32   	1108.09   	 64.82   	 -25.43		
1078.19   	1286.01   	 64.72   	 -50.86		
1210.02   	1337.28(R)	 64.52   	 -76.30		
1231.38   	1242.07   	 64.21   	 -76.30		
1142.27   	1023.25   	 63.91   	 -61.04		
957.64   	743.10   	 63.66   	 -50.86		
708.01   	478.52   	 63.46(D)	 -30.52		
441.28   	287.17   	 63.34   	 -15.26		
210.27   	184.63   	 63.28   	 -20.35		
 55.54   	144.65   	 63.19   	  -5.09		
-13.43   	122.07   	 63.17   	  96.64		
-21.97   	 83.01   	 63.56   	 244.15		
-13.73   	 22.58   	 64.54   	 381.48		
-19.53   	-41.81   	 66.06   	 462.87		
-43.95   	-86.98   	 67.91   	 534.08		
-72.02   	-104.98   	 70.05   	 605.29		
-89.42   	-104.37   	 72.47   	 635.81		
-93.08   	-100.40   	 75.01   	 610.37		
-90.64   	-103.76   	 77.46   	 564.60		
-90.33   	-114.14   	 79.71   	 569.68		
-93.69   	-125.12   	 81.99   	 666.32		
-97.96   	-130.62   	 84.66   	 788.40		
-100.10   	-130.62   	 87.81   	 910.47		
-100.10   	-128.48   	 91.45   	 991.86		
-99.18   	-127.56   	 95.42   	 966.43		
-97.96   	-128.48   	 99.29   	 768.05		
-96.74   	-129.39   	102.36   	 493.39		
-95.83   	-129.39   	104.33   	 361.14		
-94.30   	-128.17   	105.78   	 208.54		
-93.08   	-126.34   	106.61   	-412.00		
-91.86   	-124.21   	104.96   	-1459.81		
-90.64   	-122.68   	 99.12   	-1403.86		
-89.72   	-121.77   	 93.51   	-122.07		
-88.81   	-120.24   	 93.02   	 630.72		
-87.89   	-118.41   	 95.54   	 869.78		
-86.98   	-116.27   	 99.02   	 986.77		
-86.06   	-114.14   	102.97   	 727.36		
-85.14   	-112.92   	105.88   	 559.51		
-84.53   	-111.39   	108.12   	 361.14		
-83.62   	-110.17   	109.56   	 -66.12		
-82.70   	-108.34   	109.30   	-249.24		
-81.48   	-106.51   	108.30   	 -15.26		
-80.26   	-104.68   	108.24   	 590.03		
-79.04   	-102.54   	110.60   	1119.02		
-77.82   	-101.01   	115.08   	 783.31		
-77.21   	-99.49   	118.21   	  15.26		
-76.29   	-97.66   	118.27   	-361.14		
-74.77   	-95.21   	116.83   	 -91.56		
-72.63   	-92.47   	116.46   	 503.56		
-69.89   	-89.11   	118.47   	 773.14		
-67.14   	-85.75   	121.57   	 427.26		
-64.70   	-82.70   	123.28   	 -55.95		
-62.26   	-79.35   	123.05   	  55.95		
-60.12   	-75.68   	123.28   	 498.47		
-57.37   	-70.80   	125.27   	 315.36		
-54.02   	-65.61   	126.53   	  71.21		
-50.35   	-60.42   	126.82   	-147.51		
-46.39   	-55.54   	126.23   	-371.31		
-42.11   	-50.66   	124.74   	-147.51		
-37.54   	-46.08   	124.15   	 -10.17		
-32.96   	-40.89   	124.11   	 157.68		
-28.38   	-35.40   	124.74   	 188.20		
-24.11   	-29.30   	125.49   	 -35.61		
-19.53   	-22.28   	125.35   	-116.99		
-14.95   	-14.95   	124.88   	 -86.47		
-10.07   	 -7.02   	124.54   	   5.09		
 -4.27   	  1.22   	124.56   	 157.68		
  2.14   	 10.99   	125.19   	 239.06		
  9.46   	 21.67   	126.14   	 228.89		
 16.78   	 33.26   	127.06   	 178.03		
 23.50   	 43.95   	127.77   	  45.78		
 28.38   	 53.10   	127.95(S)	-111.90		
 31.74   	 59.81   	127.51   	-157.68		
 33.87   	 63.78   	126.88   	-122.07		
 34.48   	 65.00   	126.39   	 -30.52		
 33.26   	 63.17   	126.27   	  30.52		
 29.91   	 58.90   	126.39   	 -25.43		
 25.02   	 52.80   	126.29   	 -61.04		
 19.23   	 46.39   	126.04   	-101.73		
 13.43   	 39.67   	125.64   	-147.51		
  7.32   	 32.65   	125.05   	-122.07		
  0.00   	 24.72   	124.56   	-152.59		
 -7.63   	 15.87   	123.95   	-223.80		
-15.56   	  6.10   	123.05   	-157.68		
-22.28   	 -3.05   	122.42   	 -76.30		
-27.16   	-10.38   	122.12   	 -50.86		
-30.82   	-16.48   	121.91   	 -86.47		
-33.57   	-21.67   	121.57   	-172.94		
-36.01   	-26.86   	120.87   	-340.79		
-38.45   	-32.04   	119.51   	-498.47		
-40.59   	-36.62   	117.52   	-569.68		
-41.50   	-39.98   	115.24   	-544.25		
-42.11   	-42.42   	113.06   	-513.73		
-41.50   	-43.64   	111.01   	-528.99		
-40.28   	-44.56   	108.89   	-574.77		
-38.15   	-45.17   	106.59   	-447.61		
-35.71   	-45.47   	104.80   	 137.33		
-33.57   	-45.78   	105.35   	 707.02		
-32.65   	-46.39   	108.18   	 778.23		
-32.35   	-47.61   	111.29   	 666.32		
-32.65   	-48.83   	113.96   	 167.85		
-32.96   	-50.05   	114.63   	-473.04		
-32.96   	-51.57   	112.74   	-473.04		
-32.65   	-52.80   	110.84   	-401.83		
-32.35   	-53.41   	109.24   	-447.61		
-32.04   	-52.80   	107.45   	-305.19		
-32.04   	-51.88   	106.23   	-254.32		
-32.35   	-50.96   	105.21   	-127.16		
-32.96   	-50.35   	104.70   	 122.07		
-33.57   	-50.05   	105.19   	 264.50		
-33.57   	-49.13   	106.25   	 254.32		
-33.57   	-48.22   	107.26   	  50.86		
-33.26   	-46.69   	107.47   	-244.15		
-32.65   	-44.86   	106.49   	-406.92		
-32.35   	-43.33   	104.86   	-376.40		
-32.35   	-41.81   	103.36   	-284.84		
-32.96   	-40.89   	102.22   	-223.80		
-34.18   	-40.28   	101.32   	-218.72		
-35.71   	-39.98   	100.45   	-218.72		
-37.23   	-39.67   	 99.57   	-208.54		
-38.15   	-39.06   	 98.74   	-208.54		
-38.45   	-38.15   	 97.90   	-203.46		
-39.06   	-36.93   	 97.09   	-183.11		
-39.67   	-35.40   	 96.36   	-162.77		
-40.59   	-34.18   	 95.71   	-132.25		
-42.42   	-33.87   	 95.18   	 -71.21		
-44.86   	-35.40   	 94.89   	 -25.43		
-47.61   	-37.84   	 94.79   	   0.00		
-49.74   	-39.98   	 94.79   	  30.52		
-50.05   	-40.59   	 94.91   	  50.86		
-49.13   	-40.28   	 95.12   	  66.12		
-47.91   	-40.28   	 95.38   	  76.30		
-47.00   	-40.89   	 95.69   	  30.52		
-47.30   	-42.72   	 95.81   	 -25.43		
-48.83   	-44.56   	 95.71   	 -35.61		
-50.96   	-46.39   	 95.56   	 -61.04		
-52.49   	-47.91   	 95.32   	 -86.47		
-53.71   	-49.44   	 94.97   	 -91.56		
-54.02   	-50.35   	 94.61   	 -76.30		
-54.02   	-50.05   	 94.30   	 -66.12		
-54.32   	-48.52   	 94.04   	 -66.12		
-54.63   	-46.08   	 93.77   	 -86.47		
-54.93   	-43.95   	 93.43   	-142.42		
-54.32   	-43.03   	 92.86   	-213.63		
-53.71   	-43.33   	 92.00   	-279.75		
-53.41   	-44.86   	 90.88   	-295.01		
-54.02   	-47.00   	 89.70   	-259.41		
-56.15   	-49.13   	 88.67   	-249.24		
-59.20   	-50.66   	 87.67   	-325.53		
-61.34   	-51.27   	 86.37   	-401.83		
-61.95   	-50.96   	 84.76   	-361.14		
-61.04   	-49.44   	 83.32   	-172.94		
-59.81   	-47.61   	 82.62   	   0.00		
-59.51   	-46.69   	 82.62   	  50.86		
-60.42   	-45.78   	 82.83   	  15.26		
-61.34   	-44.86   	 82.89   	 -45.78		
-61.34   	-42.72   	 82.71   	 -91.56		
-60.73   	-40.28   	 82.34   	 -91.56		
-59.81   	-38.15   	 81.97   	-111.90		
-59.20   	-36.93   	 81.53   	-178.03		
-59.51   	-37.54   	 80.81   	-106.82		
-60.73   	-38.76   	 80.39   	 167.85		
-61.95   	-39.67   	 81.06   	 371.31		
-63.17   	-39.98   	 82.54   	 284.84		
-63.78   	-39.37   	 83.68   	  76.30		
-63.48   	-38.15   	 83.99   	 -45.78		
-62.56   	-36.01   	 83.80   	 -96.64		
-61.34   	-33.57   	 83.42   	-137.33		
-60.42   	-32.04   	 82.87   	-254.32		
-60.73   	-32.04   	 81.85   	-386.57		
-61.95   	-33.87   	 80.30   	-361.14		
-63.48   	-36.01   	 78.86   	 -45.78		
-64.09   	-36.62   	 78.68   	 335.71		
-63.17   	-35.10   	 80.02   	 467.95		
-62.26   	-32.04   	 81.89   	 239.06		
-61.95   	-29.60   	 82.85   	-208.54		
-62.87   	-28.69   	 82.01   	-554.42		
-64.09   	-29.30   	 79.80   	-635.81		
-64.39   	-30.21   	 77.25   	-442.52		
-63.78   	-31.13   	 75.48   	-142.42		
-62.87   	-31.43   	 74.91   	  71.21		
-62.56   	-30.82   	 75.20   	 142.42		
-62.87   	-30.21   	 75.77   	  81.38		
-63.17   	-28.69   	 76.09   	  -5.09		
-62.87   	-26.55   	 76.07   	  20.35		
-61.65   	-23.80   	 76.15   	 132.25		
-60.73   	-21.97   	 76.68   	 162.77		
-60.42   	-20.14   	 77.33   	  76.30		
-60.42   	-18.31   	 77.64   	 -45.78		
-60.12   	-14.65   	 77.46   	-137.33		
-58.59   	 -9.16   	 76.91   	-162.77		
-55.54   	 -2.75   	 76.26   	-152.59		
-50.96   	  3.36   	 75.65   	-111.90		
-46.08   	  7.32   	 75.20   	 -40.69		
-41.20   	  9.46   	 75.04   	  20.35		
-36.62   	 10.99   	 75.12   	  45.78		
-33.57   	 12.82   	 75.30   	  86.47		
-31.74   	 16.17   	 75.65   	 178.03		
-29.91   	 20.45   	 76.36   	 167.85		
-26.86   	 24.72   	 77.03   	 -76.30		
-21.06   	 27.47   	 76.72   	-335.71		
-13.12   	 28.08   	 75.38   	-539.16		
 -6.10   	 25.63   	 73.22   	-625.63		
 -2.75   	 20.75   	 70.72   	-584.94		
 -4.88   	 13.12   	 68.38   	-493.39		
-13.43   	  4.27   	 66.41   	-396.74		
-25.33   	 -3.05   	 64.82   	-305.19		
-34.48   	 -5.49   	 63.60   	-208.54		
-35.71   	 -1.53   	 62.77   	 -71.21		
-27.77   	  6.71   	 62.48   	 116.99		
-16.78   	 14.34   	 62.95   	 315.36		
-10.99   	 16.78   	 64.21   	 396.74		
-14.65   	 12.82   	 65.80   	 381.48		
-22.58   	  4.88   	 67.32   	 244.15		
-25.33   	 -3.36   	 68.30   	  45.78		
-18.62   	 -9.16   	 68.48   	 -66.12		
 -7.63   	-11.90   	 68.22   	 -35.61		
 -3.05   	-13.12   	 68.08   	 127.16		
-10.38   	-14.95   	 68.59   	 295.01		
-21.67   	-18.01   	 69.77   	 462.87		
-23.80   	-21.67   	 71.62   	 554.42		
-10.07   	-25.63   	 73.83   	 381.48		
 13.73   	-28.99   	 75.36   	-122.07		
 31.74   	-32.65   	 74.87   	-712.10		
 29.91   	-36.93   	 72.02   	-1098.67		
 10.07   	-39.98   	 67.63   	-1210.58		
-14.65   	-40.89   	 62.79   	-1057.98		
-30.82   	-38.15   	 58.56   	-574.77		
-32.04   	-33.87   	 56.26   	 157.68		
-24.11   	-30.82   	 56.89   	 844.35		
-16.78   	-31.13   	 60.26   	1261.44		
-17.09   	-34.79   	 65.31   	1220.75		
-23.19   	-39.67   	 70.19   	 854.52		
-31.13   	-43.33   	 73.61   	 386.57		
-38.15   	-43.95   	 75.16   	 -20.35		
-43.64   	-40.89   	 75.08   	-254.32		
-49.13   	-34.48   	 74.06   	-325.53		
-54.02   	-27.47   	 72.76   	-269.58		
-56.15   	-22.28   	 71.68   	-132.25		
-52.80   	-20.14   	 71.15   	  55.95		
-45.17   	-20.75   	 71.37   	 188.20		
-36.01   	-22.28   	 72.13   	 254.32		
-28.99   	-23.50   	 73.14   	 213.63		
-27.16   	-23.19   	 74.00   	  30.52		
-29.91   	-21.67   	 74.12   	-233.98		
-33.87   	-20.45   	 73.18   	-473.04		
-36.93   	-19.53   	 71.29   	-707.02		
-38.15   	-19.23   	 68.46   	-869.78		
-36.01   	-18.92   	 64.98   	-874.87		
-29.60   	-18.31   	 61.49   	-737.54		
-21.06   	-17.09   	 58.53   	-473.04		
-14.34   	-15.26   	 56.64   	-213.63		
-15.56   	-11.90   	 55.79(D)	 -35.61		
-30.52   	 -4.58   	 55.65   	  66.12		
-57.68   	  8.85   	 55.91   	 213.63		
-86.98   	 29.60   	 56.76   	 432.35		
-101.62   	 63.48   	 58.49   	 584.94		
-78.43   	123.29   	 60.83   	 554.42		
  7.63   	227.36   	 63.05   	 447.61		
172.73   	390.32   	 64.84   	 320.45		
412.29   	612.18   	 66.12   	 111.90		
695.80   	864.87   	 66.57   	 -86.47		
970.15   	1098.94   	 66.23   	-178.03		
1178.89   	1254.88   	 65.51   	-208.54		
1280.82   	1286.93(R)	 64.68   	-259.41		
1262.21   	1180.73   	 63.64   	-289.93		
1132.20   	962.83   	 62.48   	-233.98		
914.31   	695.19   	 61.55   	-152.59		
646.67   	448.61   	 60.94   	 -71.21		
380.55   	274.05   	 60.65   	   5.09		
166.93   	180.97   	 60.67   	  35.61		
 38.45   	141.91   	 60.81   	  15.26		
 -5.19   	117.49   	 60.87   	  35.61		
  0.92   	 80.87   	 61.02   	 188.20		
 12.21   	 29.60   	 61.77   	 366.22		
  3.05   	-21.36   	 63.23   	 442.52		
-23.50   	-56.46   	 65.00   	 488.30		
-50.05   	-71.72   	 66.96   	 584.94		
-64.09   	-74.16   	 69.30   	 691.76		
-66.22   	-75.07   	 72.06   	 788.40		
-64.70   	-81.48   	 75.22   	 839.26		
-66.83   	-92.16   	 78.58   	 793.49		
-72.02   	-102.84   	 81.75   	 793.49		
-75.99   	-108.64   	 84.92   	 961.34		
-76.29   	-109.25   	 88.77   	1174.97		
-73.24   	-106.81   	 93.47   	1164.80		
-68.66   	-104.68   	 98.13   	 900.30		
-65.00   	-103.76   	101.73   	 666.32		
-62.87   	-104.37   	104.39   	 356.05		
-61.65   	-105.29   	105.82   	-157.68		
-60.73   	-105.59   	105.19   	-595.11		
-59.51   	-106.51   	102.81   	-1103.76		
-58.90   	-109.25   	 98.39   	-1210.58		
-59.81   	-113.53   	 93.55   	-696.84		
-62.26   	-118.41   	 90.76   	-223.80		
-65.00   	-122.07   	 89.87   	 503.56		
-65.61   	-122.07   	 91.88   	1225.83		
-63.17   	-119.02   	 96.78   	1078.33		
-59.20   	-115.05   	101.10   	 376.40		
-55.85   	-112.00   	102.60   	 228.89		
-54.02   	-110.47   	103.52   	 666.32		
-53.71   	-110.17   	106.18   	 966.43		
-54.02   	-109.86   	110.05   	1052.90		
-54.02   	-108.95   	114.26   	 971.51		
-53.10   	-107.42   	118.15   	 874.87		
-51.57   	-105.59   	121.65   	 142.42		
-50.35   	-104.37   	122.22   	-930.82		
-49.74   	-103.76   	118.49   	-1134.28		
-49.13   	-103.15   	113.96   	-600.20		
-49.13   	-102.23   	111.56   	 366.22		
-49.13   	-100.71   	113.02   	 768.05		
-49.44   	-98.57   	116.09   	 437.43		
-49.13   	-96.74   	117.84   	 233.98		
-47.61   	-94.91   	118.78   	 198.37		
-45.17   	-93.08   	119.57   	 183.11		
-42.11   	-90.64   	120.30   	-122.07		
-39.67   	-87.89   	119.82   	-422.18		
-37.54   	-84.23   	118.13   	-300.10		
-35.40   	-79.96   	116.93   	  40.69		
-32.65   	-74.77   	117.09   	 274.67		
-29.30   	-69.58   	118.19   	 391.66		
-25.33   	-64.39   	119.76   	 432.35		
-21.36   	-59.20   	121.48   	 361.14		
-17.09   	-53.71   	122.93   	 106.82		
-12.82   	-47.30   	123.36   	 -61.04		
 -8.54   	-40.59   	123.11   	  15.26		
 -3.97   	-33.26   	123.17   	  50.86		
  1.83   	-25.02   	123.38   	  15.26		
  9.16   	-15.56   	123.44   	  66.12		
 16.78   	 -5.49   	123.70   	  30.52		
 24.11   	  5.19   	123.82   	 -30.52		
 29.60   	 15.56   	123.70   	   5.09		
 33.57   	 24.72   	123.72   	  20.35		
 36.32   	 32.96   	123.80   	   5.09		
 38.76   	 39.98   	123.82   	  61.04		
 41.20   	 45.78   	124.07   	  71.21		
 43.03   	 48.83   	124.35   	  20.35		
 42.72   	 48.83   	124.43   	 -61.04		
 39.98   	 45.78   	124.19   	-127.16		
 34.79   	 39.98   	123.68   	 -81.38		
 28.38   	 32.04   	123.36   	 -50.86		
 21.97   	 23.50   	123.15   	 -86.47		
 16.17   	 15.26   	122.81   	  50.86		
 11.29   	  8.24   	123.01   	 254.32		
  7.02   	  2.75   	124.03   	 167.85		
  2.75   	 -2.75   	124.70(S)	 -96.64		
 -2.44   	 -9.16   	124.31   	-218.72		
 -7.93   	-17.09   	123.44   	-254.32		
-12.82   	-25.33   	122.42   	-371.31		
-16.48   	-32.65   	120.94   	-493.39		
-19.23   	-38.15   	118.96   	-569.68		
-21.36   	-42.11   	116.68   	-666.32		
-23.80   	-45.78   	114.02   	-778.23		
-26.86   	-50.05   	110.90   	-778.23		
-29.30   	-54.63   	107.79   	-610.37		
-30.52   	-58.29   	105.35   	-462.87		
-30.21   	-59.81   	103.50   	-356.05		
-28.99   	-58.90   	102.07   	-147.51		
-28.08   	-56.46   	101.48   	 361.14		
-27.47   	-54.63   	102.93   	 854.52		
-27.16   	-54.02   	106.35   	 824.00		
-27.47   	-55.85   	109.64   	 549.34		
-27.47   	-58.90   	111.84   	  55.95		
-28.08   	-61.95   	112.06   	-478.13		
-28.38   	-64.39   	110.15   	-493.39		
-28.38   	-65.92   	108.18   	-427.26		
-27.77   	-67.14   	106.47   	-447.61		
-27.16   	-67.75   	104.68   	-289.93		
-26.55   	-67.44   	103.52   	-162.77		
-26.55   	-65.92   	102.87   	  -5.09		
-27.16   	-62.87   	102.85   	 142.42		
-28.08   	-60.12   	103.42   	  86.47		
-28.38   	-58.59   	103.76   	 -81.38		
-28.38   	-58.90   	103.44   	-264.50		
-28.08   	-60.42   	102.38   	-361.14		
-27.47   	-61.04   	100.94   	-101.73		
-26.55   	-59.81   	100.53   	1124.11		
-25.63   	-57.37   	105.03   	2146.48		
-25.02   	-54.32   	113.61   	1683.61		
-25.33   	-52.80   	120.35   	-284.84		
-26.25   	-52.19   	119.21   	-2594.09		
-27.47   	-52.19   	108.83   	-3728.37		
-28.69   	-51.57   	 93.92   	-3489.30		
-29.60   	-50.35   	 79.96   	-2405.89		
-29.60   	-48.83   	 70.34   	-986.77		
-29.30   	-47.61   	 66.39   	 696.84		
-28.99   	-47.91   	 69.18   	2156.65		
-29.30   	-50.66   	 77.80   	2945.05		
-30.21   	-55.85   	 89.58   	2802.63		
-31.74   	-60.73   	100.79   	1714.13		
-33.57   	-62.87   	107.65   	 122.07		
-34.18   	-60.42   	108.14   	-188.20		
-34.18   	-54.63   	107.39   	  40.69		
-33.87   	-48.52   	107.55   	-483.21		
-34.18   	-46.39   	105.62   	-1129.19		
-35.71   	-48.83   	101.10   	-798.57		
-37.54   	-54.32   	 97.90   	-300.10		
-38.76   	-58.59   	 96.70   	-442.52		
-40.28   	-59.51   	 94.93   	-559.51		
-43.33   	-56.15   	 92.70   	-289.93		
-48.52   	-51.27   	 91.54   	   5.09		
-54.63   	-47.00   	 91.56   	  71.21		
-58.29   	-44.25   	 91.84   	-122.07		
-57.98   	-42.42   	 91.35   	-279.75		
-54.02   	-40.59   	 90.23   	-320.45		
-49.44   	-37.84   	 88.95   	-651.07		
-47.30   	-35.40   	 86.35   	-991.86		
-48.52   	-34.79   	 82.38   	-1103.76		
-51.57   	-36.93   	 77.97   	-910.47		
-54.02   	-40.89   	 74.32   	-503.56		
-55.24   	-44.86   	 72.31   	  66.12		
-54.32   	-46.39   	 72.57   	 625.63		
-53.41   	-45.17   	 75.08   	 981.68		
-52.49   	-43.33   	 79.00   	1073.24		
-51.88   	-42.72   	 83.30   	 910.47		
-51.88   	-43.64   	 86.94   	 554.42		
-52.19   	-44.86   	 89.16   	 132.25		
-52.19   	-44.86   	 89.68   	-315.36		
-51.88   	-43.03   	 88.42   	-1393.69		
-51.57   	-40.89   	 82.85   	-2319.42		
-50.96   	-39.98   	 73.57   	-1464.90		
-50.35   	-40.59   	 67.71   	 188.20		
-50.35   	-41.20   	 68.46   	1988.80		
-50.96   	-39.67   	 76.42   	2726.34		
-51.88   	-35.40   	 87.32   	2288.90		
-52.80   	-29.91   	 96.48   	1119.02		
-53.10   	-24.72   	100.96   	-350.97		
-53.41   	-20.75   	 99.55   	-1698.87		
-53.41   	-18.92   	 92.76   	-2283.82		
-53.10   	-18.31   	 83.62   	-2278.73		
-51.27   	-18.31   	 74.51   	-1688.70		
-47.91   	-17.09   	 67.75   	-523.90		
-43.03   	-14.95   	 65.66   	 493.39		
-37.54   	-11.60   	 67.63   	1195.32		
-33.26   	 -8.54   	 72.41   	2095.62		
-29.91   	 -5.49   	 80.79   	2248.21		
-27.47   	 -3.05   	 89.79   	 859.61		
-25.94   	  0.00   	 93.22   	-666.32		
-25.94   	  4.88   	 90.56   	-1169.88		
-26.86   	 10.99   	 85.88   	-1642.92		
-28.08   	 17.70   	 79.31   	-2502.53		
-27.77   	 22.28   	 69.30   	-2884.02		
-25.63   	 22.28   	 57.76   	-2436.41		
-22.58   	 16.48   	 48.02   	-1347.91		
-21.36   	  6.10   	 42.62   	-640.89		
-23.80   	 -3.05   	 40.06   	-269.58		
-28.99   	 -6.10   	 38.98   	1912.51		
-33.87   	 -2.44   	 46.63   	4008.12		
-36.32   	  5.49   	 62.67   	4827.04		
-34.48   	 11.90   	 81.97   	4827.04		
-30.21   	 12.82   	101.28   	1917.59		
-25.94   	  8.85   	108.95   	-1871.81		
-24.41   	  1.83   	101.46   	-3463.87		
-26.55   	 -4.88   	 87.61   	-3179.03		
-30.82   	 -9.46   	 74.89   	-2090.53		
-33.87   	-10.99   	 66.53   	-549.34		
-34.18   	-11.29   	 64.33   	 223.80		
-31.13   	-12.82   	 65.23   	-747.71		
-26.25   	-17.09   	 62.24   	-859.61		
-21.36   	-23.19   	 58.80   	 437.43		
-17.70   	-28.69   	 60.55   	 478.13		
-15.56   	-31.74   	 62.46   	 -81.38		
-15.26   	-33.57   	 62.14   	-147.51		
-18.31   	-36.62   	 61.55   	-213.63		
-25.02   	-42.11   	 60.69   	  35.61		
-34.18   	-47.61   	 60.83   	1047.81		
-42.42   	-49.74   	 65.03   	1678.53		
-47.61   	-47.00   	 71.74   	 666.32		
-49.44   	-42.72   	 74.40   	-768.05		
-48.52   	-40.89   	 71.33   	-1119.02		
-46.69   	-43.64   	 66.86   	-244.15		
-44.86   	-48.22   	 65.88   	-925.73		
-43.33   	-51.88   	 62.18   	-3468.96		
-42.11   	-52.19   	 48.30   	-3880.96		
-41.50   	-50.05   	 32.78   	-3123.08		
-41.50   	-47.61   	 20.28   	-2431.32		
-41.50   	-46.69   	 10.56   	-4526.94		
-41.50   	-47.30   	 -7.55   	-17736.45		
-40.89   	-48.83   	-78.49   	-22894.11		
-39.06   	-49.74   	-170.07   	-2873.84		
-36.93   	-50.35   	-181.57   	9684.60		
-35.40   	-50.96   	-142.83   	6948.09		
-35.40   	-52.19   	-115.04   	10177.99		
-35.71   	-53.41   	-74.32   	11103.72		
-35.40   	-54.02   	-29.91   	9359.07		
-33.57   	-52.19   	  7.53   	11586.93		
-31.43   	-48.52   	 53.88   	7558.46		
-29.91   	-44.86   	 84.11   	2380.46		
-30.21   	-43.64   	 93.63   	-254.32		
-31.74   	-46.08   	 92.61   	-4226.84		
-32.96   	-50.05   	 75.71   	-2538.14		
-33.57   	-52.80   	 65.55   	  15.26		
-34.79   	-51.57   	 65.62   	-1241.09		
-39.98   	-44.25   	 60.65   	-1820.95		
-52.80   	-32.04   	 53.37   	-1586.97		
-71.11   	-16.17   	 47.02   	-1658.18		
-84.53   	  6.71   	 40.39   	-4252.27		
-72.02   	 51.27   	 23.38   	-6103.74		
 -4.27   	140.69   	 -1.04   	-3153.60		
141.91   	296.02   	-13.65   	 -40.69		
366.82   	519.71   	-13.81   	-778.23		
640.87   	784.91   	-16.93   	-1017.29		
908.81   	1038.51   	-21.00   	 239.06		
1111.76   	1220.09   	-20.04   	 127.16		
1207.28   	1281.74(R)	-19.53   	1119.02		
1184.08   	1206.67   	-15.06   	3596.12		
1056.52   	1017.46   	 -0.67   	6195.30		
849.61   	766.30   	 24.11   	5462.85		
599.67   	517.27   	 45.96   	1897.25		
351.56   	320.43   	 53.55   	-2166.83		
151.37   	192.87   	 44.88   	-4603.24		
 30.21   	120.24   	 26.47   	-4318.40		
 -9.77   	 74.77   	  9.20   	-1902.33		
  0.00   	 32.96   	  1.59   	-356.05		
 15.87   	-12.82   	  0.16   	-1810.78		
 10.38   	-56.76   	 -7.08   	-2634.78		
-14.34   	-90.03   	-17.62   	-747.71		
-41.50   	-109.25   	-20.61   	1953.20		
-56.15   	-117.80   	-12.80   	2970.49		
-57.68   	-122.38   	 -0.92   	2293.99		
-54.32   	-127.56   	  8.26   	2919.62		
-54.32   	-135.50   	 19.94   	4572.72		
-58.90   	-143.43   	 38.23   	2421.15		
-64.39   	-149.84   	 47.91   	-1312.30		
-67.44   	-153.20   	 42.67   	-452.69		
-67.75   	-154.42   	 40.85   	3056.96		
-66.22   	-155.64   	 53.08   	3168.86		
-64.70   	-156.25   	 65.76   	  20.35		
-63.48   	-156.56   	 65.84   	-1627.66		
-63.17   	-157.17   	 59.33   	-498.47		
-63.48   	-157.47   	 57.33   	3382.49		
-63.48   	-157.78   	 70.86   	7497.43		
-62.87   	-157.47   	100.85   	4292.96		
-61.95   	-156.86   	118.03   	 605.29		
-60.42   	-155.64   	120.45   	1810.78		
-58.90   	-153.50   	127.69   	1495.42		
-56.76   	-151.37   	133.67   	6449.62		
-54.93   	-148.62   	159.47   	8611.36		
-53.10   	-146.48   	193.92   	1449.64		
-51.88   	-144.35   	199.71   	1546.28		
-51.27   	-142.82   	205.90   	 111.90		
-51.27   	-141.30   	206.35   	-1856.55		
-51.27   	-140.08   	198.92   	2258.38		
-50.66   	-139.16   	207.95   	2685.65		
-50.05   	-138.55   	218.70   	-1744.65		
-49.13   	-138.85   	211.72   	-254.32		
-48.52   	-139.47   	210.70   	3636.81		
-47.91   	-140.08   	225.25   	2889.10		
-47.00   	-139.47   	236.80   	1007.12		
-46.08   	-137.94   	240.83   	3077.30		
-44.86   	-135.50   	253.14   	3301.11		
-43.95   	-133.06   	266.35   	3280.76		
-43.64   	-130.92   	279.47   	6703.94		
-43.33   	-129.09   	306.29   	4969.46		
-42.72   	-127.56   	326.16   	2034.58		
-42.11   	-125.12   	334.30   	5137.31		
-40.28   	-121.46   	354.85   	5020.33		
-38.15   	-117.19   	374.93   	-1673.44		
-35.40   	-112.30   	368.24   	-4526.94		
-32.04   	-107.42   	350.13   	-9170.87		
-28.69   	-102.54   	313.45   	-18947.03		
-25.02   	-97.96   	237.66   	-16413.97		
-21.67   	-93.08   	172.00   	-9516.75		
-18.31   	-88.20   	133.94   	-6958.26		
-14.95   	-83.01   	106.10   	-2731.42		
-10.99   	-76.90   	 95.18   	 946.08		
 -6.71   	-69.58   	 98.96   	1149.54		
 -1.83   	-61.34   	103.56   	1322.48		
  3.36   	-52.19   	108.85   	1648.01		
  9.16   	-42.72   	115.44   	1236.01		
 14.95   	-33.26   	120.39   	 803.66		
 20.75   	-24.11   	123.60   	-254.32		
 25.63   	-14.95   	122.58   	-1363.17		
 28.99   	 -6.71   	117.13   	-1083.41		
 30.52   	 -0.31   	112.80   	-539.16		
 30.52   	  4.27   	110.64   	  81.38		
 28.38   	  5.49   	110.97   	1098.67		
 25.33   	  4.27   	115.36   	1403.86		
 21.06   	  0.92   	120.98   	1139.36		
 15.56   	 -3.97   	125.53   	1658.18		
  9.46   	 -9.46   	132.17   	1088.50		
  3.05   	-15.26   	136.52   	-1164.80		
 -3.36   	-21.67   	131.86   	-2705.99		
-10.07   	-28.69   	121.04   	-3168.86		
-16.48   	-36.01   	108.36   	-3265.50		
-22.89   	-42.42   	 95.30   	-2039.67		
-27.77   	-47.61   	 87.14   	-417.09		
-31.74   	-51.88   	 85.47   	 930.82		
-34.18   	-55.24   	 89.20   	1648.01		
-36.01   	-58.29   	 95.79   	1993.89		
-37.54   	-61.04   	103.76   	1373.34		
-39.37   	-63.78   	109.26   	 264.50		
-40.89   	-66.22   	110.31   	-142.42		
-42.42   	-68.36   	109.75   	-132.25		
-42.72   	-70.50   	109.22   	 -45.78		
-42.11   	-71.72   	109.03   	  86.47		
-40.89   	-72.33   	109.38   	 244.15		
-39.98   	-72.33   	110.36   	 417.09		
-39.37   	-72.63   	112.02   	 518.82		
-39.67   	-73.24   	114.10   	 528.99		
-39.98   	-73.55   	116.22   	 289.93		
-39.98   	-73.85   	117.37   	-122.07		
-39.67   	-73.85   	116.89   	-371.31		
-39.37   	-73.24   	115.40   	-340.79		
-39.67   	-72.33   	114.04   	-366.22		
-40.59   	-71.41   	112.57   	  N/A		
