  I     	  II     	  PW     	  PW'		
-87.89   	-118.10   	 10.17(A)	 249.24		
-86.06   	-115.66   	 11.17   	 523.90		
-84.53   	-114.44   	 13.27   	 661.24		
-84.23   	-114.44   	 15.91   	 488.30		
-84.84   	-114.44   	 17.86   	 152.59		
-85.75   	-113.83   	 18.47   	-284.84		
-85.75   	-113.53   	 17.33   	-610.37		
-84.84   	-113.83   	 14.89   	-630.72		
-83.62   	-114.75   	 12.37   	-467.95		
-82.70   	-115.36   	 10.50   	-244.15		
-81.79   	-115.36   	  9.52   	  45.78		
-81.18   	-115.36   	  9.70   	 295.01		
-79.96   	-115.36   	 10.89   	 361.14		
-78.43   	-115.66   	 12.33   	 300.10		
-75.99   	-115.05   	 13.53   	 178.03		
-72.94   	-112.30   	 14.24   	   5.09		
-70.19   	-107.12   	 14.26   	-106.82		
-68.05   	-101.01   	 13.84   	-167.85		
-66.83   	-95.83   	 13.16   	-203.46		
-65.92   	-91.86   	 12.35   	-157.68		
-64.70   	-89.42   	 11.72   	 -66.12		
-63.17   	-87.28   	 11.45   	   5.09		
-61.65   	-85.45   	 11.48   	  50.86		
-60.12   	-84.23   	 11.68   	  25.43		
-58.90   	-83.01   	 11.78   	 -66.12		
-57.68   	-81.18   	 11.52   	-127.16		
-56.46   	-78.13   	 11.01   	 -96.64		
-54.93   	-73.55   	 10.62   	 -76.30		
-52.80   	-68.97   	 10.32   	 -71.21		
-49.74   	-65.31   	 10.03   	  -5.09		
-46.08   	-62.87   	 10.01   	  66.12		
-42.72   	-60.73   	 10.27   	  66.12		
-39.37   	-57.07   	 10.54   	  50.86		
-35.40   	-51.57   	 10.74   	  30.52		
-30.82   	-44.56   	 10.86   	  -5.09		
-25.63   	-36.93   	 10.84   	 -61.04		
-19.84   	-28.99   	 10.60   	 -76.30		
-14.34   	-21.97   	 10.29   	 -40.69		
 -9.16   	-15.56   	 10.13   	  25.43		
 -3.66   	 -8.54   	 10.23   	  76.30		
  2.75   	  0.00   	 10.54   	  86.47		
 10.38   	 10.99   	 10.89   	  91.56		
 18.92   	 23.50   	 11.25   	  86.47		
 27.77   	 37.23   	 11.60   	  30.52		
 36.01   	 50.66   	 11.72   	 -50.86		
 43.33   	 61.95   	 11.52   	 -81.38		
 49.13   	 71.11   	 11.19   	 -50.86		
 53.10   	 77.82   	 10.99   	 -25.43		
 54.93   	 81.48   	 10.89   	 -20.35		
 53.71   	 82.09   	 10.80   	 -25.43		
 49.13   	 80.57   	 10.70   	 -10.17		
 41.81   	 76.90   	 10.66   	 -20.35		
 33.57   	 72.02   	 10.58   	 -30.52		
 25.63   	 65.61   	 10.46   	   0.00		
 18.62   	 57.68   	 10.46   	  15.26		
 11.60   	 48.22   	 10.52   	 -25.43		
  4.27   	 37.54   	 10.42   	 -30.52		
 -3.97   	 26.25   	 10.29   	  -5.09		
-12.82   	 15.26   	 10.27   	   0.00		
-21.06   	  4.88   	 10.27   	 -10.17		
-28.38   	 -4.58   	 10.23   	   0.00		
-34.79   	-13.73   	 10.23   	  15.26		
-39.37   	-21.67   	 10.29   	  20.35		
-42.11   	-28.08   	 10.38   	   0.00		
-43.64   	-32.96   	 10.38   	 -15.26		
-44.56   	-36.01   	 10.32   	  -5.09		
-45.17   	-38.45   	 10.29   	   5.09		
-45.47   	-40.28   	 10.32   	   5.09		
-45.47   	-41.20   	 10.34   	  10.17		
-44.86   	-41.50   	 10.38   	  45.78		
-44.25   	-41.81   	 10.56   	  50.86		
-44.86   	-42.11   	 10.76   	  10.17		
-46.08   	-42.72   	 10.80   	 -50.86		
-47.00   	-43.03   	 10.60   	-172.94		
-47.00   	-42.72   	  9.91   	-442.52		
-45.17   	-41.50   	  8.14   	-635.81		
-43.03   	-40.59   	  5.60   	-513.73		
-41.50   	-40.59   	  3.54   	-295.01		
-41.81   	-41.81   	  2.36   	 157.68		
-43.03   	-43.64   	  2.99   	1088.50		
-44.56   	-45.47   	  7.34   	1546.28		
-45.78   	-47.61   	 13.53   	1007.12		
-47.00   	-49.44   	 17.56   	 803.66		
-47.30   	-50.35   	 20.77   	 712.10		
-47.00   	-49.13   	 23.62   	-498.47		
-45.17   	-46.39   	 21.63   	-1785.34		
-43.33   	-43.64   	 14.49   	-1648.01		
-42.42   	-42.42   	  7.89   	-839.26		
-42.72   	-43.64   	  4.54   	-391.66		
-43.95   	-46.69   	  2.97   	-106.82		
-44.25   	-50.05   	  2.54   	 340.79		
-43.33   	-51.57   	  3.91   	 844.35		
-41.81   	-51.27   	  7.28   	1002.03		
-40.59   	-49.44   	 11.29   	 707.02		
-40.59   	-47.30   	 14.12   	 315.36		
-41.81   	-45.47   	 15.38   	 -25.43		
-43.03   	-43.95   	 15.28   	-350.97		
-43.03   	-42.72   	 13.88   	-528.99		
-42.11   	-41.20   	 11.76   	-498.47		
-40.59   	-39.98   	  9.77   	-371.31		
-39.37   	-38.45   	  8.28   	-218.72		
-39.37   	-37.54   	  7.41   	  10.17		
-40.28   	-37.54   	  7.45   	 223.80		
-41.50   	-38.76   	  8.34   	 295.01		
-43.03   	-40.59   	  9.52   	 310.27		
-43.64   	-43.03   	 10.76   	 264.50		
-43.64   	-44.25   	 11.82   	 132.25		
-43.64   	-43.33   	 12.35   	  -5.09		
-43.64   	-40.28   	 12.33   	-122.07		
-43.95   	-36.01   	 11.84   	-188.20		
-44.56   	-33.26   	 11.09   	-137.33		
-45.17   	-33.57   	 10.54   	 -55.95		
-46.39   	-36.93   	 10.32   	   0.00		
-48.52   	-41.50   	 10.32   	  61.04		
-50.66   	-44.86   	 10.56   	  76.30		
-52.49   	-45.78   	 10.86   	  40.69		
-53.41   	-44.25   	 11.03   	  10.17		
-53.10   	-42.42   	 11.07   	 -10.17		
-52.49   	-41.20   	 11.03   	 -55.95		
-52.19   	-41.81   	 10.80   	 -91.56		
-52.19   	-43.33   	 10.44   	 -30.52		
-52.19   	-44.56   	 10.32   	  25.43		
-51.88   	-43.95   	 10.42   	  35.61		
-51.57   	-41.81   	 10.56   	  35.61		
-50.66   	-39.37   	 10.70   	  25.43		
-50.05   	-38.15   	 10.80   	  35.61		
-49.13   	-39.06   	 10.95   	  15.26		
-48.22   	-41.20   	 11.01   	 -30.52		
-47.91   	-43.03   	 10.89   	 -61.04		
-47.91   	-43.64   	 10.64   	 -71.21		
-48.52   	-43.03   	 10.36   	 -61.04		
-49.74   	-42.72   	 10.11   	 -50.86		
-51.27   	-43.03   	  9.91   	 -35.61		
-52.49   	-43.33   	  9.77   	   5.09		
-53.10   	-43.33   	  9.79   	  40.69		
-52.49   	-43.03   	  9.95   	  25.43		
-51.27   	-42.72   	 10.05   	   5.09		
-49.44   	-43.03   	 10.07   	 -15.26		
-47.61   	-42.42   	 10.01   	 -25.43		
-46.39   	-40.28   	  9.91   	 -35.61		
-45.47   	-36.62   	  9.77   	 -35.61		
-44.86   	-32.96   	  9.62   	  -5.09		
-44.86   	-30.52   	  9.60   	  25.43		
-44.86   	-28.99   	  9.70   	  45.78		
-45.17   	-27.77   	  9.89   	  50.86		
-45.47   	-25.33   	 10.09   	  30.52		
-45.47   	-21.06   	 10.21   	  10.17		
-44.86   	-15.56   	 10.25   	 -10.17		
-44.25   	 -9.77   	 10.21   	 -35.61		
-43.95   	 -5.19   	 10.07   	 -25.43		
-44.25   	 -2.14   	  9.97   	 -10.17		
-44.86   	  0.31   	  9.93   	 -15.26		
-45.47   	  2.44   	  9.87   	  -5.09		
-46.39   	  5.80   	  9.85   	  20.35		
-47.00   	 10.07   	  9.93   	 -15.26		
-47.61   	 12.82   	  9.87   	 -71.21		
-48.22   	 12.51   	  9.58   	 -66.12		
-49.13   	  7.93   	  9.32   	 -15.26		
-49.44   	  0.61   	  9.26   	  10.17		
-48.52   	 -6.41   	  9.30   	  40.69		
-45.17   	 -9.77   	  9.46   	  66.12		
-40.59   	 -7.63   	  9.73   	  55.95		
-35.10   	 -0.61   	  9.95   	  30.52		
-27.47   	 21.06   	 10.07   	 -15.26		
-26.25   	 28.38   	 10.01   	 -40.69		
-25.94   	 28.08   	  9.85   	 -66.12		
-26.25   	 19.53   	  9.58   	 -91.56		
-26.55   	  5.19   	  9.22   	 -96.64		
-27.16   	 -8.54   	  8.83   	 -96.64		
-27.16   	-17.09   	  8.44   	 -55.95		
-26.86   	-20.14   	  8.22   	 -30.52		
-26.25   	-19.84   	  8.10   	 -35.61		
-24.72   	-19.53   	  7.96   	 -35.61		
-22.28   	-21.67   	  7.81   	  -5.09		
-18.92   	-26.55   	  7.79   	   0.00		
-16.78   	-34.18   	  7.79   	  20.35		
-18.31   	-44.56   	  7.87   	  40.69		
-25.02   	-55.24   	  8.04   	  55.95		
-35.71   	-62.26   	  8.26   	  61.04		
-47.00   	-63.48   	  8.50   	  66.12		
-54.32   	-59.81   	  8.77   	  71.21		
-55.85   	-55.54   	  9.05   	  96.64		
-53.41   	-54.63   	  9.44   	 106.82		
-50.35   	-57.68   	  9.87   	  40.69		
-49.44   	-61.65   	 10.03   	 -35.61		
-50.05   	-63.48   	  9.89   	 -45.78		
-51.27   	-62.26   	  9.70   	 -35.61		
-51.57   	-59.51   	  9.56   	 -45.78		
-51.57   	-57.68   	  9.38   	 -71.21		
-51.57   	-56.76   	  9.09   	 -86.47		
-51.57   	-57.07   	  8.75   	 -45.78		
-51.88   	-57.68   	  8.57   	  35.61		
-52.49   	-58.59   	  8.71   	 132.25		
-53.10   	-59.51   	  9.24   	 188.20		
-54.02   	-59.81   	  9.99   	 213.63		
-54.32   	-58.90   	 10.84   	 162.77		
-53.71   	-57.37   	 11.50   	   5.09		
-52.19   	-56.76   	 11.52   	-167.85		
-50.66   	-57.07   	 10.84   	-223.80		
-49.44   	-58.29   	  9.95   	-132.25		
-48.52   	-58.29   	  9.42   	   5.09		
-47.61   	-56.15   	  9.44   	  81.38		
-46.39   	-52.19   	  9.77   	  20.35		
-45.47   	-47.91   	  9.85   	 -55.95		
-47.00   	-43.33   	  9.62   	 -76.30		
-53.41   	-36.93   	  9.32   	 -61.04		
-66.53   	-26.55   	  9.07   	 -10.17		
-82.40   	-10.38   	  9.03   	  66.12		
-88.81   	 19.53   	  9.30   	 167.85		
-63.48   	 77.82   	  9.97   	 233.98		
 20.14   	184.63   	 10.91   	  61.04		
178.53   	354.61   	 11.15   	-193.29		
404.97   	583.19   	 10.38   	-167.85		
665.28   	837.40   	  9.70   	 -66.12		
904.85   	1062.62   	  9.44   	-106.82		
1069.03   	1197.82   	  9.01   	 -61.04		
1123.35   	1201.48(R)	  8.77   	 122.07		
1061.10   	1069.34   	  9.26   	 244.15		
898.13   	838.32   	 10.23   	 203.46		
667.72   	574.95   	 11.05   	  35.61		
416.26   	346.68   	 11.19   	-152.59		
195.31   	194.09   	 10.58   	-284.84		
 45.78   	116.27   	  9.44   	-310.27		
-18.31   	 83.01   	  8.20   	-239.06		
-18.31   	 59.20   	  7.24   	 -91.56		
  1.53   	 24.41   	  6.88   	 147.51		
  5.49   	-19.23   	  7.47   	 406.92		
-14.95   	-57.98   	  9.09   	 508.65		
-45.17   	-81.79   	 11.13   	 412.00		
-66.83   	-91.25   	 12.78   	 239.06		
-72.63   	-93.08   	 13.73   	  10.17		
-68.36   	-94.60   	 13.77   	-264.50		
-64.39   	-98.88   	 12.72   	-467.95		
-65.00   	-104.06   	 10.84   	-437.43		
-69.58   	-107.42   	  9.09   	-239.06		
-73.85   	-108.34   	  8.14   	  81.38		
-75.38   	-107.73   	  8.46   	 457.78		
-75.07   	-107.73   	 10.29   	 640.89		
-73.55   	-109.56   	 12.86   	 625.63		
-72.33   	-112.30   	 15.36   	 584.94		
-72.33   	-115.05   	 17.70   	 315.36		
-72.02   	-116.58   	 18.96   	-213.63		
-70.80   	-115.36   	 18.11   	-595.11		
-68.05   	-111.69   	 15.73   	-605.29		
-65.00   	-107.12   	 13.31   	-513.73		
-62.87   	-103.45   	 11.25   	-361.14		
-61.95   	-101.62   	  9.81   	 -45.78		
-62.26   	-101.62   	  9.62   	 279.75		
-62.56   	-101.93   	 10.74   	 381.48		
-62.87   	-102.54   	 12.27   	 279.75		
-62.26   	-102.23   	 13.39   	 147.51		
-61.65   	-101.93   	 13.98   	  61.04		
-60.73   	-101.62   	 14.22   	 -61.04		
-59.20   	-101.01   	 13.98   	-188.20		
-57.07   	-100.40   	 13.22   	-233.98		
-54.93   	-98.88   	 12.29   	-239.06		
-53.10   	-96.44   	 11.33   	-259.41		
-51.57   	-92.47   	 10.29   	-167.85		
-50.35   	-87.28   	  9.62   	  45.78		
-48.83   	-81.79   	  9.81   	 172.94		
-46.69   	-77.82   	 10.50   	 152.59		
-44.56   	-75.07   	 11.11   	 101.73		
-41.81   	-73.85   	 11.52   	  66.12		
-39.06   	-72.63   	 11.78   	  30.52		
-36.93   	-70.80   	 11.90   	 -25.43		
-35.10   	-68.36   	 11.80   	 -61.04		
-33.87   	-65.00   	 11.56   	 -40.69		
-32.04   	-60.42   	 11.39   	 -55.95		
-29.60   	-55.24   	 11.17   	 -91.56		
-26.25   	-49.13   	 10.80   	  45.78		
-14.04   	-32.35   	 10.99   	  71.21		
 -8.54   	-26.25   	 11.27   	 106.82		
 -2.75   	-18.92   	 11.70   	 111.90		
  3.36   	 -9.77   	 12.15   	  66.12		
  8.85   	  0.31   	 12.41   	  30.52		
 14.34   	 11.29   	 12.53   	 -30.52		
 20.14   	 22.58   	 12.41   	 -81.38		
 27.16   	 33.87   	 12.09   	 -25.43		
 34.18   	 45.47   	 11.98   	  35.61		
 40.89   	 56.76   	 12.13   	  35.61		
 46.08   	 67.44   	 12.27   	  50.86		
 49.74   	 76.60   	 12.47   	  30.52		
 50.96   	 83.31   	 12.59   	 -30.52		
 49.74   	 86.67   	 12.47   	 -61.04		
 46.08   	 86.36   	 12.23   	 -50.86		
 39.67   	 83.01   	 12.02   	 -35.61		
 32.04   	 77.21   	 11.88   	  -5.09		
 23.80   	 69.27   	 11.86   	  10.17		
 15.56   	 60.12   	 11.90   	  25.43		
  7.63   	 49.74   	 12.00   	  30.52		
 -0.61   	 39.67   	 12.13   	  40.69		
 -9.16   	 30.52   	 12.29   	  45.78		
-16.48   	 21.97   	 12.47   	   0.00		
-22.28   	 14.34   	 12.47   	 -25.43		
-26.25   	  6.71   	 12.37   	 -25.43		
-29.30   	 -0.61   	 12.27   	 -50.86		
-32.04   	 -7.63   	 12.07   	 -20.35		
-35.71   	-13.43   	 11.98   	  50.86		
-39.67   	-18.31   	 12.19   	  91.56		
-43.03   	-21.97   	 12.55   	  91.56		
-44.86   	-24.72   	 12.92   	 106.82		
-45.17   	-26.86   	 13.35   	  91.56		
-44.25   	-29.30   	 13.71   	  35.61		
-43.95   	-31.74   	 13.86   	   0.00		
-43.95   	-33.87   	 13.86   	 -25.43		
-44.25   	-35.40   	 13.75   	 -61.04		
-44.25   	-35.71   	 13.51   	 -81.38		
-43.64   	-35.10   	 13.18   	 -55.95		
-42.72   	-34.48   	 12.96   	-106.82		
-42.42   	-34.79   	 12.53   	-264.50		
-42.72   	-35.40   	 11.48   	-467.95		
-43.64   	-36.62   	  9.60   	-518.82		
-43.95   	-38.15   	  7.53   	 -91.56		
-43.64   	-39.37   	  7.16   	 523.90		
-43.03   	-40.59   	  9.26   	 854.52		
-42.72   	-41.81   	 12.68   	 859.61		
-43.64   	-43.03   	 16.11   	 381.48		
-45.17   	-43.64   	 17.64   	 -15.26		
-46.69   	-43.64   	 17.58   	 -15.26		
-47.30   	-43.33   	 17.52   	 208.54		
-46.39   	-43.03   	 18.35   	 193.29		
-44.56   	-42.42   	 19.13(V)	-325.53		
-42.72   	-42.42   	 17.82   	-696.84		
-41.50   	-42.72   	 15.04   	-406.92		
-40.89   	-43.33   	 13.41   	-106.82		
-40.59   	-43.64   	 12.98   	 -10.17		
-39.67   	-43.33   	 12.94   	 259.41		
-38.45   	-42.42   	 13.98   	 386.57		
-36.93   	-41.50   	 15.52   	 152.59		
-36.32   	-40.89   	 16.13   	   0.00		
-36.62   	-40.59   	 16.13   	  -5.09		
-37.84   	-40.59   	 16.11   	 -86.47		
-38.76   	-40.28   	 15.77   	-137.33		
-39.06   	-39.37   	 15.22   	 -76.30		
-39.06   	-38.15   	 14.91   	 -61.04		
-39.06   	-37.23   	 14.67   	 -66.12		
-39.98   	-37.23   	 14.40   	  25.43		
-41.50   	-37.54   	 14.51   	 116.99		
-43.33   	-38.45   	 14.97   	 152.59		
-44.56   	-39.06   	 15.58   	 157.68		
-45.47   	-39.67   	 16.22   	 142.42		
-45.78   	-40.59   	 16.79   	  71.21		
-46.39   	-42.11   	 17.07   	 -20.35		
-47.00   	-43.64   	 16.99   	 -40.69		
-47.91   	-44.86   	 16.83   	 -45.78		
-48.52   	-45.17   	 16.64   	 -86.47		
-49.44   	-44.56   	 16.30   	 -61.04		
-50.05   	-43.64   	 16.05   	  -5.09		
-50.66   	-43.33   	 16.03   	  40.69		
-50.96   	-43.95   	 16.20   	  81.38		
-50.96   	-44.86   	 16.52   	 111.90		
-50.66   	-45.47   	 16.97   	 101.73		
-50.66   	-45.78   	 17.38   	  61.04		
-51.27   	-45.78   	 17.62   	  25.43		
-52.49   	-45.78   	 17.72   	   0.00		
-54.02   	-46.08   	 17.72   	 -25.43		
-54.93   	-47.00   	 17.62   	 -40.69		
-54.93   	-47.30   	 17.46   	 -71.21		
-53.71   	-47.61   	 17.17   	 -76.30		
-52.49   	-47.61   	 16.87   	 -45.78		
-51.88   	-47.61   	 16.68   	 -50.86		
-51.88   	-48.22   	 16.48   	 -20.35		
-53.10   	-48.83   	 16.40   	  61.04		
-54.32   	-49.74   	 16.64   	  71.21		
-54.93   	-50.96   	 16.93   	  40.69		
-55.24   	-51.88   	 17.09   	  25.43		
-55.54   	-52.19   	 17.19   	  20.35		
-55.85   	-52.19   	 17.27   	 -40.69		
-56.15   	-51.57   	 17.11   	 -91.56		
-56.76   	-51.27   	 16.74   	-101.73		
-57.07   	-50.96   	 16.34   	 -76.30		
-56.76   	-51.27   	 16.03   	 -50.86		
-55.85   	-51.57   	 15.83   	   0.00		
-55.54   	-51.88   	 15.83   	  30.52		
-54.93   	-51.88   	 15.95   	  30.52		
-54.63   	-51.27   	 16.07   	  35.61		
-54.02   	-50.05   	 16.22   	  45.78		
-53.41   	-48.22   	 16.40   	  45.78		
-53.41   	-46.08   	 16.58   	  25.43		
-53.41   	-43.64   	 16.68   	 -10.17		
-53.10   	-39.98   	 16.64   	  -5.09		
-51.88   	-34.79   	 16.62   	 -20.35		
-50.05   	-28.38   	 16.54   	 -35.61		
-48.52   	-21.06   	 16.40   	 -25.43		
-47.30   	-14.34   	 16.30   	 -35.61		
-47.00   	 -8.85   	 16.15   	 -35.61		
-46.39   	 -4.88   	 16.01   	   0.00		
-46.08   	 -1.83   	 16.01   	   0.00		
-46.08   	  1.22   	 16.01   	 -20.35		
-46.69   	  4.58   	 15.93   	 -10.17		
-48.52   	  7.02   	 15.89   	   5.09		
-50.96   	  7.32   	 15.91   	  -5.09		
-53.10   	  4.27   	 15.89   	 -55.95		
-54.32   	 -0.92   	 15.67   	 -71.21		
-53.71   	 -6.41   	 15.38   	  -5.09		
-51.27   	 -9.77   	 15.36   	  10.17		
-46.69   	-10.07   	 15.40   	 -15.26		
-40.89   	 -6.71   	 15.34   	 -25.43		
-35.40   	 -0.61   	 15.24   	 -10.17		
-30.82   	  7.02   	 15.20   	   5.09		
-27.77   	 14.65   	 15.22   	  35.61		
-26.86   	 19.53   	 15.36   	  50.86		
-27.16   	 19.53   	 15.56   	  25.43		
-27.77   	 14.04   	 15.67   	 -30.52		
-28.38   	  4.27   	 15.54   	 -71.21		
-27.77   	 -7.02   	 15.26   	 -81.38		
-26.25   	-16.48   	 14.93   	 -96.64		
-24.41   	-22.28   	 14.55   	-116.99		
-22.89   	-24.11   	 14.08   	-101.73		
-21.97   	-24.72   	 13.67   	 -81.38		
-21.36   	-25.94   	 13.35   	 -25.43		
-20.75   	-29.91   	 13.25   	  55.95		
-20.75   	-36.93   	 13.47   	  86.47		
-21.97   	-46.39   	 13.81   	 122.07		
-25.94   	-55.85   	 14.30   	 127.16		
-32.65   	-62.56   	 14.81   	  81.38		
-40.89   	-64.39   	 15.14   	  50.86		
-47.91   	-61.65   	 15.34   	 -35.61		
-51.57   	-57.07   	 15.20   	-137.33		
-52.19   	-54.63   	 14.65   	-132.25		
-50.96   	-56.15   	 14.12   	 -91.56		
-50.05   	-61.04   	 13.75   	-116.99		
-50.66   	-66.22   	 13.29   	 -81.38		
-51.88   	-68.97   	 12.96   	  81.38		
-53.41   	-68.05   	 13.29   	 183.11		
-54.02   	-65.61   	 14.02   	 152.59		
-54.02   	-63.48   	 14.63   	 116.99		
-53.71   	-62.56   	 15.10   	 127.16		
-54.02   	-62.87   	 15.61   	 116.99		
-54.93   	-63.48   	 16.07   	 101.73		
-56.15   	-63.17   	 16.48   	 127.16		
-56.46   	-62.56   	 16.99   	 152.59		
-55.24   	-61.34   	 17.60   	  96.64		
-53.41   	-60.42   	 17.99   	   0.00		
-51.57   	-58.90   	 17.99   	 -40.69		
-49.74   	-57.68   	 17.82   	 -96.64		
-48.52   	-56.46   	 17.44   	-127.16		
-47.91   	-55.54   	 16.93   	-111.90		
-47.30   	-55.24   	 16.48   	 -91.56		
-47.00   	-54.63   	 16.11   	 -55.95		
-47.00   	-53.41   	 15.89   	   5.09		
-48.83   	-50.66   	 15.91   	 -10.17		
-54.93   	-44.25   	 15.87   	 -81.38		
-67.44   	-32.35   	 15.54   	-122.07		
-85.75   	-14.65   	 15.06   	-116.99		
-100.10   	 12.51   	 14.59   	 -91.56		
-90.94   	 60.42   	 14.22   	 -55.95		
-29.91   	147.71   	 14.00   	 -25.43		
105.90   	292.66   	 13.90   	  15.26		
319.21   	500.79   	 13.96   	 116.99		
584.72   	749.82   	 14.43   	 172.94		
852.66   	990.30   	 15.12   	 122.07		
1066.89   	1159.36   	 15.61   	  35.61		
1182.56   	1206.67(R)	 15.75   	 -20.35		
1180.42   	1113.28   	 15.67   	-101.73		
1064.76   	904.54   	 15.26   	 -45.78		
857.54   	642.40   	 15.08   	 116.99		
599.06   	400.09   	 15.54   	 132.25		
342.71   	230.41   	 16.07   	  86.47		
140.08   	142.82   	 16.42   	 142.42		
 22.58   	109.25   	 16.99   	 167.85		
-13.73   	 87.89   	 17.66   	 116.99		
 -5.80   	 51.27   	 18.13   	 106.82		
  2.75   	 -1.83   	 18.56   	 101.73		
-10.38   	-53.10   	 18.96   	  35.61		
-40.59   	-86.06   	 19.10   	 -66.12		
-69.27   	-97.35   	 18.84   	-305.19		
-83.62   	-97.05   	 17.62   	-681.58		
-84.23   	-96.44   	 14.89   	-773.14		
-80.26   	-101.32   	 11.80   	-513.73		
-79.35   	-109.86   	  9.75   	-350.97		
-82.40   	-117.49   	  8.34   	-213.63		
-86.36   	-120.85   	  7.49   	 233.98		
-88.50   	-120.85   	  8.42   	 732.45		
-88.81   	-120.24   	 11.35   	1017.29		
-87.28   	-119.93   	 15.42   	1169.88		
-85.45   	-119.63   	 20.10   	1047.81		
-84.23   	-119.02   	 24.29   	 590.03		
-83.62   	-117.80   	 26.65(A)  	 -15.26		
-83.92   	-116.88   	 26.59   	-518.82		
-83.62   	-115.66   	 24.52   	-778.23		
-83.01   	-114.75   	 21.40   	-803.66		
-82.09   	-113.53   	 18.19   	-640.89		
-80.87   	-112.30   	 15.63   	-356.05		
-80.26   	-111.69   	 14.20   	 -30.52		
-79.65   	-111.08   	 14.08   	 208.54		
-79.04   	-110.47   	 14.91   	 340.79		
-77.82   	-109.25   	 16.28   	 422.18		
-75.99   	-106.81   	 17.97   	 350.97		
-73.55   	-104.06   	 19.37   	 132.25		
-70.80   	-101.01   	 19.90   	 -25.43		
-68.36   	-98.27   	 19.80   	-132.25		
-66.22   	-95.83   	 19.27   	-193.29		
-64.70   	-93.38   	 18.49   	-178.03		
-63.48   	-91.25   	 17.78   	-122.07		
-62.26   	-88.81   	 17.29   	 -76.30		
-60.73   	-86.06   	 16.99   	 -40.69		
-58.90   	-82.40   	 16.83   	 -20.35		
-56.46   	-78.74   	 16.74   	 -20.35		
-54.02   	-75.38   	 16.66   	 -30.52		
-51.57   	-72.02   	 16.54   	 -20.35		
-48.83   	-68.66   	 16.46   	  -5.09		
-46.08   	-64.70   	 16.44   	  20.35		
-43.33   	-59.51   	 16.52   	  15.26		
-40.28   	-54.02   	 16.58   	 -35.61		
-36.93   	-48.22   	 16.44   	 -81.38		
-32.96   	-42.72   	 16.11   	 -81.38		
-28.38   	-36.93   	 15.79   	 -66.12		
-23.50   	-30.82   	 15.52   	 -66.12		
-18.31   	-24.11   	 15.26   	 -40.69		
-12.82   	-16.48   	 15.10   	  50.86		
 -7.32   	 -8.54   	 15.30   	 127.16		
 -0.92   	  0.31   	 15.81   	 157.68		
  6.41   	  9.46   	 16.44   	 157.68		
 14.65   	 19.53   	 17.07   	 111.90		
 23.80   	 30.21   	 17.52   	  20.35		
 33.57   	 41.50   	 17.60   	 -55.95		
 42.72   	 53.41   	 17.38   	 -96.64		
 50.66   	 65.92   	 16.99   	-137.33		
 57.07   	 77.51   	 16.44   	-132.25		
 61.34   	 87.28   	 15.91   	 -71.21		
 63.17   	 93.99   	 15.63   	 -15.26		
 62.26   	 96.74   	 15.56   	  35.61		
 58.29   	 95.21   	 15.71   	  96.64		
 51.88   	 90.03   	 16.09   	 122.07		
 43.95   	 82.09   	 16.58   	  76.30		
 35.10   	 72.94   	 16.89   	 -25.43		
 26.86   	 63.48   	 16.79   	 -96.64		
 18.62   	 53.41   	 16.40   	-101.73		
 10.38   	 43.33   	 15.99   	 -71.21		
  2.44   	 32.35   	 15.71   	 -61.04		
 -5.49   	 21.06   	 15.46   	 -40.69		
-13.43   	  8.85   	 15.30   	   0.00		
-21.06   	 -2.75   	 15.30   	  30.52		
-28.08   	-13.43   	 15.42   	  40.69		
-33.26   	-22.28   	 15.58   	  66.12		
-37.23   	-29.30   	 15.85   	  61.04		
-40.28   	-35.10   	 16.09   	  25.43		
-42.72   	-39.67   	 16.20   	 -10.17		
-44.86   	-43.33   	 16.15   	 -30.52		
-46.39   	-46.39   	 16.03   	 -40.69		
-46.69   	-48.22   	 15.87   	 -50.86		
-46.39   	-49.74   	 15.67   	 -55.95		
-45.47   	-50.66   	 15.44   	 -50.86		
-44.56   	-51.27   	 15.24   	-111.90		
-43.33   	-51.88   	 14.79   	-305.19		
-41.81   	-51.88   	 13.57   	-356.05		
-40.59   	-51.57   	 12.15   	-152.59		
-39.06   	-51.57   	 11.54   	 508.65		
-37.84   	-51.88   	 13.57   	 956.25		
-36.62   	-52.19   	 17.40   	 417.09		
-36.01   	-52.80   	 19.06   	 -96.64		
-35.71   	-54.02   	 18.68   	  20.35		
-35.71   	-55.24   	 18.76   	-142.42		
-35.71   	-56.46   	 18.19   	-595.11		
-36.01   	-57.68   	 15.81   	-656.15		
-36.01   	-58.59   	 13.18   	-310.27		
-36.32   	-59.81   	 11.94   	  35.61		
-37.23   	-60.73   	 12.09   	 289.93		
-38.15   	-61.65   	 13.25   	 498.47		
-38.15   	-62.26   	 15.24   	 488.30		
-37.54   	-62.56   	 17.19   	 259.41		
-36.62   	-62.56   	 18.23   	  61.04		
-36.32   	-63.17   	 18.47(V)	 -55.95		
-36.93   	-63.17   	 18.25   	-178.03		
-37.84   	-63.17   	 17.54   	-233.98		
-39.06   	-62.56   	 16.60   	-193.29		
-40.59   	-62.26   	 15.83   	-116.99		
-41.81   	-61.95   	 15.36   	 -76.30		
-42.72   	-62.56   	 15.06   	 -35.61		
-43.33   	-62.87   	 14.91   	  55.95		
-43.64   	-62.87   	 15.14   	 137.33		
-43.64   	-62.26   	 15.69   	 101.73		
-44.25   	-61.65   	 16.09   	  76.30		
-45.78   	-61.34   	 16.40   	  71.21		
-47.30   	-61.04   	 16.68   	   0.00		
-48.83   	-60.42   	 16.68   	 -40.69		
-49.74   	-59.81   	 16.52   	 -20.35		
-50.05   	-58.59   	 16.44   	 -25.43		
-50.35   	-57.68   	 16.34   	 -25.43		
-50.96   	-57.37   	 16.24   	 -10.17		
-51.88   	-57.68   	 16.20   	   5.09		
-52.80   	-58.29   	 16.22   	  25.43		
-53.71   	-58.90   	 16.32   	  40.69		
-54.32   	-58.90   	 16.48   	  35.61		
-54.32   	-58.59   	 16.62   	  45.78		
-54.32   	-57.68   	 16.81   	  50.86		
-54.32   	-57.07   	 17.01   	  15.26		
-54.93   	-56.76   	 17.07   	   0.00		
-55.54   	-56.76   	 17.07   	  15.26		
-56.46   	-57.07   	 17.13   	  20.35		
-57.07   	-57.37   	 17.21   	   0.00		
-57.68   	-57.68   	 17.21   	 -30.52		
-57.37   	-57.98   	 17.09   	 -40.69		
-56.76   	-57.68   	 16.93   	 -45.78		
-56.15   	-57.37   	 16.74   	 -50.86		
-55.54   	-56.76   	 16.54   	 -45.78		
-55.85   	-56.15   	 16.36   	 -66.12		
-57.68   	-57.68   	 16.09   	  -5.09		
-57.68   	-57.98   	 16.07   	 116.99		
-56.15   	-56.76   	 16.54   	 -20.35		
-56.15   	-56.46   	 16.46   	  -5.09		
-56.15   	-56.15   	 16.44   	 -61.04		
-56.15   	-56.15   	 16.20   	 -86.47		
-55.54   	-56.46   	 15.85   	 -35.61		
-54.63   	-56.76   	 15.71   	  -5.09		
-53.71   	-56.76   	 15.69   	 -20.35		
-53.41   	-56.46   	 15.61   	 -30.52		
-53.41   	-55.85   	 15.48   	 -30.52		
-53.10   	-54.63   	 15.36   	 -40.69		
-52.80   	-54.02   	 15.20   	 -35.61		
-52.19   	-53.71   	 15.06   	 -20.35		
-51.57   	-53.71   	 14.97   	   5.09		
-50.66   	-53.41   	 14.99   	   5.09		
-50.05   	-52.80   	 15.02   	   5.09		
-50.05   	-51.88   	 15.04   	   0.00		
-50.05   	-51.27   	 15.04   	  30.52		
-50.35   	-50.96   	 15.16   	  55.95		
-50.66   	-51.57   	 15.38   	  25.43		
-51.27   	-52.19   	 15.48   	  10.17		
-51.27   	-53.10   	 15.52   	  -5.09		
-50.66   	-53.10   	 15.50   	 -25.43		
-49.44   	-52.49   	 15.40   	 -25.43		
-48.22   	-51.27   	 15.30   	 -25.43		
-47.30   	-49.74   	 15.20   	 -45.78		
-47.00   	-48.83   	 15.02   	 -55.95		
-47.30   	-48.83   	 14.79   	 -20.35		
-47.61   	-48.83   	 14.71   	 -20.35		
-46.69   	-48.52   	 14.63   	 -15.26		
-45.47   	-46.69   	 14.57   	  15.26		
-44.25   	-42.72   	 14.63   	   5.09		
-43.33   	-36.93   	 14.65   	 -35.61		
-42.11   	-29.30   	 14.51   	 -25.43		
-40.89   	-21.06   	 14.40   	  -5.09		
-38.76   	-13.43   	 14.38   	 -30.52		
-36.62   	 -7.63   	 14.26   	 -25.43		
-35.71   	 -4.27   	 14.16   	  10.17		
-36.93   	 -2.44   	 14.20   	  10.17		
-39.67   	 -0.92   	 14.24   	  15.26		
-43.03   	 -0.31   	 14.30   	  10.17		
-45.17   	 -1.22   	 14.34   	 -10.17		
-46.08   	 -3.66   	 14.30   	 -35.61		
-45.78   	 -7.32   	 14.16   	 -30.52		
-44.56   	-10.68   	 14.04   	 -25.43		
-43.03   	-13.43   	 13.94   	 -40.69		
-40.59   	-14.65   	 13.77   	 -15.26		
-36.93   	-14.04   	 13.71   	  15.26		
-31.13   	-10.07   	 13.77   	  20.35		
-23.80   	 -2.14   	 13.86   	  15.26		
-16.48   	  8.54   	 13.92   	  35.61		
-11.90   	 17.09   	 14.06   	  35.61		
-11.90   	 19.23   	 14.20   	  10.17		
-15.26   	 12.21   	 14.24   	 -25.43		
-19.53   	 -0.61   	 14.14   	 -61.04		
-21.67   	-13.73   	 13.90   	 -71.21		
-20.45   	-22.58   	 13.61   	 -66.12		
-16.78   	-24.72   	 13.35   	 -81.38		
-13.12   	-23.19   	 13.02   	 -86.47		
-10.99   	-21.36   	 12.68   	 -55.95		
-10.38   	-22.58   	 12.45   	 -25.43		
-10.07   	-27.16   	 12.35   	  15.26		
 -9.46   	-33.87   	 12.41   	  50.86		
 -9.46   	-41.50   	 12.61   	  76.30		
-11.29   	-47.91   	 12.92   	  76.30		
-16.48   	-52.80   	 13.22   	  66.12		
-24.72   	-54.63   	 13.49   	  25.43		
-33.87   	-54.02   	 13.59   	 -35.61		
-40.89   	-51.27   	 13.45   	-122.07		
-44.25   	-49.13   	 12.96   	-228.89		
-44.25   	-49.13   	 12.04   	-300.10		
-43.64   	-51.88   	 10.84   	-371.31		
-43.64   	-55.85   	  9.36   	-233.98		
-44.25   	-58.29   	  8.42   	 142.42		
-45.17   	-58.29   	  8.99   	 381.48		
-45.78   	-56.15   	 10.52   	 422.18		
-46.39   	-54.02   	 12.21   	 289.93		
-47.61   	-52.80   	 13.37   	 279.75		
-48.52   	-52.80   	 14.49   	 300.10		
-48.83   	-52.80   	 15.69   	 101.73		
-48.83   	-52.19   	 16.09   	  30.52		
-48.52   	-51.88   	 16.22   	 167.85		
-47.61   	-52.49   	 16.89   	 127.16		
-46.69   	-53.41   	 17.40   	  -5.09		
-46.08   	-54.63   	 17.38   	  25.43		
-45.78   	-54.63   	 17.48   	 116.99		
-46.39   	-53.41   	 17.94   	 142.42		
-47.30   	-51.57   	 18.51   	  10.17		
-47.30   	-50.05   	 18.56   	-228.89		
-46.39   	-48.52   	 17.64   	-350.97		
-44.86   	-46.69   	 16.24   	-432.35		
-44.86   	-44.56   	 14.51   	-544.25		
-49.74   	-39.67   	 12.33   	-534.08		
-62.26   	-29.91   	 10.19   	-401.83		
-81.79   	-13.43   	  8.59   	-218.72		
-101.93   	 10.07   	  7.71   	 -55.95		
-106.20   	 48.22   	  7.49   	 127.16		
-67.75   	115.36   	  8.00   	 289.93		
 40.28   	231.02   	  9.16   	 315.36		
231.02   	407.10   	 10.42   	 330.62		
490.72   	635.07   	 11.74   	 432.35		
777.59   	876.16   	 13.47   	 478.13		
1034.24   	1071.17   	 15.38   	 523.90		
1206.97   	1160.89(R)	 17.48   	 498.47		
1261.90   	1112.06   	 19.47   	 213.63		
1192.63   	933.23   	 20.33   	 -76.30		
1013.79   	678.41   	 20.02   	-183.11		
760.19   	424.50   	 19.29   	-239.06		
484.01   	235.60   	 18.33   	-249.24		
242.00   	136.11   	 17.33   	-167.85		
 77.82   	102.84   	 16.66   	-116.99		
  3.05   	 92.16   	 16.20   	-116.99		
 -6.71   	 67.14   	 15.73   	 -55.95		
  3.66   	 19.23   	 15.50   	 183.11		
 -0.61   	-35.10   	 16.24   	 462.87		
-25.94   	-74.16   	 18.09   	 661.24		
-57.98   	-89.72   	 20.73   	 101.73		
-79.35   	-89.11   	 21.14   	-849.44		
-85.14   	-85.75   	 17.74   	-1363.17		
-82.09   	-88.50   	 12.29   	-1215.66		
-79.65   	-97.05   	  7.43   	-661.24		
-82.09   	-105.90   	  4.78   	-116.99		
-86.67   	-110.78   	  4.31   	  76.30		
-90.03   	-111.08   	  4.62   	 233.98		
-90.64   	-109.86   	  5.55   	 559.51		
-89.72   	-108.95   	  7.79   	 839.26		
-87.89   	-108.95   	 11.15   	1002.03		
-86.98   	-109.25   	 15.16   	 956.25		
-86.98   	-109.25   	 18.98   	 539.16		
-87.28   	-108.95   	 21.14   	-203.46		
-87.59   	-108.95   	 20.33   	-732.45		
-86.67   	-108.64   	 17.40   	-757.88		
-85.45   	-108.34   	 14.36   	-635.81		
-83.92   	-107.42   	 11.82   	-295.01		
-82.40   	-106.20   	 10.64   	 284.84		
-80.87   	-104.37   	 11.78   	 671.41		
-79.35   	-102.84   	 14.47   	 834.18		
-77.51   	-101.01   	 17.80   	 864.70		
-75.68   	-99.49   	 21.26   	 696.84		
-73.55   	-97.66   	 24.05   	 462.87		
-72.02   	-95.83   	 25.90   	 178.03		
-71.11   	-93.69   	 26.61(A)   -76.30		
-70.19   	-91.55   	 26.31   	-218.72		
-68.97   	-88.81   	 25.43   	-330.62		
-67.44   	-85.45   	 24.11   	-381.48		
-65.31   	-81.48   	 22.58   	-417.09		
-63.17   	-77.51   	 20.92   	-427.26		
-61.04   	-73.55   	 19.21   	-401.83		
-58.29   	-70.19   	 17.60   	-376.40		
-54.93   	-67.44   	 16.09   	-356.05		
-50.96   	-65.00   	 14.67   	-279.75		
-47.30   	-62.56   	 13.55   	-188.20		
-44.25   	-59.20   	 12.80   	-147.51		
-41.50   	-55.54   	 12.21   	 -91.56		
-38.45   	-50.96   	 11.84   	  -5.09		
-35.40   	-45.78   	 11.82   	  30.52		
-32.04   	-40.28   	 11.94   	  61.04		
-28.38   	-34.18   	 12.19   	 122.07		
-24.41   	-27.77   	 12.68   	 198.37		
-20.14   	-20.75   	 13.47   	 249.24		
-14.65   	-13.43   	 14.47   	 249.24		
 -7.63   	 -5.80   	 15.46   	 239.06		
  0.31   	  2.44   	 16.42   	 193.29		
  8.85   	 11.60   	 17.19   	 122.07		
 16.78   	 21.06   	 17.68   	  91.56		
 24.11   	 31.43   	 18.05   	  15.26		
 31.43   	 41.81   	 18.11   	-111.90		
 39.37   	 52.80   	 17.66   	-183.11		
 48.22   	 64.70   	 16.93   	-183.11		
 57.07   	 76.60   	 16.20   	-142.42		
 64.70   	 88.50   	 15.63   	-137.33		
 70.80   	 98.57   	 15.08   	-106.82		
 74.46   	105.59   	 14.65   	  86.47		
 75.99   	108.95   	 14.99   	 233.98		
 74.46   	107.73   	 15.93   	 132.25		
 69.58   	103.15   	 16.46   	 -40.69		
 61.04   	 95.52   	 16.30   	-162.77		
 50.96   	 85.75   	 15.65   	-228.89		
 40.59   	 75.38   	 14.73   	-193.29		
 30.52   	 64.39   	 13.96   	 -71.21		
 20.75   	 53.10   	 13.67   	   0.00		
 10.68   	 41.50   	 13.67   	  55.95		
  0.92   	 29.30   	 13.90   	 127.16		
 -7.93   	 17.40   	 14.40   	 162.77		
-15.56   	  6.10   	 15.06   	 157.68		
-22.28   	 -3.66   	 15.69   	 111.90		
-28.08   	-11.60   	 16.13   	  30.52		
-32.35   	-18.62   	 16.26   	 -30.52		
-34.79   	-24.41   	 16.13   	 -55.95		
-36.32   	-29.30   	 15.91   	 -66.12		
-37.84   	-33.57   	 15.65   	 -61.04		
-40.28   	-37.23   	 15.40   	 -15.26		
-43.03   	-40.59   	 15.34   	 -20.35		
-43.95   	-43.33   	 15.26   	-218.72		
-43.03   	-45.17   	 14.38   	-712.10		
-40.89   	-45.78   	 11.54   	-574.77		
-39.37   	-46.08   	  9.24   	 523.90		
-39.06   	-46.08   	 11.33   	1332.65		
-39.67   	-46.39   	 16.66   	 971.51		
-39.67   	-46.39   	 20.55   	 -15.26		
-38.76   	-46.39   	 20.49   	-579.86		
-37.54   	-46.69   	 18.17   	-676.50		
-36.62   	-47.30   	 15.46   	-737.54		
-35.10   	-47.91   	 12.51   	-661.24		
-32.96   	-48.83   	  9.87   	-325.53		
-29.91   	-49.44   	  8.57   	 178.03		
-28.38   	-50.66   	  9.28   	 559.51		
-28.99   	-52.49   	 11.52   	 722.28		
-32.04   	-54.32   	 14.40   	 808.75		
-35.40   	-55.85   	 17.64   	 605.29		
-36.93   	-56.15   	 20.06   	 122.07		
-36.62   	-55.85   	 20.55(V)	-218.72		
-35.40   	-55.54   	 19.67   	-401.83		
-34.48   	-55.24   	 18.07   	-534.08		
-34.48   	-55.85   	 15.93   	-478.13		
-35.71   	-56.15   	 14.02   	-264.50		
-36.93   	-56.46   	 12.96   	 -50.86		
-38.15   	-56.46   	 12.76   	 137.33		
-39.06   	-56.46   	 13.31   	 254.32		
-39.67   	-56.46   	 14.32   	 274.67		
-40.28   	-56.46   	 15.42   	 218.72		
-41.50   	-56.15   	 16.30   	  91.56		
-43.03   	-55.85   	 16.66   	 -45.78		
-44.56   	-55.85   	 16.48   	-137.33		
-45.78   	-55.85   	 15.93   	-198.37		
-47.00   	-55.85   	 15.14   	-152.59		
-48.22   	-55.54   	 14.53   	 -71.21		
-49.44   	-55.24   	 14.24   	   0.00		
-50.66   	-54.63   	 14.24   	 111.90		
-51.88   	-54.32   	 14.69   	 167.85		
-53.10   	-54.02   	 15.36   	 167.85		
-54.32   	-54.32   	 16.03   	 142.42		
-55.54   	-54.63   	 16.60   	  71.21		
-56.15   	-54.63   	 16.89   	 -15.26		
-56.15   	-54.63   	 16.83   	 -66.12		
-55.54   	-54.02   	 16.56   	 -81.38		
-55.24   	-53.41   	 16.24   	 -71.21		
-56.15   	-53.10   	 15.95   	 -50.86		
-57.68   	-53.10   	 15.75   	 -30.52		
-59.51   	-53.10   	 15.63   	   0.00		
-61.04   	-52.80   	 15.63   	  61.04		
-62.26   	-52.19   	 15.87   	  71.21		
-62.26   	-51.27   	 16.15   	  40.69		
-60.12   	-50.05   	 16.32   	  35.61		
-56.15   	-48.83   	 16.46   	   0.00		
-51.57   	-48.22   	 16.46   	 -55.95		
-49.13   	-47.61   	 16.24   	 -91.56		
-49.44   	-47.30   	 15.87   	 -96.64		
-52.49   	-47.00   	 15.48   	 -61.04		
-55.24   	-46.69   	 15.24   	 -30.52		
-56.46   	-46.69   	 15.12   	 -20.35		
-55.54   	-46.69   	 15.04   	  20.35		
-53.71   	-46.39   	 15.12   	  45.78		
-52.19   	-46.08   	 15.30   	  40.69		
-51.88   	-45.78   	 15.46   	  20.35		
-53.10   	-45.47   	 15.54   	  15.26		
-54.32   	-45.78   	 15.61   	   5.09		
-55.54   	-45.47   	 15.63   	 -35.61		
-55.54   	-44.86   	 15.48   	 -55.95		
-54.93   	-43.64   	 15.26   	 -50.86		
-54.32   	-42.42   	 15.06   	 -30.52		
-54.02   	-41.81   	 14.93   	 -20.35		
-54.02   	-42.11   	 14.85   	 -20.35		
-54.02   	-42.72   	 14.77   	  -5.09		
-53.71   	-43.03   	 14.75   	 -25.43		
-52.49   	-42.42   	 14.65   	 -40.69		
-50.66   	-41.20   	 14.49   	 -45.78		
-48.52   	-39.37   	 14.30   	 -45.78		
-46.69   	-37.84   	 14.12   	 -55.95		
-46.39   	-37.23   	 13.90   	 -50.86		
-47.91   	-37.54   	 13.69   	 -35.61		
-50.05   	-38.76   	 13.55   	 -20.35		
-51.27   	-39.98   	 13.47   	  10.17		
-51.27   	-40.89   	 13.51   	  55.95		
-50.35   	-41.20   	 13.73   	  61.04		
-49.44   	-40.59   	 13.98   	  61.04		
-48.83   	-39.37   	 14.22   	  25.43		
-48.52   	-38.15   	 14.32   	 -15.26		
-48.22   	-36.93   	 14.26   	 -25.43		
-48.22   	-36.32   	 14.16   	 -50.86		
-48.83   	-36.01   	 13.96   	 -81.38		
-48.83   	-35.10   	 13.63   	 -66.12		
-48.52   	-32.96   	 13.37   	 -20.35		
-47.00   	-28.99   	 13.29   	 -15.26		
-45.47   	-23.19   	 13.22   	 -35.61		
-44.25   	-16.48   	 13.08   	 -35.61		
-43.33   	 -9.16   	 12.94   	  -5.09		
-42.72   	 -2.75   	 12.92   	 -15.26		
-41.81   	  2.14   	 12.86   	 -45.78		
-40.89   	  5.80   	 12.68   	   0.00		
-40.59   	  8.54   	 12.68   	  15.26		
-40.89   	 10.99   	 12.74   	 -35.61		
-41.20   	 12.51   	 12.59   	 -30.52		
-41.50   	 12.51   	 12.47   	   0.00		
-41.50   	 10.07   	 12.47   	 -10.17		
-42.72   	  5.49   	 12.43   	 -35.61		
-44.56   	  0.31   	 12.29   	 -55.95		
-45.17   	 -3.36   	 12.07   	 -20.35		
-42.72   	 -3.66   	 11.98   	  15.26		
-36.93   	 -0.61   	 12.04   	  -5.09		
-29.60   	  5.49   	 12.02   	 -15.26		
-22.89   	 13.12   	 11.96   	  25.43		
-19.23   	 21.36   	 12.07   	  35.61		
-19.23   	 26.86   	 12.21   	   5.09		
-21.97   	 26.25   	 12.23   	  10.17		
-25.94   	 19.23   	 12.27   	   0.00		
-28.99   	  7.32   	 12.27   	 -50.86		
-29.60   	 -5.19   	 12.07   	 -86.47		
-26.55   	-14.34   	 11.72   	-111.90		
-20.75   	-18.92   	 11.27   	-147.51		
-15.56   	-20.14   	 10.68   	-162.77		
-12.82   	-20.45   	 10.03   	-116.99		
-13.73   	-22.58   	  9.56   	 -15.26		
-16.48   	-27.16   	  9.50   	 106.82		
-18.31   	-33.57   	  9.93   	 183.11		
-19.23   	-41.20   	 10.66   	 193.29		
-21.06   	-48.52   	 11.43   	 162.77		
-25.94   	-53.71   	 12.09   	  71.21		
-33.87   	-54.93   	 12.37   	 -45.78		
-42.42   	-53.10   	 12.19   	-172.94		
-48.52   	-49.74   	 11.50   	-208.54		
-51.57   	-48.22   	 10.66   	-188.20		
-51.88   	-50.05   	  9.91   	-172.94		
-51.57   	-53.71   	  9.22   	-132.25		
-51.88   	-57.07   	  8.69   	   0.00		
-52.80   	-57.68   	  8.69   	 198.37		
-53.71   	-55.54   	  9.48   	 274.67		
-54.02   	-52.80   	 10.58   	 269.58		
-54.02   	-51.27   	 11.66   	 218.72		
-53.41   	-51.57   	 12.53   	  81.38		
-52.80   	-53.10   	 12.86   	  -5.09		
-53.41   	-54.93   	 12.84   	  -5.09		
-54.63   	-55.54   	 12.82   	 -25.43		
-56.15   	-54.93   	 12.72   	 -45.78		
-56.15   	-53.71   	 12.53   	   0.00		
-54.02   	-52.49   	 12.53   	  40.69		
-50.96   	-51.57   	 12.70   	  30.52		
-48.52   	-51.27   	 12.82   	   0.00		
-47.61   	-51.27   	 12.82   	 -45.78		
-48.52   	-50.66   	 12.63   	 -96.64		
-49.74   	-49.44   	 12.25   	-137.33		
-49.13   	-47.30   	 11.70   	-147.51		
-47.61   	-44.25   	 11.11   	-137.33		
-46.69   	-40.59   	 10.56   	 -96.64		
-49.44   	-34.79   	 10.17   	 -20.35		
-59.81   	-24.41   	 10.09   	  20.35		
-77.82   	 -8.24   	 10.17   	  50.86		
-96.44   	 15.26   	 10.38   	  86.47		
-98.57   	 53.10   	 10.72   	  71.21		
-56.76   	119.93   	 11.01   	  40.69		
 57.07   	234.38   	 11.17   	  35.61		
256.35   	408.33   	 11.31   	  45.78		
526.43   	631.71   	 11.50   	  96.64		
823.36   	865.78   	 11.88   	 203.46		
1085.21   	1051.33   	 12.70   	 116.99		
1254.27   	1132.20(R)	 13.16   	-122.07		
1296.39   	1077.27   	 12.68   	-178.03		
1206.97   	898.13   	 11.96   	 -76.30		
1008.30   	648.50   	 11.66   	 -66.12		
740.97   	403.44   	 11.39   	 -40.69		
460.82   	223.39   	 11.23   	   0.00		
223.69   	129.39   	 11.23   	 -20.35		
 68.05   	 97.96   	 11.15   	 -10.17		
  2.44   	 86.36   	 11.11   	  55.95		
 -1.83   	 61.65   	 11.33   	 106.82		
  9.77   	 17.40   	 11.76   	 137.33		
  4.27   	-31.43   	 12.31   	  61.04		
-23.50   	-65.61   	 12.55   	-178.03		
-57.07   	-79.65   	 11.84   	-391.66		
-78.74   	-80.87   	 10.27   	-366.22		
-83.92   	-81.18   	  8.81   	-193.29		
-80.87   	-86.67   	  8.04   	   5.09		
-79.04   	-95.52   	  8.06   	 127.16		
-81.48   	-102.84   	  8.57   	 127.16		
-86.36   	-105.59   	  9.07   	 239.06		
-89.42   	-104.98   	 10.03   	 518.82		
-90.33   	-104.06   	 12.11   	 671.41		
-90.33   	-104.68   	 14.79   	 661.24		
-90.03   	-106.51   	 17.44   	 625.63		
-90.03   	-108.34   	 19.94   	 406.92		
-89.72   	-108.64   	 21.57(A)  	 -91.56		
-88.81   	-107.12   	 21.20   	-508.65		
-87.59   	-104.37   	 19.17   	-625.63		
-86.06   	-101.62   	 16.66   	-600.20		
-84.84   	-100.10   	 14.26   	-483.21		
-83.92   	-99.49   	 12.33   	-279.75		
-82.70   	-99.18   	 11.21   	 -66.12		
-81.18   	-98.57   	 10.95   	 152.59		
-79.96   	-97.66   	 11.56   	 295.01		
-79.65   	-97.05   	 12.74   	 340.79		
-79.96   	-96.74   	 14.10   	 274.67		
-79.35   	-97.05   	 15.20   	 106.82		
-77.21   	-97.05   	 15.63   	 -61.04		
-73.85   	-95.83   	 15.38   	-116.99		
-70.19   	-93.38   	 14.91   	-116.99		
-67.75   	-90.03   	 14.45   	-132.25		
-66.53   	-85.75   	 13.92   	-152.59		
-66.22   	-81.48   	 13.31   	-132.25		
-65.61   	-77.82   	 12.78   	 -86.47		
-64.09   	-74.77   	 12.43   	 -71.21		
-62.56   	-72.33   	 12.15   	 -35.61		
-61.34   	-70.19   	 12.00   	   5.09		
-60.73   	-68.66   	 12.02   	  45.78		
-60.12   	-67.75   	 12.21   	  91.56		
-58.29   	-66.22   	 12.57   	  66.12		
-54.93   	-63.17   	 12.84   	 -15.26		
-50.35   	-58.29   	 12.78   	 -61.04		
-45.78   	-52.19   	 12.53   	 -66.12		
-41.81   	-45.17   	 12.27   	 -76.30		
-38.15   	-38.15   	 11.96   	 -55.95		
-34.48   	-31.43   	 11.74   	 -25.43		
-30.21   	-24.11   	 11.64   	  -5.09		
-24.72   	-16.17   	 11.62   	  40.69		
-18.92   	 -8.24   	 11.78   	 111.90		
-12.82   	 -0.61   	 12.23   	 147.51		
 -6.10   	  7.02   	 12.82   	  81.38		
  1.22   	 14.34   	 13.14   	-167.85		
  8.85   	 22.28   	 12.47   	-447.61		
 16.78   	 31.74   	 10.68   	-295.01		
 25.02   	 43.03   	  9.50   	 178.03		
 32.96   	 55.54   	 10.21   	 396.74		
 39.98   	 68.36   	 11.80   	 340.79		
 45.47   	 79.96   	 13.16   	 203.46		
 49.74   	 89.42   	 13.98   	 -10.17		
 53.10   	 96.44   	 13.94   	-178.03		
 55.85   	100.40   	 13.22   	-203.46		
 57.98   	101.32   	 12.41   	-142.42		
 57.07   	 97.96   	 11.84   	-106.82		
 51.27   	 90.94   	 11.41   	 -66.12		
 40.89   	 81.48   	 11.15   	 -10.17		
 28.08   	 71.11   	 11.11   	  30.52		
 15.87   	 60.73   	 11.23   	  61.04		
  6.71   	 50.35   	 11.48   	  71.21		
 -0.61   	 39.67   	 11.76   	  66.12		
 -7.32   	 28.69   	 12.02   	  40.69		
-15.26   	 17.70   	 12.19   	 -20.35		
-24.11   	  7.02   	 12.11   	 -76.30		
-32.35   	 -2.75   	 11.80   	 -71.21		
-39.37   	-11.29   	 11.52   	 -20.35		
-44.25   	-18.31   	 11.43   	 -25.43		
-47.61   	-23.50   	 11.33   	 -15.26		
-49.44   	-26.86   	 11.27   	  45.78		
-50.66   	-28.69   	 11.45   	  91.56		
-50.66   	-29.30   	 11.82   	  71.21		
-49.74   	-29.60   	 12.11   	  45.78		
-48.52   	-30.52   	 12.29   	  76.30		
-47.91   	-33.26   	 12.59   	  50.86		
-47.61   	-37.23   	 12.80   	-223.80		
-47.61   	-41.20   	 11.90   	-610.37		
-47.30   	-44.25   	  9.46   	-849.44		
-47.00   	-45.17   	  6.06   	-569.68		
-46.08   	-45.17   	  3.78   	 432.35		
-45.78   	-45.47   	  5.51   	1286.87		
-46.08   	-46.39   	 10.66   	 915.56		
-47.61   	-48.22   	 14.32   	 457.78		
-50.35   	-49.44   	 16.15   	 498.47		
-51.88   	-49.74   	 18.15(V)	-111.90		
-51.27   	-48.52   	 17.70   	-1027.46		
-48.22   	-47.00   	 13.59   	-1108.85		
-43.95   	-46.39   	  9.16   	-503.56		
-41.20   	-47.00   	  7.14   	 -20.35		
-41.50   	-49.44   	  7.06   	 137.33		
-43.95   	-51.57   	  7.61   	 269.58		
-46.69   	-52.80   	  8.69   	 498.47		
-48.52   	-52.19   	 10.68   	 584.94		
-48.83   	-50.96   	 13.02   	 335.71		
-48.83   	-50.05   	 14.36   	  35.61		
-48.83   	-50.96   	 14.51   	-111.90		
-49.44   	-53.41   	 14.06   	-239.06		
-50.35   	-55.85   	 13.10   	-315.36		
-50.96   	-57.07   	 11.84   	-244.15		
-51.57   	-56.76   	 10.86   	-172.94		
-51.57   	-54.93   	 10.17   	-122.07		
-51.88   	-52.80   	  9.68   	 -10.17		
-52.19   	-50.96   	  9.64   	  96.64		
-52.80   	-49.74   	 10.03   	 122.07		
-53.41   	-49.13   	 10.52   	  91.56		
-54.02   	-48.52   	 10.89   	  61.04		
-54.93   	-47.91   	 11.13   	  61.04		
-56.15   	-48.22   	 11.37   	  55.95		
-56.46   	-48.83   	 11.60   	  20.35		
-55.85   	-49.74   	 11.68   	 -25.43		
-54.63   	-50.05   	 11.58   	 -25.43		
-54.02   	-49.74   	 11.48   	  -5.09		
-55.24   	-48.22   	 11.45   	  10.17		
-57.37   	-46.69   	 11.50   	  10.17		
-59.51   	-45.17   	 11.54   	  10.17		
-60.42   	-44.25   	 11.58   	  40.69		
-60.42   	-43.64   	 11.74   	  66.12		
-60.42   	-44.25   	 12.00   	  40.69		
-60.73   	-45.47   	 12.17   	  40.69		
-61.04   	-47.30   	 12.33   	  35.61		
-61.65   	-48.83   	 12.47   	 -20.35		
-61.34   	-49.74   	 12.39   	 -71.21		
-61.04   	-49.74   	 12.11   	 -66.12		
-61.04   	-49.13   	 11.84   	 -50.86		
-61.65   	-48.83   	 11.64   	 -81.38		
-62.26   	-48.83   	 11.31   	 -71.21		
-61.95   	-49.13   	 11.03   	  10.17		
-61.34   	-48.52   	 11.07   	  45.78		
-60.12   	-47.00   	 11.25   	  15.26		
-59.81   	-45.78   	 11.31   	  20.35		
-61.04   	-45.78   	 11.39   	  25.43		
-62.87   	-47.61   	 11.50   	  -5.09		
-64.70   	-50.35   	 11.48   	  10.17		
-65.00   	-52.49   	 11.52   	  20.35		
-64.39   	-52.80   	 11.60   	 -30.52		
-63.48   	-51.88   	 11.48   	 -71.21		
-63.48   	-49.74   	 11.19   	 -55.95		
-65.00   	-48.52   	 10.97   	 -50.86		
-66.53   	-48.22   	 10.76   	 -20.35		
-66.83   	-48.83   	 10.68   	  25.43		
-65.61   	-50.05   	 10.78   	  30.52		
-63.17   	-51.88   	 10.91   	  20.35		
-61.65   	-53.71   	 10.99   	  15.26		
-62.26   	-54.63   	 11.05   	  -5.09		
-64.70   	-54.32   	 11.03   	 -35.61		
-66.53   	-52.49   	 10.89   	 -30.52		
-66.22   	-49.44   	 10.76   	 -25.43		
-64.39   	-47.30   	 10.66   	 -50.86		
-62.56   	-47.30   	 10.46   	 -50.86		
-61.34   	-48.52   	 10.25   	 -15.26		
-61.65   	-50.05   	 10.19   	  10.17		
-62.56   	-50.05   	 10.23   	  25.43		
-62.56   	-49.13   	 10.34   	  15.26		
-62.26   	-48.22   	 10.40   	   5.09		
-61.34   	-47.30   	 10.42   	  15.26		
-60.73   	-46.08   	 10.48   	  15.26		
-60.42   	-43.33   	 10.54   	 -10.17		
-60.42   	-39.06   	 10.50   	 -15.26		
-59.81   	-32.96   	 10.44   	 -10.17		
-58.90   	-26.25   	 10.40   	 -25.43		
-57.98   	-19.84   	 10.29   	 -15.26		
-57.37   	-14.34   	 10.23   	   5.09		
-57.07   	-10.07   	 10.25   	   5.09		
-56.76   	 -7.32   	 10.27   	 -15.26		
-56.15   	 -4.58   	 10.21   	 -20.35		
-55.24   	 -1.53   	 10.13   	  10.17		
-54.32   	  1.83   	 10.17   	  -5.09		
-53.41   	  4.58   	 10.15   	 -25.43		
-53.71   	  4.88   	 10.05   	 -20.35		
-54.93   	  2.44   	  9.97   	 -10.17		
-56.76   	 -1.83   	  9.93   	 -25.43		
-57.07   	 -5.80   	  9.83   	 -35.61		
-55.24   	 -7.93   	  9.68   	 -10.17		
-50.35   	 -6.71   	  9.64   	 -10.17		
-43.95   	 -2.14   	  9.60   	 -30.52		
-37.23   	  4.88   	  9.48   	 -30.52		
-32.35   	 13.12   	  9.36   	 -20.35		
-30.52   	 21.06   	  9.28   	 -30.52		
-31.13   	 25.33   	  9.16   	 -30.52		
-33.57   	 23.50   	  9.03   	 -25.43		
-36.01   	 14.95   	  8.93   	   0.00		
-37.54   	  2.75   	  8.93   	 -10.17		
-36.93   	 -9.77   	  8.89   	 -40.69		
-35.10   	-18.62   	  8.73   	 -15.26		
-32.96   	-22.58   	  8.67   	  20.35		
-31.74   	-23.50   	  8.75   	  25.43		
-31.13   	-23.80   	  8.85   	  30.52		
-30.82   	-25.33   	  8.97   	  20.35		
-29.30   	-29.30   	  9.05   	   5.09		
-27.77   	-36.32   	  9.07   	 -15.26		
-27.77   	-45.17   	  9.01   	 -20.35		
-31.43   	-54.32   	  8.93   	 -25.43		
-39.37   	-60.73   	  8.83   	 -30.52		
-49.44   	-61.95   	  8.71   	 -35.61		
-57.98   	-57.98   	  8.57   	  61.04		
-62.56   	-52.49   	  8.81   	 198.37		
-63.48   	-49.13   	  9.60   	 198.37		
-62.56   	-50.35   	 10.40   	 111.90		
-61.95   	-55.54   	 10.84   	  25.43		
-61.65   	-61.65   	 10.95   	-106.82		
-62.56   	-65.31   	 10.52   	-274.67		
-63.48   	-65.31   	  9.42   	-366.22		
-64.39   	-62.56   	  7.96   	-264.50		
-65.00   	-59.20   	  6.90   	  -5.09		
-65.00   	-56.76   	  6.88   	 188.20		
-64.09   	-55.54   	  7.63   	 295.01		
-62.56   	-55.24   	  8.81   	 376.40		
-61.04   	-54.93   	 10.32   	 371.31		
-60.42   	-54.93   	 11.80   	 269.58		
-60.73   	-55.24   	 12.88   	  96.64		
-61.95   	-55.85   	 13.27   	 -76.30		
-62.56   	-56.76   	 12.96   	-203.46		
-61.95   	-56.76   	 12.15   	-233.98		
-60.12   	-55.54   	 11.21   	-218.72		
-57.68   	-52.49   	 10.34   	-147.51		
-55.54   	-49.44   	  9.75   	 -96.64		
-54.32   	-46.69   	  9.36   	 -86.47		
-54.93   	-45.17   	  9.01   	 -20.35		
-56.46   	-43.95   	  8.93   	  96.64		
-60.12   	-41.50   	  9.32   	 116.99		
-68.05   	-35.10   	  9.79   	  45.78		
-81.18   	-23.19   	  9.97   	 -76.30		
-96.13   	 -4.58   	  9.66   	-142.42		
-99.79   	 27.16   	  9.09   	 -96.64		
-68.05   	 87.28   	  8.71   	 -61.04		
 28.08   	195.62   	  8.46   	 -81.38		
205.99   	366.82   	  8.14   	 -35.61		
455.93   	594.48   	  8.00   	 122.07		
737.61   	842.29   	  8.48   	 244.15		
991.21   	1052.86   	  9.46   	 172.94		
1158.14   	1166.08(R)	 10.15   	  50.86		
1204.53   	1147.16   	 10.36   	  55.95		
1127.62   	999.15   	 10.58   	 106.82		
946.96   	766.60   	 11.01   	 116.99		
698.85   	516.36   	 11.48   	  55.95		
433.35   	310.06   	 11.70   	-116.99		
202.94   	178.53   	 11.23   	-295.01		
 48.83   	113.53   	 10.05   	-335.71		
-17.09   	 83.92   	  8.71   	-330.62		
-18.92   	 58.29   	  7.39   	-233.98		
 -1.83   	 21.67   	  6.45   	  20.35		
 -1.83   	-20.14   	  6.53   	 345.88		
-25.63   	-54.63   	  7.91   	 574.77		
-57.37   	-72.94   	 10.21   	 595.11		
-78.74   	-78.43   	 12.59   	 432.35		
-83.62   	-79.35   	 14.32   	 172.94		
-79.65   	-82.40   	 15.02   	-193.29		
-76.90   	-89.11   	 14.24   	-539.16		
-79.35   	-97.05   	 12.09   	-691.76		
-84.53   	-101.93   	  9.32   	-518.82		
-88.20   	-102.23   	  7.24   	 -20.35		
-88.81   	-99.49   	  7.16   	 488.30		
-88.20   	-97.05   	  9.11   	 722.28		
-87.59   	-96.44   	 12.00   	 788.40		
-87.59   	-98.27   	 15.16   	 737.54		
-88.50   	-101.93   	 18.11   	 335.71		
-89.11   	-104.98   	 19.45(A)  	-310.27		
-89.11   	-106.20   	 18.21   	-701.93		
-88.50   	-105.59   	 15.40   	-696.84		
-87.89   	-102.84   	 12.61   	-539.16		
-86.98   	-99.49   	 10.46   	-310.27		
-85.14   	-95.83   	  9.22   	 -40.69		
-82.40   	-93.08   	  9.05   	 198.37		
-79.65   	-90.94   	  9.85   	 335.71		
-78.13   	-90.94   	 11.19   	 350.97		
-78.43   	-92.16   	 12.59   	 305.19		
-79.35   	-93.69   	 13.81   	 198.37		
-80.26   	-94.30   	 14.61   	  20.35		
-79.35   	-92.77   	 14.69   	-167.85		
-76.90   	-88.81   	 14.02   	-284.84		
-73.85   	-83.92   	 12.88   	-269.58		
-71.11   	-79.65   	 11.80   	-122.07		
-69.58   	-76.90   	 11.31   	 -10.17		
-68.05   	-76.29   	 11.27   	   0.00		
-66.22   	-75.99   	 11.27   	  -5.09		
-63.78   	-75.07   	 11.25   	  -5.09		
-61.34   	-72.94   	 11.23   	 -76.30		
-59.81   	-70.50   	 10.93   	-132.25		
-58.90   	-68.05   	 10.40   	-101.73		
-57.98   	-66.22   	  9.99   	 -40.69		
-56.76   	-64.39   	  9.83   	  25.43		
-54.93   	-61.65   	  9.93   	  76.30		
-52.19   	-57.37   	 10.23   	  45.78		
-48.52   	-51.57   	 10.42   	   5.09		
-44.86   	-44.86   	 10.44   	  45.78		
-40.59   	-38.15   	 10.62   	  50.86		
-36.93   	-33.26   	 10.82   	 -66.12		
-33.26   	-29.30   	 10.56   	 -96.64		
-28.99   	-25.63   	 10.17   	   5.09		
-23.50   	-20.45   	 10.19   	  40.69		
-17.40   	-13.43   	 10.36   	  35.61		
-10.68   	 -4.88   	 10.50   	  71.21		
 -4.27   	  4.27   	 10.78   	  86.47		
  1.83   	 14.04   	 11.13   	  50.86		
  8.54   	 24.41   	 11.33   	  35.61		
 16.48   	 35.40   	 11.48   	  10.17		
 24.41   	 47.00   	 11.52   	 -45.78		
 31.43   	 58.29   	 11.33   	 -66.12		
 36.93   	 68.97   	 11.07   	 -50.86		
 40.28   	 78.13   	 10.86   	 -66.12		
 41.50   	 84.84   	 10.60   	 -86.47		
 40.89   	 88.50   	 10.25   	 -40.69		
 37.84   	 88.20   	 10.09   	  -5.09		
 32.65   	 83.92   	 10.07   	  20.35		
 25.33   	 76.29   	 10.15   	  30.52		
 17.09   	 67.44   	 10.27   	  25.43		
  9.16   	 59.51   	 10.38   	  25.43		
  1.53   	 52.49   	 10.48   	  30.52		
 -5.80   	 45.47   	 10.60   	  40.69		
-12.51   	 36.93   	 10.76   	  25.43		
-18.92   	 26.55   	 10.86   	 -10.17		
-24.41   	 15.56   	 10.82   	 -45.78		
-29.60   	  5.49   	 10.64   	 -40.69		
-34.48   	 -2.75   	 10.48   	 -25.43		
-39.37   	 -9.16   	 10.38   	 -20.35		
-43.64   	-14.65   	 10.29   	   0.00		
-46.69   	-19.84   	 10.29   	  20.35		
-48.52   	-24.11   	 10.38   	  20.35		
-49.44   	-26.86   	 10.46   	  30.52		
-50.35   	-28.08   	 10.58   	  25.43		
-50.96   	-28.38   	 10.68   	  25.43		
-51.27   	-28.69   	 10.78   	  20.35		
-50.66   	-29.60   	 10.86   	 -20.35		
-49.13   	-30.52   	 10.78   	-127.16		
-47.61   	-31.74   	 10.27   	-218.72		
-46.69   	-32.96   	  9.40   	-279.75		
-47.00   	-34.18   	  8.28   	-376.40		
-48.22   	-35.40   	  6.78   	-427.26		
-49.13   	-37.23   	  5.07   	-274.67		
-49.74   	-39.06   	  3.97   	  86.47		
-49.74   	-40.28   	  4.31   	 366.22		
-49.44   	-40.89   	  5.78   	 305.19		
-48.83   	-40.28   	  7.00   	 671.41		
-48.22   	-39.37   	  9.68   	1515.76		
-48.83   	-38.45   	 15.75   	1164.80		
-49.74   	-38.15   	 20.41   	 167.85		
-51.27   	-38.45   	 21.08(V)	 -71.21		
-51.88   	-39.06   	 20.79   	-564.60		
-51.88   	-39.98   	 18.54   	-1434.38		
-50.96   	-41.50   	 12.80   	-1393.69		
-50.05   	-42.42   	  7.22   	-712.10		
-49.44   	-42.72   	  4.37   	-279.75		
-49.13   	-41.81   	  3.26   	 -10.17		
-49.13   	-39.98   	  3.21   	 366.22		
-49.13   	-38.45   	  4.68   	 768.05		
-49.13   	-38.76   	  7.75   	 920.65		
-49.13   	-39.98   	 11.43   	 640.89		
-48.52   	-41.20   	 14.00   	 178.03		
-47.30   	-41.20   	 14.71   	-142.42		
-46.08   	-39.67   	 14.14   	-330.62		
-44.86   	-37.54   	 12.82   	-442.52		
-44.25   	-35.71   	 11.05   	-391.66		
-43.95   	-35.40   	  9.48   	-249.24		
-43.95   	-35.40   	  8.48   	-122.07		
-44.25   	-35.40   	  8.00   	  20.35		
-45.47   	-34.79   	  8.08   	 172.94		
-46.39   	-33.57   	  8.77   	 249.24		
-47.00   	-32.65   	  9.77   	 228.89		
-46.69   	-32.96   	 10.68   	 172.94		
-45.78   	-33.87   	 11.37   	 127.16		
-45.47   	-35.10   	 11.88   	  66.12		
-45.78   	-36.01   	 12.15   	 -10.17		
-47.30   	-36.32   	 12.11   	 -66.12		
-48.52   	-36.62   	 11.84   	 -71.21		
-49.74   	-37.23   	 11.56   	 -40.69		
-50.66   	-39.06   	 11.39   	 -40.69		
-50.96   	-40.89   	 11.23   	 -45.78		
-50.96   	-42.42   	 11.05   	 -15.26		
-50.66   	-43.03   	 10.99   	 -20.35		
-50.66   	-42.42   	 10.91   	 -66.12		
-50.96   	-41.20   	 10.64   	 -15.26		
-51.27   	-40.59   	 10.58   	  55.95		
-51.57   	-40.59   	 10.80   	  40.69		
-51.57   	-40.89   	 10.97   	  30.52		
-51.27   	-41.20   	 11.09   	  50.86		
-50.96   	-41.20   	 11.29   	  50.86		
-50.35   	-40.89   	 11.50   	  10.17		
-50.35   	-40.89   	 11.54   	 -45.78		
-51.27   	-40.89   	 11.35   	 -86.47		
-52.80   	-41.20   	 11.01   	 -71.21		
-54.02   	-40.59   	 10.72   	 -40.69		
-54.63   	-39.67   	 10.56   	 -15.26		
-54.32   	-37.84   	 10.50   	  40.69		
-53.71   	-36.01   	 10.66   	  50.86		
-52.49   	-35.10   	 10.86   	  35.61		
-51.57   	-35.10   	 11.01   	  61.04		
-50.96   	-36.01   	 11.25   	  40.69		
-50.96   	-38.15   	 11.41   	  -5.09		
-51.27   	-39.98   	 11.39   	 -15.26		
-51.88   	-41.20   	 11.33   	 -30.52		
-52.19   	-41.20   	 11.21   	 -50.86		
-51.57   	-40.59   	 11.01   	 -50.86		
-50.96   	-39.67   	 10.80   	 -25.43		
-50.35   	-39.37   	 10.70   	   5.09		
-50.05   	-39.37   	 10.72   	  20.35		
-49.74   	-38.76   	 10.80   	  35.61		
-49.44   	-37.23   	 10.95   	  45.78		
-48.22   	-35.10   	 11.13   	  25.43		
-46.69   	-31.74   	 11.23   	  20.35		
-45.17   	-27.77   	 11.31   	  30.52		
-44.56   	-22.89   	 11.43   	   5.09		
-44.25   	-17.09   	 11.45   	 -25.43		
-44.25   	-10.99   	 11.35   	 -10.17		
-43.95   	 -5.19   	 11.31   	  15.26		
-43.33   	 -0.61   	 11.37   	   0.00		
-42.72   	  2.44   	 11.37   	 -10.17		
-41.81   	  4.88   	 11.33   	   0.00		
-42.11   	  7.63   	 11.33   	   0.00		
-42.72   	 10.38   	 11.33   	   5.09		
-44.25   	 12.21   	 11.35   	 -10.17		
-46.08   	 11.60   	 11.31   	  -5.09		
-47.91   	  8.24   	 11.29   	  15.26		
-48.83   	  3.05   	 11.35   	  20.35		
-47.61   	 -1.53   	 11.43   	  10.17		
-44.25   	 -3.97   	 11.48   	  40.69		
-38.76   	 -3.05   	 11.64   	  61.04		
-32.35   	  1.22   	 11.88   	  35.61		
-27.16   	  8.54   	 12.02   	   5.09		
-24.11   	 17.40   	 12.04   	   0.00		
-23.80   	 25.63   	 12.04   	 -35.61		
-25.02   	 29.60   	 11.90   	 -50.86		
-26.86   	 26.86   	 11.70   	 -25.43		
-27.47   	 18.31   	 11.60   	 -20.35		
-26.86   	  6.71   	 11.52   	 -40.69		
-24.72   	 -3.97   	 11.35   	 -45.78		
-22.58   	-10.99   	 11.17   	 -25.43		
-21.67   	-14.34   	 11.07   	 -15.26		
-21.97   	-15.56   	 11.01   	 -45.78		
-22.28   	-16.78   	 10.82   	 -66.12		
-21.06   	-19.84   	 10.56   	 -45.78		
-18.62   	-25.33   	 10.38   	 -25.43		
-16.78   	-33.57   	 10.27   	   5.09		
-18.92   	-43.64   	 10.29   	  55.95		
-26.25   	-52.80   	 10.52   	 116.99		
-36.32   	-57.07   	 10.99   	 178.03		
-45.47   	-55.54   	 11.70   	 198.37		
-51.27   	-50.35   	 12.49   	 223.80		
-52.80   	-46.08   	 13.39   	 208.54		
-51.88   	-46.08   	 14.22   	  76.30		
-50.96   	-49.74   	 14.53   	 -66.12		
-51.27   	-54.32   	 14.26   	-122.07		
-51.88   	-56.46   	 13.77   	-172.94		
-53.10   	-55.24   	 13.08   	-218.72		
-53.71   	-52.19   	 12.21   	-193.29		
-53.71   	-50.05   	 11.43   	-132.25		
-53.71   	-49.44   	 10.91   	 -10.17		
-53.71   	-50.35   	 10.86   	 167.85		
-53.71   	-51.57   	 11.54   	 289.93		
-53.41   	-51.57   	 12.70   	 315.36		
-53.10   	-50.35   	 13.96   	 315.36		
-52.49   	-48.83   	 15.22   	 284.84		
-51.57   	-47.30   	 16.36   	 152.59		
-50.96   	-46.69   	 16.97   	 -40.69		
-50.66   	-46.69   	 16.81   	-183.11		
-50.35   	-47.00   	 16.07   	-239.06		
-50.96   	-46.69   	 15.12   	-203.46		
-50.96   	-46.08   	 14.30   	 -10.17		
-49.74   	-45.17   	 14.26   	 122.07		
-47.00   	-43.64   	 14.75   	  61.04		
-43.64   	-42.11   	 14.99   	  -5.09		
-42.11   	-39.67   	 14.97   	 -50.86		
-46.69   	-33.87   	 14.77   	-116.99		
-59.51   	-23.19   	 14.30   	-167.85		
-77.82   	 -6.71   	 13.63   	-198.37		
-91.55   	 18.01   	 12.84   	-116.99		
-81.18   	 62.87   	 12.37   	 116.99		
-19.23   	147.09   	 12.84   	 213.63		
116.27   	289.31   	 13.69   	  96.64		
329.59   	495.61   	 14.08   	  35.61		
594.48   	743.41   	 14.22   	   5.09		
860.60   	983.28   	 14.24   	 -76.30		
1068.73   	1153.87   	 13.94   	   5.09		
1173.71   	1204.83(R)	 13.96   	 193.29		
1159.36   	1119.38   	 14.73   	 233.98		
1033.94   	921.02   	 15.67   	 101.73		
823.67   	668.03   	 16.07   	  15.26		
569.15   	428.47   	 16.13   	  25.43		
321.66   	253.91   	 16.24   	  20.35		
129.39   	155.94   	 16.32   	  25.43		
 20.45   	112.61   	 16.42   	 101.73		
-10.38   	 87.89   	 16.83   	 183.11		
  0.00   	 55.24   	 17.56   	 203.46		
  9.77   	 10.68   	 18.37   	  20.35		
 -2.14   	-33.26   	 18.45   	-289.93		
-29.91   	-62.87   	 17.29   	-396.74		
-55.85   	-75.38   	 15.71   	-356.05		
-67.44   	-77.51   	 14.28   	-412.00		
-67.14   	-78.43   	 12.63   	-432.35		
-63.48   	-83.01   	 10.91   	-305.19		
-64.09   	-90.33   	  9.68   	-122.07		
-68.97   	-97.05   	  9.20   	 111.90		
-74.16   	-100.71   	  9.64   	 406.92		
-77.21   	-101.01   	 11.27   	 686.67		
-77.21   	-100.10   	 14.02   	 874.87		
-75.99   	-99.18   	 17.52   	 946.08		
-74.46   	-98.88   	 21.30   	 844.35		
-73.55   	-98.88   	 24.68   	 498.47		
-73.85   	-99.18   	 26.67   	   0.00		
-74.77   	-98.88   	 26.67(A)  	-462.87		
-75.07   	-98.27   	 24.82   	-757.88		
-74.46   	-97.96   	 21.79   	-788.40		
-72.94   	-97.66   	 18.64   	-615.46		
-71.41   	-97.05   	 16.17   	-361.14		
-69.89   	-96.13   	 14.73   	 -86.47		
-68.97   	-95.21   	 14.38   	 172.94		
-68.66   	-94.60   	 15.08   	 381.48		
-67.75   	-94.30   	 16.60   	 437.43		
-65.92   	-93.38   	 18.35   	 361.14		
-62.87   	-91.55   	 19.80   	 239.06		
-59.81   	-88.81   	 20.75   	  66.12		
-57.37   	-86.36   	 21.02   	-142.42		
-55.85   	-84.23   	 20.45   	-305.19		
-54.93   	-82.70   	 19.23   	-345.88		
-54.63   	-81.18   	 17.84   	-228.89		
-54.02   	-79.35   	 16.93   	 -71.21		
-52.80   	-76.90   	 16.64   	  30.52		
-51.57   	-74.16   	 16.76   	  66.12		
-50.35   	-71.41   	 17.03   	  61.04		
-48.83   	-68.66   	 17.27   	  45.78		
-47.00   	-66.22   	 17.46   	  25.43		
-45.17   	-63.78   	 17.56   	  -5.09		
-42.72   	-61.04   	 17.54   	 -61.04		
-40.28   	-57.98   	 17.29   	-137.33		
-37.54   	-54.93   	 16.74   	-147.51		
-35.10   	-51.57   	 16.15   	-101.73		
-32.65   	-47.61   	 15.75   	 -30.52		
-29.91   	-43.33   	 15.63   	  91.56		
-26.86   	-38.15   	 15.99   	 183.11		
-22.58   	-32.35   	 16.72   	 147.51		
-17.40   	-25.94   	 17.31   	  71.21		
-11.29   	-18.62   	 17.60   	  35.61		
 -4.88   	-10.68   	 17.74   	 -15.26		
  1.83   	 -1.83   	 17.68   	-111.90		
  8.54   	  7.32   	 17.23   	-142.42		
 15.56   	 16.48   	 16.66   	-101.73		
 22.28   	 25.94   	 16.26   	 -55.95		
 28.99   	 35.71   	 16.03   	  30.52		
 35.71   	 46.08   	 16.15   	 122.07		
 42.42   	 56.15   	 16.64   	 116.99		
 47.61   	 65.92   	 17.11   	  81.38		
 51.27   	 74.16   	 17.44   	  55.95		
 52.49   	 79.65   	 17.66   	  -5.09		
 51.27   	 82.09   	 17.64   	 -86.47		
 47.61   	 81.48   	 17.29   	-132.25		
 42.42   	 77.82   	 16.76   	-106.82		
 35.71   	 71.11   	 16.34   	 -50.86		
 27.77   	 62.56   	 16.13   	 -10.17		
 19.84   	 52.49   	 16.09   	  10.17		
 11.90   	 42.72   	 16.13   	  40.69		
  4.58   	 32.96   	 16.30   	  45.78		
 -2.44   	 23.50   	 16.48   	  30.52		
 -9.46   	 14.04   	 16.60   	  30.52		
-15.87   	  4.58   	 16.72   	  10.17		
-21.36   	 -3.97   	 16.76   	  -5.09		
-25.94   	-11.60   	 16.74   	 -20.35		
-28.99   	-18.01   	 16.66   	 -35.61		
-30.52   	-22.89   	 16.52   	 -40.69		
-31.43   	-27.16   	 16.36   	 -25.43		
-32.04   	-30.82   	 16.26   	 -10.17		
-32.35   	-34.18   	 16.22   	 -10.17		
-33.26   	-36.62   	 16.17   	   5.09		
-34.18   	-38.45   	 16.20   	  20.35		
-34.79   	-39.37   	 16.28   	  25.43		
-34.79   	-39.67   	 16.38   	 -20.35		
-33.87   	-39.98   	 16.30   	 -61.04		
-32.04   	-40.59   	 16.05   	 -86.47		
-30.52   	-40.89   	 15.71   	-142.42		
-29.60   	-41.20   	 15.14   	-249.24		
-29.30   	-42.11   	 14.14   	-610.37		
-29.91   	-43.03   	 11.70   	-905.39		
-30.21   	-43.95   	  8.08   	-345.88		
-30.52   	-45.47   	  6.69   	 401.83		
-30.21   	-46.69   	  8.30   	 701.93		
-30.21   	-47.91   	 11.11   	1531.02		
-30.52   	-49.13   	 17.23   	1892.16		
-31.13   	-49.74   	 24.80   	 986.77		
-31.74   	-50.05   	 28.75   	 386.57		
-32.35   	-50.05   	 30.29(V)	-310.27		
-32.35   	-49.74   	 29.05   	-1566.63		
-32.04   	-50.05   	 22.79   	-1998.97		
-31.43   	-50.35   	 14.79   	-1495.42		
-31.13   	-50.96   	  8.81   	-834.18		
-30.52   	-51.57   	  5.47   	-167.85		
-30.52   	-52.19   	  4.80   	 473.04		
-30.52   	-52.19   	  6.69   	1098.67		
-30.52   	-51.88   	 11.09   	1429.29		
-30.21   	-51.27   	 16.81   	1037.64		
-29.60   	-51.27   	 20.96   	 381.48		
-28.99   	-51.27   	 22.48   	 -30.52		
-29.30   	-51.57   	 22.36   	-417.09		
-29.60   	-51.57   	 20.69   	-742.62		
-30.21   	-51.27   	 17.72   	-747.71		
-30.52   	-51.27   	 14.73   	-523.90		
-31.13   	-51.27   	 12.63   	-213.63		
-31.74   	-50.96   	 11.78   	 116.99		
-32.96   	-50.66   	 12.25   	 350.97		
-33.87   	-50.35   	 13.65   	 447.61		
-34.48   	-50.05   	 15.44   	 417.09		
-34.79   	-50.05   	 17.11   	 300.10		
-35.10   	-50.05   	 18.31   	 111.90		
-35.71   	-50.05   	 18.76   	-106.82		
-36.93   	-50.35   	 18.33   	-228.89		
-38.45   	-51.27   	 17.42   	-244.15		
-39.98   	-52.80   	 16.44   	-233.98		
-41.20   	-54.63   	 15.50   	-178.03		
-42.11   	-56.15   	 14.79   	 -15.26		
-43.03   	-56.76   	 14.73   	 127.16		
-43.33   	-56.46   	 15.24   	 167.85		
-43.64   	-55.85   	 15.91   	 157.68		
-43.95   	-55.24   	 16.54   	 127.16		
-43.64   	-54.93   	 17.05   	  61.04		
-43.64   	-55.24   	 17.29   	   5.09		
-43.64   	-55.85   	 17.31   	 -66.12		
-43.33   	-56.15   	 17.05   	-101.73		
-43.33   	-55.85   	 16.64   	-101.73		
-43.33   	-55.24   	 16.24   	 -91.56		
-43.03   	-54.93   	 15.87   	 -45.78		
-42.72   	-54.63   	 15.69   	 -10.17		
-42.72   	-54.93   	 15.65   	  20.35		
-42.72   	-54.93   	 15.73   	  61.04		
-43.03   	-54.93   	 15.97   	  71.21		
-43.33   	-54.63   	 16.26   	  25.43		
-43.33   	-54.63   	 16.36   	 -30.52		
-43.03   	-54.93   	 16.24   	 -66.12		
-42.72   	-55.54   	 15.97   	 -61.04		
-42.42   	-55.54   	 15.73   	 -50.86		
-42.42   	-55.24   	 15.52   	 -81.38		
-42.72   	-54.93   	 15.20   	 -76.30		
-43.64   	-55.24   	 14.89   	  10.17		
-44.25   	-55.85   	 14.93   	  30.52		
-44.25   	-56.15   	 15.06   	 -15.26		
-43.64   	-55.24   	 14.99   	 -15.26		
-42.11   	-53.71   	 14.93   	  25.43		
-40.89   	-51.88   	 15.04   	  10.17		
-40.89   	-51.27   	 15.08   	 -40.69		
-41.50   	-51.57   	 14.91   	 -15.26		
-42.11   	-52.19   	 14.85   	  25.43		
-42.11   	-52.19   	 14.95   	  25.43		
-41.20   	-51.27   	 15.06   	  10.17		
-40.28   	-50.35   	 15.10   	  10.17		
-40.28   	-50.35   	 15.14   	  -5.09		
-40.28   	-50.66   	 15.12   	 -15.26		
-40.59   	-51.27   	 15.06   	  -5.09		
-40.89   	-51.88   	 15.04   	 -30.52		
-40.89   	-51.88   	 14.91   	 -55.95		
-40.59   	-51.88   	 14.69   	 -45.78		
-40.59   	-51.88   	 14.51   	 -25.43		
-40.59   	-51.88   	 14.40   	 -45.78		
-40.59   	-51.57   	 14.22   	 -30.52		
-40.89   	-50.96   	 14.10   	  10.17		
-40.89   	-49.74   	 14.14   	  10.17		
-39.98   	-47.61   	 14.18   	  10.17		
-38.15   	-44.25   	 14.22   	  30.52		
-36.01   	-39.06   	 14.34   	 -10.17		
-34.48   	-32.35   	 14.30   	 -30.52		
-33.26   	-24.72   	 14.18   	 -15.26		
-32.35   	-17.40   	 14.12   	   0.00		
-31.43   	-11.29   	 14.12   	 -10.17		
-30.52   	 -6.41   	 14.08   	  -5.09		
-30.21   	 -2.75   	 14.06   	  25.43		
-30.82   	  0.00   	 14.16   	  20.35		
-32.65   	  2.14   	 14.24   	  -5.09		
-35.10   	  2.14   	 14.22   	 -20.35		
-37.54   	 -0.31   	 14.14   	 -25.43		
-39.06   	 -4.88   	 14.04   	 -30.52		
-38.76   	 -9.77   	 13.92   	 -35.61		
-36.32   	-13.12   	 13.77   	 -45.78		
-31.74   	-14.34   	 13.59   	 -20.35		
-26.25   	-13.12   	 13.51   	  10.17		
-20.75   	 -9.46   	 13.55   	  20.35		
-16.48   	 -3.97   	 13.63   	   5.09		
-14.04   	  3.36   	 13.65   	  20.35		
-13.43   	  9.46   	 13.73   	  45.78		
-14.34   	 11.29   	 13.92   	  30.52		
-15.87   	  6.71   	 14.04   	  10.17		
-17.09   	 -2.75   	 14.08   	 -15.26		
-16.48   	-14.04   	 14.02   	 -45.78		
-14.34   	-22.89   	 13.84   	 -50.86		
-11.29   	-27.77   	 13.63   	 -86.47		
 -9.16   	-29.30   	 13.29   	-106.82		
 -8.24   	-30.21   	 12.86   	 -66.12		
 -8.24   	-32.04   	 12.59   	 -45.78		
 -8.24   	-35.71   	 12.41   	 -50.86		
 -7.63   	-41.20   	 12.21   	  -5.09		
 -7.63   	-48.22   	 12.19   	  66.12		
-10.07   	-56.15   	 12.45   	  81.38		
-16.48   	-63.17   	 12.78   	  50.86		
-25.63   	-67.14   	 12.98   	  35.61		
-34.48   	-66.53   	 13.12   	 -10.17		
-40.59   	-63.17   	 13.08   	 -71.21		
-42.72   	-59.81   	 12.80   	-401.83		
-42.11   	-67.14   	 11.19   	 -96.64		
-42.72   	-70.19   	 10.80   	 101.73		
-43.33   	-70.19   	 11.21   	 244.15		
-44.25   	-68.36   	 12.19   	 289.93		
-44.86   	-66.22   	 13.35   	 254.32		
-45.47   	-65.31   	 14.36   	 178.03		
-46.08   	-64.70   	 15.08   	 111.90		
-46.08   	-64.39   	 15.52   	 101.73		
-45.78   	-63.48   	 15.93   	  81.38		
-45.17   	-62.56   	 16.26   	 -10.17		
-44.86   	-61.65   	 16.22   	 -55.95		
-44.25   	-60.73   	 15.99   	 -45.78		
-43.95   	-60.12   	 15.81   	 -35.61		
-42.72   	-59.51   	 15.67   	 -30.52		
-41.20   	-58.29   	 15.54   	 -20.35		
-39.98   	-57.07   	 15.46   	 -15.26		
-39.37   	-55.85   	 15.40   	 -50.86		
-39.37   	-54.63   	 15.20   	-101.73		
-39.98   	-53.71   	 14.79   	-122.07		
-40.89   	-51.88   	 14.30   	 -96.64		
-43.95   	-47.30   	 13.92   	 -61.04		
-51.88   	-37.54   	 13.67   	 -61.04		
-67.14   	-21.06   	 13.43   	 -20.35		
-86.36   	  2.14   	 13.35   	  71.21		
-96.74   	 35.71   	 13.63   	 142.42		
-74.16   	 92.77   	 14.20   	 101.73		
 10.68   	193.18   	 14.61   	  25.43		
177.00   	353.09   	 14.71   	 -50.86		
419.31   	571.90   	 14.51   	-101.73		
702.82   	818.18   	 14.10   	 -91.56		
971.68   	1035.16   	 13.73   	  15.26		
1169.74   	1159.36(R)	 13.79   	 116.99		
1257.02   	1149.29   	 14.26   	  86.47		
1220.70   	1002.20   	 14.61   	 -35.61		
1070.56   	761.41   	 14.47   	 -66.12		
834.66   	500.49   	 14.20   	 -25.43		
560.61   	289.00   	 14.10   	  81.38		
305.48   	162.35   	 14.43   	 183.11		
118.41   	110.47   	 15.16   	 208.54		
 21.67   	 93.99   	 15.99   	 172.94		
  0.31   	 73.24   	 16.68   	 122.07		
 11.29   	 31.13   	 17.17   	  61.04		
 14.34   	-21.97   	 17.42   	  45.78		
 -5.49   	-65.61   	 17.60   	  45.78		
-37.54   	-87.28   	 17.78   	-132.25		
-63.17   	-90.03   	 17.25   	-513.73		
-73.85   	-86.67   	 15.20   	-757.88		
-73.55   	-87.89   	 12.17   	-676.50		
-71.41   	-95.52   	  9.46   	-498.47		
-72.63   	-105.29   	  7.47   	-198.37		
-76.60   	-111.69   	  6.67   	 269.58		
-79.96   	-113.83   	  7.75   	 610.37		
-80.87   	-113.22   	 10.19   	 752.79		
-80.57   	-112.61   	 13.20   	 946.08		
-79.65   	-112.92   	 16.99   	1022.38		
-78.74   	-113.53   	 21.08   	 742.62		
-78.43   	-113.22   	 24.05   	 269.58		
-78.74   	-112.30   	 25.13   	-228.89		
-78.74   	-111.08   	 24.21   	-661.24		
-77.82   	-109.86   	 21.57   	-829.09		
-76.29   	-108.34   	 18.25   	-701.93		
-74.16   	-106.81   	 15.44   	-447.61		
-71.72   	-104.98   	 13.65   	-111.90		
-69.27   	-103.15   	 13.20   	 244.15		
-67.14   	-101.62   	 14.18   	 427.26		
-65.31   	-100.40   	 15.89   	 452.69		
-64.09   	-99.49   	 17.70   	 350.97		
-63.17   	-98.57   	 19.10   	 172.94		
-62.26   	-96.74   	 19.80   	 -20.35		
-61.34   	-94.60   	 19.72   	-188.20		
-60.73   	-92.16   	 18.96   	-228.89		
-59.81   	-89.72   	 18.05   	-193.29		
-58.90   	-87.89   	 17.27   	-142.42		
-57.68   	-85.75   	 16.70   	 -86.47		
-55.24   	-83.01   	 16.36   	 -45.78		
-52.80   	-79.65   	 16.17   	 -35.61		
-50.35   	-75.68   	 16.03   	 -45.78		
-48.83   	-72.33   	 15.85   	 -45.78		
-47.91   	-69.58   	 15.67   	 -50.86		
-46.69   	-67.75   	 15.46   	 -10.17		
-44.25   	-65.61   	 15.42   	  55.95		
-40.59   	-61.95   	 15.65   	 101.73		
-36.62   	-57.68   	 16.05   	  76.30		
-32.65   	-52.49   	 16.36   	 -15.26		
-28.99   	-47.61   	 16.30   	-106.82		
-25.63   	-42.72   	 15.87   	-147.51		
-21.36   	-37.23   	 15.28   	 -91.56		
-16.48   	-30.82   	 14.91   	  N/A		
