  I     	  II     	  LVp     	  LVp'		
-12.21   	-81.79   	 56.13   	1022.38		
-12.51   	-79.35   	 60.22   	 946.08		
-12.21   	-76.90   	 64.01   	 869.78		
-11.60   	-74.46   	 67.49   	 793.49		
-10.68   	-71.72   	 70.66   	 727.36		
 -9.77   	-68.66   	 73.57   	 671.41		
 -7.93   	-65.92   	 76.26   	 635.81		
 -5.80   	-63.48   	 78.80   	 600.20		
 -3.66   	-61.04   	 81.20   	 584.94		
 -2.14   	-57.68   	 83.54   	 564.60		
 -0.92   	-52.80   	 85.80   	 554.42		
  0.00   	-47.30   	 88.02   	 528.99		
  0.61   	-42.72   	 90.13   	 508.65		
  0.92   	-39.67   	 92.17   	 483.21		
  1.22   	-37.23   	 94.10   	 437.43		
  2.14   	-35.40   	 95.85   	 401.83		
  4.27   	-32.96   	 97.46   	 356.05		
  7.93   	-29.91   	 98.88   	 305.19		
 11.60   	-26.25   	100.10   	 254.32		Beg---------
 13.12   	-21.97   	101.12   	 203.46		
 12.82   	-17.70   	101.93   	 162.77		
 11.90   	-13.12   	102.58   	 116.99		
 12.82   	 -8.85   	103.05   	  81.38		
 16.78   	 -4.88   	103.38   	  61.04		
 22.58   	 -1.22   	103.62   	  40.69		
 28.08   	  2.14   	103.78   	  30.52		
 32.04   	  4.88   	103.91   	  30.52		
 33.87   	  6.71   	104.03   	  35.61		
 35.10   	  8.54   	104.17   	  40.69		
 36.93   	 10.38   	104.33   	  45.78		
 39.98   	 12.51   	104.52   	  50.86		
 43.33   	 14.34   	104.72   	  61.04		
 46.08   	 14.95   	104.96   	  61.04		
 47.91   	 14.34   	105.21   	  61.04		
 50.35   	 12.82   	105.45   	  66.12		
 53.71   	 10.68   	105.72   	  55.95		
 57.98   	  7.93   	105.94   	  50.86		
 62.56   	  4.27   	106.14   	  45.78		
 65.31   	 -1.22   	106.33   	  40.69		
 66.22   	 -9.16   	106.49   	  35.61		
 66.22   	-17.70   	106.63   	  25.43		
 67.14   	-25.33   	106.73   	  25.43		
 69.27   	-30.52   	106.84(S)	  15.26		
 71.72   	-34.48   	106.90   	  15.26		
 71.72   	-39.06   	106.96   	  15.26		
 68.36   	-45.47   	107.02   	   5.09		
 61.65   	-53.41   	107.04   	   0.00		
 53.71   	-61.04   	107.04   	  -5.09		
 46.69   	-67.14   	107.02   	 -15.26		
 40.59   	-72.33   	106.96   	 -30.52		
 35.40   	-79.04   	106.84   	 -35.61		
 30.21   	-88.50   	106.69   	 -55.95		
 23.50   	-99.79   	106.47   	 -66.12		
 16.78   	-111.39   	106.21   	 -86.47		
 10.99   	-121.15   	105.86   	 -91.56		
  6.10   	-129.09   	105.49   	-111.90		
  2.14   	-136.11   	105.05   	-122.07		
 -1.83   	-143.13   	104.56   	-132.25		
 -6.71   	-150.45   	104.03   	-147.51		
-11.60   	-156.56   	103.44   	-152.59		
-15.87   	-160.22   	102.83   	-167.85		
-18.62   	-161.13   	102.16   	-172.94		
-19.84   	-160.83   	101.46   	-198.37		
-20.45   	-160.22   	100.67   	-233.98		
-21.67   	-160.22   	 99.74   	-279.75		
-23.50   	-160.83   	 98.62   	-356.05		
-25.94   	-161.74   	 97.19   	-437.43		
-28.08   	-162.35   	 95.44   	-528.99		
-29.30   	-162.35   	 93.33   	-630.72		
-28.69   	-161.13   	 90.80   	-727.36		
-27.16   	-158.69   	 87.89   	-813.83		
-25.94   	-155.33   	 84.64   	-890.13		
-25.94   	-151.37   	 81.08   	-946.08		
-26.86   	-147.40   	 77.29   	-976.60		
-28.08   	-142.52   	 73.39   	-991.86		
-27.77   	-137.33   	 69.42   	-986.77		
-26.86   	-131.53   	 65.47   	-966.43		
-26.25   	-126.34   	 61.61   	-935.91		
-26.25   	-122.07   	 57.86   	-905.39		
-26.55   	-119.02   	 54.24   	-864.70		
-26.55   	-116.58   	 50.78   	-824.00		
-25.33   	-114.44   	 47.49   	-788.40		
-23.80   	-112.61   	 44.33   	-752.79		
-21.97   	-110.78   	 41.32   	-722.28		
-20.75   	-109.25   	 38.43   	-686.67		
-19.84   	-108.64   	 35.69   	-656.15		
-19.53   	-108.03   	 33.06   	-625.63		
-19.84   	-106.81   	 30.56   	-600.20		
-19.84   	-104.98   	 28.16   	-559.51		
-19.84   	-102.84   	 25.92   	-534.08		
-19.53   	-101.32   	 23.78   	-498.47		
-20.14   	-101.32   	 21.79   	-462.87		
-21.06   	-102.84   	 19.94   	-422.18		
-21.97   	-105.59   	 18.25   	-391.66		
-21.67   	-107.73   	 16.68   	-350.97		
-19.23   	-109.56   	 15.28   	-310.27		
-15.87   	-111.69   	 14.04   	-279.75		
-12.51   	-114.14   	 12.92   	-244.15		
-10.68   	-116.58   	 11.94   	-208.54		
-10.38   	-118.10   	 11.11   	-178.03		
-11.29   	-118.41   	 10.40   	-157.68		
-11.60   	-118.41   	  9.77   	-132.25		
-11.60   	-119.93   	  9.24   	-111.90		
-11.29   	-123.29   	  8.79   	 -96.64		
-11.60   	-127.87   	  8.40   	 -86.47		
-13.12   	-131.23   	  8.06   	 -81.38		
-14.95   	-133.06   	  7.73   	 -71.21		
-16.78   	-133.67   	  7.45   	 -61.04		
-17.40   	-133.67   	  7.20   	 -61.04		
-16.78   	-134.58   	  6.96   	 -55.95		
-15.56   	-135.50   	  6.73   	 -45.78		
-14.34   	-136.72   	  6.55   	 -45.78		
-13.73   	-136.72   	  6.37   	 -40.69		
-13.43   	-136.11   	  6.21   	 -30.52		
-13.73   	-135.50   	  6.08   	 -25.43		
-14.34   	-135.80   	  5.98   	 -25.43		
-15.26   	-137.02   	  5.88   	 -10.17		
-16.17   	-139.16   	  5.84   	 -10.17		
-17.09   	-141.60   	  5.80   	  -5.09		
-17.09   	-144.04   	  5.78   	   5.09		
-16.17   	-146.48   	  5.80   	   5.09		
-15.26   	-148.01   	  5.82   	  10.17		
-14.34   	-148.32   	  5.86   	  15.26		
-14.04   	-147.40   	  5.92   	  15.26		
-15.26   	-146.48   	  5.98   	  20.35		
-17.09   	-146.48   	  6.06   	  15.26		
-18.01   	-148.01   	  6.12   	  20.35		
-17.70   	-149.84   	  6.21   	  15.26		
-16.48   	-151.06   	  6.27   	  15.26		
-15.56   	-151.06   	  6.33   	  15.26		
-15.87   	-149.84   	  6.39   	  10.17		
-17.09   	-148.93   	  6.43   	  10.17		
-17.70   	-148.62   	  6.47   	   5.09		
-16.78   	-148.62   	  6.49   	   5.09		
-14.65   	-147.71   	  6.51   	   0.00		
-11.90   	-145.87   	  6.51   	   0.00		
-10.07   	-143.74   	  6.51   	   0.00		
 -8.85   	-141.91   	  6.51   	   0.00		
 -8.85   	-141.30   	  6.51   	   0.00		
 -9.77   	-141.91   	  6.51   	   0.00		
-11.29   	-143.13   	  6.51   	  -5.09		
-12.51   	-144.04   	  6.49   	   0.00		
-13.43   	-144.04   	  6.49   	  -5.09		
-13.12   	-142.52   	  6.47   	  -5.09		
-12.21   	-139.47   	  6.45   	  -5.09		
-10.07   	-134.28   	  6.43   	  -5.09		
 -7.32   	-124.82   	  6.41   	   0.00		
 -4.88   	-111.39   	  6.41   	  -5.09		
 -2.75   	-94.91   	  6.39   	  -5.09		
 -1.53   	-78.74   	  6.37   	   0.00		
 -0.31   	-66.53   	  6.37   	   5.09		
  1.53   	-60.12   	  6.39   	   0.00		
  3.05   	-59.51   	  6.39   	   5.09		
  3.36   	-61.04   	  6.41   	  10.17		
  2.75   	-60.73   	  6.45   	   5.09		
  1.22   	-55.85   	  6.47   	  10.17		
  0.92   	-45.17   	  6.51   	  10.17		
  2.75   	-29.30   	  6.55   	  10.17		
  6.41   	-12.51   	  6.59   	  10.17		
 10.99   	  0.92   	  6.63   	  15.26		
 15.56   	  6.71   	  6.69   	  10.17		
 19.23   	  4.27   	  6.73   	  15.26		
 22.28   	 -4.27   	  6.80   	  10.17		
 24.11   	-14.95   	  6.84   	  10.17		
 23.80   	-25.02   	  6.88   	  15.26		
 21.36   	-34.79   	  6.94   	  10.17		
 17.09   	-46.08   	  6.98   	  15.26		
 12.21   	-59.51   	  7.04   	  10.17		
  7.93   	-73.85   	  7.08   	  10.17		
  3.05   	-87.28   	  7.12   	   5.09		
 -3.36   	-98.57   	  7.14   	  10.17		
-10.38   	-107.42   	  7.18   	   5.09		
-16.17   	-114.44   	  7.20   	  10.17		
-18.92   	-121.15   	  7.24   	   5.09		
-18.01   	-127.87   	  7.26   	   5.09		
-15.56   	-134.89   	  7.28   	  10.17		
-14.65   	-140.69   	  7.32   	   5.09		
-16.48   	-144.96   	  7.34   	  15.26		
-20.14   	-147.09   	  7.41   	  15.26		
-22.58   	-147.40   	  7.47   	  20.35		
-22.89   	-146.79   	  7.55   	  20.35		
-20.75   	-146.18   	  7.63   	  25.43		
-18.31   	-145.57   	  7.73   	  30.52		
-17.70   	-144.65   	  7.85   	  25.43		
-19.84   	-146.18   	  7.96   	  30.52		
-24.72   	-152.28   	  8.08   	  30.52		
-31.13   	-163.88   	  8.20   	  30.52		
-36.93   	-179.44   	  8.32   	  30.52		
-39.06   	-194.70   	  8.44   	  35.61		
-33.57   	-198.97   	  8.59   	  35.61		
-15.87   	-173.95   	  8.73   	  45.78		
 18.92   	-94.30   	  8.91   	  50.86		
 73.24   	 64.39   	  9.11   	  55.95		
144.96   	310.36   	  9.34   	  71.21		
227.05   	621.34   	  9.62   	  81.38		
307.31   	936.28   	  9.95   	  91.56		
367.43   	1160.89   	 10.32   	 106.82		
389.71   	1202.70(R)	 10.74(E)	 122.07		
362.85   	1015.93   	 11.23   	 127.16		
288.70   	639.95   	 11.74   	 142.42		
186.77   	194.40   	 12.31   	 147.51		
 88.20   	-176.09   	 12.90   	 157.68		
 21.36   	-373.23   	 13.53   	 152.59		
 -3.66   	-394.29   	 14.14   	 147.51		
  1.53   	-309.45   	 14.73   	 147.51		
 14.65   	-205.08   	 15.32   	 132.25		
 17.40   	-132.75   	 15.85   	 127.16		
  6.10   	-98.88   	 16.36   	 127.16		
-10.38   	-85.14   	 16.87   	 137.33		
-22.28   	-76.90   	 17.42   	 157.68		
-25.63   	-71.11   	 18.05   	 193.29		
-23.80   	-69.58   	 18.82   	 254.32		
-21.06   	-71.11   	 19.84   	 330.62		
-20.14   	-72.33   	 21.16   	 417.09		
-21.06   	-71.11   	 22.83   	 518.82		
-21.67   	-67.44   	 24.90   	 635.81		
-21.36   	-63.17   	 27.45   	 742.62		
-20.45   	-59.51   	 30.42   	 854.52		
-19.23   	-57.68   	 33.84   	 940.99		
-19.53   	-58.29   	 37.60   	1012.20		
-20.45   	-59.81   	 41.65   	1057.98		
-21.06   	-61.34   	 45.88   	1068.15		
-19.84   	-61.04   	 50.15   	1047.81		
-16.48   	-57.68   	 54.34   	1002.03		
-12.51   	-52.49   	 58.35   	 940.99		
 -9.46   	-46.69   	 62.12   	 859.61		
 -7.93   	-42.11   	 65.55   	 778.23		
 -7.93   	-39.37   	 68.67   	 701.93		
 -7.93   	-37.23   	 71.47   	 640.89		
 -7.63   	-34.18   	 74.04   	 584.94		
 -7.02   	-29.60   	 76.38   	 549.34		
 -6.41   	-24.11   	 78.58   	 523.90		
 -4.88   	-18.62   	 80.67   	 513.73		
 -2.75   	-13.12   	 82.73   	 513.73		
  0.31   	 -8.24   	 84.78   	 513.73		
  2.75   	 -3.66   	 86.84   	 518.82		
  3.66   	 -0.31   	 88.91   	 513.73		
  3.05   	  1.83   	 90.97   	 503.56		
  1.83   	  2.14   	 92.98   	 488.30		
  2.14   	  2.44   	 94.93   	 457.78		
  4.88   	  3.97   	 96.76   	 412.00		
  8.85   	  8.24   	 98.41   	 366.22		
 12.82   	 14.04   	 99.88   	 305.19		
 14.65   	 20.75   	101.10   	 249.24		
 14.65   	 26.25   	102.10   	 193.29		
 14.04   	 29.91   	102.87   	 142.42		
 14.65   	 32.35   	103.44   	  96.64		
 17.40   	 34.48   	103.82   	  66.12		
 21.67   	 37.54   	104.09   	  40.69		
 25.63   	 40.89   	104.25   	  25.43		
 28.08   	 44.56   	104.35   	  15.26		
 29.30   	 47.91   	104.41   	  20.35		
 31.13   	 50.35   	104.50   	  20.35		
 34.48   	 52.80   	104.58   	  30.52		
 39.67   	 54.93   	104.70   	  35.61		
 45.47   	 56.15   	104.84   	  40.69		
 50.05   	 56.46   	105.00   	  45.78		
 53.10   	 54.93   	105.19   	  45.78		
 54.93   	 51.88   	105.37   	  40.69		
 57.07   	 47.61   	105.53   	  45.78		
 60.12   	 42.72   	105.72   	  35.61		
 63.48   	 36.93   	105.86   	  35.61		
 66.22   	 30.21   	106.00   	  30.52		
 67.44   	 23.19   	106.12   	  25.43		
 67.14   	 16.17   	106.23   	  25.43		
 67.14   	  9.77   	106.33   	  15.26		
 67.14   	  3.97   	106.39   	  10.17		
 66.53   	 -1.22   	106.43   	   5.09		
 64.70   	 -6.71   	106.45(S)	   0.00		
 60.42   	-12.51   	106.45   	 -10.17		
 54.02   	-18.01   	106.41   	 -20.35		
 46.39   	-23.19   	106.33   	 -25.43		
 38.45   	-27.47   	106.23   	 -45.78		
 31.43   	-31.74   	106.04   	 -55.95		
 25.94   	-37.23   	105.82   	 -66.12		
 21.36   	-44.86   	105.55   	 -81.38		
 16.78   	-53.71   	105.23   	 -86.47		
 11.29   	-63.48   	104.88   	-101.73		
  4.88   	-72.02   	104.48   	-111.90		
 -2.14   	-78.43   	104.03   	-122.07		
 -8.54   	-83.62   	103.54   	-132.25		
-13.12   	-88.20   	103.01   	-142.42		
-16.48   	-93.08   	102.44   	-147.51		
-18.62   	-97.96   	101.85   	-147.51		
-20.75   	-101.01   	101.26   	-157.68		
-22.28   	-101.62   	100.63   	-172.94		
-24.41   	-100.40   	 99.94   	-203.46		
-26.55   	-98.57   	 99.12   	-254.32		
-28.08   	-97.35   	 98.11   	-325.53		
-28.69   	-97.35   	 96.81   	-412.00		
-28.38   	-97.96   	 95.16   	-508.65		
-27.47   	-97.96   	 93.12   	-610.37		
-26.86   	-96.13   	 90.68   	-712.10		
-27.16   	-92.47   	 87.83   	-803.66		
-28.08   	-87.28   	 84.62   	-885.04		
-29.60   	-81.79   	 81.08   	-935.91		
-30.52   	-77.21   	 77.33   	-976.60		
-30.82   	-74.16   	 73.43   	-991.86		
-29.91   	-71.41   	 69.46   	-981.68		
-28.69   	-69.27   	 65.53   	-971.51		
-27.47   	-66.83   	 61.65   	-940.99		
-27.16   	-63.17   	 57.88   	-905.39		
-27.47   	-58.90   	 54.26   	-869.78		
-27.47   	-54.63   	 50.78   	-829.09		
-26.55   	-51.27   	 47.47   	-793.49		
-24.72   	-49.44   	 44.29   	-762.97		
-22.28   	-48.52   	 41.24   	-732.45		
-21.36   	-47.91   	 38.31   	-701.93		
-22.58   	-47.00   	 35.50   	-666.32		
-24.72   	-45.78   	 32.84   	-645.98		
-26.25   	-44.56   	 30.25   	-610.37		
-25.33   	-43.95   	 27.81   	-579.86		
-22.58   	-43.33   	 25.49   	-544.25		
-19.23   	-42.72   	 23.32   	-508.65		
-17.40   	-42.11   	 21.28   	-473.04		
-17.70   	-42.42   	 19.39   	-437.43		
-19.23   	-43.95   	 17.64   	-391.66		
-20.75   	-46.39   	 16.07   	-356.05		
-21.06   	-48.83   	 14.65   	-315.36		
-20.45   	-51.27   	 13.39   	-274.67		
-20.14   	-53.71   	 12.29   	-244.15		
-20.14   	-55.54   	 11.31   	-208.54		
-19.84   	-57.68   	 10.48   	-183.11		
-19.23   	-59.81   	  9.75   	-152.59		
-18.31   	-62.26   	  9.14   	-132.25		
-17.09   	-64.39   	  8.61   	-116.99		
-17.70   	-66.22   	  8.14   	 -96.64		
-19.84   	-68.05   	  7.75   	 -91.56		
-22.58   	-69.27   	  7.39   	 -76.30		
-24.41   	-70.50   	  7.08   	 -76.30		
-24.41   	-71.72   	  6.78   	 -66.12		
-23.80   	-72.94   	  6.51   	 -61.04		
-23.80   	-74.77   	  6.27   	 -61.04		
-24.11   	-76.29   	  6.02   	 -55.95		
-24.41   	-77.82   	  5.80   	 -50.86		
-24.11   	-78.74   	  5.60   	 -40.69		
-23.50   	-79.65   	  5.43   	 -40.69		
-23.19   	-80.26   	  5.27   	 -35.61		
-23.50   	-80.57   	  5.13   	 -25.43		
-24.11   	-81.18   	  5.03   	 -25.43		
-23.80   	-82.09   	  4.92   	 -20.35		
-22.58   	-83.31   	  4.84   	 -15.26		
-21.67   	-84.53   	  4.78   	 -10.17		
-21.36   	-86.06   	  4.74   	 -10.17		
-22.28   	-87.28   	  4.70   	 -10.17		
-24.11   	-88.50   	  4.66   	  -5.09		
-25.63   	-89.11   	  4.64   	   0.00		
-26.25   	-89.11   	  4.64   	  -5.09		
-25.33   	-88.50   	  4.62(D)	   5.09		
-23.50   	-87.59   	  4.64   	   0.00		
-21.36   	-86.98   	  4.64   	   5.09		
-20.75   	-87.28   	  4.66   	   5.09		
-21.06   	-88.81   	  4.68   	  10.17		
-21.97   	-90.94   	  4.72   	  10.17		
-23.19   	-93.08   	  4.76   	  10.17		
-24.11   	-94.30   	  4.80   	  10.17		
-24.72   	-94.30   	  4.84   	  15.26		
-25.33   	-93.69   	  4.90   	  15.26		
-25.33   	-93.38   	  4.96   	  10.17		
-24.41   	-93.38   	  5.01   	  15.26		
-23.50   	-93.69   	  5.07   	  15.26		
-22.58   	-93.38   	  5.13   	  10.17		
-22.28   	-93.08   	  5.17   	  15.26		
-21.97   	-92.16   	  5.23   	  10.17		
-21.36   	-90.94   	  5.27   	  10.17		
-20.75   	-88.50   	  5.31   	  10.17		
-19.84   	-83.62   	  5.35   	  10.17		
-18.62   	-75.68   	  5.39   	   5.09		
-16.78   	-65.00   	  5.41   	  10.17		
-14.65   	-52.80   	  5.45   	   5.09		
-12.82   	-39.98   	  5.47   	   5.09		
-11.29   	-28.38   	  5.49   	   0.00		
 -9.16   	-18.92   	  5.49   	   5.09		
 -6.41   	-13.43   	  5.51   	   5.09		
 -3.36   	-12.51   	  5.53   	   0.00		
 -1.22   	-13.73   	  5.53   	   0.00		
 -0.31   	-13.43   	  5.53   	   0.00		
  0.00   	 -7.32   	  5.53   	   5.09		
  1.22   	  6.10   	  5.55   	   0.00		
  3.36   	 23.50   	  5.55   	   0.00		
  5.80   	 38.76   	  5.55   	   5.09		
  8.54   	 46.69   	  5.57   	   0.00		
 11.29   	 46.08   	  5.57   	   5.09		
 15.26   	 39.06   	  5.60   	   0.00		
 19.84   	 28.99   	  5.60   	   0.00		
 23.19   	 19.84   	  5.60   	   0.00		
 23.50   	 11.60   	  5.60   	   5.09		
 20.75   	  2.14   	  5.62   	   0.00		
 15.26   	 -9.46   	  5.62   	   0.00		
  9.16   	-23.50   	  5.62   	   0.00		
  3.36   	-37.84   	  5.62   	   5.09		
 -2.44   	-50.35   	  5.64   	   0.00		
 -8.85   	-60.12   	  5.64   	   5.09		
-15.56   	-68.36   	  5.66   	  10.17		
-21.67   	-76.60   	  5.70   	   5.09		
-25.02   	-85.14   	  5.72   	  10.17		
-24.41   	-93.38   	  5.76   	  15.26		
-21.36   	-100.71   	  5.82   	  10.17		
-18.62   	-105.90   	  5.86   	  15.26		
-18.31   	-108.95   	  5.92   	  20.35		
-21.06   	-109.86   	  6.00   	  20.35		
-24.72   	-108.95   	  6.08   	  20.35		
-27.77   	-107.42   	  6.16   	  25.43		
-28.69   	-105.59   	  6.27   	  25.43		
-29.30   	-104.37   	  6.37   	  30.52		
-29.60   	-104.98   	  6.49   	  30.52		
-31.13   	-109.25   	  6.61   	  30.52		
-34.79   	-117.80   	  6.73   	  30.52		
-40.28   	-130.31   	  6.86   	  35.61		
-46.08   	-145.57   	  7.00   	  35.61		
-47.61   	-158.69   	  7.14   	  45.78		
-37.54   	-158.39   	  7.32   	  55.95		
 -9.77   	-122.68   	  7.55   	  66.12		
 39.98   	-24.72   	  7.81   	  81.38		
110.78   	159.00   	  8.14   	 101.73		
196.23   	427.55   	  8.55   	 122.07		
286.56   	743.71   	  9.03   	 147.51		
365.91   	1029.05   	  9.62   	 162.77		
415.34   	1181.64(R)	 10.27(E)	 172.94		
418.09   	1120.91   	 10.97   	 172.94		
365.30   	837.71   	 11.66   	 172.94		
266.11   	414.12   	 12.35   	 152.59		
149.23   	 -4.58   	 12.96   	 127.16		
 50.05   	-284.73   	 13.47   	  86.47		
 -5.80   	-374.76   	 13.81   	  50.86		
-16.17   	-319.82   	 14.02   	   5.09		
 -1.53   	-212.10   	 14.04   	 -40.69		
 11.90   	-125.43   	 13.88   	 -71.21		
  9.16   	-82.09   	 13.59   	 -86.47		
 -6.71   	-65.92   	 13.25   	 -86.47		
-22.89   	-54.93   	 12.90   	 -55.95		
-30.52   	-43.64   	 12.68   	   0.00		
-28.99   	-37.54   	 12.68   	  76.30		
-24.11   	-39.06   	 12.98   	 183.11		
-21.06   	-43.95   	 13.71   	 305.19		
-21.36   	-46.08   	 14.93   	 432.35		
-22.58   	-43.33   	 16.66   	 574.77		
-23.19   	-37.54   	 18.96   	 707.02		
-22.89   	-31.74   	 21.79   	 834.18		
-21.67   	-28.38   	 25.13   	 956.25		
-21.06   	-27.16   	 28.95   	1052.90		
-20.45   	-26.25   	 33.16   	1119.02		
-19.84   	-24.41   	 37.64   	1164.80		
-18.62   	-21.36   	 42.30   	1159.71		
-17.09   	-17.70   	 46.94   	1129.19		
-16.17   	-14.65   	 51.45   	1068.15		
-16.17   	-12.51   	 55.73   	 986.77		
-16.17   	-10.99   	 59.67   	 895.22		
-15.26   	 -9.46   	 63.26   	 818.92		
-13.12   	 -7.63   	 66.53   	 747.71		
-10.38   	 -4.88   	 69.52   	 691.76		
 -7.02   	 -1.53   	 72.29   	 656.15		
 -4.58   	  2.14   	 74.91   	 640.89		
 -3.36   	  6.10   	 77.48   	 625.63		
 -3.05   	  9.77   	 79.98   	 620.55		
 -2.75   	 13.12   	 82.46   	 610.37		
 -1.83   	 16.17   	 84.90   	 600.20		
  0.00   	 19.84   	 87.30   	 574.77		
  2.14   	 23.80   	 89.60   	 544.25		
  3.66   	 28.38   	 91.78   	 503.56		
  4.27   	 32.65   	 93.79   	 462.87		
  4.27   	 36.32   	 95.65   	 401.83		
  4.27   	 39.67   	 97.25   	 350.97		
  5.19   	 43.33   	 98.66   	 289.93		
  7.32   	 47.61   	 99.82   	 239.06		
 10.07   	 52.80   	100.77   	 183.11		
 12.82   	 57.68   	101.51   	 142.42		
 14.95   	 60.73   	102.07   	 101.73		
 16.78   	 62.56   	102.48   	  76.30		
 18.62   	 63.78   	102.79   	  55.95		
 21.06   	 65.92   	103.01   	  40.69		
 24.41   	 69.58   	103.17   	  30.52		
 28.38   	 73.24   	103.30   	  25.43		
 32.04   	 76.29   	103.40   	  15.26		
 36.01   	 77.51   	103.46   	  10.17		
 40.28   	 76.90   	103.50   	   5.09		
 44.25   	 75.38   	103.52(S)	   0.00		
 47.61   	 73.24   	103.52   	   0.00		
 49.13   	 71.11   	103.52   	  -5.09		
 50.66   	 69.27   	103.50   	  -5.09		
 53.41   	 66.22   	103.48   	 -10.17		
 57.98   	 61.65   	103.44   	 -10.17		
 63.48   	 54.93   	103.40   	 -10.17		
 67.75   	 47.61   	103.36   	 -10.17		
 69.58   	 40.59   	103.32   	 -15.26		
 68.97   	 35.10   	103.25   	 -10.17		
 66.83   	 30.52   	103.21   	 -10.17		
 64.70   	 25.94   	103.17   	 -10.17		
 62.87   	 21.06   	103.13   	 -10.17		
 60.73   	 16.78   	103.09   	 -15.26		
 57.68   	 13.12   	103.03   	 -15.26		
 53.10   	 10.68   	102.97   	 -30.52		
 47.00   	  8.85   	102.85   	 -30.52		
 39.98   	  6.71   	102.73   	 -45.78		
 33.57   	  3.66   	102.54   	 -50.86		
 27.77   	 -1.22   	102.34   	 -66.12		
 22.89   	 -7.32   	102.07   	 -76.30		
 18.01   	-15.26   	101.77   	 -86.47		
 12.21   	-25.02   	101.42   	 -96.64		
  5.49   	-36.32   	101.04   	-111.90		
 -1.53   	-48.22   	100.59   	-116.99		
 -7.63   	-58.59   	100.12   	-132.25		
-11.90   	-65.61   	 99.59   	-142.42		
-14.95   	-68.97   	 99.02   	-147.51		
-17.09   	-70.19   	 98.43   	-162.77		
-19.23   	-71.41   	 97.78   	-178.03		
-22.28   	-73.55   	 97.07   	-208.54		
-25.94   	-75.99   	 96.24   	-259.41		
-28.99   	-78.43   	 95.20   	-320.45		
-31.13   	-79.96   	 93.92   	-401.83		
-31.74   	-80.57   	 92.31   	-488.30		
-30.82   	-80.57   	 90.36   	-574.77		
-29.30   	-79.96   	 88.06   	-666.32		
-28.69   	-79.04   	 85.39   	-747.71		
-29.60   	-78.13   	 82.40   	-813.83		
-31.43   	-76.90   	 79.15   	-869.78		
-33.26   	-75.38   	 75.67   	-905.39		
-33.57   	-73.24   	 72.04   	-935.91		
-32.65   	-69.27   	 68.30   	-935.91		
-30.21   	-64.09   	 64.56   	-935.91		
-27.77   	-58.59   	 60.81   	-925.73		
-26.25   	-53.71   	 57.11   	-900.30		
-26.25   	-50.96   	 53.51   	-879.96		
-26.86   	-49.74   	 49.99   	-844.35		
-27.16   	-49.44   	 46.61   	-818.92		
-26.55   	-48.52   	 43.34   	-788.40		
-25.33   	-46.69   	 40.18   	-752.79		
-23.50   	-44.25   	 37.17   	-722.28		
-22.58   	-41.81   	 34.28   	-686.67		
-22.28   	-39.37   	 31.54   	-656.15		
-21.97   	-37.23   	 28.91   	-620.55		
-21.36   	-36.01   	 26.43   	-590.03		
-20.45   	-36.62   	 24.07   	-559.51		
-19.53   	-38.76   	 21.83   	-523.90		
-18.62   	-41.81   	 19.74   	-483.21		
-18.01   	-44.56   	 17.80   	-452.69		
-17.40   	-46.08   	 15.99   	-417.09		
-17.40   	-47.00   	 14.32   	-376.40		
-18.01   	-47.30   	 12.82   	-335.71		
-19.23   	-47.61   	 11.48   	-305.19		
-20.75   	-47.91   	 10.25   	-264.50		
-21.67   	-49.13   	  9.20   	-228.89		
-21.36   	-51.57   	  8.28   	-198.37		
-20.14   	-55.85   	  7.49   	-167.85		
-18.62   	-60.42   	  6.82   	-147.51		
-18.31   	-64.09   	  6.23   	-127.16		
-19.23   	-66.53   	  5.72   	-111.90		
-20.45   	-67.44   	  5.27   	 -96.64		
-21.36   	-68.66   	  4.88   	 -86.47		
-21.67   	-70.50   	  4.54   	 -81.38		
-21.67   	-73.55   	  4.21   	 -71.21		
-22.28   	-76.90   	  3.93   	 -61.04		
-23.19   	-79.04   	  3.68   	 -61.04		
-22.89   	-80.26   	  3.44   	 -50.86		
-21.97   	-80.26   	  3.23   	 -45.78		
-21.06   	-80.26   	  3.05   	 -40.69		
-20.45   	-80.57   	  2.89   	 -30.52		
-20.75   	-80.87   	  2.77   	 -30.52		
-21.36   	-81.18   	  2.64   	 -20.35		
-21.97   	-81.18   	  2.56   	 -15.26		
-23.50   	-81.18   	  2.50   	 -15.26		
-25.63   	-82.40   	  2.44   	 -10.17		
-27.47   	-84.84   	  2.40   	 -10.17		
-27.77   	-87.28   	  2.36   	  -5.09		
-26.55   	-88.20   	  2.34   	 -10.17		
-25.33   	-86.67   	  2.30   	  -5.09		
-24.41   	-83.62   	  2.28   	  -5.09		
-24.11   	-82.09   	  2.26   	  -5.09		
-23.80   	-82.40   	  2.24(D)	   0.00		
-22.89   	-84.53   	  2.24   	   0.00		
-22.58   	-86.67   	  2.24   	   0.00		
-22.89   	-87.59   	  2.24   	   0.00		
-24.11   	-87.59   	  2.24   	   5.09		
-25.33   	-86.98   	  2.26   	   5.09		
-25.63   	-85.45   	  2.28   	   5.09		
-24.72   	-83.01   	  2.30   	  10.17		
-23.50   	-78.13   	  2.34   	   5.09		
-21.97   	-70.50   	  2.36   	  10.17		
-20.75   	-60.12   	  2.40   	  10.17		
-19.53   	-49.13   	  2.44   	  15.26		
-17.40   	-39.37   	  2.50   	  15.26		
-14.65   	-32.65   	  2.56   	  10.17		
-10.99   	-29.30   	  2.60   	  15.26		
 -7.63   	-27.47   	  2.67   	  15.26		
 -5.49   	-24.11   	  2.73   	  10.17		
 -5.19   	-18.31   	  2.77   	  15.26		
 -5.49   	-10.38   	  2.83   	  10.17		
 -4.58   	  0.00   	  2.87   	  10.17		
 -2.44   	 12.82   	  2.91   	  10.17		
  1.22   	 27.47   	  2.95   	  10.17		
  4.27   	 41.20   	  2.99   	   5.09		
  6.41   	 50.66   	  3.01   	  10.17		
  9.16   	 52.19   	  3.05   	   5.09		
 13.12   	 45.78   	  3.07   	   5.09		
 18.31   	 34.48   	  3.09   	  10.17		
 21.67   	 22.58   	  3.13   	   0.00		
 20.45   	 10.99   	  3.13   	   5.09		
 14.65   	 -1.83   	  3.15   	   5.09		
  6.41   	-16.78   	  3.17   	   0.00		
 -1.22   	-32.96   	  3.17   	   5.09		
 -7.63   	-47.61   	  3.19   	   0.00		
-13.43   	-59.51   	  3.19   	   5.09		
-19.84   	-68.66   	  3.21   	   5.09		
-26.55   	-76.90   	  3.23   	   5.09		
-31.43   	-84.84   	  3.26   	  10.17		
-32.96   	-91.25   	  3.30   	  10.17		
-31.74   	-96.74   	  3.34   	  15.26		
-29.91   	-101.62   	  3.40   	  15.26		
-28.69   	-105.90   	  3.46   	  20.35		
-29.30   	-109.56   	  3.54   	  25.43		
-31.13   	-111.69   	  3.64   	  30.52		
-34.18   	-112.30   	  3.76   	  35.61		
-36.62   	-112.30   	  3.91   	  40.69		
-37.84   	-112.61   	  4.07   	  50.86		
-36.93   	-113.53   	  4.27   	  61.04		
-35.71   	-114.75   	  4.52   	  71.21		
-36.32   	-118.41   	  4.80   	  81.38		
-40.89   	-126.04   	  5.13   	  96.64		
-48.83   	-139.77   	  5.51   	 111.90		
-55.85   	-158.39   	  5.96   	 127.16		
-54.32   	-175.78   	  6.47   	 137.33		
-37.54   	-174.87   	  7.02   	 147.51		
 -0.31   	-128.48   	  7.61   	 142.42		
 58.59   	 -7.02   	  8.18   	 132.25		
136.11   	209.66   	  8.71   	 106.82		
224.30   	511.78   	  9.14   	  71.21		
311.28   	846.86   	  9.42   	  30.52		
378.42   	1118.47   	  9.54   	 -20.35		
404.97   	1217.65(R)	  9.46(E)	 -66.12		
375.67   	1079.71   	  9.20   	-111.90		
289.61   	733.95   	  8.75   	-157.68		
167.54   	298.46   	  8.12   	-183.11		
 47.61   	-75.07   	  7.39   	-208.54		
-33.87   	-284.12   	  6.55   	-203.46		
-61.04   	-326.54   	  5.74   	-193.29		
-46.39   	-272.52   	  4.96   	-157.68		
-18.92   	-197.75   	  4.33   	-106.82		
 -3.66   	-139.77   	  3.91   	 -40.69		
 -8.24   	-98.57   	  3.74   	  30.52		
-22.89   	-64.39   	  3.87   	 111.90		
-35.10   	-38.15   	  4.31   	 193.29		
-39.06   	-28.08   	  5.09   	 269.58		
-36.62   	-35.10   	  6.16   	 356.05		
-32.96   	-47.00   	  7.59   	 422.18		
-30.82   	-51.88   	  9.28   	 498.47		
-30.82   	-46.08   	 11.27   	 559.51		
-31.74   	-36.62   	 13.51   	 630.72		
-32.65   	-30.82   	 16.03   	 691.76		
-32.96   	-32.04   	 18.80   	 768.05		
-32.35   	-36.93   	 21.87   	 849.44		
-30.52   	-40.28   	 25.27   	 935.91		
-28.08   	-38.45   	 29.01   	1012.20		
-25.94   	-31.13   	 33.06   	1073.24		
-24.41   	-22.58   	 37.35   	1119.02		
-24.11   	-15.87   	 41.83   	1139.36		
-24.11   	-12.82   	 46.39   	1119.02		
-23.50   	-12.21   	 50.86   	1088.50		
-21.67   	-11.60   	 55.22   	1022.38		
-18.92   	 -9.46   	 59.31   	 951.17		
-16.17   	 -6.10   	 63.11   	 869.78		
-14.65   	 -1.83   	 66.59   	 793.49		
-14.34   	  1.83   	 69.77   	 732.45		
-14.04   	  5.49   	 72.70   	 671.41		
-13.43   	  9.16   	 75.38   	 635.81		
-11.60   	 13.12   	 77.92   	 600.20		
 -9.16   	 17.40   	 80.33   	 579.86		
 -7.02   	 20.75   	 82.64   	 554.42		
 -5.49   	 22.58   	 84.86   	 528.99		
 -4.58   	 23.19   	 86.98   	 503.56		
 -3.05   	 23.50   	 88.99   	 467.95		
 -0.61   	 24.41   	 90.86   	 427.26		
  2.14   	 26.55   	 92.57   	 386.57		
  4.27   	 29.30   	 94.12   	 335.71		
  4.88   	 32.35   	 95.46   	 289.93		
  4.88   	 34.48   	 96.62   	 244.15		
  5.80   	 35.10   	 97.60   	 193.29		
  7.93   	 34.79   	 98.37   	 147.51		
 11.90   	 36.01   	 98.96   	 111.90		
 16.78   	 39.37   	 99.41   	  81.38		
 21.06   	 44.25   	 99.74   	  55.95		
 24.41   	 47.91   	 99.96   	  30.52		
 27.16   	 47.91   	100.08   	  15.26		
 29.91   	 43.95   	100.14(S)	   0.00		
 33.26   	 38.45   	100.14   	  -5.09		
 37.23   	 33.87   	100.12   	 -15.26		
 41.50   	 31.43   	100.06   	 -15.26		
 45.17   	 29.91   	100.00   	 -20.35		
 48.22   	 28.38   	 99.92   	 -25.43		
 51.27   	 25.63   	 99.82   	 -30.52		
 53.71   	 21.67   	 99.69   	 -35.61		
 55.54   	 16.78   	 99.55   	 -40.69		
 56.46   	 11.90   	 99.39   	 -45.78		
 57.98   	  7.93   	 99.21   	 -55.95		
 59.81   	  5.49   	 98.98   	 -61.04		
 62.56   	  3.36   	 98.74   	 -66.12		
 65.92   	  0.31   	 98.47   	 -76.30		
 67.75   	 -5.49   	 98.17   	 -71.21		
 67.14   	-12.51   	 97.88   	 -76.30		
 64.39   	-17.40   	 97.58   	 -81.38		
 59.51   	-17.40   	 97.25   	 -76.30		
 52.80   	-12.82   	 96.95   	 -81.38		
 45.17   	 -7.02   	 96.62   	 -76.30		
 37.54   	 -3.05   	 96.32   	 -81.38		
 30.82   	 -3.66   	 95.99   	 -81.38		
 25.02   	 -7.63   	 95.67   	 -86.47		
 19.84   	-13.12   	 95.32   	 -86.47		
 13.43   	-18.92   	 94.97   	 -96.64		
  5.19   	-25.63   	 94.59   	-101.73		
 -4.58   	-33.87   	 94.18   	-111.90		
-13.73   	-44.25   	 93.73   	-122.07		
-20.14   	-54.93   	 93.24   	-132.25		
-22.89   	-63.48   	 92.72   	-137.33		
-23.50   	-68.97   	 92.17   	-147.51		
-24.11   	-70.80   	 91.58   	-162.77		
-26.55   	-71.72   	 90.93   	-203.46		
-30.52   	-74.16   	 90.11   	-259.41		
-34.48   	-78.43   	 89.07   	-320.45		
-36.62   	-82.70   	 87.79   	-412.00		
-36.93   	-84.53   	 86.14   	-503.56		
-36.01   	-82.40   	 84.13   	-605.29		
-35.71   	-77.82   	 81.71   	-691.76		
-36.01   	-73.55   	 78.94   	-778.23		
-37.23   	-71.72   	 75.83   	-839.26		
-38.76   	-72.33   	 72.47   	-895.22		
-39.98   	-75.07   	 68.89   	-920.65		
-40.59   	-77.82   	 65.21   	-940.99		
-40.89   	-79.04   	 61.44   	-935.91		
-42.11   	-76.29   	 57.70   	-925.73		
-43.95   	-69.27   	 54.00   	-905.39		
-45.78   	-60.12   	 50.38   	-879.96		
-46.39   	-52.49   	 46.86   	-849.44		
-44.86   	-49.74   	 43.46   	-818.92		
-42.11   	-50.66   	 40.18   	-778.23		
-39.37   	-52.49   	 37.07   	-742.62		
-37.84   	-51.27   	 34.10   	-707.02		
-37.23   	-46.69   	 31.27   	-656.15		
-36.93   	-41.81   	 28.65   	-610.37		
-37.23   	-39.98   	 26.21   	-559.51		
-37.84   	-42.11   	 23.97   	-513.73		
-38.45   	-46.39   	 21.91   	-467.95		
-38.15   	-50.66   	 20.04   	-422.18		
-36.93   	-52.19   	 18.35   	-391.66		
-34.79   	-50.66   	 16.79   	-366.22		
-33.26   	-47.30   	 15.32   	-345.88		
-33.57   	-44.56   	 13.94   	-330.62		
-34.48   	-43.95   	 12.61   	-320.45		
-35.40   	-45.78   	 11.33   	-310.27		
-35.40   	-48.22   	 10.09   	-295.01		
-34.79   	-50.35   	  8.91   	-274.67		
-34.79   	-52.19   	  7.81   	-254.32		
-35.71   	-55.54   	  6.80   	-233.98		
-36.62   	-61.04   	  5.86   	-198.37		
-36.93   	-67.14   	  5.07   	-178.03		
-36.01   	-71.11   	  4.35   	-147.51		
-35.10   	-71.72   	  3.76   	-122.07		
-35.10   	-69.58   	  3.28   	-101.73		
-36.01   	-66.83   	  2.87   	 -81.38		
-37.54   	-65.92   	  2.54   	 -71.21		
-38.15   	-67.14   	  2.26   	 -55.95		
-38.15   	-69.27   	  2.03   	 -50.86		
-38.15   	-70.80   	  1.83   	 -45.78		
-38.45   	-71.72   	  1.65   	 -40.69		
-39.06   	-73.24   	  1.49   	 -35.61		
-38.76   	-76.29   	  1.34   	 -30.52		
-36.93   	-80.87   	  1.22   	 -30.52		
-35.40   	-84.84   	  1.10   	 -25.43		
-35.10   	-86.67   	  1.00   	 -20.35		
-37.23   	-86.67   	  0.92   	 -20.35		
-39.98   	-85.45   	  0.83   	 -15.26		
-41.50   	-84.84   	  0.77   	 -10.17		
-41.20   	-85.14   	  0.73   	 -10.17		
-39.98   	-84.84   	  0.69   	  -5.09		
-39.06   	-82.40   	  0.67   	  -5.09		
-38.76   	-78.74   	  0.65(D)	   0.00		
-38.45   	-75.99   	  0.65   	   5.09		
-37.54   	-76.90   	  0.67   	   5.09		
-36.62   	-81.48   	  0.69   	  10.17		
-36.01   	-85.75   	  0.73   	  15.26		
-35.40   	-84.53   	  0.79   	  20.35		
-34.79   	-75.68   	  0.87   	  25.43		
-33.57   	-61.04   	  0.98   	  25.43		
-31.74   	-45.17   	  1.08   	  30.52		
-29.30   	-32.65   	  1.20   	  35.61		
-26.86   	-26.25   	  1.34   	  35.61		
-25.33   	-25.02   	  1.49   	  40.69		
-24.72   	-26.25   	  1.65   	  35.61		
-25.02   	-25.94   	  1.79   	  40.69		
-23.80   	-20.14   	  1.95   	  35.61		
-21.06   	 -5.80   	  2.10   	  35.61		
-16.48   	 15.56   	  2.24   	  35.61		
-11.90   	 38.76   	  2.38   	  30.52		
 -9.46   	 56.46   	  2.50   	  25.43		
 -9.16   	 63.17   	  2.60   	  25.43		
 -8.54   	 58.90   	  2.71   	  25.43		
 -6.71   	 48.22   	  2.81   	  20.35		
 -3.97   	 37.54   	  2.89   	  15.26		
 -1.53   	 28.38   	  2.95   	  15.26		
 -1.83   	 18.31   	  3.01   	  15.26		
 -5.19   	  3.66   	  3.07   	  15.26		
-10.38   	-15.87   	  3.13   	  10.17		
-16.17   	-36.62   	  3.17   	  10.17		
-23.19   	-54.32   	  3.21   	  10.17		
-31.43   	-66.83   	  3.26   	  10.17		
-39.37   	-76.60   	  3.30   	  15.26		
-45.17   	-85.75   	  3.36   	  10.17		
-47.30   	-95.52   	  3.40   	  15.26		
-46.08   	-103.76   	  3.46   	  15.26		
-43.95   	-109.25   	  3.52   	  20.35		
-43.64   	-111.39   	  3.60   	  20.35		
-46.39   	-112.00   	  3.68   	  25.43		
-50.35   	-112.61   	  3.78   	  35.61		
-54.02   	-113.83   	  3.93   	  35.61		
-55.85   	-115.36   	  4.07   	  40.69		
-56.15   	-116.27   	  4.23   	  45.78		
-55.85   	-116.58   	  4.42   	  55.95		
-56.15   	-117.49   	  4.64   	  55.95		
-57.37   	-121.15   	  4.86   	  61.04		
-59.81   	-130.00   	  5.11   	  71.21		
-64.09   	-144.35   	  5.39   	  71.21		
-69.27   	-163.27   	  5.68   	  76.30		
-72.33   	-182.80   	  5.98   	  91.56		
-68.05   	-193.48   	  6.35   	  96.64		
-50.96   	-176.09   	  6.73   	 116.99		
-15.56   	-102.54   	  7.20   	 127.16		
 40.89   	 53.41   	  7.71   	 142.42		
115.05   	302.12   	  8.28   	 142.42		
199.28   	620.73   	  8.85   	 147.51		
279.24   	944.52   	  9.44   	 132.25		
334.78   	1173.10   	  9.97   	 111.90		
347.29   	1206.36(R)	 10.42(E)	  76.30		
304.26   	1002.20   	 10.72   	  35.61		
211.49   	611.57   	 10.86   	 -10.17		
 94.60   	165.10   	 10.82   	 -55.95		
 -9.16   	-188.29   	 10.60   	 -91.56		
-70.50   	-362.85   	 10.23   	-122.07		
-83.01   	-372.62   	  9.75   	-137.33		
-64.39   	-294.80   	  9.20   	-127.16		
-40.89   	-205.99   	  8.69   	-111.90		
-31.74   	-141.91   	  8.24   	 -71.21		
-38.76   	-101.93   	  7.96   	 -15.26		
-52.49   	-74.46   	  7.89   	  50.86		
-62.56   	-56.76   	  8.10   	 132.25		
-64.70   	-51.88   	  8.63   	 213.63		
-61.65   	-58.90   	  9.48   	 300.10		
-57.37   	-69.27   	 10.68   	 396.74		
-54.93   	-74.16   	 12.27   	 488.30		
-54.93   	-71.41   	 14.22   	 574.77		
-55.54   	-64.39   	 16.52   	 676.50		
-55.85   	-57.37   	 19.23   	 768.05		
-54.32   	-53.41   	 22.30   	 864.70		
-51.88   	-51.88   	 25.76   	 961.34		
-49.44   	-51.27   	 29.60   	1047.81		
-48.22   	-49.74   	 33.79   	1113.93		
-47.61   	-46.69   	 38.25   	1149.54		
-47.00   	-42.42   	 42.85   	1164.80		
-45.78   	-38.45   	 47.51   	1139.36		
-44.25   	-35.40   	 52.06   	1103.76		
-43.03   	-32.04   	 56.48   	1032.55		
-42.72   	-28.69   	 60.61   	 961.34		
-42.42   	-24.72   	 64.46   	 890.13		
-41.50   	-20.14   	 68.02   	 813.83		
-38.76   	-15.56   	 71.27   	 747.71		
-35.10   	-10.38   	 74.26   	 696.84		
-31.74   	 -5.19   	 77.05   	 656.15		
-30.52   	 -0.61   	 79.67   	 615.46		
-31.43   	  3.36   	 82.14   	 595.11		
-32.65   	  6.41   	 84.52   	 564.60		
-32.65   	  8.54   	 86.77   	 539.16		
-29.91   	 11.60   	 88.93   	 513.73		
-24.72   	 15.26   	 90.99   	 473.04		
-18.62   	 19.84   	 92.88   	 432.35		
-12.82   	 25.02   	 94.61   	 391.66		
 -9.16   	 29.60   	 96.17   	 345.88		
 -7.63   	 33.57   	 97.56   	 295.01		
 -7.93   	 37.23   	 98.74   	 249.24		
 -7.32   	 39.98   	 99.74   	 198.37		
 -4.88   	 41.81   	100.53   	 152.59		
 -0.61   	 43.33   	101.14   	 116.99		
  4.58   	 45.78   	101.61   	  86.47		
  8.85   	 49.74   	101.95   	  66.12		
 12.21   	 54.63   	102.22   	  45.78		
 14.95   	 58.59   	102.40   	  35.61		
 17.70   	 59.20   	102.54   	  30.52		
 20.75   	 56.76   	102.66   	  35.61		
 24.11   	 52.80   	102.81   	  30.52		
 27.77   	 49.74   	102.93   	  35.61		
 32.04   	 47.91   	103.07   	  35.61		
 36.62   	 46.08   	103.21   	  35.61		
 41.20   	 43.03   	103.36   	  30.52		
 45.17   	 38.15   	103.48   	  20.35		
 47.61   	 31.74   	103.56   	  15.26		
 48.83   	 25.02   	103.62(S)	   0.00		
 50.05   	 18.31   	103.62   	  -5.09		
 52.49   	 12.51   	103.60   	 -20.35		
 56.15   	  7.32   	103.52   	 -30.52		
 59.20   	  3.66   	103.40   	 -40.69		
 60.73   	  0.92   	103.23   	 -45.78		
 59.81   	 -1.53   	103.05   	 -45.78		
 57.68   	 -3.36   	102.87   	 -55.95		
 54.93   	 -4.58   	102.64   	 -50.86		
 52.19   	 -4.27   	102.44   	 -55.95		
 48.52   	 -2.44   	102.22   	 -61.04		
 43.95   	 -0.61   	101.97   	 -61.04		
 38.15   	 -0.31   	101.73   	 -66.12		
 31.74   	 -3.05   	101.46   	 -71.21		
 25.63   	 -7.93   	101.18   	 -76.30		
 20.14   	-14.34   	100.87   	 -81.38		
 15.56   	-20.45   	100.55   	 -86.47		
 11.60   	-26.55   	100.20   	 -96.64		
  7.63   	-33.26   	 99.82   	-106.82		
  4.27   	-40.59   	 99.39   	-111.90		
  0.61   	-48.22   	 98.94   	-122.07		
 -3.66   	-55.24   	 98.45   	-127.16		
 -8.85   	-61.34   	 97.94   	-137.33		
-14.65   	-66.22   	 97.40   	-147.51		
-20.45   	-71.11   	 96.81   	-178.03		
-25.63   	-75.99   	 96.09   	-218.72		
-29.30   	-80.26   	 95.22   	-279.75		
-32.04   	-83.62   	 94.10   	-361.14		
-34.48   	-86.06   	 92.65   	-457.78		
-36.93   	-86.98   	 90.82   	-559.51		
-39.67   	-86.36   	 88.59   	-661.24		
-41.50   	-83.92   	 85.94   	-752.79		
-42.11   	-80.87   	 82.93   	-834.18		
-41.50   	-77.51   	 79.59   	-895.22		
-40.59   	-74.77   	 76.01   	-940.99		
-40.28   	-73.24   	 72.25   	-966.43		
-41.20   	-72.02   	 68.38   	-971.51		
-43.64   	-71.11   	 64.50   	-966.43		
-46.39   	-71.11   	 60.63   	-946.08		
-49.44   	-71.72   	 56.85   	-915.56		
-52.49   	-72.94   	 53.18   	-885.04		
-55.24   	-73.85   	 49.64   	-849.44		
-57.68   	-73.85   	 46.25   	-808.75		
-60.42   	-72.33   	 43.01   	-773.14		
-62.87   	-70.50   	 39.92   	-727.36		
-64.39   	-68.36   	 37.01   	-691.76		
-63.78   	-65.92   	 34.24   	-640.89		
-61.65   	-62.87   	 31.68   	-605.29		
-57.68   	-60.12   	 29.26   	-564.60		
-53.41   	-57.68   	 27.00   	-528.99		
-50.35   	-56.46   	 24.88   	-488.30		
-48.52   	-56.76   	 22.93   	-452.69		
-47.61   	-57.37   	 21.12   	-422.18		
-45.78   	-57.68   	 19.43   	-391.66		
-43.33   	-57.07   	 17.86   	-366.22		
-39.67   	-56.15   	 16.40   	-340.79		
-36.32   	-55.24   	 15.04   	-315.36		
-34.18   	-55.54   	 13.77   	-289.93		
-33.26   	-57.07   	 12.61   	-269.58		
-32.65   	-59.81   	 11.54   	-239.06		
-32.04   	-62.56   	 10.58   	-213.63		
-31.13   	-64.39   	  9.73   	-188.20		
-29.91   	-65.31   	  8.97   	-162.77		
-29.30   	-65.00   	  8.32   	-137.33		
-28.38   	-65.00   	  7.77   	-122.07		
-27.47   	-65.92   	  7.28   	-101.73		
-26.25   	-68.05   	  6.88   	 -86.47		
-24.72   	-70.19   	  6.53   	 -71.21		
-24.11   	-72.02   	  6.25   	 -66.12		
-24.11   	-73.24   	  5.98   	 -55.95		
-25.02   	-74.77   	  5.76   	 -50.86		
-25.94   	-76.90   	  5.55   	 -45.78		
-26.55   	-79.04   	  5.37   	 -40.69		
-27.16   	-80.87   	  5.21   	 -35.61		
-27.47   	-81.18   	  5.07   	 -25.43		
-27.47   	-79.96   	  4.96   	 -20.35		
-27.47   	-78.43   	  4.88   	 -10.17		
-26.86   	-77.51   	  4.84   	  -5.09		
-25.63   	-78.13   	  4.82(D)	   0.00		
-24.41   	-80.26   	  4.82   	   5.09		
-23.50   	-83.31   	  4.84   	  10.17		
-24.11   	-85.75   	  4.88   	  15.26		
-25.33   	-86.67   	  4.94   	  20.35		
-26.86   	-86.36   	  5.03   	  20.35		
-26.25   	-85.45   	  5.11   	  25.43		
-23.50   	-84.53   	  5.21   	  30.52		
-19.23   	-83.01   	  5.33   	  25.43		
-15.26   	-79.96   	  5.43   	  30.52		
-12.82   	-73.24   	  5.55   	  30.52		
-11.90   	-62.87   	  5.68   	  30.52		
-10.99   	-49.44   	  5.80   	  30.52		
 -8.54   	-34.18   	  5.92   	  25.43		
 -4.27   	-19.53   	  6.02   	  30.52		
  0.92   	 -8.85   	  6.14   	  30.52		
  4.88   	 -3.66   	  6.27   	  25.43		
  6.41   	 -3.97   	  6.37   	  30.52		
  6.10   	 -6.10   	  6.49   	  25.43		
  6.10   	 -6.41   	  6.59   	  25.43		
  7.93   	 -1.53   	  6.69   	  20.35		
 12.21   	 10.68   	  6.78   	  20.35		
 17.40   	 27.77   	  6.86   	  20.35		
 21.67   	 44.56   	  6.94   	  15.26		
 23.80   	 54.63   	  7.00   	  10.17		
 25.02   	 55.24   	  7.04   	  10.17		
 27.77   	 47.61   	  7.08   	   5.09		
 32.65   	 37.23   	  7.10   	  10.17		
 38.15   	 28.38   	  7.14   	   0.00		
 41.20   	 21.67   	  7.14   	   5.09		
 39.67   	 13.12   	  7.16   	   0.00		
 33.87   	  0.31   	  7.16   	   0.00		
 26.55   	-16.48   	  7.16   	   0.00		
 19.53   	-33.26   	  7.16   	  -5.09		
 13.12   	-47.91   	  7.14   	   0.00		
  6.71   	-59.81   	  7.14   	  -5.09		
 -0.31   	-70.50   	  7.12   	   0.00		
 -7.93   	-80.57   	  7.12   	   0.00		
-14.95   	-89.72   	  7.12   	  10.17		
-19.84   	-98.27   	  7.16   	  10.17		
-22.58   	-106.81   	  7.20   	  15.26		
-24.41   	-115.36   	  7.26   	  25.43		
-26.55   	-122.38   	  7.37   	  30.52		
-29.91   	-126.65   	  7.49   	  35.61		
-33.57   	-127.56   	  7.63   	  35.61		
-36.62   	-127.26   	  7.77   	  45.78		
-38.45   	-128.17   	  7.96   	  45.78		
-39.98   	-131.53   	  8.14   	  45.78		
-42.42   	-137.94   	  8.32   	  50.86		
-46.69   	-146.18   	  8.52   	  55.95		
-53.41   	-155.64   	  8.75   	  50.86		
-61.34   	-166.32   	  8.95   	  55.95		
-67.44   	-177.92   	  9.18   	  61.04		
-67.44   	-186.46   	  9.42   	  61.04		
-56.15   	-179.44   	  9.66   	  71.21		
-27.77   	-133.06   	  9.95   	  81.38		
 21.97   	-18.62   	 10.27   	 101.73		
 93.69   	182.80   	 10.68   	 116.99		
182.80   	464.78   	 11.15   	 147.51		
277.71   	783.69   	 11.74   	 167.85		
360.41   	1057.74   	 12.41   	 183.11		
410.46   	1187.44(R)	 13.14(E)	 193.29		
410.77   	1100.46   	 13.92   	 188.20		
354.61   	796.51   	 14.67   	 157.68		
252.99   	364.38   	 15.30   	 127.16		
134.89   	-51.27   	 15.81   	  76.30		
 36.32   	-321.66   	 16.11   	  25.43		
-18.31   	-403.14   	 16.22   	 -35.61		
-27.77   	-344.24   	 16.07   	 -81.38		
-13.43   	-235.60   	 15.75   	-111.90		
 -2.44   	-146.79   	 15.30   	-116.99		
 -8.54   	-100.40   	 14.83   	-101.73		
-27.16   	-80.57   	 14.43   	 -61.04		
-44.56   	-68.05   	 14.18   	  15.26		
-51.57   	-57.68   	 14.24   	 101.73		
-48.22   	-53.10   	 14.65   	 223.80		
-41.81   	-55.85   	 15.54   	 340.79		
-38.15   	-61.65   	 16.91   	 467.95		
-39.06   	-64.70   	 18.78   	 595.11		
-42.11   	-62.87   	 21.16   	 717.19		
-44.56   	-57.68   	 24.03   	 829.09		
-44.56   	-52.19   	 27.34   	 935.91		
-42.11   	-47.91   	 31.09   	1037.64		
-38.76   	-44.25   	 35.24   	1103.76		
-36.01   	-40.59   	 39.65   	1159.71		
-34.48   	-36.01   	 44.29   	1169.88		
-34.18   	-31.13   	 48.97   	1149.54		
-34.48   	-26.86   	 53.57   	1098.67		
-33.87   	-23.80   	 57.97   	1017.29		
-32.65   	-21.06   	 62.03   	 935.91		
-30.82   	-19.23   	 65.78   	 844.35		
-29.30   	-18.31   	 69.16   	 773.14		
-28.69   	-17.70   	 72.25   	 707.02		
-28.38   	-16.78   	 75.08   	 666.32		
-27.47   	-14.34   	 77.74   	 635.81		
-25.94   	-10.07   	 80.28   	 625.63		
-23.80   	 -4.58   	 82.79   	 615.46		
-21.36   	  1.83   	 85.25   	 610.37		
-19.53   	  9.16   	 87.69   	 595.11		
-18.62   	 15.87   	 90.07   	 579.86		
-18.01   	 21.36   	 92.39   	 544.25		
-17.40   	 23.80   	 94.57   	 513.73		
-15.87   	 23.19   	 96.62   	 473.04		
-13.43   	 21.36   	 98.51   	 422.18		
-10.68   	 21.06   	100.20   	 366.22		
 -7.93   	 23.80   	101.67   	 310.27		
 -5.80   	 29.91   	102.91   	 259.41		
 -4.27   	 37.84   	103.95   	 203.46		
 -2.75   	 45.17   	104.76   	 167.85		
 -0.92   	 51.57   	105.43   	 127.16		
  2.14   	 57.07   	105.94   	 101.73		
  6.41   	 62.56   	106.35   	  76.30		
 10.68   	 68.05   	106.65   	  71.21		
 14.95   	 73.24   	106.94   	  55.95		
 18.62   	 77.51   	107.16   	  50.86		
 21.97   	 80.26   	107.36   	  50.86		
 25.33   	 82.70   	107.57   	  50.86		
 29.30   	 85.75   	107.77   	  45.78		
 33.87   	 90.03   	107.95   	  40.69		
 37.54   	 94.60   	108.12   	  40.69		
 40.59   	 97.96   	108.28   	  35.61		
 43.33   	 98.88   	108.42   	  25.43		
 45.78   	 96.74   	108.52   	  25.43		
 48.83   	 92.77   	108.63   	  20.35		
 52.19   	 88.20   	108.71   	  10.17		
 55.85   	 84.23   	108.75   	  10.17		
 58.59   	 80.57   	108.79   	  10.17		
 60.42   	 76.60   	108.83   	   5.09		
 60.73   	 71.72   	108.85   	   5.09		
 60.12   	 66.22   	108.87   	   5.09		
 58.90   	 61.04   	108.89   	   5.09		
 57.98   	 57.68   	108.91   	   5.09		
 55.85   	 55.24   	108.93(S)	   0.00		
 51.88   	 52.80   	108.93   	 -10.17		
 45.78   	 47.91   	108.89   	 -20.35		
 38.76   	 39.67   	108.81   	 -30.52		
 31.43   	 28.99   	108.69   	 -40.69		
 24.72   	 17.09   	108.52   	 -55.95		
 18.01   	  4.27   	108.30   	 -71.21		
 10.99   	 -7.93   	108.02   	 -86.47		
  3.97   	-19.53   	107.67   	-101.73		
 -2.75   	-29.60   	107.26   	-122.07		
 -7.93   	-38.45   	106.77   	-137.33		
-11.90   	-46.39   	106.23   	-157.68		
-14.95   	-54.02   	105.59   	-172.94		
-18.31   	-62.26   	104.90   	-183.11		
-21.36   	-69.89   	104.17   	-183.11		
-23.50   	-75.99   	103.44   	-178.03		
-24.41   	-79.96   	102.73   	-183.11		
-24.11   	-82.09   	101.99   	-193.29		
-24.41   	-83.31   	101.22   	-218.72		
-25.94   	-84.53   	100.35   	-274.67		
-28.38   	-85.75   	 99.25   	-340.79		
-30.21   	-86.36   	 97.88   	-427.26		
-29.91   	-86.06   	 96.17   	-523.90		
-27.16   	-83.62   	 94.08   	-625.63		
-24.11   	-79.96   	 91.58   	-712.10		
-22.28   	-75.99   	 88.73   	-798.57		
-21.97   	-72.33   	 85.53   	-869.78		
-23.19   	-68.97   	 82.05   	-920.65		
-24.72   	-67.14   	 78.37   	-951.17		
-25.33   	-66.83   	 74.57   	-976.60		
-25.02   	-67.44   	 70.66   	-971.51		
-24.41   	-67.75   	 66.77   	-966.43		
-24.41   	-66.22   	 62.91   	-951.17		
-25.94   	-62.56   	 59.10   	-920.65		
-28.69   	-57.37   	 55.42   	-890.13		
-31.43   	-51.88   	 51.86   	-859.61		
-32.04   	-47.00   	 48.42   	-824.00		
-30.21   	-43.33   	 45.13   	-798.57		
-26.25   	-40.28   	 41.93   	-762.97		
-22.89   	-37.23   	 38.88   	-732.45		
-21.06   	-34.79   	 35.95   	-701.93		
-21.67   	-33.57   	 33.14   	-676.50		
-24.11   	-34.48   	 30.44   	-645.98		
-26.86   	-38.15   	 27.85   	-610.37		
-29.60   	-43.64   	 25.41   	-579.86		
-31.43   	-48.52   	 23.09   	-544.25		
-32.35   	-50.96   	 20.92   	-508.65		
-32.96   	-50.05   	 18.88   	-467.95		
-33.87   	-47.61   	 17.01   	-432.35		
-35.71   	-46.39   	 15.28   	-386.57		
-37.84   	-47.30   	 13.73   	-345.88		
-39.37   	-50.35   	 12.35   	-315.36		
-39.37   	-54.32   	 11.09   	-274.67		
-37.84   	-57.68   	  9.99   	-244.15		
-35.71   	-60.42   	  9.01   	-218.72		
-34.18   	-61.95   	  8.14   	-198.37		
-33.87   	-63.78   	  7.34   	-172.94		
-35.71   	-66.53   	  6.65   	-157.68		
-37.84   	-70.50   	  6.02   	-137.33		
-39.37   	-75.07   	  5.47   	-122.07		
-38.76   	-78.13   	  4.98   	-111.90		
-36.62   	-78.74   	  4.54   	 -96.64		
-34.18   	-76.29   	  4.15   	 -81.38		
-32.35   	-72.94   	  3.83   	 -76.30		
-31.43   	-70.80   	  3.52   	 -71.21		
-31.13   	-71.11   	  3.23   	 -55.95		
-31.43   	-73.55   	  3.01   	 -55.95		
-32.04   	-76.29   	  2.79   	 -50.86		
-33.26   	-78.74   	  2.58   	 -50.86		
-34.18   	-80.87   	  2.38   	 -45.78		
-34.48   	-83.01   	  2.20   	 -45.78		
-34.48   	-85.14   	  2.01   	 -45.78		
-34.18   	-86.36   	  1.83   	 -40.69		
-33.26   	-84.53   	  1.67   	 -35.61		
-32.04   	-79.04   	  1.53   	 -35.61		
-30.21   	-69.89   	  1.38   	 -30.52		
-28.69   	-59.20   	  1.26   	 -25.43		
-27.77   	-48.22   	  1.16   	 -15.26		
-26.86   	-38.15   	  1.10   	 -15.26		
-25.33   	-29.30   	  1.04   	  -5.09		
-22.28   	-22.89   	  1.02   	  -5.09		
-18.31   	-19.84   	  1.00(D)	   0.00		
-14.95   	-19.53   	  1.00   	   5.09		
-13.73   	-19.23   	  1.02   	  10.17		
-13.12   	-14.95   	  1.06   	  10.17		
-12.21   	 -4.27   	  1.10   	  10.17		
 -9.46   	 12.51   	  1.14   	  10.17		
 -4.88   	 31.74   	  1.18   	  10.17		
 -0.31   	 46.39   	  1.22   	  10.17		
  2.75   	 52.19   	  1.26   	  15.26		
  5.19   	 48.83   	  1.32   	  10.17		
  7.93   	 39.06   	  1.36   	  10.17		
 11.60   	 28.69   	  1.40   	  15.26		
 14.34   	 20.14   	  1.46   	  10.17		
 14.65   	 11.29   	  1.51   	  15.26		
 11.29   	 -0.92   	  1.57   	  15.26		
  5.80   	-18.01   	  1.63   	  10.17		
 -0.61   	-37.23   	  1.67   	  15.26		
 -7.32   	-54.02   	  1.73   	  10.17		
-14.65   	-67.14   	  1.77   	  10.17		
-22.58   	-76.90   	  1.81   	  15.26		
-29.91   	-86.06   	  1.87   	  10.17		
-33.57   	-93.99   	  1.91   	  15.26		
-32.65   	-99.79   	  1.97   	  15.26		
-28.69   	-103.76   	  2.03   	  20.35		
-25.63   	-107.12   	  2.12   	  20.35		
-25.94   	-111.08   	  2.20   	  30.52		
-30.21   	-115.66   	  2.32   	  30.52		
-35.10   	-119.63   	  2.44   	  35.61		
-37.84   	-122.07   	  2.58   	  40.69		
-36.93   	-122.99   	  2.75   	  45.78		
-34.48   	-122.99   	  2.93   	  50.86		
-33.57   	-122.68   	  3.13   	  50.86		
-36.01   	-123.29   	  3.34   	  50.86		
-41.81   	-126.95   	  3.54   	  55.95		
-48.52   	-133.97   	  3.76   	  50.86		
-54.02   	-144.96   	  3.97   	  50.86		
-55.85   	-159.00   	  4.17   	  45.78		
-50.96   	-170.59   	  4.35   	  45.78		
-35.71   	-164.79   	  4.54   	  45.78		
 -4.88   	-116.58   	  4.72   	  35.61		
 46.69   	  3.36   	  4.86   	  35.61		
119.02   	215.45   	  5.01   	  35.61		
207.21   	509.95   	  5.15   	  35.61		
298.46   	836.18   	  5.29   	  30.52		
373.84   	1101.68   	  5.41   	  30.52		
411.68   	1199.04(R)	  5.53(E)	  30.52		
395.81   	1062.01   	  5.66   	  35.61		
321.66   	713.50   	  5.80   	  35.61		
206.60   	266.42   	  5.94   	  45.78		
 84.53   	-125.43   	  6.12   	  50.86		
 -7.63   	-348.51   	  6.33   	  71.21		
-48.83   	-389.40   	  6.61   	  81.38		
-44.86   	-316.77   	  6.94   	  96.64		
-20.75   	-217.29   	  7.32   	 122.07		
 -3.66   	-142.52   	  7.81   	 142.42		
 -4.58   	-98.27   	  8.38   	 167.85		
-18.31   	-68.97   	  9.05   	 198.37		
-32.35   	-45.47   	  9.85   	 228.89		
-39.06   	-31.43   	 10.76   	 274.67		
-38.76   	-30.52   	 11.86   	 325.53		
-35.71   	-38.76   	 13.16   	 396.74		
-34.18   	-47.00   	 14.75   	 483.21		
-34.48   	-49.74   	 16.68   	 569.68		
-34.79   	-47.00   	 18.96   	 671.41		
-35.10   	-42.42   	 21.65   	 773.14		
-33.87   	-37.84   	 24.74   	 874.87		
-32.35   	-34.48   	 28.24   	 976.60		
-31.13   	-32.04   	 32.15   	1063.07		
-30.52   	-29.91   	 36.40   	1129.19		
-31.13   	-27.77   	 40.92   	1169.88		
-31.43   	-25.63   	 45.59   	1174.97		
-31.13   	-23.50   	 50.29   	1149.54		
-29.30   	-22.28   	 54.89   	1103.76		
-25.94   	-20.45   	 59.31   	1022.38		
-22.28   	-17.70   	 63.40   	 940.99		
-19.84   	-13.12   	 67.16   	 844.35		
-19.53   	 -6.71   	 70.54   	 768.05		
-20.45   	  0.31   	 73.61   	 691.76		
-21.97   	  5.49   	 76.38   	 635.81		
-21.97   	  7.63   	 78.92   	 590.03		
-20.45   	  7.32   	 81.28   	 549.34		
-17.09   	  6.71   	 83.48   	 523.90		
-13.43   	  8.24   	 85.57   	 493.39		
-10.38   	 12.82   	 87.55   	 473.04		
 -8.85   	 18.92   	 89.44   	 442.52		
 -8.85   	 24.11   	 91.21   	 417.09		
 -9.77   	 28.08   	 92.88   	 391.66		
 -9.77   	 30.52   	 94.45   	 361.14		
 -8.54   	 33.26   	 95.89   	 330.62		
 -6.10   	 36.93   	 97.21   	 300.10		
 -2.75   	 40.89   	 98.41   	 269.58		
  0.61   	 45.17   	 99.49   	 233.98		
  4.27   	 48.83   	100.43   	 203.46		
  7.93   	 52.19   	101.24   	 183.11		
 10.99   	 55.54   	101.97   	 162.77		
 13.43   	 58.29   	102.62   	 142.42		
 15.56   	 60.12   	103.19   	 127.16		
 18.01   	 61.65   	103.70   	 116.99		
 21.97   	 63.17   	104.17   	 106.82		
 26.86   	 66.22   	104.60   	 101.73		
 32.04   	 71.11   	105.00   	  91.56		
 36.01   	 76.29   	105.37   	  91.56		
 39.06   	 79.96   	105.74   	  81.38		
 41.50   	 80.26   	106.06   	  76.30		
 44.86   	 77.51   	106.37   	  71.21		
 49.44   	 73.24   	106.65   	  66.12		
 54.32   	 68.66   	106.92   	  55.95		
 58.59   	 65.00   	107.14   	  50.86		
 61.04   	 61.95   	107.34   	  45.78		
 61.95   	 59.20   	107.53   	  35.61		
 62.26   	 56.15   	107.67   	  30.52		
 62.87   	 52.80   	107.79   	  25.43		
 63.48   	 50.05   	107.89   	  15.26		
 63.78   	 48.22   	107.95   	  15.26		
 63.48   	 48.22   	108.02   	   5.09		
 63.17   	 50.05   	108.04(S)	   0.00		
 62.56   	 53.10   	108.04   	  -5.09		
 60.73   	 56.15   	108.02   	 -15.26		
 56.15   	 56.76   	107.95   	 -25.43		
 49.44   	 53.10   	107.85   	 -40.69		
 41.50   	 45.17   	107.69   	 -50.86		
 33.87   	 33.87   	107.49   	 -61.04		
 27.47   	 20.45   	107.24   	 -76.30		
 21.06   	  6.10   	106.94   	 -91.56		
 13.73   	 -8.24   	106.57   	-101.73		
  5.19   	-21.06   	106.16   	-116.99		
 -3.66   	-31.74   	105.70   	-127.16		
-11.90   	-39.98   	105.19   	-137.33		
-18.01   	-47.00   	104.64   	-152.59		
-22.58   	-53.41   	104.03   	-157.68		
-25.33   	-59.51   	103.40   	-162.77		
-26.86   	-65.31   	102.75   	-178.03		
-27.47   	-69.27   	102.03   	-198.37		
-28.38   	-71.72   	101.24   	-228.89		
-30.21   	-73.24   	100.33   	-284.84		
-33.26   	-74.16   	 99.19   	-350.97		
-36.62   	-74.77   	 97.78   	-442.52		
-39.67   	-75.68   	 96.01   	-528.99		
-41.50   	-76.60   	 93.90   	-625.63		
-42.42   	-77.82   	 91.39   	-717.19		
-42.42   	-78.13   	 88.52   	-803.66		
-42.11   	-75.99   	 85.31   	-869.78		
-41.81   	-71.72   	 81.83   	-930.82		
-41.50   	-65.92   	 78.11   	-971.51		
-41.50   	-60.12   	 74.22   	-1002.03		
-41.50   	-54.93   	 70.21   	-1007.12		
-41.50   	-50.35   	 66.18   	-1007.12		
-41.81   	-46.08   	 62.16   	-996.94		
-41.81   	-41.20   	 58.17   	-971.51		
-41.81   	-36.01   	 54.28   	-946.08		
-40.89   	-30.82   	 50.50   	-910.47		
-39.98   	-26.86   	 46.86   	-879.96		
-39.06   	-23.80   	 43.34   	-844.35		
-38.15   	-21.67   	 39.96   	-803.66		
-36.93   	-20.14   	 36.74   	-768.05		
-35.40   	-19.23   	 33.67   	-722.28		
-33.87   	-18.62   	 30.78   	-681.58		
-33.26   	-18.01   	 28.06   	-635.81		
-33.57   	-17.09   	 25.51   	-595.11		
-33.87   	-15.56   	 23.13   	-544.25		
-34.18   	-14.04   	 20.96   	-503.56		
-33.87   	-13.12   	 18.94   	-462.87		
-33.87   	-13.43   	 17.09   	-417.09		
-33.87   	-14.65   	 15.42   	-381.48		
-33.87   	-16.17   	 13.90   	-335.71		
-33.57   	-17.09   	 12.55   	-305.19		
-33.26   	-18.01   	 11.33   	-264.50		
-33.57   	-19.23   	 10.27   	-233.98		
-34.48   	-22.28   	  9.34   	-203.46		
-35.71   	-25.94   	  8.52   	-178.03		
-36.62   	-29.60   	  7.81   	-147.51		
-36.93   	-32.65   	  7.22   	-127.16		
-36.62   	-33.87   	  6.71   	-111.90		
-35.71   	-34.18   	  6.27   	 -96.64		
-34.79   	-33.87   	  5.88   	 -86.47		
-33.57   	-34.18   	  5.53   	 -76.30		
-33.26   	-36.32   	  5.23   	 -66.12		
-33.87   	-39.37   	  4.96   	 -61.04		
-35.40   	-43.33   	  4.72   	 -50.86		
-37.54   	-47.30   	  4.52   	 -40.69		
-38.76   	-50.96   	  4.35   	 -30.52		
-38.15   	-53.71   	  4.23   	 -20.35		
-36.32   	-55.24   	  4.15   	 -10.17		
-34.48   	-54.93   	  4.11   	  -5.09		
-33.57   	-53.71   	  4.09   	  -5.09		
-34.48   	-52.80   	  4.07   	   0.00		
-36.62   	-54.02   	  4.07   	  -5.09		
-37.84   	-57.07   	  4.05   	   0.00		
-37.84   	-60.12   	  4.05   	   0.00		
-36.93   	-60.73   	  4.05   	  -5.09		
-35.71   	-57.98   	  4.03(D)	   0.00		
-34.48   	-50.96   	  4.03   	   0.00		
-33.57   	-41.81   	  4.03   	  10.17		
-32.65   	-31.74   	  4.07   	   5.09		
-31.74   	-21.67   	  4.09   	  15.26		
-30.52   	-11.60   	  4.15   	  15.26		
-28.69   	 -2.44   	  4.21   	  15.26		
-26.25   	  5.19   	  4.27   	  20.35		
-23.50   	  9.46   	  4.35   	  25.43		
-22.58   	 11.90   	  4.46   	  25.43		
-23.19   	 13.73   	  4.56   	  25.43		End----------
-23.80   	 18.62   	  4.66   	  25.43		
-22.28   	 29.30   	  4.76   	  25.43		
-18.01   	 44.86   	  4.86   	  25.43		
-12.82   	 60.42   	  4.96   	  25.43		
 -9.16   	 70.50   	  5.07   	  25.43		
 -7.32   	 71.72   	  5.17   	  25.43		
 -5.80   	 65.00   	  5.27   	  20.35		
 -3.66   	 54.32   	  5.35   	  20.35		
 -0.92   	 44.25   	  5.43   	  20.35		
  0.61   	 35.71   	  5.51   	  15.26		
 -1.22   	 25.63   	  5.57   	  10.17		
 -6.10   	 11.90   	  5.62   	  15.26		
-12.21   	 -5.19   	  5.68   	   5.09		
-18.01   	-22.58   	  5.70   	   5.09		
-22.58   	-36.93   	  5.72   	   0.00		
-27.47   	-47.61   	  5.72   	  -5.09		
-33.57   	-56.46   	  5.70   	 -10.17		
-40.28   	-65.31   	  5.66   	  -5.09		
-45.17   	-74.46   	  5.64   	 -10.17		
-47.61   	-83.62   	  5.60   	 -10.17		
-47.61   	-92.16   	  5.55   	  -5.09		
-47.61   	-99.18   	  5.53   	   0.00		
-48.22   	-103.76   	  5.53   	   5.09		
-49.74   	-105.59   	  5.55   	  15.26		
-50.96   	-104.37   	  5.62   	  20.35		
-50.66   	-101.32   	  5.70   	  20.35		
-49.74   	-98.88   	  5.78   	  30.52		
-48.83   	-97.35   	  5.90   	  30.52		
-49.13   	-97.96   	  6.02   	  25.43		
-50.96   	-102.23   	  6.12   	  30.52		
-55.54   	-111.39   	  6.25   	  30.52		
-62.26   	-125.43   	  6.37   	  25.43		
-68.05   	-142.82   	  6.47   	  30.52		
-68.36   	-157.17   	  6.59   	  25.43		
-57.98   	-155.64   	  6.69   	  25.43		
-32.65   	-116.27   	  6.80   	  35.61		
 10.99   	-11.90   	  6.94   	  35.61		
 75.07   	176.70   	  7.08   	  45.78		
156.56   	448.30   	  7.26   	  55.95		
248.11   	767.52   	  7.49   	  66.12		
332.64   	1058.35   	  7.75   	  71.21		
387.57   	1220.70(R)	  8.04   	  86.47		
392.15   	1171.26   	  8.38   	  91.56		
338.13   	896.91   	  8.75   	  96.64		
236.51   	475.77   	  9.14   	 106.82		
118.10   	 49.74   	  9.56   	 116.99		
 20.14   	-245.06   	 10.03   	 122.07		
-32.65   	-354.31   	 10.52   	 132.25		
-39.98   	-318.60   	 11.05   	 142.42		
-23.50   	-222.47   	 11.62   	 147.51		
 -8.54   	-135.80   	 12.21   	 157.68		
 -9.46   	-82.09   	 12.84   	 172.94		
-23.50   	-51.57   	 13.53   	 188.20		
-39.37   	-30.21   	 14.28   	 213.63		
-47.61   	-16.17   	 15.14   	 249.24		
-46.69   	-12.82   	 16.13   	 310.27		
-42.11   	-18.92   	 17.38   	 376.40		
-38.45   	-27.16   	 18.88   	 462.87		
-37.84   	-30.82   	 20.73   	 569.68		
-39.67   	-28.99   	 23.01   	 676.50		
-41.81   	-24.41   	 25.72   	 798.57		
-43.03   	-19.84   	 28.91   	 910.47		
-42.72   	-16.78   	 32.55   	1022.38		
-41.20   	-14.34   	 36.64   	1108.85		
-39.06   	-11.90   	 41.08   	1174.97		
-37.84   	 -8.54   	 45.78   	1210.58		
-36.93   	 -4.58   	 50.62   	1210.58		
-36.32   	 -0.61   	 55.46   	1169.88		
-35.71   	  3.66   	 60.14   	1098.67		
-34.79   	  7.32   	 64.54   	1012.20		
-32.35   	 11.29   	 68.59   	 905.39		
-29.30   	 14.65   	 72.21   	 808.75		
-26.25   	 18.01   	 75.44   	 707.02		
-24.41   	 21.67   	 78.27   	 625.63		
-23.80   	 25.94   	 80.77   	 559.51		
-24.11   	 30.82   	 83.01   	 508.65		
-24.41   	 35.10   	 85.05   	 473.04		
-23.80   	 39.37   	 86.94   	 452.69		
-21.97   	 43.33   	 88.75   	 427.26		
-19.84   	 47.30   	 90.46   	 417.09		
-17.70   	 51.27   	 92.13   	 406.92		
-16.17   	 55.24   	 93.75   	 396.74		
-14.95   	 58.59   	 95.34   	 386.57		
-13.73   	 62.26   	 96.89   	 371.31		
-11.90   	 66.53   	 98.37   	 350.97		
 -9.46   	 70.80   	 99.78   	 325.53		
 -6.41   	 74.16   	101.08   	 300.10		
 -3.66   	 76.90   	102.28   	 264.50		
 -0.92   	 79.96   	103.34   	 244.15		
  1.53   	 84.23   	104.31   	 208.54		
  3.97   	 90.33   	105.15   	 188.20		
  6.41   	 96.74   	105.90   	 167.85		
  9.16   	102.84   	106.57   	 147.51		
 11.60   	107.73   	107.16   	 132.25		
 14.65   	111.39   	107.69   	 127.16		
 18.01   	115.05   	108.20   	 116.99		
 21.97   	118.41   	108.67   	 111.90		
 25.94   	121.46   	109.11   	 111.90		
 29.91   	123.90   	109.56   	 101.73		
 33.87   	125.73   	109.97   	 101.73		
 38.45   	126.95   	110.38   	  91.56		
 43.33   	127.56   	110.74   	  91.56		
 47.91   	127.26   	111.11   	  86.47		
 51.27   	125.43   	111.45   	  81.38		
 53.41   	122.68   	111.78   	  71.21		
 55.24   	118.71   	112.06   	  71.21		
 57.07   	113.53   	112.35   	  66.12		
 58.59   	108.03   	112.61   	  61.04		
 59.51   	102.23   	112.86   	  61.04		
 58.59   	 96.44   	113.10   	  50.86		
 56.15   	 91.25   	113.31   	  40.69		
 53.10   	 85.75   	113.47   	  40.69		
 49.13   	 80.26   	113.63   	  30.52		
 44.25   	 74.16   	113.75   	  20.35		
 38.15   	 66.83   	113.83   	  10.17		
 29.91   	 57.98   	113.88   	   0.00		
 20.45   	 47.30   	113.88   	 -10.17		
 11.29   	 34.18   	113.83   	 -25.43		
  3.97   	 19.84   	113.73   	 -40.69		
 -1.83   	  5.19   	113.57   	 -55.95		
 -6.41   	 -8.24   	113.35   	 -76.30		
-10.99   	-18.92   	113.04   	-101.73		
-15.87   	-27.77   	112.63   	-116.99		
-21.06   	-35.71   	112.17   	-147.51		
-25.94   	-43.33   	111.58   	-183.11		
-29.60   	-50.66   	110.84   	-213.63		
-32.96   	-57.37   	109.99   	-264.50		
-35.40   	-62.87   	108.93   	-325.53		
-38.15   	-67.44   	107.63   	-417.09		
-40.89   	-71.41   	105.96   	-523.90		
-43.03   	-73.85   	103.87   	-645.98		
-44.25   	-74.16   	101.28   	-773.14		
-44.56   	-72.94   	 98.19   	-885.04		
-44.86   	-71.11   	 94.65   	-976.60		
-45.78   	-69.89   	 90.74   	-1037.64		
-47.30   	-68.66   	 86.59   	-1083.41		
-48.83   	-67.14   	 82.26   	-1113.93		
-49.44   	-64.70   	 77.80   	-1129.19		
-48.52   	-62.26   	 73.29   	-1144.45		
-47.00   	-60.12   	 68.71   	-1164.80		
-46.39   	-57.98   	 64.05   	-1169.88		
-46.39   	-55.24   	 59.37   	-1169.88		
-46.39   	-51.57   	 54.69   	-1154.62		
-46.39   	-46.69   	 50.07   	-1129.19		
-45.47   	-41.81   	 45.55   	-1078.33		
-44.56   	-37.54   	 41.24   	-1017.29		
-44.25   	-33.26   	 37.17   	-951.17		
-43.95   	-29.30   	 33.37   	-879.96		
-42.72   	-24.72   	 29.85   	-818.92		
-39.98   	-19.84   	 26.57   	-757.88		
-36.62   	-14.95   	 23.54   	-717.19		
-33.57   	-10.07   	 20.67   	-701.93		
-32.65   	 -6.41   	 17.86   	-691.76		
-33.26   	 -3.97   	 15.10   	-701.93		
-34.79   	 -3.36   	 12.29   	-707.02		
-35.40   	 -4.58   	  9.46   	-727.36		
-35.40   	 -6.41   	  6.55   	-732.45		
-34.48   	 -7.93   	  3.62   	-732.45		
-33.87   	 -8.85   	  0.69   	-732.45		
-33.26   	 -9.16   	 -2.24   	-717.19		
-32.65   	 -9.46   	 -5.11   	-696.84		
-31.74   	-10.68   	 -7.89   	-666.32		
-30.82   	-13.73   	-10.56   	-620.55		
-30.21   	-17.70   	-13.04   	-564.60		
-29.60   	-21.36   	-15.30   	-478.13		
-29.60   	-24.11   	-17.21   	-391.66		
-29.30   	-25.02   	-18.78   	-284.84		
-28.99   	-25.33   	-19.92   	-183.11		
-28.08   	-26.25   	-20.65   	 -91.56		
-27.47   	-28.38   	-21.02   	 -10.17		
-27.47   	-31.43   	-21.06   	  45.78		
-28.08   	-34.79   	-20.87   	  66.12		
-29.30   	-37.54   	-20.61   	  61.04		
-30.21   	-39.37   	-20.37   	  25.43		
-30.52   	-40.59   	-20.26   	 -40.69		
-30.82   	-41.81   	-20.43   	-111.90		
-31.43   	-43.64   	-20.87   	-183.11		
-32.96   	-46.08   	-21.61   	-233.98		
-34.79   	-47.61   	-22.54   	-233.98		
-35.10   	-48.22   	-23.48   	-183.11		
-33.87   	-47.30   	-24.21   	 -50.86		
-31.74   	-46.39   	-24.41   	 137.33		
-29.91   	-46.39   	-23.87   	 381.48		
-30.21   	-47.91   	-22.34   	 661.24		
-31.74   	-50.96   	-19.69   	 946.08		
-33.57   	-54.02   	-15.91   	1210.58		
-34.48   	-56.15   	-11.07   	1429.29		
-34.18   	-56.15   	 -5.35   	1592.06		
-33.26   	-54.63   	  1.02   	1668.36		
-32.35   	-51.88   	  7.69   	1663.27		
-31.13   	-49.74   	 14.34   	1566.63		
-30.52   	-48.83   	 20.61   	1419.12		
-29.60   	-48.52   	 26.29   	1261.44		
-28.69   	-45.47   	 31.33   	1134.28		
-27.47   	-37.23   	 35.87   	1057.98		
-25.94   	-22.89   	 40.10   	1047.81		
-23.50   	 -5.49   	 44.29   	1078.33		
-20.45   	 10.38   	 48.61   	1139.36		
-16.48   	 21.06   	 53.16   	1185.14		
-12.82   	 25.02   	 57.90   	1220.75		
-10.38   	 24.41   	 62.79   	1220.75		
 -9.77   	 23.50   	 67.67   	1195.32		
-10.07   	 24.72   	 72.45   	1134.28		
 -9.46   	 30.52   	 76.99   	1052.90		
 -7.02   	 41.20   	 81.20   	 946.08		
 -3.36   	 54.93   	 84.98   	 824.00		
  0.31   	 67.75   	 88.28   	 701.93		
  3.05   	 75.99   	 91.09   	 569.68		
  5.80   	 77.51   	 93.37   	 437.43		
  9.16   	 72.94   	 95.12   	 310.27		
 13.43   	 65.31   	 96.36   	 213.63		
 16.78   	 57.37   	 97.21   	 137.33		
 17.09   	 48.83   	 97.76   	 111.90		
 13.73   	 38.15   	 98.21   	 132.25		
  7.93   	 23.50   	 98.74   	 178.03		
  2.75   	  6.10   	 99.45   	 244.15		
 -0.92   	-11.29   	100.43   	 310.27		
 -3.97   	-25.94   	101.67   	 381.48		
 -8.54   	-36.93   	103.19   	 422.18		
-16.17   	-45.78   	104.88   	 452.69		
-25.02   	-52.80   	106.69   	 473.04		
-32.35   	-59.51   	108.59   	 498.47		
-35.40   	-66.53   	110.58   	 518.82		
-34.79   	-74.16   	112.65   	 554.42		
-32.65   	-81.48   	114.87   	 610.37		
-31.13   	-87.59   	117.31   	 696.84		
-31.43   	-91.25   	120.10   	 793.49		
-32.96   	-92.16   	123.28   	 854.52		
-34.48   	-90.94   	126.69   	 885.04		
-36.32   	-89.42   	130.23   	 859.61		
-37.84   	-88.20   	133.67   	 803.66		
-39.98   	-89.72   	136.89   	 696.84		
-42.42   	-96.44   	139.67   	 554.42		
-46.39   	-108.34   	141.89   	 381.48		
-51.88   	-123.60   	143.42   	 178.03		
-57.37   	-138.85   	144.13   	 -35.61		
-58.29   	-149.54   	143.99   	-264.50		
-49.13   	-145.57   	142.93   	-483.21		
-24.72   	-108.95   	141.00   	-676.50		
 19.84   	-13.12   	138.29   	-839.26		
 85.75   	163.88   	134.93   	-966.43		
169.68   	425.42   	131.07   	-1042.72		
263.06   	738.83   	126.90   	-1078.33		
350.95   	1031.80   	122.58   	-1088.50		
413.51   	1205.14(R)	118.23   	-1052.90		
432.13   	1171.26   	114.02   	-1012.20		
394.29   	909.73   	109.97   	-940.99		
303.65   	491.33   	106.21   	-869.78		
183.72   	 56.46   	102.73   	-788.40		
 70.50   	-252.69   	 99.57   	-717.19		
 -3.36   	-371.70   	 96.70   	-640.89		
-27.16   	-336.30   	 94.14   	-574.77		
-16.48   	-234.99   	 91.84   	-518.82		
  0.31   	-144.04   	 89.77   	-457.78		
  2.44   	-91.86   	 87.93   	-417.09		
-12.21   	-67.14   	 86.27   	-371.31		
-31.74   	-50.66   	 84.78   	-330.62		
-43.95   	-37.84   	 83.46   	-289.93		
-45.17   	-32.35   	 82.30   	-254.32		
-40.28   	-36.01   	 81.28   	-218.72		
-35.71   	-43.03   	 80.41   	-178.03		
-34.79   	-46.39   	 79.69   	-147.51		
-36.01   	-44.25   	 79.10   	-122.07		
-37.54   	-38.45   	 78.62   	 -96.64		
-37.54   	-32.04   	 78.23   	 -76.30		
-36.93   	-26.55   	 77.92   	 -61.04		
-36.62   	-23.19   	 77.68   	 -55.95		
-36.62   	-22.58   	 77.46   	 -45.78		
-36.01   	-24.41   	 77.27   	 -40.69		
-33.87   	-26.55   	 77.11   	 -35.61		
-29.91   	-27.47   	 76.97   	 -20.35		
-26.25   	-25.94   	 76.89   	  -5.09		
-24.11   	-22.89   	 76.87   	  10.17		
-24.11   	-18.92   	 76.91   	  35.61		
-25.02   	-14.95   	 77.05   	  55.95		
-25.63   	-11.29   	 77.27   	  81.38		
-24.72   	 -7.02   	 77.60   	 122.07		
-22.58   	 -3.05   	 78.09   	 152.59		
-20.75   	  0.61   	 78.70   	 193.29		
-19.53   	  2.44   	 79.47   	 233.98		
-18.92   	  3.05   	 80.41   	 269.58		
-18.31   	  3.97   	 81.48   	 295.01		
-17.09   	  7.32   	 82.66   	 320.45		
-14.65   	 13.73   	 83.95   	 330.62		
-12.21   	 20.75   	 85.27   	 335.71		
-10.07   	 26.25   	 86.61   	 330.62		
 -7.93   	 28.38   	 87.93   	 315.36		
 -5.80   	 27.77   	 89.20   	 300.10		
 -3.05   	 27.47   	 90.40   	 279.75		
 -0.31   	 29.60   	 91.52   	 259.41		
  2.14   	 34.18   	 92.55   	 239.06		
  3.97   	 40.28   	 93.51   	 223.80		
  5.49   	 45.47   	 94.40   	 218.72		
  7.02   	 49.44   	 95.28   	 213.63		
  9.16   	 52.19   	 96.13   	 223.80		
 11.60   	 54.63   	 97.03   	 233.98		
 14.65   	 57.98   	 97.97   	 249.24		
 18.31   	 62.56   	 98.96   	 254.32		
 22.58   	 68.36   	 99.98   	 264.50		
 27.16   	 75.38   	101.04   	 269.58		
 31.74   	 82.40   	102.12   	 274.67		
 36.01   	 88.20   	103.21   	 274.67		
 40.28   	 92.16   	104.31   	 279.75		
 44.86   	 94.91   	105.43   	 274.67		
 50.66   	 97.35   	106.53   	 269.58		
 56.76   	100.10   	107.61   	 269.58		
 62.26   	102.23   	108.69   	 274.67		
 65.92   	102.23   	109.79   	 289.93		
 68.36   	 98.88   	110.95   	 320.45		
 70.19   	 93.69   	112.23   	 350.97		
 71.72   	 88.50   	113.63   	 386.57		
 72.33   	 84.53   	115.18   	 422.18		
 71.72   	 81.48   	116.87   	 447.61		
 68.36   	 77.51   	118.66   	 452.69		
 63.48   	 70.19   	120.47   	 427.26		
 58.59   	 60.12   	122.18   	 386.57		
 54.02   	 49.13   	123.72   	 320.45		
 49.13   	 39.67   	125.00   	 239.06		
 43.03   	 31.74   	125.96   	 147.51		
 34.79   	 22.58   	126.55   	  40.69		
 25.63   	 10.38   	126.71   	 -81.38		
 16.78   	 -5.80   	126.39   	-208.54		
  9.16   	-24.11   	125.55   	-340.79		
  2.75   	-41.81   	124.19   	-473.04		
 -3.36   	-57.37   	122.30   	-590.03		
-10.07   	-70.50   	119.94   	-661.24		
-17.09   	-81.79   	117.29   	-707.02		
-23.50   	-91.86   	114.47   	-691.76		
-28.69   	-101.32   	111.70   	-645.98		
-31.74   	-109.25   	109.11   	-559.51		
-32.65   	-115.97   	106.88   	-452.69		
-32.96   	-120.85   	105.07   	-335.71		
-33.26   	-124.21   	103.72   	-208.54		
-34.48   	-126.95   	102.89   	 -86.47		
-36.01   	-129.39   	102.54   	  30.52		
-37.84   	-131.84   	102.66   	 127.16		
-39.06   	-133.97   	103.17   	 218.72		
-39.98   	-135.19   	104.05   	 279.75		
-40.28   	-134.89   	105.17   	 330.62		
-39.98   	-133.36   	106.49   	 345.88		
-39.67   	-130.62   	107.87   	 345.88		
-39.98   	-126.65   	109.26   	 320.45		
-40.28   	-122.68   	110.54   	 274.67		
-40.89   	-118.41   	111.64   	 213.63		
-40.59   	-113.83   	112.49   	 142.42		
-39.67   	-109.56   	113.06   	  66.12		
-38.15   	-104.68   	113.33   	 -15.26		
-37.23   	-100.40   	113.27   	 -96.64		
-36.93   	-97.05   	112.88   	-178.03		
-37.23   	-94.60   	112.17   	-249.24		
-37.54   	-92.16   	111.17   	-310.27		
-37.23   	-89.11   	109.93   	-366.22		
-35.71   	-83.92   	108.46   	-391.66		
-33.87   	-78.13   	106.90   	-406.92		
-31.74   	-72.33   	105.27   	-396.74		
-30.52   	-68.66   	103.68   	-371.31		
-29.30   	-68.05   	102.20   	-320.45		
-28.38   	-69.27   	100.92   	-264.50		
-27.47   	-70.80   	 99.86   	-193.29		
-26.55   	-71.72   	 99.08   	-116.99		
-25.94   	-71.72   	 98.62   	 -40.69		
-25.94   	-71.41   	 98.45   	  30.52		
-26.25   	-71.41   	 98.58   	  96.64		
-26.25   	-71.72   	 98.96   	 147.51		
-26.55   	-72.33   	 99.55   	 183.11		
-26.86   	-73.85   	100.28   	 208.54		
-27.16   	-76.29   	101.12   	  N/A		
