  I     	  II     	  PW     	  PW'		
-141.30   	262.15   	 12.33   	  30.52		
-159.91   	296.94   	 12.45   	  35.61		
-162.35   	294.19   	 12.59   	  35.61		
-114.75   	305.48   	 12.74   	  30.52		
-104.37   	314.94   	 12.86   	  35.61		
-87.28   	318.30   	 13.00   	  35.61		
-91.55   	318.60   	 13.14   	  30.52		
-126.34   	326.54   	 13.27   	  30.52		
-129.70   	325.01   	 13.39   	  25.43		
-124.21   	301.21   	 13.49   	  20.35		
-114.44   	296.94   	 13.57   	  20.35		
-100.10   	301.82   	 13.65   	  25.43		
-98.57   	292.66   	 13.75   	  20.35		
-92.16   	281.37   	 13.84   	  20.35		
-81.79   	287.17   	 13.92   	  20.35		
-73.24   	269.78   	 14.00   	  25.43		
-66.22   	273.74   	 14.10   	  25.43		
-44.25   	283.20   	 14.20   	  25.43		
-25.63   	269.47   	 14.30   	  25.43		
-28.08   	263.67   	 14.40   	  25.43		
-32.65   	236.51   	 14.51   	  20.35		
-24.72   	231.02   	 14.59   	  15.26		
-20.45   	199.89   	 14.65   	  10.17		
 -9.46   	185.24   	 14.69   	   5.09		
  8.24   	191.04   	 14.71   	   0.00		
 -4.58   	161.13   	 14.71   	 -10.17		
 -1.53   	170.59   	 14.67   	 -10.17		
 -8.54   	151.06   	 14.63   	 -15.26		
 -4.27   	119.93   	 14.57   	 -25.43		
  0.31   	 97.66   	 14.47   	 -20.35		
-31.43   	 69.27   	 14.38   	 -30.52		
-39.37   	 50.35   	 14.26   	 -25.43		
-27.77   	 41.81   	 14.16   	 -30.52		
-30.21   	 34.48   	 14.04   	 -30.52		
-29.91   	 14.04   	 13.92   	 -30.52		
-24.11   	  9.16   	 13.79   	 -20.35		
-21.36   	 -8.54   	 13.71   	 -25.43		
-29.30   	-26.55   	 13.61   	 -15.26		
-14.95   	 -9.16   	 13.55   	 -15.26		
  0.31   	-31.13   	 13.49   	  -5.09		
-28.08   	-24.41   	 13.47   	   0.00		
-39.37   	-23.50   	 13.47   	   5.09		
-30.82   	-43.95   	 13.49   	   5.09		
-38.45   	-33.26   	 13.51   	  15.26		
-40.28   	-41.20   	 13.57   	  15.26		
-38.15   	-42.72   	 13.63   	  15.26		
-31.74   	-40.28   	 13.69   	  15.26		
-44.56   	-52.49   	 13.75   	  15.26		
-43.64   	-47.30   	 13.81   	  15.26		
-30.21   	-50.96   	 13.88   	   5.09		
-41.81   	-52.80   	 13.90   	  10.17		
-40.89   	-52.80   	 13.94   	   0.00		
-21.06   	-61.34   	 13.94   	   0.00		
-24.41   	-68.36   	 13.94   	  -5.09		
-21.06   	-68.97   	 13.92   	 -10.17		
-31.43   	-67.44   	 13.88   	 -15.26		
-37.84   	-72.33   	 13.81   	 -15.26		
-35.10   	-69.58   	 13.75   	 -20.35		
-36.32   	-62.87   	 13.67   	 -25.43		
-27.47   	-63.48   	 13.57   	 -20.35		
-31.43   	-55.54   	 13.49   	 -20.35		
-35.10   	-39.06   	 13.41   	 -25.43		
-28.38   	 -4.27   	 13.31   	 -15.26		
-33.26   	 29.30   	 13.25   	 -20.35		
-13.43   	 77.82   	 13.16   	 -15.26		
 24.72   	149.23   	 13.10   	 -10.17		
 80.57   	200.20   	 13.06   	 -10.17		
180.97   	298.77   	 13.02   	 -10.17		
308.84   	392.46   	 12.98   	 -10.17		
413.82   	434.27   	 12.94   	  -5.09		
489.20   	436.40   	 12.92   	  -5.09		
545.35   	408.33   	 12.90   	  -5.09		
522.16   	357.67   	 12.88   	  -5.09		
491.64   	301.82   	 12.86   	   0.00		
439.45   	272.22   	 12.86   	  -5.09		
371.70   	171.81   	 12.84   	  -5.09		
359.80   	 28.08   	 12.82   	   5.09		
332.03   	-128.48   	 12.84   	   0.00		
338.13   	-289.61   	 12.84   	   5.09		
350.04   	-464.48   	 12.86   	   5.09		
316.77   	-596.01   	 12.88   	  10.17		
283.20   	-688.48   	 12.92   	   5.09		
250.24   	-744.32(R)	 12.94   	   0.00		
200.81   	-695.19   	 12.94   	   0.00		
156.56   	-574.04   	 12.94   	  -5.09		
114.44   	-441.89   	 12.92   	 -15.26		
 66.22   	-317.99   	 12.86   	 -20.35		
 36.93   	-219.73   	 12.78   	 -20.35		
 15.87   	-159.30   	 12.70   	 -25.43		
 -0.31   	-140.69   	 12.59   	 -25.43		
-19.53   	-148.93   	 12.49   	 -30.52		
-44.25   	-174.56   	 12.37   	 -25.43		
-66.53   	-230.71   	 12.27   	 -25.43		
-78.13   	-245.06   	 12.17   	 -25.43		
-83.01   	-236.21   	 12.07   	 -20.35		
-95.21   	-227.97   	 11.98   	 -15.26		
-88.81   	-180.05   	 11.92   	  -5.09		
-81.79   	-131.23   	 11.90   	   0.00		
-70.80   	-88.20   	 11.90   	  10.17		
-54.32   	-41.20   	 11.94   	  25.43		
-42.72   	-28.69   	 12.04   	  30.52		
-44.56   	-32.96   	 12.17   	  45.78		
-51.27   	-27.47   	 12.35   	  55.95		
-45.47   	-30.52   	 12.57   	  61.04		
-59.81   	-21.36   	 12.82   	  71.21		
-67.14   	 10.38   	 13.10   	  71.21		
-73.85   	  4.58   	 13.39   	  66.12		
-80.87   	 24.41   	 13.65   	  66.12		
-101.62   	 41.81   	 13.92   	  50.86		
-108.95   	 39.67   	 14.12   	  40.69		
-100.10   	 51.88   	 14.28   	  25.43		
-117.19   	 59.81   	 14.38   	  10.17		
-97.66   	 73.55   	 14.43   	  -5.09		
-72.02   	 92.16   	 14.40   	 -15.26		
-88.81   	102.23   	 14.34   	 -30.52		
-68.97   	121.15   	 14.22   	 -35.61		
-67.75   	132.75   	 14.08   	 -40.69		
-76.60   	148.62   	 13.92   	 -45.78		
-77.21   	161.44   	 13.73   	 -35.61		
-79.35   	173.95   	 13.59   	 -35.61		
-95.21   	180.66   	 13.45   	 -25.43		
-103.15   	202.03   	 13.35   	 -15.26		
-98.88   	216.37   	 13.29   	   0.00		
-111.08   	229.19   	 13.29   	  15.26		
-106.51   	263.67   	 13.35   	  30.52		
-119.32   	278.93   	 13.47   	  40.69		
-139.16   	275.88   	 13.63   	  50.86		
-132.45   	307.62   	 13.84   	  61.04		
-128.78   	296.94   	 14.08   	  66.12		
-111.39   	291.44   	 14.34   	  66.12		
-106.81   	311.58   	 14.61   	  66.12		
-103.45   	314.33   	 14.87   	  61.04		
-114.44   	319.21   	 15.12   	  61.04		
-129.09   	320.43   	 15.36   	  50.86		
-121.15   	320.74   	 15.56   	  40.69		
-116.27   	313.11   	 15.73   	  35.61		
-98.27   	302.43   	 15.87   	  25.43		
-66.53   	320.43   	 15.97   	  15.26		
-46.39   	311.28   	 16.03   	   5.09		
-34.79   	313.42   	 16.05   	   5.09		
-34.18   	349.43   	 16.07(A)	  -5.09		
-53.41   	332.34   	 16.05   	   0.00		
-44.25   	346.37   	 16.05   	   5.09		
-12.21   	372.31   	 16.07   	  10.17		
 -5.19   	331.42   	 16.11   	  25.43		
 13.43   	328.37   	 16.22   	  35.61		
 32.65   	325.62   	 16.36   	  45.78		
 14.65   	296.02   	 16.54   	  61.04		
 15.56   	285.64   	 16.79   	  71.21		
 34.18   	277.71   	 17.07   	  81.38		
 19.53   	249.94   	 17.40   	  81.38		
  2.44   	216.67   	 17.72   	  86.47		
  9.16   	200.81   	 18.07   	  86.47		
  3.05   	178.22   	 18.41   	  76.30		
  3.05   	159.30   	 18.72   	  66.12		
 16.78   	149.23   	 18.98   	  55.95		
 23.19   	131.53   	 19.21   	  45.78		
 13.43   	111.69   	 19.39   	  25.43		
 18.31   	 97.35   	 19.49   	  20.35		
  1.53   	 76.60   	 19.57(V)	   0.00		
-22.28   	 61.65   	 19.57   	  -5.09		
-18.92   	 59.51   	 19.55   	 -10.17		
-32.65   	 54.02   	 19.51   	 -20.35		
-11.29   	 43.95   	 19.43   	 -25.43		
 23.19   	 49.13   	 19.33   	 -25.43		
 10.99   	 44.25   	 19.23   	 -25.43		
 15.56   	 30.52   	 19.13   	 -25.43		
 10.07   	 32.35   	 19.02   	 -25.43		
-12.51   	 23.50   	 18.92   	 -25.43		
-18.01   	  8.54   	 18.82   	 -20.35		
-30.52   	 25.02   	 18.74   	 -15.26		
-48.52   	 23.19   	 18.68   	 -20.35		
-35.71   	 30.21   	 18.60   	 -15.26		
 -0.92   	 42.11   	 18.54   	 -15.26		
 22.58   	 21.67   	 18.47   	 -20.35		
 49.13   	 26.25   	 18.39   	 -15.26		
 38.76   	 36.01   	 18.33   	 -20.35		
 11.29   	 27.16   	 18.25   	 -20.35		
  1.22   	 27.47   	 18.17   	 -20.35		
 -4.58   	 17.09   	 18.09   	 -20.35		
 -8.54   	 15.56   	 18.01   	 -30.52		
-20.45   	 11.29   	 17.88   	 -25.43		
-18.92   	 23.80   	 17.78   	 -30.52		
-20.45   	 36.01   	 17.66   	 -30.52		
-28.99   	 20.14   	 17.54   	 -30.52		
-26.55   	 10.99   	 17.42   	 -35.61		
-12.21   	  8.24   	 17.27   	 -30.52		
 -5.19   	 -2.75   	 17.15   	 -30.52		
 -7.63   	 -4.58   	 17.03   	 -25.43		
 31.13   	 11.60   	 16.93   	 -20.35		
 24.72   	  9.46   	 16.85   	 -20.35		
 11.60   	  7.32   	 16.76   	 -15.26		
 12.21   	 21.97   	 16.70   	 -15.26		
-19.53   	 -2.14   	 16.64   	 -10.17		
-23.80   	  9.46   	 16.60   	 -10.17		
-48.52   	  7.93   	 16.56   	 -10.17		
-53.10   	  2.14   	 16.52   	 -10.17		
-36.93   	 28.38   	 16.48   	 -10.17		
-34.48   	 22.89   	 16.44   	 -10.17		
 -4.88   	 56.46   	 16.40   	 -10.17		
 27.77   	 96.74   	 16.36   	 -15.26		
 56.76   	137.02   	 16.30   	 -15.26		
100.10   	212.40   	 16.24   	 -15.26		
175.78   	286.25   	 16.17   	 -20.35		
282.29   	403.75   	 16.09   	 -15.26		
395.51   	474.24   	 16.03   	 -20.35		
499.88   	513.61   	 15.95   	 -20.35		
566.41   	514.83   	 15.87   	 -15.26		
586.55   	448.00   	 15.81   	 -15.26		
590.52   	409.24   	 15.75   	 -15.26		
551.76   	353.09   	 15.69   	 -10.17		
502.93   	301.21   	 15.65   	  -5.09		
453.80   	206.30   	 15.63   	   0.00		
402.53   	 85.45   	 15.63   	   5.09		
405.58   	-19.53   	 15.65   	  15.26		
405.27   	-132.14   	 15.71   	  25.43		
403.44   	-242.00   	 15.81   	  25.43		
396.12   	-352.78   	 15.91   	  25.43		
344.85   	-433.96   	 16.01   	  20.35		
298.46   	-505.37   	 16.09   	  20.35		
273.44   	-470.89   	 16.17   	  10.17		
217.29   	-396.42   	 16.22   	   5.09		
177.00   	-312.50   	 16.24   	  -5.09		
121.46   	-191.96   	 16.22   	 -10.17		
 62.87   	-140.99   	 16.17   	 -15.26		
 27.47   	-103.45   	 16.11   	 -20.35		
 -2.44   	-78.74   	 16.03   	 -30.52		
-24.72   	-116.27   	 15.91   	 -30.52		
-46.08   	-151.37   	 15.79   	 -45.78		
-56.46   	-174.87   	 15.61   	 -50.86		
-60.73   	-192.26   	 15.40   	 -61.04		
-67.75   	-192.26   	 15.16   	 -71.21		
-53.71   	-158.39   	 14.87   	 -66.12		
-53.71   	-107.73   	 14.61   	 -61.04		
-54.93   	-73.24   	 14.36   	 -61.04		
-41.81   	-33.26   	 14.12   	 -45.78		
-39.98   	 -5.49   	 13.94   	 -35.61		
-47.00   	 -3.97   	 13.79   	 -25.43		
-62.56   	-12.21   	 13.69   	  -5.09		
-65.31   	 17.40   	 13.67   	  10.17		
-67.75   	 25.33   	 13.71   	  25.43		
-73.55   	 33.57   	 13.81   	  35.61		
-77.21   	 43.03   	 13.96   	  45.78		
-97.96   	 40.59   	 14.14   	  50.86		
-118.10   	 47.30   	 14.34   	  45.78		
-119.93   	 53.10   	 14.53   	  35.61		
-87.89   	 83.92   	 14.67   	  30.52		
-51.88   	 94.60   	 14.79   	  15.26		
-47.91   	 94.60   	 14.85   	   0.00		
-49.13   	118.41   	 14.85   	 -10.17		
-72.02   	119.63   	 14.81   	 -25.43		
-104.68   	145.57   	 14.71   	 -35.61		
-107.73   	166.32   	 14.57   	 -40.69		
-101.93   	182.50   	 14.40   	 -50.86		
-104.06   	203.86   	 14.20   	 -45.78		
-123.90   	205.99   	 14.02   	 -45.78		
-123.90   	220.64   	 13.84   	 -40.69		
-127.26   	243.84   	 13.67   	 -30.52		
-131.84   	258.18   	 13.55   	 -15.26		
-102.84   	279.24   	 13.49   	   0.00		
-95.21   	275.88   	 13.49   	  15.26		
-113.22   	285.64   	 13.55   	  25.43		
-137.94   	305.79   	 13.65   	  45.78		
-156.25   	307.31   	 13.84   	  55.95		
-169.07   	340.27   	 14.06   	  66.12		
-157.78   	341.49   	 14.32   	  66.12		
-146.48   	331.12   	 14.59   	  71.21		
-136.72   	345.15   	 14.87   	  66.12		
-157.47   	336.61   	 15.14   	  61.04		
-171.20   	346.07   	 15.38   	  50.86		
-168.46   	346.98   	 15.58   	  45.78		
-157.78   	351.26   	 15.77   	  30.52		
-137.02   	352.48   	 15.89   	  25.43		
-112.00   	351.26   	 15.99   	  10.17		
-94.60   	340.88   	 16.03   	   5.09		
-114.75   	328.67   	 16.05   	   5.09		
-100.71   	333.25   	 16.07   	  -5.09		
-97.96   	341.80   	 16.05   	   5.09		
-88.81   	357.97   	 16.07   	   5.09		
-50.05   	361.63   	 16.09   	  10.17		
-36.62   	355.53   	 16.13   	  25.43		
 -7.32   	349.12   	 16.24   	  35.61		
  2.75   	341.80   	 16.38   	  45.78		
  3.66   	333.56   	 16.56   	  50.86		
 15.87   	330.51   	 16.76   	  61.04		
  5.49   	317.69   	 17.01   	  66.12		
  6.71   	289.61   	 17.27   	  66.12		
 25.02   	279.54   	 17.54   	  66.12		
 23.80   	258.79   	 17.80   	  61.04		
 27.16   	232.54   	 18.05   	  55.95		
 32.65   	218.20   	 18.27   	  45.78		
 18.31   	199.89   	 18.45   	  35.61		
 10.07   	161.13   	 18.60   	  25.43		
 15.26   	145.26   	 18.70   	  20.35		
 12.82   	138.24   	 18.78   	  10.17		
  4.88   	113.83   	 18.82   	   5.09		
 15.87   	126.34   	 18.84   	  -5.09		
  9.46   	104.98   	 18.82   	  -5.09		
  4.58   	 82.40   	 18.80   	 -15.26		
 12.51   	 77.82   	 18.74   	 -15.26		
  3.66   	 57.68   	 18.68   	 -15.26		
 -5.49   	 60.73   	 18.62   	 -20.35		
-16.17   	 39.37   	 18.54   	 -20.35		
-23.80   	 54.63   	 18.45   	 -15.26		
-28.38   	 50.66   	 18.39   	 -20.35		
-25.33   	 46.69   	 18.31   	 -15.26		
-12.82   	 67.14   	 18.25   	 -15.26		
  2.44   	 46.39   	 18.19   	 -15.26		
 11.90   	 43.33   	 18.13   	 -15.26		
  5.19   	 38.45   	 18.07   	 -15.26		
  5.49   	 32.04   	 18.01   	 -10.17		
-11.60   	 22.28   	 17.97   	 -15.26		
-24.72   	 17.40   	 17.90   	 -20.35		
-16.78   	 23.19   	 17.82   	 -15.26		
-15.56   	 25.33   	 17.76   	 -20.35		
 -3.05   	 36.32   	 17.68   	 -25.43		
  0.00   	 35.71   	 17.58   	 -25.43		
 -2.75   	 25.63   	 17.48   	 -35.61		
 -7.93   	 19.53   	 17.33   	 -30.52		
-12.51   	 18.01   	 17.21   	 -40.69		
-16.48   	 10.99   	 17.05   	 -35.61		
-11.90   	  1.53   	 16.91   	 -45.78		
 -6.71   	  6.71   	 16.72   	 -40.69		
-15.26   	 11.90   	 16.56   	 -40.69		
-11.60   	 21.97   	 16.40   	 -45.78		
-13.43   	 39.67   	 16.22   	 -40.69		
-31.13   	 15.87   	 16.05   	 -40.69		
-27.16   	 12.51   	 15.89   	 -40.69		
-15.56   	 16.17   	 15.73   	 -30.52		
-17.40   	 -0.31   	 15.61   	 -35.61		
 -5.49   	 20.45   	 15.46   	 -25.43		
 18.31   	 18.31   	 15.36   	 -25.43		
  5.80   	  0.61   	 15.26   	 -20.35		
 -2.44   	 10.38   	 15.18   	 -20.35		
 11.29   	 18.92   	 15.10   	 -15.26		
 -6.71   	 14.04   	 15.04   	 -15.26		
-16.17   	 11.60   	 14.97   	 -15.26		
-10.07   	 13.73   	 14.91   	 -10.17		
-25.33   	  7.02   	 14.87   	 -15.26		
-37.23   	  0.61   	 14.81   	 -10.17		
-30.21   	 24.11   	 14.77   	 -10.17		
-31.74   	 38.45   	 14.73   	 -15.26		
-37.84   	 56.15   	 14.67   	 -10.17		
-29.30   	 81.18   	 14.63   	 -15.26		
-35.71   	 81.18   	 14.57   	 -15.26		
-41.81   	 64.70   	 14.51   	 -10.17		
-32.35   	 73.55   	 14.47   	 -10.17		
-28.99   	 53.10   	 14.43   	 -10.17		
-23.80   	 31.74   	 14.38   	 -10.17		
-12.51   	 32.65   	 14.34   	  -5.09		
 -8.85   	 -2.14   	 14.32   	 -10.17		
 -1.53   	 -6.71   	 14.28   	   0.00		
 -8.54   	  8.54   	 14.28   	  -5.09		
-16.48   	 23.19   	 14.26   	   0.00		
-22.28   	 16.48   	 14.26   	   0.00		
-24.11   	  5.19   	 14.26   	  -5.09		
-19.84   	 15.56   	 14.24   	   0.00		
 -3.05   	-12.21   	 14.24   	   0.00		
  6.71   	-12.82   	 14.24   	 -10.17		
  6.10   	  0.92   	 14.20   	 -10.17		
 -9.77   	-32.96   	 14.16   	 -15.26		
-20.45   	-36.93   	 14.10   	 -15.26		
-19.84   	-29.91   	 14.04   	 -25.43		
-15.26   	-25.33   	 13.94   	 -20.35		
  2.14   	-12.51   	 13.86   	 -20.35		
 16.48   	 -7.63   	 13.77   	 -20.35		
  3.97   	  4.88   	 13.69   	 -15.26		
  0.31   	 12.82   	 13.63   	 -10.17		
 19.53   	 26.25   	 13.59   	   0.00		
 55.85   	 52.49   	 13.59   	   5.09		
123.29   	 64.70   	 13.61   	  10.17		
205.08   	 77.21   	 13.65   	  15.26		
292.36   	107.12   	 13.71   	  20.35		
397.64   	173.03   	 13.79   	  15.26		
497.13   	242.92   	 13.86   	  20.35		
587.46   	272.22   	 13.94   	  10.17		
657.35   	289.61   	 13.98   	  10.17		
641.78   	259.09   	 14.02   	   5.09		
609.74   	192.87   	 14.04   	   5.09		
543.21   	155.64   	 14.06   	   5.09		
467.22   	117.80   	 14.08   	  10.17		
459.59   	 43.33   	 14.12   	  15.26		
448.91   	-33.26   	 14.18   	  25.43		
495.91   	-88.81   	 14.28   	  30.52		
557.86   	-160.22   	 14.40   	  35.61		
579.83   	-257.26   	 14.55   	  40.69		
578.31   	-332.64   	 14.71   	  30.52		
534.06   	-383.00   	 14.83   	  25.43		
441.28   	-433.35   	 14.93   	  15.26		
354.61   	-329.28   	 14.99   	  -5.09		
306.70   	-215.76   	 14.97   	 -10.17		
242.31   	-131.53   	 14.93   	 -25.43		
179.44   	-51.57   	 14.83   	 -25.43		
120.24   	-42.11   	 14.73   	 -35.61		
 43.33   	-34.48   	 14.59   	 -40.69		
 -1.53   	-23.19   	 14.43   	 -45.78		
-17.70   	 -9.77   	 14.24   	 -45.78		
-24.72   	 -1.53   	 14.06   	 -55.95		
-25.33   	-12.51   	 13.84   	 -50.86		
-36.32   	 -6.41   	 13.63   	 -45.78		
-35.40   	 -6.10   	 13.45   	 -25.43		
-34.79   	  4.27   	 13.35   	 -10.17		
-41.81   	  7.93   	 13.31   	  10.17		
-56.76   	 -2.75   	 13.35   	  30.52		
-67.75   	  7.93   	 13.47   	  50.86		
-71.41   	  6.71   	 13.67   	  66.12		
-73.24   	  6.71   	 13.94   	  66.12		
-75.38   	 17.09   	 14.20   	  66.12		
-62.87   	 17.70   	 14.47   	  55.95		
-74.16   	 13.12   	 14.69   	  40.69		
-86.67   	 18.31   	 14.85   	  15.26		
-60.12   	 12.21   	 14.91   	  -5.09		
-61.04   	 40.89   	 14.89   	 -30.52		
-63.17   	 52.49   	 14.77   	 -55.95		
-53.41   	 63.78   	 14.55   	 -71.21		
-65.61   	 95.21   	 14.26   	 -91.56		
-79.04   	 73.85   	 13.90   	 -96.64		
-90.94   	 75.07   	 13.51   	 -96.64		
-94.60   	 80.26   	 13.12   	 -86.47		
-96.44   	 83.62   	 12.78   	 -81.38		
-93.38   	 97.96   	 12.45   	 -55.95		
-101.01   	 96.74   	 12.23   	 -45.78		
-95.83   	123.29   	 12.04   	 -20.35		
-95.21   	141.91   	 11.96   	  -5.09		
-113.53   	157.17   	 11.94   	   5.09		
-109.86   	181.27   	 11.96   	  25.43		
-113.53   	187.07   	 12.07   	  25.43		
-132.45   	187.99   	 12.17   	  35.61		
-121.46   	189.82   	 12.31   	  30.52		
-112.61   	196.84   	 12.43   	  30.52		
-123.29   	211.49   	 12.55   	  25.43		
-136.41   	216.67   	 12.66   	  10.17		
-148.01   	225.52   	 12.70   	  10.17		
-175.78   	227.36   	 12.74   	  -5.09		
-193.79   	224.61   	 12.72   	 -15.26		
-179.75   	227.66   	 12.66   	 -25.43		
-177.92   	230.10   	 12.55   	 -30.52		
-180.97   	233.15   	 12.43   	 -35.61		
-164.49   	233.15   	 12.29   	 -40.69		
-173.95   	219.12   	 12.13   	 -45.78		
-192.26   	204.77   	 11.94   	 -40.69		
-196.23   	209.35   	 11.78   	 -35.61		
-205.69   	197.75   	 11.64   	 -35.61		
-205.38   	194.70   	 11.50   	 -25.43		
-197.75   	207.52   	 11.39   	 -15.26		
-184.94   	179.44   	 11.33   	 -15.26		
-177.61   	173.95   	 11.27   	  -5.09		
-165.10   	167.54   	 11.25   	  -5.09		
-166.02   	144.04   	 11.23   	   0.00		
-156.25   	139.47   	 11.23   	   0.00		
-133.36   	128.78   	 11.23   	  -5.09		
-131.23   	125.43   	 11.21   	   0.00		
-118.10   	105.59   	 11.21   	  -5.09		
-97.35   	 93.38   	 11.19   	  -5.09		
-84.84   	 79.04   	 11.17   	 -10.17		
-54.63   	 81.18   	 11.13   	 -15.26		
-21.67   	 81.48   	 11.07   	 -15.26		
-19.84   	 86.06   	 11.01   	 -15.26		
-29.60   	 86.67   	 10.95   	 -20.35		
-35.40   	 53.41   	 10.86   	 -25.43		
-21.97   	 50.35   	 10.76   	 -30.52		
-23.50   	 47.30   	 10.64   	 -35.61		
 10.07   	 42.11   	 10.50   	 -45.78		
 34.79   	 44.86   	 10.32   	 -45.78		
  5.80   	 44.25   	 10.13   	 -50.86		
 28.99   	 32.65   	  9.93   	 -45.78		
 41.81   	 35.40   	  9.75   	 -40.69		
 25.63   	 23.50   	  9.58   	 -25.43		
 33.87   	 26.55   	  9.48   	 -20.35		
 17.70   	 32.65   	  9.40   	   0.00		
  6.71   	 14.34   	  9.40   	  10.17		
  1.53   	 35.40   	  9.44   	  30.52		
 11.60   	 24.11   	  9.56   	  35.61		
 29.91   	 13.12   	  9.70   	  45.78		
 21.67   	 22.89   	  9.89   	  50.86		
 10.38   	 12.21   	 10.09   	  45.78		
  3.05   	 10.99   	 10.27   	  45.78		
 -7.02   	  6.41   	 10.46   	  30.52		
-14.95   	 -0.31   	 10.58   	  20.35		
-21.36   	 -6.10   	 10.66   	  10.17		
-16.78   	 -2.44   	 10.70   	 -15.26		
-16.78   	 -6.41   	 10.64   	 -20.35		
 -8.54   	  1.83   	 10.56   	 -40.69		
 -8.85   	  1.22   	 10.40   	 -45.78		
 -6.10   	 -0.92   	 10.21   	 -55.95		
 -2.44   	  3.05   	  9.99   	 -61.04		
 -3.97   	 -6.71   	  9.75   	 -61.04		
  6.41   	-15.56   	  9.50   	 -55.95		
 10.99   	  3.97   	  9.28   	 -50.86		
  6.10   	  2.75   	  9.07   	 -40.69		
  8.24   	  7.63   	  8.91   	 -25.43		
  2.14   	 23.80   	  8.81   	 -15.26		
 -8.54   	  5.19   	  8.75   	   0.00		
-17.70   	  3.66   	  8.75   	  10.17		
-14.04   	 10.99   	  8.79   	  30.52		
-10.38   	  4.27   	  8.91   	  40.69		
  0.31   	  5.49   	  9.07   	  50.86		
  9.77   	 -0.92   	  9.28   	  61.04		
 -2.14   	 -9.16   	  9.52   	  66.12		
 -7.02   	-12.82   	  9.79   	  71.21		
 -7.93   	-32.65   	 10.07   	  76.30		
 -5.49   	 -3.05   	 10.38   	  71.21		
 -4.58   	 13.73   	 10.66   	  71.21		
 -3.05   	  7.93   	 10.95   	  61.04		
  2.75   	 49.44   	 11.19   	  61.04		
  5.19   	 28.08   	 11.43   	  45.78		
  2.14   	 -7.32   	 11.62   	  40.69		
 16.78   	 11.90   	 11.78   	  35.61		
 17.09   	  2.44   	 11.92   	  25.43		
 -1.53   	 -3.66   	 12.02   	  15.26		
 13.12   	  5.19   	 12.09   	  15.26		
  4.27   	  5.80   	 12.15   	  10.17		
  0.00   	  2.75   	 12.19   	  15.26		
  8.85   	 -1.53   	 12.25   	  10.17		
 -4.27   	  5.49   	 12.29   	  15.26		
 -7.02   	  9.16   	 12.35   	  15.26		
 -1.22   	 10.07   	 12.41   	  25.43		
  5.19   	 12.82   	 12.51   	  25.43		
 11.29   	 13.43   	 12.61   	  35.61		
 18.01   	 10.07   	 12.76   	  40.69		
 10.38   	  0.31   	 12.92   	  45.78		
  7.32   	  0.00   	 13.10   	  50.86		
 -2.14   	  4.58   	 13.31   	  50.86		
 -9.77   	 20.45   	 13.51   	  50.86		
-12.51   	  4.27   	 13.71   	  50.86		
-23.80   	 15.87   	 13.92   	  40.69		
-18.62   	 18.01   	 14.08   	  35.61		
  4.27   	 -3.97   	 14.22   	  25.43		
 -6.71   	  3.36   	 14.32   	  15.26		
  0.92   	 -0.92   	 14.38   	   5.09		
  9.16   	 -1.83   	 14.40   	  -5.09		
 -7.32   	  6.10   	 14.38   	 -20.35		
 -8.54   	  6.71   	 14.30   	 -25.43		
 -7.02   	  5.49   	 14.20   	 -30.52		
 -0.31   	 18.31   	 14.08   	 -40.69		
 -7.93   	 13.12   	 13.92   	 -45.78		
  1.22   	 21.67   	 13.73   	 -45.78		
  8.54   	 25.02   	 13.55   	 -50.86		
 -3.97   	  9.46   	 13.35   	 -50.86		
 -0.92   	  7.32   	 13.14   	 -50.86		
  1.22   	  3.97   	 12.94   	 -45.78		
-12.82   	 -2.14   	 12.76   	 -45.78		
 -4.27   	  5.19   	 12.57   	 -45.78		
  7.63   	 -6.41   	 12.39   	 -40.69		
 -5.49   	 17.40   	 12.23   	 -35.61		
  8.85   	 25.33   	 12.09   	 -30.52		
 12.51   	  9.16   	 11.96   	 -25.43		
  7.93   	 38.15   	 11.86   	 -25.43		
 19.53   	 31.13   	 11.76   	 -20.35		
 31.13   	 12.21   	 11.68   	 -15.26		
 23.19   	 41.50   	 11.62   	 -15.26		
  5.49   	 30.21   	 11.56   	 -10.17		
  7.32   	 14.95   	 11.52   	  -5.09		
  8.85   	 20.75   	 11.50   	 -10.17		
 11.90   	 20.45   	 11.45   	  -5.09		
  8.24   	 16.48   	 11.43   	  -5.09		
  3.36   	 14.95   	 11.41   	   0.00		
 -3.66   	 21.67   	 11.41   	  -5.09		
 -4.88   	 22.89   	 11.39   	   0.00		
  9.16   	 27.16   	 11.39   	   5.09		
 23.50   	 23.19   	 11.41   	   5.09		
 18.62   	 21.97   	 11.43   	  10.17		
 10.99   	 16.17   	 11.48   	  10.17		
  2.75   	 18.92   	 11.52   	  15.26		
 -0.31   	 31.43   	 11.58   	  15.26		
  0.00   	 39.98   	 11.64   	  15.26		
 -7.32   	 47.30   	 11.70   	  20.35		
 11.29   	 39.37   	 11.78   	  20.35		
 11.90   	 40.59   	 11.86   	  15.26		
  7.93   	 36.93   	 11.92   	  20.35		
 13.12   	 29.91   	 12.00   	  15.26		
-11.60   	 23.80   	 12.07   	  20.35		
-15.56   	 19.53   	 12.15   	  20.35		
-23.19   	 25.94   	 12.23   	  15.26		
-25.94   	  6.41   	 12.29   	  20.35		
 -2.14   	 24.72   	 12.37   	  20.35		
  3.36   	 40.28   	 12.45   	  15.26		
 21.67   	 32.35   	 12.51   	  20.35		
 16.48   	 50.66   	 12.59   	  15.26		
  5.19   	 56.46   	 12.66   	  15.26		
 -7.02   	 48.83   	 12.72   	  10.17		
 -9.16   	 62.87   	 12.76   	   5.09		
 28.08   	 77.21   	 12.78   	   0.00		
 77.51   	111.39   	 12.78   	   0.00		
151.37   	137.94   	 12.78   	 -10.17		
255.43   	191.35   	 12.74   	 -10.17		
351.56   	227.36   	 12.70   	 -15.26		
447.39   	269.47   	 12.63   	 -15.26		
534.97   	282.59   	 12.57   	 -20.35		
604.86   	279.24   	 12.49   	 -20.35		
653.08   	300.60   	 12.41   	 -15.26		
666.50   	282.59   	 12.35   	 -15.26		
644.84   	231.63   	 12.29   	 -10.17		
588.99   	181.27   	 12.25   	   0.00		
538.64   	 70.50   	 12.25   	   5.09		
518.80   	-47.91   	 12.27   	  10.17		
514.83   	-156.25   	 12.31   	  25.43		
530.70   	-231.63   	 12.41   	  25.43		
532.53   	-315.55   	 12.51   	  35.61		
522.77   	-390.63   	 12.66   	  40.69		
506.29   	-402.83   	 12.82   	  35.61		
473.02   	-425.72   	 12.96   	  35.61		
430.60   	-375.67   	 13.10   	  30.52		
373.54   	-271.61   	 13.22   	  15.26		
307.01   	-208.74   	 13.29   	  10.17		
226.14   	-131.23   	 13.33   	 -10.17		
154.72   	-42.72   	 13.29   	 -20.35		
114.75   	-12.51   	 13.20   	 -40.69		
 54.93   	 37.54   	 13.04   	 -66.12		
 28.99   	 73.55   	 12.78   	 -76.30		
  7.32   	 35.40   	 12.47   	 -96.64		
-36.93   	 18.01   	 12.09   	-101.73		
-32.04   	 16.48   	 11.68   	 -91.56		
-30.82   	 19.23   	 11.31   	 -81.38		
-29.30   	 29.30   	 10.99   	 -55.95		
-27.16   	 28.69   	 10.76   	 -20.35		
-43.33   	 28.38   	 10.68   	  15.26		
-39.98   	 31.74   	 10.74   	  55.95		
-46.08   	 43.33   	 10.97   	  76.30		
-46.39   	 60.73   	 11.27   	 106.82		
-39.67   	 70.80   	 11.70   	 111.90		
-59.20   	 61.04   	 12.15   	 116.99		
-56.46   	 66.22   	 12.61   	 111.90		
-52.80   	 74.16   	 13.06   	  96.64		
-60.12   	 76.90   	 13.45   	  76.30		
-57.37   	 85.75   	 13.75   	  61.04		
-65.92   	 92.16   	 14.00   	  40.69		
-73.85   	 89.42   	 14.16   	  25.43		
-67.44   	 96.13   	 14.26   	  15.26		
-68.66   	100.71   	 14.32   	   5.09		
-68.66   	 95.21   	 14.34   	   0.00		
-60.12   	130.31   	 14.34   	  10.17		
-63.48   	167.24   	 14.38   	  15.26		
-54.93   	187.68   	 14.45   	  25.43		
-58.29   	227.97   	 14.55   	  40.69		
-76.29   	220.34   	 14.71   	  55.95		
-75.68   	218.20   	 14.93   	  76.30		
-89.72   	234.68   	 15.24   	  81.38		
-92.47   	247.19   	 15.56   	  96.64		
-93.99   	272.22   	 15.95   	 106.82		
-109.56   	279.24   	 16.38   	 106.82		
-115.36   	287.78   	 16.81   	 111.90		
-110.47   	303.04   	 17.25   	 106.82		
-111.69   	334.47   	 17.68   	 106.82		
-118.10   	349.12   	 18.11   	  96.64		
-118.10   	378.72   	 18.49   	  86.47		
-127.87   	394.29   	 18.84   	  76.30		
-128.17   	391.54   	 19.15   	  66.12		
-122.68   	416.87   	 19.41   	  50.86		
-135.50   	426.94   	 19.61   	  45.78		
-156.25   	425.72   	 19.80   	  40.69		
-167.24   	430.91   	 19.96   	  30.52		
-174.26   	440.98   	 20.08   	  30.52		
-171.51   	446.47   	 20.20   	  25.43		
-166.02   	451.66   	 20.31   	  30.52		
-170.90   	453.19   	 20.43   	  25.43		
-169.37   	447.39   	 20.53   	  30.52		
-171.81   	443.42   	 20.65   	  35.61		
-170.90   	435.79   	 20.79   	  35.61		
-150.45   	441.59   	 20.94   	  40.69		
-148.62   	418.09   	 21.10   	  40.69		
-134.58   	391.54   	 21.26   	  40.69		
-100.10   	410.46   	 21.42   	  40.69		
-81.18   	408.02   	 21.59   	  30.52		
-70.80   	401.61   	 21.71   	  25.43		
-47.91   	411.99   	 21.81   	  15.26		
-39.06   	382.08   	 21.87   	   5.09		
-46.08   	343.02   	 21.89   	 -10.17		
-23.50   	350.95   	 21.85   	 -20.35		
-11.29   	339.36   	 21.77   	 -35.61		
  0.31   	322.57   	 21.63   	 -40.69		
 36.32   	310.97   	 21.46   	 -55.95		
 55.24   	283.51   	 21.24   	 -55.95		
 72.33   	281.07   	 21.02   	 -66.12		
 88.81   	281.68   	 20.75   	 -61.04		
 76.60   	267.03   	 20.51   	 -66.12		
 74.77   	265.81   	 20.24   	 -61.04		
 72.94   	231.02   	 20.00   	 -50.86		
 61.34   	196.23   	 19.80   	 -45.78		
 58.90   	182.80   	 19.61   	 -30.52		
 58.59   	155.64   	 19.49   	 -15.26		
 59.51   	143.74   	 19.43   	  -5.09		
 58.29   	142.52   	 19.41   	   5.09		
 59.81   	129.70   	 19.43   	  10.17		
 59.20   	127.26   	 19.47   	  10.17		
 52.19   	115.66   	 19.51   	  15.26		
 40.59   	 93.08   	 19.57   	   5.09		
 40.59   	 86.67   	 19.59   	   0.00		
 40.28   	 85.75   	 19.59   	 -10.17		
 28.99   	 82.40   	 19.55   	 -20.35		
 33.87   	 78.74   	 19.47   	 -30.52		
 27.47   	 74.16   	 19.35   	 -40.69		
 11.90   	 61.65   	 19.19   	 -45.78		
 19.53   	 51.88   	 19.00   	 -45.78		
 28.38   	 19.53   	 18.82   	 -50.86		
 32.04   	 36.32   	 18.62   	 -45.78		
 30.82   	 69.89   	 18.43   	 -40.69		
 44.56   	 51.57   	 18.27   	 -30.52		
 33.57   	 98.57   	 18.15   	 -25.43		
 28.69   	 84.23   	 18.05   	 -15.26		
 36.32   	 39.06   	 17.99   	  -5.09		
 15.87   	 60.12   	 17.97   	   0.00		
 24.72   	 58.29   	 17.97   	   5.09		
 22.28   	 68.05   	 17.99   	  15.26		
 25.02   	 64.39   	 18.05   	  10.17		
 36.93   	 61.34   	 18.09   	  15.26		
 19.23   	 54.63   	 18.15   	  10.17		
 17.70   	 42.42   	 18.19   	   5.09		
 29.91   	 40.28   	 18.21   	   0.00		
 20.45   	 48.22   	 18.21   	   0.00		
 17.70   	 34.18   	 18.21   	 -10.17		
 33.26   	 52.49   	 18.17   	 -15.26		
 12.82   	 61.04   	 18.11   	 -15.26		
  2.75   	 50.35   	 18.05   	 -20.35		
 26.55   	 52.49   	 17.97   	 -20.35		
 16.48   	 39.67   	 17.88   	 -25.43		
 23.19   	 41.81   	 17.78   	 -25.43		
 30.82   	 43.03   	 17.68   	 -30.52		
 31.13   	 43.33   	 17.56   	 -35.61		
 22.28   	 41.81   	 17.42   	 -25.43		
 17.09   	 34.18   	 17.31   	 -30.52		
 35.71   	 46.39   	 17.19   	 -20.35		
 30.21   	 39.67   	 17.11   	 -10.17		
 39.67   	 32.96   	 17.07   	  -5.09		
 44.25   	 37.84   	 17.05   	   0.00		
 36.01   	 40.89   	 17.05   	  15.26		
 27.77   	 35.40   	 17.11   	  20.35		
 31.13   	 67.44   	 17.19   	  25.43		
 37.23   	 61.65   	 17.29   	  25.43		
 30.82   	 40.89   	 17.40   	  30.52		
 31.43   	 44.56   	 17.52   	  20.35		
 28.08   	 31.43   	 17.60   	  20.35		
 20.75   	 26.86   	 17.68   	  10.17		
 20.75   	 30.21   	 17.72   	   5.09		
 27.47   	 31.13   	 17.74   	 -10.17		
 31.13   	 39.98   	 17.70   	 -15.26		
 28.08   	 38.76   	 17.64   	 -30.52		
 25.94   	 32.96   	 17.52   	 -40.69		
 33.57   	 39.67   	 17.35   	 -40.69		
 25.94   	 30.82   	 17.19   	 -45.78		
 21.97   	 25.02   	 17.01   	 -50.86		
 30.82   	 18.31   	 16.81   	 -45.78		
 21.36   	 32.65   	 16.62   	 -40.69		
 14.34   	 24.41   	 16.46   	 -35.61		
 24.11   	 32.04   	 16.32   	 -30.52		
 23.19   	 54.32   	 16.20   	 -20.35		
  9.46   	 29.91   	 16.11   	 -15.26		
 21.36   	 34.48   	 16.05   	 -10.17		
 20.14   	 34.79   	 16.01   	   0.00		
 25.02   	 31.13   	 16.01   	   5.09		
 45.17   	 36.32   	 16.03   	   5.09		
 40.28   	 17.09   	 16.05   	   5.09		
 39.06   	 13.43   	 16.07   	  10.17		
 32.96   	 57.68   	 16.11   	   5.09		
 31.13   	 86.98   	 16.13   	   0.00		
 47.91   	114.14   	 16.13   	   0.00		
 88.81   	152.28   	 16.13   	 -10.17		
160.22   	123.60   	 16.09   	 -10.17		
237.73   	106.51   	 16.05   	 -15.26		
346.68   	127.56   	 15.99   	 -20.35		
451.05   	107.12   	 15.91   	 -20.35		
532.23   	 88.50   	 15.83   	 -20.35		
633.24   	 85.14   	 15.75   	 -20.35		
694.58   	 95.21   	 15.67   	 -20.35		
703.74   	116.27   	 15.58   	 -20.35		
708.62   	105.29   	 15.50   	 -10.17		
653.08   	 87.89   	 15.46   	 -10.17		
588.68   	 23.50   	 15.42   	  -5.09		
572.51   	-72.33   	 15.40   	   5.09		
558.17   	-141.60   	 15.42   	  10.17		
556.34   	-224.61   	 15.46   	  20.35		
566.10   	-318.60   	 15.54   	  25.43		
555.11   	-402.22   	 15.65   	  30.52		
525.51   	-451.36   	 15.77   	  30.52		
498.66   	-446.78   	 15.89   	  35.61		
455.32   	-406.19   	 16.03   	  30.52		
394.59   	-286.56   	 16.15   	  25.43		
331.73   	-174.56   	 16.26   	  20.35		
249.63   	-93.38   	 16.34   	  15.26		
193.79   	 -8.85   	 16.40   	   5.09		
140.38   	 18.31   	 16.42   	 -10.17		
 82.40   	 14.34   	 16.38   	 -30.52		
 57.37   	  1.83   	 16.26   	 -45.78		
 27.47   	-32.65   	 16.07   	 -71.21		
 21.67   	-52.80   	 15.79   	 -81.38		
 28.08   	-35.40   	 15.46   	 -96.64		
 28.99   	-15.87   	 15.08   	-101.73		
 27.77   	 23.19   	 14.67   	 -96.64		
 11.60   	 47.91   	 14.28   	 -81.38		
-10.07   	 46.39   	 13.96   	 -66.12		
 -8.85   	 79.65   	 13.69   	 -35.61		
-22.58   	 86.06   	 13.55   	   5.09		
-33.87   	101.01   	 13.57   	  40.69		
-22.58   	 98.57   	 13.73   	  81.38		
-31.74   	 99.49   	 14.06   	 106.82		
-34.79   	103.15   	 14.49   	 127.16		
-29.60   	106.81   	 14.99   	 137.33		
-42.42   	115.66   	 15.54   	 137.33		
-26.86   	126.34   	 16.09   	 116.99		
-28.08   	127.26   	 16.56   	  86.47		
-33.26   	134.89   	 16.91   	  55.95		
-28.08   	146.48   	 17.13   	  10.17		
-49.74   	143.43   	 17.17   	 -25.43		
-61.34   	157.47   	 17.07   	 -66.12		
-61.34   	166.93   	 16.81   	 -91.56		
-53.41   	181.88   	 16.44   	-106.82		
-40.89   	199.58   	 16.01   	-122.07		
-32.96   	224.00   	 15.52   	-111.90		
-20.75   	238.04   	 15.08   	 -96.64		
-38.76   	252.99   	 14.69   	 -71.21		
-50.35   	283.20   	 14.40   	 -40.69		
-56.76   	282.90   	 14.24   	   0.00		
-70.50   	289.31   	 14.24   	  35.61		
-62.56   	319.52   	 14.38   	  71.21		
-72.02   	330.51   	 14.67   	 101.73		
-83.62   	341.49   	 15.08   	 127.16		
-101.62   	362.85   	 15.58   	 147.51		
-116.27   	379.94   	 16.17   	 157.68		
-119.93   	387.88   	 16.81   	 162.77		
-120.85   	411.38   	 17.46   	 157.68		
-108.64   	429.69   	 18.09   	 147.51		
-109.56   	429.08   	 18.68   	 137.33		
-121.46   	444.34   	 19.23   	 116.99		
-134.58   	442.81   	 19.69   	 101.73		
-138.85   	447.08   	 20.10   	  86.47		
-143.43   	452.58   	 20.45   	  76.30		
-142.21   	455.02   	 20.75   	  61.04		
-143.74   	460.21   	 21.00   	  50.86		
-136.72   	460.51   	 21.20   	  50.86		
-129.09   	457.15   	 21.40   	  45.78		
-128.48   	447.69   	 21.59   	  50.86		
-109.25   	420.23   	 21.79   	  50.86		
-115.97   	422.36   	 21.99   	  55.95		
-114.14   	431.52   	 22.22   	  55.95		
-101.93   	417.48   	 22.44   	  61.04		
-89.72   	441.59   	 22.69   	  66.12		
-65.31   	435.49   	 22.95   	  55.95		
-53.71   	404.05   	 23.17   	  55.95		
-35.71   	398.86   	 23.40   	  45.78		
-23.80   	379.33   	 23.58   	  40.69		
-12.21   	369.57   	 23.74   	  30.52		
  0.92   	356.45   	 23.87   	  15.26		
 18.31   	357.97   	 23.93   	   0.00		
 40.59   	347.60   	 23.93   	 -10.17		
 48.83   	324.71   	 23.89   	 -15.26		
 59.20   	314.94   	 23.82   	 -25.43		
 59.20   	277.71   	 23.72   	 -30.52		
 48.52   	246.89   	 23.60   	 -30.52		
 46.69   	245.67   	 23.48   	 -25.43		
 55.85   	231.02   	 23.38   	 -15.26		
 58.90   	238.34   	 23.32   	 -10.17		
 52.19   	264.28   	 23.28   	   0.00		
 43.33   	254.52   	 23.28   	  15.26		
 57.68   	248.11   	 23.34   	  20.35		
 90.33   	231.02   	 23.42   	  20.35		
172.12   	202.64   	 23.50   	  30.52		
283.81   	179.14   	 23.62   	  25.43		
384.22   	162.05   	 23.72   	  15.26		
490.11   	160.83   	 23.78   	  10.17		
599.67   	142.52   	 23.82   	   0.00		
714.72   	101.32   	 23.82   	 -15.26		
810.85   	 54.63   	 23.76   	 -30.52		
856.93   	 12.21   	 23.64   	 -40.69		
859.38   	-69.89   	 23.48   	 -50.86		
805.97   	-135.80   	 23.28   	 -61.04		
751.04   	-203.55   	 23.03   	 -66.12		
735.47   	-330.51   	 22.77   	 -61.04		
717.47   	-422.06   	 22.52   	 -61.04		
704.65   	-525.51   	 22.28   	 -55.95		
660.71   	-651.55   	 22.05   	 -50.86		
591.43   	-715.64   	 21.85   	 -40.69		
525.82   	-742.49(R)	 21.69   	 -25.43		
443.12   	-683.59   	 21.59   	 -25.43		
355.53   	-538.94   	 21.49   	 -10.17		
274.35   	-385.13   	 21.44   	  -5.09		
172.12   	-210.88   	 21.42   	  -5.09		
102.84   	-64.70   	 21.40   	   5.09		
 65.61   	 36.01   	 21.42   	   0.00		
 39.06   	109.86   	 21.42(A)	   0.00		
 34.18   	125.73   	 21.42   	  -5.09		
 13.43   	105.29   	 21.40   	  -5.09		
 -1.53   	 68.97   	 21.38   	 -15.26		
 -2.75   	 44.86   	 21.32   	 -20.35		
-11.29   	 28.08   	 21.24   	 -25.43		
 -4.58   	  6.71   	 21.14   	 -35.61		
  0.92   	-10.38   	 21.00   	 -35.61		
-13.43   	-19.53   	 20.85   	 -35.61		
-17.09   	  0.61   	 20.71   	 -40.69		
-22.89   	 18.92   	 20.55   	 -40.69		
-18.01   	 77.82   	 20.39   	 -35.61		
-14.65   	111.39   	 20.24   	 -35.61		
-10.99   	156.56   	 20.10   	 -25.43		
-11.90   	182.80   	 20.00   	 -25.43		
-14.65   	187.38   	 19.90   	 -25.43		
 -9.16   	199.28   	 19.80   	 -15.26		
-18.92   	174.26   	 19.74   	 -15.26		
-18.92   	183.11   	 19.67   	 -15.26		
-23.19   	199.58   	 19.61   	 -15.26		
-48.22   	198.06   	 19.55   	 -10.17		
-44.56   	227.97   	 19.51   	 -20.35		
-48.52   	244.14   	 19.43   	 -15.26		
-57.37   	250.85   	 19.37   	 -20.35		
-51.88   	274.96   	 19.29   	 -20.35		
-47.30   	288.70   	 19.21   	 -20.35		
-49.44   	290.83   	 19.13   	 -25.43		
-50.96   	312.81   	 19.02   	 -20.35		
-51.88   	336.30   	 18.94   	 -20.35		
-62.26   	351.87   	 18.86   	 -15.26		
-62.56   	368.35   	 18.80   	 -10.17		
-67.75   	375.06   	 18.76   	  -5.09		
-84.53   	371.09   	 18.74   	  10.17		
-92.16   	390.93   	 18.78   	  15.26		
-103.76   	413.21   	 18.84   	  30.52		
-109.25   	432.43   	 18.96   	  40.69		
-96.44   	451.97   	 19.13   	  50.86		
-96.13   	461.12   	 19.33   	  61.04		
-109.56   	457.76   	 19.57   	  66.12		
-91.25   	470.89   	 19.84   	  76.30		
-84.84   	484.92   	 20.14   	  81.38		
-75.38   	482.48   	 20.47   	  86.47		
-66.22   	481.57   	 20.81   	  86.47		
-80.87   	476.68   	 21.16   	  86.47		
-84.53   	467.22   	 21.51   	  86.47		
-76.60   	457.76   	 21.85   	  76.30		
-54.02   	456.85   	 22.16   	  81.38		
-32.96   	446.47   	 22.48   	  71.21		
-34.48   	420.84   	 22.77   	  66.12		
-24.11   	393.07   	 23.03   	  61.04		
-11.90   	379.64   	 23.28   	  61.04		
  8.24   	390.93   	 23.52   	  50.86		
 36.01   	390.63   	 23.72   	  50.86		
 43.33   	400.39   	 23.93   	  45.78		
 49.13   	385.74   	 24.11   	  45.78		
 49.74   	337.83   	 24.29   	  45.78		
 42.11   	331.73   	 24.48   	  45.78		
 50.05   	330.20   	 24.66   	  40.69		
 50.05   	344.85   	 24.82   	  40.69		
 77.21   	336.91   	 24.98   	  40.69		
152.89   	314.94   	 25.15   	  35.61		
263.98   	335.39   	 25.29   	  30.52		
399.17   	356.14   	 25.41   	  30.52		
540.16   	411.38   	 25.53   	  25.43		
653.38   	455.93   	 25.64   	  20.35		
731.81   	420.84   	 25.72   	  20.35		
799.87   	351.87   	 25.80   	  10.17		
839.23   	299.99   	 25.84   	  10.17		
842.59   	264.28   	 25.88   	  10.17		
824.89   	242.31   	 25.92   	   5.09		
773.62   	211.49   	 25.94   	   5.09		
725.40   	110.17   	 25.96   	   5.09		
690.00   	-29.30   	 25.98   	  10.17		
665.28   	-163.88   	 26.02   	   0.00		
650.02   	-291.44   	 26.02   	   5.09		
603.33   	-411.07   	 26.04(V)	   0.00		
553.59   	-481.26   	 26.04   	  -5.09		
502.93   	-524.60(R)	 26.02   	 -15.26		
416.56   	-518.19   	 25.96   	 -15.26		
340.88   	-413.51   	 25.90   	 -30.52		
254.21   	-295.41   	 25.78   	 -35.61		
150.15   	-164.79   	 25.64   	 -35.61		
100.71   	-29.60   	 25.49   	 -45.78		
 44.86   	 78.13   	 25.31   	 -40.69		
 10.68   	133.36   	 25.15   	 -40.69		
 11.90   	151.98   	 24.98   	 -40.69		
-27.16   	133.97   	 24.82   	 -30.52		
-28.38   	 97.66   	 24.70   	 -30.52		
-26.25   	 79.96   	 24.58   	 -30.52		
-35.71   	 83.31   	 24.46   	 -25.43		
-17.70   	 67.75   	 24.35   	 -30.52		
-28.38   	 37.54   	 24.23   	 -30.52		
-43.95   	  1.53   	 24.11   	 -35.61		
-61.65   	 -7.93   	 23.97   	 -35.61		
-69.89   	-22.58   	 23.82   	 -45.78		
-65.00   	-15.56   	 23.64   	 -45.78		
-47.30   	 21.36   	 23.46   	 -50.86		
-34.18   	 40.59   	 23.26   	 -55.95		
-30.21   	 91.86   	 23.03   	 -55.95		
-43.95   	138.55   	 22.81   	 -55.95		
-57.37   	154.42   	 22.58   	 -61.04		
-64.70   	159.30   	 22.34   	 -55.95		
-81.18   	150.15   	 22.12   	 -55.95		
-91.25   	148.93   	 21.89   	 -55.95		
-99.18   	156.86   	 21.67   	 -50.86		
-117.80   	162.05   	 21.46   	 -45.78		
-126.34   	172.12   	 21.28   	 -45.78		
-140.99   	173.03   	 21.10   	 -40.69		
-140.08   	184.02   	 20.94   	 -35.61		
-131.23   	205.38   	 20.79   	 -30.52		
-144.65   	212.71   	 20.67   	 -25.43		
-130.62   	237.12   	 20.57   	 -15.26		
-144.65   	245.06   	 20.51   	 -10.17		
-173.03   	241.39   	 20.47   	 -10.17		
-169.37   	253.30   	 20.43   	   0.00		
-189.51   	253.91   	 20.43   	   5.09		
-195.01   	258.18   	 20.45   	   5.09		
-206.30   	257.57   	 20.47   	  10.17		
-218.51   	255.43   	 20.51   	  15.26		
-212.10   	271.61   	 20.57   	  10.17		
-225.22   	262.45   	 20.61   	  15.26		
-193.48   	285.95   	 20.67   	  20.35		
-188.90   	296.63   	 20.75   	  15.26		
-191.04   	275.27   	 20.81   	  20.35		
-163.57   	285.95   	 20.90   	  25.43		
-176.70   	258.48   	 21.00   	  20.35		
-169.37   	263.98   	 21.08   	  25.43		
-150.45   	297.55   	 21.18   	  35.61		
-127.87   	296.33   	 21.32   	  35.61		
-95.21   	322.57   	 21.46   	  40.69		
-60.12   	325.62   	 21.63   	  50.86		
-43.95   	289.61   	 21.83   	  61.04		
-40.89   	292.05   	 22.08   	  66.12		
-38.15   	292.05   	 22.34   	  76.30		
-26.55   	284.42   	 22.64   	  76.30		
 -8.85   	271.91   	 22.95   	  86.47		
  5.80   	266.11   	 23.30   	  81.38		
 20.14   	248.72   	 23.62   	  86.47		
 32.96   	235.29   	 23.97   	  81.38		
 42.42   	227.66   	 24.29   	  76.30		
 52.19   	212.10   	 24.60   	  71.21		
 56.76   	199.58   	 24.88   	  66.12		
 59.20   	180.36   	 25.15   	  55.95		
 51.57   	172.12   	 25.37   	  45.78		
 53.71   	169.07   	 25.55   	  45.78		
 62.56   	147.40   	 25.74   	  35.61		
 55.54   	142.52   	 25.88   	  30.52		
 56.15   	148.93   	 26.00   	  30.52		
 49.44   	142.82   	 26.12   	  25.43		
 41.20   	151.06   	 26.23   	  20.35		
 47.00   	152.89   	 26.31   	  15.26		
 49.44   	136.11   	 26.37   	  20.35		
 50.35   	137.02   	 26.45   	  10.17		
 53.10   	126.65   	 26.49   	  15.26		
 53.10   	121.46   	 26.55   	  10.17		
 47.00   	120.54   	 26.59   	   5.09		
 61.34   	119.93   	 26.61   	   5.09		
 52.19   	114.75   	 26.63(V)	   0.00		
 36.01   	118.41   	 26.63   	  -5.09		
 43.95   	119.63   	 26.61   	  -5.09		
 33.87   	126.34   	 26.59   	 -10.17		
 37.84   	132.45   	 26.55   	 -20.35		
 44.25   	127.26   	 26.47   	 -20.35		
 38.76   	127.26   	 26.39   	 -25.43		
 34.48   	108.95   	 26.29   	 -30.52		
 41.20   	101.01   	 26.16   	 -30.52		
 44.86   	 89.72   	 26.04   	 -40.69		
 46.39   	120.54   	 25.88   	 -40.69		
 37.84   	122.68   	 25.72   	 -45.78		
 29.60   	128.17   	 25.53   	 -50.86		
 32.65   	150.15   	 25.33   	 -45.78		
 44.56   	115.36   	 25.15   	 -50.86		
 47.91   	107.42   	 24.94   	 -55.95		
 49.44   	112.30   	 24.72   	 -50.86		
 54.93   	108.64   	 24.52   	 -55.95		
 44.86   	108.34   	 24.29   	 -55.95		
 45.17   	108.03   	 24.07   	 -55.95		
 51.57   	112.61   	 23.85   	 -50.86		
 43.03   	103.76   	 23.64   	 -50.86		
 37.84   	104.37   	 23.44   	 -50.86		
 52.49   	108.64   	 23.23   	 -50.86		
 49.74   	104.98   	 23.03   	 -45.78		
 46.39   	 99.18   	 22.85   	 -45.78		
 56.15   	 94.30   	 22.67   	 -45.78		
 38.45   	 86.98   	 22.48   	 -45.78		
 45.17   	 80.26   	 22.30   	 -50.86		
 44.86   	 79.65   	 22.10   	 -45.78		
 30.52   	 74.77   	 21.91   	 -45.78		
 38.15   	 74.77   	 21.73   	 -45.78		
 36.32   	 96.44   	 21.55   	 -50.86		
 37.54   	 89.11   	 21.34   	 -45.78		
 56.46   	100.71   	 21.16   	 -40.69		
 57.37   	107.73   	 21.00   	 -45.78		
 59.20   	 85.45   	 20.81   	 -40.69		
 61.34   	 83.92   	 20.65   	 -40.69		
 57.68   	 83.01   	 20.49   	 -40.69		
 52.49   	 79.96   	 20.33   	 -35.61		
 38.45   	 79.96   	 20.18   	 -30.52		
 47.91   	 79.96   	 20.06   	 -30.52		
 45.17   	 83.92   	 19.94   	 -30.52		
 46.08   	 76.60   	 19.82   	 -30.52		
 64.09   	 79.35   	 19.69   	 -25.43		
 55.54   	 78.74   	 19.59   	 -20.35		
 47.91   	 61.95   	 19.51   	 -25.43		
 54.32   	 55.54   	 19.41   	 -30.52		
 45.78   	 50.05   	 19.29   	 -25.43		
 45.17   	 67.44   	 19.19   	 -30.52		
 50.96   	 70.80   	 19.06   	 -35.61		
 49.44   	 83.92   	 18.92   	 -30.52		
 50.05   	 98.88   	 18.80   	 -40.69		
 50.35   	 70.19   	 18.64   	 -35.61		
 59.51   	 72.63   	 18.49   	 -35.61		
 48.22   	 76.90   	 18.35   	 -35.61		
 46.39   	 61.34   	 18.21   	 -30.52		
 48.52   	 67.75   	 18.09   	 -30.52		
 33.57   	 64.70   	 17.97   	 -25.43		
 47.00   	 57.07   	 17.86   	 -20.35		
 53.41   	 69.89   	 17.78   	 -25.43		
 48.22   	 64.39   	 17.68   	 -20.35		
 53.71   	 68.05   	 17.60   	 -20.35		
 41.20   	 64.09   	 17.52   	 -15.26		
 53.10   	 61.95   	 17.46   	 -20.35		
 48.52   	 61.95   	 17.38   	 -25.43		
 45.17   	 61.04   	 17.27   	 -20.35		
 52.49   	 65.00   	 17.19   	 -20.35		
 42.72   	 54.63   	 17.11   	 -25.43		
 51.27   	 59.81   	 17.01   	 -25.43		
 53.41   	 61.34   	 16.91   	 -25.43		
 59.20   	 62.56   	 16.81   	 -25.43		
 48.52   	 54.93   	 16.70   	 -25.43		
 32.96   	 37.54   	 16.60   	 -20.35		
 43.95   	 46.08   	 16.52   	 -25.43		
 36.93   	 55.24   	 16.42   	 -20.35		
 44.56   	 60.73   	 16.34   	 -20.35		
 54.32   	 71.41   	 16.26   	 -20.35		
 55.24   	 70.50   	 16.17   	 -15.26		
 46.39   	 43.95   	 16.11   	 -20.35		
 56.76   	 50.05   	 16.03   	 -15.26		
 62.87   	 57.68   	 15.97   	 -15.26		
 49.44   	 54.32   	 15.91   	 -10.17		
 54.93   	 52.49   	 15.87   	 -15.26		
 50.96   	 54.63   	 15.81   	 -15.26		
 43.03   	 48.22   	 15.75   	 -15.26		
 45.47   	 45.47   	 15.69   	 -15.26		
 53.10   	 50.66   	 15.63   	 -15.26		
 54.63   	 48.52   	 15.56   	 -15.26		
 47.61   	 47.30   	 15.50   	 -15.26		
 62.56   	 52.80   	 15.44   	 -20.35		
 60.73   	 50.05   	 15.36   	 -15.26		
 57.68   	 47.91   	 15.30   	 -15.26		
 70.19   	 54.32   	 15.24   	 -15.26		
 60.12   	 43.95   	 15.18   	 -15.26		
 58.29   	 57.37   	 15.12   	 -10.17		
 51.27   	 53.41   	 15.08   	 -10.17		
 43.95   	 40.28   	 15.04   	 -10.17		
 41.81   	 53.71   	 14.99   	 -10.17		
 48.52   	 44.25   	 14.95   	 -10.17		
 58.59   	 49.74   	 14.91   	  -5.09		
 52.49   	 54.32   	 14.89   	  -5.09		
 50.35   	 35.10   	 14.87   	  -5.09		
 37.23   	 24.11   	 14.85   	  -5.09		
 32.35   	 25.94   	 14.83   	   0.00		
 54.63   	 55.85   	 14.83   	  -5.09		
 52.80   	 50.05   	 14.81   	  -5.09		
 69.27   	 75.07   	 14.79   	  -5.09		
 67.14   	 73.55   	 14.77   	  -5.09		
 47.00   	 37.54   	 14.75   	  -5.09		
 58.90   	 57.07   	 14.73   	  -5.09		
 56.46   	 48.52   	 14.71   	  -5.09		
 60.42   	 42.42   	 14.69   	  -5.09		
 63.78   	 39.37   	 14.67   	  -5.09		
 54.32   	 47.00   	 14.65   	   0.00		
 49.44   	 35.40   	 14.65   	  -5.09		
 37.54   	 50.35   	 14.63   	   0.00		
 41.50   	 60.42   	 14.63   	   0.00		
 49.74   	 39.37   	 14.63   	  -5.09		
 54.93   	 52.49   	 14.61   	   0.00		
 50.35   	 42.72   	 14.61   	   0.00		
 55.24   	 40.89   	 14.61   	   5.09		
 48.22   	 49.74   	 14.63   	   0.00		
 45.47   	 48.83   	 14.63   	   0.00		
 56.76   	 46.08   	 14.63   	   0.00		
 59.20   	 46.39   	 14.63   	   0.00		
 63.78   	 47.30   	 14.63   	   0.00		
 59.51   	 37.23   	 14.63   	  -5.09		
 55.24   	 39.37   	 14.61   	   0.00		
 44.25   	 33.87   	 14.61   	   0.00		
 43.95   	 32.35   	 14.61   	   0.00		
 52.49   	 34.48   	 14.61   	   0.00		
 55.85   	 34.48   	 14.61   	  -5.09		
 58.29   	 34.18   	 14.59   	   0.00		
 50.35   	 30.82   	 14.59   	  -5.09		
 36.01   	 41.81   	 14.57   	   0.00		
 32.96   	 43.03   	 14.57   	  -5.09		
 45.47   	 41.50   	 14.55   	  -5.09		
 45.47   	 50.96   	 14.53   	  -5.09		
 46.39   	 40.89   	 14.51   	  -5.09		
 41.50   	 36.93   	 14.49   	  -5.09		
 44.86   	 38.45   	 14.47   	  -5.09		
 54.63   	 36.62   	 14.45   	  -5.09		
 56.46   	 34.48   	 14.43   	  -5.09		
 70.19   	 37.23   	 14.40   	 -10.17		
 64.70   	 51.88   	 14.36   	   0.00		
 48.22   	 46.39   	 14.36   	  -5.09		
 58.29   	 45.47   	 14.34   	  -5.09		
 55.85   	 51.27   	 14.32   	  -5.09		
 41.81   	 32.35   	 14.30   	   0.00		
 55.85   	 49.13   	 14.30   	   0.00		
 58.59   	 59.51   	 14.30   	   0.00		
 57.68   	 56.76   	 14.30   	   0.00		
 73.55   	 74.16   	 14.30   	   0.00		
 63.17   	 91.86   	 14.30   	   0.00		
 66.22   	108.64   	 14.30   	   0.00		
 71.11   	126.95   	 14.30   	   5.09		
 67.44   	131.23   	 14.32   	   0.00		
 80.57   	120.24   	 14.32   	   0.00		
 67.14   	 95.21   	 14.32   	   5.09		
 64.39   	 90.64   	 14.34   	   0.00		
 68.97   	 87.59   	 14.34   	   0.00		
 58.90   	 91.25   	 14.34   	   0.00		
 72.02   	 95.52   	 14.34   	   0.00		
 78.74   	 86.98   	 14.34   	   0.00		
 80.57   	 79.96   	 14.34   	   0.00		
 83.62   	 58.90   	 14.34   	  -5.09		
 78.43   	 54.63   	 14.32   	   5.09		
 73.85   	 57.37   	 14.34   	   0.00		
 63.78   	 50.66   	 14.34   	   0.00		
 71.41   	 65.00   	 14.34   	   5.09		
 76.29   	 59.51   	 14.36   	  10.17		
 79.04   	 66.22   	 14.40   	  10.17		
 78.74   	 75.68   	 14.45   	  15.26		
 79.35   	 75.68   	 14.51   	  15.26		
 87.28   	 84.53   	 14.57   	  15.26		
 76.60   	 77.82   	 14.63   	  15.26		
 83.01   	 64.70   	 14.69   	  10.17		
100.40   	 65.00   	 14.73   	   5.09		
133.97   	 69.58   	 14.75   	  -5.09		
207.82   	108.34   	 14.73   	  -5.09		
293.58   	153.81   	 14.71   	 -15.26		
371.40   	187.07   	 14.65   	 -20.35		
467.22   	229.80   	 14.57   	 -25.43		
546.88   	238.65   	 14.47   	 -15.26		
624.69   	266.72   	 14.40   	 -15.26		
675.96   	301.51   	 14.34   	   0.00		
661.93   	289.92   	 14.34   	  10.17		
627.14   	256.96   	 14.38   	  20.35		
576.78   	173.95   	 14.47   	  30.52		
545.96   	 66.22   	 14.59   	  35.61		
536.80   	 18.01   	 14.73   	  40.69		
544.74   	-58.90   	 14.89   	  35.61		
565.19   	-113.53   	 15.04   	  25.43		
572.51   	-190.43   	 15.14   	  20.35		
591.13   	-315.55   	 15.22   	  15.26		
586.55   	-382.69   	 15.28   	   5.09		
561.52   	-417.79   	 15.30   	   5.09		
516.97   	-394.29   	 15.32   	   0.00		
460.82   	-314.33   	 15.32   	  10.17		
388.79   	-244.14   	 15.36   	  10.17		
323.49   	-153.20   	 15.40   	  20.35		
257.87   	-88.81   	 15.48   	  35.61		
186.46   	-35.10   	 15.63   	  55.95		
126.04   	  6.41   	 15.85   	  66.12		
 65.92   	 25.02   	 16.11   	  96.64		
 27.77   	 39.06   	 16.50   	 116.99		
  2.14   	 30.52   	 16.97   	 142.42		
 -0.92   	 31.13   	 17.54   	 162.77		
  1.53   	 35.40   	 18.19   	 178.03		
 -2.44   	 37.84   	 18.90   	 188.20		
 -3.05   	 43.03   	 19.65   	 178.03		
 -5.19   	 47.61   	 20.37   	 162.77		
-14.04   	 49.44   	 21.02   	 137.33		
-14.65   	 53.10   	 21.57   	  96.64		
-19.84   	 52.49   	 21.95   	  50.86		
-24.41   	 61.65   	 22.16   	   5.09		
-21.36   	 64.70   	 22.18   	 -40.69		
-20.45   	 63.48   	 22.01   	 -71.21		
-28.69   	 77.51   	 21.73   	-101.73		
-41.20   	 83.62   	 21.32   	-116.99		
-44.56   	 82.09   	 20.85   	-111.90		
-42.11   	 90.33   	 20.41   	-106.82		
-28.99   	 96.44   	 19.98   	 -81.38		
-22.58   	100.71   	 19.65   	 -61.04		
-19.23   	108.95   	 19.41   	 -25.43		
-24.41   	117.80   	 19.31   	   5.09		
-42.11   	119.02   	 19.33   	  30.52		
-50.96   	116.88   	 19.45   	  55.95		
-54.32   	137.33   	 19.67   	  66.12		
-68.66   	144.35   	 19.94   	  76.30		
-56.46   	152.89   	 20.24   	  76.30		
-48.52   	172.42   	 20.55   	  66.12		
-54.93   	177.92   	 20.81   	  55.95		
-50.66   	192.26   	 21.04   	  40.69		
-69.89   	204.77   	 21.20   	  20.35		
-85.75   	218.81   	 21.28   	   0.00		
-90.94   	224.30   	 21.28   	 -15.26		
-79.04   	230.71   	 21.22   	 -35.61		
-83.31   	244.75   	 21.08   	 -55.95		
-84.53   	248.41   	 20.85   	 -61.04		
-82.40   	259.09   	 20.61   	 -66.12		
-113.53   	265.50   	 20.35   	 -71.21		
-120.24   	275.27   	 20.06   	 -71.21		
-115.66   	284.42   	 19.78   	 -66.12		
-122.07   	292.05   	 19.51   	 -61.04		
-123.29   	299.99   	 19.27   	 -50.86		
-126.95   	291.44   	 19.06   	 -40.69		
-131.53   	290.22   	 18.90   	 -35.61		
-139.47   	299.38   	 18.76   	 -30.52		
-140.69   	291.14   	 18.64   	 -20.35		
-135.80   	295.41   	 18.56   	 -20.35		
-142.21   	290.53   	 18.47   	 -10.17		
-142.21   	281.07   	 18.43   	 -15.26		
-144.96   	276.49   	 18.37   	 -10.17		
-147.40   	263.98   	 18.33   	 -10.17		
-143.74   	253.30   	 18.29   	 -15.26		
-149.54   	236.21   	 18.23   	 -20.35		
-139.77   	217.59   	 18.15   	 -20.35		
-131.84   	208.44   	 18.07   	 -25.43		
-128.48   	203.55   	 17.97   	 -25.43		
-112.30   	188.90   	 17.86   	 -30.52		
-100.40   	178.22   	 17.74   	 -25.43		
-95.52   	162.96   	 17.64   	 -30.52		
-68.66   	152.59   	 17.52   	 -25.43		
-65.31   	134.58   	 17.42   	 -20.35		
-38.76   	140.38   	 17.33   	 -20.35		
-18.01   	130.92   	 17.25   	 -20.35		
-21.97   	108.03   	 17.17   	 -20.35		
  2.75   	114.14   	 17.09   	 -15.26		
  5.80   	 99.49   	 17.03   	 -15.26		
 10.38   	 87.89   	 16.97   	 -15.26		
 40.59   	101.01   	 16.91   	 -20.35		
 50.05   	 99.18   	 16.83   	 -25.43		
 57.98   	 91.25   	 16.72   	 -25.43		
 65.31   	 95.52   	 16.62   	 -35.61		
 66.83   	 91.86   	 16.48   	 -50.86		
 67.44   	 81.48   	 16.28   	 -55.95		
 69.27   	 76.90   	 16.05   	 -61.04		
 75.07   	 79.96   	 15.81   	 -76.30		
 86.98   	 73.55   	 15.50   	 -71.21		
 87.28   	 71.11   	 15.22   	 -66.12		
101.93   	 67.14   	 14.95   	 -50.86		
 98.88   	 56.46   	 14.75   	 -35.61		
 75.07   	 40.89   	 14.61   	 -15.26		
 78.13   	 47.61   	 14.55   	  15.26		
 69.58   	 43.03   	 14.61   	  35.61		
 77.51   	 45.17   	 14.75   	  50.86		
 87.28   	 51.88   	 14.95   	  71.21		
 80.57   	 45.17   	 15.24   	  81.38		
 89.11   	 48.22   	 15.56   	  86.47		
 87.28   	 72.94   	 15.91   	  81.38		
114.14   	130.92   	 16.24   	  81.38		
149.54   	225.52   	 16.56   	  66.12		
206.60   	358.28   	 16.83   	  61.04		
282.59   	521.24   	 17.07   	  40.69		
355.22   	677.19   	 17.23   	  30.52		
428.16   	769.96   	 17.35   	  20.35		
501.10   	830.69(R)	 17.44   	  10.17		
546.57   	780.33   	 17.48   	   0.00		
563.96   	649.72   	 17.48   	  -5.09		
577.09   	528.56   	 17.46   	  -5.09		
540.16   	360.11   	 17.44   	   0.00		
505.07   	260.31   	 17.44   	   0.00		
500.49   	174.56   	 17.44   	   5.09		
474.55   	 47.91   	 17.46   	  15.26		
455.93   	-54.93   	 17.52   	  15.26		
417.18   	-225.83   	 17.58   	  30.52		
357.06   	-346.37   	 17.70   	  30.52		
322.27   	-350.95   	 17.82   	  40.69		
287.78   	-312.19   	 17.99   	  40.69		
245.67   	-163.57   	 18.15   	  45.78		
216.67   	  3.05   	 18.33   	  45.78		
157.17   	 86.67   	 18.51   	  45.78		
107.42   	111.08   	 18.70   	  40.69		
 82.70   	 64.09   	 18.86   	  45.78		
 63.17   	 -4.88   	 19.04   	  35.61		
 50.05   	-62.26   	 19.19   	  35.61		
 35.10   	-71.72   	 19.33   	  30.52		
 32.96   	-66.22   	 19.45   	  25.43		
 31.13   	-86.36   	 19.55   	  15.26		
 29.30   	-116.27   	 19.61   	  15.26		
 36.32   	-138.24   	 19.67   	   5.09		
 41.81   	-158.69   	 19.69   	   5.09		
 33.87   	-158.08   	 19.72   	   5.09		
 45.47   	-115.05   	 19.74   	   0.00		
 56.46   	-67.75   	 19.74   	   5.09		
 53.10   	-28.08   	 19.76   	   0.00		
 51.57   	 11.29   	 19.76   	   5.09		
 38.15   	 25.33   	 19.78   	  10.17		
 35.40   	 16.48   	 19.82   	  10.17		
 21.67   	  8.24   	 19.86   	  15.26		
 19.84   	  8.54   	 19.92   	  15.26		
 26.86   	 26.55   	 19.98   	  20.35		
 13.43   	 35.10   	 20.06   	  10.17		
 27.16   	 46.08   	 20.10   	  15.26		
 37.84   	 68.66   	 20.16   	   5.09		
 32.65   	 60.42   	 20.18   	   0.00		
 36.93   	 59.51   	 20.18(A)	   0.00		
 29.91   	 68.66   	 20.18   	  -5.09		
 29.91   	 68.66   	 20.16   	 -10.17		
 32.65   	 74.77   	 20.12   	 -10.17		
 27.16   	 76.29   	 20.08   	 -10.17		
 17.70   	 80.57   	 20.04   	   0.00		
 18.92   	116.58   	 20.04   	   0.00		
 18.92   	116.58   	 20.04   	  10.17		
 41.81   	152.89   	 20.08   	  25.43		
 47.00   	133.97   	 20.18   	  35.61		
 46.08   	138.85   	 20.33   	  45.78		
 46.08   	138.85   	 20.51   	  55.95		
 37.84   	149.54   	 20.73   	  71.21		
 42.11   	150.15   	 21.02   	  76.30		
 39.98   	145.26   	 21.32   	  81.38		
 43.33   	134.28   	 21.65   	  91.56		
 38.76   	135.80   	 22.01   	  91.56		
 33.87   	144.65   	 22.38   	  91.56		
 43.03   	144.35   	 22.75   	  91.56		
 48.22   	151.06   	 23.11   	  86.47		
 65.00   	151.37   	 23.46   	  86.47		
 65.61   	139.47   	 23.80   	  76.30		
 61.04   	128.78   	 24.11   	  71.21		
 69.27   	122.07   	 24.39   	  61.04		
 73.55   	113.22   	 24.64   	  61.04		
 76.90   	103.76   	 24.88   	  55.95		
 88.20   	111.39   	 25.11   	  50.86		
 92.16   	108.95   	 25.31   	  45.78		
 81.18   	 96.13   	 25.49   	  45.78		
 83.01   	114.14   	 25.68   	  45.78		
 88.81   	120.54   	 25.86   	  45.78		
 79.35   	131.84   	 26.04   	  40.69		
 83.01   	142.82   	 26.21   	  45.78		
 92.16   	148.32   	 26.39   	  40.69		
 85.75   	146.79   	 26.55   	  45.78		
 69.58   	137.02   	 26.73   	  40.69		
 76.60   	145.87   	 26.90   	  40.69		
 70.50   	137.33   	 27.06   	  40.69		
 64.70   	127.26   	 27.22   	  35.61		
 83.62   	115.97   	 27.37   	  30.52		
 72.63   	104.98   	 27.49   	  30.52		
 64.09   	103.76   	 27.61   	  20.35		
 57.98   	 98.57   	 27.69   	  20.35		
 47.91   	105.59   	 27.77   	  15.26		
 45.47   	104.98   	 27.83   	   5.09		
 38.15   	 87.59   	 27.85(V)	   0.00		
 38.45   	 80.87   	 27.85   	  -5.09		
 48.83   	 78.13   	 27.83   	 -10.17		
 51.88   	 79.04   	 27.79   	 -20.35		
 63.78   	 76.90   	 27.71   	 -25.43		
 61.04   	 81.79   	 27.61   	 -30.52		
 60.12   	 84.53   	 27.49   	 -35.61		
 66.22   	 71.41   	 27.34   	 -40.69		
 65.31   	 85.75   	 27.18   	 -45.78		
 62.87   	 67.44   	 27.00   	 -45.78		
 54.32   	 69.58   	 26.82   	 -50.86		
 42.42   	 86.36   	 26.61   	 -50.86		
 36.01   	 67.75   	 26.41   	 -45.78		
 45.17   	 92.77   	 26.23   	 -50.86		
 60.42   	 80.87   	 26.02   	 -50.86		
101.93   	 90.64   	 25.82   	 -50.86		
168.76   	156.56   	 25.62   	 -50.86		
255.74   	212.40   	 25.41   	 -55.95		
366.82   	286.25   	 25.19   	 -50.86		
481.57   	328.98   	 24.98   	 -55.95		
583.19   	288.39   	 24.76   	 -61.04		
672.00   	197.14   	 24.52   	 -66.12		
723.27   	122.38   	 24.25   	 -61.04		
725.71   	 19.84   	 24.01   	 -71.21		
710.45   	-64.09   	 23.72   	 -71.21		
665.89   	-100.40   	 23.44   	 -76.30		
625.00   	-221.86   	 23.13   	 -71.21		
617.68   	-325.32   	 22.85   	 -76.30		
616.76   	-417.18   	 22.54   	 -66.12		
612.49   	-531.62   	 22.28   	 -71.21		
597.23   	-608.52   	 21.99   	 -61.04		
567.32   	-657.35   	 21.75   	 -61.04		
519.10   	-691.22(R)	 21.51   	 -55.95		
454.71   	-656.43   	 21.28   	 -50.86		
385.74   	-522.77   	 21.08   	 -45.78		
305.18   	-390.01   	 20.90   	 -45.78		
221.86   	-213.32   	 20.71   	 -45.78		
148.62   	-79.35   	 20.53   	 -45.78		
107.12   	-11.29   	 20.35   	 -45.78		
 66.22   	 34.18   	 20.16   	 -45.78		
 15.87   	 -5.49   	 19.98   	 -50.86		
-11.90   	-36.62   	 19.78   	 -40.69		
-26.25   	-52.80   	 19.61   	 -40.69		
-24.41   	-90.03   	 19.45   	 -35.61		
-17.09   	-87.89   	 19.31   	 -25.43		
 -6.10   	-81.48   	 19.21   	 -20.35		
-16.78   	-107.73   	 19.13   	 -15.26		
-14.65   	-85.14   	 19.06   	 -20.35		
 -9.77   	-35.40   	 18.98   	 -20.35		
-15.26   	 10.68   	 18.90   	 -35.61		
-10.68   	 47.00   	 18.76   	 -50.86		
-27.16   	 77.82   	 18.56   	 -71.21		
-45.17   	 71.11   	 18.27   	 -91.56		
-32.96   	 59.20   	 17.90   	-111.90		
-27.77   	 66.83   	 17.46   	-127.16		
-25.94   	 70.19   	 16.95   	-137.33		
-14.34   	 88.81   	 16.40   	-132.25		
-26.25   	112.00   	 15.87   	-122.07		
-34.18   	121.15   	 15.38   	-111.90		
-44.56   	130.31   	 14.93   	 -86.47		
-46.39   	150.15   	 14.59   	 -55.95		
-38.15   	158.39   	 14.36   	 -30.52		
-43.03   	171.81   	 14.24   	  -5.09		
-45.78   	193.48   	 14.22   	  20.35		
-56.15   	196.53   	 14.30   	  40.69		
-65.00   	205.69   	 14.47   	  55.95		
-74.16   	225.52   	 14.69   	  66.12		
-69.27   	228.27   	 14.95   	  66.12		
-66.83   	256.35   	 15.22   	  66.12		
-85.45   	285.34   	 15.48   	  61.04		
-92.16   	288.70   	 15.73   	  50.86		
-100.10   	323.49   	 15.93   	  45.78		
-108.64   	329.59   	 16.11   	  40.69		
-100.40   	324.71   	 16.28   	  30.52		
-106.20   	343.02   	 16.40   	  30.52		
-121.15   	342.71   	 16.52   	  25.43		
-122.68   	351.56   	 16.62   	  30.52		
-133.36   	354.31   	 16.74   	  35.61		
-141.30   	357.97   	 16.89   	  40.69		
-141.60   	375.67   	 17.05   	  50.86		
-146.18   	368.96   	 17.25   	  61.04		
-143.13   	363.46   	 17.50   	  71.21		
-129.09   	374.76   	 17.78   	  76.30		
-111.08   	360.11   	 18.09   	  81.38		
-101.93   	361.94   	 18.41   	  81.38		
-102.23   	357.36   	 18.74   	  81.38		
-80.57   	355.53   	 19.06   	  71.21		
-73.24   	342.41   	 19.35   	  71.21		
-69.27   	326.54   	 19.63   	  61.04		
-47.91   	328.67   	 19.88   	  61.04		
-43.95   	314.03   	 20.12   	  50.86		
-27.16   	315.55   	 20.33   	  55.95		
 -4.88   	316.47   	 20.55   	  55.95		
 -6.10   	296.94   	 20.77   	  61.04		
  6.41   	284.42   	 21.02   	  61.04		
  0.61   	251.46   	 21.26   	  71.21		
  0.92   	212.71   	 21.55   	  76.30		
 25.94   	209.05   	 21.85   	  76.30		
 29.60   	197.14   	 22.16   	  81.38		
 47.30   	194.40   	 22.48   	  76.30		
 66.22   	195.01   	 22.79   	  76.30		
 60.73   	164.18   	 23.09   	  61.04		
 55.24   	132.14   	 23.34   	  61.04		
 44.25   	104.37   	 23.58   	  40.69		
 39.37   	 87.28   	 23.74   	  35.61		
 20.75   	 77.82   	 23.89   	  15.26		
 28.08   	 72.33   	 23.95   	  10.17		
 26.86   	 61.34   	 23.99(V)	 -10.17		
 27.47   	 51.57   	 23.95   	 -15.26		
 40.89   	 45.47   	 23.89   	 -25.43		
 38.76   	 42.42   	 23.78   	 -40.69		
 25.33   	 35.71   	 23.62   	 -40.69		
 11.90   	 41.20   	 23.46   	 -45.78		
 13.12   	 40.59   	 23.28   	 -50.86		
 12.21   	 37.23   	 23.07   	 -55.95		
 18.01   	 41.20   	 22.85   	 -55.95		
 28.99   	 31.74   	 22.62   	 -50.86		
 22.28   	 38.45   	 22.42   	 -50.86		
 24.72   	 40.59   	 22.22   	 -50.86		
 28.99   	 28.69   	 22.01   	 -50.86		
 23.80   	 24.72   	 21.81   	 -45.78		
 18.31   	 16.78   	 21.63   	 -40.69		
 10.68   	-12.51   	 21.46   	 -40.69		
  7.93   	 17.70   	 21.30   	 -40.69		
 18.92   	 40.89   	 21.14   	 -35.61		
 19.84   	 28.99   	 21.00   	 -35.61		
 21.97   	 50.05   	 20.85   	 -35.61		
 27.47   	 40.59   	 20.71   	 -35.61		
 23.19   	 28.38   	 20.57   	 -35.61		
 13.43   	 33.26   	 20.43   	 -35.61		
  7.93   	 39.06   	 20.28   	 -35.61		
  7.32   	 27.16   	 20.14   	 -40.69		
 17.40   	  6.41   	 19.98   	 -35.61		
 38.76   	 25.02   	 19.84   	 -40.69		
 51.27   	 20.14   	 19.67   	 -40.69		
 42.72   	 15.26   	 19.51   	 -45.78		
 27.77   	 27.47   	 19.33   	 -45.78		
 19.23   	  5.19   	 19.15   	 -40.69		
 18.62   	 -0.92   	 18.98   	 -45.78		
 26.55   	  9.77   	 18.80   	 -45.78		
 27.16   	 11.60   	 18.62   	 -45.78		
 16.48   	  8.24   	 18.43   	 -40.69		
 15.26   	  1.22   	 18.27   	 -45.78		
 27.16   	 -0.61   	 18.09   	 -40.69		
 22.89   	 -6.10   	 17.92   	 -45.78		
 37.84   	  0.00   	 17.74   	 -40.69		
 41.50   	  3.05   	 17.58   	 -40.69		
 27.77   	  9.77   	 17.42   	 -45.78		
 39.37   	  7.93   	 17.23   	 -45.78		
 32.04   	  3.36   	 17.05   	 -45.78		
 29.30   	  3.05   	 16.87   	 -45.78		
 37.23   	-16.78   	 16.68   	 -45.78		
 40.28   	-12.21   	 16.50   	 -45.78		
 30.52   	 -2.75   	 16.32   	 -45.78		
 31.43   	 -6.41   	 16.13   	 -40.69		
 21.67   	  1.53   	 15.97   	 -45.78		
 15.26   	 -3.97   	 15.79   	 -45.78		
 21.67   	-23.50   	 15.61   	 -40.69		
 19.53   	-21.06   	 15.44   	 -40.69		
 16.48   	-12.51   	 15.28   	 -45.78		
 14.95   	-14.95   	 15.10   	 -40.69		
 20.75   	-15.56   	 14.93   	 -40.69		
 23.19   	 -8.54   	 14.77   	 -40.69		
 21.97   	-16.78   	 14.61   	 -35.61		
 17.70   	-16.17   	 14.47   	 -40.69		
 17.09   	-14.04   	 14.30   	 -35.61		
 17.40   	-15.87   	 14.16   	 -35.61		
 10.38   	-22.89   	 14.02   	 -35.61		
 14.95   	-23.80   	 13.88   	 -35.61		
 14.34   	-11.60   	 13.73   	 -35.61		
  7.32   	-19.53   	 13.59   	 -35.61		
 25.33   	-12.82   	 13.45   	 -30.52		
 21.67   	-11.29   	 13.33   	 -30.52		
 17.70   	-25.02   	 13.20   	 -35.61		
 21.36   	-19.23   	 13.06   	 -25.43		
 14.04   	-18.62   	 12.96   	 -30.52		
 21.97   	-17.40   	 12.84   	 -25.43		
 18.92   	-21.67   	 12.74   	 -25.43		
 19.53   	-20.45   	 12.63   	 -20.35		
 21.36   	-27.47   	 12.55   	 -25.43		
 25.33   	-22.89   	 12.45   	 -20.35		
 32.65   	 -9.46   	 12.37   	 -20.35		
 28.99   	-27.47   	 12.29   	 -20.35		
 24.11   	-29.91   	 12.21   	 -20.35		
 13.43   	-21.67   	 12.13   	 -15.26		
 17.40   	-45.47   	 12.07   	 -20.35		
 16.48   	-20.14   	 11.98   	 -15.26		
 22.28   	 -8.54   	 11.92   	 -20.35		
 25.63   	-20.75   	 11.84   	 -15.26		
 10.38   	 -6.10   	 11.78   	 -15.26		
  8.54   	-14.04   	 11.72   	 -15.26		
 20.14   	-10.68   	 11.66   	 -15.26		
 16.78   	-21.36   	 11.60   	 -15.26		
 17.40   	-30.82   	 11.54   	 -15.26		
 23.80   	-19.23   	 11.48   	 -10.17		
 14.34   	-24.11   	 11.43   	 -10.17		
 21.97   	-15.26   	 11.39   	 -10.17		
 27.16   	 -0.31   	 11.35   	  -5.09		
 29.60   	 -8.54   	 11.33   	  -5.09		
 24.11   	-11.29   	 11.31   	  -5.09		
  9.16   	 -5.49   	 11.29   	  -5.09		
 23.80   	-12.82   	 11.27   	   0.00		
 25.63   	-14.65   	 11.27   	   0.00		
 21.67   	-13.43   	 11.27   	   0.00		
 30.52   	 -8.54   	 11.27   	  -5.09		
 18.01   	-14.95   	 11.25   	   5.09		
 16.48   	 -4.27   	 11.27   	   0.00		
 20.14   	 -4.88   	 11.27   	   0.00		
 25.33   	-11.90   	 11.27   	   0.00		
 28.38   	 -4.27   	 11.27   	   5.09		
 17.70   	 -8.54   	 11.29   	   5.09		
 23.50   	-20.45   	 11.31   	  10.17		
 22.58   	-20.75   	 11.35   	   5.09		
 19.23   	 -6.41   	 11.37   	  10.17		
 27.16   	 -7.02   	 11.41   	  10.17		
 25.02   	  7.02   	 11.45   	  10.17		
 21.36   	  2.14   	 11.50   	  10.17		
 22.28   	-20.75   	 11.54   	  15.26		
 24.41   	 -8.85   	 11.60   	  10.17		
 17.70   	-16.17   	 11.64   	  15.26		
 18.62   	 -7.63   	 11.70   	  15.26		
 24.41   	 -3.66   	 11.76   	  10.17		
 21.97   	-18.01   	 11.80   	  15.26		
 34.48   	 -6.71   	 11.86   	  15.26		
 34.18   	 -7.32   	 11.92   	  15.26		
 25.94   	-11.90   	 11.98   	  15.26		
 20.45   	-10.07   	 12.04   	  15.26		
 18.92   	-21.97   	 12.11   	  15.26		
 16.78   	-20.75   	 12.17   	  15.26		
 16.17   	-11.90   	 12.23   	  15.26		
 25.63   	-13.43   	 12.29   	  15.26		
 16.17   	-20.14   	 12.35   	  15.26		
 14.95   	-17.40   	 12.41   	  15.26		
 24.41   	-24.72   	 12.47   	  20.35		
 22.89   	-25.94   	 12.55   	  20.35		
 19.23   	-11.60   	 12.63   	  20.35		
 22.28   	-14.04   	 12.72   	  20.35		
 16.17   	-22.58   	 12.80   	  20.35		
 10.68   	-24.72   	 12.88   	  20.35		
 21.36   	-20.75   	 12.96   	  20.35		
 14.04   	-16.48   	 13.04   	  25.43		
 15.26   	-14.95   	 13.14   	  20.35		
 10.38   	  3.97   	 13.22   	  20.35		
  0.00   	-10.68   	 13.31   	  25.43		
 16.48   	-31.74   	 13.41   	  20.35		
 23.19   	-12.21   	 13.49   	  20.35		
 25.63   	 -8.85   	 13.57   	  20.35		
 32.35   	 -6.71   	 13.65   	  20.35		
 24.41   	  3.36   	 13.73   	  20.35		
 26.55   	-10.07   	 13.81   	  15.26		
 22.89   	-21.06   	 13.88   	  20.35		
 36.01   	-10.07   	 13.96   	  15.26		
 25.63   	-13.43   	 14.02   	  15.26		
 17.70   	 -9.77   	 14.08   	  15.26		
 26.55   	 -4.58   	 14.14   	  15.26		
 16.78   	-17.70   	 14.20   	  15.26		
 27.47   	 -9.16   	 14.26   	  10.17		
 29.60   	 -5.49   	 14.30   	  15.26		
 22.28   	 -6.71   	 14.36   	  15.26		
 36.01   	  1.22   	 14.43   	  10.17		
 31.74   	 -6.10   	 14.47   	  10.17		
 36.62   	  1.53   	 14.51   	  10.17		
 38.45   	 16.48   	 14.55   	  10.17		
 15.87   	 20.14   	 14.59   	  10.17		
 19.23   	 57.07   	 14.63   	  10.17		
 18.01   	 65.00   	 14.67   	  10.17		
 26.25   	 61.34   	 14.71   	   5.09		
 33.87   	 72.33   	 14.73   	  10.17		
 36.01   	 44.56   	 14.77   	   5.09		
 43.33   	 28.38   	 14.79   	   5.09		
 42.72   	 60.42   	 14.81   	   5.09		
 52.19   	 57.37   	 14.83   	   0.00		
 54.32   	 63.17   	 14.83   	   5.09		
 50.96   	 83.92   	 14.85   	   0.00		
 39.98   	 45.47   	 14.85   	  -5.09		
 19.23   	 11.90   	 14.83   	   0.00		
 26.86   	 13.12   	 14.83   	  -5.09		
 35.40   	  8.24   	 14.81   	  -5.09		
 44.86   	 -1.22   	 14.79   	  -5.09		
 66.22   	  7.63   	 14.77   	  -5.09		
 62.87   	 16.48   	 14.75   	  -5.09		
 61.04   	 10.68   	 14.73   	   0.00		
 63.78   	 21.97   	 14.73   	  -5.09		
 56.46   	 10.07   	 14.71   	   0.00		
 36.32   	 -1.53   	 14.71   	   5.09		
 16.17   	-24.72   	 14.73   	   5.09		
  7.02   	-26.55   	 14.75   	   5.09		
  2.44   	-26.86   	 14.77   	  10.17		
 22.28   	-32.96   	 14.81   	  10.17		
 37.84   	-22.58   	 14.85   	  15.26		
 17.40   	-42.11   	 14.91   	  10.17		
 21.97   	-36.93   	 14.95   	  15.26		
 34.18   	-18.62   	 15.02   	  15.26		
 24.41   	-30.21   	 15.08   	  15.26		
 32.65   	-17.70   	 15.14   	  15.26		
 39.06   	-28.69   	 15.20   	  15.26		
 30.52   	-29.60   	 15.26   	  15.26		
 35.40   	  0.31   	 15.32   	  10.17		
 63.78   	 13.43   	 15.36   	  10.17		
 99.79   	 79.65   	 15.40   	  10.17		
136.11   	144.04   	 15.44   	   5.09		
169.98   	212.71   	 15.46   	   0.00		
233.15   	327.15   	 15.46   	   0.00		
295.41   	409.24   	 15.46   	   0.00		
360.72   	494.38   	 15.46   	  -5.09		
451.05   	533.75   	 15.44   	  -5.09		
552.06   	553.59   	 15.42   	   0.00		
678.41   	524.60   	 15.42   	   5.09		
810.85   	317.99   	 15.44   	  15.26		
942.69   	-42.11   	 15.50   	  15.26		
1000.67   	-433.35   	 15.56   	  25.43		
975.65   	-788.57(R)	 15.67   	  30.52		
901.18   	-981.75   	 15.79   	  30.52		
789.79   	-951.23   	 15.91   	  35.61		
687.26   	-877.38   	 16.05   	  30.52		
593.87   	-823.67   	 16.17   	  25.43		
484.92   	-733.34   	 16.28   	  20.35		
365.60   	-565.80   	 16.36   	  15.26		
244.45   	-385.44   	 16.42   	  10.17		
132.75   	-199.58   	 16.46   	   5.09		
 53.41   	-54.93   	 16.48(A)	   0.00		
 24.11   	-33.26   	 16.48   	 -10.17		
  8.54   	-50.35   	 16.44   	 -10.17		
  3.97   	-39.06   	 16.40   	 -10.17		
 -0.92   	-30.21   	 16.36   	 -10.17		
-10.07   	  0.61   	 16.32   	  -5.09		
 -6.41   	 22.28   	 16.30   	  15.26		
 -2.75   	 38.76   	 16.36   	  35.61		
 -2.44   	 31.74   	 16.50   	  66.12		
 -3.66   	 18.92   	 16.76   	  96.64		
-18.62   	 24.11   	 17.15   	 142.42		
-41.50   	 16.78   	 17.72   	  N/A		
