  I     	  II     	  PW     	  PW'		
 20.45   	 15.26   	 11.01   	  20.35		
  5.49   	  0.92   	 11.09   	  20.35		
 -7.02   	-11.60   	 11.17   	  20.35		
-16.48   	-21.67   	 11.25   	  25.43		
-22.89   	-29.60   	 11.35   	  25.43		
-27.47   	-35.71   	 11.45   	  30.52		
-31.74   	-40.59   	 11.58   	  30.52		
-36.01   	-45.17   	 11.70   	  35.61		
-40.28   	-49.74   	 11.84   	  35.61		
-43.64   	-54.02   	 11.98   	  35.61		
-45.17   	-57.07   	 12.13   	  40.69		
-44.25   	-57.68   	 12.29   	  40.69		
-42.11   	-56.46   	 12.45   	  45.78		
-39.98   	-54.63   	 12.63   	  40.69		
-39.37   	-53.71   	 12.80   	  45.78		
-41.20   	-53.71   	 12.98   	  40.69		
-43.95   	-54.02   	 13.14   	  40.69		
-45.47   	-53.71   	 13.31   	  45.78		
-45.78   	-52.49   	 13.49   	  40.69		
-44.56   	-50.66   	 13.65   	  40.69		
-43.95   	-49.13   	 13.81   	  30.52		
-44.56   	-48.52   	 13.94   	  30.52		
-46.08   	-48.52   	 14.06   	  20.35		
-47.61   	-48.22   	 14.14   	  20.35		
-48.22   	-47.91   	 14.22   	  15.26		
-47.61   	-47.00   	 14.28   	  15.26		
-46.39   	-45.47   	 14.34   	  20.35		
-44.86   	-43.64   	 14.43   	  35.61		
-43.95   	-41.81   	 14.57   	  40.69		
-43.64   	-39.98   	 14.73   	  55.95		
-44.25   	-38.76   	 14.95   	  66.12		
-44.86   	-38.15   	 15.22   	  71.21		
-44.56   	-37.54   	 15.50   	  76.30		
-43.03   	-36.62   	 15.81   	  76.30		
-40.89   	-35.10   	 16.11   	  71.21		
-38.76   	-34.18   	 16.40   	  66.12		
-38.15   	-34.48   	 16.66   	  55.95		
-39.06   	-35.71   	 16.89   	  40.69		
-40.89   	-37.23   	 17.05   	  40.69		
-41.81   	-37.54   	 17.21   	  30.52		
-40.89   	-36.62   	 17.33   	  25.43		
-38.45   	-34.79   	 17.44   	  20.35		
-35.10   	-32.65   	 17.52   	  20.35		
-32.65   	-31.13   	 17.60   	  20.35		
-31.74   	-30.21   	 17.68   	  20.35		
-31.74   	-30.21   	 17.76   	  15.26		
-31.74   	-30.21   	 17.82   	  15.26		
-31.13   	-30.21   	 17.88   	  15.26		
-29.91   	-30.21   	 17.94   	  10.17		
-28.99   	-30.82   	 17.99   	  10.17		
-28.38   	-32.04   	 18.03   	   5.09		
-27.47   	-33.26   	 18.05   	   5.09		
-25.33   	-33.87   	 18.07   	   0.00		
-23.19   	-33.87   	 18.07   	  -5.09		
-22.28   	-33.26   	 18.05   	  -5.09		
-23.50   	-33.57   	 18.03   	 -10.17		
-25.94   	-34.48   	 17.99   	 -20.35		
-28.69   	-36.32   	 17.90   	 -20.35		
-30.82   	-38.15   	 17.82   	 -30.52		
-31.74   	-39.67   	 17.70   	 -30.52		
-31.74   	-40.59   	 17.58   	 -35.61		
-31.13   	-40.59   	 17.44   	 -45.78		
-29.91   	-40.28   	 17.25   	 -45.78		
-28.38   	-39.06   	 17.07   	 -45.78		
-27.47   	-38.15   	 16.89   	 -55.95		
-27.77   	-37.84   	 16.66   	 -50.86		
-28.99   	-37.84   	 16.46   	 -55.95		
-30.21   	-37.84   	 16.24   	 -55.95		
-30.52   	-38.15   	 16.01   	 -61.04		
-29.91   	-38.15   	 15.77   	 -55.95		
-29.30   	-38.45   	 15.54   	 -61.04		
-29.30   	-38.45   	 15.30   	 -61.04		
-29.60   	-38.45   	 15.06   	 -61.04		
-30.21   	-38.15   	 14.81   	 -55.95		
-30.21   	-37.84   	 14.59   	 -61.04		
-29.60   	-38.15   	 14.34   	 -61.04		
-29.30   	-39.06   	 14.10   	 -55.95		
-29.30   	-40.89   	 13.88   	 -55.95		
-29.60   	-42.72   	 13.65   	 -55.95		
-30.21   	-43.64   	 13.43   	 -55.95		
-30.21   	-43.03   	 13.20   	 -50.86		
-30.21   	-41.50   	 13.00   	 -50.86		
-30.21   	-40.59   	 12.80   	 -45.78		
-30.21   	-40.28   	 12.61   	 -50.86		
-30.21   	-40.89   	 12.41   	 -40.69		
-28.99   	-41.20   	 12.25   	 -45.78		
-27.47   	-40.89   	 12.07   	 -45.78		
-27.16   	-40.89   	 11.88   	 -35.61		
-28.08   	-41.81   	 11.74   	 -40.69		
-30.52   	-43.33   	 11.58   	 -35.61		
-32.35   	-44.86   	 11.43   	 -35.61		
-33.57   	-45.47   	 11.29   	 -35.61		
-33.87   	-45.47   	 11.15   	 -30.52		
-34.18   	-45.17   	 11.03   	 -30.52		
-34.48   	-44.86   	 10.91   	 -30.52		
-34.79   	-44.25   	 10.78   	 -25.43		
-34.18   	-43.33   	 10.68   	 -25.43		
-32.65   	-41.20   	 10.58   	 -25.43		
-31.13   	-38.45   	 10.48   	 -25.43		
-29.60   	-35.10   	 10.38   	 -20.35		
-28.08   	-30.52   	 10.29   	 -20.35		
-25.02   	-24.41   	 10.21   	 -20.35		
-20.14   	-17.40   	 10.13   	 -15.26		
-14.04   	-11.60   	 10.07   	 -15.26		
 -8.54   	 -8.85   	 10.01   	 -15.26		
 -5.80   	 -9.16   	  9.95   	 -10.17		
 -6.10   	-10.99   	  9.91   	 -10.17		
 -6.41   	-10.99   	  9.87   	 -10.17		
 -1.83   	 -5.49   	  9.83   	  -5.09		
 10.07   	  7.63   	  9.81   	 -10.17		
 27.47   	 27.47   	  9.77   	  -5.09		
 43.64   	 49.74   	  9.75   	  -5.09		
 51.88   	 68.05   	  9.73   	   0.00		
 50.35   	 76.60   	  9.73   	  -5.09		
 42.42   	 73.55   	  9.70   	  -5.09		
 34.79   	 63.17   	  9.68   	   0.00		
 31.74   	 51.57   	  9.68   	  -5.09		
 31.13   	 42.72   	  9.66   	  -5.09		
 28.69   	 35.71   	  9.64   	  -5.09		
 20.45   	 26.25   	  9.62   	 -10.17		
  6.10   	 11.29   	  9.58   	 -10.17		
-12.21   	 -7.93   	  9.54   	  -5.09		
-30.21   	-27.16   	  9.52   	 -10.17		
-43.95   	-40.89   	  9.48   	 -10.17		
-51.27   	-47.00   	  9.44   	  -5.09		
-51.88   	-47.30   	  9.42   	  -5.09		
-49.13   	-45.78   	  9.40   	  -5.09		
-46.69   	-45.78   	  9.38   	   0.00		
-47.30   	-47.91   	  9.38   	   0.00		
-50.35   	-50.66   	  9.38   	   5.09		
-53.41   	-51.88   	  9.40   	   0.00		
-54.32   	-50.96   	  9.40   	   5.09		
-52.80   	-48.52   	  9.42   	   5.09		
-49.74   	-46.08   	  9.44   	   0.00		
-47.61   	-44.56   	  9.44   	   5.09		
-47.00   	-43.95   	  9.46   	   5.09		
-47.61   	-44.56   	  9.48   	   0.00		
-49.13   	-47.00   	  9.48   	   5.09		
-48.83   	-52.80   	  9.50   	   0.00		
-38.45   	-63.48   	  9.50   	   5.09		
 -8.24   	-77.21   	  9.52   	   0.00		
 47.30   	-84.84   	  9.52   	   5.09		
122.07   	-70.80   	  9.54   	   5.09		
201.72   	-18.01   	  9.56   	  10.17		
274.05   	 87.89   	  9.60   	  10.17		
338.44   	255.13   	  9.64   	  10.17		
400.70   	481.87   	  9.68   	  15.26		
450.74   	739.14   	  9.75   	  20.35		
455.02(R)	954.90   	  9.83   	  20.35		
378.42   	1040.95   	  9.91   	  20.35		
217.90   	947.88   	  9.99   	  25.43		
 21.67   	703.43   	 10.09   	  25.43		
-134.28   	410.46   	 10.19   	  20.35		
-196.53   	178.22   	 10.27   	  25.43		
-170.29   	 50.05   	 10.38   	  25.43		
-105.59   	 -5.80   	 10.48   	  20.35		
-55.24   	-39.06   	 10.56   	  15.26		
-41.81   	-67.44   	 10.62   	  20.35		
-53.71   	-76.60   	 10.70   	  15.26		
-66.83   	-54.93   	 10.76   	  15.26		
-67.75   	-19.84   	 10.82   	  10.17		
-57.68   	 -1.53   	 10.86   	  15.26		
-46.39   	-14.34   	 10.93   	  15.26		
-39.67   	-43.64   	 10.99   	  15.26		
-38.45   	-65.61   	 11.05   	  15.26		
-40.28   	-69.89   	 11.11   	  15.26		
-41.81   	-63.17   	 11.17   	  25.43		
-40.89   	-56.46   	 11.27   	  20.35		
-38.15   	-54.63   	 11.35   	  20.35		
-34.48   	-55.54   	 11.43   	  25.43		
-31.43   	-56.46   	 11.54   	  25.43		
-29.60   	-56.46   	 11.64   	  25.43		
-28.38   	-54.93   	 11.74   	  25.43		
-27.47   	-53.10   	 11.84   	  20.35		
-26.86   	-52.19   	 11.92   	  25.43		
-26.55   	-52.80   	 12.02   	  30.52		
-26.86   	-54.02   	 12.15   	  30.52		
-26.55   	-54.32   	 12.27   	  35.61		
-25.33   	-52.80   	 12.41   	  35.61		
-22.89   	-49.44   	 12.55   	  40.69		
-20.14   	-46.08   	 12.72   	  30.52		
-17.40   	-43.95   	 12.84   	  15.26		
-15.26   	-42.72   	 12.90(A)	   0.00		
-13.73   	-42.11   	 12.90   	 -30.52		
-13.43   	-41.81   	 12.78   	 -61.04		
-13.73   	-41.81   	 12.53   	 -91.56		
-14.04   	-41.50   	 12.17   	-111.90		
-12.51   	-39.98   	 11.72   	-122.07		
 -9.16   	-36.62   	 11.23   	-127.16		
 -3.97   	-31.74   	 10.72   	-116.99		
  1.83   	-26.25   	 10.25   	-101.73		
  6.41   	-21.97   	  9.85   	 -81.38		
  9.16   	-20.14   	  9.52   	 -61.04		
 11.60   	-19.53   	  9.28   	 -40.69		
 14.65   	-19.23   	  9.11   	 -35.61		
 19.23   	-17.40   	  8.97   	 -30.52		
 24.72   	-14.04   	  8.85   	 -30.52		
 29.91   	-10.07   	  8.73   	 -35.61		
 34.18   	 -6.41   	  8.59   	 -40.69		
 37.84   	 -3.05   	  8.42   	 -45.78		
 42.11   	  0.61   	  8.24   	 -45.78		
 47.91   	  5.49   	  8.06   	 -40.69		
 56.15   	 10.99   	  7.89   	 -35.61		
 67.14   	 17.70   	  7.75   	 -30.52		
 79.65   	 24.72   	  7.63   	 -25.43		
 92.47   	 32.04   	  7.53   	 -15.26		
104.06   	 38.76   	  7.47   	 -15.26		
114.14   	 45.17   	  7.41   	 -15.26		
123.29   	 51.57   	  7.34   	 -20.35		
134.28   	 58.90   	  7.26   	 -15.26		
147.40   	 67.14   	  7.20   	 -25.43		
161.74   	 76.29   	  7.10   	 -20.35		
174.26   	 85.45   	  7.02   	 -25.43		
183.72   	 93.69   	  6.92   	 -25.43		
189.51   	101.62   	  6.82   	 -20.35		
193.48   	109.25   	  6.73   	 -20.35		
197.14   	117.19   	  6.65   	 -15.26		
202.03   	125.73   	  6.59   	 -15.26		
207.21   	134.58   	  6.53   	 -10.17		
211.18   	143.13   	  6.49   	 -10.17		
211.18   	149.84   	  6.45   	 -10.17		
205.69   	153.81   	  6.41   	  -5.09		
195.31   	155.03   	  6.39   	  -5.09		
181.58   	153.81   	  6.37   	   0.00		
166.02   	149.84   	  6.37   	   0.00		
148.62   	142.52   	  6.37   	   5.09		
128.48   	131.23   	  6.39   	   5.09		
105.90   	115.97   	  6.41   	  10.17		
 82.09   	 98.57   	  6.45   	  10.17		
 59.20   	 80.87   	  6.49   	  10.17		
 38.76   	 65.00   	  6.53   	  15.26		
 21.67   	 51.57   	  6.59   	  15.26		
  6.71   	 39.37   	  6.65   	  15.26		
 -5.80   	 28.08   	  6.71   	  15.26		
-17.40   	 17.09   	  6.78   	  20.35		
-27.77   	  6.41   	  6.86   	  20.35		
-37.54   	 -3.05   	  6.94   	  25.43		
-45.78   	-10.68   	  7.04   	  25.43		
-51.57   	-16.48   	  7.14   	  25.43		
-54.32   	-21.06   	  7.24   	  35.61		
-55.54   	-24.72   	  7.39   	  30.52		
-56.46   	-28.08   	  7.51   	  35.61		
-57.68   	-29.91   	  7.65   	  35.61		
-58.90   	-30.21   	  7.79   	  40.69		
-58.59   	-28.38   	  7.96   	  35.61		
-57.07   	-25.94   	  8.10   	  40.69		
-55.24   	-24.11   	  8.26   	  40.69		
-54.93   	-23.80   	  8.42   	  35.61		
-56.46   	-25.33   	  8.57   	  35.61		
-58.29   	-26.86   	  8.71   	  40.69		
-58.90   	-27.16   	  8.87   	  30.52		
-58.29   	-25.94   	  8.99   	  35.61		
-56.76   	-23.50   	  9.14   	  25.43		
-55.54   	-21.36   	  9.24   	  20.35		
-55.54   	-20.45   	  9.32   	  20.35		
-56.15   	-21.36   	  9.40   	  10.17		
-57.37   	-23.19   	  9.44   	  15.26		
-57.98   	-24.41   	  9.50   	  20.35		
-58.29   	-24.41   	  9.58   	  25.43		
-57.37   	-22.28   	  9.68   	  30.52		
-55.24   	-18.62   	  9.81   	  45.78		
-53.10   	-15.26   	  9.99   	  50.86		
-51.88   	-12.82   	 10.19   	  55.95		
-52.80   	-12.82   	 10.42   	  55.95		
-55.85   	-14.65   	 10.64   	  61.04		
-59.51   	-18.31   	 10.89   	  61.04		
-62.56   	-21.36   	 11.13   	  55.95		
-63.48   	-22.89   	 11.35   	  50.86		
-61.95   	-21.67   	 11.56   	  45.78		
-58.29   	-17.70   	 11.74   	  40.69		
-53.71   	-12.21   	 11.90   	  35.61		
-49.44   	 -7.02   	 12.04   	  30.52		
-46.69   	 -3.66   	 12.17   	  30.52		
-46.08   	 -3.05   	 12.29   	  20.35		
-47.00   	 -3.97   	 12.37   	  20.35		
-48.52   	 -5.49   	 12.45   	  20.35		
-49.13   	 -6.71   	 12.53   	  10.17		
-49.13   	 -7.93   	 12.57   	  15.26		
-47.91   	 -8.85   	 12.63   	  10.17		
-45.78   	 -9.46   	 12.68   	  10.17		
-42.42   	 -9.77   	 12.72   	   5.09		
-39.06   	 -9.46   	 12.74   	   5.09		
-36.62   	 -9.46   	 12.76   	   5.09		
-36.93   	-10.99   	 12.78   	   5.09		
-39.06   	-13.73   	 12.80   	   0.00		
-41.20   	-16.17   	 12.80   	   5.09		
-40.28   	-17.09   	 12.82(V)	   0.00		
-37.23   	-15.87   	 12.82   	  -5.09		
-33.57   	-13.43   	 12.80   	  -5.09		
-32.04   	-11.90   	 12.78   	 -10.17		
-33.57   	-12.82   	 12.74   	 -15.26		
-37.54   	-15.87   	 12.68   	 -20.35		
-41.50   	-19.23   	 12.59   	 -30.52		
-43.95   	-22.28   	 12.47   	 -30.52		
-44.86   	-23.80   	 12.35   	 -35.61		
-44.56   	-24.72   	 12.21   	 -35.61		
-43.95   	-25.33   	 12.07   	 -40.69		
-43.64   	-25.33   	 11.90   	 -40.69		
-42.72   	-24.11   	 11.74   	 -40.69		
-41.20   	-22.28   	 11.58   	 -45.78		
-39.67   	-20.14   	 11.39   	 -40.69		
-38.76   	-19.53   	 11.23   	 -45.78		
-39.67   	-20.75   	 11.05   	 -50.86		
-41.81   	-24.11   	 10.84   	 -50.86		
-44.56   	-27.77   	 10.64   	 -50.86		
-46.39   	-30.52   	 10.44   	 -50.86		
-46.08   	-31.13   	 10.23   	 -55.95		
-44.56   	-29.30   	 10.01   	 -50.86		
-42.11   	-26.25   	  9.81   	 -50.86		
-40.59   	-23.50   	  9.60   	 -50.86		
-40.89   	-22.28   	  9.40   	 -45.78		
-42.11   	-22.58   	  9.22   	 -45.78		
-43.03   	-24.72   	  9.03   	 -45.78		
-43.33   	-27.16   	  8.85   	 -40.69		
-42.42   	-28.99   	  8.69   	 -40.69		
-42.11   	-29.60   	  8.52   	 -40.69		
-41.81   	-29.30   	  8.36   	 -40.69		
-41.50   	-28.08   	  8.20   	 -40.69		
-40.28   	-26.25   	  8.04   	 -40.69		
-38.76   	-25.02   	  7.87   	 -40.69		
-37.23   	-24.41   	  7.71   	 -40.69		
-36.62   	-23.50   	  7.55   	 -35.61		
-36.01   	-21.36   	  7.41   	 -35.61		
-34.48   	-16.48   	  7.26   	 -40.69		
-31.43   	 -9.77   	  7.10   	 -30.52		
-26.55   	 -3.36   	  6.98   	 -35.61		
-21.36   	  0.00   	  6.84   	 -30.52		
-17.40   	  0.92   	  6.71   	 -30.52		
-14.65   	  0.61   	  6.59   	 -30.52		
-12.51   	  2.14   	  6.47   	 -30.52		
 -8.54   	  7.32   	  6.35   	 -25.43		
  0.00   	 17.09   	  6.25   	 -25.43		
 12.82   	 31.74   	  6.14   	 -20.35		
 26.86   	 50.66   	  6.06   	 -20.35		
 36.93   	 70.50   	  5.98   	 -20.35		
 39.98   	 85.14   	  5.90   	 -15.26		
 36.32   	 90.03   	  5.84   	 -15.26		
 29.30   	 83.31   	  5.78   	 -15.26		
 23.50   	 71.11   	  5.72   	 -10.17		
 21.36   	 59.51   	  5.68   	 -10.17		
 20.45   	 52.49   	  5.64   	  -5.09		
 17.09   	 46.69   	  5.62   	 -10.17		
  8.24   	 36.32   	  5.57   	 -10.17		
 -7.02   	 18.92   	  5.53   	  -5.09		
-24.72   	 -1.83   	  5.51   	 -10.17		
-40.89   	-20.45   	  5.47   	  -5.09		
-52.19   	-32.65   	  5.45   	  -5.09		
-57.07   	-37.54   	  5.43   	  -5.09		
-57.07   	-38.45   	  5.41   	  -5.09		
-54.93   	-38.15   	  5.39   	   5.09		
-53.10   	-38.15   	  5.41   	   5.09		
-52.80   	-37.84   	  5.43   	  10.17		
-53.71   	-36.93   	  5.47   	  15.26		
-54.63   	-35.71   	  5.53   	  15.26		
-54.93   	-34.48   	  5.60   	  15.26		
-55.24   	-34.18   	  5.66   	  15.26		
-55.85   	-35.71   	  5.72   	  15.26		
-56.76   	-37.84   	  5.78   	  15.26		
-57.37   	-39.98   	  5.84   	  10.17		
-57.68   	-41.81   	  5.88   	  15.26		
-57.37   	-44.56   	  5.94   	  10.17		
-54.02   	-51.57   	  5.98   	  10.17		
-39.37   	-65.92   	  6.02   	  10.17		
 -3.97   	-84.23   	  6.06   	  15.26		
 56.15   	-93.38   	  6.12   	  15.26		
132.75   	-75.07   	  6.19   	  15.26		
210.88   	-10.07   	  6.25   	  20.35		
279.54   	114.14   	  6.33   	  30.52		
339.36   	301.51   	  6.45   	  25.43		
393.68   	544.43   	  6.55   	  35.61		
428.16(R)	803.53   	  6.69   	  35.61		
410.77   	998.23   	  6.84   	  35.61		
312.50   	1042.79   	  6.98   	  40.69		
141.60   	900.57   	  7.14   	  35.61		
-47.30   	620.73   	  7.28   	  35.61		
-183.11   	320.43   	  7.43   	  35.61		
-224.00   	105.29   	  7.57   	  30.52		
-183.41   	  0.92   	  7.69   	  25.43		
-113.22   	-39.98   	  7.79   	  20.35		
-61.65   	-68.36   	  7.87   	  20.35		
-46.39   	-95.21   	  7.96   	  15.26		
-55.54   	-98.88   	  8.02   	  10.17		
-67.14   	-68.36   	  8.06   	  15.26		
-69.27   	-25.33   	  8.12   	  20.35		
-61.65   	 -4.58   	  8.20   	  20.35		
-51.88   	-18.31   	  8.28   	  30.52		
-45.78   	-47.61   	  8.40   	  40.69		
-45.17   	-66.83   	  8.57   	  45.78		
-47.30   	-66.83   	  8.75   	  50.86		
-49.13   	-57.98   	  8.95   	  55.95		
-48.22   	-52.49   	  9.18   	  61.04		
-44.86   	-53.41   	  9.42   	  50.86		
-40.28   	-57.07   	  9.62   	  55.95		
-36.32   	-57.98   	  9.85   	  45.78		
-34.18   	-55.54   	 10.03   	  50.86		
-33.26   	-51.57   	 10.23   	  40.69		
-33.26   	-48.83   	 10.40   	  35.61		
-33.87   	-49.13   	 10.54   	  25.43		
-34.48   	-51.27   	 10.64   	  15.26		
-34.48   	-53.10   	 10.70(A)	   0.00		
-33.57   	-52.80   	 10.70   	 -15.26		
-31.13   	-49.44   	 10.64   	 -30.52		
-27.47   	-44.86   	 10.52   	 -40.69		
-23.50   	-40.28   	 10.36   	 -50.86		
-20.75   	-37.23   	 10.15   	 -55.95		
-19.53   	-36.01   	  9.93   	 -61.04		
-18.62   	-35.40   	  9.68   	 -55.95		
-17.09   	-34.79   	  9.46   	 -50.86		
-14.65   	-33.57   	  9.26   	 -40.69		
-12.21   	-31.74   	  9.09   	 -40.69		
-10.68   	-30.21   	  8.93   	 -30.52		
 -9.77   	-28.69   	  8.81   	 -25.43		
 -8.24   	-26.25   	  8.71   	 -15.26		
 -4.58   	-22.89   	  8.65   	 -10.17		
  0.61   	-18.62   	  8.61   	   0.00		
  6.10   	-14.65   	  8.61   	   5.09		
 10.68   	-12.21   	  8.63   	  10.17		
 13.43   	-11.29   	  8.67   	  10.17		
 15.87   	-10.38   	  8.71   	   5.09		
 20.14   	 -7.02   	  8.73   	 -10.17		
 27.16   	 -1.53   	  8.69   	 -20.35		
 35.71   	  4.88   	  8.61   	 -35.61		
 43.33   	  9.46   	  8.46   	 -50.86		
 48.83   	 11.90   	  8.26   	 -50.86		
 53.41   	 12.82   	  8.06   	 -50.86		
 59.20   	 15.26   	  7.85   	 -40.69		
 68.36   	 21.06   	  7.69   	 -30.52		
 79.65   	 28.99   	  7.57   	 -20.35		
 91.86   	 37.54   	  7.49   	 -10.17		
103.76   	 45.78   	  7.45   	  -5.09		
115.36   	 53.71   	  7.43   	  -5.09		
126.95   	 61.65   	  7.41   	  -5.09		
138.55   	 70.50   	  7.39   	  -5.09		
149.84   	 79.35   	  7.37   	  -5.09		
160.52   	 87.28   	  7.34   	 -15.26		
169.98   	 94.91   	  7.28   	  -5.09		
178.83   	102.84   	  7.26   	  -5.09		
187.07   	111.39   	  7.24   	  -5.09		
194.40   	121.15   	  7.22   	   5.09		
200.81   	131.23   	  7.24   	  10.17		
205.69   	140.08   	  7.28   	  10.17		
208.74   	147.71   	  7.32   	  15.26		
209.05   	153.81   	  7.39   	  15.26		
205.69   	158.39   	  7.45   	  15.26		
198.06   	161.13   	  7.51   	  10.17		
186.46   	162.35   	  7.55   	  15.26		
172.42   	161.13   	  7.61   	  15.26		
157.78   	157.47   	  7.67   	  15.26		
141.60   	149.54   	  7.73   	  20.35		
122.38   	136.72   	  7.81   	  25.43		
100.40   	119.93   	  7.91   	  30.52		
 76.90   	101.32   	  8.04   	  30.52		
 54.63   	 83.31   	  8.16   	  30.52		
 35.40   	 67.14   	  8.28   	  35.61		
 18.31   	 52.49   	  8.42   	  35.61		
  2.75   	 38.45   	  8.57   	  35.61		
-11.29   	 25.33   	  8.71   	  35.61		
-22.58   	 13.73   	  8.85   	  35.61		
-31.13   	  3.97   	  8.99   	  40.69		
-36.62   	 -3.66   	  9.16   	  40.69		
-40.89   	-10.38   	  9.32   	  40.69		
-45.47   	-16.78   	  9.48   	  45.78		
-50.05   	-23.80   	  9.66   	  45.78		
-54.63   	-29.91   	  9.85   	  45.78		
-57.68   	-34.48   	 10.03   	  45.78		
-58.90   	-36.93   	 10.21   	  50.86		
-58.59   	-36.62   	 10.42   	  50.86		
-57.98   	-35.71   	 10.62   	  50.86		
-57.98   	-34.79   	 10.82   	  55.95		
-58.29   	-35.10   	 11.05   	  61.04		
-59.20   	-36.01   	 11.29   	  55.95		
-59.81   	-36.62   	 11.52   	  61.04		
-60.12   	-36.62   	 11.76   	  61.04		
-60.42   	-36.01   	 12.00   	  55.95		
-60.73   	-35.71   	 12.23   	  50.86		
-61.04   	-35.71   	 12.43   	  50.86		
-61.65   	-35.71   	 12.63   	  40.69		
-62.26   	-34.79   	 12.80   	  35.61		
-63.48   	-33.57   	 12.94   	  35.61		
-64.09   	-31.13   	 13.08   	  25.43		
-63.17   	-28.08   	 13.18   	  30.52		
-61.04   	-24.72   	 13.31   	  25.43		
-58.59   	-21.67   	 13.41   	  30.52		
-57.37   	-18.92   	 13.53   	  35.61		
-57.68   	-17.40   	 13.67   	  40.69		
-58.59   	-17.09   	 13.84   	  55.95		
-59.20   	-17.70   	 14.06   	  66.12		
-58.59   	-18.31   	 14.32   	  76.30		
-56.46   	-17.70   	 14.63   	  81.38		
-53.41   	-15.56   	 14.95   	  86.47		
-50.35   	-12.51   	 15.30   	  91.56		
-47.61   	 -9.16   	 15.67   	  86.47		
-46.08   	 -7.63   	 16.01   	  81.38		
-45.78   	 -7.32   	 16.34   	  71.21		
-45.47   	 -7.93   	 16.62   	  66.12		
-44.25   	 -7.93   	 16.89   	  55.95		
-41.50   	 -6.71   	 17.11   	  50.86		
-39.06   	 -5.49   	 17.31   	  40.69		
-38.15   	 -6.10   	 17.48   	  30.52		
-39.06   	 -7.93   	 17.60   	  30.52		
-39.98   	-10.38   	 17.72   	  20.35		
-39.37   	-11.60   	 17.80   	  15.26		
-37.23   	-10.68   	 17.86   	  10.17		
-34.18   	 -8.54   	 17.90   	   5.09		
-31.74   	 -6.71   	 17.92   	   0.00		
-31.13   	 -7.02   	 17.92(V)	   0.00		
-32.35   	 -9.46   	 17.92   	  -5.09		
-34.79   	-13.73   	 17.90   	  -5.09		
-37.54   	-18.01   	 17.88   	 -10.17		
-39.06   	-21.36   	 17.84   	 -10.17		
-39.98   	-23.19   	 17.80   	 -10.17		
-39.98   	-23.50   	 17.76   	 -20.35		
-39.98   	-23.50   	 17.68   	 -20.35		
-39.98   	-23.19   	 17.60   	 -20.35		
-39.67   	-22.89   	 17.52   	 -30.52		
-38.76   	-22.89   	 17.40   	 -30.52		
-37.54   	-22.89   	 17.27   	 -35.61		
-36.62   	-23.50   	 17.13   	 -45.78		
-36.62   	-24.72   	 16.95   	 -45.78		
-37.84   	-26.55   	 16.76   	 -55.95		
-39.06   	-28.38   	 16.54   	 -55.95		
-40.28   	-30.21   	 16.32   	 -55.95		
-40.59   	-31.74   	 16.09   	 -55.95		
-41.50   	-33.26   	 15.87   	 -61.04		
-43.03   	-35.71   	 15.63   	 -55.95		
-45.47   	-37.84   	 15.40   	 -55.95		
-47.30   	-39.37   	 15.18   	 -55.95		
-47.00   	-39.67   	 14.95   	 -50.86		
-44.56   	-39.06   	 14.75   	 -50.86		
-42.11   	-39.06   	 14.55   	 -45.78		
-41.20   	-40.59   	 14.36   	 -45.78		
-41.50   	-43.03   	 14.18   	 -45.78		
-41.81   	-45.47   	 14.00   	 -45.78		
-41.81   	-47.00   	 13.81   	 -45.78		
-41.20   	-47.91   	 13.63   	 -40.69		
-41.20   	-48.83   	 13.47   	 -40.69		
-42.11   	-50.35   	 13.31   	 -45.78		
-43.03   	-51.27   	 13.12   	 -40.69		
-42.72   	-50.66   	 12.96   	 -40.69		
-40.89   	-49.13   	 12.80   	 -40.69		
-38.45   	-47.61   	 12.63   	 -40.69		
-37.23   	-47.61   	 12.47   	 -40.69		
-37.54   	-49.44   	 12.31   	 -40.69		
-38.76   	-51.88   	 12.15   	 -35.61		
-39.37   	-53.10   	 12.00   	 -35.61		
-39.37   	-52.19   	 11.86   	 -30.52		
-38.45   	-50.05   	 11.74   	 -35.61		
-37.23   	-47.61   	 11.60   	 -30.52		
-36.32   	-45.47   	 11.48   	 -30.52		
-35.40   	-43.95   	 11.35   	 -25.43		
-33.57   	-41.81   	 11.25   	 -25.43		
-30.82   	-38.45   	 11.15   	 -25.43		
-26.55   	-32.65   	 11.05   	 -20.35		
-21.36   	-25.63   	 10.97   	 -15.26		
-16.17   	-19.53   	 10.91   	 -15.26		
-12.82   	-17.09   	 10.84   	 -10.17		
-11.90   	-18.01   	 10.80   	 -10.17		
-12.82   	-20.45   	 10.76   	  -5.09		
-12.21   	-20.75   	 10.74   	 -10.17		
 -7.32   	-16.48   	 10.70   	  -5.09		
  3.05   	 -6.10   	 10.68   	  -5.09		
 17.09   	 10.68   	 10.66   	   0.00		
 29.60   	 30.82   	 10.66   	  -5.09		
 36.62   	 50.05   	 10.64   	  -5.09		
 37.23   	 62.87   	 10.62   	   0.00		
 34.18   	 64.70   	 10.62   	  -5.09		
 31.43   	 57.37   	 10.60   	  -5.09		
 30.21   	 45.47   	 10.58   	   0.00		
 29.30   	 34.48   	 10.58   	  -5.09		
 25.33   	 25.33   	 10.56   	  -5.09		
 15.87   	 15.56   	 10.54   	 -10.17		
  0.92   	  2.14   	 10.50   	  -5.09		
-16.48   	-15.26   	 10.48   	  -5.09		
-32.96   	-33.57   	 10.46   	  -5.09		
-46.39   	-48.83   	 10.44   	  -5.09		
-53.71   	-57.68   	 10.42   	   0.00		
-55.24   	-61.04   	 10.42   	   0.00		
-52.49   	-61.04   	 10.42   	   5.09		
-49.13   	-60.73   	 10.44   	  10.17		
-47.61   	-61.04   	 10.48   	  10.17		
-48.83   	-62.26   	 10.52   	  15.26		
-51.57   	-63.78   	 10.58   	  10.17		
-53.71   	-65.00   	 10.62   	  15.26		
-54.63   	-65.92   	 10.68   	  10.17		
-54.32   	-66.53   	 10.72   	  15.26		
-54.32   	-67.44   	 10.78   	  10.17		
-54.63   	-68.36   	 10.82   	  15.26		
-55.24   	-68.97   	 10.89   	  10.17		
-55.54   	-69.89   	 10.93   	  15.26		
-51.88   	-73.24   	 10.99   	  15.26		
-37.84   	-81.48   	 11.05   	  10.17		
 -3.97   	-92.77   	 11.09   	  15.26		
 52.80   	-97.66   	 11.15   	  20.35		
125.43   	-80.26   	 11.23   	  15.26		
198.06   	-22.89   	 11.29   	  20.35		
260.93   	 88.50   	 11.37   	  20.35		
316.16   	262.15   	 11.45   	  25.43		
372.01   	495.00   	 11.56   	  25.43		
418.40   	755.62   	 11.66   	  30.52		
421.75(R)	966.80   	 11.78   	  35.61		
346.68   	1040.34   	 11.92   	  30.52		
191.65   	929.87   	 12.04   	  40.69		
  5.19   	670.17   	 12.21   	  35.61		
-138.55   	370.79   	 12.35   	  35.61		
-191.04   	142.21   	 12.49   	  35.61		
-160.52   	 22.89   	 12.63   	  35.61		
-96.44   	-23.80   	 12.78   	  30.52		
-49.74   	-51.27   	 12.90   	  25.43		
-40.28   	-78.74   	 13.00   	  25.43		
-55.24   	-90.33   	 13.10   	  20.35		
-70.80   	-73.55   	 13.18   	  20.35		
-72.33   	-42.42   	 13.27   	  20.35		
-61.04   	-25.94   	 13.35   	  20.35		
-46.08   	-38.15   	 13.43   	  20.35		
-35.71   	-65.31   	 13.51   	  25.43		
-32.65   	-85.14   	 13.61   	  25.43		
-35.40   	-88.50   	 13.71   	  25.43		
-39.67   	-82.40   	 13.81   	  30.52		
-42.11   	-76.60   	 13.94   	  30.52		
-41.20   	-75.68   	 14.06   	  30.52		
-38.15   	-77.21   	 14.18   	  30.52		
-35.10   	-78.43   	 14.30   	  40.69		
-32.96   	-78.43   	 14.47   	  40.69		
-31.74   	-76.90   	 14.63   	  40.69		
-31.13   	-75.68   	 14.79   	  40.69		
-31.13   	-75.38   	 14.95   	  45.78		
-30.52   	-75.68   	 15.14   	  40.69		
-29.60   	-75.99   	 15.30   	  50.86		
-28.38   	-74.77   	 15.50   	  55.95		
-27.16   	-72.94   	 15.73   	  61.04		
-26.55   	-71.11   	 15.97   	  71.21		
-26.55   	-69.58   	 16.26   	  66.12		
-25.94   	-68.05   	 16.52   	  55.95		
-24.72   	-65.61   	 16.74   	  20.35		
-22.28   	-61.65   	 16.83(A)	 -15.26		
-19.84   	-57.37   	 16.76   	 -55.95		
-18.31   	-54.02   	 16.54   	-101.73		
-16.78   	-50.96   	 16.13   	-127.16		
-14.95   	-48.52   	 15.63   	-142.42		
-11.60   	-46.08   	 15.06   	-137.33		
 -7.02   	-43.64   	 14.51   	-116.99		
 -3.05   	-41.50   	 14.04   	 -81.38		
 -0.61   	-39.98   	 13.71   	 -50.86		
  0.61   	-38.76   	 13.51   	 -20.35		
  1.83   	-37.54   	 13.43   	   5.09		
  4.58   	-36.01   	 13.45   	   5.09		
  9.46   	-33.57   	 13.47   	  -5.09		
 15.87   	-30.82   	 13.45   	 -30.52		
 22.28   	-28.08   	 13.33   	 -45.78		
 28.08   	-25.63   	 13.14   	 -66.12		
 33.26   	-23.19   	 12.88   	 -81.38		
 39.06   	-20.14   	 12.55   	 -76.30		
 46.69   	-15.26   	 12.25   	 -66.12		
 56.15   	 -9.16   	 11.98   	 -50.86		
 66.53   	 -2.14   	 11.78   	 -30.52		
 76.60   	  4.27   	 11.66   	 -15.26		
 85.14   	  9.46   	 11.60   	   0.00		
 92.77   	 14.34   	 11.60   	   0.00		
101.62   	 20.14   	 11.60   	  -5.09		
113.53   	 28.38   	 11.58   	 -10.17		
127.87   	 39.37   	 11.54   	 -15.26		
142.82   	 51.27   	 11.48   	 -25.43		
155.64   	 62.26   	 11.37   	 -25.43		
164.79   	 70.80   	 11.27   	 -30.52		
172.12   	 78.13   	 11.15   	 -25.43		
179.14   	 86.67   	 11.05   	 -15.26		
187.38   	 97.35   	 10.99   	 -15.26		
194.70   	108.34   	 10.93   	 -10.17		
199.89   	118.10   	 10.89   	  -5.09		
202.33   	125.12   	 10.86   	 -10.17		
202.03   	129.70   	 10.82   	  -5.09		
199.58   	133.67   	 10.80   	  -5.09		
195.01   	137.33   	 10.78   	  -5.09		
186.46   	139.77   	 10.76   	  -5.09		
173.65   	138.55   	 10.74   	   0.00		
156.86   	133.06   	 10.74   	   0.00		
137.94   	122.68   	 10.74   	   0.00		
117.80   	109.25   	 10.74   	  10.17		
 96.44   	 93.38   	 10.78   	  10.17		
 74.46   	 76.60   	 10.82   	  15.26		
 52.80   	 58.90   	 10.89   	  20.35		
 32.65   	 41.20   	 10.97   	  20.35		
 15.26   	 25.02   	 11.05   	  20.35		
  0.92   	 10.07   	 11.13   	  25.43		
-11.29   	 -3.05   	 11.23   	  25.43		
-21.67   	-14.65   	 11.33   	  25.43		
-30.21   	-25.02   	 11.43   	  20.35		
-37.23   	-33.57   	 11.52   	  25.43		
-42.72   	-40.89   	 11.62   	  30.52		
-47.30   	-47.00   	 11.74   	  25.43		
-50.96   	-51.88   	 11.84   	  30.52		
-53.41   	-55.54   	 11.96   	  35.61		
-54.93   	-57.68   	 12.11   	  35.61		
-54.93   	-58.29   	 12.25   	  40.69		
-54.63   	-58.29   	 12.41   	  40.69		
-54.63   	-58.29   	 12.57   	  45.78		
-55.24   	-58.59   	 12.76   	  40.69		
-55.85   	-59.51   	 12.92   	  45.78		
-56.15   	-60.12   	 13.10   	  40.69		
-56.15   	-60.42   	 13.27   	  45.78		
-55.54   	-59.81   	 13.45   	  40.69		
-54.93   	-58.90   	 13.61   	  35.61		
-54.32   	-57.37   	 13.75   	  35.61		
-53.41   	-56.15   	 13.90   	  30.52		
-52.49   	-54.93   	 14.02   	  25.43		
-52.19   	-54.32   	 14.12   	  20.35		
-52.80   	-54.02   	 14.20   	  15.26		
-54.32   	-54.02   	 14.26   	  15.26		
-56.15   	-53.71   	 14.32   	  20.35		
-57.07   	-52.80   	 14.40   	  30.52		
-56.46   	-50.96   	 14.53   	  40.69		
-55.85   	-48.83   	 14.69   	  50.86		
-55.54   	-47.30   	 14.89   	  61.04		
-55.54   	-46.69   	 15.14   	  71.21		
-55.54   	-45.78   	 15.42   	  76.30		
-54.63   	-44.56   	 15.73   	  81.38		
-53.41   	-43.03   	 16.05   	  76.30		
-52.80   	-41.81   	 16.36   	  71.21		
-52.80   	-41.20   	 16.64   	  61.04		
-52.80   	-40.89   	 16.89   	  50.86		
-52.19   	-40.28   	 17.09   	  45.78		
-51.27   	-39.98   	 17.27   	  35.61		
-50.96   	-40.28   	 17.42   	  25.43		
-50.66   	-41.20   	 17.52   	  25.43		
-49.74   	-41.50   	 17.62   	  20.35		
-47.30   	-40.89   	 17.70   	  20.35		
-44.25   	-40.28   	 17.78   	  15.26		
-42.72   	-40.28   	 17.84   	  20.35		
-43.64   	-41.50   	 17.92   	  10.17		
-46.08   	-43.03   	 17.97   	  15.26		
-47.30   	-43.64   	 18.03   	  10.17		
-46.08   	-42.72   	 18.07   	  10.17		
-43.33   	-40.89   	 18.11   	  10.17		
-40.89   	-39.98   	 18.15   	  10.17		
-40.59   	-40.28   	 18.19   	   5.09		
-41.20   	-41.50   	 18.21   	   0.00		
-42.42   	-43.33   	 18.21(V)	   0.00		
-43.03   	-44.56   	 18.21   	  -5.09		
-43.03   	-45.17   	 18.19   	  -5.09		
-42.11   	-44.86   	 18.17   	 -15.26		
-40.59   	-43.95   	 18.11   	 -15.26		
-38.45   	-43.03   	 18.05   	 -25.43		
-37.54   	-42.72   	 17.94   	 -25.43		
-38.15   	-43.64   	 17.84   	 -30.52		
-39.98   	-44.86   	 17.72   	 -40.69		
-42.42   	-46.39   	 17.56   	 -40.69		
-44.25   	-47.61   	 17.40   	 -45.78		
-45.17   	-48.83   	 17.21   	 -50.86		
-45.47   	-50.35   	 17.01   	 -50.86		
-45.47   	-52.19   	 16.81   	 -55.95		
-44.86   	-53.10   	 16.58   	 -55.95		
-43.64   	-53.10   	 16.36   	 -55.95		
-42.42   	-52.49   	 16.13   	 -55.95		
-42.11   	-52.80   	 15.91   	 -55.95		
-42.72   	-53.71   	 15.69   	 -55.95		
-43.33   	-55.24   	 15.46   	 -61.04		
-43.64   	-56.15   	 15.22   	 -55.95		
-43.33   	-56.46   	 14.99   	 -61.04		
-43.95   	-57.07   	 14.75   	 -55.95		
-45.47   	-58.29   	 14.53   	 -61.04		
-47.61   	-60.12   	 14.28   	 -55.95		
-48.52   	-61.34   	 14.06   	 -61.04		
-47.91   	-61.34   	 13.81   	 -50.86		
-45.78   	-59.51   	 13.61   	 -55.95		
-43.95   	-57.68   	 13.39   	 -50.86		
-43.64   	-57.98   	 13.18   	 -45.78		
-45.47   	-60.73   	 13.00   	 -45.78		
-47.00   	-64.09   	 12.82   	 -45.78		
-47.30   	-66.83   	 12.63   	 -45.78		
-46.08   	-67.14   	 12.45   	 -40.69		
-44.86   	-65.92   	 12.29   	 -40.69		
-45.17   	-65.00   	 12.13   	 -45.78		
-46.39   	-65.31   	 11.94   	 -35.61		
-47.91   	-66.83   	 11.80   	 -40.69		
-47.91   	-68.05   	 11.64   	 -35.61		
-47.30   	-68.05   	 11.50   	 -35.61		
-46.69   	-67.44   	 11.35   	 -35.61		
-47.00   	-66.53   	 11.21   	 -30.52		
-48.22   	-66.22   	 11.09   	 -25.43		
-48.22   	-66.53   	 10.99   	 -30.52		
-46.39   	-65.31   	 10.86   	 -25.43		
-42.11   	-61.34   	 10.76   	 -30.52		
-36.32   	-54.02   	 10.64   	 -20.35		
-30.52   	-45.17   	 10.56   	 -25.43		
-25.33   	-37.54   	 10.46   	 -20.35		
-21.36   	-34.18   	 10.38   	 -20.35		
-18.92   	-35.40   	 10.29   	 -15.26		
-18.31   	-38.15   	 10.23   	 -15.26		
-17.70   	-39.37   	 10.17   	 -10.17		
-14.65   	-36.01   	 10.13   	 -10.17		
 -6.71   	-26.86   	 10.09   	 -10.17		
  5.80   	-13.12   	 10.05   	 -10.17		
 20.14   	  4.88   	 10.01   	  -5.09		
 30.52   	 23.50   	  9.99   	  -5.09		
 34.18   	 38.15   	  9.97   	 -10.17		
 31.74   	 44.25   	  9.93   	   0.00		
 27.47   	 40.28   	  9.93   	  -5.09		
 25.02   	 29.91   	  9.91   	  -5.09		
 25.02   	 18.31   	  9.89   	  -5.09		
 24.41   	  9.77   	  9.87   	  -5.09		
 19.84   	  3.97   	  9.85   	  -5.09		
  9.77   	 -4.27   	  9.83   	  -5.09		
 -5.80   	-17.40   	  9.81   	  -5.09		
-23.50   	-35.40   	  9.79   	  -5.09		
-39.98   	-54.02   	  9.77   	   0.00		
-52.19   	-68.66   	  9.77   	  -5.09		
-58.59   	-76.90   	  9.75   	   0.00		
-59.51   	-79.65   	  9.75   	   5.09		
-57.98   	-79.65   	  9.77   	   5.09		
-56.76   	-79.65   	  9.79   	  10.17		
-57.37   	-80.57   	  9.83   	  10.17		
-58.29   	-81.48   	  9.87   	  15.26		
-58.90   	-82.40   	  9.93   	  15.26		
-58.59   	-83.31   	  9.99   	  10.17		
-57.98   	-84.23   	 10.03   	  15.26		
-58.59   	-85.45   	 10.09   	  15.26		
-60.42   	-85.75   	 10.15   	  15.26		
-62.26   	-85.75   	 10.21   	  10.17		
-63.48   	-84.84   	 10.25   	  10.17		
-63.48   	-85.45   	 10.29   	  15.26		
-59.51   	-90.33   	 10.36   	  10.17		
-43.64   	-101.01   	 10.40   	  10.17		
 -7.32   	-113.83   	 10.44   	  15.26		
 53.10   	-118.41   	 10.50   	  15.26		
128.48   	-98.57   	 10.56   	  10.17		
203.86   	-37.84   	 10.60   	  20.35		
269.47   	 76.60   	 10.68   	  15.26		
328.98   	252.38   	 10.74   	  20.35		
388.49   	486.76   	 10.82   	  25.43		
434.57(R)	745.24   	 10.93   	  20.35		
431.82   	949.10   	 11.01   	  30.52		
345.46   	1011.66   	 11.13   	  30.52		
179.44   	892.03   	 11.25   	  25.43		
-12.51   	632.63   	 11.35   	  35.61		
-154.72   	343.32   	 11.50   	  30.52		
-201.42   	126.65   	 11.62   	  30.52		
-165.41   	 12.51   	 11.74   	  30.52		
-100.10   	-38.15   	 11.86   	  25.43		
-55.85   	-71.72   	 11.96   	  25.43		
-50.05   	-99.79   	 12.07   	  25.43		
-66.53   	-105.90   	 12.17   	  20.35		
-81.18   	-82.40   	 12.25   	  20.35		
-80.57   	-49.74   	 12.33   	  20.35		
-68.36   	-37.23   	 12.41   	  25.43		
-55.24   	-53.71   	 12.51   	  20.35		
-48.52   	-82.40   	 12.59   	  25.43		
-48.83   	-100.40   	 12.70   	  20.35		
-51.57   	-100.71   	 12.78   	  25.43		
-52.49   	-92.47   	 12.88   	  20.35		
-50.05   	-85.75   	 12.96   	  20.35		
-46.39   	-84.53   	 13.04   	  15.26		
-43.33   	-86.67   	 13.10   	  20.35		
-43.03   	-90.03   	 13.18   	  15.26		
-43.95   	-92.16   	 13.25   	  15.26		
-44.86   	-92.77   	 13.31   	  15.26		
-44.56   	-90.03   	 13.37   	  20.35		
-42.42   	-85.45   	 13.45   	  15.26		
-38.76   	-80.26   	 13.51   	  20.35		
-35.71   	-75.99   	 13.59   	  25.43		
-33.87   	-74.46   	 13.69   	  25.43		
-34.48   	-75.07   	 13.79   	  25.43		
-36.62   	-75.99   	 13.90   	  25.43		
-38.15   	-75.68   	 14.00   	  20.35		
-37.84   	-74.16   	 14.08   	  10.17		
-35.10   	-71.72   	 14.12(A)	 -10.17		
-31.43   	-69.58   	 14.08   	 -25.43		
-28.08   	-67.75   	 13.98   	 -50.86		
-25.94   	-66.22   	 13.77   	 -76.30		
-23.80   	-64.09   	 13.47   	 -96.64		
-21.36   	-62.26   	 13.08   	-106.82		
-18.62   	-61.04   	 12.66   	-111.90		
-15.56   	-60.73   	 12.21   	-111.90		
-12.51   	-60.42   	 11.76   	 -96.64		
 -9.16   	-59.51   	 11.37   	 -81.38		
 -6.10   	-57.98   	 11.05   	 -66.12		
 -3.05   	-55.24   	 10.78   	 -50.86		
  0.61   	-51.88   	 10.58   	 -40.69		
  5.19   	-47.91   	 10.42   	 -35.61		
 10.99   	-43.33   	 10.27   	 -30.52		
 17.40   	-39.37   	 10.15   	 -35.61		
 23.19   	-36.01   	 10.01   	 -35.61		
 28.08   	-33.26   	  9.87   	 -45.78		
 33.87   	-29.91   	  9.68   	 -40.69		
 41.81   	-25.33   	  9.52   	 -45.78		
 52.19   	-19.53   	  9.34   	 -40.69		
 62.87   	-13.43   	  9.18   	 -40.69		
 73.55   	 -7.93   	  9.01   	 -30.52		
 83.62   	 -3.05   	  8.89   	 -30.52		
 93.69   	  2.14   	  8.77   	 -30.52		
104.37   	  8.24   	  8.65   	 -20.35		
115.97   	 15.26   	  8.57   	 -25.43		
127.87   	 23.50   	  8.46   	 -25.43		
139.77   	 32.96   	  8.36   	 -20.35		
151.67   	 43.64   	  8.28   	 -25.43		
163.27   	 54.93   	  8.18   	 -25.43		
173.65   	 65.61   	  8.08   	 -25.43		
182.50   	 75.07   	  7.98   	 -20.35		
189.21   	 83.31   	  7.89   	 -25.43		
194.09   	 90.33   	  7.79   	 -20.35		
197.14   	 96.74   	  7.71   	 -15.26		
199.58   	102.84   	  7.65   	 -20.35		
200.50   	108.03   	  7.57   	 -10.17		
199.89   	112.30   	  7.53   	 -15.26		
195.62   	114.75   	  7.47   	 -10.17		
187.38   	115.36   	  7.43   	 -10.17		
174.56   	112.92   	  7.39   	  -5.09		
157.78   	107.42   	  7.37   	   0.00		
138.55   	 97.96   	  7.37   	   0.00		
117.49   	 86.06   	  7.37   	   5.09		
 94.91   	 72.02   	  7.39   	   5.09		
 72.02   	 57.07   	  7.41   	   5.09		
 49.13   	 42.11   	  7.43   	  10.17		
 28.38   	 27.16   	  7.47   	  10.17		
 10.38   	 11.90   	  7.51   	  10.17		
 -3.97   	 -2.44   	  7.55   	  15.26		
-15.26   	-15.87   	  7.61   	  15.26		
-25.33   	-27.77   	  7.67   	  15.26		
-35.10   	-38.15   	  7.73   	  20.35		
-44.25   	-47.61   	  7.81   	  20.35		
-51.88   	-55.85   	  7.89   	  25.43		
-56.76   	-62.56   	  8.00   	  25.43		
-58.90   	-66.83   	  8.10   	  30.52		
-59.51   	-68.97   	  8.22   	  30.52		
-59.51   	-68.97   	  8.34   	  30.52		
-60.12   	-67.75   	  8.46   	  35.61		
-60.73   	-66.22   	  8.61   	  35.61		
-60.12   	-65.00   	  8.75   	  35.61		
-58.59   	-64.09   	  8.89   	  35.61		
-55.85   	-62.56   	  9.03   	  40.69		
-53.10   	-61.04   	  9.20   	  35.61		
-51.57   	-59.81   	  9.34   	  35.61		
-52.19   	-60.12   	  9.48   	  30.52		
-54.63   	-61.65   	  9.60   	  30.52		
-58.29   	-63.78   	  9.73   	  20.35		
-61.34   	-65.00   	  9.81   	  20.35		
-61.65   	-64.09   	  9.89   	  15.26		
-59.81   	-61.65   	  9.95   	  10.17		
-57.07   	-58.90   	  9.99   	  15.26		
-55.24   	-57.07   	 10.05   	  20.35		
-55.85   	-56.46   	 10.13   	  20.35		
-57.98   	-57.37   	 10.21   	  35.61		
-61.04   	-58.29   	 10.36   	  40.69		
-62.87   	-58.90   	 10.52   	  45.78		
-63.78   	-58.90   	 10.70   	  50.86		
-63.48   	-58.29   	 10.91   	  55.95		
-62.26   	-56.76   	 11.13   	  55.95		
-61.04   	-54.63   	 11.35   	  50.86		
-60.42   	-52.49   	 11.56   	  50.86		
-60.73   	-50.66   	 11.76   	  45.78		
-61.04   	-49.13   	 11.94   	  45.78		
-60.73   	-47.30   	 12.13   	  40.69		
-59.51   	-45.47   	 12.29   	  35.61		
-57.68   	-43.64   	 12.43   	  30.52		
-56.15   	-43.03   	 12.55   	  25.43		
-55.54   	-43.33   	 12.66   	  20.35		
-54.93   	-43.64   	 12.74   	  20.35		
-54.02   	-43.33   	 12.82   	  20.35		
-52.80   	-42.72   	 12.90   	  10.17		
-51.27   	-43.03   	 12.94   	  15.26		
-50.66   	-44.25   	 13.00   	  10.17		
-50.35   	-46.69   	 13.04   	  10.17		
-50.35   	-48.83   	 13.08   	   5.09		
-50.05   	-49.13   	 13.10   	  10.17		
-48.83   	-47.61   	 13.14   	   5.09		
-47.00   	-45.47   	 13.16   	  10.17		
-45.17   	-44.25   	 13.20   	  10.17		
-43.33   	-45.17   	 13.25   	   5.09		
-42.11   	-47.30   	 13.27   	   5.09		
-41.20   	-49.13   	 13.29   	   0.00		
-40.59   	-49.13   	 13.29(V)	   0.00		
-39.98   	-48.22   	 13.29   	 -10.17		
-39.37   	-47.91   	 13.25   	 -15.26		
-38.76   	-49.74   	 13.18   	 -15.26		
-38.15   	-52.49   	 13.12   	 -25.43		
-38.76   	-54.63   	 13.02   	 -25.43		
-39.98   	-55.54   	 12.92   	 -30.52		
-41.81   	-55.24   	 12.80   	 -35.61		
-43.33   	-55.24   	 12.66   	 -35.61		
-43.95   	-56.15   	 12.51   	 -40.69		
-43.64   	-58.29   	 12.35   	 -45.78		
-43.33   	-60.73   	 12.17   	 -45.78		
-43.95   	-63.17   	 11.98   	 -45.78		
-45.17   	-64.39   	 11.80   	 -45.78		
-46.08   	-65.00   	 11.62   	 -45.78		
-45.78   	-64.70   	 11.43   	 -45.78		
-44.25   	-64.39   	 11.25   	 -45.78		
-42.42   	-64.70   	 11.07   	 -45.78		
-42.11   	-65.92   	 10.89   	 -50.86		
-43.95   	-67.44   	 10.68   	 -45.78		
-46.69   	-68.66   	 10.50   	 -50.86		
-48.83   	-68.66   	 10.29   	 -50.86		
-47.91   	-67.75   	 10.09   	 -50.86		
-45.17   	-66.22   	  9.89   	 -50.86		
-42.11   	-65.00   	  9.68   	 -45.78		
-40.59   	-64.70   	  9.50   	 -45.78		
-41.20   	-65.61   	  9.32   	 -40.69		
-42.72   	-67.14   	  9.16   	 -40.69		
-43.95   	-68.66   	  8.99   	 -40.69		
-44.25   	-69.27   	  8.83   	 -40.69		
-43.95   	-69.89   	  8.67   	 -35.61		
-43.95   	-70.50   	  8.52   	 -40.69		
-44.25   	-71.72   	  8.36   	 -35.61		
-43.95   	-72.63   	  8.22   	 -40.69		
-43.03   	-72.63   	  8.06   	 -35.61		
-41.20   	-71.11   	  7.91   	 -40.69		
-39.37   	-68.05   	  7.75   	 -35.61		
-38.15   	-63.17   	  7.61   	 -35.61		
-36.32   	-56.46   	  7.47   	 -30.52		
-32.04   	-47.91   	  7.34   	 -35.61		
-25.94   	-39.67   	  7.20   	 -35.61		
-19.84   	-33.57   	  7.06   	 -30.52		
-16.78   	-31.13   	  6.94   	 -30.52		
-17.09   	-30.82   	  6.82   	 -25.43		
-17.09   	-30.52   	  6.71   	 -25.43		
-12.21   	-25.94   	  6.61   	 -20.35		
 -0.31   	-14.65   	  6.53   	 -20.35		
 15.87   	  3.66   	  6.45   	 -20.35		
 30.52   	 26.25   	  6.37   	 -15.26		
 38.45   	 46.69   	  6.31   	 -10.17		
 38.76   	 57.98   	  6.27   	 -15.26		
 33.57   	 56.46   	  6.21   	 -15.26		
 27.77   	 44.86   	  6.14   	 -10.17		
 23.19   	 30.21   	  6.10   	 -10.17		
 19.84   	 18.31   	  6.06   	 -10.17		
 14.95   	  9.46   	  6.02   	 -10.17		
  6.71   	  0.00   	  5.98   	 -10.17		
 -6.10   	-14.04   	  5.94   	 -10.17		
-21.97   	-32.96   	  5.90   	  -5.09		
-38.76   	-51.57   	  5.88   	  -5.09		
-52.80   	-65.61   	  5.86   	  -5.09		
-61.34   	-72.94   	  5.84   	  -5.09		
-63.48   	-74.46   	  5.82   	   5.09		
-61.34   	-74.46   	  5.84   	   0.00		
-58.29   	-75.07   	  5.84   	  10.17		
-57.07   	-77.21   	  5.88   	   5.09		
-58.29   	-80.26   	  5.90   	  15.26		
-60.42   	-82.70   	  5.96   	  15.26		
-61.95   	-84.23   	  6.02   	  15.26		
-61.95   	-84.84   	  6.08   	  15.26		
-61.65   	-85.45   	  6.14   	  15.26		
-61.65   	-85.45   	  6.21   	  15.26		
-61.34   	-85.14   	  6.27   	  15.26		
-61.95   	-84.53   	  6.33   	  15.26		
-63.17   	-85.75   	  6.39   	  15.26		
-64.09   	-90.33   	  6.45   	  15.26		
-58.29   	-101.32   	  6.51   	  10.17		
-35.71   	-118.41   	  6.55   	  10.17		
 11.60   	-134.28   	  6.59   	  15.26		
 82.09   	-133.36   	  6.65   	  15.26		
162.96   	-98.57   	  6.71   	  15.26		
238.65   	-13.43   	  6.78   	  20.35		
303.34   	131.23   	  6.86   	  25.43		
361.94   	337.83   	  6.96   	  30.52		
413.21   	591.13   	  7.08   	  30.52		
435.18(R)	835.27   	  7.20   	  30.52		
390.63   	981.14   	  7.32   	  35.61		
260.93   	955.81   	  7.47   	  30.52		
 72.94   	752.87   	  7.59   	  30.52		
-105.59   	453.19   	  7.71   	  30.52		
-208.74   	178.83   	  7.83   	  25.43		
-215.45   	  7.93   	  7.93   	  25.43		
-158.69   	-66.83   	  8.04   	  20.35		
-94.30   	-99.79   	  8.12   	  20.35		
-59.81   	-127.26   	  8.20   	  15.26		
-58.90   	-144.35   	  8.26   	  20.35		
-71.72   	-130.62   	  8.34   	  15.26		
-78.74   	-89.72   	  8.40   	  20.35		
-73.55   	-52.80   	  8.48   	  20.35		
-61.95   	-47.91   	  8.57   	  25.43		
-51.27   	-72.94   	  8.67   	  20.35		
-47.00   	-102.54   	  8.75   	  30.52		
-47.91   	-116.27   	  8.87   	  35.61		
-50.96   	-112.30   	  9.01   	  40.69		
-52.49   	-103.76   	  9.18   	  40.69		
-51.57   	-99.49   	  9.34   	  45.78		
-48.52   	-100.71   	  9.52   	  50.86		
-45.17   	-103.45   	  9.73   	  50.86		
-42.72   	-104.06   	  9.93   	  50.86		
-41.20   	-101.93   	 10.13   	  45.78		
-39.98   	-98.57   	 10.32   	  40.69		
-39.06   	-95.83   	 10.48   	  35.61		
-39.06   	-95.21   	 10.62   	  20.35		
-39.67   	-95.83   	 10.70   	  10.17		
-39.98   	-96.13   	 10.74(A)	 -10.17		
-39.06   	-94.30   	 10.70   	 -25.43		
-36.93   	-90.64   	 10.60   	 -35.61		
-33.87   	-86.67   	 10.46   	 -55.95		
-31.13   	-83.62   	 10.23   	 -61.04		
-29.60   	-81.79   	  9.99   	 -71.21		
-29.60   	-81.48   	  9.70   	 -66.12		
-29.91   	-81.18   	  9.44   	 -61.04		
-29.30   	-80.26   	  9.20   	 -50.86		
-26.86   	-77.82   	  8.99   	 -45.78		
-22.58   	-74.46   	  8.81   	 -40.69		
-17.70   	-70.80   	  8.65   	 -30.52		
-12.51   	-66.83   	  8.52   	 -25.43		
 -8.54   	-63.48   	  8.42   	 -25.43		
 -5.49   	-60.73   	  8.32   	 -25.43		
 -3.05   	-58.29   	  8.22   	 -20.35		
 -0.31   	-56.15   	  8.14   	 -15.26		
  3.36   	-53.71   	  8.08   	 -20.35		
  8.24   	-49.44   	  8.00   	 -15.26		
 14.04   	-44.25   	  7.93   	 -20.35		
 20.14   	-39.06   	  7.85   	 -15.26		
 25.94   	-34.79   	  7.79   	 -20.35		
 31.13   	-32.04   	  7.71   	 -20.35		
 36.93   	-29.60   	  7.63   	 -25.43		
 43.64   	-26.25   	  7.53   	 -25.43		
 52.19   	-21.97   	  7.43   	 -25.43		
 61.65   	-16.48   	  7.32   	 -20.35		
 71.72   	-11.29   	  7.24   	 -25.43		
 82.09   	 -5.80   	  7.14   	 -15.26		
 92.47   	  0.31   	  7.08   	 -20.35		
102.84   	  7.63   	  7.00   	 -15.26		
113.22   	 16.17   	  6.94   	 -10.17		
123.60   	 25.33   	  6.90   	 -10.17		
134.89   	 35.10   	  6.86   	 -15.26		
147.09   	 45.17   	  6.80   	 -10.17		
159.61   	 54.93   	  6.75   	  -5.09		
170.90   	 63.78   	  6.73   	 -10.17		
179.75   	 71.11   	  6.69   	  -5.09		
187.07   	 77.21   	  6.67   	   0.00		
192.57   	 82.40   	  6.67   	   0.00		
196.84   	 87.28   	  6.67   	   5.09		
199.58   	 92.77   	  6.69   	   5.09		
199.89   	 98.88   	  6.71   	   5.09		
197.75   	104.98   	  6.73   	  10.17		
192.87   	110.47   	  6.78   	  10.17		
185.24   	114.75   	  6.82   	  10.17		
173.95   	115.97   	  6.86   	  15.26		
158.39   	112.92   	  6.92   	  15.26		
139.47   	105.90   	  6.98   	  15.26		
119.32   	 95.83   	  7.04   	  20.35		
 97.96   	 83.92   	  7.12   	  25.43		
 76.29   	 70.50   	  7.22   	  25.43		
 54.63   	 55.54   	  7.32   	  30.52		
 33.57   	 39.67   	  7.45   	  30.52		
 14.65   	 23.80   	  7.57   	  35.61		
 -1.22   	  9.16   	  7.71   	  35.61		
-14.34   	 -3.97   	  7.85   	  35.61		
-25.94   	-15.56   	  8.00   	  35.61		
-36.32   	-26.25   	  8.14   	  35.61		
-45.17   	-35.71   	  8.28   	  35.61		
-51.88   	-43.64   	  8.42   	  45.78		
-55.85   	-50.05   	  8.61   	  40.69		
-57.37   	-54.32   	  8.77   	  45.78		
-58.29   	-57.07   	  8.95   	  50.86		
-59.51   	-58.90   	  9.16   	  50.86		
-61.34   	-60.73   	  9.36   	  50.86		
-63.48   	-62.56   	  9.56   	  55.95		
-65.61   	-64.09   	  9.79   	  55.95		
-66.83   	-65.00   	 10.01   	  50.86		
-67.14   	-64.70   	 10.21   	  61.04		
-67.14   	-63.78   	 10.46   	  55.95		
-68.05   	-62.56   	 10.68   	  61.04		
-68.97   	-61.65   	 10.93   	  55.95		
-69.89   	-61.34   	 11.15   	  55.95		
-70.19   	-61.34   	 11.37   	  50.86		
-70.50   	-61.34   	 11.58   	  50.86		
-70.80   	-61.65   	 11.78   	  40.69		
-71.41   	-61.34   	 11.94   	  35.61		
-71.41   	-60.12   	 12.09   	  30.52		
-69.58   	-57.98   	 12.21   	  25.43		
-66.83   	-55.24   	 12.31   	  25.43		
-64.39   	-53.10   	 12.41   	  25.43		
-63.78   	-51.88   	 12.51   	  25.43		
-65.00   	-51.88   	 12.61   	  35.61		
-66.83   	-51.27   	 12.76   	  45.78		
-67.75   	-50.05   	 12.94   	  50.86		
-66.83   	-48.22   	 13.14   	  66.12		
-65.00   	-45.78   	 13.41   	  76.30		
-62.26   	-43.95   	 13.71   	  86.47		
-60.12   	-42.11   	 14.06   	  86.47		
-59.20   	-41.50   	 14.40   	  86.47		
-59.51   	-41.50   	 14.75   	  86.47		
-60.12   	-41.50   	 15.10   	  71.21		
-60.12   	-40.59   	 15.38   	  66.12		
-57.68   	-37.84   	 15.65   	  61.04		
-54.02   	-34.18   	 15.89   	  50.86		
-50.35   	-31.43   	 16.09   	  45.78		
-48.83   	-31.13   	 16.28   	  35.61		
-48.83   	-33.57   	 16.42   	  35.61		
-49.13   	-36.62   	 16.56   	  25.43		
-48.22   	-38.15   	 16.66   	  25.43		
-45.78   	-37.54   	 16.76   	  15.26		
-43.33   	-36.32   	 16.83   	  15.26		
-42.42   	-36.32   	 16.89   	  10.17		
-43.95   	-38.45   	 16.93   	   5.09		
-46.39   	-41.81   	 16.95   	   0.00		
-48.22   	-44.25   	 16.95   	   5.09		
-48.22   	-44.86   	 16.97(V)	  -5.09		
-46.69   	-43.95   	 16.95   	   0.00		
-44.86   	-42.11   	 16.95   	  -5.09		
-43.95   	-41.20   	 16.93   	  -5.09		
-43.33   	-41.20   	 16.91   	 -10.17		
-42.72   	-41.81   	 16.87   	 -10.17		
-42.72   	-43.03   	 16.83   	 -15.26		
-43.95   	-44.86   	 16.76   	 -25.43		
-46.69   	-46.69   	 16.66   	 -25.43		
-49.44   	-48.22   	 16.56   	 -35.61		
-50.96   	-48.83   	 16.42   	 -40.69		
-50.96   	-48.22   	 16.26   	 -45.78		
-50.35   	-47.61   	 16.07   	 -50.86		
-50.35   	-47.91   	 15.87   	 -55.95		
-51.27   	-49.13   	 15.65   	 -50.86		
-52.19   	-50.66   	 15.44   	 -61.04		
-52.49   	-52.19   	 15.20   	 -50.86		
-51.88   	-53.71   	 14.99   	 -55.95		
-50.66   	-54.32   	 14.77   	 -55.95		
-49.44   	-54.32   	 14.55   	 -50.86		
-48.22   	-53.71   	 14.34   	 -50.86		
-47.30   	-52.80   	 14.14   	 -45.78		
-46.39   	-51.88   	 13.96   	 -50.86		
-46.39   	-51.88   	 13.75   	 -45.78		
-47.30   	-53.41   	 13.57   	 -45.78		
-49.13   	-55.54   	 13.39   	 -40.69		
-50.96   	-57.98   	 13.22   	 -40.69		
-52.19   	-59.20   	 13.06   	 -40.69		
-51.88   	-59.51   	 12.90   	 -40.69		
-50.66   	-59.20   	 12.74   	 -40.69		
-50.05   	-59.81   	 12.57   	 -40.69		
-50.05   	-61.34   	 12.41   	 -40.69		
-50.35   	-62.87   	 12.25   	 -45.78		
-50.05   	-62.87   	 12.07   	 -40.69		
-49.13   	-61.95   	 11.90   	 -40.69		
-48.52   	-61.04   	 11.74   	 -40.69		
-48.22   	-60.12   	 11.58   	 -35.61		
-48.22   	-59.51   	 11.43   	 -35.61		
-47.91   	-59.20   	 11.29   	 -30.52		
-46.69   	-58.29   	 11.17   	 -25.43		
-46.08   	-58.29   	 11.07   	 -20.35		
-47.00   	-58.90   	 10.99   	 -20.35		
-49.13   	-60.12   	 10.91   	 -20.35		
-51.27   	-60.73   	 10.82   	 -20.35		
-51.57   	-60.12   	 10.74   	 -15.26		
-49.44   	-57.37   	 10.68   	 -15.26		
-45.17   	-53.10   	 10.62   	 -10.17		
-40.59   	-48.22   	 10.58   	 -15.26		
-36.62   	-43.33   	 10.52   	 -10.17		
-33.57   	-39.37   	 10.48   	  -5.09		
-31.13   	-37.23   	 10.46   	 -10.17		
-28.99   	-36.93   	 10.42   	   0.00		
-27.16   	-37.84   	 10.42   	  -5.09		
-25.94   	-39.06   	 10.40   	  -5.09		
-25.02   	-39.06   	 10.38   	   0.00		
-21.67   	-36.93   	 10.38   	   0.00		
-13.43   	-31.13   	 10.38   	   0.00		
 -0.61   	-19.84   	 10.38   	   0.00		
 13.73   	 -2.44   	 10.38   	   0.00		
 23.80   	 16.78   	 10.38   	   5.09		
 26.86   	 32.96   	 10.40   	   0.00		
 24.72   	 41.20   	 10.40   	   0.00		
 21.36   	 40.28   	 10.40   	   0.00		
 20.75   	 33.26   	 10.40   	   0.00		
 21.97   	 25.02   	 10.40   	   0.00		
 21.67   	 17.09   	 10.40   	   0.00		
 16.48   	  8.85   	 10.40   	   0.00		
  5.80   	 -3.05   	 10.40   	   0.00		
 -9.77   	-19.23   	 10.40   	  -5.09		
-27.16   	-38.45   	 10.38   	  -5.09		
-43.33   	-56.76   	 10.36   	   0.00		
-54.63   	-69.89   	 10.36   	  -5.09		
-59.51   	-76.90   	 10.34   	   0.00		
-59.20   	-79.04   	 10.34   	   5.09		
-57.37   	-79.65   	 10.36   	  10.17		
-57.98   	-81.18   	 10.40   	  10.17		
-61.04   	-84.23   	 10.44   	  10.17		
-65.00   	-86.67   	 10.48   	  15.26		
-66.83   	-87.28   	 10.54   	  15.26		
-65.92   	-86.36   	 10.60   	  15.26		
-63.48   	-84.23   	 10.66   	  10.17		
-61.95   	-83.01   	 10.70   	  10.17		
-61.95   	-82.40   	 10.74   	  10.17		
-62.56   	-82.40   	 10.78   	  10.17		
-63.48   	-82.09   	 10.82   	  10.17		
-64.09   	-83.62   	 10.86   	  10.17		
-61.34   	-88.81   	 10.91   	  15.26		
-47.91   	-99.79   	 10.97   	  10.17		
-13.73   	-113.53   	 11.01   	  15.26		
 45.17   	-119.32   	 11.07   	  15.26		
119.93   	-100.40   	 11.13   	  20.35		
195.62   	-39.06   	 11.21   	  20.35		
261.54   	 78.74   	 11.29   	  20.35		
320.74   	259.40   	 11.37   	  25.43		
378.11   	497.44   	 11.48   	  30.52		
421.14(R)	756.53   	 11.60   	  30.52		
414.73   	957.03   	 11.72   	  30.52		
326.84   	1013.49   	 11.84   	  35.61		
162.66   	888.06   	 11.98   	  35.61		
-23.80   	623.78   	 12.13   	  40.69		
-159.30   	331.42   	 12.29   	  35.61		
-201.42   	114.44   	 12.43   	  35.61		
-165.71   	  0.92   	 12.57   	  35.61		
-103.45   	-48.52   	 12.72   	  30.52		
-62.56   	-81.48   	 12.84   	  30.52		
-56.76   	-109.56   	 12.96   	  25.43		
-71.11   	-115.36   	 13.06   	  25.43		
-82.70   	-90.33   	 13.16   	  20.35		
-81.48   	-54.63   	 13.25   	  25.43		
-71.41   	-40.28   	 13.35   	  20.35		
-61.34   	-56.46   	 13.43   	  25.43		
-56.15   	-85.45   	 13.53   	  30.52		
-55.54   	-103.45   	 13.65   	  25.43		
-56.15   	-102.23   	 13.75   	  25.43		
-55.54   	-91.55   	 13.86   	  30.52		
-53.10   	-84.23   	 13.98   	  25.43		
-50.05   	-83.92   	 14.08   	  30.52		
-47.91   	-87.59   	 14.20   	  35.61		
-47.00   	-90.33   	 14.34   	  35.61		
-47.61   	-90.94   	 14.49   	  35.61		
-48.52   	-89.42   	 14.63   	  45.78		
-48.52   	-87.28   	 14.81   	  40.69		
-47.61   	-85.14   	 14.97   	  50.86		
-45.17   	-83.01   	 15.18   	  50.86		
-42.42   	-80.57   	 15.38   	  61.04		
-40.59   	-77.82   	 15.63   	  66.12		
-39.67   	-75.99   	 15.89   	  66.12		
-39.67   	-75.38   	 16.15   	  55.95		
-39.06   	-75.07   	 16.38   	  45.78		
-37.23   	-74.46   	 16.56   	  20.35		
-34.79   	-72.94   	 16.64(A)	 -15.26		
-32.96   	-71.11   	 16.58   	 -50.86		
-31.74   	-69.58   	 16.38   	 -86.47		
-30.82   	-68.36   	 16.03   	-116.99		
-28.69   	-66.53   	 15.56   	-137.33		
-25.02   	-63.78   	 15.02   	-137.33		
-21.06   	-60.42   	 14.47   	-127.16		
-17.40   	-57.37   	 13.96   	-101.73		
-14.65   	-55.54   	 13.55   	 -81.38		
-12.51   	-54.02   	 13.22   	 -50.86		
 -9.77   	-51.88   	 13.02   	 -35.61		
 -5.49   	-48.83   	 12.88   	 -15.26		
 -0.31   	-45.17   	 12.82   	 -10.17		
  4.88   	-41.81   	 12.78   	 -15.26		
  9.46   	-40.28   	 12.72   	 -25.43		
 12.82   	-39.37   	 12.61   	 -25.43		
 16.78   	-37.84   	 12.51   	 -35.61		
 22.89   	-33.87   	 12.37   	 -40.69		
 31.74   	-27.77   	 12.21   	 -35.61		
 42.11   	-20.45   	 12.07   	 -35.61		
 51.88   	-13.43   	 11.92   	 -25.43		
 60.12   	 -7.93   	 11.82   	 -20.35		
 67.75   	 -3.66   	 11.74   	 -20.35		
 75.99   	  0.61   	 11.66   	 -15.26		
 86.67   	  7.02   	 11.60   	 -15.26		
 99.79   	 15.26   	 11.54   	 -15.26		
113.22   	 25.33   	 11.48   	 -20.35		
126.34   	 36.01   	 11.39   	 -25.43		
137.94   	 46.69   	 11.29   	 -20.35		
148.62   	 56.15   	 11.21   	 -25.43		
157.78   	 64.70   	 11.11   	 -20.35		
165.71   	 72.94   	 11.03   	 -20.35		
173.03   	 80.87   	 10.95   	 -15.26		
179.44   	 89.11   	 10.89   	 -15.26		
184.94   	 97.66   	 10.82   	 -10.17		
189.21   	105.59   	 10.78   	 -10.17		
191.35   	112.00   	 10.74   	 -10.17		
191.35   	116.88   	 10.70   	  -5.09		
188.90   	120.85   	 10.68   	   0.00		
183.72   	123.90   	 10.68   	  -5.09		
174.87   	125.12   	 10.66   	   5.09		
162.35   	123.29   	 10.68   	   0.00		
145.57   	117.80   	 10.68   	   5.09		
126.34   	108.95   	 10.70   	  10.17		
105.59   	 97.05   	 10.74   	  10.17		
 84.84   	 83.62   	 10.78   	  10.17		
 64.39   	 68.97   	 10.82   	  15.26		
 43.95   	 53.10   	 10.89   	  20.35		
 24.41   	 36.93   	 10.97   	  20.35		
  6.41   	 20.75   	 11.05   	  20.35		
 -9.46   	  6.10   	 11.13   	  20.35		
-22.89   	 -7.32   	 11.21   	  25.43		
-34.18   	-18.92   	 11.31   	  25.43		
-43.64   	-28.99   	 11.41   	  25.43		
-51.27   	-37.84   	 11.52   	  30.52		
-56.76   	-45.47   	 11.64   	  25.43		
-59.81   	-50.96   	 11.74   	  30.52		
-61.04   	-54.32   	 11.86   	  35.61		
-61.95   	-55.85   	 12.00   	  35.61		
-63.17   	-56.76   	 12.15   	  35.61		
-64.39   	-57.68   	 12.29   	  40.69		
-65.31   	-58.90   	 12.45   	  45.78		
-65.31   	-59.81   	 12.63   	  45.78		
-65.00   	-59.51   	 12.82   	  45.78		
-64.70   	-57.98   	 13.00   	  45.78		
-64.39   	-55.54   	 13.18   	  45.78		
-63.78   	-53.10   	 13.37   	  40.69		
-63.48   	-51.57   	 13.53   	  45.78		
-63.17   	-50.96   	 13.71   	  40.69		
-63.78   	-50.96   	 13.88   	  40.69		
-64.70   	-51.57   	 14.04   	  30.52		
-65.61   	-51.57   	 14.16   	  25.43		
-65.31   	-50.66   	 14.26   	  20.35		
-64.09   	-48.83   	 14.34   	  20.35		
-62.56   	-46.69   	 14.43   	  20.35		
-61.65   	-45.47   	 14.51   	  25.43		
-62.26   	-45.47   	 14.61   	  30.52		
-63.78   	-46.08   	 14.73   	  45.78		
-65.61   	-46.39   	 14.91   	  50.86		
-66.22   	-45.47   	 15.12   	  66.12		
-65.92   	-43.64   	 15.38   	  71.21		
-65.31   	-41.20   	 15.67   	  76.30		
-64.70   	-39.06   	 15.97   	  76.30		
-64.39   	-37.23   	 16.28   	  71.21		
-64.70   	-36.01   	 16.56   	  66.12		
-64.39   	-34.79   	 16.83   	  61.04		
-62.87   	-32.96   	 17.07   	  50.86		
-61.04   	-31.13   	 17.27   	  45.78		
-59.81   	-30.21   	 17.46   	  35.61		
-59.51   	-30.52   	 17.60   	  30.52		
-60.12   	-31.43   	 17.72   	  25.43		
-60.12   	-31.74   	 17.82   	  25.43		
-58.59   	-31.74   	 17.92   	  20.35		
-55.85   	-31.13   	 18.01   	  20.35		
-52.80   	-30.82   	 18.09   	  15.26		
-50.66   	-31.74   	 18.15   	  15.26		
-49.13   	-32.96   	 18.21   	  10.17		
-48.52   	-33.57   	 18.25   	  10.17		
-47.61   	-33.26   	 18.29   	  10.17		
-46.69   	-32.35   	 18.33   	  10.17		
-46.08   	-32.04   	 18.37   	   5.09		
-45.78   	-32.65   	 18.39   	   5.09		
-46.69   	-35.10   	 18.41   	   0.00		
-47.61   	-37.84   	 18.41(V)	   0.00		
-47.91   	-39.37   	 18.41   	  -5.09		
-47.30   	-39.06   	 18.39   	 -10.17		
-45.47   	-37.54   	 18.35   	 -15.26		
-44.25   	-36.01   	 18.29   	 -20.35		
-44.25   	-35.71   	 18.21   	 -25.43		
-45.78   	-36.93   	 18.11   	 -30.52		
-47.61   	-39.06   	 17.99   	 -40.69		
-47.61   	-40.28   	 17.82   	 -40.69		
-46.69   	-40.59   	 17.66   	 -50.86		
-46.08   	-40.59   	 17.46   	 -55.95		
-47.30   	-42.42   	 17.23   	 -50.86		
-50.96   	-45.47   	 17.03   	 -55.95		
-53.71   	-47.91   	 16.81   	 -55.95		
-53.71   	-47.61   	 16.58   	 -61.04		
-50.66   	-44.56   	 16.34   	 -55.95		
-46.39   	-40.59   	 16.11   	 -55.95		
-44.86   	-38.76   	 15.89   	 -55.95		
-46.69   	-40.59   	 15.67   	 -55.95		
-50.35   	-43.95   	 15.44   	 -61.04		
-53.10   	-46.69   	 15.20   	 -55.95		
-53.71   	-47.61   	 14.97   	 -61.04		
-53.10   	-47.00   	 14.73   	 -55.95		
-52.49   	-46.39   	 14.51   	 -50.86		
-52.19   	-46.39   	 14.30   	 -55.95		
-51.88   	-46.39   	 14.08   	 -50.86		
-50.96   	-46.08   	 13.88   	 -50.86		
-49.74   	-45.17   	 13.67   	 -45.78		
-48.52   	-44.56   	 13.49   	 -45.78		
-47.91   	-44.56   	 13.31   	 -45.78		
-47.61   	-44.86   	 13.12   	 -45.78		
-47.61   	-45.17   	 12.94   	 -45.78		
-47.30   	-45.47   	 12.76   	 -45.78		
-47.00   	-45.47   	 12.57   	 -40.69		
-46.69   	-45.47   	 12.41   	 -45.78		
-46.69   	-45.78   	 12.23   	 -40.69		
-46.69   	-46.08   	 12.07   	 -35.61		
-46.69   	-45.78   	 11.92   	 -35.61		
-46.39   	-44.56   	 11.78   	 -35.61		
-45.47   	-42.72   	 11.64   	 -35.61		
-44.86   	-41.20   	 11.50   	 -25.43		
-44.56   	-40.59   	 11.39   	 -30.52		
-45.47   	-41.20   	 11.27   	 -25.43		
-47.00   	-42.11   	 11.17   	 -25.43		
-48.52   	-42.11   	 11.07   	 -25.43		
-49.13   	-41.50   	 10.97   	 -20.35		
-48.83   	-40.59   	 10.89   	 -20.35		
-47.91   	-39.37   	 10.80   	 -20.35		
-46.39   	-38.15   	 10.72   	 -20.35		
-44.86   	-37.54   	 10.64   	 -15.26		
-43.95   	-36.32   	 10.58   	 -10.17		
-42.42   	-33.87   	 10.54   	 -15.26		
-39.37   	-28.99   	 10.48   	 -10.17		
-34.48   	-22.58   	 10.44   	  -5.09		
-28.08   	-16.17   	 10.42   	  -5.09		
-22.28   	-12.21   	 10.40   	  -5.09		
-18.92   	-12.51   	 10.38   	  -5.09		
-18.92   	-15.26   	 10.36   	   0.00		
-19.84   	-17.40   	 10.36   	  -5.09		
-17.09   	-14.34   	 10.34   	   0.00		
 -7.93   	 -4.58   	 10.34   	  -5.09		
  6.41   	 11.60   	 10.32   	   0.00		
 21.06   	 31.13   	 10.32   	   0.00		
 30.52   	 49.13   	 10.32   	   0.00		
 32.35   	 61.34   	 10.32   	  -5.09		
 28.99   	 64.70   	 10.29   	   0.00		
 25.02   	 60.12   	 10.29   	   0.00		
 23.19   	 50.66   	 10.29   	   0.00		
 22.58   	 40.59   	 10.29   	  -5.09		
 20.45   	 31.43   	 10.27   	   0.00		
 14.04   	 22.58   	 10.27   	  -5.09		
  2.75   	 11.29   	 10.25   	   0.00		
-11.90   	 -3.05   	 10.25   	  -5.09		
-28.08   	-20.14   	 10.23   	   0.00		
-43.03   	-36.93   	 10.23   	   0.00		
-54.63   	-50.05   	 10.23   	   0.00		
-60.73   	-57.68   	 10.23   	   0.00		
-61.34   	-60.73   	 10.23   	   5.09		
-58.90   	-61.04   	 10.25   	  10.17		
-56.46   	-61.04   	 10.29   	  10.17		
-56.76   	-61.65   	 10.34   	  10.17		
-58.90   	-62.56   	 10.38   	  10.17		
-60.73   	-63.17   	 10.42   	  15.26		
-61.65   	-63.48   	 10.48   	  10.17		
-61.04   	-63.48   	 10.52   	  15.26		
-61.04   	-63.48   	 10.58   	  10.17		
-61.34   	-63.48   	 10.62   	  10.17		
-62.26   	-63.48   	 10.66   	  15.26		
-63.48   	-63.78   	 10.72   	  10.17		
-65.00   	-66.22   	 10.76   	  15.26		
-63.48   	-72.94   	 10.82   	  15.26		
-50.05   	-85.14   	 10.89   	  15.26		
-13.73   	-98.57   	 10.95   	  15.26		
 49.13   	-101.62   	 11.01   	  15.26		
129.09   	-78.74   	 11.07   	  15.26		
208.44   	-14.34   	 11.13   	  20.35		
275.88   	103.76   	 11.21   	  20.35		
334.47   	282.29   	 11.29   	  20.35		
392.15   	517.88   	 11.37   	  25.43		
435.79(R)	774.54   	 11.48   	  25.43		
429.08   	973.82   	 11.58   	  30.52		
339.05   	1031.19   	 11.70   	  35.61		
170.59   	909.12   	 11.84   	  35.61		
-20.75   	651.25   	 11.98   	  30.52		
-158.69   	365.91   	 12.11   	  35.61		
-201.42   	152.28   	 12.25   	  35.61		
-163.88   	 36.93   	 12.39   	  30.52		
-100.10   	-18.31   	 12.51   	  25.43		
-57.98   	-56.15   	 12.61   	  30.52		
-52.19   	-84.53   	 12.74   	  25.43		
-65.92   	-86.67   	 12.84   	  25.43		
-76.90   	-58.59   	 12.94   	  20.35		
-74.46   	-24.41   	 13.02   	  25.43		
-63.48   	-14.04   	 13.12   	  25.43		
-53.10   	-34.79   	 13.22   	  25.43		
-49.44   	-67.14   	 13.33   	  25.43		
-51.27   	-86.67   	 13.43   	  30.52		
-54.32   	-86.67   	 13.55   	  30.52		
-54.63   	-77.51   	 13.67   	  25.43		
-51.27   	-70.50   	 13.77   	  20.35		
-46.39   	-70.50   	 13.86   	  25.43		
-43.03   	-74.46   	 13.96   	  20.35		
-42.11   	-78.74   	 14.04   	  25.43		
-43.03   	-80.87   	 14.14   	  20.35		
-43.33   	-79.96   	 14.22   	  25.43		
-42.72   	-78.13   	 14.32   	  25.43		
-40.89   	-76.29   	 14.43   	  25.43		
-38.45   	-74.46   	 14.53   	  30.52		
-35.40   	-71.72   	 14.65   	  25.43		
-32.35   	-67.44   	 14.75   	  25.43		
-29.91   	-62.87   	 14.85   	  30.52		
-28.99   	-60.12   	 14.97   	  20.35		
-29.91   	-59.81   	 15.06   	  20.35		
-30.52   	-60.73   	 15.14   	  10.17		
-29.91   	-60.73   	 15.18(A)	   0.00		
-27.47   	-58.29   	 15.18   	 -20.35		
-24.11   	-54.32   	 15.10   	 -40.69		
-21.06   	-50.96   	 14.93   	 -61.04		
-19.53   	-48.52   	 14.69   	 -81.38		
-18.62   	-47.30   	 14.36   	 -91.56		
-17.70   	-46.08   	 14.00   	 -96.64		
-15.26   	-43.95   	 13.61   	-101.73		
-11.29   	-40.28   	 13.20   	 -91.56		
 -6.10   	-36.01   	 12.84   	 -76.30		
 -1.53   	-32.65   	 12.53   	 -61.04		
  2.44   	-30.52   	 12.29   	 -45.78		
  5.49   	-29.91   	 12.11   	 -40.69		
  8.54   	-29.30   	 11.94   	 -30.52		
 12.21   	-27.47   	 11.82   	 -30.52		
 17.70   	-24.11   	 11.70   	 -30.52		
 25.02   	-19.84   	 11.58   	 -35.61		
 32.96   	-15.87   	 11.43   	 -40.69		
 40.89   	-12.51   	 11.27   	 -35.61		
 47.91   	 -9.77   	 11.13   	 -35.61		
 55.24   	 -5.80   	 10.99   	 -35.61		
 63.17   	 -0.61   	 10.84   	 -25.43		
 72.94   	  6.10   	 10.74   	 -25.43		
 83.92   	 14.04   	 10.64   	 -20.35		
 95.52   	 21.97   	 10.56   	 -20.35		
107.73   	 30.21   	 10.48   	 -20.35		
120.24   	 38.45   	 10.40   	 -20.35		
132.75   	 46.69   	 10.32   	 -15.26		
144.96   	 54.93   	 10.25   	 -25.43		
156.25   	 62.87   	 10.15   	 -20.35		
166.02   	 70.50   	 10.07   	 -15.26		
174.87   	 77.51   	 10.01   	 -20.35		
183.11   	 83.92   	  9.93   	 -15.26		
189.82   	 89.42   	  9.87   	 -15.26		
194.40   	 94.60   	  9.81   	 -10.17		
196.53   	 99.49   	  9.77   	 -10.17		
196.84   	104.98   	  9.73   	 -15.26		
196.23   	112.00   	  9.66   	 -10.17		
195.01   	119.63   	  9.62   	 -10.17		
191.96   	126.34   	  9.58   	 -10.17		
185.55   	130.31   	  9.54   	 -10.17		
174.26   	129.70   	  9.50   	  -5.09		
157.78   	123.90   	  9.48   	  -5.09		
137.63   	113.83   	  9.46   	   0.00		
115.05   	101.01   	  9.46   	   0.00		
 92.16   	 86.36   	  9.46   	   5.09		
 69.89   	 71.11   	  9.48   	   5.09		
 48.22   	 54.93   	  9.50   	  10.17		
 28.08   	 39.06   	  9.54   	  10.17		
  9.77   	 23.50   	  9.58   	  10.17		
 -5.49   	  9.16   	  9.62   	  15.26		
-17.70   	 -3.66   	  9.68   	  15.26		
-27.47   	-14.65   	  9.75   	  20.35		
-36.32   	-25.02   	  9.83   	  20.35		
-45.17   	-34.48   	  9.91   	  20.35		
-53.71   	-42.42   	  9.99   	  25.43		
-60.12   	-48.52   	 10.09   	  25.43		
-63.48   	-51.88   	 10.19   	  30.52		
-63.78   	-54.32   	 10.32   	  25.43		
-62.87   	-56.15   	 10.42   	  35.61		
-61.95   	-57.68   	 10.56   	  30.52		
-62.26   	-58.90   	 10.68   	  35.61		
-62.87   	-59.20   	 10.82   	  35.61		
-63.17   	-58.90   	 10.97   	  40.69		
-63.17   	-59.20   	 11.13   	  35.61		
-63.17   	-60.12   	 11.27   	  30.52		
-62.87   	-60.73   	 11.39   	  35.61		
-62.26   	-60.12   	 11.54   	  30.52		
-60.73   	-58.90   	 11.66   	  30.52		
-58.90   	-57.37   	 11.78   	  20.35		
-58.29   	-57.07   	 11.86   	  15.26		
-58.59   	-57.37   	 11.92   	  15.26		
-59.51   	-57.37   	 11.98   	   5.09		
-60.42   	-56.76   	 12.00   	  10.17		
-61.04   	-55.54   	 12.04   	  10.17		
-61.65   	-54.32   	 12.09   	  20.35		
-62.26   	-53.41   	 12.17   	  30.52		
-62.26   	-51.88   	 12.29   	  35.61		
-61.95   	-50.05   	 12.43   	  50.86		
-61.04   	-47.61   	 12.63   	  50.86		
-60.73   	-46.39   	 12.84   	  61.04		
-61.34   	-46.08   	 13.08   	  61.04		
-62.26   	-46.39   	 13.33   	  55.95		
-62.26   	-45.78   	 13.55   	  50.86		
-61.04   	-43.95   	 13.75   	  45.78		
-59.20   	-42.11   	 13.94   	  45.78		
-58.29   	-41.50   	 14.12   	  35.61		
-57.98   	-42.42   	 14.26   	  30.52		
-57.98   	-43.64   	 14.38   	  25.43		
-56.46   	-43.95   	 14.49   	  25.43		
-53.41   	-43.33   	 14.59   	  20.35		
-49.74   	-42.11   	 14.67   	  15.26		
-47.00   	-41.50   	 14.73   	  20.35		
-46.08   	-41.50   	 14.81   	  15.26		
-46.08   	-41.81   	 14.87   	  15.26		
-46.69   	-42.72   	 14.93   	  10.17		
-47.91   	-43.64   	 14.97   	  10.17		
-48.83   	-45.17   	 15.02   	  10.17		
-49.13   	-46.39   	 15.06   	  10.17		
-48.52   	-46.69   	 15.10   	   5.09		
-46.69   	-45.78   	 15.12   	   5.09		
-43.95   	-43.95   	 15.14   	   0.00		
-41.20   	-43.64   	 15.14(V)	   0.00		
-39.37   	-45.17   	 15.14   	  -5.09		
-39.37   	-48.22   	 15.12   	  -5.09		
-40.59   	-51.27   	 15.10   	 -15.26		
-42.42   	-52.80   	 15.04   	 -15.26		
-43.64   	-53.10   	 14.97   	 -25.43		
-44.25   	-53.10   	 14.87   	 -25.43		
-44.86   	-54.32   	 14.77   	 -35.61		
-45.17   	-55.85   	 14.63   	 -40.69		
-45.47   	-57.68   	 14.47   	 -40.69		
-45.47   	-57.98   	 14.30   	 -45.78		
-44.86   	-57.68   	 14.12   	 -50.86		
-44.25   	-57.37   	 13.92   	 -50.86		
-44.25   	-57.98   	 13.71   	 -50.86		
-45.17   	-60.73   	 13.51   	 -55.95		
-47.00   	-64.39   	 13.29   	 -50.86		
-48.22   	-67.44   	 13.08   	 -55.95		
-48.22   	-68.97   	 12.86   	 -55.95		
-47.00   	-68.66   	 12.63   	 -50.86		
-45.47   	-67.44   	 12.43   	 -55.95		
-44.86   	-66.53   	 12.21   	 -55.95		
-45.47   	-67.14   	 11.98   	 -50.86		
-47.00   	-68.97   	 11.78   	 -55.95		
-48.22   	-70.50   	 11.56   	 -50.86		
-47.91   	-71.11   	 11.35   	 -45.78		
-46.69   	-70.80   	 11.17   	 -50.86		
-45.17   	-70.19   	 10.97   	 -50.86		
-44.86   	-70.19   	 10.76   	 -50.86		
-45.78   	-70.80   	 10.56   	 -45.78		
-47.61   	-71.41   	 10.38   	 -50.86		
-48.52   	-71.72   	 10.17   	 -45.78		
-48.52   	-71.11   	  9.99   	 -45.78		
-47.30   	-70.19   	  9.81   	 -45.78		
-46.39   	-69.89   	  9.62   	 -40.69		
-46.08   	-70.50   	  9.46   	 -35.61		
-46.08   	-71.11   	  9.32   	 -40.69		
-45.47   	-71.11   	  9.16   	 -35.61		
-44.25   	-70.80   	  9.01   	 -40.69		
-43.03   	-70.50   	  8.85   	 -35.61		
-42.72   	-71.11   	  8.71   	 -35.61		
-43.03   	-72.02   	  8.57   	 -35.61		
-43.95   	-72.94   	  8.42   	 -35.61		
-43.95   	-72.33   	  8.28   	 -30.52		
-43.95   	-70.80   	  8.16   	 -30.52		
-43.64   	-69.58   	  8.04   	 -30.52		
-43.33   	-68.66   	  7.91   	 -25.43		
-42.72   	-68.97   	  7.81   	 -25.43		
-42.42   	-70.50   	  7.71   	 -20.35		
-42.11   	-72.33   	  7.63   	 -20.35		
-41.81   	-73.55   	  7.55   	 -20.35		
-40.89   	-73.24   	  7.47   	 -15.26		
-39.37   	-71.41   	  7.41   	 -15.26		
-37.54   	-68.97   	  7.34   	 -10.17		
-36.32   	-67.44   	  7.30   	 -10.17		
-36.01   	-67.44   	  7.26   	 -10.17		
-36.01   	-68.05   	  7.22   	  -5.09		
-34.79   	-67.14   	  7.20   	  -5.09		
-32.35   	-64.39   	  7.18   	  -5.09		
-28.38   	-59.51   	  7.16   	   0.00		
-23.80   	-53.41   	  7.16   	  -5.09		
-18.62   	-47.61   	  7.14   	   0.00		
-14.04   	-43.64   	  7.14   	  -5.09		
-10.99   	-42.11   	  7.12   	  -5.09		
 -9.46   	-42.11   	  7.10   	  -5.09		
 -7.93   	-42.42   	  7.08   	   0.00		
 -3.66   	-39.98   	  7.08   	  -5.09		
  6.10   	-32.65   	  7.06   	   0.00		
 19.84   	-19.53   	  7.06   	   0.00		
 33.87   	 -1.53   	  7.06   	   0.00		
 43.03   	 16.48   	  7.06   	   5.09		
 45.17   	 29.91   	  7.08   	   0.00		
 42.11   	 35.10   	  7.08   	   5.09		
 38.45   	 31.74   	  7.10   	   0.00		
 37.54   	 23.80   	  7.10   	   0.00		
 38.15   	 16.17   	  7.10   	   0.00		
 37.84   	 10.38   	  7.10   	   0.00		
 33.87   	  4.88   	  7.10   	   0.00		
 25.02   	 -3.97   	  7.10   	   0.00		
 11.90   	-18.62   	  7.10   	  -5.09		
 -4.58   	-38.15   	  7.08   	  -5.09		
-22.58   	-59.20   	  7.06   	   0.00		
-38.76   	-75.99   	  7.06   	  -5.09		
-48.22   	-85.14   	  7.04   	   0.00		
-49.13   	-86.06   	  7.04   	   5.09		
-44.25   	-82.70   	  7.06   	   0.00		
-39.37   	-79.65   	  7.06   	  10.17		
-38.45   	-79.35   	  7.10   	  10.17		
-41.50   	-80.87   	  7.14   	  10.17		
-45.47   	-82.09   	  7.18   	  15.26		
-46.69   	-81.79   	  7.24   	  15.26		
-44.86   	-81.48   	  7.30   	  N/A		
