  I     	  II     	  LVp     	  LVp'		
-62.26   	-96.13   	 61.08   	-681.58		
-63.48   	-88.50   	 58.35   	-707.02		
-66.53   	-80.57   	 55.52   	-712.10		
-70.19   	-79.65   	 52.68   	-722.28		
-73.24   	-87.28   	 49.79   	-722.28		
-74.77   	-97.35   	 46.90   	-701.93		
-75.38   	-103.45   	 44.09   	-681.58		
-75.99   	-103.45   	 41.36   	-651.07		
-77.51   	-100.40   	 38.76   	-610.37		
-79.65   	-99.18   	 36.32   	-579.86		
-81.79   	-103.15   	 34.00   	-534.08		
-83.92   	-112.92   	 31.86   	-498.47		
-85.45   	-126.34   	 29.87   	-457.78		
-85.75   	-138.85   	 28.04   	-417.09		
-85.45   	-146.48   	 26.37   	-381.48		
-84.84   	-146.48   	 24.84   	-345.88		
-84.53   	-138.24   	 23.46   	-310.27		
-83.92   	-126.65   	 22.22   	-284.84		
-82.70   	-117.19   	 21.08   	-259.41		
-81.18   	-112.92   	 20.04   	-239.06		
-79.35   	-112.92   	 19.08   	-208.54		
-79.35   	-113.53   	 18.25   	-188.20		
-82.09   	-112.00   	 17.50   	-162.77		
-86.36   	-108.03   	 16.85   	-127.16		
-88.50   	-102.54   	 16.34   	 -96.64		
-85.75   	-98.27   	 15.95   	 -66.12		
-77.51   	-95.21   	 15.69   	 -40.69		
-67.75   	-92.16   	 15.52   	 -25.43		
-61.65   	-86.98   	 15.42   	 -20.35		
-60.42   	-76.90   	 15.34   	 -15.26		
-59.81   	-59.51   	 15.28   	 -20.35		
-54.02   	-36.01   	 15.20   	 -30.52		
-40.28   	-10.07   	 15.08   	 -30.52		
-22.89   	 11.60   	 14.95   	 -30.52		
 -9.16   	 25.33   	 14.83   	 -25.43		
 -3.36   	 32.04   	 14.73   	  -5.09		
 -3.66   	 35.71   	 14.71   	  10.17		
 -3.66   	 40.59   	 14.75   	  40.69		
  0.92   	 48.83   	 14.91   	  61.04		
  9.77   	 57.98   	 15.16   	  81.38		
 19.53   	 64.39   	 15.48   	 101.73		
 27.16   	 66.22   	 15.89   	 106.82		
 31.13   	 62.56   	 16.32   	  96.64		
 28.99   	 53.10   	 16.70   	  76.30		
 19.53   	 39.37   	 17.01   	  55.95		
  1.53   	 22.89   	 17.23   	  20.35		
-23.19   	  4.27   	 17.31   	  -5.09		
-49.44   	-17.09   	 17.29   	 -30.52		
-71.72   	-41.50   	 17.17   	 -35.61		
-86.36   	-68.97   	 17.03   	 -40.69		
-91.86   	-97.05   	 16.87   	 -20.35		
-90.33   	-120.85   	 16.79   	  -5.09		
-85.75   	-137.63   	 16.76   	  20.35		
-83.31   	-146.18   	 16.85   	  50.86		
-85.14   	-147.71   	 17.05   	  76.30		
-90.64   	-144.96   	 17.35   	 101.73		
-96.13   	-140.69   	 17.76   	 122.07		
-97.96   	-136.72   	 18.25   	 127.16		
-96.44   	-133.36   	 18.76   	 142.42		
-93.08   	-130.62   	 19.33   	 142.42		
-90.33   	-128.17   	 19.90   	 152.59		
-89.11   	-124.82   	 20.51   	 157.68		
-92.16   	-119.32   	 21.14   	 162.77		
-104.68   	-109.56   	 21.79   	 178.03		
-125.12   	-94.60   	 22.50   	 188.20		
-138.85   	-77.51   	 23.26   	 208.54		
-119.02   	-64.70   	 24.09   	 223.80		
-39.67   	-57.98   	 24.98   	 233.98		
101.32   	-48.22   	 25.92   	 228.89		
268.55   	-13.43   	 26.84   	 203.46		
399.78   	 66.83   	 27.65   	 147.51		
443.42   	189.21   	 28.24   	  81.38		
386.66   	321.66   	 28.57   	  -5.09		
262.76   	414.43   	 28.55   	 -76.30		
129.39   	428.77(R)	 28.24   	-137.33		
 32.96   	361.33   	 27.69   	-172.94		
-13.12   	245.36   	 27.00   	-178.03		
-22.89   	128.48   	 26.29   	-147.51		
-19.84   	 49.44   	 25.70   	-101.73		
-21.36   	 18.31   	 25.29(E)	 -30.52		
-35.71   	 15.26   	 25.17   	  35.61		
-65.00   	  7.02   	 25.31   	 111.90		
-109.56   	-31.74   	 25.76   	 178.03		
-162.05   	-103.45   	 26.47   	 233.98		
-205.69   	-181.58   	 27.41   	 289.93		
-223.08   	-231.63   	 28.57   	 325.53		
-206.30   	-236.82   	 29.87   	 356.05		
-164.18   	-207.21   	 31.29   	 381.48		
-119.93   	-170.29   	 32.82   	 391.66		
-93.08   	-149.23   	 34.38   	 391.66		
-87.28   	-148.01   	 35.95   	 396.74		
-92.77   	-155.33   	 37.54   	 396.74		
-97.35   	-159.61   	 39.12   	 391.66		
-95.83   	-158.39   	 40.69   	 396.74		
-91.86   	-156.25   	 42.28   	 401.83		
-90.64   	-156.25   	 43.89   	 417.09		
-93.38   	-155.94   	 45.55   	 427.26		
-96.13   	-151.67   	 47.26   	 447.61		
-95.21   	-144.04   	 49.05   	 473.04		
-90.64   	-137.33   	 50.95   	 503.56		
-85.45   	-137.02   	 52.96   	 549.34		
-81.48   	-143.43   	 55.16   	 625.63		
-80.87   	-152.89   	 57.66   	 722.28		
-83.31   	-158.69   	 60.55   	 824.00		
-87.59   	-157.78   	 63.85   	 910.47		
-91.86   	-152.28   	 67.49   	 951.17		
-93.99   	-145.87   	 71.29   	 930.82		
-91.86   	-142.52   	 75.01   	 854.52		
-85.14   	-141.60   	 78.43   	 722.28		
-77.51   	-140.99   	 81.32   	 569.68		
-71.72   	-138.24   	 83.60   	 412.00		
-71.11   	-134.89   	 85.25   	 274.67		
-75.99   	-132.14   	 86.35   	 162.77		
-83.92   	-130.00   	 87.00   	 101.73		
-90.33   	-126.65   	 87.41   	  71.21		
-92.47   	-121.77   	 87.69   	  76.30		
-89.11   	-116.58   	 88.00   	 101.73		
-83.31   	-114.44   	 88.40   	 127.16		
-77.82   	-117.80   	 88.91   	 157.68		
-75.68   	-126.65   	 89.54   	 183.11		
-78.43   	-137.33   	 90.27   	 193.29		
-86.06   	-146.18   	 91.05   	 188.20		
-97.05   	-150.76   	 91.80   	 167.85		
-108.95   	-149.54   	 92.47   	 137.33		
-119.02   	-144.04   	 93.02   	 106.82		
-124.82   	-137.33   	 93.45   	  66.12		
-126.95   	-132.45   	 93.71   	  35.61		
-127.87   	-130.62   	 93.86   	   5.09		
-130.31   	-131.53   	 93.88(S)	 -15.26		
-135.19   	-133.67   	 93.81   	 -30.52		
-141.60   	-135.50   	 93.69   	 -35.61		
-148.62   	-137.02   	 93.55   	 -35.61		
-155.03   	-138.55   	 93.41   	 -30.52		
-161.13   	-138.55   	 93.29   	 -20.35		
-166.93   	-134.28   	 93.20   	 -15.26		
-171.81   	-124.51   	 93.14   	 -10.17		
-175.78   	-110.78   	 93.10   	   0.00		
-177.92   	-96.44   	 93.10   	   0.00		
-176.70   	-85.75   	 93.10   	 -10.17		
-171.51   	-78.74   	 93.06   	 -20.35		
-160.83   	-72.63   	 92.98   	 -30.52		
-144.96   	-64.09   	 92.86   	 -45.78		
-126.65   	-51.57   	 92.68   	 -55.95		
-108.64   	-36.62   	 92.45   	 -76.30		
-93.69   	-23.50   	 92.15   	-101.73		
-80.26   	-13.73   	 91.74   	-122.07		
-64.70   	 -6.10   	 91.25   	-142.42		
-45.17   	  1.83   	 90.68   	-147.51		
-23.19   	 11.29   	 90.09   	-137.33		
 -4.27   	 19.84   	 89.54   	-111.90		
  6.41   	 22.89   	 89.09   	 -81.38		
  7.02   	 18.31   	 88.77   	 -55.95		
  2.44   	  9.46   	 88.54   	 -55.95		
 -1.53   	  2.44   	 88.32   	 -81.38		
 -2.14   	  0.61   	 88.00   	-127.16		
  0.00   	  2.14   	 87.49   	-213.63		
  1.83   	  1.22   	 86.63   	-305.19		
  0.92   	 -6.10   	 85.41   	-401.83		
 -2.75   	-19.23   	 83.80   	-488.30		
 -7.32   	-32.65   	 81.85   	-554.42		
 -9.77   	-40.89   	 79.63   	-600.20		
 -8.85   	-41.20   	 77.23   	-630.72		
 -5.80   	-35.10   	 74.71   	-645.98		
 -3.05   	-26.55   	 72.13   	-661.24		
 -3.05   	-20.14   	 69.48   	-666.32		
 -7.32   	-18.01   	 66.82   	-651.07		
-13.73   	-20.14   	 64.21   	-645.98		
-18.31   	-24.11   	 61.63   	-630.72		
-18.92   	-26.55   	 59.10   	-615.46		
-15.56   	-26.86   	 56.64   	-610.37		
-11.90   	-26.55   	 54.20   	-610.37		
-11.29   	-27.77   	 51.76   	-600.20		
-14.95   	-31.13   	 49.36   	-600.20		
-21.67   	-36.01   	 46.96   	-584.94		
-28.08   	-40.89   	 44.62   	-569.68		
-31.43   	-44.86   	 42.34   	-544.25		
-31.13   	-48.22   	 40.16   	-523.90		
-30.21   	-50.35   	 38.07   	-488.30		
-30.52   	-48.52   	 36.11   	-467.95		
-32.35   	-41.81   	 34.24   	-442.52		
-32.65   	-32.35   	 32.47   	-412.00		
-28.38   	-25.33   	 30.82   	-386.57		
-19.84   	-25.63   	 29.28   	-356.05		
-12.82   	-34.18   	 27.85   	-320.45		
-13.12   	-48.83   	 26.57   	-284.84		
-22.89   	-63.48   	 25.43   	-244.15		
-36.93   	-72.94   	 24.46   	-213.63		
-48.22   	-74.46   	 23.60   	-188.20		
-50.66   	-67.44   	 22.85   	-172.94		
-43.95   	-54.93   	 22.16   	-162.77		
-32.96   	-40.28   	 21.51   	-167.85		
-23.19   	-28.08   	 20.83   	-167.85		
-18.31   	-20.45   	 20.16   	-167.85		
-19.23   	-17.70   	 19.49   	-167.85		
-23.80   	-18.92   	 18.82   	-162.77		
-27.47   	-19.84   	 18.17   	-147.51		
-26.55   	-17.09   	 17.58   	-132.25		
-18.92   	 -7.93   	 17.05   	-101.73		
 -7.02   	  7.93   	 16.64   	 -81.38		
  5.19   	 28.08   	 16.32   	 -55.95		
 14.04   	 50.35   	 16.09   	 -30.52		
 19.53   	 73.55   	 15.97   	 -15.26		
 24.11   	 97.66   	 15.91(D)	   0.00		
 30.52   	120.85   	 15.91   	   5.09		
 40.89   	138.55   	 15.93   	  20.35		
 52.49   	146.48   	 16.01   	  20.35		
 63.78   	145.57   	 16.09   	  30.52		
 73.24   	140.38   	 16.22   	  25.43		
 79.96   	136.11   	 16.32   	  30.52		
 85.45   	135.19   	 16.44   	  35.61		
 88.50   	136.41   	 16.58   	  35.61		
 87.28   	135.80   	 16.72   	  35.61		
 78.74   	130.31   	 16.87   	  40.69		
 62.26   	117.19   	 17.03   	  40.69		
 39.37   	 95.83   	 17.19   	  40.69		
 14.34   	 69.27   	 17.35   	  40.69		
 -7.93   	 41.20   	 17.52   	  35.61		
-24.11   	 16.17   	 17.66   	  35.61		
-32.96   	 -5.49   	 17.80   	  30.52		
-35.40   	-24.11   	 17.92   	  30.52		
-33.57   	-40.59   	 18.05   	  25.43		
-30.52   	-52.19   	 18.15   	  30.52		
-31.13   	-57.68   	 18.27   	  30.52		
-36.01   	-58.59   	 18.39   	  40.69		
-42.72   	-57.98   	 18.56   	  45.78		
-45.78   	-58.59   	 18.74   	  55.95		
-43.03   	-61.04   	 18.96   	  66.12		
-34.79   	-63.17   	 19.23   	  76.30		
-26.86   	-61.95   	 19.53   	  86.47		
-25.33   	-56.46   	 19.88   	  96.64		
-33.57   	-47.00   	 20.26   	 101.73		
-52.80   	-33.26   	 20.67   	 106.82		
-80.26   	-15.87   	 21.10   	 106.82		
-102.23   	  0.31   	 21.53   	 111.90		
-93.38   	  8.24   	 21.97   	 106.82		
-27.47   	  6.41   	 22.40   	 106.82		
105.59   	  4.88   	 22.83   	 101.73		
280.15   	 28.08   	 23.23   	  96.64		
437.62   	100.40   	 23.62   	  86.47		
514.83   	221.86   	 23.97   	  86.47		
482.18   	361.02   	 24.31   	  81.38		
361.94   	467.83   	 24.64   	  76.30		
213.93   	501.10(R)	 24.94(E)	  66.12		
 97.96   	452.58   	 25.21   	  61.04		
 39.98   	349.73   	 25.45   	  61.04		
 28.99   	236.82   	 25.70   	  55.95		
 36.32   	149.23   	 25.92   	  61.04		
 36.93   	103.45   	 26.16   	  55.95		
 21.67   	 91.55   	 26.39   	  61.04		
 -8.85   	 88.20   	 26.63   	  61.04		
-51.27   	 67.75   	 26.88   	  76.30		
-98.88   	 16.17   	 27.18   	  91.56		
-139.77   	-57.37   	 27.55   	 116.99		
-160.52   	-125.43   	 28.02   	 147.51		
-154.42   	-161.74   	 28.61   	 193.29		
-126.34   	-159.91   	 29.38   	 239.06		
-91.55   	-135.50   	 30.34   	 295.01		
-66.83   	-111.69   	 31.52   	 350.97		
-57.68   	-101.62   	 32.92   	 396.74		
-57.68   	-101.93   	 34.51   	 447.61		
-57.68   	-101.93   	 36.30   	 493.39		
-53.10   	-95.21   	 38.27   	 528.99		
-46.39   	-84.84   	 40.39   	 559.51		
-43.03   	-78.13   	 42.62   	 579.86		
-46.08   	-79.65   	 44.94   	 595.11		
-52.80   	-87.28   	 47.32   	 605.29		
-56.76   	-95.21   	 49.75   	 610.37		
-52.80   	-99.18   	 52.19   	 605.29		
-43.64   	-98.57   	 54.61   	 605.29		
-35.10   	-94.91   	 57.03   	 600.20		
-32.96   	-90.03   	 59.43   	 600.20		
-37.84   	-84.53   	 61.83   	 595.11		
-45.78   	-77.51   	 64.21   	 579.86		
-50.35   	-68.66   	 66.53   	 564.60		
-48.22   	-60.73   	 68.79   	 539.16		
-40.89   	-54.93   	 70.95   	 508.65		
-32.65   	-51.88   	 72.98   	 483.21		
-28.08   	-52.19   	 74.91   	 452.69		
-29.30   	-55.24   	 76.72   	 427.26		
-35.40   	-61.65   	 78.43   	 401.83		
-43.33   	-70.50   	 80.04   	 386.57		
-48.83   	-78.43   	 81.59   	 361.14		
-49.74   	-81.48   	 83.03   	 335.71		
-47.30   	-78.13   	 84.37   	 305.19		
-44.25   	-72.33   	 85.59   	 279.75		
-43.03   	-69.27   	 86.71   	 249.24		
-44.86   	-71.11   	 87.71   	 218.72		
-47.30   	-75.38   	 88.59   	 193.29		
-49.13   	-78.74   	 89.36   	 167.85		
-51.27   	-80.26   	 90.03   	 142.42		
-55.85   	-81.48   	 90.60   	 132.25		
-64.09   	-83.62   	 91.13   	 116.99		
-74.46   	-86.67   	 91.60   	 101.73		
-83.31   	-86.98   	 92.00   	  91.56		
-86.98   	-81.79   	 92.37   	  81.38		
-86.36   	-74.16   	 92.70   	  71.21		
-85.45   	-69.58   	 92.98   	  66.12		
-88.20   	-70.80   	 93.24   	  61.04		
-97.05   	-75.99   	 93.49   	  50.86		
-110.78   	-81.48   	 93.69   	  45.78		
-126.65   	-83.62   	 93.88   	  40.69		
-140.38   	-82.09   	 94.04   	  35.61		
-149.54   	-78.74   	 94.18   	  25.43		
-152.59   	-74.46   	 94.28   	  15.26		
-149.84   	-67.44   	 94.34   	  10.17		
-142.21   	-55.85   	 94.38(S)	   0.00		
-131.23   	-39.98   	 94.38   	  -5.09		
-120.54   	-22.89   	 94.36   	 -15.26		
-112.61   	 -7.93   	 94.30   	 -20.35		
-107.12   	  3.05   	 94.22   	 -35.61		
-101.93   	 10.07   	 94.08   	 -40.69		
-92.47   	 15.56   	 93.92   	 -50.86		
-75.99   	 22.28   	 93.71   	 -66.12		
-53.71   	 31.43   	 93.45   	 -71.21		
-30.52   	 41.20   	 93.16   	 -91.56		
-10.07   	 49.13   	 92.80   	 -96.64		
  5.80   	 52.49   	 92.41   	-116.99		
 17.70   	 51.27   	 91.94   	-132.25		
 26.25   	 49.13   	 91.41   	-147.51		
 32.04   	 48.22   	 90.82   	-167.85		
 35.10   	 49.13   	 90.15   	-183.11		
 35.71   	 49.44   	 89.42   	-203.46		
 34.48   	 49.44   	 88.61   	-223.80		
 32.04   	 49.13   	 87.71   	-239.06		
 29.30   	 47.61   	 86.75   	-264.50		
 26.55   	 44.25   	 85.70   	-284.84		
 24.41   	 37.54   	 84.56   	-305.19		
 22.28   	 29.30   	 83.34   	-325.53		
 20.75   	 23.19   	 82.03   	-340.79		
 19.23   	 21.36   	 80.67   	-371.31		
 17.09   	 22.28   	 79.19   	-396.74		
 14.65   	 21.36   	 77.60   	-437.43		
 13.12   	 17.70   	 75.85   	-483.21		
 12.21   	 13.12   	 73.92   	-523.90		
 13.12   	 10.38   	 71.82   	-564.60		
 15.26   	 10.99   	 69.56   	-595.11		
 18.31   	 13.73   	 67.18   	-625.63		
 20.75   	 17.70   	 64.68   	-661.24		
 20.45   	 21.97   	 62.03   	-681.58		
 18.01   	 25.02   	 59.31   	-707.02		
 13.73   	 25.33   	 56.48   	-722.28		
  9.46   	 21.67   	 53.59   	-732.45		
  6.41   	 14.65   	 50.66   	-732.45		
  4.88   	  7.32   	 47.73   	-722.28		
  3.36   	  0.92   	 44.84   	-691.76		
  2.44   	 -4.27   	 42.08   	-661.24		
  3.36   	 -7.63   	 39.43   	-615.46		
  5.49   	 -8.24   	 36.97   	-564.60		
  7.02   	 -4.58   	 34.71   	-518.82		
  7.02   	  2.75   	 32.63   	-467.95		
  5.80   	  9.16   	 30.76   	-427.26		
  4.58   	  9.77   	 29.05   	-386.57		
  3.05   	  3.66   	 27.51   	-350.97		
  0.00   	 -6.71   	 26.10   	-325.53		
 -5.49   	-17.09   	 24.80   	-300.10		
-11.29   	-23.19   	 23.60   	-284.84		
-14.65   	-22.58   	 22.46   	-269.58		
-13.12   	-15.56   	 21.38   	-259.41		
 -8.24   	 -5.49   	 20.35   	-254.32		
 -2.75   	  3.36   	 19.33   	-239.06		
  0.61   	  8.24   	 18.37   	-228.89		
  2.75   	  9.46   	 17.46   	-213.63		
  6.10   	 11.90   	 16.60   	-193.29		
 11.60   	 21.67   	 15.83   	-167.85		
 20.14   	 39.98   	 15.16   	-142.42		
 28.08   	 61.04   	 14.59   	-111.90		
 32.04   	 76.60   	 14.14   	 -86.47		
 31.13   	 81.79   	 13.79   	 -61.04		
 28.38   	 79.35   	 13.55   	 -40.69		
 28.38   	 78.13   	 13.39   	 -25.43		
 35.40   	 87.59   	 13.29   	  -5.09		
 49.44   	110.47   	 13.27(D)	   0.00		
 66.83   	141.30   	 13.27   	   5.09		
 82.09   	170.59   	 13.29   	  15.26		
 91.86   	188.29   	 13.35   	  15.26		
 95.83   	190.73   	 13.41   	  25.43		
 96.13   	181.88   	 13.51   	  25.43		
 96.13   	170.59   	 13.61   	  30.52		
 98.27   	164.49   	 13.73   	  40.69		
102.54   	165.41   	 13.90   	  40.69		
104.06   	166.02   	 14.06   	  45.78		
 98.27   	158.39   	 14.24   	  45.78		
 83.01   	139.16   	 14.43   	  45.78		
 59.81   	112.00   	 14.61   	  50.86		
 34.18   	 83.92   	 14.81   	  45.78		
 10.68   	 58.59   	 14.99   	  45.78		
 -7.63   	 35.71   	 15.18   	  45.78		
-20.45   	 14.04   	 15.36   	  40.69		
-27.47   	 -5.80   	 15.52   	  45.78		
-28.99   	-21.06   	 15.71   	  45.78		
-26.25   	-29.60   	 15.89   	  50.86		
-21.06   	-32.35   	 16.09   	  55.95		
-15.26   	-32.35   	 16.32   	  66.12		
-11.60   	-32.65   	 16.58   	  76.30		
-10.68   	-35.40   	 16.89   	  86.47		
-12.51   	-39.37   	 17.23   	  96.64		
-14.95   	-42.42   	 17.62   	 106.82		
-17.40   	-41.50   	 18.05   	 116.99		
-19.84   	-34.18   	 18.51   	 122.07		
-26.55   	-18.92   	 19.00   	 127.16		
-41.81   	  3.97   	 19.51   	 127.16		
-62.87   	 30.21   	 20.02   	 127.16		
-70.19   	 52.19   	 20.53   	 127.16		
-34.79   	 61.95   	 21.04   	 122.07		
 65.00   	 59.51   	 21.53   	 111.90		
221.25   	 60.73   	 21.97   	 111.90		
388.49   	 93.38   	 22.42   	 106.82		
504.15   	178.83   	 22.85   	  96.64		
523.07   	309.45   	 23.23   	  91.56		
444.95   	444.03   	 23.60   	  81.38		
312.19   	529.48(R)	 23.93(E)	  76.30		
181.58   	528.26   	 24.23   	  66.12		
 93.08   	445.86   	 24.50   	  55.95		
 53.10   	322.88   	 24.72   	  45.78		
 44.25   	210.57   	 24.90   	  45.78		
 44.56   	144.35   	 25.09   	  35.61		
 39.98   	125.12   	 25.23   	  35.61		
 25.02   	125.43   	 25.37   	  30.52		
 -2.14   	110.47   	 25.49   	  40.69		
-41.81   	 58.90   	 25.66   	  45.78		
-87.89   	-22.58   	 25.84   	  71.21		
-126.04   	-104.06   	 26.12   	 101.73		
-140.69   	-152.28   	 26.53   	 137.33		
-126.04   	-153.20   	 27.08   	 183.11		
-91.86   	-121.46   	 27.81   	 233.98		
-56.76   	-85.14   	 28.75   	 289.93		
-36.01   	-66.22   	 29.91   	 340.79		
-30.52   	-67.14   	 31.27   	 396.74		
-32.04   	-75.99   	 32.86   	 442.52		
-32.65   	-80.57   	 34.63   	 493.39		
-30.52   	-78.13   	 36.60   	 528.99		
-27.77   	-72.63   	 38.72   	 559.51		
-25.94   	-69.89   	 40.96   	 595.11		
-24.72   	-70.50   	 43.34   	 610.37		
-22.58   	-73.55   	 45.78   	 630.72		
-20.75   	-76.29   	 48.30   	 630.72		
-19.84   	-76.29   	 50.82   	 630.72		
-19.84   	-72.94   	 53.35   	 620.55		
-19.84   	-67.44   	 55.83   	 610.37		
-19.23   	-64.39   	 58.27   	 590.03		
-18.62   	-68.36   	 60.63   	 574.77		
-20.45   	-78.13   	 62.93   	 554.42		
-23.80   	-87.28   	 65.15   	 544.25		
-26.25   	-87.28   	 67.32   	 518.82		
-27.16   	-76.60   	 69.40   	 498.47		
-25.33   	-61.34   	 71.39   	 478.13		
-22.58   	-51.27   	 73.31   	 452.69		
-21.06   	-50.96   	 75.12   	 432.35		
-22.28   	-57.68   	 76.85   	 412.00		
-26.25   	-64.70   	 78.49   	 381.48		
-30.82   	-66.53   	 80.02   	 356.05		
-33.26   	-62.56   	 81.44   	 320.45		
-31.13   	-54.63   	 82.73   	 295.01		
-26.25   	-46.69   	 83.91   	 264.50		
-23.19   	-42.11   	 84.96   	 233.98		
-25.94   	-44.86   	 85.90   	 203.46		
-34.18   	-57.07   	 86.71   	 178.03		
-42.72   	-74.16   	 87.43   	 157.68		
-46.39   	-89.42   	 88.06   	 137.33		
-45.17   	-96.44   	 88.61   	 122.07		
-43.33   	-95.52   	 89.09   	 111.90		
-46.08   	-90.33   	 89.54   	  96.64		
-55.85   	-86.06   	 89.93   	  91.56		
-69.58   	-82.40   	 90.29   	  76.30		
-81.79   	-77.82   	 90.60   	  66.12		
-90.03   	-73.24   	 90.86   	  61.04		
-94.30   	-72.33   	 91.11   	  45.78		
-96.74   	-77.21   	 91.29   	  35.61		
-100.40   	-86.06   	 91.43   	  35.61		
-106.81   	-94.30   	 91.58   	  25.43		
-115.97   	-96.44   	 91.68   	  20.35		
-124.82   	-91.25   	 91.76   	  15.26		
-131.84   	-81.48   	 91.82   	  10.17		
-135.19   	-69.89   	 91.86   	   5.09		
-133.67   	-57.37   	 91.88(S)	  -5.09		
-127.26   	-42.72   	 91.86   	 -10.17		
-116.58   	-26.25   	 91.82   	 -15.26		
-103.45   	 -9.77   	 91.76   	 -30.52		
-89.72   	  3.05   	 91.64   	 -30.52		
-77.82   	  8.54   	 91.52   	 -45.78		
-67.44   	  8.85   	 91.33   	 -45.78		
-55.85   	 10.38   	 91.15   	 -61.04		
-40.28   	 19.84   	 90.91   	 -66.12		
-21.06   	 37.23   	 90.64   	 -76.30		
 -1.83   	 55.54   	 90.34   	 -81.38		
 13.73   	 67.14   	 90.01   	 -96.64		
 23.50   	 68.05   	 89.62   	-111.90		
 28.99   	 61.65   	 89.18   	-122.07		
 32.96   	 53.41   	 88.69   	-142.42		
 37.23   	 47.00   	 88.12   	-157.68		
 42.11   	 43.33   	 87.49   	-178.03		
 45.78   	 41.81   	 86.77   	-198.37		
 45.47   	 42.42   	 85.98   	-223.80		
 40.59   	 43.03   	 85.09   	-244.15		
 31.74   	 38.76   	 84.11   	-274.67		
 23.19   	 28.38   	 83.01   	-300.10		
 19.23   	 15.56   	 81.81   	-325.53		
 20.75   	  6.71   	 80.51   	-350.97		
 24.72   	  6.41   	 79.10   	-376.40		
 27.47   	 12.82   	 77.60   	-412.00		
 27.47   	 19.84   	 75.95   	-462.87		
 25.94   	 22.89   	 74.10   	-518.82		
 25.02   	 21.67   	 72.02   	-564.60		
 23.80   	 19.53   	 69.77   	-615.46		
 21.06   	 16.78   	 67.30   	-656.15		
 16.78   	 13.73   	 64.68   	-681.58		
 14.65   	 10.68   	 61.95   	-707.02		
 17.09   	  7.02   	 59.12   	-722.28		
 22.28   	  2.75   	 56.24   	-732.45		
 26.25   	 -1.22   	 53.31   	-732.45		
 25.63   	 -5.19   	 50.38   	-732.45		
 20.45   	 -6.71   	 47.45   	-717.19		
 15.56   	 -4.27   	 44.58   	-701.93		
 13.43   	  1.53   	 41.77   	-676.50		
 13.12   	  6.41   	 39.06   	-645.98		
 12.21   	  8.24   	 36.48   	-605.29		
  9.16   	  5.49   	 34.06   	-564.60		
  4.88   	 -0.31   	 31.80   	-528.99		
  2.14   	 -7.63   	 29.68   	-488.30		
  2.14   	-14.34   	 27.73   	-457.78		
  3.66   	-19.23   	 25.90   	-427.26		
  4.88   	-21.36   	 24.19   	-396.74		
  4.27   	-20.45   	 22.60   	-371.31		
  2.44   	-18.62   	 21.12   	-345.88		
  2.44   	-18.31   	 19.74   	-325.53		
  5.19   	-20.75   	 18.43   	-295.01		
  9.77   	-24.11   	 17.25   	-274.67		
 13.12   	-25.02   	 16.15   	-254.32		
 12.51   	-22.28   	 15.14   	-233.98		
  8.54   	-14.95   	 14.20   	-213.63		
  5.49   	 -3.36   	 13.35   	-193.29		
  6.71   	 13.12   	 12.57   	-172.94		
 13.43   	 33.26   	 11.88   	-152.59		
 21.97   	 53.41   	 11.27   	-132.25		
 28.38   	 68.05   	 10.74   	-106.82		
 31.43   	 73.24   	 10.32   	 -91.56		
 32.35   	 69.27   	  9.95   	 -71.21		
 33.26   	 62.87   	  9.66   	 -50.86		
 36.32   	 62.56   	  9.46   	 -40.69		
 40.89   	 74.77   	  9.30   	 -25.43		
 48.22   	101.01   	  9.20   	 -15.26		
 59.81   	135.50   	  9.14   	  -5.09		
 72.94   	164.49   	  9.11(D)	   5.09		
 83.92   	175.48   	  9.14   	  15.26		
 90.94   	166.63   	  9.20   	  25.43		
 93.38   	148.01   	  9.30   	  35.61		
 94.91   	136.72   	  9.44   	  40.69		
 98.57   	140.69   	  9.60   	  50.86		
102.23   	153.81   	  9.81   	  55.95		
100.71   	160.22   	 10.03   	  55.95		
 89.11   	147.40   	 10.25   	  61.04		
 67.75   	116.58   	 10.50   	  61.04		
 41.50   	 78.13   	 10.74   	  61.04		
 16.48   	 41.20   	 10.99   	  55.95		
 -1.83   	  9.77   	 11.21   	  50.86		
-11.60   	-14.65   	 11.41   	  50.86		
-12.51   	-30.82   	 11.62   	  50.86		
 -8.24   	-36.32   	 11.82   	  45.78		
 -4.58   	-32.65   	 12.00   	  50.86		
 -5.49   	-26.86   	 12.21   	  50.86		
-11.90   	-28.08   	 12.41   	  55.95		
-19.84   	-39.98   	 12.63   	  66.12		
-24.11   	-57.37   	 12.90   	  76.30		
-21.67   	-71.41   	 13.20   	  91.56		
-16.48   	-76.90   	 13.57   	 101.73		
-14.04   	-73.55   	 13.98   	 116.99		
-17.09   	-64.39   	 14.45   	 122.07		
-24.11   	-50.96   	 14.93   	 132.25		
-32.96   	-32.65   	 15.46   	 137.33		
-43.64   	 -9.77   	 16.01   	 137.33		
-52.19   	 13.73   	 16.56   	 142.42		
-45.47   	 28.99   	 17.13   	 137.33		
 -2.14   	 32.35   	 17.68   	 132.25		
 96.44   	 30.52   	 18.21   	 132.25		
242.61   	 43.64   	 18.74   	 122.07		
392.76   	 96.13   	 19.23   	 116.99		
488.28   	198.67   	 19.69   	 111.90		
490.42   	333.56   	 20.14   	 101.73		
404.36   	459.59   	 20.55   	  91.56		
277.10   	530.40(R)	 20.92(E)	  86.47		
162.96   	519.71   	 21.26   	  71.21		
 94.30   	436.71   	 21.55   	  71.21		
 68.05   	318.60   	 21.83   	  55.95		
 61.65   	208.44   	 22.05   	  55.95		
 54.63   	135.19   	 22.28   	  50.86		
 38.45   	 99.18   	 22.48   	  45.78		
 12.51   	 79.96   	 22.67   	  50.86		
-21.36   	 51.27   	 22.87   	  55.95		
-62.26   	 -2.44   	 23.09   	  66.12		
-104.06   	-75.38   	 23.36   	  81.38		
-134.28   	-144.96   	 23.68   	 116.99		
-140.69   	-186.16   	 24.15   	 142.42		
-120.85   	-190.12   	 24.72   	 193.29		
-84.53   	-166.02   	 25.49   	 233.98		
-49.13   	-132.75   	 26.43   	 295.01		
-28.99   	-105.59   	 27.61   	 345.88		
-25.63   	-89.11   	 28.99   	 401.83		
-31.13   	-80.87   	 30.60   	 447.61		
-38.45   	-79.04   	 32.39   	 493.39		
-42.42   	-82.70   	 34.36   	 534.08		
-42.72   	-91.86   	 36.50   	 559.51		
-40.59   	-103.45   	 38.74   	 590.03		
-38.15   	-113.53   	 41.10   	 615.46		
-37.23   	-118.71   	 43.56   	 635.81		
-37.84   	-118.10   	 46.10   	 656.15		
-38.15   	-111.69   	 48.73   	 671.41		
-35.10   	-101.01   	 51.41   	 671.41		
-27.47   	-90.33   	 54.10   	 661.24		
-18.92   	-85.14   	 56.74   	 630.72		
-16.17   	-88.50   	 59.27   	 590.03		
-20.75   	-97.35   	 61.63   	 549.34		
-28.69   	-104.68   	 63.82   	 508.65		
-34.48   	-103.45   	 65.86   	 478.13		
-35.40   	-92.16   	 67.77   	 462.87		
-33.87   	-76.29   	 69.62   	 447.61		
-33.57   	-64.39   	 71.41   	 447.61		
-34.79   	-61.04   	 73.20   	 442.52		
-34.79   	-65.00   	 74.97   	 437.43		
-31.74   	-72.33   	 76.72   	 417.09		
-27.16   	-79.35   	 78.39   	 391.66		
-24.11   	-85.75   	 79.96   	 361.14		
-25.94   	-93.99   	 81.40   	 325.53		
-32.96   	-103.15   	 82.71   	 284.84		
-42.11   	-109.25   	 83.85   	 254.32		
-48.52   	-107.12   	 84.86   	 218.72		
-49.44   	-96.74   	 85.74   	 193.29		
-45.78   	-83.62   	 86.51   	 178.03		
-42.11   	-74.77   	 87.22   	 157.68		
-42.11   	-75.07   	 87.85   	 147.51		
-47.00   	-83.62   	 88.44   	 142.42		
-54.93   	-97.66   	 89.01   	 132.25		
-64.39   	-112.30   	 89.54   	 122.07		
-75.68   	-124.51   	 90.03   	 111.90		
-88.50   	-130.92   	 90.48   	 106.82		
-100.40   	-129.09   	 90.91   	  91.56		
-107.73   	-119.93   	 91.27   	  81.38		
-109.56   	-108.03   	 91.60   	  66.12		
-108.95   	-99.18   	 91.86   	  61.04		
-110.17   	-97.05   	 92.11   	  45.78		
-114.75   	-98.88   	 92.29   	  40.69		
-121.15   	-98.27   	 92.45   	  35.61		
-126.04   	-92.16   	 92.59   	  25.43		
-128.17   	-79.65   	 92.70   	  20.35		
-127.26   	-63.48   	 92.78   	  10.17		
-124.82   	-47.61   	 92.82   	   5.09		
-120.85   	-34.18   	 92.84(S)	  -5.09		
-113.83   	-24.11   	 92.82   	 -10.17		
-102.23   	-18.01   	 92.78   	 -20.35		
-85.14   	-14.34   	 92.70   	 -30.52		
-64.39   	 -9.16   	 92.57   	 -35.61		
-44.86   	  0.61   	 92.43   	 -50.86		
-29.91   	 16.48   	 92.23   	 -61.04		
-20.75   	 33.87   	 91.98   	 -71.21		
-13.73   	 46.08   	 91.70   	 -81.38		
 -2.44   	 49.44   	 91.37   	-101.73		
 14.04   	 44.56   	 90.97   	-111.90		
 31.74   	 36.93   	 90.52   	-127.16		
 43.64   	 32.35   	 90.01   	-142.42		
 46.08   	 31.74   	 89.44   	-162.77		
 41.20   	 31.43   	 88.79   	-183.11		
 33.87   	 25.94   	 88.06   	-203.46		
 28.99   	 15.87   	 87.24   	-223.80		
 26.55   	  6.41   	 86.35   	-254.32		
 24.72   	  4.58   	 85.33   	-274.67		
 22.28   	 10.68   	 84.23   	-305.19		
 20.14   	 19.53   	 83.01   	-330.62		
 20.14   	 23.80   	 81.69   	-345.88		
 22.58   	 20.14   	 80.30   	-356.05		
 25.02   	 11.90   	 78.88   	-376.40		
 24.72   	  4.88   	 77.38   	-401.83		
 20.75   	  0.61   	 75.77   	-437.43		
 14.04   	 -2.14   	 74.02   	-483.21		
  7.63   	 -4.88   	 72.09   	-523.90		
  5.19   	 -7.32   	 69.99   	-574.77		
  8.54   	 -7.32   	 67.69   	-615.46		
 15.87   	 -4.58   	 65.23   	-651.07		
 23.80   	 -0.31   	 62.62   	-686.67		
 28.38   	  4.27   	 59.88   	-717.19		
 27.16   	 10.38   	 57.01   	-737.54		
 20.75   	 17.40   	 54.06   	-747.71		
 12.21   	 21.67   	 51.07   	-757.88		
  4.88   	 17.40   	 48.04   	-742.62		
  1.53   	  4.88   	 45.07   	-722.28		
  3.97   	-10.38   	 42.18   	-686.67		
 11.29   	-19.53   	 39.43   	-645.98		
 18.62   	-18.31   	 36.85   	-590.03		
 21.97   	-10.07   	 34.49   	-544.25		
 19.23   	 -1.83   	 32.31   	-493.39		
 12.21   	  2.14   	 30.34   	-447.61		
  5.49   	  1.83   	 28.55   	-401.83		
  3.05   	 -0.92   	 26.94   	-366.22		
  3.36   	 -5.49   	 25.47   	-330.62		
  2.14   	-12.51   	 24.15   	-305.19		
 -1.83   	-20.45   	 22.93   	-274.67		
 -6.10   	-25.94   	 21.83   	-254.32		
 -7.32   	-25.63   	 20.81   	-244.15		
 -3.36   	-19.53   	 19.84   	-233.98		
  3.36   	-10.68   	 18.90   	-223.80		
  8.24   	 -3.66   	 18.01   	-213.63		
  8.85   	 -0.31   	 17.15   	-203.46		
  7.02   	  1.22   	 16.34   	-188.20		
  4.58   	  3.36   	 15.58   	-167.85		
  4.27   	  8.54   	 14.91   	-137.33		
  6.71   	 18.31   	 14.36   	-116.99		
 12.82   	 32.04   	 13.90   	 -86.47		
 21.67   	 47.30   	 13.55   	 -66.12		
 32.04   	 60.42   	 13.29   	 -40.69		
 41.81   	 68.66   	 13.12   	 -20.35		
 48.52   	 71.11   	 13.04(D)	   0.00		
 50.96   	 72.33   	 13.04   	  10.17		
 50.66   	 79.04   	 13.08   	  25.43		
 51.57   	 95.52   	 13.18   	  35.61		
 55.54   	120.85   	 13.33   	  45.78		
 63.48   	147.40   	 13.51   	  55.95		
 72.94   	167.24   	 13.73   	  61.04		
 80.87   	175.48   	 13.98   	  61.04		
 86.36   	174.26   	 14.22   	  61.04		
 92.47   	170.29   	 14.47   	  66.12		
100.71   	168.46   	 14.73   	  55.95		
109.25   	168.46   	 14.95   	  61.04		
111.69   	165.10   	 15.20   	  50.86		
102.84   	154.11   	 15.40   	  50.86		
 81.48   	135.50   	 15.61   	  50.86		
 52.80   	112.92   	 15.81   	  40.69		
 25.33   	 87.59   	 15.97   	  45.78		
  3.66   	 57.98   	 16.15   	  45.78		
-11.29   	 22.89   	 16.34   	  45.78		
-19.84   	-12.82   	 16.52   	  50.86		
-21.97   	-39.98   	 16.72   	  66.12		
-18.92   	-49.74   	 16.99   	  71.21		
-12.51   	-44.25   	 17.27   	  81.38		
 -7.32   	-33.26   	 17.60   	  96.64		
 -7.02   	-27.16   	 17.99   	 106.82		
-11.60   	-29.60   	 18.41   	 116.99		
-16.78   	-35.40   	 18.88   	 127.16		
-18.31   	-38.15   	 19.39   	 137.33		
-14.95   	-37.23   	 19.94   	 147.51		
-10.07   	-35.71   	 20.53   	 147.51		
 -8.85   	-35.10   	 21.12   	 152.59		
-17.70   	-31.74   	 21.73   	 157.68		
-38.15   	-18.62   	 22.36   	 152.59		
-61.95   	  5.49   	 22.97   	 152.59		
-68.36   	 32.35   	 23.58   	 152.59		
-29.30   	 51.88   	 24.19   	 142.42		
 73.55   	 62.56   	 24.76   	 137.33		
229.49   	 78.13   	 25.31   	 127.16		
393.07   	123.29   	 25.82   	 116.99		
502.93   	213.62   	 26.29   	 106.82		
517.27   	337.52   	 26.71   	 101.73		
438.84   	458.37   	 27.12   	  86.47		
311.58   	530.09(R)	 27.47(E)	  81.38		
190.43   	522.46   	 27.79   	  76.30		
112.00   	439.45   	 28.10   	  61.04		
 79.35   	317.08   	 28.34   	  61.04		
 72.94   	202.33   	 28.59   	  50.86		
 72.94   	131.53   	 28.79   	  50.86		
 67.75   	111.69   	 28.99   	  45.78		
 54.32   	119.02   	 29.18   	  45.78		
 28.99   	116.88   	 29.36   	  50.86		
-11.60   	 76.90   	 29.56   	  61.04		
-63.78   	 -1.83   	 29.81   	  81.38		
-112.00   	-90.94   	 30.13   	 101.73		
-137.33   	-152.59   	 30.54   	 137.33		
-127.87   	-166.32   	 31.09   	 178.03		
-90.33   	-139.47   	 31.80   	 228.89		
-46.08   	-100.10   	 32.72   	 274.67		
-16.17   	-73.24   	 33.81   	 330.62		
 -7.93   	-65.31   	 35.14   	 381.48		
-14.95   	-68.36   	 36.66   	 432.35		
-24.41   	-70.50   	 38.39   	 473.04		
-29.30   	-68.05   	 40.28   	 513.73		
-28.38   	-63.78   	 42.34   	 549.34		
-25.63   	-61.65   	 44.54   	 569.68		
-22.89   	-62.87   	 46.82   	 590.03		
-20.14   	-65.00   	 49.18   	 600.20		
-15.87   	-66.53   	 51.58   	 600.20		
-11.29   	-66.22   	 53.98   	 595.11		
 -7.93   	-64.09   	 56.36   	 590.03		
 -8.85   	-61.04   	 58.72   	 584.94		
-13.73   	-59.20   	 61.06   	 569.68		
-19.53   	-60.12   	 63.34   	 559.51		
-23.50   	-64.09   	 65.57   	 549.34		
-22.58   	-69.27   	 67.77   	 523.90		
-16.78   	-72.02   	 69.87   	 508.65		
-10.38   	-68.97   	 71.90   	 483.21		
 -5.80   	-59.51   	 73.83   	 462.87		
 -4.58   	-46.69   	 75.69   	 442.52		
 -6.71   	-36.93   	 77.46   	 422.18		
-11.29   	-36.01   	 79.15   	 406.92		
-17.09   	-44.25   	 80.77   	 386.57		
-23.80   	-56.15   	 82.32   	 361.14		
-30.21   	-65.92   	 83.76   	 335.71		
-33.87   	-69.89   	 85.11   	 310.27		
-35.40   	-69.89   	 86.35   	 274.67		
-35.40   	-70.19   	 87.45   	 239.06		
-36.62   	-72.63   	 88.40   	 213.63		
-39.98   	-75.68   	 89.26   	 183.11		
-45.47   	-77.21   	 89.99   	 152.59		
-50.96   	-75.07   	 90.60   	 137.33		
-55.85   	-69.27   	 91.15   	 116.99		
-59.20   	-63.48   	 91.62   	 106.82		
-62.87   	-61.34   	 92.04   	  91.56		
-68.36   	-65.31   	 92.41   	  86.47		
-75.68   	-74.77   	 92.76   	  76.30		
-84.53   	-85.45   	 93.06   	  71.21		
-93.69   	-92.77   	 93.35   	  66.12		
-102.23   	-95.52   	 93.61   	  61.04		
-110.47   	-95.21   	 93.86   	  55.95		
-118.41   	-94.30   	 94.08   	  45.78		
-125.43   	-92.16   	 94.26   	  35.61		
-130.92   	-86.67   	 94.40   	  30.52		
-134.89   	-76.60   	 94.53   	  20.35		
-139.16   	-64.39   	 94.61   	  15.26		
-144.96   	-54.32   	 94.67   	   5.09		
-151.98   	-47.91   	 94.69(S)	  -5.09		
-155.94   	-44.56   	 94.67   	  -5.09		
-153.20   	-40.89   	 94.65   	 -15.26		
-142.82   	-33.26   	 94.59   	 -25.43		
-126.95   	-21.36   	 94.49   	 -30.52		
-108.95   	 -4.88   	 94.36   	 -35.61		
-91.25   	 14.04   	 94.22   	 -50.86		
-74.16   	 33.26   	 94.02   	 -61.04		
-57.37   	 48.83   	 93.77   	 -66.12		
-39.98   	 57.98   	 93.51   	 -81.38		
-22.89   	 60.12   	 93.18   	 -86.47		
 -7.63   	 57.07   	 92.84   	-101.73		
  3.05   	 52.19   	 92.43   	-111.90		
  8.54   	 49.13   	 91.98   	-132.25		
 10.38   	 49.13   	 91.45   	-147.51		
 11.29   	 50.96   	 90.86   	-172.94		
 12.51   	 51.88   	 90.17   	-188.20		
 14.04   	 49.44   	 89.42   	-213.63		
 15.26   	 43.33   	 88.57   	-239.06		
 16.17   	 36.62   	 87.61   	-264.50		
 16.48   	 32.65   	 86.55   	-289.93		
 15.87   	 31.74   	 85.39   	-310.27		
 13.12   	 31.13   	 84.15   	-335.71		
  7.63   	 27.47   	 82.81   	-356.05		
  1.22   	 20.45   	 81.38   	-371.31		
 -3.05   	 11.60   	 79.90   	-396.74		
 -3.36   	  4.88   	 78.31   	-432.35		
 -0.61   	  3.05   	 76.58   	-467.95		
  4.27   	  6.10   	 74.71   	-508.65		
  8.54   	 12.21   	 72.68   	-539.16		
  9.16   	 17.70   	 70.52   	-579.86		
  4.88   	 19.53   	 68.20   	-600.20		
 -4.58   	 16.78   	 65.80   	-630.72		
-15.56   	 11.29   	 63.28   	-651.07		
-23.19   	  7.02   	 60.67   	-686.67		
-23.50   	  5.49   	 57.92   	-707.02		
-17.70   	  5.19   	 55.10   	-727.36		
-10.68   	  3.97   	 52.19   	-737.54		
 -7.02   	  1.53   	 49.24   	-732.45		
 -8.24   	 -0.92   	 46.31   	-712.10		
-12.82   	 -1.83   	 43.46   	-676.50		
-17.40   	 -2.44   	 40.75   	-630.72		
-19.84   	 -4.88   	 38.23   	-574.77		
-20.75   	-12.51   	 35.93   	-523.90		
-21.67   	-22.89   	 33.84   	-467.95		
-24.11   	-31.43   	 31.96   	-417.09		
-27.77   	-34.18   	 30.29   	-371.31		
-32.04   	-30.82   	 28.81   	-335.71		
-34.79   	-25.02   	 27.47   	-305.19		
-34.18   	-20.75   	 26.25   	-279.75		
-30.52   	-19.23   	 25.13   	-264.50		
-25.94   	-18.62   	 24.07   	-254.32		
-22.89   	-16.48   	 23.05   	-249.24		
-23.80   	-13.43   	 22.05   	-239.06		
-27.77   	-12.51   	 21.10   	-233.98		
-33.57   	-15.87   	 20.16   	-223.80		
-38.76   	-22.58   	 19.27   	-208.54		
-42.42   	-29.30   	 18.43   	-193.29		
-43.03   	-32.65   	 17.66   	-162.77		
-40.89   	-31.74   	 17.01   	-142.42		
-36.62   	-27.16   	 16.44   	-111.90		
-31.74   	-21.97   	 15.99   	 -81.38		
-29.60   	-19.53   	 15.67   	 -61.04		
-31.43   	-21.36   	 15.42   	 -40.69		
-37.84   	-27.16   	 15.26   	 -20.35		
-44.86   	-33.26   	 15.18   	  -5.09		
-50.35   	-36.93   	 15.16(D)	   5.09		
-52.49   	-37.23   	 15.18   	  15.26		
-51.27   	-36.62   	 15.24   	  20.35		
-49.13   	-37.54   	 15.32   	  30.52		
-47.30   	-40.28   	 15.44   	  35.61		
-45.17   	-41.81   	 15.58   	  35.61		
-41.50   	-37.84   	 15.73   	  45.78		
-36.62   	-29.60   	 15.91   	  45.78		
-32.96   	-20.45   	 16.09   	  45.78		
-33.26   	-14.95   	 16.28   	  50.86		
-37.54   	-14.65   	 16.48   	  50.86		
-42.42   	-16.48   	 16.68   	  50.86		
-43.33   	-15.87   	 16.89   	  45.78		
-38.15   	 -9.77   	 17.07   	  45.78		
-29.30   	  0.31   	 17.25   	  40.69		
-22.28   	 11.90   	 17.42   	  40.69		
-20.14   	 21.97   	 17.58   	  30.52		
-21.97   	 30.21   	 17.70   	  30.52		
-22.58   	 38.76   	 17.82   	  25.43		
-17.70   	 50.35   	 17.92   	  25.43		
 -7.32   	 68.05   	 18.03   	  25.43		
  5.19   	 91.55   	 18.13   	  20.35		
 16.48   	116.58   	 18.21   	  20.35		
 24.72   	136.41   	 18.29   	  25.43		
 31.13   	146.18   	 18.39   	  20.35		
 37.23   	145.57   	 18.47   	  25.43		
 42.72   	140.08   	 18.58   	  25.43		
 47.30   	136.72   	 18.68   	  20.35		
 52.19   	139.47   	 18.76   	  25.43		
 57.07   	147.09   	 18.86   	  25.43		
 61.34   	152.59   	 18.96   	  25.43		
 61.65   	148.32   	 19.06   	  25.43		
 53.41   	130.62   	 19.17   	  30.52		
 33.87   	102.23   	 19.29   	  25.43		
  5.80   	 69.58   	 19.39   	  35.61		
-24.11   	 37.23   	 19.53   	  35.61		
-48.83   	  6.71   	 19.67   	  40.69		
-62.56   	-23.19   	 19.84   	  45.78		
-65.92   	-50.05   	 20.02   	  55.95		
-63.78   	-68.36   	 20.24   	  61.04		
-61.65   	-74.16   	 20.49   	  66.12		
-62.56   	-69.58   	 20.75   	  81.38		
-65.31   	-61.95   	 21.08   	  86.47		
-67.14   	-59.20   	 21.42   	  91.56		
-65.92   	-63.48   	 21.79   	 106.82		
-62.56   	-70.80   	 22.22   	 106.82		
-59.51   	-75.99   	 22.64   	 116.99		
-57.98   	-75.38   	 23.11   	 122.07		
-58.59   	-71.41   	 23.60   	 122.07		
-63.17   	-65.31   	 24.09   	 127.16		
-74.77   	-56.46   	 24.60   	 127.16		
-94.91   	-42.42   	 25.11   	 127.16		
-115.36   	-23.80   	 25.62   	 127.16		
-114.44   	 -7.02   	 26.12   	 122.07		
-64.39   	  2.44   	 26.61   	 122.07		
 50.66   	  6.41   	 27.10   	 111.90		
214.54   	 22.58   	 27.55   	 111.90		
376.89   	 75.99   	 28.00   	 101.73		
474.55   	177.92   	 28.40   	  96.64		
467.53   	309.14   	 28.79   	  86.47		
364.69   	425.72   	 29.14   	  81.38		
216.98   	480.65(R)	 29.46(E)	  66.12		
 86.06   	451.36   	 29.73   	  55.95		
 10.07   	354.92   	 29.95   	  50.86		
-12.21   	233.76   	 30.15   	  35.61		
 -6.71   	129.70   	 30.29   	  30.52		
  0.31   	 66.83   	 30.42   	  30.52		
 -6.71   	 43.33   	 30.54   	  20.35		
-29.60   	 36.62   	 30.62   	  25.43		
-66.22   	 19.23   	 30.72   	  30.52		
-111.69   	-27.77   	 30.84   	  50.86		
-156.86   	-100.71   	 31.05   	  71.21		
-187.68   	-174.87   	 31.33   	 106.82		
-193.18   	-217.90   	 31.76   	 142.42		
-172.42   	-214.54   	 32.33   	 193.29		
-137.94   	-177.61   	 33.10   	 244.15		
-106.81   	-136.11   	 34.08   	 295.01		
-90.03   	-114.44   	 35.26   	 350.97		
-87.59   	-116.88   	 36.66   	 401.83		
-90.94   	-130.00   	 38.27   	 447.61		
-92.47   	-137.94   	 40.06   	 498.47		
-89.42   	-134.89   	 42.05   	 523.90		
-82.70   	-125.12   	 44.15   	 549.34		
-75.38   	-114.75   	 46.35   	 564.60		
-69.89   	-106.81   	 48.61   	 574.77		
-66.83   	-100.10   	 50.91   	 590.03		
-66.83   	-93.38   	 53.27   	 600.20		
-68.36   	-87.28   	 55.67   	 605.29		
-70.19   	-83.92   	 58.09   	 600.20		
-70.80   	-84.84   	 60.49   	 595.11		
-69.58   	-90.03   	 62.87   	 574.77		
-68.05   	-98.57   	 65.17   	 554.42		
-67.14   	-109.86   	 67.39   	 518.82		
-68.36   	-120.85   	 69.46   	 498.47		
-70.50   	-130.00   	 71.45   	 467.95		
-73.24   	-135.80   	 73.33   	 457.78		
-75.07   	-137.94   	 75.16   	 437.43		
-76.29   	-137.94   	 76.91   	 422.18		
-78.13   	-136.11   	 78.60   	 412.00		
-80.87   	-132.14   	 80.24   	 391.66		
-84.84   	-125.43   	 81.81   	 366.22		
-87.59   	-117.19   	 83.28   	 340.79		
-87.28   	-109.56   	 84.64   	 310.27		
-83.92   	-104.06   	 85.88   	 274.67		
-79.04   	-101.62   	 86.98   	 249.24		
-75.68   	-100.40   	 87.98   	 218.72		
-75.07   	-98.57   	 88.85   	 193.29		
-78.13   	-96.13   	 89.62   	 172.94		
-84.53   	-95.21   	 90.32   	 157.68		
-93.08   	-97.96   	 90.95   	 142.42		
-102.23   	-104.98   	 91.52   	 132.25		
-110.78   	-114.75   	 92.04   	 116.99		
-116.88   	-122.68   	 92.51   	 106.82		
-120.85   	-126.34   	 92.94   	 101.73		
-122.99   	-125.12   	 93.35   	  86.47		
-125.12   	-122.07   	 93.69   	  81.38		
-129.39   	-121.15   	 94.02   	  71.21		
-138.55   	-124.51   	 94.30   	  66.12		
-152.89   	-130.00   	 94.57   	  61.04		
-169.37   	-134.89   	 94.81   	  55.95		
-184.63   	-136.72   	 95.04   	  50.86		
-194.40   	-135.80   	 95.24   	  45.78		
-198.36   	-133.36   	 95.42   	  35.61		
-198.67   	-130.92   	 95.56   	  30.52		
-198.06   	-127.26   	 95.69   	  20.35		
-198.36   	-120.24   	 95.77   	   5.09		
-199.28   	-108.95   	 95.79(S)	  -5.09		
-198.67   	-94.91   	 95.77   	 -20.35		
-192.87   	-78.74   	 95.69   	 -30.52		
-180.05   	-62.87   	 95.56   	 -45.78		
-161.74   	-47.00   	 95.38   	 -55.95		
-140.99   	-31.43   	 95.16   	 -71.21		
-121.77   	-16.78   	 94.87   	 -71.21		
-105.90   	 -3.66   	 94.59   	 -76.30		
-90.64   	  6.41   	 94.28   	 -86.47		
-73.55   	 12.82   	 93.94   	 -91.56		
-54.02   	 15.56   	 93.57   	 -96.64		
-34.48   	 15.26   	 93.18   	-101.73		
-18.31   	 12.51   	 92.78   	-116.99		
 -7.93   	  9.46   	 92.31   	-132.25		
 -2.44   	  7.32   	 91.78   	-157.68		
 -0.31   	  6.10   	 91.15   	-178.03		
 -0.61   	  5.19   	 90.44   	-203.46		
 -2.14   	  3.97   	 89.62   	-233.98		
 -3.97   	  3.36   	 88.69   	-259.41		
 -5.49   	  4.27   	 87.65   	-295.01		
 -4.88   	  6.41   	 86.47   	-320.45		
 -1.83   	  8.54   	 85.19   	-350.97		
  0.92   	  8.24   	 83.78   	-381.48		
  0.61   	  5.19   	 82.26   	-406.92		
 -3.66   	  1.22   	 80.63   	-437.43		
-10.38   	 -1.22   	 78.88   	-483.21		
-15.56   	 -1.83   	 76.95   	-518.82		
-16.17   	 -2.44   	 74.87   	-554.42		
-12.82   	 -5.49   	 72.65   	-579.86		
 -9.46   	-11.60   	 70.34   	-584.94		
 -7.63   	-18.31   	 68.00   	-595.11		
 -8.24   	-23.50   	 65.62   	-600.20		
-10.07   	-25.94   	 63.21   	-615.46		
-11.60   	-25.33   	 60.75   	-625.63		
-13.73   	-22.58   	 58.25   	-651.07		
-16.78   	-19.53   	 55.65   	-671.41		
-18.62   	-17.40   	 52.96   	-686.67		
-18.01   	-18.92   	 50.21   	-691.76		
-15.56   	-24.41   	 47.45   	-691.76		
-13.73   	-31.74   	 44.68   	-671.41		
-15.26   	-36.62   	 41.99   	-635.81		
-19.84   	-36.32   	 39.45   	-600.20		
-24.11   	-31.13   	 37.05   	-554.42		
-25.94   	-25.02   	 34.83   	-503.56		
-25.02   	-21.36   	 32.82   	-447.61		
-23.50   	-20.75   	 31.03   	-401.83		
-24.11   	-22.28   	 29.42   	-361.14		
-26.86   	-25.33   	 27.98   	-325.53		
-29.30   	-31.13   	 26.67   	-300.10		
-30.52   	-40.59   	 25.47   	-274.67		
-30.21   	-52.19   	 24.37   	-254.32		
-28.69   	-61.34   	 23.36   	-249.24		
-27.77   	-65.31   	 22.36   	-233.98		
-29.30   	-64.09   	 21.42   	-228.89		
-33.57   	-60.12   	 20.51   	-218.72		
-38.76   	-55.85   	 19.63   	-208.54		
-40.89   	-52.19   	 18.80   	-203.46		
-37.54   	-47.61   	 17.99   	-183.11		
-30.21   	-41.50   	 17.25   	-167.85		
-24.11   	-36.62   	 16.58   	-147.51		
-23.50   	-36.01   	 15.99   	-127.16		
-29.91   	-41.50   	 15.48   	-106.82		
-39.06   	-50.66   	 15.06   	 -81.38		
-45.78   	-58.90   	 14.73   	 -66.12		
-46.08   	-62.26   	 14.47   	 -50.86		
-39.67   	-59.81   	 14.26   	 -30.52		
-30.52   	-53.41   	 14.14   	 -20.35		
-23.50   	-46.39   	 14.06   	  -5.09		
-21.36   	-41.20   	 14.04(D)	   5.09		
-24.41   	-37.23   	 14.06   	  15.26		
-29.60   	-32.35   	 14.12   	  25.43		
-32.04   	-23.50   	 14.22   	  35.61		
-28.69   	 -9.46   	 14.36   	  40.69		
-20.45   	  7.32   	 14.53   	  45.78		
-10.99   	 23.19   	 14.71   	  45.78		
 -3.36   	 35.71   	 14.89   	  55.95		
  1.53   	 46.08   	 15.12   	  55.95		
  4.88   	 58.59   	 15.34   	  55.95		
 11.29   	 76.90   	 15.56   	  55.95		
 21.06   	 99.79   	 15.79   	  50.86		
 33.26   	121.46   	 15.99   	  50.86		
 44.56   	135.80   	 16.20   	  45.78		
 53.10   	140.99   	 16.38   	  40.69		
 59.20   	140.38   	 16.54   	  40.69		
 64.70   	139.16   	 16.70   	  30.52		
 71.41   	140.38   	 16.83   	  25.43		
 77.82   	142.82   	 16.93   	  25.43		
 79.65   	140.38   	 17.03   	  25.43		
 72.33   	130.00   	 17.13   	  25.43		
 54.63   	111.39   	 17.23   	  20.35		
 29.30   	 87.59   	 17.31   	  25.43		
  2.75   	 61.34   	 17.42   	  30.52		
-20.14   	 32.96   	 17.54   	  35.61		
-37.54   	  2.14   	 17.68   	  35.61		
-48.83   	-29.60   	 17.82   	  45.78		
-54.02   	-57.68   	 18.01   	  50.86		
-54.02   	-75.99   	 18.21   	  55.95		
-50.05   	-81.79   	 18.43   	  66.12		
-45.47   	-78.74   	 18.70   	  76.30		
-43.95   	-72.94   	 19.00   	  86.47		
-45.78   	-70.19   	 19.35   	  96.64		
-49.13   	-71.72   	 19.74   	 111.90		
-50.35   	-75.68   	 20.18   	 116.99		
-49.13   	-79.35   	 20.65   	 132.25		
-46.39   	-80.57   	 21.18   	 132.25		
-45.17   	-78.74   	 21.71   	 142.42		
-48.83   	-74.16   	 22.28   	 142.42		
-60.42   	-64.09   	 22.85   	 147.51		
-81.79   	-46.08   	 23.44   	 142.42		
-105.90   	-22.58   	 24.01   	 147.51		
-112.00   	 -3.05   	 24.60   	 142.42		
-71.72   	  4.88   	 25.17   	 137.33		
 33.87   	  1.83   	 25.72   	 132.25		
195.31   	  5.49   	 26.25   	 127.16		
365.30   	 44.25   	 26.75   	 122.07		
480.35   	135.50   	 27.24   	 106.82		
494.38   	265.81   	 27.67   	 101.73		
406.49   	393.37   	 28.08   	  86.47		
261.23   	466.61(R)	 28.42(E)	  76.30		
119.32   	453.80   	 28.73   	  61.04		
 24.72   	363.46   	 28.97   	  45.78		
-13.43   	236.82   	 29.16   	  40.69		
-14.95   	122.99   	 29.32   	  25.43		
 -6.71   	 55.24   	 29.42   	  20.35		
 -7.02   	 37.54   	 29.50   	  20.35		
-23.50   	 45.78   	 29.58   	  15.26		
-56.15   	 46.08   	 29.64   	  20.35		
-101.32   	 13.12   	 29.73   	  40.69		
-149.54   	-54.63   	 29.89   	  71.21		
-185.55   	-133.67   	 30.17   	 101.73		
-195.01   	-189.51   	 30.58   	 142.42		
-174.56   	-201.72   	 31.15   	 198.37		
-134.89   	-176.39   	 31.94   	 244.15		
-96.13   	-139.47   	 32.92   	 300.10		
-74.46   	-116.27   	 34.12   	 345.88		
-72.33   	-115.36   	 35.50   	 396.74		
-79.65   	-126.95   	 37.09   	 437.43		
-85.14   	-135.50   	 38.84   	 478.13		
-83.01   	-133.67   	 40.75   	 508.65		
-74.46   	-124.21   	 42.79   	 534.08		
-65.61   	-114.44   	 44.92   	 544.25		
-61.34   	-108.03   	 47.10   	 549.34		
-61.65   	-106.81   	 49.30   	 564.60		
-63.48   	-108.95   	 51.56   	 574.77		
-65.31   	-114.14   	 53.86   	 590.03		
-66.22   	-121.46   	 56.22   	 610.37		
-66.53   	-128.48   	 58.66   	 610.37		
-66.53   	-132.45   	 61.10   	 610.37		
-66.22   	-132.14   	 63.54   	 595.11		
-65.31   	-127.26   	 65.92   	 564.60		
-64.39   	-118.71   	 68.18   	 528.99		
-65.00   	-108.64   	 70.29   	 503.56		
-67.14   	-99.49   	 72.31   	 467.95		
-69.58   	-93.38   	 74.18   	 437.43		
-69.27   	-92.47   	 75.93   	 412.00		
-65.92   	-96.44   	 77.58   	 386.57		
-61.65   	-103.15   	 79.12   	 361.14		
-61.04   	-108.95   	 80.57   	 330.62		
-65.31   	-112.30   	 81.89   	 310.27		
-72.33   	-113.53   	 83.13   	 284.84		
-78.43   	-112.61   	 84.27   	 254.32		
-80.57   	-109.56   	 85.29   	 239.06		
-79.35   	-105.59   	 86.25   	 213.63		
-78.13   	-103.76   	 87.10   	 198.37		
-79.04   	-106.20   	 87.89   	 178.03		
-82.70   	-113.22   	 88.61   	 167.85		
-87.28   	-121.46   	 89.28   	 152.59		
-92.47   	-126.95   	 89.89   	 137.33		
-97.96   	-127.56   	 90.44   	 127.16		
-103.76   	-126.34   	 90.95   	 106.82		
-109.25   	-126.65   	 91.37   	  96.64		
-114.14   	-130.31   	 91.76   	  81.38		
-118.41   	-136.41   	 92.09   	  71.21		
-124.82   	-143.13   	 92.37   	  55.95		
-134.58   	-148.01   	 92.59   	  45.78		
-147.09   	-150.45   	 92.78   	  40.69		
-160.52   	-149.84   	 92.94   	  30.52		
-172.12   	-147.09   	 93.06   	  25.43		
-179.75   	-141.60   	 93.16   	  20.35		
-184.02   	-134.58   	 93.24   	  15.26		
-186.46   	-125.43   	 93.31   	  10.17		
-187.99   	-114.75   	 93.35   	  10.17		
-188.90   	-104.06   	 93.39(S)	   0.00		
-187.68   	-95.83   	 93.39   	   0.00		
-182.80   	-87.89   	 93.39   	 -10.17		
-174.87   	-77.51   	 93.35   	 -15.26		
-165.41   	-61.34   	 93.29   	 -25.43		
-154.72   	-39.67   	 93.18   	 -30.52		
-141.91   	-18.01   	 93.06   	 -45.78		
-125.73   	 -3.36   	 92.88   	 -55.95		
-105.90   	  2.44   	 92.65   	 -66.12		
-84.53   	  5.19   	 92.39   	 -86.47		
-64.09   	 11.60   	 92.04   	 -96.64		
-47.00   	 22.89   	 91.66   	-111.90		
-32.65   	 34.18   	 91.21   	-127.16		
-20.45   	 37.84   	 90.70   	-142.42		
-10.99   	 29.91   	 90.13   	-157.68		
 -4.88   	 16.17   	 89.50   	-172.94		
 -1.83   	  6.71   	 88.81   	-183.11		
  0.00   	  5.80   	 88.08   	-203.46		
  2.75   	 10.07   	 87.26   	-218.72		
  7.93   	 11.90   	 86.39   	-239.06		
 12.51   	  7.93   	 85.43   	-264.50		
 12.51   	  1.22   	 84.37   	-289.93		
  6.71   	  0.00   	 83.21   	-320.45		
 -0.92   	  6.71   	 81.93   	-345.88		
 -6.41   	 15.26   	 80.55   	-371.31		
 -7.02   	 15.87   	 79.06   	-396.74		
 -4.58   	  4.88   	 77.48   	-437.43		
 -2.44   	-11.90   	 75.73   	-473.04		
 -3.66   	-23.50   	 73.83   	-513.73		
 -7.02   	-23.50   	 71.78   	-539.16		
 -9.16   	-12.82   	 69.62   	-564.60		
 -8.54   	  1.53   	 67.36   	-579.86		
 -6.10   	 13.73   	 65.05   	-605.29		
 -5.19   	 18.62   	 62.62   	-625.63		
 -6.41   	 15.26   	 60.12   	-645.98		
 -9.46   	  4.58   	 57.54   	-666.32		
-10.99   	-10.38   	 54.87   	-691.76		
-10.07   	-24.11   	 52.11   	-701.93		
 -9.16   	-30.21   	 49.30   	-701.93		
 -9.77   	-26.86   	 46.49   	-696.84		
-12.82   	-18.31   	 43.70   	-671.41		
-15.87   	-10.07   	 41.02   	-640.89		
-17.40   	 -6.10   	 38.45   	-595.11		
-16.78   	 -7.02   	 36.07   	-549.34		
-16.17   	-11.29   	 33.88   	-503.56		
-18.01   	-16.78   	 31.86   	-447.61		
-21.36   	-21.67   	 30.07   	-412.00		
-23.80   	-25.63   	 28.42   	-371.31		
-24.11   	-28.99   	 26.94   	-340.79		
-21.97   	-31.43   	 25.57   	-315.36		
-19.53   	-33.26   	 24.31   	-295.01		
-18.62   	-33.87   	 23.13   	-279.75		
-18.92   	-32.35   	 22.01   	-269.58		
-20.14   	-28.38   	 20.94   	-254.32		
-20.75   	-26.25   	 19.92   	-249.24		
-20.75   	-28.38   	 18.92   	-233.98		
-20.75   	-35.71   	 17.99   	-223.80		
-21.67   	-43.33   	 17.09   	-208.54		
-24.11   	-46.08   	 16.26   	-193.29		
-27.16   	-41.50   	 15.48   	-167.85		
-29.30   	-31.74   	 14.81   	-152.59		
-28.38   	-21.67   	 14.20   	-127.16		
-24.11   	-12.82   	 13.69   	-106.82		
-18.31   	 -4.27   	 13.27   	 -81.38		
-12.21   	  6.71   	 12.94   	 -66.12		
 -6.71   	 19.53   	 12.68   	 -50.86		
 -1.22   	 32.96   	 12.47   	 -35.61		
  5.19   	 43.33   	 12.33   	 -25.43		
 12.82   	 49.74   	 12.23   	 -15.26		
 19.53   	 55.54   	 12.17   	  -5.09		
 25.02   	 65.61   	 12.15(D)	   5.09		
 30.82   	 85.14   	 12.17   	  10.17		
 38.76   	112.61   	 12.21   	  10.17		
 49.13   	139.47   	 12.25   	  20.35		
 60.42   	155.94   	 12.33   	  25.43		
 70.19   	156.86   	 12.43   	  30.52		
 76.90   	147.71   	 12.55   	  25.43		
 80.87   	138.85   	 12.66   	  30.52		
 84.23   	137.33   	 12.78   	  30.52		
 88.20   	140.99   	 12.90   	  30.52		
 90.03   	142.21   	 13.02   	  30.52		
 86.06   	133.97   	 13.14   	  25.43		
 71.41   	115.05   	 13.25   	  25.43		
 46.39   	 91.55   	 13.35   	  25.43		
 14.95   	 67.44   	 13.45   	  20.35		
-14.65   	 43.33   	 13.53   	  20.35		
-35.10   	 16.48   	 13.61   	  20.35		
-43.33   	-15.26   	 13.69   	  25.43		
-42.11   	-48.83   	 13.79   	  25.43		
-38.15   	-75.99   	 13.90   	  25.43		
-36.93   	-90.03   	 14.00   	  35.61		
-39.98   	-89.72   	 14.14   	  40.69		
-43.95   	-80.26   	 14.30   	  50.86		
-44.86   	-69.89   	 14.51   	  61.04		
-41.20   	-65.92   	 14.75   	  76.30		
-35.71   	-68.97   	 15.06   	  81.38		
-32.65   	-75.38   	 15.38   	  91.56		
-33.26   	-78.13   	 15.75   	 101.73		
-36.62   	-73.24   	 16.15   	 106.82		
-43.03   	-61.65   	 16.58   	 111.90		
-55.24   	-46.39   	 17.03   	 116.99		
-76.29   	-29.30   	 17.50   	 111.90		
-99.18   	-13.43   	 17.94   	 111.90		
-101.32   	 -1.22   	 18.39   	 106.82		
-52.19   	  5.80   	 18.82   	 101.73		
 66.22   	 11.60   	 19.23   	 101.73		
240.78   	 29.91   	 19.63   	 101.73		
419.92   	 81.79   	 20.04   	  91.56		
536.50   	177.31   	 20.41   	  86.47		
547.49   	304.57   	 20.75   	  76.30		
456.54   	426.33   	 21.06   	  71.21		
310.97   	498.66(R)	 21.34(E)	  61.04		
171.51   	493.16   	 21.59   	  50.86		
 76.29   	416.26   	 21.79   	  40.69		
 28.99   	302.12   	 21.95   	  35.61		
 11.29   	192.26   	 22.10   	  25.43		
  2.75   	116.88   	 22.20   	  15.26		
 -8.85   	 79.65   	 22.26   	  20.35		
-27.77   	 61.65   	 22.34   	  20.35		
-57.07   	 38.45   	 22.42   	  30.52		
-97.05   	 -5.49   	 22.54   	  50.86		
-140.99   	-68.05   	 22.75   	  76.30		
-174.26   	-130.31   	 23.05   	 116.99		
-182.80   	-170.90   	 23.52   	 157.68		
-162.05   	-178.83   	 24.15   	 208.54		
-122.38   	-160.83   	 24.98   	 259.41		
-81.79   	-133.97   	 26.02   	 310.27		
-56.76   	-113.83   	 27.26   	 361.14		
-51.27   	-105.29   	 28.71   	 412.00		
-56.46   	-103.76   	 30.36   	 452.69		
-61.34   	-102.84   	 32.17   	 493.39		
-59.81   	-101.32   	 34.14   	 528.99		
-53.10   	-99.79   	 36.26   	 554.42		
-47.00   	-98.57   	 38.47   	 569.68		
-45.17   	-94.91   	 40.75   	 590.03		
-46.08   	-87.89   	 43.11   	 590.03		
-46.69   	-79.96   	 45.47   	 590.03		
-46.39   	-78.43   	 47.83   	 590.03		
-47.30   	-86.06   	 50.19   	 595.11		
-50.66   	-98.88   	 52.57   	 590.03		
-55.54   	-108.34   	 54.93   	 600.20		
-57.98   	-108.95   	 57.33   	 600.20		
-54.63   	-101.01   	 59.74   	 590.03		
-47.61   	-91.86   	 62.10   	 579.86		
-42.11   	-88.81   	 64.41   	 549.34		
-42.72   	-93.99   	 66.61   	 523.90		
-49.74   	-104.37   	 68.71   	 493.39		
-57.37   	-111.69   	 70.68   	 462.87		
-59.81   	-109.86   	 72.53   	 432.35		
-54.93   	-98.27   	 74.26   	 406.92		
-47.30   	-83.31   	 75.89   	 376.40		
-42.42   	-73.24   	 77.40   	 340.79		
-44.25   	-72.02   	 78.76   	 315.36		
-50.96   	-76.90   	 80.02   	 279.75		
-56.46   	-80.26   	 81.14   	 254.32		
-56.76   	-79.96   	 82.16   	 223.80		
-53.71   	-78.74   	 83.05   	 198.37		
-53.41   	-81.48   	 83.85   	 178.03		
-58.59   	-89.11   	 84.56   	 162.77		
-68.05   	-96.74   	 85.21   	 142.42		
-75.99   	-98.57   	 85.78   	 132.25		
-78.74   	-93.38   	 86.31   	 127.16		
-76.60   	-86.36   	 86.82   	 122.07		
-75.38   	-84.53   	 87.30   	 111.90		
-78.74   	-90.33   	 87.75   	 101.73		
-86.67   	-100.71   	 88.16   	 101.73		
-95.21   	-109.25   	 88.57   	  86.47		
-101.93   	-111.39   	 88.91   	  86.47		
-107.42   	-107.12   	 89.26   	  71.21		
-114.44   	-99.79   	 89.54   	  61.04		
-124.51   	-92.16   	 89.79   	  55.95		
-135.50   	-86.36   	 90.01   	  45.78		
-142.82   	-81.79   	 90.19   	  30.52		
-143.74   	-77.82   	 90.32   	  25.43		
-140.38   	-73.55   	 90.42   	  15.26		
-138.55   	-68.97   	 90.48   	  10.17		
-140.69   	-62.26   	 90.52(S)	  -5.09		
-143.43   	-52.80   	 90.50   	  -5.09		
-141.91   	-39.67   	 90.48   	 -15.26		
-133.36   	-23.50   	 90.42   	 -25.43		
-118.71   	 -5.49   	 90.32   	 -25.43		
-101.01   	 14.65   	 90.21   	 -40.69		
-81.79   	 34.48   	 90.05   	 -45.78		
-59.81   	 50.96   	 89.87   	 -55.95		
-37.23   	 60.42   	 89.64   	 -66.12		
-17.40   	 59.81   	 89.38   	 -81.38		
 -3.36   	 51.88   	 89.05   	 -91.56		
  4.88   	 43.03   	 88.69   	-101.73		
 11.29   	 38.76   	 88.28   	-111.90		
 19.23   	 40.89   	 87.83   	-127.16		
 28.69   	 47.00   	 87.32   	-147.51		
 36.62   	 54.32   	 86.73   	-157.68		
 40.59   	 61.04   	 86.10   	-178.03		
 39.67   	 65.31   	 85.39   	-203.46		
 36.32   	 65.92   	 84.58   	-218.72		
 32.65   	 60.73   	 83.70   	-244.15		
 30.52   	 50.05   	 82.73   	-269.58		
 29.30   	 37.54   	 81.65   	-295.01		
 27.47   	 27.47   	 80.47   	-315.36		
 24.41   	 22.89   	 79.21   	-330.62		
 21.36   	 23.50   	 77.88   	-350.97		
 20.14   	 26.55   	 76.48   	-371.31		
 22.28   	 29.30   	 74.99   	-396.74		
 26.55   	 29.91   	 73.41   	-447.61		
 29.30   	 27.77   	 71.62   	-488.30		
 28.69   	 24.72   	 69.66   	-544.25		
 24.11   	 22.28   	 67.49   	-584.94		
 17.70   	 22.28   	 65.15   	-625.63		
 13.43   	 23.80   	 62.64   	-656.15		
 13.73   	 25.33   	 60.02   	-681.58		
 18.01   	 26.25   	 57.29   	-707.02		
 22.28   	 26.55   	 54.47   	-722.28		
 22.89   	 26.55   	 51.58   	-727.36		
 19.84   	 27.16   	 48.67   	-722.28		
 14.65   	 26.55   	 45.78   	-717.19		
 11.29   	 22.89   	 42.91   	-691.76		
 10.99   	 16.17   	 40.14   	-666.32		
 14.04   	 10.68   	 37.48   	-630.72		
 20.14   	 10.68   	 34.95   	-595.11		
 26.55   	 16.78   	 32.57   	-549.34		
 30.21   	 24.72   	 30.38   	-508.65		
 27.77   	 27.47   	 28.34   	-473.04		
 18.62   	 21.97   	 26.45   	-427.26		
  7.02   	 13.43   	 24.74   	-401.83		
 -0.92   	  9.77   	 23.13   	-366.22		
 -0.92   	 13.12   	 21.67   	-345.88		
  5.19   	 19.53   	 20.28   	-315.36		
 13.73   	 21.67   	 19.02   	-295.01		
 20.75   	 17.70   	 17.84   	-269.58		
 23.50   	 10.68   	 16.76   	-254.32		
 21.97   	  6.41   	 15.75   	-233.98		
 15.56   	  7.32   	 14.81   	-218.72		
  5.80   	 10.38   	 13.94   	-198.37		
 -2.75   	 13.43   	 13.14   	-188.20		
 -4.27   	 17.09   	 12.39   	-167.85		
  3.36   	 23.19   	 11.72   	-147.51		
 16.78   	 32.96   	 11.13   	-132.25		
 28.99   	 44.25   	 10.60   	-111.90		
 33.57   	 53.71   	 10.15   	 -86.47		
 30.82   	 60.42   	  9.81   	 -71.21		
 25.94   	 66.22   	  9.52   	 -50.86		
 25.63   	 75.68   	  9.32   	 -35.61		
 32.35   	 91.25   	  9.18   	 -20.35		
 43.95   	113.83   	  9.09   	 -10.17		
 56.46   	139.16   	  9.05   	   0.00		
 65.92   	161.74   	  9.05   	   5.09		
 72.94   	176.70   	  9.07   	  10.17		
 79.65   	182.80   	  9.11   	  15.26		
 87.59   	182.19   	  9.18   	  10.17		
 98.27   	179.75   	  9.22   	  -5.09		
110.17   	180.05   	  9.20   	 -20.35		
120.85   	184.94   	  9.11   	 -30.52		
126.04   	189.51   	  8.99   	 -25.43		
121.15   	186.77   	  8.89   	  -5.09		
104.98   	172.12   	  8.87(D)	  35.61		
 79.65   	146.79   	  9.01   	  86.47		
 51.27   	117.19   	  9.36   	 137.33		
 25.94   	 87.89   	  9.91   	 178.03		
  6.10   	 60.73   	 10.62   	 203.46		
 -7.32   	 36.01   	 11.43   	 213.63		
-13.73   	 15.87   	 12.29   	 198.37		
-14.65   	  2.44   	 13.08   	 172.94		
-12.82   	 -6.10   	 13.77   	 137.33		
-11.60   	-18.01   	 14.32   	  96.64		
-13.73   	-39.06   	 14.71   	  61.04		
-17.70   	-65.31   	 14.95   	  40.69		
-18.62   	-84.84   	 15.12   	  25.43		
-14.34   	-86.06   	 15.22   	  25.43		
 -6.41   	-69.58   	 15.32   	  35.61		
 -0.31   	-47.91   	 15.46   	  50.86		
  0.92   	-34.48   	 15.67   	  76.30		
 -3.66   	-32.96   	 15.97   	  96.64		
-14.04   	-34.18   	 16.36   	 111.90		
-31.74   	-25.33   	 16.81   	 132.25		
-53.71   	 -1.53   	 17.33   	 137.33		
-65.92   	 29.30   	 17.88   	 147.51		
-43.95   	 54.32   	 18.47   	 147.51		
 35.10   	 68.05   	 19.06   	 147.51		
174.56   	 80.57   	 19.65   	 152.59		
341.19   	115.97   	 20.26   	 162.77		
477.91   	195.62   	 20.92   	 183.11		
532.84   	318.30   	 21.65   	 198.37		
489.50   	453.49   	 22.44   	 213.63		
374.76   	552.98   	 23.30   	 218.72		
238.95   	576.17(R)	 24.17(E)	 193.29		
127.87   	515.44   	 24.94   	 162.77		
 62.26   	400.09   	 25.60   	 106.82		
 35.10   	276.18   	 26.02   	  30.52		
 29.30   	184.94   	 26.14   	 -40.69		
 28.69   	140.99   	 25.98   	-132.25		
 22.89   	129.09   	 25.45   	-203.46		
  6.41   	119.63   	 24.64   	-269.58		
-23.50   	 85.45   	 23.56   	-300.10		
-65.00   	 18.31   	 22.36   	-295.01		
-108.03   	-65.61   	 21.18   	-254.32		
-136.41   	-136.11   	 20.16   	-172.94		
-137.02   	-168.46   	 19.47   	 -66.12		
-109.56   	-159.61   	 19.21   	  66.12		
-68.97   	-126.65   	 19.47   	 193.29		
-35.10   	-93.99   	 20.24   	 330.62		
-20.14   	-74.46   	 21.57   	 437.43		
-21.06   	-66.83   	 23.32   	 523.90		
-25.94   	-63.78   	 25.41   	 584.94		
-25.63   	-60.73   	 27.75   	 620.55		
-19.84   	-58.29   	 30.23   	 645.98		
-14.95   	-59.51   	 32.82   	 656.15		
-14.65   	-62.56   	 35.44   	 671.41		
-17.70   	-64.70   	 38.13   	 686.67		
-19.53   	-63.78   	 40.87   	 712.10		
-17.40   	-61.65   	 43.72   	 727.36		
-13.43   	-61.34   	 46.63   	 742.62		
-11.60   	-65.00   	 49.60   	 747.71		
-14.34   	-70.80   	 52.59   	 727.36		
-20.75   	-76.29   	 55.50   	 707.02		
-27.77   	-78.43   	 58.33   	 666.32		
-30.82   	-75.99   	 61.00   	 625.63		
-29.30   	-69.27   	 63.50   	 590.03		
-24.72   	-59.51   	 65.86   	 554.42		
-19.53   	-49.13   	 68.08   	 518.82		
-16.48   	-38.76   	 70.15   	 483.21		
-15.26   	-30.21   	 72.09   	 442.52		
-14.04   	-25.02   	 73.86   	 401.83		
-11.90   	-24.72   	 75.46   	 350.97		
 -9.46   	-29.30   	 76.87   	 300.10		
 -8.85   	-37.54   	 78.07   	 244.15		
-11.90   	-45.78   	 79.04   	 198.37		
-18.62   	-51.88   	 79.84   	 152.59		
-25.94   	-55.54   	 80.45   	 111.90		
-30.82   	-57.98   	 80.89   	  76.30		
-31.13   	-59.51   	 81.20   	  50.86		
-28.69   	-59.51   	 81.40   	  40.69		
-27.16   	-56.76   	 81.57   	  35.61		
-28.69   	-51.88   	 81.71   	  40.69		
-34.48   	-47.61   	 81.87   	  50.86		
-42.42   	-47.61   	 82.07   	  76.30		
-50.05   	-53.41   	 82.38   	  96.64		
-56.15   	-63.17   	 82.77   	 127.16		
-61.04   	-72.94   	 83.28   	 152.59		
-66.53   	-79.04   	 83.89   	 188.20		
-72.63   	-79.65   	 84.64   	 208.54		
-79.35   	-75.38   	 85.47   	 228.89		
-86.06   	-69.58   	 86.39   	 233.98		
-92.16   	-63.48   	 87.32   	 223.80		
-96.44   	-58.59   	 88.22   	 203.46		
-99.49   	-54.32   	 89.03   	 178.03		
-101.62   	-49.13   	 89.75   	 147.51		
-104.06   	-42.72   	 90.34   	 111.90		
-107.73   	-36.01   	 90.78   	  81.38		
-112.00   	-29.30   	 91.11   	  61.04		
-115.66   	-23.50   	 91.35   	  40.69		
-116.27   	-18.31   	 91.52   	  35.61		
-111.69   	-13.12   	 91.66   	  25.43		
-102.54   	 -5.80   	 91.76   	  20.35		
-88.81   	  5.80   	 91.84   	  15.26		
-71.11   	 24.11   	 91.90(S)	   0.00		
-50.96   	 47.61   	 91.90   	 -10.17		
-29.60   	 71.41   	 91.86   	 -30.52		
 -9.46   	 87.89   	 91.74   	 -50.86		
  7.32   	 92.16   	 91.54   	 -66.12		
 19.84   	 85.75   	 91.27   	 -91.56		
 28.08   	 75.68   	 90.91   	-111.90		
 33.87   	 69.89   	 90.46   	-137.33		
 37.54   	 71.11   	 89.91   	-162.77		
 40.59   	 76.60   	 89.26   	-183.11		
 44.25   	 80.26   	 88.52   	-208.54		
 47.91   	 78.74   	 87.69   	-223.80		
 50.66   	 72.94   	 86.80   	-233.98		
 52.19   	 66.22   	 85.86   	-239.06		
 53.10   	 62.56   	 84.90   	-254.32		
 53.41   	 62.87   	 83.89   	-259.41		
 51.57   	 65.61   	 82.85   	-269.58		
 47.00   	 67.75   	 81.77   	-284.84		
 39.06   	 67.75   	 80.63   	-300.10		
 31.43   	 65.00   	 79.43   	-305.19		
 27.77   	 61.65   	 78.21   	-325.53		
 29.30   	 59.81   	 76.91   	-356.05		
 34.79   	 60.12   	 75.48   	-386.57		
 39.98   	 59.81   	 73.94   	-432.35		
 42.11   	 56.76   	 72.21   	-488.30		
 41.50   	 51.57   	 70.25   	-539.16		
 39.67   	 48.52   	 68.10   	-600.20		
 37.23   	 50.35   	 65.70   	-651.07		
 35.10   	 56.46   	 63.09   	-707.02		
 33.26   	 61.04   	 60.26   	-742.62		
 32.35   	 59.20   	 57.29   	-773.14		
 31.74   	 51.57   	 54.20   	-793.49		
 31.13   	 43.95   	 51.03   	-793.49		
 31.43   	 41.81   	 47.85   	-783.31		
 32.96   	 47.00   	 44.72   	-768.05		
 36.62   	 55.54   	 41.65   	-727.36		
 41.20   	 62.26   	 38.74   	-686.67		
 43.64   	 64.70   	 35.99   	-625.63		
 41.20   	 63.48   	 33.49   	-569.68		
 33.26   	 61.34   	 31.21   	-503.56		
 23.50   	 58.59   	 29.20   	-447.61		
 16.17   	 54.93   	 27.41   	-396.74		
 14.65   	 50.35   	 25.82   	-345.88		
 18.92   	 45.78   	 24.44   	-310.27		
 25.94   	 43.33   	 23.19   	-279.75		
 30.82   	 43.95   	 22.08   	-259.41		
 32.04   	 46.39   	 21.04   	-244.15		
 29.91   	 48.22   	 20.06   	-228.89		
 26.25   	 48.22   	 19.15   	-228.89		
 23.50   	 47.30   	 18.23   	-223.80		
 22.58   	 47.61   	 17.33   	-228.89		
 23.50   	 49.13   	 16.42   	-228.89		
 25.02   	 50.66   	 15.50   	-239.06		
 27.16   	 50.35   	 14.55   	-274.67		
 30.21   	 49.44   	 13.45   	-361.14		
 35.10   	 52.49   	 12.00   	-528.99		
 41.50   	 64.39   	  9.89   	-778.23		
 46.08   	 85.45   	  6.78   	-1108.85		
 46.39   	109.56   	  2.34   	-1444.55		
 42.11   	128.17   	 -3.44   	-1739.57		
 38.76   	136.11   	-10.40   	-1922.68		
 41.81   	136.41   	-18.09   	-1937.94		
 54.02   	137.63   	-25.84   	-1785.34		
 71.41   	146.79   	-32.98   	-1490.33		
 88.50   	166.32   	-38.94   	-1083.41		
 99.79   	190.73   	-43.28   	-651.07		
104.37   	211.79   	-45.88   	-239.06		
104.98   	224.00   	-46.84   	  81.38		
105.29   	227.97   	-46.51   	 289.93		
107.42   	229.19   	-45.35   	 356.05		
112.92   	232.85   	-43.93   	 284.84		
121.15   	240.17   	-42.79   	 111.90		
130.31   	246.89   	-42.34   	-142.42		
137.02   	246.28   	-42.91   	-417.09		
136.41   	234.68   	-44.58   	-676.50		
124.82   	215.45   	-47.28   	-874.87		
102.23   	194.09   	-50.78   	-1012.20		
 72.94   	172.73   	-54.83   	-1057.98		
 43.95   	149.23   	-59.06   	-1027.46		
 23.50   	119.63   	-63.17   	-951.17		
 15.26   	 84.84   	-66.98   	-844.35		
 17.40   	 51.57   	-70.36   	-737.54		
 24.11   	 29.60   	-73.31   	-651.07		
 29.91   	 24.11   	-75.91   	-605.29		
 31.43   	 33.87   	-78.33   	-600.20		
 30.21   	 51.88   	-80.73   	-625.63		
 29.60   	 71.41   	-83.23   	-686.67		
 34.79   	 87.28   	-85.98   	-757.88		
 49.74   	 97.35   	-89.01   	-839.26		
 75.99   	 98.88   	-92.37   	-900.30		
113.53   	 91.25   	-95.97   	-905.39		
159.61   	 75.07   	-99.59   	-829.09		
207.82   	 57.07   	-102.91   	-645.98		
248.11   	 48.83   	-105.49   	-325.53		
273.44   	 54.02   	-106.80   	 152.59		
286.56   	 57.37   	-106.18   	 818.92		
302.73   	 30.82   	-102.91   	1648.01		
341.19   	-41.50   	-96.32   	2594.09		
408.63   	-142.21   	-85.94   	3545.26		
481.87   	-219.12   	-71.76   	4364.17		
515.44   	-218.81   	-54.30   	4944.03		
468.75   	-132.75   	-34.53   	5203.44		
336.91   	 -6.71   	-13.71   	5122.06		
154.11   	 89.11   	  6.78   	4776.18		
-21.97   	109.25   	 25.88   	4272.62		
-144.35   	 57.07   	 42.97   	3733.45		
-200.20   	-25.63   	 57.90   	3275.67		
-209.35   	-95.21   	 71.01   	2990.83		
-204.47   	-134.58   	 82.97   	2884.02		
-209.35   	-154.11   	 94.51   	2945.05		
-230.71   	-171.51   	106.29   	3112.91		
-257.57   	-193.48   	118.74   	3285.85		
-270.69   	-209.96   	131.88   	3382.49		
-255.43   	-202.33   	145.41   	3341.80		
-211.79   	-161.74   	158.78   	3128.17		
-151.67   	-97.35   	171.29   	2746.68		
-93.69   	-31.43   	182.28   	2248.21		
-52.19   	 15.56   	191.27   	1658.18		
-30.52   	 36.01   	197.90   	1068.15		
-21.97   	 36.01   	202.18   	 528.99		
-15.56   	 28.69   	204.29   	 127.16		
 -6.41   	 24.72   	204.80   	 -86.47		
  3.97   	 27.77   	204.45   	-157.68		
 10.99   	 36.01   	203.82   	-137.33		
 12.51   	 45.17   	203.27   	-137.33		
  9.46   	 50.66   	202.73   	-203.46		
  4.88   	 52.19   	201.91   	-376.40		
  1.83   	 51.88   	200.41   	-656.15		
  0.00   	 52.80   	197.78   	-1012.20		
 -1.22   	 55.24   	193.73   	-1383.51		
 -1.83   	 58.29   	188.20   	-1729.39		
 -1.22   	 61.04   	181.28   	-1993.89		
  0.31   	 62.87   	173.31   	-2146.48		
  1.83   	 65.31   	164.72   	-2177.00		
  2.75   	 68.36   	156.01   	-2085.44		
  2.44   	 71.11   	147.67   	-1902.33		
  1.53   	 72.94   	140.06   	-1658.18		
  0.00   	 73.55   	133.43   	-1403.86		
 -1.83   	 73.24   	127.81   	-1154.62		
 -3.97   	 72.94   	123.19   	-940.99		
 -6.71   	 72.94   	119.43   	-773.14		
 -9.46   	 73.24   	116.34   	-651.07		
-12.51   	 73.24   	113.73   	-574.77		
-15.26   	 72.63   	111.43   	-523.90		
-17.70   	 71.72   	109.34   	-498.47		
-20.45   	 71.72   	107.34   	-478.13		
-23.80   	 74.16   	105.43   	-462.87		
-28.38   	 79.04   	103.58   	-447.61		
-33.57   	 85.14   	101.79   	-432.35		
-38.76   	 89.42   	100.06   	-412.00		
-43.64   	 90.64   	 98.41   	-381.48		
-47.91   	 88.81   	 96.89   	-356.05		
-52.80   	 86.06   	 95.46   	-330.62		
-59.20   	 83.92   	 94.14   	-295.01		
-68.05   	 83.31   	 92.96   	-269.58		
-79.65   	 83.92   	 91.88   	-239.06		
-92.47   	 86.06   	 90.93   	-218.72		
-103.76   	 89.42   	 90.05   	-208.54		
-111.39   	 95.52   	 89.22   	-193.29		
-114.75   	103.76   	 88.44   	-183.11		
-115.97   	113.22   	 87.71   	-172.94		
-117.80   	121.77   	 87.02   	-162.77		
-120.24   	127.87   	 86.37   	-152.59		
-122.68   	131.23   	 85.76   	-132.25		
-122.99   	131.84   	 85.23   	-111.90		
-121.46   	131.53   	 84.78   	 -91.56		
-118.71   	131.53   	 84.41   	 -76.30		
-115.97   	133.06   	 84.11   	 -61.04		
-111.08   	137.33   	 83.87   	 -55.95		
-101.62   	144.96   	 83.64   	 -55.95		
-85.14   	155.64   	 83.42   	 -45.78		
-63.78   	166.63   	 83.23   	 -45.78		
-41.81   	175.17   	 83.05   	 -35.61		
-23.50   	179.14   	 82.91   	 -15.26		
 -9.46   	176.70   	 82.85   	   0.00		
  2.44   	168.46   	 82.85   	  20.35		
 14.34   	157.78   	 82.93   	  35.61		
 26.25   	146.48   	 83.07   	  50.86		
 37.54   	137.02   	 83.28   	  61.04		
 46.69   	129.70   	 83.52   	  66.12		
 53.10   	123.90   	 83.78   	  61.04		
 57.07   	117.80   	 84.03   	  50.86		
 57.98   	110.78   	 84.23   	  40.69		
 56.46   	102.84   	 84.39   	  15.26		
 54.93   	 96.13   	 84.46   	   0.00		
 54.63   	 91.86   	 84.46   	 -30.52		
 54.93   	 89.72   	 84.33   	 -50.86		
 54.63   	 87.59   	 84.13   	 -66.12		
 52.19   	 82.40   	 83.87   	 -76.30		
 48.22   	 73.85   	 83.56   	 -81.38		
 45.17   	 65.00   	 83.23   	 -86.47		
 43.95   	 59.51   	 82.89   	 -86.47		
 43.03   	 59.81   	 82.54   	-106.82		
 42.72   	 64.39   	 82.12   	-122.07		
 43.95   	 70.19   	 81.63   	-152.59		
 46.69   	 73.24   	 81.02   	-172.94		
 50.35   	 72.02   	 80.33   	-183.11		
 52.49   	 66.83   	 79.59   	-172.94		
 50.35   	 60.12   	 78.90   	-142.42		
 43.95   	 53.71   	 78.33   	-106.82		
 35.10   	 49.74   	 77.90   	 -66.12		
 27.16   	 48.83   	 77.64   	 -25.43		
 21.97   	 50.66   	 77.54   	   0.00		
 18.92   	 53.71   	 77.54   	  10.17		
 14.65   	 55.85   	 77.58   	  15.26		
  2.75   	 53.10   	 77.64   	  15.26		
-21.36   	 42.11   	 77.70   	  15.26		
-58.90   	 22.89   	 77.76   	  N/A		
