  I     	  II     	  LV     	  LV'		
-90.33   	  0.61   	  8.87   	 147.51		
-96.13   	 -6.71   	  9.46   	  71.21		
-98.88   	 -2.75   	  9.75   	   0.00		
-94.30   	 -3.05   	  9.75   	 -61.04		
-100.10   	 -3.97   	  9.50   	-111.90		
-98.57   	  3.66   	  9.05   	-132.25		
-91.25   	  3.36   	  8.52   	-137.33		
-93.99   	  1.83   	  7.98   	-127.16		
-95.83   	  1.53   	  7.47   	 -91.56		
-97.35   	  1.22   	  7.10   	 -50.86		
-97.66   	  4.27   	  6.90   	  -5.09		
-93.69   	 15.26   	  6.88   	  40.69		
-86.67   	 28.38   	  7.04   	  86.47		
-77.82   	 49.13   	  7.39   	 111.90		
-72.63   	 74.16   	  7.83   	 137.33		
-63.17   	104.98   	  8.38   	 132.25		
-59.51   	125.73   	  8.91   	 127.16		
-56.46   	132.75   	  9.42   	 101.73		
-56.76   	130.62   	  9.83   	  71.21		
-59.81   	126.65   	 10.11   	  30.52		
-52.49   	139.16   	 10.23   	 -10.17		
-39.06   	169.98   	 10.19   	 -40.69		
-24.41   	204.16   	 10.03   	 -66.12		
 -6.10   	226.44   	  9.77   	 -81.38		
  6.71   	233.15   	  9.44   	 -91.56		
 14.04   	235.90   	  9.07   	 -86.47		
 21.67   	231.02   	  8.73   	 -71.21		
 29.30   	226.75   	  8.44   	 -55.95		
 23.80   	219.12   	  8.22   	 -35.61		
  6.71   	194.40   	  8.08   	 -10.17		
 -5.49   	159.61   	  8.04   	  10.17		
-32.04   	114.44   	  8.08   	  25.43		
-56.76   	 77.51   	  8.18   	  40.69		
-62.87   	 41.20   	  8.34   	  55.95		
-81.48   	  9.46   	  8.57   	  66.12		
-92.16   	 -0.92   	  8.83   	  76.30		
-96.74   	-20.75   	  9.14   	  86.47		
-102.23   	-39.06   	  9.48   	  91.56		
-106.81   	-46.69   	  9.85   	  96.64		
-104.98   	-54.32   	 10.23   	  96.64		
-105.59   	-58.90   	 10.62   	  91.56		
-115.97   	-65.61   	 10.99   	  91.56		
-121.15   	-68.05   	 11.35   	  81.38		
-122.38   	-73.55   	 11.68   	  71.21		
-121.15   	-74.77   	 11.96   	  66.12		
-118.10   	-69.89   	 12.23   	  55.95		
-115.66   	-68.36   	 12.45   	  50.86		
-122.68   	-68.05   	 12.66   	  35.61		
-126.34   	-67.75   	 12.80   	  25.43		
-126.34   	-65.61   	 12.90   	   5.09		
-124.82   	-64.09   	 12.92   	 -15.26		
-119.93   	-65.92   	 12.86   	 -40.69		
-116.88   	-64.70   	 12.70   	 -50.86		
-111.39   	-57.68   	 12.49   	 -66.12		
-120.85   	-57.98   	 12.23   	 -61.04		
-123.90   	-57.68   	 11.98   	 -50.86		
-142.21   	-74.77   	 11.78   	 -30.52		
-176.09   	-104.37   	 11.66   	  -5.09		
-190.73   	-113.53   	 11.64(E)	  20.35		
-198.36   	-109.56   	 11.72   	  50.86		
-168.76   	-79.04   	 11.92   	  76.30		
-70.80   	 -8.24   	 12.23   	  91.56		
 65.61   	 80.57   	 12.59   	 101.73		
237.73   	220.95   	 13.00   	  96.64		
429.69   	426.03   	 13.39   	  86.47		
554.81   	544.43   	 13.73   	  71.21		
574.04   	565.19(R)	 14.02   	  55.95		
485.23   	502.93   	 14.24   	  35.61		
307.01   	286.25   	 14.38   	  25.43		
127.26   	 64.70   	 14.49   	  25.43		
 -2.14   	-77.21   	 14.59   	  45.78		
-66.83   	-179.44   	 14.77   	  81.38		
-85.45   	-244.45   	 15.10   	 137.33		
-106.51   	-226.75   	 15.65   	 218.72		
-114.75   	-170.59   	 16.52   	 315.36		
-109.56   	-140.38   	 17.78   	 432.35		
-104.37   	-93.99   	 19.51   	 564.60		
-102.54   	-57.07   	 21.77   	 717.19		
-96.74   	-52.80   	 24.64   	 879.96		
-101.32   	-48.83   	 28.16   	1042.72		
-103.76   	-35.10   	 32.33   	1215.66		
-102.84   	-30.21   	 37.19   	1368.26		
-102.54   	-32.65   	 42.67   	1510.68		
-104.68   	-32.35   	 48.71   	1622.58		
-103.15   	-30.52   	 55.20   	1703.96		
-100.10   	-32.04   	 62.01   	1744.65		
-97.96   	-32.04   	 68.99   	1729.39		
-91.86   	-27.16   	 75.91   	1642.92		
-100.10   	-25.94   	 82.48   	1495.42		
-96.74   	-21.36   	 88.46   	1271.61		
-92.47   	-19.84   	 93.55   	 996.94		
-98.57   	-27.47   	 97.54   	 701.93		
-94.60   	-28.08   	100.35   	 422.18		
-89.11   	-19.84   	102.03   	 188.20		
-96.44   	-25.02   	102.79   	  20.35		
-93.69   	-19.53   	102.87   	 -76.30		
-91.86   	-15.87   	102.56   	 -96.64		
-98.88   	-23.80   	102.18   	 -50.86		
-95.21   	-20.45   	101.97   	  50.86		
-88.20   	-19.53   	102.18   	 172.94		
-88.81   	-21.36   	102.87   	 305.19		
-90.64   	-20.14   	104.09   	 417.09		
-87.89   	-21.06   	105.76   	 493.39		
-93.38   	-22.89   	107.73   	 539.16		
-99.18   	-23.19   	109.89   	 539.16		
-97.05   	-23.80   	112.04   	 503.56		
-96.74   	-25.33   	114.06   	 447.61		
-96.74   	-23.80   	115.85   	 366.22		
-94.60   	-23.19   	117.31   	 289.93		
-86.98   	-15.56   	118.47   	 203.46		
-86.36   	 -9.77   	119.29   	 122.07		
-84.84   	-12.51   	119.78   	  66.12		
-79.65   	-10.99   	120.04   	  25.43		
-79.96   	-10.38   	120.14   	  10.17		
-76.90   	 -7.02   	120.18   	  30.52		
-68.97   	  1.53   	120.30   	  66.12		
-68.36   	  5.19   	120.57   	 116.99		
-68.36   	  5.80   	121.04   	 167.85		
-69.89   	  3.66   	121.71   	 213.63		
-66.53   	  8.85   	122.56   	 233.98		
-60.12   	 16.17   	123.50   	 239.06		
-49.74   	 25.63   	124.46   	 228.89		
-42.11   	 34.48   	125.37   	 208.54		
-32.35   	 43.33   	126.20   	 198.37		
-27.77   	 50.66   	127.00   	 193.29		
-20.45   	 60.12   	127.77   	 183.11		
-15.56   	 70.80   	128.50   	 172.94		
 -9.46   	 81.79   	129.20   	 142.42		
 -1.22   	 93.08   	129.77   	 116.99		
  7.02   	108.34   	130.23   	  71.21		
 21.97   	124.82   	130.52   	  35.61		
 31.43   	144.65   	130.66   	   5.09		
 39.37   	161.13   	130.68   	  -5.09		
 46.39   	175.17   	130.66   	   0.00		
 52.19   	186.46   	130.66   	  20.35		
 66.22   	200.50   	130.74   	  35.61		
 78.13   	214.54   	130.88   	  55.95		
 87.28   	228.88   	131.11   	  55.95		
 89.72   	242.92   	131.33   	  66.12		
 93.69   	255.74   	131.60   	  61.04		
 90.64   	261.23   	131.84   	  55.95		
 97.35   	272.22   	132.06   	  50.86		
103.15   	280.15   	132.27   	  40.69		
 94.91   	277.71   	132.43   	  15.26		
 91.25   	273.74   	132.49(S)	  -5.09		
 78.13   	263.67   	132.47   	 -35.61		
 62.26   	245.06   	132.33   	 -55.95		
 54.32   	229.19   	132.11   	 -66.12		
 35.40   	209.96   	131.84   	 -76.30		
 18.62   	187.07   	131.54   	 -71.21		
  3.36   	162.35   	131.25   	 -50.86		
-16.17   	137.02   	131.05   	 -35.61		
-28.38   	115.36   	130.90   	 -15.26		
-39.67   	 95.21   	130.84   	   0.00		
-48.52   	 79.35   	130.84   	  -5.09		
-50.96   	 67.44   	130.82   	 -25.43		
-58.29   	 54.02   	130.72   	 -71.21		
-58.59   	 42.42   	130.44   	-137.33		
-59.20   	 35.10   	129.89   	-218.72		
-70.50   	 26.86   	129.01   	-300.10		
-77.82   	 18.01   	127.81   	-391.66		
-77.82   	 14.34   	126.25   	-473.04		
-86.06   	  7.32   	124.35   	-539.16		
-77.51   	  7.02   	122.20   	-600.20		
-74.46   	  5.19   	119.80   	-666.32		
-79.04   	  2.75   	117.13   	-778.23		
-76.90   	  6.41   	114.02   	-930.82		
-86.36   	  0.92   	110.29   	-1103.76		
-85.14   	 -1.83   	105.88   	-1261.44		
-79.96   	  2.75   	100.83   	-1378.43		
-86.06   	 -1.53   	 95.32   	-1444.55		
-80.57   	 -0.61   	 89.54   	-1475.07		
-69.89   	  4.58   	 83.64   	-1490.33		
-78.13   	  1.53   	 77.68   	-1490.33		
-75.38   	  3.66   	 71.72   	-1490.33		
-75.07   	  3.36   	 65.76   	-1485.24		
-85.14   	  4.58   	 59.82   	-1475.07		
-78.74   	  9.77   	 53.92   	-1444.55		
-73.24   	  9.16   	 48.14   	-1388.60		
-72.33   	 11.60   	 42.58   	-1317.39		
-74.46   	 11.60   	 37.31   	-1225.83		
-73.85   	  9.16   	 32.41   	-1108.85		
-74.77   	 13.12   	 27.98   	-981.68		
-72.63   	 14.95   	 24.05   	-839.26		
-68.66   	 14.95   	 20.69   	-696.84		
-65.92   	 17.40   	 17.90   	-549.34		
-67.14   	 16.78   	 15.71   	-417.09		
-69.58   	 14.95   	 14.04   	-300.10		
-68.66   	 18.01   	 12.84   	-203.46		
-71.72   	 16.48   	 12.02   	-116.99		
-72.33   	 15.26   	 11.56   	 -61.04		
-69.58   	 20.45   	 11.31   	 -20.35		
-69.58   	 21.97   	 11.23   	   5.09		
-60.12   	 26.25   	 11.25   	  15.26		
-57.68   	 26.86   	 11.31   	  20.35		
-58.29   	 23.50   	 11.39   	  25.43		
-57.37   	 21.67   	 11.50   	  30.52		
-64.70   	 19.53   	 11.62   	  45.78		
-69.58   	 20.14   	 11.80   	  55.95		
-67.75   	 21.67   	 12.02   	  71.21		
-66.83   	 18.92   	 12.31   	  66.12		
-68.36   	 13.12   	 12.57   	  40.69		
-67.75   	 10.99   	 12.74   	   0.00		
-69.27   	 11.60   	 12.74   	 -71.21		
-70.19   	 14.65   	 12.45   	-147.51		
-70.80   	 14.34   	 11.86   	-228.89		
-68.36   	 16.17   	 10.95   	-289.93		
-61.95   	 16.17   	  9.79   	-345.88		
-63.48   	 14.34   	  8.40   	-361.14		
-64.09   	 18.31   	  6.96   	-350.97		
-61.95   	 16.48   	  5.55   	-305.19		
-69.58   	 13.12   	  4.33   	-244.15		
-71.41   	  7.32   	  3.36   	-162.77		
-68.97   	  7.02   	  2.71   	 -76.30		
-69.27   	  9.46   	  2.40(D)	  15.26		
-68.97   	 10.38   	  2.46   	 106.82		
-68.66   	 12.51   	  2.89   	 188.20		
-69.27   	 12.82   	  3.64   	 249.24		
-74.16   	  9.46   	  4.64   	 295.01		
-71.72   	  7.63   	  5.82   	 315.36		
-73.24   	  4.88   	  7.08   	 315.36		
-76.29   	  3.66   	  8.34   	 289.93		
-70.80   	  6.71   	  9.50   	 254.32		
-74.16   	  6.41   	 10.52   	 203.46		
-76.90   	  6.71   	 11.33   	 137.33		
-72.33   	  8.54   	 11.88   	  76.30		
-70.19   	  6.41   	 12.19   	  15.26		
-71.72   	  6.10   	 12.25   	 -30.52		
-63.17   	 14.95   	 12.13   	 -66.12		
-64.70   	 15.26   	 11.86   	 -86.47		
-69.27   	 11.60   	 11.52   	 -81.38		
-68.36   	 10.07   	 11.19   	 -66.12		
-68.97   	  6.10   	 10.93   	 -40.69		
-69.89   	  1.22   	 10.76   	  -5.09		
-68.97   	  1.83   	 10.74   	  30.52		
-70.80   	 -1.53   	 10.86   	  55.95		
-79.04   	 -5.80   	 11.09   	  76.30		
-78.74   	 -7.63   	 11.39   	  91.56		
-76.29   	 -3.97   	 11.76   	  91.56		
-76.90   	 -1.83   	 12.13   	  76.30		
-64.39   	  3.36   	 12.43   	  55.95		
-60.42   	  6.71   	 12.66   	  30.52		
-63.78   	  8.24   	 12.78   	   5.09		
-61.34   	 19.84   	 12.80   	 -20.35		
-56.76   	 39.67   	 12.72   	 -40.69		
-50.66   	 64.39   	 12.55   	 -55.95		
-36.93   	101.01   	 12.33   	 -66.12		
-22.58   	132.14   	 12.07   	 -61.04		
-20.75   	143.43   	 11.82   	 -55.95		
-22.58   	145.57   	 11.60   	 -35.61		
-27.77   	140.08   	 11.45   	 -25.43		
-25.33   	142.52   	 11.35   	  -5.09		
-15.26   	161.44   	 11.33   	  10.17		
  0.00   	193.48   	 11.37   	  25.43		
 29.30   	226.14   	 11.48   	  35.61		
 39.67   	235.90   	 11.62   	  35.61		
 55.85   	248.72   	 11.76   	  40.69		
 63.78   	248.72   	 11.92   	  25.43		
 63.48   	238.04   	 12.02   	  20.35		
 64.70   	230.71   	 12.11   	  10.17		
 44.86   	205.69   	 12.15   	  -5.09		
 29.91   	173.03   	 12.13   	 -10.17		
  9.77   	134.89   	 12.09   	 -10.17		
-20.14   	 89.42   	 12.04   	 -10.17		
-30.52   	 54.93   	 12.00   	  -5.09		
-45.47   	 18.31   	 11.98   	  10.17		
-60.42   	 -5.49   	 12.02   	  20.35		
-68.66   	-15.87   	 12.11   	  40.69		
-73.24   	-34.48   	 12.27   	  50.86		
-83.92   	-42.72   	 12.47   	  71.21		
-89.11   	-47.30   	 12.76   	  86.47		
-87.59   	-55.24   	 13.10   	  91.56		
-87.59   	-58.90   	 13.47   	  96.64		
-87.28   	-62.26   	 13.86   	  96.64		
-92.16   	-65.92   	 14.24   	  96.64		
-97.66   	-70.50   	 14.63   	  86.47		
-95.52   	-66.83   	 14.97   	  81.38		
-102.23   	-71.41   	 15.30   	  71.21		
-100.40   	-75.38   	 15.58   	  61.04		
-90.03   	-70.50   	 15.83   	  40.69		
-90.94   	-69.58   	 15.99   	  30.52		
-88.81   	-65.61   	 16.11   	   5.09		
-78.74   	-58.90   	 16.13   	 -10.17		
-83.62   	-57.98   	 16.09   	 -30.52		
-93.38   	-54.93   	 15.97   	 -35.61		
-95.21   	-52.80   	 15.83   	 -40.69		
-106.51   	-56.76   	 15.67   	 -25.43		
-124.21   	-69.89   	 15.56   	  -5.09		
-148.32   	-89.72   	 15.54   	  25.43		
-166.93   	-92.16   	 15.65   	  61.04		
-170.59   	-81.18   	 15.89   	 101.73		
-123.90   	-44.25   	 16.30   	 137.33		
-26.25   	 12.21   	 16.85   	 157.68		
132.14   	 95.83   	 17.48   	 167.85		
318.91   	242.61   	 18.15   	 157.68		
502.62   	408.94   	 18.78   	 132.25		
629.58   	486.15   	 19.31   	  96.64		
638.73   	495.00(R)	 19.69   	  45.78		
528.87   	388.49   	 19.88   	   5.09		
341.49   	180.66   	 19.90   	 -25.43		
168.15   	  7.02   	 19.80   	 -40.69		
 30.82   	-110.17   	 19.63(E)	 -25.43		
-36.32   	-189.21   	 19.53   	  25.43		
-49.44   	-231.93   	 19.63   	 111.90		
-69.89   	-192.57   	 20.08   	 218.72		
-71.11   	-136.41   	 20.96   	 356.05		
-65.61   	-112.00   	 22.38   	 503.56		
-63.48   	-71.11   	 24.39   	 676.50		
-70.80   	-52.19   	 27.10   	 859.61		
-80.26   	-55.24   	 30.54   	1052.90		
-80.57   	-43.95   	 34.75   	1241.09		
-78.13   	-25.63   	 39.72   	1419.12		
-79.96   	-21.97   	 45.39   	1561.54		
-74.77   	-25.33   	 51.64   	1678.53		
-76.90   	-22.89   	 58.35   	1739.57		
-82.09   	-17.40   	 65.31   	1754.83		
-74.46   	-15.87   	 72.33   	1709.05		
-69.27   	-16.78   	 79.17   	1607.32		
-72.33   	-19.53   	 85.59   	1429.29		
-67.75   	-16.78   	 91.31   	1185.14		
-71.41   	-11.90   	 96.05   	 905.39		
-71.11   	-14.34   	 99.67   	 605.29		
-66.22   	-11.60   	102.10   	 335.71		
-72.63   	-12.51   	103.44   	 122.07		
-67.75   	 -9.77   	103.93   	 -20.35		
-61.65   	 -6.41   	103.84   	 -86.47		
-65.00   	 -6.10   	103.50   	 -76.30		
-63.17   	 -6.10   	103.19   	 -25.43		
-66.83   	-12.51   	103.09   	  76.30		
-72.63   	-13.73   	103.40   	 198.37		
-66.53   	 -9.16   	104.19   	 320.45		
-63.48   	 -7.93   	105.47   	 432.35		
-66.22   	 -6.41   	107.20   	 528.99		
-61.65   	 -3.05   	109.32   	 579.86		
-61.65   	 -3.66   	111.64   	 595.11		
-64.70   	 -4.27   	114.02   	 564.60		
-57.37   	  0.92   	116.28   	 498.47		
-55.85   	  0.92   	118.27   	 401.83		
-63.17   	 -3.36   	119.88   	 284.84		
-57.98   	  0.31   	121.02   	 162.77		
-57.07   	  1.83   	121.67   	  55.95		
-57.68   	  3.97   	121.89   	 -25.43		
-47.30   	  8.85   	121.79   	 -61.04		
-47.61   	  8.54   	121.55   	 -50.86		
-48.22   	  9.16   	121.34   	   5.09		
-39.37   	 15.26   	121.36   	  86.47		
-38.15   	 18.62   	121.71   	 183.11		
-37.54   	 24.72   	122.44   	 274.67		
-32.96   	 29.60   	123.54   	 345.88		
-36.93   	 26.55   	124.92   	 371.31		
-31.13   	 33.26   	126.41   	 376.40		
-21.67   	 39.06   	127.91   	 350.97		
-20.75   	 44.86   	129.32   	 289.93		
 -8.85   	 57.37   	130.48   	 228.89		
 -7.93   	 64.70   	131.39   	 162.77		
 -6.10   	 72.33   	132.04   	 116.99		
  7.93   	 85.14   	132.51   	  86.47		
 13.73   	 97.66   	132.86   	  76.30		
 21.67   	109.86   	133.16   	  81.38		
 28.38   	122.99   	133.49   	  86.47		
 41.50   	136.41   	133.83   	  81.38		
 49.44   	148.93   	134.16   	  76.30		
 61.65   	167.24   	134.47   	  50.86		
 79.96   	185.24   	134.67   	  30.52		
 83.31   	198.36   	134.79   	  15.26		
 98.27   	216.37   	134.85   	  -5.09		
108.64   	229.80   	134.83   	 -15.26		
106.81   	241.09   	134.77   	 -10.17		
118.10   	259.70   	134.73   	  -5.09		
122.99   	274.96   	134.71   	   5.09		
127.56   	287.48   	134.73   	  20.35		
140.99   	301.21   	134.81   	  20.35		
149.23   	313.11   	134.89   	  25.43		
147.40   	315.25   	134.99   	  25.43		
139.16   	311.89   	135.10   	  20.35		
134.28   	309.45   	135.18   	  25.43		
122.68   	296.02   	135.28   	  35.61		
107.42   	278.63   	135.42   	  45.78		
 93.99   	260.31   	135.60   	  55.95		
 84.53   	238.34   	135.83   	  61.04		
 62.26   	212.40   	136.07   	  61.04		
 43.33   	186.16   	136.32   	  45.78		
 32.35   	163.27   	136.50   	  25.43		
 11.29   	138.85   	136.60(S)	 -10.17		
 -3.36   	115.66   	136.56   	 -50.86		
 -6.41   	 97.96   	136.36   	 -96.64		
 -9.16   	 84.23   	135.97   	-147.51		
-16.78   	 70.19   	135.38   	-198.37		
-13.43   	 62.26   	134.59   	-239.06		
-20.75   	 55.54   	133.63   	-269.58		
-27.16   	 50.96   	132.55   	-289.93		
-23.19   	 45.78   	131.39   	-305.19		
-28.38   	 40.89   	130.17   	-320.45		
-25.63   	 39.67   	128.89   	-340.79		
-22.28   	 38.15   	127.53   	-386.57		
-28.69   	 36.01   	125.98   	-447.61		
-30.21   	 37.23   	124.19   	-549.34		
-29.91   	 35.10   	121.99   	-722.28		
-30.82   	 32.35   	119.10   	-971.51		
-28.08   	 36.32   	115.22   	-1236.01		
-25.02   	 37.54   	110.27   	-1449.64		
-27.47   	 36.01   	104.48   	-1576.80		
-27.77   	 39.06   	 98.17   	-1592.06		
-27.77   	 38.45   	 91.80   	-1510.68		
-30.82   	 36.93   	 85.76   	-1393.69		
-25.63   	 44.25   	 80.18   	-1266.53		
-27.47   	 46.08   	 75.12   	-1164.80		
-33.26   	 43.64   	 70.46   	-1103.76		
-26.55   	 47.00   	 66.04   	-1078.33		
-31.74   	 47.61   	 61.73   	-1078.33		
-33.87   	 47.30   	 57.42   	-1083.41		
-28.38   	 50.66   	 53.08   	-1098.67		
-29.91   	 54.02   	 48.69   	-1098.67		
-29.60   	 55.54   	 44.29   	-1088.50		
-26.25   	 56.15   	 39.94   	-1063.07		
-24.11   	 59.51   	 35.69   	-1012.20		
-26.25   	 57.37   	 31.64   	-956.25		
-25.33   	 56.15   	 27.81   	-885.04		
-29.60   	 58.29   	 24.27   	-803.66		
-24.41   	 61.34   	 21.06   	-717.19		
-19.53   	 64.39   	 18.19   	-630.72		
-24.72   	 60.73   	 15.67   	-534.08		
-19.53   	 61.65   	 13.53   	-437.43		
-22.89   	 60.12   	 11.78   	-330.62		
-27.16   	 58.90   	 10.46   	-228.89		
-23.80   	 63.48   	  9.54   	-127.16		
-18.62   	 66.83   	  9.03   	 -30.52		
-21.97   	 65.61   	  8.91   	  50.86		
-25.33   	 65.61   	  9.11   	 111.90		
-23.50   	 67.75   	  9.56   	 152.59		
-28.08   	 64.39   	 10.17   	 183.11		
-25.63   	 63.17   	 10.91   	 193.29		
-24.41   	 60.73   	 11.68   	 183.11		
-30.21   	 55.85   	 12.41   	 162.77		
-27.16   	 54.93   	 13.06   	 122.07		
-25.63   	 54.32   	 13.55   	  50.86		
-29.30   	 53.10   	 13.75   	 -30.52		
-21.36   	 57.98   	 13.63   	-122.07		
-24.41   	 54.93   	 13.14   	-223.80		
-33.26   	 54.02   	 12.25   	-310.27		
-27.77   	 54.32   	 11.01   	-391.66		
-30.52   	 50.96   	  9.44   	-442.52		
-30.21   	 50.66   	  7.67   	-462.87		
-30.52   	 43.95   	  5.82   	-457.78		
-32.04   	 44.25   	  3.99   	-417.09		
-28.69   	 43.33   	  2.32   	-330.62		
-32.96   	 39.67   	  1.00   	-223.80		
-28.69   	 44.86   	  0.10   	 -81.38		
-28.08   	 45.47   	 -0.22(D)	  71.21		
-40.28   	 38.45   	  0.06   	 218.72		
-36.32   	 43.03   	  0.94   	 345.88		
-36.62   	 40.89   	  2.32   	 447.61		
-36.62   	 36.93   	  4.11   	 493.39		
-27.16   	 38.45   	  6.08   	 498.47		
-26.86   	 36.93   	  8.08   	 452.69		
-35.10   	 35.71   	  9.89   	 371.31		
-32.65   	 34.18   	 11.37   	 264.50		
-35.10   	 35.40   	 12.43   	 142.42		
-38.76   	 33.57   	 13.00   	  25.43		
-26.86   	 33.87   	 13.10   	 -81.38		
-32.96   	 34.48   	 12.78   	-152.59		
-37.54   	 30.52   	 12.17   	-193.29		
-34.79   	 32.04   	 11.39   	-208.54		
-40.89   	 32.65   	 10.56   	-188.20		
-33.57   	 34.48   	  9.81   	-147.51		
-32.35   	 38.15   	  9.22   	 -86.47		
-33.87   	 39.37   	  8.87   	 -25.43		
-28.08   	 38.45   	  8.77   	  35.61		
-30.21   	 35.71   	  8.91   	  81.38		
-30.82   	 36.32   	  9.24   	 116.99		
-30.21   	 37.23   	  9.70   	 132.25		
-28.69   	 47.00   	 10.23   	 122.07		
-24.72   	 68.36   	 10.72   	 106.82		
-12.82   	 99.49   	 11.15   	  76.30		
 -1.53   	131.23   	 11.45   	  35.61		
  1.83   	160.52   	 11.60   	  -5.09		
  4.27   	174.26   	 11.58   	 -40.69		
  2.44   	171.51   	 11.41   	 -71.21		
  5.19   	170.90   	 11.13   	 -91.56		
  3.97   	169.07   	 10.76   	 -96.64		
 16.17   	184.33   	 10.38   	 -91.56		
 33.26   	213.62   	 10.01   	 -76.30		
 50.66   	242.31   	  9.70   	 -55.95		
 67.75   	256.96   	  9.48   	 -30.52		
 75.99   	269.17   	  9.36   	 -10.17		
 83.31   	274.05   	  9.32   	  10.17		
 90.64   	267.33   	  9.36   	  30.52		
 92.16   	267.03   	  9.48   	  35.61		
 89.42   	251.77   	  9.62   	  40.69		
 67.44   	220.95   	  9.79   	  35.61		
 44.86   	184.02   	  9.93   	  30.52		
 18.62   	136.72   	 10.05   	  15.26		
 -6.71   	 92.16   	 10.11   	  10.17		
-15.87   	 58.29   	 10.15   	   0.00		
-36.93   	 30.82   	 10.15   	  -5.09		
-49.44   	 18.92   	 10.13   	   0.00		
-47.30   	  7.02   	 10.13   	  10.17		
-52.80   	 -7.02   	 10.17   	  25.43		
-54.93   	-16.17   	 10.27   	  40.69		
-57.68   	-28.08   	 10.44   	  61.04		
-57.98   	-28.38   	 10.68   	  76.30		
-65.92   	-31.43   	 10.99   	  86.47		
-64.70   	-33.87   	 11.33   	  96.64		
-58.59   	-32.65   	 11.72   	 101.73		
-63.78   	-37.54   	 12.13   	  96.64		
-67.14   	-40.28   	 12.51   	  86.47		
-69.58   	-41.81   	 12.86   	  71.21		
-74.46   	-43.64   	 13.14   	  55.95		
-75.38   	-41.50   	 13.37   	  35.61		
-65.00   	-34.18   	 13.51   	  10.17		
-64.09   	-30.52   	 13.55   	 -15.26		
-65.61   	-25.02   	 13.49   	 -35.61		
-61.65   	-24.11   	 13.35   	 -50.86		
-70.80   	-28.08   	 13.14   	 -66.12		
-76.29   	-27.47   	 12.88   	 -61.04		
-92.47   	-43.95   	 12.63   	 -50.86		
-126.34   	-63.17   	 12.43   	 -25.43		
-155.33   	-68.66   	 12.33   	   5.09		
-167.24   	-68.36   	 12.35(E)	  40.69		
-124.21   	-34.18   	 12.51   	  76.30		
-29.60   	 25.94   	 12.82   	 111.90		
116.27   	 97.05   	 13.27   	 132.25		
308.23   	229.49   	 13.79   	 137.33		
500.49   	408.33   	 14.34   	 137.33		
638.43   	500.18   	 14.89   	 116.99		
673.22   	521.85(R)	 15.36   	  86.47		
584.72   	448.91   	 15.71   	  55.95		
394.59   	242.31   	 15.93   	  25.43		
216.06   	 50.35   	 16.03   	   5.09		
 76.90   	-72.94   	 16.05   	   5.09		
 -4.58   	-157.78   	 16.07   	  30.52		
-21.06   	-213.62   	 16.20   	  91.56		
-44.56   	-192.26   	 16.56   	 172.94		
-53.71   	-133.36   	 17.25   	 284.84		
-47.00   	-104.98   	 18.39   	 412.00		
-36.93   	-56.46   	 20.04   	 569.68		
-39.98   	-23.19   	 22.32   	 732.45		
-41.81   	-22.89   	 25.25   	 910.47		
-48.83   	-18.01   	 28.89   	1108.85		
-49.44   	 -0.92   	 33.33   	1291.96		
-48.22   	  5.19   	 38.49   	1464.90		
-47.00   	  3.36   	 44.35   	1607.32		
-50.35   	 -1.83   	 50.78   	1709.05		
-58.29   	 -2.75   	 57.62   	1770.08		
-54.32   	  4.27   	 64.70   	1765.00		
-45.17   	 11.29   	 71.76   	1719.22		
-40.59   	 14.04   	 78.64   	1597.15		
-39.06   	 21.97   	 85.03   	1408.95		
-41.81   	 17.40   	 90.66   	1164.80		
-46.39   	 13.73   	 95.32   	 874.87		
-48.83   	 17.70   	 98.82   	 574.77		
-43.95   	 19.84   	101.12   	 300.10		
-45.47   	 19.53   	102.32   	  81.38		
-44.86   	 18.01   	102.64   	 -66.12		
-42.42   	 15.56   	102.38   	-127.16		
-46.69   	 11.60   	101.87   	-122.07		
-48.83   	 11.90   	101.38   	 -45.78		
-48.52   	  8.54   	101.20   	  71.21		
-46.69   	 10.07   	101.48   	 218.72		
-37.84   	 17.09   	102.36   	 371.31		
-37.23   	 17.70   	103.84   	 503.56		
-33.87   	 25.02   	105.86   	 595.11		
-40.28   	 21.06   	108.24   	 645.98		
-43.33   	 15.87   	110.82   	 640.89		
-40.59   	 16.48   	113.39   	 584.94		
-34.79   	 18.01   	115.73   	 493.39		
-38.45   	 21.36   	117.70   	 366.22		
-39.67   	 20.75   	119.17   	 233.98		
-42.72   	 25.33   	120.10   	 101.73		
-40.59   	 31.43   	120.51   	   5.09		
-36.62   	 29.60   	120.53   	 -55.95		
-25.33   	 38.15   	120.30   	 -71.21		
-26.25   	 34.18   	120.02   	 -45.78		
-28.08   	 26.25   	119.84   	  10.17		
-24.41   	 27.16   	119.88   	  91.56		
-24.72   	 30.21   	120.24   	 167.85		
-17.70   	 44.25   	120.92   	 244.15		
-20.45   	 50.35   	121.89   	 300.10		
-10.99   	 61.95   	123.09   	 325.53		
 -5.80   	 65.31   	124.39   	 320.45		
 -7.32   	 62.87   	125.68   	 279.75		
  4.88   	 73.55   	126.80   	 223.80		
 10.38   	 78.74   	127.69   	 162.77		
 10.99   	 86.67   	128.34   	 116.99		
 24.11   	 98.88   	128.81   	  91.56		
 38.76   	113.83   	129.18   	 101.73		
 43.64   	129.09   	129.58   	 122.07		
 57.68   	144.35   	130.07   	 147.51		
 64.70   	158.69   	130.66   	 162.77		
 69.58   	169.98   	131.31   	 157.68		
 90.03   	187.99   	131.94   	 137.33		
 97.35   	207.52   	132.49   	  96.64		
110.47   	225.83   	132.88   	  50.86		
119.32   	239.56   	133.08   	   5.09		
123.90   	251.46   	133.10   	 -25.43		
133.67   	266.11   	133.00   	 -40.69		
135.50   	277.40   	132.84   	 -35.61		
144.04   	299.68   	132.70   	 -20.35		
156.25   	317.99   	132.61   	   5.09		
154.72   	323.79   	132.63   	  30.52		
163.27   	334.47   	132.76   	  50.86		
164.79   	339.05   	132.96   	  55.95		
151.37   	336.00   	133.18   	  50.86		
149.84   	335.08   	133.39   	  35.61		
147.09   	329.90   	133.53   	  20.35		
130.92   	311.89   	133.61(S)	   0.00		
113.83   	286.56   	133.61   	 -15.26		
 92.16   	260.01   	133.55   	 -20.35		
 67.14   	229.49   	133.47   	 -20.35		
 56.15   	203.86   	133.39   	 -15.26		
 46.39   	183.11   	133.33   	   0.00		
 36.93   	162.05   	133.33   	   5.09		
 25.33   	142.52   	133.35   	   0.00		
  7.32   	119.02   	133.35   	 -30.52		
  1.83   	106.81   	133.22   	 -86.47		
 -4.88   	 97.66   	132.88   	-167.85		
-14.65   	 83.31   	132.21   	-249.24		
-12.82   	 82.40   	131.21   	-320.45		
-19.23   	 71.11   	129.93   	-386.57		
-26.25   	 59.20   	128.38   	-417.09		
-21.06   	 61.04   	126.71   	-442.52		
-19.84   	 56.15   	124.94   	-452.69		
-21.67   	 55.24   	123.13   	-478.13		
-16.48   	 52.80   	121.22   	-528.99		
-20.14   	 48.52   	119.10   	-640.89		
-24.41   	 48.52   	116.54   	-834.18		
-29.60   	 46.39   	113.20   	-1057.98		
-34.79   	 45.47   	108.97   	-1261.44		
-31.74   	 47.00   	103.93   	-1398.77		
-28.99   	 44.56   	 98.33   	-1444.55		
-25.63   	 43.33   	 92.55   	-1414.03		
-30.52   	 42.72   	 86.90   	-1342.82		
-33.57   	 40.28   	 81.53   	-1266.53		
-29.30   	 41.81   	 76.46   	-1225.83		
-30.52   	 41.50   	 71.56   	-1200.40		
-21.97   	 47.91   	 66.75   	-1215.66		
-20.45   	 55.24   	 61.89   	-1225.83		
-31.13   	 48.83   	 56.99   	-1241.09		
-28.99   	 52.49   	 52.02   	-1246.18		
-33.87   	 47.61   	 47.04   	-1225.83		
-29.91   	 45.78   	 42.14   	-1190.23		
-31.13   	 48.52   	 37.38   	-1144.45		
-34.79   	 48.22   	 32.80   	-1073.24		
-29.91   	 50.96   	 28.50   	-991.86		
-34.48   	 47.00   	 24.54   	-915.56		
-28.38   	 48.22   	 20.87   	-829.09		
-21.06   	 51.27   	 17.56   	-742.62		
-26.86   	 49.74   	 14.59   	-645.98		
-24.72   	 55.54   	 12.00   	-554.42		
-23.80   	 57.98   	  9.79   	-452.69		
-23.80   	 61.65   	  7.98   	-350.97		
-18.62   	 65.00   	  6.57   	-233.98		
-18.92   	 62.56   	  5.64   	-132.25		
-21.97   	 63.17   	  5.11   	 -35.61		
-26.86   	 61.34   	  4.96   	  55.95		
-27.77   	 57.37   	  5.19   	 122.07		
-25.94   	 60.12   	  5.68   	 178.03		
-22.58   	 59.81   	  6.39   	 213.63		
-15.26   	 62.87   	  7.24   	 223.80		
-19.53   	 61.95   	  8.14   	 228.89		
-16.17   	 62.56   	  9.05   	 198.37		
-19.23   	 61.04   	  9.85   	 157.68		
-19.84   	 59.51   	 10.48   	  81.38		
-17.09   	 63.17   	 10.80   	  -5.09		
-18.92   	 64.39   	 10.78   	-106.82		
-16.17   	 66.53   	 10.36   	-213.63		
-22.28   	 57.98   	  9.50   	-310.27		
-23.80   	 52.49   	  8.26   	-391.66		
-18.92   	 54.32   	  6.69   	-437.43		
-21.67   	 48.83   	  4.94   	-457.78		
-15.87   	 57.37   	  3.11   	-442.52		
-11.90   	 61.65   	  1.34   	-386.57		
-17.09   	 53.71   	 -0.20   	-295.01		
-14.04   	 57.68   	 -1.38   	-188.20		
-10.38   	 60.73   	 -2.14   	 -66.12		
-16.48   	 54.63   	 -2.40(D)	  61.04		
-18.92   	 59.51   	 -2.16   	 172.94		
-18.31   	 58.59   	 -1.46   	 269.58		
-25.63   	 55.85   	 -0.39   	 340.79		
-24.11   	 57.68   	  0.98   	 381.48		
-12.51   	 58.90   	  2.50   	 381.48		
-19.84   	 54.63   	  4.03   	 361.14		
-23.50   	 50.96   	  5.47   	 305.19		
-21.06   	 49.74   	  6.69   	 239.06		
-27.77   	 48.83   	  7.65   	 157.68		
-31.74   	 50.66   	  8.28   	  71.21		
-25.33   	 53.41   	  8.57   	  -5.09		
-25.02   	 60.73   	  8.55   	 -66.12		
-18.31   	 86.06   	  8.28   	-111.90		
 -3.36   	115.05   	  7.83   	-132.25		
  9.46   	154.42   	  7.30   	-137.33		
 15.26   	183.72   	  6.75   	-116.99		
 12.21   	184.63   	  6.29   	 -81.38		
  9.46   	180.66   	  5.96   	 -40.69		
  7.93   	176.70   	  5.80   	   5.09		
 18.31   	187.68   	  5.82   	  55.95		
 31.13   	214.84   	  6.04   	  86.47		
 51.27   	253.30   	  6.39   	 122.07		
 69.27   	273.44   	  6.88   	 132.25		
 80.26   	281.68   	  7.41   	 137.33		
 97.35   	288.70   	  7.96   	 116.99		
 97.96   	278.63   	  8.42   	  96.64		
105.59   	276.49   	  8.81   	  66.12		
 91.25   	260.31   	  9.07   	  20.35		
 69.89   	236.21   	  9.16   	 -10.17		
 63.48   	208.13   	  9.11   	 -50.86		
 36.93   	157.78   	  8.91   	 -76.30		
 18.01   	123.90   	  8.61   	 -86.47		
  3.66   	 86.06   	  8.26   	 -91.56		
-17.09   	 47.91   	  7.89   	 -76.30		
-34.79   	 32.65   	  7.59   	 -55.95		
-36.01   	 16.17   	  7.37   	 -15.26		
-34.18   	 -0.92   	  7.30   	  25.43		
-44.56   	 -7.63   	  7.41   	  71.21		
-46.08   	-11.90   	  7.69   	 111.90		
-46.39   	-11.90   	  8.14   	 137.33		
-46.69   	 -9.16   	  8.69   	 162.77		
-45.78   	-11.90   	  9.34   	 167.85		
-43.33   	 -8.24   	 10.01   	 167.85		
-46.69   	-10.68   	 10.68   	 147.51		
-53.10   	-19.23   	 11.27   	 127.16		
-55.24   	-16.17   	 11.78   	  96.64		
-54.02   	-19.53   	 12.17   	  61.04		
-61.04   	-26.55   	 12.41   	  25.43		
-60.73   	-20.14   	 12.51   	 -10.17		
-57.68   	-11.60   	 12.47   	 -50.86		
-51.57   	 -4.27   	 12.27   	 -81.38		
-44.56   	  3.05   	 11.94   	-101.73		
-43.33   	  7.63   	 11.54   	-111.90		
-49.13   	  2.44   	 11.09   	-101.73		
-63.17   	-13.12   	 10.68   	 -76.30		
-92.77   	-39.06   	 10.38   	 -50.86		
-125.12   	-61.65   	 10.17   	 -10.17		
-140.08   	-69.89   	 10.13(E)	  30.52		
-138.24   	-60.12   	 10.25   	  71.21		
-82.70   	-15.87   	 10.54   	  91.56		
 30.82   	 57.98   	 10.91   	 116.99		
174.26   	155.64   	 11.37   	 116.99		
352.48   	321.35   	 11.84   	 111.90		
533.45   	515.75   	 12.29   	  91.56		
625.92   	602.42   	 12.66   	  71.21		
608.52   	603.64(R)	 12.94   	  45.78		
484.31   	492.86   	 13.12   	  25.43		
291.44   	251.46   	 13.22   	  15.26		
128.17   	 54.93   	 13.29   	  20.35		
 22.28   	-68.05   	 13.37   	  40.69		
-21.97   	-162.66   	 13.53   	  81.38		
-34.18   	-200.81   	 13.86   	 147.51		
-53.41   	-171.51   	 14.45   	 239.06		
-53.71   	-127.26   	 15.40   	 340.79		
-40.28   	-91.25   	 16.76   	 462.87		
-39.37   	-47.00   	 18.62   	 610.37		
-40.59   	-17.70   	 21.06   	 762.97		
-38.45   	-12.51   	 24.11   	 930.82		
-44.25   	 -4.58   	 27.83   	1093.59		
-41.50   	 10.07   	 32.21   	1246.18		
-34.79   	 11.60   	 37.19   	1388.60		
-41.81   	  5.19   	 42.75   	1515.76		
-38.76   	  9.16   	 48.81   	1612.40		
-42.11   	 10.07   	 55.26   	1683.61		
-36.62   	 14.34   	 61.99   	1719.22		
-30.21   	 16.17   	 68.87   	1709.05		
-39.67   	 11.29   	 75.71   	1642.92		
-39.37   	 16.17   	 82.28   	1510.68		
-36.62   	 22.28   	 88.32   	1312.30		
-32.65   	 25.02   	 93.57   	1057.98		
-24.41   	 29.30   	 97.80   	 778.23		
-28.99   	 28.38   	100.92   	 498.47		
-32.96   	 25.33   	102.91   	 249.24		
-31.74   	 23.80   	103.91   	  55.95		
-28.99   	 24.72   	104.13   	 -55.95		
-29.60   	 20.45   	103.91   	 -91.56		
-35.40   	 19.23   	103.54   	 -45.78		
-32.35   	 22.58   	103.36   	  45.78		
-36.32   	 21.36   	103.54   	 183.11		
-36.93   	 26.25   	104.27   	 320.45		
-26.86   	 28.38   	105.55   	 452.69		
-28.99   	 25.63   	107.36   	 539.16		
-32.65   	 28.08   	109.52   	 584.94		
-36.62   	 23.50   	111.86   	 584.94		
-29.30   	 25.63   	114.20   	 544.25		
-26.86   	 27.47   	116.38   	 473.04		
-32.35   	 22.89   	118.27   	 371.31		
-23.50   	 24.41   	119.76   	 269.58		
-22.28   	 27.47   	120.83   	 167.85		
-28.69   	 28.69   	121.51   	  71.21		
-23.50   	 32.35   	121.79   	  10.17		
-17.70   	 36.93   	121.83   	 -25.43		
-21.67   	 40.28   	121.73   	 -25.43		
-19.23   	 38.15   	121.63   	  10.17		
-14.34   	 38.15   	121.67   	  71.21		
-11.60   	 40.28   	121.95   	 132.25		
-11.60   	 40.89   	122.48   	 198.37		
-10.68   	 39.37   	123.28   	 239.06		
  0.92   	 45.47   	124.23   	 254.32		
  6.41   	 57.98   	125.25   	 249.24		
  9.77   	 65.00   	126.25   	 233.98		
 23.19   	 79.04   	127.18   	 213.63		
 24.41   	 87.28   	128.04   	 208.54		
 25.94   	 87.89   	128.87   	 203.46		
 35.40   	 96.44   	129.68   	 208.54		
 50.96   	113.22   	130.52   	 208.54		
 63.17   	133.06   	131.35   	 193.29		
 74.46   	149.54   	132.13   	 162.77		
 90.33   	163.88   	132.78   	 106.82		
 87.28   	173.65   	133.20   	  50.86		
 91.25   	184.33   	133.41   	   5.09		
105.59   	200.81   	133.43   	 -25.43		
110.17   	220.95   	133.33   	 -35.61		
131.23   	239.26   	133.18   	 -15.26		
140.08   	251.16   	133.12   	  20.35		
143.74   	261.23   	133.20   	  55.95		
153.50   	272.52   	133.43   	  96.64		
158.69   	285.34   	133.81   	 127.16		
162.66   	297.24   	134.32   	 127.16		
166.93   	309.75   	134.83   	 111.90		
165.41   	317.08   	135.28   	  76.30		
148.62   	308.84   	135.58   	  25.43		
148.62   	306.09   	135.69(S)	 -20.35		
141.30   	300.29   	135.60   	 -55.95		
123.90   	285.34   	135.38   	 -81.38		
112.00   	273.74   	135.06   	 -86.47		
 89.72   	252.08   	134.71   	 -76.30		
 67.75   	225.22   	134.40   	 -66.12		
 56.76   	200.81   	134.14   	 -45.78		
 47.00   	177.00   	133.96   	 -25.43		
 38.15   	155.64   	133.86   	  -5.09		
 27.47   	134.89   	133.83   	   0.00		
 18.62   	117.80   	133.83   	  10.17		
  7.32   	101.01   	133.88   	  -5.09		
 -1.22   	 86.06   	133.86   	 -30.52		
 -9.46   	 76.29   	133.73   	 -71.21		
 -9.46   	 70.50   	133.45   	-132.25		
-12.21   	 63.78   	132.92   	-208.54		
-14.65   	 60.73   	132.08   	-289.93		
-10.38   	 60.42   	130.93   	-386.57		
-23.19   	 50.05   	129.38   	-483.21		
-27.16   	 46.39   	127.45   	-584.94		
-23.19   	 48.52   	125.11   	-686.67		
-28.38   	 43.95   	122.36   	-818.92		
-18.62   	 47.61   	119.08   	-976.60		
-16.48   	 49.44   	115.18   	-1154.62		
-20.14   	 45.47   	110.56   	-1291.96		
-22.28   	 43.64   	105.39   	-1393.69		
-26.25   	 42.42   	 99.82   	-1429.29		
-25.63   	 38.15   	 94.10   	-1414.03		
-27.16   	 35.10   	 88.44   	-1388.60		
-26.55   	 38.15   	 82.89   	-1363.17		
-25.02   	 43.95   	 77.44   	-1368.26		
-24.11   	 47.30   	 71.96   	-1388.60		
-22.28   	 53.41   	 66.41   	-1424.21		
-17.40   	 59.81   	 60.71   	-1464.90		
-20.14   	 54.02   	 54.85   	-1475.07		
-25.63   	 55.24   	 48.95   	-1464.90		
-19.23   	 57.98   	 43.09   	-1414.03		
-19.84   	 54.02   	 37.44   	-1332.65		
-17.09   	 54.02   	 32.11   	-1220.75		
-14.34   	 55.85   	 27.22   	-1073.24		
-21.06   	 53.10   	 22.93   	-915.56		
-23.19   	 53.10   	 19.27   	-747.71		
-18.31   	 59.20   	 16.28   	-574.77		
 -8.24   	 64.09   	 13.98   	-412.00		
 -3.05   	 66.22   	 12.33   	-269.58		
 -4.58   	 67.14   	 11.25   	-157.68		
 -3.97   	 69.89   	 10.62   	 -61.04		
-13.12   	 66.53   	 10.38   	   0.00		
-13.43   	 69.58   	 10.38   	  35.61		
 -8.54   	 69.58   	 10.52   	  55.95		
 -7.32   	 66.22   	 10.74   	  61.04		
 -1.53   	 70.19   	 10.99   	  61.04		
 -1.83   	 71.41   	 11.23   	  55.95		
  0.31   	 75.38   	 11.45   	  55.95		
  3.66   	 76.90   	 11.68   	  61.04		
 -0.92   	 73.24   	 11.92   	  55.95		
 -4.27   	 66.83   	 12.15   	  45.78		
 -7.93   	 65.31   	 12.33   	  15.26		
 -7.02   	 65.92   	 12.39   	 -35.61		
-11.29   	 64.70   	 12.25   	 -96.64		
 -4.27   	 67.14   	 11.86   	-178.03		
  3.97   	 67.75   	 11.15   	-244.15		
 -4.88   	 67.44   	 10.17   	-305.19		
 -3.36   	 70.50   	  8.95   	-330.62		
 -6.71   	 69.89   	  7.63   	-340.79		
 -9.77   	 70.80   	  6.27   	-305.19		
 -9.46   	 68.97   	  5.05   	-254.32		
 -6.71   	 63.78   	  4.03   	-172.94		
-13.43   	 60.12   	  3.34   	 -81.38		
-17.40   	 58.59   	  3.01(D)	  15.26		
-10.99   	 62.26   	  3.07   	  96.64		
-11.29   	 63.78   	  3.46   	 167.85		
 -9.16   	 66.22   	  4.13   	 213.63		
 -3.66   	 64.70   	  4.98   	 239.06		
-17.09   	 54.63   	  5.94   	 244.15		
-19.53   	 56.15   	  6.92   	 228.89		
-13.12   	 60.73   	  7.83   	 193.29		
-10.68   	 63.48   	  8.61   	 162.77		
 -9.77   	 63.78   	  9.26   	 122.07		
-10.99   	 57.07   	  9.75   	  86.47		
-13.73   	 53.10   	 10.09   	  55.95		
-14.04   	 50.35   	 10.32   	  35.61		
 -9.46   	 53.71   	 10.46   	  15.26		
 -8.54   	 57.07   	 10.52   	  10.17		
 -3.36   	 57.07   	 10.56   	  10.17		
-13.12   	 52.80   	 10.60   	  15.26		
-22.28   	 50.05   	 10.66   	  25.43		
-16.48   	 47.91   	 10.76   	  40.69		
-21.36   	 52.80   	 10.93   	  50.86		
-10.38   	 66.83   	 11.13   	  61.04		
  1.83   	 84.84   	 11.37   	  71.21		
  7.93   	115.97   	 11.66   	  71.21		
 20.75   	149.84   	 11.94   	  61.04		
 27.77   	180.05   	 12.19   	  55.95		
 25.02   	192.87   	 12.41   	  35.61		
 27.77   	192.87   	 12.55   	  10.17		
 21.06   	184.63   	 12.59   	  -5.09		
 21.36   	183.11   	 12.57   	 -25.43		
 40.28   	207.82   	 12.47   	 -40.69		
 50.66   	239.87   	 12.31   	 -50.86		
 67.75   	272.52   	 12.11   	 -50.86		
 84.84   	285.03   	 11.90   	 -50.86		
 93.99   	284.12   	 11.70   	 -40.69		
108.95   	283.81   	 11.54   	 -30.52		
119.63   	275.27   	 11.41   	 -20.35		
108.64   	261.54   	 11.33   	  -5.09		
 89.72   	246.28   	 11.31   	  10.17		
 78.13   	222.17   	 11.35   	  20.35		
 66.22   	188.60   	 11.43   	  30.52		
 41.20   	148.01   	 11.56   	  35.61		
 32.04   	110.78   	 11.70   	  40.69		
 11.29   	 68.05   	 11.86   	  45.78		
-16.78   	 38.45   	 12.04   	  50.86		
-12.51   	 30.52   	 12.25   	  55.95		
-11.90   	 19.23   	 12.47   	  61.04		
-18.01   	 11.90   	 12.72   	  66.12		
-25.33   	  3.66   	 12.98   	  76.30		
-32.35   	 -3.36   	 13.29   	  76.30		
-33.57   	 -6.10   	 13.59   	  81.38		
-40.28   	-10.68   	 13.92   	  86.47		
-35.40   	-15.87   	 14.26   	  81.38		
-37.84   	-21.06   	 14.59   	  81.38		
-40.89   	-22.28   	 14.91   	  76.30		
-37.54   	-18.62   	 15.22   	  71.21		
-42.11   	-15.87   	 15.50   	  61.04		
-38.45   	-15.87   	 15.75   	  50.86		
-44.25   	-16.78   	 15.95   	  35.61		
-50.05   	-19.84   	 16.09   	  20.35		
-44.25   	-18.92   	 16.17   	   5.09		
-45.47   	-18.62   	 16.20   	   0.00		
-40.28   	-17.70   	 16.20   	   0.00		
-37.84   	-12.21   	 16.20   	  10.17		
-46.39   	-12.21   	 16.24   	  25.43		
-64.70   	-22.28   	 16.34   	  45.78		
-104.37   	-39.37   	 16.52   	  71.21		
-125.73   	-47.91   	 16.81   	 101.73		
-119.32   	-43.64   	 17.21   	 122.07		
-76.90   	 -6.10   	 17.70   	 137.33		
 32.65   	 54.02   	 18.25   	 147.51		
184.94   	141.91   	 18.84   	 137.33		
360.41   	294.80   	 19.39   	 116.99		
540.16   	462.04   	 19.86   	  81.38		
651.55   	528.26   	 20.18   	  45.78		
665.28   	535.28(R)	 20.37   	   0.00		
555.42   	415.65   	 20.37   	 -35.61		
378.72   	200.20   	 20.22   	 -61.04		
225.83   	 36.32   	 19.98   	 -61.04		
 81.48   	-90.33   	 19.74   	 -45.78		
 16.78   	-162.66   	 19.55(E)	  10.17		
  5.49   	-197.45   	 19.59   	  96.64		
-22.58   	-161.13   	 19.98   	 203.46		
-21.36   	-100.10   	 20.79   	 350.97		
-12.51   	-71.72   	 22.20   	 508.65		
-12.51   	-30.52   	 24.23   	 696.84		
-20.45   	-11.90   	 27.02   	 890.13		
-19.23   	 -7.63   	 30.58   	1093.59		
-16.17   	  2.75   	 34.95   	1291.96		
-18.31   	 15.26   	 40.12   	1459.81		
-21.36   	 14.65   	 45.96   	1602.23		
-21.36   	  7.02   	 52.37   	1693.79		
-18.62   	  9.16   	 59.15   	1744.65		
-23.50   	 16.17   	 66.12   	1744.65		
-20.45   	 17.40   	 73.10   	1703.96		
-13.43   	 14.34   	 79.92   	1607.32		
-23.50   	 10.68   	 86.35   	1454.72		
-29.91   	  5.80   	 92.17   	1241.09		
-21.97   	 10.68   	 97.13   	 981.68		
-27.16   	 10.99   	101.06   	 701.93		
-21.06   	 14.04   	103.87   	 437.43		
-18.01   	 23.19   	105.62   	 208.54		
-18.31   	 25.33   	106.45   	  45.78		
-12.21   	 27.77   	106.63   	 -40.69		
-12.51   	 25.94   	106.47   	 -50.86		
 -9.46   	 22.89   	106.27   	  10.17		
-13.73   	 20.45   	106.31   	 106.82		
-23.50   	 21.67   	106.73   	 228.89		
-28.38   	 20.14   	107.65   	 335.71		
-26.25   	 21.06   	108.99   	 422.18		
-25.94   	 18.62   	110.68   	 483.21		
-18.92   	 19.53   	112.61   	 503.56		
-18.31   	 20.75   	114.63   	 503.56		
-24.11   	 18.92   	116.64   	 478.13		
-19.23   	 25.94   	118.55   	 432.35		
-17.40   	 26.86   	120.28   	 376.40		
-14.04   	 22.89   	121.79   	 310.27		
 -8.85   	 27.16   	123.03   	 244.15		
-14.04   	 25.63   	124.01   	 183.11		
-13.73   	 25.63   	124.74   	 132.25		
-16.48   	 30.52   	125.27   	  86.47		
-16.17   	 28.99   	125.61   	  66.12		
-11.60   	 29.91   	125.88   	  61.04		
-14.34   	 30.82   	126.12   	  81.38		
 -2.14   	 37.84   	126.45   	 116.99		
  0.31   	 43.03   	126.92   	 167.85		
  5.80   	 47.91   	127.59   	 223.80		
 13.12   	 52.80   	128.48   	 279.75		
 10.07   	 51.57   	129.60   	 310.27		
 14.65   	 57.07   	130.84   	 335.71		
 17.70   	 62.87   	132.19   	 340.79		
 24.11   	 68.05   	133.55   	 325.53		
 36.93   	 78.13   	134.85   	 295.01		
 44.25   	 86.98   	136.03   	 249.24		
 48.22   	 94.91   	137.03   	 198.37		
 59.51   	109.56   	137.82   	 137.33		
 71.72   	126.65   	138.37   	  66.12		
 79.04   	141.60   	138.64   	   5.09		
 89.42   	159.61   	138.66   	 -45.78		
 98.27   	173.65   	138.47   	 -71.21		
105.59   	188.90   	138.19   	 -76.30		
113.22   	200.81   	137.88   	 -61.04		
130.31   	217.29   	137.64   	 -20.35		
144.65   	238.65   	137.56   	  30.52		
144.96   	252.69   	137.68   	  76.30		
159.91   	269.47   	137.99   	 111.90		
177.00   	287.48   	138.43   	 142.42		
177.92   	300.60   	139.00   	 147.51		
186.16   	314.64   	139.59   	 147.51		
187.38   	331.42   	140.18   	 122.07		
178.53   	339.36   	140.67   	  86.47		
170.59   	337.52   	141.02   	  45.78		
170.90   	333.25   	141.20   	  15.26		
162.96   	318.91   	141.26(S)	 -20.35		
149.54   	304.57   	141.18   	 -35.61		
140.69   	288.39   	141.04   	 -35.61		
120.24   	264.59   	140.89   	 -40.69		
108.03   	243.84   	140.73   	 -25.43		
 89.42   	213.32   	140.63   	 -15.26		
 70.80   	184.94   	140.57   	 -10.17		
 66.22   	165.41   	140.53   	  -5.09		
 52.49   	144.35   	140.51   	   0.00		
 39.98   	126.04   	140.51   	   5.09		
 39.98   	111.08   	140.53   	   0.00		
 31.13   	 93.69   	140.53   	 -15.26		
 17.70   	 79.65   	140.47   	 -50.86		
 18.92   	 71.72   	140.26   	 -96.64		
 13.12   	 64.70   	139.88   	-162.77		
 10.68   	 60.42   	139.23   	-233.98		
 18.31   	 54.63   	138.29   	-310.27		
 14.04   	 52.19   	137.05   	-386.57		
  7.32   	 51.27   	135.50   	-457.78		
  1.53   	 48.52   	133.67   	-534.08		
 -2.44   	 47.30   	131.54   	-610.37		
  3.05   	 43.95   	129.09   	-701.93		
 11.29   	 37.23   	126.29   	-834.18		
 14.04   	 40.28   	122.95   	-1002.03		
  8.24   	 41.81   	118.94   	-1185.14		
  3.97   	 38.45   	114.20   	-1317.39		
  4.88   	 44.86   	108.93   	-1388.60		
  7.63   	 43.95   	103.38   	-1388.60		
  7.02   	 41.50   	 97.82   	-1332.65		
  4.88   	 45.17   	 92.49   	-1256.35		
 -2.14   	 46.08   	 87.47   	-1195.32		
  1.83   	 49.44   	 82.69   	-1169.88		
  1.83   	 49.44   	 78.01   	-1185.14		
  1.83   	 48.52   	 73.27   	-1225.83		
  8.54   	 50.35   	 68.36   	-1271.61		
  3.05   	 50.96   	 63.28   	-1312.30		
  0.31   	 45.47   	 58.03   	-1312.30		
 10.99   	 51.27   	 52.78   	-1291.96		
 10.38   	 50.96   	 47.61   	-1220.75		
  6.71   	 44.86   	 42.73   	-1129.19		
  7.63   	 52.19   	 38.21   	-1012.20		
  8.24   	 55.85   	 34.16   	-890.13		
  8.54   	 56.76   	 30.60   	-752.79		
  2.75   	 54.93   	 27.59   	-615.46		
  6.41   	 57.98   	 25.13   	-483.21		
  5.80   	 57.98   	 23.19   	-361.14		
  0.00   	 53.10   	 21.75   	-269.58		
  3.97   	 55.85   	 20.67   	-213.63		
 10.07   	 61.34   	 19.82   	-203.46		
  5.80   	 58.90   	 19.00   	-228.89		
  9.77   	 62.56   	 18.09   	-289.93		
 18.01   	 70.80   	 16.93   	-366.22		
 11.90   	 66.83   	 15.46   	-437.43		
 13.43   	 65.61   	 13.71   	-493.39		
 13.12   	 68.66   	 11.74   	-508.65		
  7.02   	 66.22   	  9.70   	-478.13		
 10.99   	 65.00   	  7.79   	-406.92		
 10.07   	 67.75   	  6.16   	-284.84		
  9.77   	 65.31   	  5.03   	-137.33		
  9.16   	 60.73   	  4.48   	  20.35		
  5.80   	 61.04   	  4.56   	 167.85		
  4.88   	 57.98   	  5.23   	 274.67		
 11.29   	 60.42   	  6.33   	 335.71		
 15.56   	 64.39   	  7.67   	 335.71		
 19.53   	 65.92   	  9.01   	 289.93		
 14.34   	 64.70   	 10.17   	 183.11		
 10.68   	 61.34   	 10.91   	  50.86		
  3.66   	 57.37   	 11.11   	 -96.64		
  3.66   	 57.07   	 10.72   	-233.98		
 12.82   	 62.26   	  9.79   	-340.79		
 12.21   	 61.95   	  8.42   	-406.92		
  7.32   	 61.04   	  6.80   	-412.00		
  6.71   	 60.12   	  5.15   	-371.31		
  8.24   	 56.15   	  3.66   	-274.67		
  7.02   	 53.41   	  2.56   	-142.42		
 13.12   	 56.15   	  1.99(D)	  15.26		
 11.90   	 54.02   	  2.05   	 172.94		
  8.24   	 54.32   	  2.75   	 310.27		
  9.16   	 58.59   	  3.99   	 427.26		
  5.49   	 59.20   	  5.70   	 488.30		
  8.85   	 60.73   	  7.65   	 503.56		
  6.41   	 57.37   	  9.66   	 462.87		
  6.41   	 52.49   	 11.52   	 391.66		
 19.23   	 53.10   	 13.08   	 284.84		
 13.43   	 50.96   	 14.22   	 162.77		
 10.99   	 53.71   	 14.87   	  50.86		
  7.32   	 52.19   	 15.08   	 -55.95		
 -3.36   	 48.22   	 14.85   	-132.25		
 -3.36   	 45.78   	 14.32   	-178.03		
  2.44   	 42.72   	 13.61   	-193.29		
  5.19   	 50.05   	 12.84   	-178.03		
  4.88   	 48.52   	 12.13   	-137.33		
  3.66   	 49.44   	 11.58   	 -91.56		
  5.19   	 48.52   	 11.21   	 -35.61		
  3.66   	 42.72   	 11.07   	  10.17		
  3.66   	 46.39   	 11.11   	  55.95		
  6.71   	 47.00   	 11.33   	  86.47		
  4.58   	 46.08   	 11.68   	  91.56		
  8.24   	 49.13   	 12.04   	  96.64		
  3.97   	 46.39   	 12.43   	  81.38		
 -0.31   	 47.00   	 12.76   	  55.95		
  5.80   	 55.54   	 12.98   	  25.43		
  1.83   	 65.00   	 13.08   	  -5.09		
  4.88   	 83.92   	 13.06   	 -25.43		
 23.80   	118.10   	 12.96   	 -50.86		
 33.87   	155.94   	 12.76   	 -61.04		
 40.89   	181.88   	 12.51   	 -61.04		
 52.49   	196.84   	 12.27   	 -55.95		
 48.83   	191.04   	 12.04   	 -40.69		
 38.76   	180.05   	 11.88   	 -25.43		
 46.69   	188.29   	 11.78   	  -5.09		
 59.81   	206.60   	 11.76   	  15.26		
 77.21   	240.48   	 11.82   	  25.43		
 96.74   	263.98   	 11.92   	  40.69		
112.61   	273.74   	 12.09   	  35.61		
124.82   	283.81   	 12.23   	  40.69		
133.97   	283.20   	 12.39   	  25.43		
142.21   	278.02   	 12.49   	  20.35		
137.33   	267.64   	 12.57   	   5.09		
114.44   	241.39   	 12.59   	  -5.09		
 99.18   	204.16   	 12.57   	 -20.35		
 74.16   	162.96   	 12.49   	 -25.43		
 42.42   	119.32   	 12.39   	 -30.52		
 27.16   	 80.57   	 12.27   	 -30.52		
  7.32   	 49.13   	 12.15   	 -20.35		
-10.68   	 28.08   	 12.07   	   0.00		
 -7.32   	 18.62   	 12.07   	  20.35		
 -5.19   	  6.10   	 12.15   	  45.78		
 -5.49   	 -0.61   	 12.33   	  76.30		
-10.68   	 -6.41   	 12.63   	  96.64		
-12.82   	-14.65   	 13.02   	 122.07		
-14.34   	-15.56   	 13.51   	 132.25		
-22.89   	-21.06   	 14.04   	 132.25		
-22.28   	-23.19   	 14.57   	 132.25		
-20.14   	-21.36   	 15.10   	 122.07		
-24.72   	-20.75   	 15.58   	 101.73		
-26.86   	-22.58   	 15.99   	  86.47		
-25.94   	-25.33   	 16.34   	  61.04		
-26.55   	-25.94   	 16.58   	  40.69		
-31.43   	-28.69   	 16.74   	  10.17		
-24.72   	-24.72   	 16.79   	 -10.17		
-22.89   	-18.92   	 16.74   	 -30.52		
-30.21   	-20.45   	 16.62   	 -40.69		
-28.99   	-17.40   	 16.46   	 -55.95		
-28.99   	-13.73   	 16.24   	 -45.78		
-40.59   	-16.78   	 16.05   	 -30.52		
-59.81   	-31.13   	 15.93   	 -10.17		
-85.45   	-44.25   	 15.89   	  30.52		
-109.56   	-53.10   	 16.01   	  71.21		
-115.66   	-52.19   	 16.30   	 106.82		
-55.54   	-12.21   	 16.72   	 147.51		
 44.25   	 38.76   	 17.31   	 162.77		
198.36   	121.46   	 17.97   	 167.85		
401.92   	274.66   	 18.64   	 157.68		
586.85   	423.58   	 19.27   	 127.16		
705.87   	473.63(R)	 19.78   	  91.56		
720.83   	469.36   	 20.14   	  45.78		
602.11   	352.78   	 20.33   	   0.00		
412.29   	154.72   	 20.33   	 -25.43		
246.28   	  4.27   	 20.22   	 -35.61		
111.08   	-97.66   	 20.08(E)	 -20.35		
 42.11   	-168.76   	 20.00   	  35.61		
 21.97   	-205.69   	 20.14   	 116.99		
 -3.97   	-152.89   	 20.61   	 223.80		
-11.60   	-94.60   	 21.51   	 356.05		
 -5.19   	-67.44   	 22.93   	 508.65		
 -3.36   	-24.41   	 24.96   	 676.50		
-12.82   	-11.29   	 27.67   	 854.52		
-14.65   	-11.60   	 31.09   	1052.90		
-21.06   	  0.00   	 35.30   	1251.27		
-20.45   	 12.21   	 40.31   	1429.29		
-14.95   	 15.56   	 46.02   	1586.97		
-16.17   	  6.10   	 52.37   	1703.96		
-19.53   	  5.19   	 59.19   	1770.08		
-23.50   	 11.90   	 66.27   	1780.26		
-26.55   	 11.29   	 73.39   	1739.57		
-28.38   	 10.99   	 80.35   	1637.84		
-25.02   	 12.82   	 86.90   	1464.90		
-24.11   	 18.62   	 92.76   	1236.01		
-20.14   	 22.58   	 97.70   	 956.25		
-16.17   	 27.16   	101.53   	 666.32		
-24.72   	 26.25   	104.19   	 386.57		
-24.41   	 23.80   	105.74   	 157.68		
-26.86   	 23.50   	106.37   	   5.09		
-30.52   	 22.89   	106.39   	 -71.21		
-21.67   	 25.02   	106.10   	 -86.47		
-22.58   	 26.86   	105.76   	 -30.52		
-28.38   	 25.94   	105.64   	  71.21		
-21.06   	 26.86   	105.92   	 193.29		
-20.14   	 27.77   	106.69   	 320.45		
-22.58   	 27.16   	107.98   	 447.61		
-12.21   	 32.35   	109.77   	 534.08		
-12.21   	 33.87   	111.90   	 595.11		
-14.34   	 32.04   	114.28   	 600.20		
-13.73   	 35.10   	116.68   	 574.77		
-17.40   	 36.32   	118.98   	 508.65		
-16.48   	 39.37   	121.02   	 406.92		
-16.17   	 40.59   	122.64   	 284.84		
-16.78   	 42.72   	123.78   	 167.85		
-13.73   	 44.86   	124.46   	  55.95		
-21.97   	 41.81   	124.68   	 -25.43		
-20.75   	 44.56   	124.58   	 -66.12		
-15.87   	 42.11   	124.31   	 -61.04		
-11.29   	 44.56   	124.07   	  -5.09		
 -2.14   	 48.52   	124.05   	  76.30		
 -1.53   	 50.35   	124.35   	 178.03		
  0.31   	 55.85   	125.07   	 284.84		
 -0.92   	 59.51   	126.20   	 366.22		
 -0.92   	 64.39   	127.67   	 412.00		
  9.46   	 70.19   	129.32   	 417.09		
 17.09   	 79.35   	130.99   	 376.40		
 21.36   	 87.89   	132.49   	 315.36		
 21.67   	 96.13   	133.75   	 228.89		
 31.13   	108.64   	134.67   	 162.77		
 32.35   	117.80   	135.32   	 111.90		
 46.08   	130.00   	135.77   	  81.38		
 64.09   	145.26   	136.09   	  71.21		
 61.95   	154.72   	136.38   	  71.21		
 74.16   	173.65   	136.66   	  81.38		
 81.79   	189.82   	136.99   	  81.38		
 87.28   	204.47   	137.31   	  86.47		
108.64   	222.78   	137.66   	  81.38		
120.54   	240.17   	137.99   	  81.38		
126.04   	251.16   	138.31   	  86.47		
138.55   	267.64   	138.66   	  81.38		
149.54   	287.17   	138.98   	  76.30		
155.33   	299.68   	139.29   	  71.21		
168.15   	318.91   	139.57   	  50.86		
175.78   	331.12   	139.78   	  35.61		
177.61   	342.41   	139.92   	  25.43		
189.51   	357.67   	140.02   	  15.26		
192.87   	366.52   	140.08   	  15.26		
193.79   	372.31   	140.14   	  20.35		
191.04   	369.57   	140.22   	  25.43		
181.88   	356.75   	140.32   	  20.35		
167.85   	340.27   	140.41   	  10.17		
148.32   	319.82   	140.45   	   5.09		
135.80   	299.38   	140.47   	  -5.09		
114.75   	273.74   	140.45   	 -15.26		
 97.05   	247.50   	140.39   	 -10.17		
 84.84   	220.64   	140.35   	   0.00		
 67.44   	195.31   	140.35   	   5.09		
 59.20   	176.09   	140.37   	  15.26		
 48.52   	157.78   	140.43   	  20.35		
 40.59   	142.52   	140.51   	  10.17		
 32.04   	128.48   	140.55(S)	 -20.35		
 24.11   	112.30   	140.47   	 -81.38		
 22.89   	102.84   	140.14   	-162.77		
 22.89   	 95.83   	139.49   	-259.41		
 22.28   	 90.33   	138.45   	-361.14		
  8.54   	 83.92   	137.01   	-452.69		
  1.83   	 74.16   	135.20   	-534.08		
 -4.88   	 68.36   	133.06   	-605.29		
 -7.32   	 64.39   	130.64   	-666.32		
  8.54   	 70.19   	127.98   	-737.54		
  8.54   	 75.38   	125.02   	-844.35		
  6.71   	 75.07   	121.65   	-1007.12		
  0.31   	 70.80   	117.62   	-1200.40		
 -4.27   	 65.92   	112.82   	-1358.08		
 -2.14   	 63.48   	107.39   	-1429.29		
  0.61   	 65.00   	101.67   	-1403.86		
  3.97   	 69.27   	 96.05   	-1291.96		
  1.22   	 67.75   	 90.88   	-1159.71		
 -2.44   	 67.14   	 86.25   	-1042.72		
 -1.83   	 72.94   	 82.07   	-981.68		
  1.53   	 72.33   	 78.15   	-986.77		
 -2.44   	 77.82   	 74.20   	-1042.72		
 -3.05   	 77.82   	 70.03   	-1129.19		
  0.31   	 75.99   	 65.51   	-1225.83		
 -3.05   	 77.51   	 60.61   	-1291.96		
 -0.92   	 79.65   	 55.44   	-1327.56		
  4.58   	 86.36   	 50.13   	-1327.56		
 -3.05   	 86.67   	 44.82   	-1286.87		
 -9.16   	 84.53   	 39.67   	-1205.49		
 -2.75   	 85.75   	 34.85   	-1088.50		
 -0.92   	 85.14   	 30.50   	-956.25		
  0.92   	 81.48   	 26.67   	-803.66		
  7.02   	 87.59   	 23.46   	-651.07		
  0.31   	 87.28   	 20.85   	-528.99		
  0.92   	 88.50   	 18.74   	-427.26		
  2.14   	 93.69   	 17.03   	-361.14		
  2.44   	 97.66   	 15.58   	-335.71		
  2.44   	 96.13   	 14.24   	-335.71		
 -0.31   	 98.27   	 12.90   	-335.71		
 -1.53   	104.98   	 11.56   	-340.79		
 -3.36   	102.84   	 10.19   	-325.53		
 -2.75   	102.54   	  8.89   	-300.10		
 -3.36   	101.93   	  7.69   	-239.06		
 -9.77   	 93.38   	  6.73   	-157.68		
 -7.93   	 90.64   	  6.10   	 -66.12		
  2.14   	 95.83   	  5.84   	  35.61		
  6.10   	 97.66   	  5.98   	 132.25		
  4.27   	 97.66   	  6.51   	 203.46		
  5.80   	101.01   	  7.32   	 259.41		
 -1.22   	 97.66   	  8.36   	 269.58		
 -7.93   	 93.38   	  9.44   	 244.15		
  0.31   	 99.18   	 10.42   	 183.11		
  6.10   	102.23   	 11.15   	  86.47		
  3.97   	101.93   	 11.50   	 -35.61		
 -0.61   	101.01   	 11.35   	-162.77		
 -8.24   	 94.30   	 10.70   	-274.67		
-14.34   	 90.03   	  9.60   	-376.40		
-15.26   	 91.25   	  8.10   	-442.52		
-12.82   	 92.77   	  6.33   	-467.95		
-10.07   	 92.16   	  4.46   	-447.61		
 -9.77   	 94.60   	  2.67   	-386.57		
-13.43   	 92.47   	  1.12   	-279.75		
-12.51   	 90.64   	  0.00   	-147.51		
-12.82   	 93.08   	 -0.59(D)	  10.17		
-19.23   	 90.33   	 -0.55   	 157.68		
-19.23   	 86.67   	  0.08   	 300.10		
-14.34   	 87.28   	  1.28   	 401.83		
-10.99   	 89.42   	  2.89   	 467.95		
 -5.49   	 88.20   	  4.76   	 493.39		
 -8.24   	 88.50   	  6.73   	 462.87		
-13.43   	 88.50   	  8.59   	 401.83		
-19.53   	 90.33   	 10.19   	 310.27		
-19.23   	 87.89   	 11.43   	 198.37		
-16.78   	 87.89   	 12.23   	  86.47		
-11.90   	 90.94   	 12.57   	 -20.35		
-11.60   	 85.14   	 12.49   	-106.82		
-14.95   	 83.31   	 12.07   	-162.77		
-13.12   	 85.45   	 11.41   	-193.29		
-16.17   	 83.92   	 10.64   	-198.37		
-18.31   	 83.31   	  9.85   	-167.85		
-16.78   	 85.14   	  9.18   	-122.07		
-23.50   	 84.53   	  8.69   	 -66.12		
-24.41   	 81.48   	  8.42   	 -15.26		
-22.58   	 82.40   	  8.36   	  45.78		
-26.55   	 82.40   	  8.55   	  81.38		
-22.28   	 83.31   	  8.87   	 111.90		
-22.58   	 82.40   	  9.32   	 116.99		
-28.69   	 76.90   	  9.79   	 111.90		
-26.55   	 72.94   	 10.23   	  86.47		
-22.28   	 81.79   	 10.58   	  61.04		
-18.01   	 96.74   	 10.82   	  20.35		
 -7.02   	120.54   	 10.91   	 -10.17		
  5.19   	155.33   	 10.86   	 -45.78		
 11.90   	183.11   	 10.68   	 -66.12		
 14.04   	204.77   	 10.42   	 -86.47		
 17.09   	216.67   	 10.07   	 -91.56		
 17.40   	216.06   	  9.70   	 -86.47		
 10.68   	209.96   	  9.36   	 -76.30		
 21.06   	217.59   	  9.05   	 -55.95		
 31.13   	237.12   	  8.83   	 -40.69		
 45.78   	272.83   	  8.67   	 -15.26		
 76.29   	304.26   	  8.61   	   5.09		
 87.28   	316.16   	  8.63   	  15.26		
103.15   	329.28   	  8.69   	  30.52		
108.95   	320.43   	  8.81   	  35.61		
104.06   	311.28   	  8.95   	  30.52		
101.01   	298.77   	  9.07   	  30.52		
 84.84   	272.83   	  9.20   	  20.35		
 71.11   	243.23   	  9.28   	  10.17		
 51.88   	198.06   	  9.32   	   5.09		
 28.69   	157.47   	  9.34   	 -10.17		
 13.12   	119.93   	  9.30   	 -10.17		
 -4.58   	 83.31   	  9.26   	 -10.17		
-23.19   	 68.36   	  9.22   	   0.00		
-26.55   	 57.37   	  9.22   	  10.17		
-28.69   	 41.20   	  9.26   	  30.52		
-30.21   	 35.10   	  9.38   	  55.95		
-29.91   	 26.55   	  9.60   	  76.30		
-26.86   	 20.75   	  9.91   	  96.64		
-32.35   	 18.31   	 10.29   	 111.90		
-40.28   	 13.73   	 10.74   	 122.07		
-37.23   	 10.38   	 11.23   	 116.99		
-50.66   	  4.88   	 11.70   	 111.90		
-54.02   	  4.88   	 12.15   	  96.64		
-56.15   	  0.31   	 12.53   	  76.30		
-60.73   	 -1.83   	 12.84   	  55.95		
-58.90   	 -2.75   	 13.06   	  35.61		
-56.46   	 -2.14   	 13.20   	  10.17		
-52.49   	  1.53   	 13.25   	 -10.17		
-49.44   	  7.63   	 13.20   	 -35.61		
-50.05   	  9.77   	 13.06   	 -50.86		
-48.22   	 12.21   	 12.86   	 -66.12		
-44.25   	 16.78   	 12.59   	 -66.12		
-51.57   	 15.87   	 12.33   	 -66.12		
-66.22   	  3.36   	 12.07   	 -45.78		
-94.91   	-16.48   	 11.88   	 -20.35		
-131.84   	-31.43   	 11.80   	  10.17		
-144.04   	-34.18   	 11.84(E)	  45.78		
-110.17   	-10.99   	 12.02   	  71.21		
-19.53   	 45.78   	 12.31   	 101.73		
120.54   	122.68   	 12.72   	 111.90		
298.46   	245.06   	 13.16   	 116.99		
487.98   	430.30   	 13.63   	 101.73		
639.34   	549.32   	 14.04   	  81.38		
686.95   	578.31(R)	 14.36   	  55.95		
617.68   	527.95   	 14.59   	  30.52		
440.37   	338.13   	 14.71   	  10.17		
253.60   	130.00   	 14.75   	   5.09		
101.62   	 -5.19   	 14.77   	  15.26		
 15.87   	-99.49   	 14.83   	  55.95		
 -3.97   	-165.10   	 15.06   	 106.82		
-32.65   	-162.66   	 15.48   	 193.29		
-47.00   	-113.22   	 16.26   	 289.93		
-45.47   	-79.04   	 17.42   	 406.92		
-36.93   	-35.10   	 19.04   	 549.34		
-39.67   	  5.19   	 21.24   	 707.02		
-38.15   	 17.09   	 24.07   	 885.04		
-30.82   	 22.28   	 27.61   	1078.33		
-39.06   	 34.48   	 31.92   	1271.61		
-35.40   	 41.81   	 37.01   	1439.47		
-31.13   	 41.81   	 42.77   	1586.97		
-37.84   	 38.15   	 49.11   	1688.70		
-40.89   	 43.64   	 55.87   	1744.65		
-35.10   	 52.19   	 62.85   	1744.65		
-34.18   	 51.27   	 69.83   	1693.79		
-31.13   	 51.27   	 76.60   	1597.15		
-32.96   	 47.61   	 82.99   	1434.38		
-34.79   	 49.44   	 88.73   	1230.92		
-37.23   	 47.00   	 93.65   	 976.60		
-37.54   	 46.39   	 97.56   	 701.93		
-43.33   	 47.61   	100.37   	 432.35		
-41.50   	 46.69   	102.10   	 203.46		
-37.84   	 47.00   	102.91   	  30.52		
-35.10   	 48.83   	103.03   	 -71.21		
-25.33   	 52.49   	102.75   	 -96.64		
-23.80   	 55.24   	102.36   	 -45.78		
-25.94   	 57.98   	102.18   	  61.04		
-31.13   	 58.59   	102.42   	 193.29		
-36.32   	 60.12   	103.19   	 335.71		
-34.18   	 61.04   	104.54   	 452.69		
-33.87   	 57.98   	106.35   	 544.25		
-27.77   	 60.12   	108.52   	 579.86		
-23.50   	 60.42   	110.84   	 579.86		
-27.47   	 60.12   	113.16   	 534.08		
-25.94   	 61.34   	115.30   	 467.95		
-24.72   	 60.42   	117.17   	 376.40		
-29.60   	 59.51   	118.68   	 284.84		
-26.25   	 57.07   	119.82   	 193.29		
-23.50   	 57.37   	120.59   	 106.82		
-27.16   	 59.51   	121.02   	  35.61		
-21.06   	 61.04   	121.16   	  -5.09		
-21.06   	 65.31   	121.14   	 -20.35		
-25.94   	 64.70   	121.06   	   5.09		
-17.40   	 67.14   	121.08   	  50.86		
-14.04   	 67.44   	121.28   	 106.82		
-12.21   	 69.58   	121.71   	 162.77		
 -1.83   	 78.74   	122.36   	 218.72		
 -0.31   	 82.09   	123.23   	 259.41		
  3.05   	 89.11   	124.27   	 274.67		
 12.21   	101.62   	125.37   	 279.75		
 13.73   	103.45   	126.49   	 274.67		
 22.58   	112.00   	127.59   	 254.32		
 26.55   	119.02   	128.61   	 239.06		
 30.21   	122.07   	129.56   	 218.72		
 43.03   	138.55   	130.44   	 183.11		
 54.63   	155.94   	131.17   	 152.59		
 67.75   	173.34   	131.78   	 116.99		
 76.90   	188.60   	132.25   	  76.30		
 83.62   	199.28   	132.55   	  40.69		
 90.03   	207.82   	132.72   	  20.35		
 95.52   	218.51   	132.80   	   0.00		
110.47   	237.73   	132.80   	  -5.09		
124.82   	251.46   	132.78   	  -5.09		
135.50   	268.55   	132.76   	   5.09		
145.57   	284.73   	132.78   	  10.17		
158.69   	301.51   	132.82   	  25.43		
160.52   	315.86   	132.92   	  25.43		
161.13   	326.23   	133.02   	  30.52		
174.26   	339.66   	133.14   	  30.52		
177.31   	349.43   	133.26   	  30.52		
180.36   	361.02   	133.39   	  25.43		
185.55   	368.96   	133.49   	  30.52		
169.68   	365.30   	133.61   	  35.61		
155.33   	357.06   	133.75   	  45.78		
136.72   	338.13   	133.94   	  45.78		
115.66   	313.72   	134.12   	  50.86		
106.51   	294.19   	134.32   	  40.69		
 86.06   	266.72   	134.49   	  30.52		
 66.83   	238.95   	134.61   	  10.17		
 59.20   	221.56   	134.65(S)	 -20.35		
 42.42   	202.33   	134.57   	 -50.86		
 29.91   	178.83   	134.36   	 -91.56		
 27.47   	161.44   	134.00   	-127.16		
 16.48   	144.35   	133.49   	-172.94		
  7.32   	129.39   	132.80   	-218.72		
  3.66   	120.85   	131.92   	-259.41		
 -1.83   	112.92   	130.88   	-289.93		
 -2.44   	107.12   	129.72   	-325.53		
 -4.58   	 97.35   	128.42   	-361.14		
 -6.41   	 89.11   	126.98   	-401.83		
 -3.97   	 87.28   	125.37   	-452.69		
 -9.77   	 85.45   	123.56   	-523.90		
 -9.46   	 80.26   	121.46   	-620.55		
 -7.32   	 80.57   	118.98   	-783.31		
-14.65   	 77.82   	115.85   	-986.77		
 -9.16   	 75.68   	111.90   	-1190.23		
 -9.46   	 77.82   	107.14   	-1358.08		
-14.04   	 75.07   	101.71   	-1444.55		
-13.73   	 72.63   	 95.93   	-1459.81		
-19.53   	 73.85   	 90.09   	-1419.12		
-21.67   	 73.85   	 84.41   	-1368.26		
-14.04   	 76.90   	 78.94   	-1327.56		
 -6.10   	 80.87   	 73.63   	-1307.22		
 -1.53   	 78.74   	 68.40   	-1307.22		
 -9.46   	 74.16   	 63.17   	-1317.39		
-16.17   	 76.60   	 57.90   	-1317.39		
-19.53   	 81.79   	 52.63   	-1302.13		
-20.75   	 79.96   	 47.43   	-1271.61		
-12.21   	 83.62   	 42.34   	-1225.83		
-12.82   	 82.09   	 37.44   	-1164.80		
-18.92   	 75.07   	 32.78   	-1108.85		
-21.36   	 79.65   	 28.34   	-1032.55		
-25.63   	 82.09   	 24.21   	-956.25		
-12.21   	 88.50   	 20.39   	-869.78		
 -6.71   	 90.03   	 16.91   	-768.05		
 -6.71   	 92.16   	 13.84   	-666.32		
 -0.92   	 96.44   	 11.17   	-549.34		
-13.12   	 93.38   	  8.97   	-427.26		
 -8.85   	 95.83   	  7.26   	-295.01		
-10.68   	 94.91   	  6.08   	-178.03		
-13.43   	 89.42   	  5.37   	 -66.12		
 -9.77   	 87.28   	  5.11   	  30.52		
-13.73   	 90.03   	  5.23   	 106.82		
 -7.63   	 95.83   	  5.66   	 157.68		
 -0.31   	101.01   	  6.29   	 193.29		
 -0.92   	100.40   	  7.06   	 203.46		
 -2.75   	 97.96   	  7.87   	 203.46		
 -8.24   	 92.47   	  8.69   	 188.20		
-10.07   	 90.64   	  9.44   	 152.59		
-15.26   	 93.99   	 10.05   	 101.73		
-10.38   	 95.21   	 10.46   	  40.69		
-11.60   	 92.47   	 10.62   	 -45.78		
-19.53   	 83.92   	 10.44   	-122.07		
-16.78   	 81.18   	  9.95   	-213.63		
-14.65   	 81.79   	  9.09   	-284.84		
-12.21   	 82.70   	  7.96   	-345.88		
-15.87   	 83.01   	  6.57   	-381.48		
-14.65   	 80.87   	  5.05   	-391.66		
-20.14   	 74.77   	  3.48   	-366.22		
-24.72   	 70.19   	  2.01   	-320.45		
-16.48   	 73.24   	  0.73   	-244.15		
-19.84   	 73.55   	 -0.24   	-142.42		
-16.17   	 76.90   	 -0.81   	 -35.61		
-12.21   	 79.96   	 -0.96(D)	  71.21		
-13.73   	 82.09   	 -0.67   	 162.77		
 -9.77   	 83.62   	 -0.02   	 228.89		
-13.43   	 80.87   	  0.90   	 274.67		
-17.40   	 80.26   	  1.99   	 295.01		
-21.67   	 75.99   	  3.17   	 289.93		
-18.92   	 76.60   	  4.33   	 264.50		
-18.92   	 78.74   	  5.39   	 223.80		
-22.58   	 74.77   	  6.29   	 172.94		
-16.48   	 73.85   	  6.98   	 116.99		
-18.92   	 70.80   	  7.45   	  71.21		
-12.21   	 68.97   	  7.73   	  20.35		
 -9.16   	 68.05   	  7.81   	 -15.26		
-10.38   	 71.72   	  7.75   	 -45.78		
-11.90   	 72.02   	  7.57   	 -55.95		
-24.41   	 68.97   	  7.34   	 -55.95		
-17.70   	 70.50   	  7.12   	 -50.86		
-19.23   	 64.70   	  6.92   	 -35.61		
-19.84   	 61.34   	  6.78   	 -10.17		
-14.95   	 66.83   	  6.73   	  15.26		
-17.70   	 78.43   	  6.80   	  40.69		
-12.21   	 99.49   	  6.96   	  66.12		
 -9.16   	123.90   	  7.22   	  81.38		
 -2.75   	149.54   	  7.55   	  91.56		
  2.75   	171.51   	  7.91   	  91.56		
 11.29   	185.55   	  8.28   	  86.47		
 11.60   	189.21   	  8.63   	  71.21		
 16.78   	187.38   	  8.91   	  50.86		
 25.02   	199.89   	  9.11   	  25.43		
 24.41   	214.84   	  9.22   	  -5.09		
 44.25   	246.89   	  9.20   	 -25.43		
 64.70   	286.56   	  9.09   	 -45.78		
 68.36   	293.58   	  8.91   	 -66.12		
 81.18   	301.82   	  8.65   	 -71.21		
 86.98   	304.57   	  8.36   	 -71.21		
 90.33   	293.88   	  8.08   	 -66.12		
 93.08   	282.90   	  7.81   	 -50.86		
 84.23   	266.72   	  7.61   	 -35.61		
 68.66   	233.76   	  7.47   	 -20.35		
 45.47   	186.16   	  7.39   	  10.17		
 20.14   	148.32   	  7.43   	  25.43		
  8.24   	112.00   	  7.53   	  50.86		
 -3.36   	 75.07   	  7.73   	  71.21		
-18.92   	 58.29   	  8.02   	  91.56		
-21.36   	 45.17   	  8.38   	 101.73		
-32.96   	 18.92   	  8.79   	 111.90		
-46.39   	  4.27   	  9.24   	 111.90		
-45.47   	 -0.31   	  9.68   	 111.90		
-47.30   	 -4.88   	 10.13   	 101.73		
-44.56   	 -3.97   	 10.54   	  91.56		
-40.89   	 -2.14   	 10.91   	  76.30		
-49.74   	-14.34   	 11.21   	  61.04		
-49.74   	-19.84   	 11.45   	  50.86		
-51.88   	-20.14   	 11.66   	  30.52		
-57.68   	-22.89   	 11.78   	  15.26		
-52.49   	-18.62   	 11.84   	  10.17		
-56.15   	-23.50   	 11.88   	 -10.17		
-63.48   	-25.63   	 11.84   	 -15.26		
-56.46   	-19.23   	 11.78   	 -20.35		
-56.15   	-18.01   	 11.70   	 -25.43		
-58.59   	-14.04   	 11.60   	 -30.52		
-57.07   	-13.12   	 11.48   	 -20.35		
-54.32   	-11.29   	 11.39   	  -5.09		
-58.90   	-10.99   	 11.37   	   5.09		
-69.27   	-23.19   	 11.39   	  20.35		
-93.38   	-46.39   	 11.48   	  45.78		
-121.77   	-66.53   	 11.66   	  55.95		
-145.87   	-78.43   	 11.88   	  76.30		
-129.09   	-54.93   	 12.19   	  81.38		
-60.73   	  5.80   	 12.51   	  86.47		
 48.22   	 87.89   	 12.86   	  81.38		
200.20   	200.20   	 13.18   	  71.21		
375.67   	378.11   	 13.47   	  55.95		
528.56   	552.06   	 13.69   	  30.52		
606.69   	625.31(R)	 13.81   	  20.35		
578.31   	614.32   	 13.90   	   0.00		
422.67   	465.09   	 13.90   	   0.00		
245.97   	212.10   	 13.90(E)	   5.09		
 93.08   	 18.31   	 13.92   	  25.43		
 -7.02   	-100.10   	 14.02   	  71.21		
-21.67   	-174.87   	 14.30   	 127.16		
-41.20   	-197.45   	 14.81   	 203.46		
-57.07   	-151.06   	 15.63   	 289.93		
-50.66   	-108.95   	 16.79   	 401.83		
-45.17   	-86.98   	 18.39   	 523.90		
-35.71   	-41.50   	 20.49   	 666.32		
-44.56   	-25.33   	 23.15   	 813.83		
-47.30   	-27.77   	 26.41   	 971.51		
-46.39   	-13.73   	 30.29   	1129.19		
-47.61   	  0.00   	 34.81   	1266.53		
-36.32   	  0.61   	 39.88   	1393.69		
-39.37   	 -4.27   	 45.45   	1505.59		
-42.11   	 -2.14   	 51.47   	1597.15		
-42.11   	  1.83   	 57.86   	1663.27		
-39.98   	  5.49   	 64.52   	1698.87		
-30.21   	 10.07   	 71.31   	1693.79		
-36.32   	  9.16   	 78.09   	1617.49		
-41.20   	 10.07   	 84.56   	1485.24		
-32.35   	 12.82   	 90.50   	1266.53		
-44.25   	 10.99   	 95.56   	 996.94		
-40.89   	 14.65   	 99.55   	 691.76		
-43.33   	 14.04   	102.32   	 401.83		
-47.30   	 11.90   	103.93   	 142.42		
-36.01   	 16.48   	104.50   	 -50.86		
-37.23   	 15.87   	104.29   	-157.68		
-39.06   	 16.48   	103.66   	-178.03		
-35.71   	 20.45   	102.95   	-127.16		
-37.54   	 20.14   	102.44   	 -10.17		
-36.32   	 16.48   	102.40   	 132.25		
-28.99   	 19.53   	102.93   	 300.10		
-25.94   	 20.14   	104.13   	 442.52		
-38.45   	 14.65   	105.90   	 564.60		
-34.48   	 17.40   	108.16   	 630.72		
-37.84   	 12.51   	110.68   	 661.24		
-37.84   	  7.93   	113.33   	 630.72		
-23.50   	 11.29   	115.85   	 569.68		
-26.86   	  8.85   	118.13   	 473.04		
-32.65   	 11.29   	120.02   	 345.88		
-38.76   	 12.21   	121.40   	 218.72		
-46.39   	 11.60   	122.28   	  96.64		
-34.18   	 15.26   	122.66   	 -10.17		
-23.50   	 15.26   	122.62   	 -76.30		
-17.40   	 18.92   	122.32   	 -96.64		
-16.17   	 18.01   	121.93   	 -71.21		
-20.14   	 16.78   	121.65   	 -15.26		
-19.53   	 20.45   	121.59   	  66.12		
-16.78   	 24.72   	121.85   	 157.68		
-13.12   	 28.69   	122.48   	 228.89		
-10.68   	 32.65   	123.40   	 279.75		
 -7.02   	 39.06   	124.52   	 300.10		
  2.75   	 45.78   	125.72   	 289.93		
 13.73   	 56.76   	126.88   	 264.50		
 18.92   	 67.75   	127.93   	 233.98		
 17.40   	 71.72   	128.87   	 208.54		
 24.41   	 80.87   	129.70   	 188.20		
 32.65   	 92.47   	130.46   	 172.94		
 36.93   	104.68   	131.15   	 157.68		
 57.37   	124.51   	131.78   	 122.07		
 63.17   	139.16   	132.27   	  91.56		
 68.66   	152.28   	132.63   	  50.86		
 88.50   	167.24   	132.84   	  20.35		
 94.30   	177.31   	132.92   	   0.00		
106.20   	191.04   	132.92   	   5.09		
113.22   	201.42   	132.94   	  15.26		
115.05   	213.01   	133.00   	  35.61		
129.39   	232.54   	133.14   	  61.04		
130.92   	245.36   	133.39   	  76.30		
133.36   	256.35   	133.69   	  86.47		
143.74   	270.08   	134.04   	  81.38		
155.94   	285.95   	134.36   	  76.30		
153.50   	294.19   	134.67   	  55.95		
147.71   	302.43   	134.89   	  35.61		
143.74   	304.57   	135.04   	   5.09		
114.75   	286.25   	135.06   	 -20.35		
103.45   	274.35   	134.97   	 -50.86		
 97.96   	258.48   	134.77   	 -71.21		
 81.18   	236.82   	134.49   	 -81.38		
 65.92   	215.15   	134.16   	 -76.30		
 50.66   	187.38   	133.86   	 -71.21		
 40.28   	162.35   	133.57   	 -55.95		
 26.55   	136.72   	133.35   	 -40.69		
 15.26   	116.58   	133.18   	 -30.52		
  5.80   	 99.79   	133.06   	 -25.43		
  0.61   	 84.23   	132.96   	 -25.43		
 -8.24   	 72.33   	132.86   	 -45.78		
-10.99   	 63.17   	132.67   	 -61.04		
-12.82   	 52.80   	132.43   	-106.82		
-27.77   	 45.78   	132.00   	-157.68		
-20.14   	 43.03   	131.37   	-228.89		
-22.89   	 37.23   	130.46   	-315.36		
-23.80   	 34.18   	129.20   	-422.18		
-19.84   	 33.26   	127.51   	-539.16		
-22.89   	 30.82   	125.35   	  N/A		
