  I     	  II     	  LVp     	  LVp'		
-63.17   	-108.03   	  8.89   	 101.73		
-77.51   	-120.54   	  9.30   	 106.82		
-77.51   	-125.43   	  9.73   	 106.82		
-79.96   	-129.39   	 10.15   	 101.73		
-86.06   	-134.58   	 10.56   	  91.56		
-77.82   	-135.19   	 10.93   	  86.47		
-81.48   	-138.85   	 11.27   	  66.12		
-85.45   	-137.33   	 11.54   	  55.95		
-85.14   	-135.50   	 11.76   	  40.69		
-93.69   	-136.11   	 11.92   	  25.43		
-93.69   	-136.11   	 12.02   	  10.17		
-91.25   	-133.97   	 12.07   	   0.00		
-90.03   	-132.45   	 12.07   	 -10.17		
-88.81   	-130.00   	 12.02   	 -15.26		
-94.60   	-127.87   	 11.96   	 -20.35		
-97.05   	-123.90   	 11.88   	 -20.35		
-95.52   	-117.49   	 11.80   	 -25.43		
-94.30   	-114.14   	 11.70   	 -20.35		
-95.21   	-116.27   	 11.62   	 -15.26		
-125.73   	-141.30   	 11.56   	  -5.09		
-161.74   	-155.94   	 11.54(E)	  15.26		
-185.55   	-162.96   	 11.60   	  25.43		
-184.94   	-156.86   	 11.70   	  40.69		
-123.90   	-114.44   	 11.86   	  55.95		
 -6.71   	-61.04   	 12.09   	  66.12		
157.78   	 25.02   	 12.35   	  71.21		
358.89   	185.24   	 12.63   	  81.38		
558.78   	352.17   	 12.96   	  86.47		
689.39   	429.08   	 13.31   	  76.30		
695.50   	438.84(R)	 13.61   	  61.04		
573.73   	313.42   	 13.86   	  40.69		
375.98   	109.25   	 14.02   	  20.35		
187.07   	-57.07   	 14.10   	 -10.17		
 48.52   	-173.95   	 14.06   	 -30.52		
-11.60   	-242.61   	 13.94   	 -40.69		
-31.13   	-287.17   	 13.77   	 -30.52		
-57.07   	-256.04   	 13.65   	  15.26		
-72.33   	-210.57   	 13.71   	  91.56		
-73.24   	-186.16   	 14.08   	 198.37		
-78.43   	-146.79   	 14.87   	 340.79		
-75.38   	-122.68   	 16.24   	 508.65		
-62.87   	-120.54   	 18.27   	 691.76		
-63.78   	-108.34   	 21.04   	 895.22		
-65.92   	-94.60   	 24.62   	1093.59		
-63.17   	-90.33   	 28.99   	1281.79		
-68.36   	-97.96   	 34.12   	1449.64		
-74.46   	-97.66   	 39.92   	1581.89		
-68.36   	-89.72   	 46.25   	1688.70		
-73.85   	-93.08   	 53.00   	1744.65		
-73.85   	-95.52   	 59.98   	1749.74		
-66.53   	-95.21   	 66.98   	1698.87		
-72.94   	-94.60   	 73.77   	1571.71		
-74.16   	-92.47   	 80.06   	1393.69		
-71.41   	-89.72   	 85.64   	1154.62		
-72.02   	-92.77   	 90.25   	 900.30		
-70.80   	-92.47   	 93.86   	 640.89		
-70.19   	-93.38   	 96.42   	 417.09		
-69.89   	-93.69   	 98.09   	 233.98		
-71.11   	-89.42   	 99.02   	 101.73		
-73.85   	-92.77   	 99.43   	  20.35		
-66.83   	-91.86   	 99.51   	 -20.35		
-63.17   	-93.08   	 99.43   	 -10.17		
-71.11   	-98.88   	 99.39   	  30.52		
-70.50   	-97.05   	 99.51   	  91.56		
-72.94   	-91.86   	 99.88   	 172.94		
-70.50   	-86.98   	100.57   	 249.24		
-63.48   	-81.18   	101.57   	 325.53		
-65.31   	-81.79   	102.87   	 391.66		
-60.73   	-85.45   	104.43   	 432.35		
-67.75   	-91.86   	106.16   	 437.43		
-69.27   	-93.69   	107.91   	 412.00		
-62.87   	-90.94   	109.56   	 356.05		
-67.75   	-89.42   	110.99   	 305.19		
-67.14   	-87.59   	112.21   	 254.32		
-67.14   	-85.14   	113.22   	 213.63		
-68.97   	-84.53   	114.08   	 188.20		
-63.17   	-76.60   	114.83   	 193.29		
-60.73   	-70.19   	115.60   	 198.37		
-52.19   	-64.09   	116.40   	 228.89		
-46.69   	-59.51   	117.31   	 259.41		
-48.52   	-58.29   	118.35   	 274.67		
-45.78   	-58.90   	119.45   	 279.75		
-46.39   	-57.07   	120.57   	 269.58		
-39.06   	-48.83   	121.65   	 218.72		
-29.60   	-43.64   	122.52   	 157.68		
-25.02   	-36.32   	123.15   	  96.64		
-17.40   	-26.86   	123.54   	  50.86		
-15.26   	-21.06   	123.74   	  25.43		
-18.92   	-12.51   	123.84   	  35.61		
 -5.19   	  2.44   	123.99   	  61.04		
  4.58   	 19.84   	124.23   	  86.47		
 15.56   	 34.79   	124.58   	 116.99		
 32.35   	 48.52   	125.05   	 142.42		
 35.40   	 59.81   	125.61   	 167.85		
 46.08   	 70.19   	126.29   	 183.11		
 56.15   	 85.14   	127.02   	 203.46		
 60.42   	 98.27   	127.83   	 218.72		
 72.63   	112.92   	128.71   	 223.80		
 80.26   	130.31   	129.60   	 223.80		
 84.84   	142.21   	130.50   	 208.54		
 96.44   	159.91   	131.33   	 172.94		
106.81   	180.36   	132.02   	 122.07		
113.22   	192.57   	132.51   	  61.04		
126.65   	208.13   	132.76   	   5.09		
131.23   	217.29   	132.78(S)	 -45.78		
135.80   	222.17   	132.59   	 -86.47		
137.02   	230.71   	132.25   	-111.90		
127.87   	232.85   	131.80   	-137.33		
120.54   	227.97   	131.25   	-157.68		
108.34   	219.73   	130.62   	-167.85		
 97.96   	201.42   	129.95   	-183.11		
 87.28   	177.00   	129.22   	-188.20		
 72.94   	157.78   	128.46   	-198.37		
 57.68   	134.28   	127.67   	-193.29		
 36.01   	108.95   	126.90   	-178.03		
 25.33   	 89.42   	126.18   	-142.42		
 12.51   	 66.22   	125.61   	-101.73		
  3.66   	 48.22   	125.21   	 -50.86		
 -1.53   	 32.96   	125.00   	   0.00		
-18.92   	 14.65   	125.00   	  30.52		
-28.99   	  1.53   	125.13   	  30.52		
-33.87   	-13.12   	125.25   	  10.17		
-36.93   	-24.41   	125.29   	 -10.17		
-36.32   	-31.13   	125.25   	 -20.35		
-41.50   	-39.37   	125.17   	 -40.69		
-38.76   	-44.25   	125.00   	 -81.38		
-42.11   	-46.69   	124.68   	-162.77		
-46.39   	-49.44   	124.03   	-295.01		
-42.11   	-48.83   	122.85   	-488.30		
-54.32   	-49.44   	120.89   	-752.79		
-56.15   	-51.57   	117.88   	-1022.38		
-53.71   	-54.63   	113.79   	-1256.35		
-56.46   	-57.37   	108.77   	-1424.21		
-50.35   	-54.02   	103.07   	-1510.68		
-50.35   	-56.15   	 97.03   	-1500.50		
-52.49   	-56.76   	 91.03   	-1424.21		
-50.66   	-56.15   	 85.33   	-1317.39		
-51.57   	-61.95   	 80.06   	-1246.18		
-56.46   	-65.92   	 75.08   	-1256.35		
-53.41   	-63.48   	 70.05   	-1342.82		
-55.24   	-65.31   	 64.68   	-1459.81		
-50.66   	-63.17   	 58.84   	-1561.54		
-50.05   	-59.51   	 52.59   	-1597.15		
-51.27   	-57.37   	 46.21   	-1566.63		
-48.52   	-53.41   	 39.94   	-1449.64		
-51.57   	-47.61   	 34.14   	-1266.53		
-52.19   	-43.33   	 29.07   	-1063.07		
-49.13   	-39.67   	 24.82   	-839.26		
-51.27   	-40.28   	 21.46   	-630.72		
-49.44   	-41.20   	 18.94   	-417.09		
-50.05   	-42.72   	 17.27   	-208.54		
-48.52   	-43.64   	 16.44   	 -15.26		
-43.33   	-40.28   	 16.38   	 147.51		
-44.56   	-39.98   	 16.97   	 264.50		
-42.72   	-40.28   	 18.03   	 320.45		
-42.11   	-36.62   	 19.31   	 295.01		
-49.74   	-38.15   	 20.49   	 203.46		
-46.39   	-37.84   	 21.30   	  50.86		
-45.78   	-39.98   	 21.51   	-147.51		
-46.69   	-42.42   	 20.92   	-345.88		
-46.69   	-43.03   	 19.53   	-528.99		
-49.13   	-40.89   	 17.42   	-676.50		
-52.19   	-40.59   	 14.71   	-757.88		
-54.02   	-40.28   	 11.68   	-778.23		
-54.93   	-44.25   	  8.57   	-737.54		
-53.71   	-46.69   	  5.62   	-640.89		
-51.27   	-47.30   	  3.05   	-498.47		
-58.29   	-50.35   	  1.06   	-330.62		
-55.85   	-48.83   	 -0.26   	-137.33		
-58.29   	-48.22   	 -0.81   	  50.86		
-62.87   	-51.27   	 -0.61   	 239.06		
-54.32   	-51.88   	  0.35   	 391.66		
-55.24   	-54.93   	  1.91   	 498.47		
-56.46   	-59.20   	  3.91   	 554.42		
-58.90   	-59.81   	  6.12   	 539.16		
-55.24   	-59.81   	  8.28   	 467.95		
-52.80   	-59.20   	 10.15   	 345.88		
-53.71   	-60.42   	 11.54   	 183.11		
-53.71   	-60.42   	 12.27   	   0.00		
-54.93   	-61.34   	 12.27   	-183.11		
-58.59   	-62.56   	 11.54   	-356.05		
-61.04   	-64.09   	 10.11   	-493.39		
-58.29   	-68.05   	  8.14   	-584.94		
-60.73   	-69.27   	  5.80   	-630.72		
-61.34   	-69.58   	  3.28   	-610.37		
-56.46   	-68.05   	  0.83   	-539.16		
-56.46   	-67.14   	 -1.32   	-427.26		
-56.46   	-64.09   	 -3.03   	-269.58		
-59.20   	-63.78   	 -4.11   	-106.82		
-62.87   	-68.05   	 -4.54(D)	  66.12		
-65.00   	-70.50   	 -4.27   	 228.89		
-63.48   	-73.24   	 -3.36   	 376.40		
-63.48   	-76.90   	 -1.85   	 483.21		
-61.04   	-76.29   	  0.08   	 559.51		
-54.63   	-74.16   	  2.32   	 595.11		
-56.46   	-74.77   	  4.70   	 584.94		
-54.93   	-71.11   	  7.04   	 528.99		
-55.54   	-69.27   	  9.16   	 432.35		
-52.49   	-67.44   	 10.89   	 305.19		
-55.24   	-68.97   	 12.11   	 152.59		
-55.54   	-71.11   	 12.72   	   0.00		
-55.24   	-73.55   	 12.72   	-152.59		
-61.65   	-75.07   	 12.11   	-274.67		
-57.68   	-72.33   	 11.01   	-361.14		
-61.04   	-71.72   	  9.56   	-417.09		
-61.65   	-70.80   	  7.89   	-427.26		
-61.65   	-70.50   	  6.19   	-396.74		
-66.83   	-70.80   	  4.60   	-325.53		
-66.22   	-76.29   	  3.30   	-228.89		
-60.73   	-75.68   	  2.38   	-122.07		
-65.31   	-75.07   	  1.89   	   0.00		
-62.26   	-75.07   	  1.89   	 106.82		
-58.90   	-70.19   	  2.32   	 203.46		
-61.04   	-66.83   	  3.13   	 269.58		
-59.20   	-63.48   	  4.21   	 305.19		
-53.10   	-47.30   	  5.43   	 320.45		
-45.78   	-25.33   	  6.71   	 295.01		
-35.40   	  1.83   	  7.89   	 259.41		
-24.72   	 34.48   	  8.93   	 188.20		
-21.06   	 59.51   	  9.68   	 111.90		
-22.89   	 66.22   	 10.13   	  25.43		
-28.08   	 69.58   	 10.23   	 -55.95		
-27.16   	 64.09   	 10.01   	-122.07		
-22.58   	 68.36   	  9.52   	-178.03		
-11.60   	 93.69   	  8.81   	-208.54		
  5.19   	125.73   	  7.98   	-218.72		
 19.53   	151.37   	  7.10   	-203.46		
 36.32   	163.57   	  6.29   	-167.85		
 54.02   	171.81   	  5.62   	-116.99		
 61.65   	166.02   	  5.15   	 -66.12		
 65.61   	160.83   	  4.88   	   0.00		
 62.26   	148.32   	  4.88   	  55.95		
 40.59   	119.32   	  5.11   	 111.90		
 23.19   	 85.14   	  5.55   	 157.68		
  5.80   	 40.89   	  6.19   	 188.20		
-22.89   	 -3.36   	  6.94   	 203.46		
-36.01   	-36.93   	  7.75   	 198.37		
-50.35   	-66.53   	  8.55   	 178.03		
-69.58   	-84.84   	  9.26   	 147.51		
-69.58   	-92.47   	  9.85   	 106.82		
-75.38   	-109.56   	 10.27   	  61.04		
-79.35   	-122.38   	 10.52   	  20.35		
-73.85   	-127.56   	 10.60   	 -20.35		
-75.07   	-130.92   	 10.52   	 -50.86		
-83.62   	-134.89   	 10.32   	 -71.21		
-88.50   	-138.55   	 10.03   	 -81.38		
-92.16   	-142.21   	  9.70   	 -81.38		
-101.93   	-147.71   	  9.38   	 -61.04		
-93.69   	-145.26   	  9.14   	 -40.69		
-90.64   	-142.82   	  8.97   	 -15.26		
-96.44   	-144.65   	  8.91   	  25.43		
-96.13   	-142.52   	  9.01   	  55.95		
-95.83   	-139.16   	  9.24   	  91.56		
-97.66   	-137.33   	  9.60   	 111.90		
-93.38   	-131.84   	 10.05   	 132.25		
-89.42   	-130.62   	 10.58   	 137.33		
-84.53   	-128.78   	 11.13   	 127.16		
-79.04   	-123.90   	 11.64   	 111.90		
-88.81   	-124.21   	 12.09   	  91.56		
-99.18   	-135.19   	 12.45   	  55.95		
-133.67   	-162.05   	 12.68   	  15.26		
-171.81   	-184.94   	 12.74   	 -10.17		
-183.41   	-194.40   	 12.70   	 -50.86		
-181.88   	-180.36   	 12.49   	 -71.21		
-125.43   	-134.28   	 12.21   	 -86.47		
-12.82   	-61.95   	 11.86   	 -96.64		
137.33   	 36.32   	 11.48   	 -91.56		
321.96   	207.82   	 11.11   	 -76.30		
515.44   	405.58   	 10.80   	 -55.95		
630.19   	500.18   	 10.58   	 -25.43		
634.16   	516.66(R)	 10.48(E)	  10.17		
514.83   	394.90   	 10.52   	  50.86		
321.96   	163.27   	 10.72   	  91.56		
144.04   	-29.30   	 11.09   	 127.16		
 12.21   	-166.32   	 11.60   	 172.94		
-34.79   	-246.58   	 12.29   	 208.54		
-48.52   	-293.27   	 13.12   	 249.24		
-66.22   	-268.55   	 14.12   	 279.75		
-70.19   	-219.12   	 15.24   	 320.45		
-72.94   	-198.36   	 16.52   	 366.22		
-74.77   	-162.66   	 17.99   	 427.26		
-85.14   	-140.69   	 19.69   	 503.56		
-78.13   	-142.21   	 21.71   	 605.29		
-70.80   	-127.87   	 24.13   	 717.19		
-74.77   	-108.95   	 27.00   	 854.52		
-73.24   	-103.76   	 30.42   	 986.77		
-74.46   	-110.17   	 34.36   	1134.28		
-84.23   	-112.30   	 38.90   	1276.70		
-78.43   	-107.73   	 44.01   	1408.95		
-69.58   	-104.37   	 49.64   	1520.85		
-70.80   	-103.76   	 55.73   	1602.23		
-72.63   	-104.06   	 62.14   	1642.92		
-77.51   	-102.23   	 68.71   	1617.49		
-81.79   	-102.23   	 75.18   	1531.02		
-80.57   	-102.23   	 81.30   	1383.51		
-78.74   	-101.32   	 86.84   	1169.88		
-74.46   	-99.18   	 91.52   	 925.73		
-68.97   	-97.96   	 95.22   	 676.50		
-62.87   	-92.77   	 97.92   	 437.43		
-54.02   	-89.11   	 99.67   	 239.06		
-57.98   	-91.55   	100.63   	  81.38		
-65.00   	-94.91   	100.96   	 -20.35		
-67.75   	-95.52   	100.87   	 -71.21		
-69.58   	-95.83   	100.59   	 -71.21		
-69.58   	-95.83   	100.30   	 -30.52		
-64.39   	-91.86   	100.18   	  35.61		
-65.31   	-93.08   	100.33   	 116.99		
-67.14   	-92.77   	100.79   	 208.54		
-67.44   	-91.86   	101.63   	 295.01		
-68.97   	-90.33   	102.81   	 356.05		
-64.39   	-85.75   	104.23   	 406.92		
-60.12   	-83.31   	105.86   	 427.26		
-58.59   	-79.65   	107.57   	 422.18		
-65.92   	-82.70   	109.26   	 401.83		
-60.73   	-82.09   	110.86   	 366.22		
-61.95   	-83.31   	112.33   	 330.62		
-64.39   	-86.06   	113.65   	 300.10		
-55.24   	-82.40   	114.85   	 274.67		
-54.93   	-84.23   	115.95   	 259.41		
-52.19   	-81.79   	116.99   	 239.06		
-46.39   	-78.74   	117.94   	 223.80		
-39.67   	-74.46   	118.84   	 213.63		
-30.21   	-65.61   	119.69   	 198.37		
-30.52   	-60.12   	120.49   	 183.11		
-34.18   	-55.54   	121.22   	 167.85		
-28.38   	-47.61   	121.89   	 147.51		
-35.40   	-45.78   	122.48   	 137.33		
-30.82   	-39.98   	123.03   	 127.16		
 -7.63   	-27.77   	123.54   	 111.90		
 -4.88   	-18.92   	123.99   	 101.73		
  3.66   	 -7.93   	124.39   	  96.64		
 17.40   	  4.88   	124.78   	  86.47		
 12.21   	 12.82   	125.13   	  76.30		
 19.84   	 23.50   	125.43   	  71.21		
 37.84   	 41.20   	125.72   	  76.30		
 45.78   	 56.46   	126.02   	  91.56		
 55.24   	 75.38   	126.39   	 101.73		
 62.87   	 88.50   	126.80   	 127.16		
 63.48   	101.32   	127.30   	 147.51		
 72.63   	116.27   	127.89   	 162.77		
 81.79   	128.48   	128.54   	 172.94		
 90.33   	144.04   	129.24   	 167.85		
102.84   	156.25   	129.91   	 147.51		
109.56   	166.93   	130.50   	 116.99		
115.66   	176.70   	130.97   	  61.04		
123.60   	188.29   	131.21   	  15.26		
123.29   	199.89   	131.27(S)	 -40.69		
112.30   	204.16   	131.11   	 -86.47		
112.30   	206.60   	130.76   	-127.16		
101.32   	200.20   	130.25   	-147.51		
 89.42   	188.29   	129.66   	-162.77		
 87.28   	175.78   	129.01   	-157.68		
 68.66   	155.33   	128.38   	-147.51		
 52.19   	133.67   	127.79   	-127.16		
 37.23   	111.08   	127.28   	-106.82		
 25.63   	 90.03   	126.86   	 -81.38		
 10.99   	 69.89   	126.53   	 -66.12		
 -6.41   	 50.05   	126.27   	 -50.86		
-12.51   	 33.57   	126.06   	 -50.86		
-27.16   	 14.65   	125.86   	 -50.86		
-41.20   	 -3.36   	125.66   	 -66.12		
-38.15   	-14.04   	125.39   	 -76.30		
-42.72   	-23.19   	125.09   	-101.73		
-51.27   	-32.96   	124.68   	-132.25		
-50.05   	-37.23   	124.15   	-167.85		
-52.19   	-39.37   	123.48   	-213.63		
-54.63   	-43.03   	122.62   	-269.58		
-55.54   	-47.91   	121.55   	-361.14		
-54.02   	-47.91   	120.10   	-478.13		
-58.59   	-53.71   	118.19   	-656.15		
-58.29   	-55.24   	115.56   	-864.70		
-55.24   	-53.71   	112.11   	-1042.72		
-60.12   	-54.63   	107.93   	-1169.88		
-54.32   	-50.96   	103.25   	-1230.92		
-60.42   	-50.66   	 98.33   	-1241.09		
-68.05   	-53.10   	 93.37   	-1210.58		
-61.95   	-51.27   	 88.52   	-1174.97		
-64.09   	-54.32   	 83.82   	-1154.62		
-58.29   	-53.41   	 79.21   	-1154.62		
-54.93   	-50.96   	 74.59   	-1180.06		
-58.29   	-51.57   	 69.87   	-1215.66		
-58.90   	-50.96   	 65.00   	-1251.27		
-66.22   	-50.96   	 60.00   	-1271.61		
-62.87   	-48.22   	 54.91   	-1271.61		
-62.87   	-48.22   	 49.83   	-1241.09		
-59.81   	-42.42   	 44.86   	-1200.40		
-53.10   	-34.48   	 40.06   	-1119.02		
-54.02   	-34.18   	 35.58   	-1032.55		
-47.30   	-31.13   	 31.45   	-930.82		
-49.13   	-32.35   	 27.73   	-824.00		
-45.78   	-36.01   	 24.44   	-722.28		
-41.50   	-33.26   	 21.55   	-625.63		
-44.25   	-31.13   	 19.04   	-539.16		
-41.50   	-29.30   	 16.89   	-457.78		
-48.83   	-32.04   	 15.06   	-391.66		
-50.66   	-34.18   	 13.49   	-320.45		
-49.44   	-36.01   	 12.21   	-264.50		
-50.05   	-35.10   	 11.15   	-208.54		
-43.64   	-30.52   	 10.32   	-157.68		
-45.78   	-28.69   	  9.68   	-116.99		
-48.52   	-30.52   	  9.22   	 -76.30		
-46.69   	-32.35   	  8.91   	 -30.52		
-50.35   	-37.54   	  8.79   	   5.09		
-53.41   	-39.98   	  8.81   	  40.69		
-42.42   	-35.71   	  8.97   	  81.38		
-47.30   	-33.26   	  9.30   	  96.64		
-46.69   	-32.96   	  9.68   	 111.90		
-41.20   	-35.40   	 10.13   	  96.64		
-47.61   	-39.98   	 10.52   	  76.30		
-49.74   	-43.03   	 10.82   	  40.69		
-52.80   	-45.78   	 10.99   	  -5.09		
-49.13   	-42.72   	 10.97   	 -50.86		
-52.49   	-45.17   	 10.76   	-101.73		
-56.15   	-48.52   	 10.36   	-142.42		
-53.41   	-48.52   	  9.79   	-183.11		
-57.68   	-50.05   	  9.05   	-213.63		
-59.81   	-51.27   	  8.20   	-223.80		
-50.96   	-47.91   	  7.30   	-233.98		
-46.08   	-47.00   	  6.37   	-223.80		
-51.88   	-51.57   	  5.47   	-208.54		
-52.49   	-50.96   	  4.64   	-183.11		
-54.02   	-52.49   	  3.91   	-157.68		
-53.41   	-54.02   	  3.28   	-127.16		
-54.02   	-51.88   	  2.77   	 -86.47		
-53.41   	-53.41   	  2.42   	 -50.86		
-56.15   	-54.93   	  2.22   	  -5.09		
-61.65   	-52.80   	  2.20(D)	  40.69		
-57.68   	-50.05   	  2.36   	  81.38		
-51.57   	-42.72   	  2.69   	 116.99		
-47.61   	-42.11   	  3.15   	 147.51		
-54.02   	-42.72   	  3.74   	 167.85		
-53.41   	-44.86   	  4.42   	 178.03		
-55.85   	-51.27   	  5.13   	 172.94		
-59.51   	-50.96   	  5.82   	 167.85		
-53.10   	-55.24   	  6.49   	 152.59		
-54.63   	-57.68   	  7.10   	 137.33		
-53.10   	-53.10   	  7.65   	 111.90		
-47.30   	-51.57   	  8.10   	  91.56		
-47.30   	-50.05   	  8.46   	  71.21		
-47.30   	-47.00   	  8.75   	  50.86		
-49.44   	-47.61   	  8.95   	  35.61		
-52.80   	-46.39   	  9.09   	  30.52		
-53.10   	-44.86   	  9.22   	  15.26		
-46.08   	-45.78   	  9.28   	  15.26		
-42.42   	-49.13   	  9.34   	  10.17		
-41.81   	-51.27   	  9.38   	   5.09		
-38.15   	-48.52   	  9.40   	   0.00		
-37.84   	-44.25   	  9.40   	   0.00		
-38.76   	-44.25   	  9.40   	   0.00		
-40.89   	-43.95   	  9.40   	  -5.09		
-42.42   	-47.00   	  9.38   	  -5.09		
-38.76   	-36.32   	  9.36   	   0.00		
-33.26   	-17.70   	  9.36   	  -5.09		
-22.89   	  8.85   	  9.34   	   0.00		
-13.43   	 41.50   	  9.34   	   5.09		
 -9.16   	 66.53   	  9.36   	   0.00		
 -1.83   	 84.84   	  9.36   	   5.09		
 -1.53   	 87.28   	  9.38   	   0.00		
 -0.61   	 83.62   	  9.38   	   0.00		
  2.44   	 86.67   	  9.38   	   0.00		
  7.32   	101.62   	  9.38   	  -5.09		
 23.19   	132.45   	  9.36   	 -10.17		
 42.11   	164.18   	  9.32   	 -15.26		
 55.24   	177.61   	  9.26   	 -15.26		
 70.80   	185.24   	  9.20   	 -15.26		
 83.92   	188.90   	  9.14   	 -20.35		
 90.33   	184.63   	  9.05   	 -15.26		
 94.60   	182.50   	  8.99   	 -15.26		
 81.79   	164.18   	  8.93   	 -15.26		
 54.63   	131.23   	  8.87   	 -10.17		
 42.11   	 95.21   	  8.83   	 -10.17		
 18.62   	 49.44   	  8.79   	  -5.09		
 -5.80   	  7.02   	  8.77   	   0.00		
-13.12   	-24.72   	  8.77   	   5.09		
-38.45   	-57.07   	  8.79   	  15.26		
-51.57   	-67.14   	  8.85   	  25.43		
-47.00   	-72.02   	  8.95   	  35.61		
-47.91   	-86.36   	  9.09   	  45.78		
-51.27   	-92.16   	  9.28   	  61.04		
-53.10   	-101.62   	  9.52   	  66.12		
-56.76   	-110.47   	  9.79   	  71.21		
-64.09   	-113.22   	 10.07   	  71.21		
-63.17   	-112.00   	 10.36   	  76.30		
-65.61   	-117.19   	 10.66   	  66.12		
-68.97   	-119.93   	 10.93   	  66.12		
-71.11   	-117.80   	 11.19   	  61.04		
-78.43   	-121.15   	 11.43   	  55.95		
-83.31   	-121.15   	 11.66   	  55.95		
-83.31   	-120.24   	 11.88   	  55.95		
-79.96   	-119.32   	 12.11   	  50.86		
-72.33   	-115.05   	 12.31   	  45.78		
-68.05   	-110.78   	 12.49   	  40.69		
-73.85   	-109.86   	 12.66   	  35.61		
-72.63   	-102.84   	 12.80   	  25.43		
-76.90   	-102.84   	 12.90   	  25.43		
-85.75   	-109.86   	 13.00   	  20.35		
-104.68   	-124.21   	 13.08   	  15.26		
-139.16   	-141.30   	 13.14   	  20.35		
-165.71   	-148.93   	 13.22   	  25.43		
-169.37   	-141.30   	 13.33   	  35.61		
-116.88   	-100.10   	 13.47   	  40.69		
-15.26   	-50.66   	 13.63   	  45.78		
134.89   	 23.80   	 13.81   	  50.86		
331.12   	174.56   	 14.02   	  55.95		
533.14   	357.67   	 14.24   	  45.78		
676.57   	445.56   	 14.43   	  40.69		
708.92   	470.58(R)	 14.59(E)	  35.61		
616.15   	370.79   	 14.73   	  25.43		
419.92   	160.52   	 14.83   	  25.43		
235.90   	-14.04   	 14.93   	  30.52		
 93.69   	-132.75   	 15.06   	  45.78		
  9.16   	-207.52   	 15.24   	  81.38		
-15.87   	-263.37   	 15.56   	 116.99		
-41.81   	-244.75   	 16.03   	 178.03		
-58.59   	-196.84   	 16.74   	 239.06		
-57.98   	-174.87   	 17.70   	 325.53		
-53.71   	-139.47   	 19.00   	 417.09		
-57.68   	-115.97   	 20.67   	 534.08		
-59.81   	-116.58   	 22.81   	 661.24		
-60.73   	-108.34   	 25.45   	 803.66		
-62.26   	-93.99   	 28.67   	 956.25		
-61.34   	-87.59   	 32.49   	1103.76		
-58.90   	-91.25   	 36.91   	1241.09		
-56.76   	-97.05   	 41.87   	1378.43		
-63.48   	-89.72   	 47.39   	1490.33		
-60.12   	-85.45   	 53.35   	1576.80		
-57.98   	-88.81   	 59.65   	1627.66		
-62.26   	-90.33   	 66.16   	1622.58		
-56.46   	-87.59   	 72.65   	1566.63		
-59.51   	-89.72   	 78.92   	1439.47		
-59.51   	-86.06   	 84.68   	1256.35		
-58.90   	-83.62   	 89.70   	1037.64		
-54.63   	-79.96   	 93.86   	 798.57		
-56.15   	-79.65   	 97.05   	 564.60		
-58.29   	-81.18   	 99.31   	 350.97		
-56.15   	-79.35   	100.71   	 178.03		
-62.56   	-83.31   	101.42   	  50.86		
-61.04   	-80.26   	101.63   	 -20.35		
-56.76   	-77.21   	101.55   	 -45.78		
-61.34   	-77.82   	101.36   	 -25.43		
-62.26   	-76.90   	101.26   	  40.69		
-66.53   	-76.29   	101.42   	 122.07		
-65.00   	-75.68   	101.91   	 223.80		
-59.51   	-77.51   	102.81   	 310.27		
-51.57   	-68.97   	104.05   	 381.48		
-48.52   	-72.63   	105.57   	 422.18		
-50.05   	-74.16   	107.26   	 437.43		
-47.61   	-70.80   	109.01   	 406.92		
-50.66   	-74.16   	110.64   	 366.22		
-51.88   	-70.19   	112.11   	 305.19		
-48.22   	-65.31   	113.33   	 249.24		
-47.61   	-61.34   	114.32   	 208.54		
-48.83   	-59.20   	115.16   	 188.20		
-45.17   	-57.37   	115.91   	 188.20		
-40.28   	-54.63   	116.66   	 198.37		
-40.89   	-55.24   	117.46   	 213.63		
-34.79   	-51.27   	118.31   	 233.98		
-35.10   	-50.35   	119.25   	 249.24		
-34.18   	-48.22   	120.24   	 254.32		
-34.18   	-41.81   	121.26   	 249.24		
-30.21   	-38.15   	122.26   	 239.06		
-21.67   	-26.86   	123.21   	 228.89		
-13.73   	-19.23   	124.13   	 208.54		
 -8.85   	-10.68   	124.96   	 188.20		
  0.31   	  1.22   	125.72   	 178.03		
  1.53   	  3.36   	126.43   	 157.68		
  5.49   	 16.17   	127.06   	 147.51		
 21.06   	 29.30   	127.65   	 132.25		
 28.99   	 39.06   	128.18   	 116.99		
 44.86   	 61.34   	128.65   	 101.73		
 55.54   	 77.82   	129.05   	  81.38		
 59.20   	 90.33   	129.38   	  55.95		
 69.27   	107.12   	129.60   	  45.78		
 71.72   	120.24   	129.79   	  45.78		
 78.13   	133.36   	129.97   	  66.12		
 94.30   	148.62   	130.23   	  91.56		
104.06   	166.02   	130.60   	 111.90		
112.61   	181.58   	131.05   	 137.33		
122.38   	194.70   	131.60   	 142.42		
127.26   	209.66   	132.17   	 142.42		
137.33   	221.86   	132.74   	 122.07		
142.21   	231.63   	133.22   	  96.64		
145.26   	241.70   	133.61   	  50.86		
144.35   	245.67   	133.81   	   5.09		
134.89   	244.75   	133.83(S)	 -45.78		
130.92   	240.78   	133.65   	 -86.47		
123.60   	231.32   	133.31   	-127.16		
110.47   	218.81   	132.80   	-142.42		
 94.91   	198.67   	132.23   	-147.51		
 74.46   	175.17   	131.64   	-142.42		
 60.12   	152.28   	131.07   	-122.07		
 49.74   	129.09   	130.58   	-106.82		
 36.62   	106.51   	130.15   	 -86.47		
 23.80   	 85.75   	129.81   	 -71.21		
 12.82   	 67.75   	129.52   	 -61.04		
  2.14   	 48.22   	129.28   	 -61.04		
 -7.02   	 30.21   	129.03   	 -66.12		
-16.48   	 16.48   	128.77   	 -76.30		
-25.02   	  5.49   	128.46   	 -91.56		
-27.47   	  2.44   	128.10   	-116.99		
-34.79   	 -3.05   	127.63   	-142.42		
-28.69   	 -2.75   	127.06   	-183.11		
-26.86   	 -6.71   	126.33   	-239.06		
-35.71   	-17.09   	125.37   	-305.19		
-36.01   	-18.31   	124.15   	-391.66		
-32.96   	-21.36   	122.58   	-513.73		
-40.89   	-28.38   	120.53   	-686.67		
-36.93   	-29.30   	117.78   	-895.22		
-32.35   	-28.99   	114.20   	-1093.59		
-43.95   	-29.30   	109.83   	-1220.75		
-39.37   	-28.08   	104.94   	-1276.70		
-43.64   	-27.77   	 99.84   	-1251.27		
-49.74   	-29.30   	 94.83   	-1185.14		
-45.47   	-31.13   	 90.09   	-1098.67		
-46.69   	-30.21   	 85.70   	-1012.20		
-39.98   	-21.97   	 81.65   	-976.60		
-42.42   	-22.28   	 77.74   	-971.51		
-40.59   	-19.53   	 73.86   	-1007.12		
-44.25   	-19.23   	 69.83   	-1068.15		
-50.35   	-21.97   	 65.55   	-1129.19		
-49.13   	-21.97   	 61.04   	-1190.23		
-49.13   	-18.92   	 56.28   	-1225.83		
-45.47   	-13.12   	 51.37   	-1236.01		
-41.50   	-10.07   	 46.43   	-1215.66		
-40.59   	 -7.02   	 41.57   	-1169.88		
-36.32   	 -4.27   	 36.89   	-1093.59		
-38.45   	 -4.27   	 32.51   	-996.94		
-37.84   	 -6.10   	 28.52   	-900.30		
-36.01   	 -2.14   	 24.92   	-788.40		
-40.89   	 -0.92   	 21.77   	-676.50		
-41.50   	 -1.53   	 19.06   	-579.86		
-40.59   	  0.61   	 16.74   	-473.04		
-44.25   	 -1.22   	 14.85   	-391.66		
-43.03   	 -2.75   	 13.29   	-305.19		
-44.56   	 -4.58   	 12.07   	-233.98		
-44.25   	 -2.14   	 11.13   	-178.03		
-42.72   	 -1.53   	 10.42   	-122.07		
-41.50   	  0.00   	  9.93   	 -76.30		
-39.06   	  1.83   	  9.62   	 -40.69		
-44.86   	 -3.05   	  9.46   	  -5.09		
-49.44   	 -7.02   	  9.44   	  25.43		
-48.22   	 -8.24   	  9.54   	  50.86		
-51.88   	-14.95   	  9.75   	  61.04		
-48.83   	-14.65   	  9.99   	  66.12		
-46.08   	-12.82   	 10.25   	  45.78		
-44.56   	-14.04   	 10.44   	  25.43		
-43.33   	-12.51   	 10.54   	  -5.09		
-47.30   	 -7.32   	 10.52   	 -40.69		
-44.56   	 -7.63   	 10.36   	 -71.21		
-47.00   	-10.38   	 10.07   	 -96.64		
-54.63   	-14.04   	  9.68   	-116.99		
-50.96   	-19.23   	  9.22   	-142.42		
-48.52   	-19.53   	  8.65   	-162.77		
-50.35   	-16.48   	  8.00   	-172.94		
-43.95   	-11.29   	  7.30   	-193.29		
-41.20   	-13.12   	  6.53   	-198.37		
-55.85   	-22.58   	  5.74   	-193.29		
-59.81   	-25.94   	  4.96   	-188.20		
-62.56   	-28.99   	  4.21   	-172.94		
-65.92   	-28.38   	  3.52   	-147.51		
-58.29   	-25.94   	  2.93   	-116.99		
-54.63   	-28.69   	  2.46   	 -86.47		
-50.66   	-31.13   	  2.12   	 -50.86		
-47.30   	-27.77   	  1.91   	 -10.17		
-51.57   	-28.08   	  1.87(D)	  25.43		
-52.19   	-25.33   	  1.97   	  66.12		
-58.59   	-26.55   	  2.24   	  91.56		
-65.00   	-31.13   	  2.60   	 122.07		
-58.90   	-28.08   	  3.09   	 142.42		
-58.59   	-29.60   	  3.66   	 147.51		
-58.29   	-29.91   	  4.25   	 152.59		
-58.29   	-29.60   	  4.86   	 147.51		
-60.42   	-33.87   	  5.45   	 137.33		
-54.93   	-32.65   	  6.00   	 122.07		
-52.80   	-29.91   	  6.49   	 101.73		
-47.00   	-27.16   	  6.90   	  91.56		
-45.47   	-24.41   	  7.26   	  71.21		
-47.00   	-21.67   	  7.55   	  55.95		
-48.22   	-20.75   	  7.77   	  50.86		
-48.52   	-16.17   	  7.98   	  35.61		
-42.11   	 -1.53   	  8.12   	  25.43		
-34.48   	 22.89   	  8.22   	  20.35		
-26.25   	 52.49   	  8.30   	  15.26		
-11.60   	 88.50   	  8.36   	   5.09		
 -7.02   	114.44   	  8.38   	   0.00		
 -7.63   	122.07   	  8.38   	  -5.09		
 -7.02   	121.77   	  8.36   	  -5.09		
-10.99   	113.22   	  8.34   	 -15.26		
 -5.19   	120.54   	  8.28   	 -15.26		
  3.97   	139.77   	  8.22   	 -15.26		
 26.55   	173.34   	  8.16   	 -15.26		
 47.30   	201.72   	  8.10   	 -10.17		
 50.05   	209.96   	  8.06   	 -15.26		
 68.05   	220.03   	  8.00   	 -10.17		
 75.38   	214.23   	  7.96   	  -5.09		
 73.85   	207.52   	  7.93   	  -5.09		
 80.57   	199.58   	  7.91   	   0.00		
 60.73   	169.68   	  7.91   	  -5.09		
 33.87   	136.41   	  7.89   	  -5.09		
 20.45   	 95.21   	  7.87   	  -5.09		
 -6.10   	 45.47   	  7.85   	  -5.09		
-20.14   	 11.29   	  7.83   	  -5.09		
-31.43   	-16.78   	  7.81   	   0.00		
-57.37   	-44.25   	  7.81   	   0.00		
-61.04   	-50.96   	  7.81   	  15.26		
-58.59   	-62.56   	  7.87   	  25.43		
-62.87   	-77.82   	  7.98   	  35.61		
-64.09   	-83.01   	  8.12   	  45.78		
-69.58   	-87.89   	  8.30   	  50.86		
-76.90   	-94.91   	  8.50   	  61.04		
-86.36   	-99.18   	  8.75   	  61.04		
-82.70   	-100.10   	  8.99   	  61.04		
-81.79   	-103.76   	  9.24   	  55.95		
-84.23   	-102.84   	  9.46   	  55.95		
-82.70   	-102.23   	  9.68   	  61.04		
-81.79   	-103.76   	  9.93   	  50.86		
-84.53   	-102.23   	 10.13   	  55.95		
-83.01   	-98.57   	 10.36   	  50.86		
-83.62   	-94.60   	 10.56   	  40.69		
-86.67   	-91.55   	 10.72   	  40.69		
-89.42   	-93.38   	 10.89   	  30.52		
-89.11   	-93.38   	 11.01   	  20.35		
-88.81   	-89.72   	 11.09   	  15.26		
-91.25   	-85.75   	 11.15   	  10.17		
-102.84   	-93.99   	 11.19   	   0.00		
-135.19   	-111.39   	 11.19   	   0.00		
-166.93   	-126.95   	 11.19(E)	   5.09		
-183.72   	-136.11   	 11.21   	   5.09		
-165.41   	-113.53   	 11.23   	  10.17		
-82.40   	-67.14   	 11.27   	  20.35		
 53.41   	 -2.75   	 11.35   	  25.43		
230.10   	109.86   	 11.45   	  30.52		
433.04   	296.33   	 11.58   	  35.61		
608.22   	429.69   	 11.72   	  35.61		
681.76   	473.33(R)	 11.86   	  40.69		
640.87   	438.23   	 12.02   	  35.61		
482.18   	256.96   	 12.17   	  35.61		
285.03   	 54.02   	 12.31   	  45.78		
120.85   	-79.35   	 12.49   	  55.95		
 12.21   	-170.59   	 12.72   	  81.38		
-25.33   	-230.10   	 13.04   	 116.99		
-47.00   	-249.33   	 13.51   	 162.77		
-62.87   	-203.25   	 14.16   	 208.54		
-67.14   	-172.73   	 14.99   	 279.75		
-60.73   	-142.52   	 16.11   	 350.97		
-66.53   	-103.15   	 17.52   	 457.78		
-73.24   	-92.16   	 19.35   	 569.68		
-69.89   	-90.03   	 21.63   	 707.02		
-74.77   	-77.21   	 24.46   	 854.52		
-76.29   	-68.36   	 27.87   	1002.03		
-70.80   	-67.44   	 31.88   	1149.54		
-70.80   	-68.97   	 36.48   	1291.96		
-71.72   	-65.00   	 41.65   	1429.29		
-67.14   	-56.76   	 47.37   	1541.19		
-67.75   	-61.65   	 53.53   	1627.66		
-66.53   	-64.70   	 60.04   	1673.44		
-74.77   	-64.39   	 66.73   	1673.44		
-76.90   	-63.48   	 73.43   	1597.15		
-72.02   	-57.37   	 79.82   	1469.98		
-77.82   	-58.90   	 85.70   	1276.70		
-79.65   	-61.04   	 90.80   	1042.72		
-76.29   	-58.29   	 94.97   	 793.49		
-76.60   	-59.81   	 98.15   	 549.34		
-71.41   	-56.76   	100.35   	 325.53		
-62.56   	-56.46   	101.65   	 142.42		
-72.94   	-60.12   	102.22   	  25.43		
-79.04   	-64.39   	102.32   	 -50.86		
-84.84   	-70.80   	102.12   	 -71.21		
-89.72   	-70.19   	101.83   	 -40.69		
-82.70   	-67.75   	101.67   	  20.35		
-78.74   	-63.17   	101.75   	 101.73		
-79.04   	-60.12   	102.16   	 198.37		
-79.04   	-59.20   	102.95   	 289.93		
-79.35   	-58.90   	104.11   	 361.14		
-83.01   	-63.17   	105.55   	 417.09		
-81.18   	-64.39   	107.22   	 437.43		
-80.26   	-65.92   	108.97   	 427.26		
-77.82   	-65.92   	110.68   	 401.83		
-75.07   	-64.70   	112.29   	 356.05		
-73.24   	-60.12   	113.71   	 310.27		
-70.19   	-54.63   	114.95   	 269.58		
-75.07   	-52.19   	116.03   	 233.98		
-80.26   	-51.57   	116.97   	 213.63		
-76.90   	-50.05   	117.82   	 198.37		
-70.50   	-51.57   	118.62   	 203.46		
-66.83   	-47.30   	119.43   	 203.46		
-57.98   	-39.67   	120.24   	 208.54		
-57.07   	-36.93   	121.08   	 213.63		
-59.20   	-30.21   	121.93   	 208.54		
-57.37   	-28.69   	122.77   	 198.37		
-52.80   	-25.33   	123.56   	 178.03		
-47.61   	-16.48   	124.27   	 162.77		
-39.98   	 -6.10   	124.92   	 147.51		
-34.48   	  4.58   	125.51   	 137.33		
-24.11   	 14.04   	126.06   	 137.33		
-11.29   	 30.82   	126.61   	 132.25		
 -3.05   	 41.20   	127.14   	 122.07		
  5.80   	 54.32   	127.63   	 111.90		
 14.95   	 72.63   	128.08   	  91.56		
 23.80   	 83.92   	128.44   	  76.30		
 29.30   	 97.66   	128.75   	  61.04		
 45.47   	116.27   	128.99   	  61.04		
 60.12   	133.67   	129.24   	  71.21		
 64.70   	152.59   	129.52   	  81.38		
 76.29   	168.76   	129.85   	  96.64		
 85.75   	184.02   	130.23   	 101.73		
 86.36   	196.84   	130.64   	 101.73		
 94.30   	206.30   	131.05   	 101.73		
 98.27   	214.23   	131.45   	 106.82		
 98.27   	222.78   	131.88   	  96.64		
104.98   	234.07   	132.27   	  76.30		
109.25   	243.23   	132.57   	  50.86		
110.78   	251.16   	132.78   	  20.35		
107.73   	252.38   	132.86(S)	 -20.35		
 88.20   	234.99   	132.78   	 -55.95		
 68.66   	217.29   	132.55   	 -81.38		
 53.71   	196.84   	132.23   	-106.82		
 32.96   	173.65   	131.80   	-122.07		
 21.97   	153.20   	131.31   	-132.25		
  6.41   	126.65   	130.78   	-127.16		
-10.07   	101.62   	130.27   	-127.16		
-21.36   	 77.21   	129.77   	-111.90		
-31.43   	 59.20   	129.32   	-101.73		
-37.54   	 44.25   	128.91   	 -96.64		
-47.91   	 28.69   	128.52   	 -91.56		
-52.19   	 18.31   	128.16   	 -96.64		
-56.46   	  5.19   	127.77   	-111.90		
-65.00   	 -5.49   	127.32   	-127.16		
-66.22   	-11.29   	126.82   	-162.77		
-73.85   	-20.45   	126.16   	-198.37		
-75.38   	-25.33   	125.37   	-254.32		
-73.24   	-26.86   	124.35   	-320.45		
-74.77   	-33.26   	123.07   	-406.92		
-73.55   	-36.32   	121.44   	-528.99		
-83.31   	-38.15   	119.33   	-686.67		
-83.01   	-38.15   	116.58   	-885.04		
-79.96   	-32.35   	113.04   	-1057.98		
-80.87   	-30.52   	108.81   	-1174.97		
-73.85   	-27.16   	104.11   	-1236.01		
-75.07   	-29.60   	 99.17   	-1246.18		
-79.96   	-34.18   	 94.18   	-1210.58		
-74.16   	-35.40   	 89.34   	-1169.88		
-75.07   	-38.15   	 84.66   	-1134.28		
-76.29   	-36.32   	 80.12   	-1124.11		
-75.99   	-31.74   	 75.63   	-1149.54		
-80.57   	-27.16   	 71.03   	-1185.14		
-79.96   	-23.80   	 66.29   	-1225.83		
-79.04   	-22.28   	 61.38   	-1261.44		
-79.65   	-22.58   	 56.34   	-1271.61		
-80.57   	-22.89   	 51.25   	-1266.53		
-76.60   	-21.67   	 46.18   	-1236.01		
-73.85   	-16.17   	 41.24   	-1169.88		
-68.66   	-10.99   	 36.56   	-1098.67		
-67.14   	-10.99   	 32.17   	-1002.03		
-69.89   	 -8.54   	 28.16   	-905.39		
-70.50   	-10.38   	 24.54   	-798.57		
-71.11   	-12.82   	 21.34   	-707.02		
-67.44   	-10.38   	 18.51   	-610.37		
-73.24   	-10.38   	 16.07   	-528.99		
-68.05   	 -8.24   	 13.96   	-442.52		
-69.89   	 -7.63   	 12.19   	-366.22		
-69.27   	 -7.32   	 10.72   	-300.10		
-64.39   	 -7.93   	  9.52   	-233.98		
-68.05   	 -6.71   	  8.59   	-178.03		
-68.97   	 -7.02   	  7.87   	-122.07		
-70.50   	 -8.85   	  7.39   	 -66.12		
-70.50   	-10.99   	  7.12   	 -25.43		
-71.11   	-11.90   	  7.02   	  15.26		
-69.58   	-13.12   	  7.08   	  50.86		
-73.24   	-13.73   	  7.28   	  71.21		
-70.80   	 -9.77   	  7.57   	  86.47		
-70.80   	-11.60   	  7.91   	  86.47		
-67.44   	-13.73   	  8.26   	  61.04		
-68.97   	-14.65   	  8.50   	  40.69		
-71.72   	-15.56   	  8.67   	   0.00		
-68.36   	-15.26   	  8.67   	 -35.61		
-73.24   	-16.17   	  8.52   	 -71.21		
-69.58   	-13.12   	  8.24   	-106.82		
-67.14   	-15.26   	  7.81   	-137.33		
-71.72   	-19.53   	  7.26   	-157.68		
-68.66   	-18.62   	  6.63   	-172.94		
-70.50   	-20.45   	  5.94   	-183.11		
-68.66   	-18.01   	  5.21   	-188.20		
-65.31   	-15.56   	  4.46   	-183.11		
-68.36   	-13.73   	  3.72   	-172.94		
-68.05   	-14.65   	  3.03   	-152.59		
-72.94   	-20.45   	  2.42   	-132.25		
-75.68   	-21.67   	  1.89   	-101.73		
-69.27   	-21.67   	  1.49   	 -66.12		
-73.85   	-24.41   	  1.22   	 -30.52		
-71.72   	-20.14   	  1.10(D)	  10.17		
-69.27   	-19.23   	  1.14   	  50.86		
-82.09   	-24.11   	  1.34   	  81.38		
-77.82   	-17.70   	  1.67   	 106.82		
-76.29   	-22.89   	  2.10   	 127.16		
-85.14   	-29.30   	  2.60   	 137.33		
-76.60   	-23.50   	  3.15   	 142.42		
-75.68   	-26.86   	  3.72   	 142.42		
-77.82   	-26.25   	  4.29   	 132.25		
-72.94   	-19.84   	  4.82   	 127.16		
-69.89   	-15.87   	  5.33   	 111.90		
-70.19   	 -9.16   	  5.78   	  96.64		
-64.09   	  8.85   	  6.16   	  81.38		
-51.57   	 38.45   	  6.49   	  66.12		
-47.30   	 67.14   	  6.75   	  55.95		
-45.17   	 95.52   	  6.98   	  40.69		
-44.56   	104.98   	  7.14   	  35.61		
-44.86   	107.42   	  7.28   	  30.52		
-38.15   	106.20   	  7.41   	  25.43		
-30.21   	112.61   	  7.51   	  25.43		
-14.34   	140.38   	  7.61   	  20.35		
 -1.83   	175.78   	  7.69   	  20.35		
 11.29   	200.20   	  7.77   	  15.26		
 24.41   	214.23   	  7.83   	  10.17		
 36.62   	221.86   	  7.87   	   5.09		
 47.00   	212.40   	  7.89   	   0.00		
 49.44   	205.69   	  7.89   	 -10.17		
 43.33   	193.79   	  7.85   	 -10.17		
 28.08   	171.20   	  7.81   	 -20.35		
 11.29   	143.74   	  7.73   	 -15.26		
 -3.66   	103.76   	  7.67   	 -20.35		
-27.47   	 59.81   	  7.59   	 -20.35		
-42.42   	 16.17   	  7.51   	 -10.17		
-56.76   	-18.92   	  7.47   	 -10.17		
-81.79   	-43.33   	  7.43   	   5.09		
-85.14   	-51.88   	  7.45   	  10.17		
-79.96   	-61.04   	  7.49   	  25.43		
-86.06   	-73.24   	  7.59   	  40.69		
-88.81   	-79.96   	  7.75   	  50.86		
-93.69   	-88.50   	  7.96   	  71.21		
-100.40   	-93.08   	  8.24   	  76.30		
-103.15   	-93.69   	  8.55   	  81.38		
-104.37   	-96.74   	  8.87   	  86.47		
-101.01   	-97.96   	  9.22   	  86.47		
-103.45   	-99.18   	  9.56   	  81.38		
-106.51   	-100.10   	  9.89   	  71.21		
-105.90   	-100.10   	 10.17   	  66.12		
-104.06   	-99.79   	 10.44   	  61.04		
-102.54   	-97.05   	 10.68   	  50.86		
-106.20   	-95.52   	 10.89   	  40.69		
-102.23   	-92.77   	 11.05   	  35.61		
-100.10   	-87.28   	 11.19   	  30.52		
-103.76   	-86.67   	 11.31   	  20.35		
-102.84   	-86.06   	 11.39   	  15.26		
-106.20   	-85.75   	 11.45   	  10.17		
-125.73   	-98.27   	 11.50   	   5.09		
-154.42   	-120.85   	 11.52   	   5.09		
-178.83   	-130.92   	 11.54   	   5.09		
-198.97   	-137.33   	 11.56   	   5.09		
-183.72   	-116.58   	 11.58   	   5.09		
-111.39   	-65.92   	 11.60   	  10.17		
 -0.61   	  0.92   	 11.64   	  15.26		
156.86   	106.51   	 11.70   	  15.26		
344.54   	288.39   	 11.76   	  20.35		
520.63   	455.02   	 11.84   	  25.43		
614.32   	520.94(R)	 11.94(E)	  25.43		
593.57   	511.47   	 12.04   	  35.61		
460.51   	359.19   	 12.19   	  35.61		
261.54   	133.67   	 12.33   	  50.86		
 97.66   	-29.30   	 12.53   	  66.12		
-11.90   	-144.65   	 12.80   	  86.47		
-57.68   	-216.06   	 13.14   	 122.07		
-69.58   	-248.72   	 13.63   	 157.68		
-89.72   	-211.79   	 14.26   	 208.54		
-94.91   	-164.79   	 15.10   	 269.58		
-89.11   	-139.16   	 16.17   	 345.88		
-88.20   	-95.21   	 17.56   	 437.43		
-90.03   	-72.02   	 19.31   	 559.51		
-88.20   	-73.85   	 21.55   	 686.67		
-92.47   	-59.81   	 24.29   	 839.26		
-90.64   	-47.91   	 27.65   	 991.86		
-92.77   	-55.24   	 31.62   	1139.36		
-86.98   	-57.98   	 36.17   	1281.79		
-85.75   	-55.85   	 41.30   	1408.95		
-91.86   	-53.71   	 46.94   	1531.02		
-88.50   	-49.44   	 53.06   	1622.58		
-90.03   	-53.10   	 59.55   	1688.70		
-91.25   	-54.93   	 66.31   	1709.05		
-96.13   	-56.46   	 73.14   	1663.27		
-93.69   	-51.57   	 79.80   	1561.54		
-93.99   	-50.05   	 86.04   	1393.69		
-97.05   	-49.44   	 91.62   	1169.88		
-92.16   	-45.78   	 96.30   	 920.65		
-86.36   	-43.03   	 99.98   	 651.07		
-92.16   	-47.61   	102.58   	 396.74		
-87.59   	-46.69   	104.17   	 188.20		
-85.45   	-43.33   	104.92   	  20.35		
-89.72   	-43.03   	105.00   	 -76.30		
-78.13   	-38.45   	104.70   	-111.90		
-81.79   	-39.67   	104.25   	 -96.64		
-85.45   	-40.28   	103.87   	 -35.61		
-83.31   	-42.42   	103.72   	  50.86		
-82.09   	-41.81   	103.93   	 152.59		
-77.21   	-39.06   	104.54   	 249.24		
-80.87   	-42.42   	105.53   	 335.71		
-76.90   	-43.33   	106.88   	 401.83		
-80.57   	-45.47   	108.48   	 432.35		
-86.36   	-45.47   	110.21   	 442.52		
-84.23   	-41.81   	111.98   	 422.18		
-79.04   	-38.76   	113.67   	 386.57		
-80.26   	-38.15   	115.22   	 345.88		
-77.82   	-37.54   	116.60   	 305.19		
-71.72   	-34.18   	117.82   	 264.50		
-77.51   	-29.60   	118.88   	 244.15		
-72.94   	-26.86   	119.86   	 233.98		
-69.89   	-23.50   	120.79   	 218.72		
-66.53   	-20.45   	121.67   	 213.63		
-59.20   	-17.70   	122.52   	 208.54		
-58.59   	-10.68   	123.36   	 203.46		
-50.96   	 -3.36   	124.17   	 198.37		
-50.96   	 -4.58   	124.96   	 193.29		
-49.74   	 -0.92   	125.74   	 183.11		
-47.00   	  1.53   	126.47   	 188.20		
-42.42   	  8.24   	127.22   	 178.03		
-31.74   	 21.67   	127.93   	 172.94		
-20.45   	 36.93   	128.63   	 157.68		
-12.82   	 48.22   	129.26   	 137.33		
 -3.66   	 61.95   	129.81   	 122.07		
  8.54   	 77.82   	130.29   	 101.73		
 17.70   	 88.20   	130.70   	  81.38		
 26.25   	102.54   	131.03   	  66.12		
 38.76   	119.02   	131.29   	  61.04		
 40.89   	130.92   	131.54   	  61.04		
 50.35   	148.93   	131.78   	  66.12		
 61.65   	166.93   	132.04   	  91.56		
 63.78   	177.00   	132.41   	 111.90		
 71.72   	190.12   	132.86   	 137.33		
 78.74   	201.11   	133.41   	 152.59		
 87.89   	213.93   	134.02   	 152.59		
 98.57   	227.97   	134.63   	 142.42		
102.23   	238.65   	135.20   	 106.82		
104.06   	249.33   	135.63   	  66.12		
 99.49   	255.43   	135.89   	  15.26		
 96.74   	257.57   	135.95(S)	 -40.69		
 92.77   	256.35   	135.79   	 -86.47		
 78.74   	248.11   	135.44   	-127.16		
 64.70   	230.41   	134.93   	-147.51		
 47.61   	209.66   	134.34   	-162.77		
 30.82   	188.60   	133.69   	-152.59		
 14.34   	161.74   	133.08   	-147.51		
  1.53   	139.47   	132.49   	-122.07		
-14.65   	116.88   	132.00   	-106.82		
-23.80   	 96.13   	131.58   	 -91.56		
-33.57   	 78.74   	131.21   	 -76.30		
-39.67   	 60.73   	130.90   	 -71.21		
-44.86   	 46.69   	130.62   	 -66.12		
-54.32   	 32.65   	130.36   	 -76.30		
-54.02   	 23.19   	130.05   	 -86.47		
-55.85   	 15.87   	129.70   	-111.90		
-63.78   	  6.71   	129.26   	-147.51		
-63.17   	  1.53   	128.67   	-193.29		
-68.66   	 -3.36   	127.89   	-249.24		
-75.38   	 -4.88   	126.90   	-325.53		
-70.19   	 -3.97   	125.59   	-417.09		
-66.53   	 -3.36   	123.93   	-544.25		
-67.14   	 -6.41   	121.75   	-712.10		
-70.50   	-11.90   	118.90   	-905.39		
-73.24   	-11.90   	115.28   	-1063.07		
-71.41   	-11.60   	111.03   	-1159.71		
-75.07   	-13.12   	106.39   	-1205.49		
-71.11   	 -9.16   	101.57   	-1200.40		
-73.85   	-12.21   	 96.76   	-1159.71		
-83.62   	-17.40   	 92.13   	-1129.19		
-87.89   	-17.09   	 87.61   	-1113.93		
-86.36   	-13.12   	 83.15   	-1134.28		
-76.90   	-10.07   	 78.62   	-1185.14		
-73.55   	 -4.88   	 73.88   	-1246.18		
-65.31   	  2.44   	 68.89   	-1302.13		
-65.61   	 -1.22   	 63.68   	-1342.82		
-69.89   	  0.61   	 58.31   	-1353.00		
-69.89   	  2.75   	 52.90   	-1332.65		
-74.16   	  0.61   	 47.57   	-1286.87		
-72.63   	  1.83   	 42.42   	-1210.58		
-71.41   	  1.53   	 37.58   	-1108.85		
-69.58   	  0.61   	 33.14   	-1002.03		
-66.83   	  3.36   	 29.14   	-885.04		
-65.31   	  7.63   	 25.60   	-778.23		
-64.39   	 12.21   	 22.48   	-671.41		
-64.70   	 18.31   	 19.80   	-579.86		
-61.04   	 19.23   	 17.48   	-488.30		
-57.98   	 19.84   	 15.52   	-412.00		
-60.42   	 21.06   	 13.88   	-345.88		
-57.98   	 19.53   	 12.49   	-274.67		
-59.51   	 21.06   	 11.39   	-213.63		
-58.59   	 23.19   	 10.54   	-162.77		
-57.37   	 22.28   	  9.89   	-116.99		
-54.63   	 24.41   	  9.42   	 -76.30		
-53.10   	 26.25   	  9.11   	 -40.69		
-56.15   	 22.28   	  8.95   	   0.00		
-51.27   	 25.63   	  8.95   	  30.52		
-50.35   	 24.72   	  9.07   	  50.86		
-57.37   	 17.09   	  9.28   	  55.95		
-61.04   	 14.65   	  9.50   	  50.86		
-58.90   	 14.95   	  9.70   	  35.61		
-62.56   	 15.26   	  9.85   	   0.00		
-57.98   	 15.87   	  9.85   	 -25.43		
-50.05   	 20.45   	  9.75   	 -61.04		
-60.73   	 15.56   	  9.50   	 -91.56		
-62.87   	  9.77   	  9.14   	-106.82		
-61.04   	  9.77   	  8.71   	-127.16		
-68.97   	  6.10   	  8.20   	-132.25		
-61.95   	  6.10   	  7.67   	-132.25		
-61.34   	  7.93   	  7.14   	-132.25		
-66.83   	  7.32   	  6.61   	-116.99		
-63.48   	  4.27   	  6.14   	-106.82		
-67.14   	  3.97   	  5.72   	 -86.47		
-65.92   	  2.14   	  5.37   	 -71.21		
-66.53   	 -0.61   	  5.09   	 -50.86		
-68.97   	  4.58   	  4.88   	 -40.69		
-69.58   	  5.49   	  4.72   	 -25.43		
-74.16   	  0.31   	  4.62   	 -20.35		
-75.99   	  1.53   	  4.54   	  -5.09		
-74.77   	 -2.14   	  4.52(D)	   5.09		
-69.58   	 -4.88   	  4.54   	  20.35		
-66.53   	 -1.53   	  4.62   	  35.61		
-65.61   	 -3.05   	  4.76   	  55.95		
-64.70   	 -4.58   	  4.98   	  71.21		
-72.02   	 -4.88   	  5.27   	  96.64		
-75.07   	 -5.80   	  5.66   	 101.73		
-72.63   	 -3.36   	  6.06   	 116.99		
-68.97   	  0.31   	  6.53   	 116.99		
-64.70   	 -1.83   	  7.00   	 111.90		
-65.31   	 -4.27   	  7.45   	 101.73		
-70.80   	 -6.10   	  7.85   	  96.64		
-72.63   	 -4.27   	  8.24   	  76.30		
-76.60   	 -1.83   	  8.55   	  71.21		
-75.99   	  0.92   	  8.83   	  50.86		
-69.27   	  4.58   	  9.03   	  40.69		
-70.50   	  6.10   	  9.20   	  30.52		
-63.17   	 20.14   	  9.32   	  25.43		
-55.24   	 39.98   	  9.42   	  15.26		
-48.22   	 64.39   	  9.48   	   5.09		
-36.62   	 99.49   	  9.50   	   0.00		
-26.86   	126.65   	  9.50   	   0.00		
-22.28   	140.38   	  9.50   	 -10.17		
-23.19   	144.96   	  9.46   	 -10.17		
-22.58   	138.24   	  9.42   	 -10.17		
-24.11   	136.72   	  9.38   	 -10.17		
-11.29   	157.78   	  9.34   	 -10.17		
  6.10   	188.90   	  9.30   	 -10.17		
 20.14   	218.51   	  9.26   	   0.00		
 34.18   	233.15   	  9.26   	  -5.09		
 46.39   	242.31   	  9.24   	   5.09		
 54.63   	239.26   	  9.26   	   5.09		
 65.00   	232.24   	  9.28   	   5.09		
 65.92   	224.00   	  9.30   	   0.00		
 51.57   	200.20   	  9.30   	   5.09		
 28.99   	169.07   	  9.32   	   0.00		
 11.90   	133.06   	  9.32   	  -5.09		
-11.29   	 89.11   	  9.30   	  -5.09		
-32.65   	 49.13   	  9.28   	   0.00		
-38.15   	 22.28   	  9.28   	  -5.09		
-62.56   	 -7.02   	  9.26   	   5.09		
-71.41   	-18.31   	  9.28   	   5.09		
-68.05   	-27.16   	  9.30   	  20.35		
-80.57   	-46.39   	  9.38   	  25.43		
-79.65   	-54.93   	  9.48   	  35.61		
-80.87   	-61.04   	  9.62   	  50.86		
-87.59   	-62.26   	  9.83   	  55.95		
-90.94   	-66.22   	 10.05   	  66.12		
-89.42   	-69.58   	 10.32   	  76.30		
-96.44   	-71.41   	 10.62   	  76.30		
-100.40   	-78.43   	 10.93   	  81.38		
-100.71   	-77.82   	 11.25   	  86.47		
-103.45   	-71.41   	 11.60   	  76.30		
-97.35   	-71.41   	 11.90   	  71.21		
-97.96   	-70.50   	 12.19   	  61.04		
-97.66   	-67.75   	 12.43   	  50.86		
-96.44   	-68.36   	 12.63   	  40.69		
-100.40   	-65.00   	 12.80   	  25.43		
-97.66   	-60.42   	 12.90   	  15.26		
-90.33   	-54.63   	 12.96   	  10.17		
-93.99   	-54.63   	 13.00   	  15.26		
-113.83   	-68.66   	 13.06   	  20.35		
-138.85   	-86.06   	 13.14   	  45.78		
-167.24   	-94.60   	 13.33   	  55.95		
-183.72   	-95.52   	 13.55   	  71.21		
-160.52   	-70.50   	 13.84   	  76.30		
-85.45   	-23.19   	 14.14   	  76.30		
 33.57   	 34.48   	 14.45   	  71.21		
205.08   	136.41   	 14.73   	  61.04		
406.80   	313.72   	 14.97   	  61.04		
587.16   	445.25   	 15.22   	  50.86		
678.71   	484.01(R)	 15.42   	  30.52		
653.38   	455.93   	 15.54   	  20.35		
505.37   	291.14   	 15.63   	   0.00		
305.79   	 91.55   	 15.63   	  -5.09		
135.19   	-44.25   	 15.61(E)	  10.17		
  9.16   	-141.91   	 15.65   	  40.69		
-36.32   	-206.60   	 15.81   	  91.56		
-59.51   	-232.24   	 16.17   	 167.85		
-75.68   	-174.26   	 16.85   	 254.32		
-75.99   	-132.75   	 17.86   	 345.88		
-75.07   	-106.81   	 19.25   	 427.26		
-72.33   	-67.14   	 20.96   	 508.65		
-80.87   	-60.42   	 22.99   	 584.94		
-77.82   	-62.26   	 25.33   	 681.58		
-81.48   	-46.69   	 28.06   	 793.49		
-80.87   	-34.48   	 31.23   	 925.73		
-81.18   	-37.84   	 34.93   	1088.50		
-84.23   	-45.47   	 39.29   	1261.44		
-82.70   	-42.11   	 44.33   	1429.29		
-88.81   	-37.23   	 50.05   	1592.06		
-87.28   	-35.71   	 56.42   	1724.31		
-78.13   	-32.35   	 63.32   	1846.38		
-81.79   	-30.82   	 70.70   	1937.94		
-85.45   	-30.52   	 78.45   	1983.72		
-79.96   	-27.47   	 86.39   	1932.85		
-83.92   	-32.65   	 94.12   	1724.31		
-88.50   	-36.01   	101.02   	1347.91		
-82.70   	-30.21   	106.41   	 808.75		
-79.96   	-28.38   	109.64   	 162.77		
-86.36   	-28.99   	110.29   	-432.35		
-83.62   	-24.72   	108.57   	-859.61		
-85.45   	-27.47   	105.13   	-1052.90		
-90.33   	-28.99   	100.92   	-1027.46		
-83.92   	-25.02   	 96.81   	-829.09		
-83.31   	-25.02   	 93.49   	-518.82		
-80.87   	-22.58   	 91.41   	-152.59		
-76.29   	-21.06   	 90.80   	 208.54		
-78.43   	-22.58   	 91.64   	 528.99		
-73.24   	-21.36   	 93.75   	 788.40		
-75.99   	-22.89   	 96.91   	 956.25		
-76.60   	-23.80   	100.73   	1037.64		
-70.50   	-25.02   	104.88   	1052.90		
-72.02   	-24.41   	109.09   	1017.29		
-67.14   	-22.89   	113.16   	 966.43		
-69.58   	-21.67   	117.03   	 890.13		
-68.97   	-17.70   	120.59   	 803.66		
-66.22   	-15.26   	123.80   	 701.93		
-65.00   	-13.43   	126.61   	 579.86		
-60.12   	-10.68   	128.93   	 462.87		
-63.78   	-10.07   	130.78   	 345.88		
-59.81   	 -5.49   	132.17   	 228.89		
-57.37   	  0.00   	133.08   	 132.25		
-53.41   	  3.66   	133.61   	  50.86		
-44.86   	  8.85   	133.81   	 -10.17		
-41.81   	 14.34   	133.77   	 -35.61		
-35.10   	 18.01   	133.63   	 -25.43		
-33.26   	 24.41   	133.53   	   0.00		
-27.47   	 32.04   	133.53   	  35.61		
-20.14   	 42.72   	133.67   	  71.21		
-19.23   	 49.44   	133.96   	  96.64		
 -9.77   	 61.04   	134.34   	 111.90		
  1.22   	 72.94   	134.79   	 116.99		
 10.68   	 82.70   	135.26   	 111.90		
 16.17   	 93.69   	135.71   	 106.82		
 24.41   	109.56   	136.13   	  91.56		
 32.35   	123.29   	136.50   	  66.12		
 42.11   	143.43   	136.76   	  30.52		
 57.37   	165.10   	136.89(S)	   0.00		
 69.89   	178.22   	136.89   	 -25.43		
 84.23   	196.84   	136.78   	 -35.61		
 87.89   	207.82   	136.64   	 -35.61		
 95.52   	219.42   	136.50   	 -45.78		
102.23   	235.60   	136.32   	 -66.12		
 99.18   	245.97   	136.05   	 -96.64		
102.54   	261.23   	135.67   	-116.99		
105.59   	274.35   	135.20   	-127.16		
113.83   	287.48   	134.69   	-132.25		
121.15   	292.66   	134.16   	-122.07		
122.68   	293.88   	133.67   	-106.82		
115.97   	285.64   	133.24   	-101.73		
101.32   	269.17   	132.84   	-106.82		
 84.84   	252.99   	132.41   	-116.99		
 71.41   	234.07   	131.94   	-152.59		
 55.24   	210.27   	131.33   	-178.03		
 35.40   	186.46   	130.62   	-213.63		
 20.45   	165.10   	129.77   	-233.98		
  6.71   	140.08   	128.83   	-254.32		
 -5.80   	119.32   	127.81   	-259.41		
-10.68   	103.15   	126.77   	-254.32		
-21.06   	 84.23   	125.76   	-244.15		
-28.99   	 69.89   	124.78   	-233.98		
-32.96   	 58.59   	123.84   	-198.37		
-36.62   	 47.61   	123.05   	-137.33		
-41.50   	 39.67   	122.50   	 -45.78		
-47.30   	 32.96   	122.32   	  40.69		
-52.19   	 24.41   	122.48   	 111.90		
-58.59   	 20.45   	122.93   	 142.42		
-57.68   	 16.78   	123.50   	 122.07		
-56.76   	 13.43   	123.99   	  50.86		
-58.59   	 12.51   	124.19   	 -55.95		
-53.10   	 10.38   	123.97   	-239.06		
-55.54   	 10.07   	123.01   	-493.39		
-57.68   	  7.32   	121.04   	-788.40		
-54.02   	 10.07   	117.88   	-1042.72		
-57.37   	 13.12   	113.71   	-1236.01		
-54.32   	 14.34   	108.77   	-1347.91		
-51.88   	 18.31   	103.38   	-1393.69		
-59.20   	 14.95   	 97.80   	-1393.69		
-57.37   	 12.82   	 92.23   	-1378.43		
-59.81   	 10.99   	 86.71   	-1347.91		
-65.92   	  9.46   	 81.32   	-1327.56		
-59.51   	 11.60   	 76.01   	-1317.39		
-58.29   	 14.95   	 70.74   	-1317.39		
-61.04   	 14.04   	 65.47   	-1312.30		
-58.29   	 16.17   	 60.22   	-1297.04		
-52.49   	 18.31   	 55.04   	-1271.61		
-60.12   	 15.87   	 49.95   	-1220.75		
-62.87   	 14.95   	 45.07   	-1149.54		
-57.07   	 16.48   	 40.47   	-1063.07		
-62.56   	 19.84   	 36.22   	-961.34		
-61.65   	 24.11   	 32.37   	-864.70		
-57.07   	 29.30   	 28.91   	-778.23		
-58.59   	 31.13   	 25.80   	-722.28		
-59.20   	 32.04   	 22.91   	-676.50		
-54.32   	 30.82   	 20.20   	-645.98		
-50.35   	 30.21   	 17.62   	-615.46		
-52.49   	 31.43   	 15.16   	-584.94		
-51.57   	 27.47   	 12.82   	-544.25		
-55.24   	 26.25   	 10.64   	-473.04		
-57.68   	 29.91   	  8.75   	-396.74		
-57.07   	 30.82   	  7.16   	-300.10		
-59.20   	 28.08   	  5.96   	-188.20		
-57.98   	 28.99   	  5.21   	 -76.30		
-53.41   	 27.77   	  4.90   	  45.78		
-54.32   	 25.02   	  5.09   	 152.59		
-57.07   	 25.94   	  5.70   	 259.41		
-55.54   	 25.94   	  6.73   	 340.79		
-57.98   	 23.19   	  8.10   	 401.83		
-61.04   	 19.53   	  9.70   	 422.18		
-56.15   	 18.62   	 11.39   	 412.00		
-54.02   	 18.31   	 13.04   	 366.22		
-56.76   	 13.12   	 14.51   	 305.19		
-56.76   	 11.60   	 15.73   	 228.89		
-56.15   	 12.82   	 16.64   	 157.68		
-59.81   	  9.16   	 17.27   	  96.64		
-62.26   	 11.90   	 17.66   	  50.86		
-56.15   	 16.48   	 17.86   	  15.26		
-60.42   	 11.29   	 17.92   	 -10.17		
-60.42   	 14.04   	 17.88   	 -40.69		
-59.20   	 15.87   	 17.72   	 -81.38		
-61.65   	 11.60   	 17.40   	-132.25		
-58.29   	 15.26   	 16.87   	-183.11		
-50.35   	 17.40   	 16.13   	-254.32		
-57.68   	  9.77   	 15.12   	-320.45		
-59.81   	 13.43   	 13.84   	-396.74		
-57.37   	 12.82   	 12.25   	-467.95		
-65.61   	 10.07   	 10.38   	-523.90		
-54.63   	 16.17   	  8.28   	-554.42		
-54.32   	 14.34   	  6.06   	-554.42		
-60.42   	 14.34   	  3.85   	-513.73		
-57.37   	 16.48   	  1.79   	-452.69		
-58.59   	 14.65   	 -0.02   	-361.14		
-55.85   	 11.90   	 -1.46   	-259.41		
-55.85   	  7.02   	 -2.50   	-157.68		
-60.12   	  4.88   	 -3.13   	 -55.95		
-67.44   	  2.75   	 -3.36   	  35.61		
-69.58   	  3.97   	 -3.21   	 122.07		
-68.66   	  5.80   	 -2.73   	 203.46		
-64.39   	  8.54   	 -1.91   	 259.41		
-59.20   	  7.93   	 -0.87   	 310.27		
-60.42   	  7.02   	  0.37   	 325.53		
-58.90   	 13.12   	  1.67   	 325.53		
-56.15   	 17.70   	  2.97   	 300.10		
-53.41   	 32.96   	  4.17   	 269.58		
-45.78   	 58.90   	  5.25   	 239.06		
-33.87   	 92.16   	  6.21   	 198.37		
-28.38   	122.99   	  7.00   	 162.77		
-24.72   	139.77   	  7.65   	 116.99		
-24.11   	145.26   	  8.12   	  76.30		
-30.82   	138.55   	  8.42   	  35.61		
-28.69   	135.50   	  8.57   	  10.17		
-13.12   	154.42   	  8.61   	 -15.26		
  1.83   	179.44   	  8.55   	 -25.43		
 20.45   	212.40   	  8.44   	 -30.52		
 35.40   	228.88   	  8.32   	 -30.52		
 36.32   	233.76   	  8.20   	 -30.52		
 47.30   	239.26   	  8.08   	 -35.61		
 61.04   	232.54   	  7.93   	 -55.95		
 65.61   	228.88   	  7.71   	 -86.47		
 61.34   	212.10   	  7.37   	-132.25		
 44.25   	183.11   	  6.84   	-193.29		
 22.58   	148.01   	  6.06   	-269.58		
  0.31   	102.23   	  4.98   	-366.22		
-25.02   	 57.37   	  3.52   	-488.30		
-39.06   	 24.11   	  1.57   	-625.63		
-59.81   	 -8.85   	 -0.94   	-747.71		
-76.90   	-23.19   	 -3.93   	-824.00		
-71.41   	-27.47   	 -7.22   	-829.09		
-76.60   	-46.69   	-10.54   	-849.44		
-80.26   	-54.93   	-13.94   	-1052.90		
-81.18   	-64.09   	-18.15   	-1505.59		
-87.59   	-68.97   	-24.17   	-2105.79		
-91.86   	-68.36   	-32.59   	-2660.21		
-90.64   	-70.19   	-43.23   	-2955.23		
-87.89   	-70.19   	-55.06   	-2843.33		
-93.99   	-75.68   	-66.43   	-2329.59		
-95.52   	-78.13   	-75.75   	-1551.37		
-97.66   	-78.74   	-81.95   	-768.05		
-100.71   	-80.87   	-85.03   	-193.29		
-97.05   	-77.21   	-85.80   	 137.33		
-93.99   	-74.77   	-85.25   	 254.32		
-95.21   	-74.16   	-84.23   	 274.67		
-97.05   	-72.33   	-83.13   	 259.41		
-98.27   	-73.55   	-82.10   	 249.24		
-101.01   	-70.50   	-81.10   	 208.54		
-97.05   	-65.00   	-80.26   	 127.16		
-104.37   	-68.05   	-79.76   	  20.35		
-128.17   	-87.59   	-79.67   	 -76.30		
-157.17   	-104.06   	-79.98   	-132.25		
-184.33   	-110.47   	-80.51   	-167.85		
-186.46   	-104.37   	-81.18   	-203.46		
-132.45   	-60.73   	-81.99   	-269.58		
-33.87   	 -9.16   	-83.07   	-345.88		
118.41   	 65.61   	-84.46   	-427.26		
306.70   	207.52   	-86.16   	-488.30		
505.98   	385.13   	-88.12   	-518.82		
652.47   	472.11   	-90.19   	-498.47		
681.76   	490.11(R)	-92.19   	-452.69		
588.99   	395.81   	-94.00   	-386.57		
387.57   	181.88   	-95.54   	-300.10		
199.89   	  4.88   	-96.74   	-183.11		
 58.29   	-114.75   	-97.48   	 -10.17		
-21.06   	-193.48   	-97.52   	 274.67		
-33.57   	-243.84   	-96.42   	 681.58		
-59.81   	-225.52   	-93.69   	1169.88		
-74.77   	-172.42   	-89.01   	1688.70		
-72.33   	-147.40   	-82.26   	2222.78		
-74.46   	-108.64   	-73.37   	2792.46		
-77.51   	-78.74   	-62.20   	3433.35		
-79.96   	-79.96   	-48.46   	4074.25		
-82.40   	-73.55   	-32.17   	4577.81		
-80.57   	-57.68   	-13.86   	4867.73		
-82.70   	-52.80   	  5.62   	4969.46		
-81.18   	-58.90   	 25.49   	4989.81		
-79.04   	-59.81   	 45.45   	5045.76		
-82.09   	-54.32   	 65.64   	5106.80		
-78.74   	-53.71   	 86.06   	5116.97		
-76.90   	-52.80   	106.53   	5061.02		
-77.82   	-50.35   	126.77   	4979.63		
-81.48   	-49.74   	146.69   	4918.60		
-80.26   	-45.17   	166.37   	4964.38		
-76.60   	-44.86   	186.23   	5142.40		
-80.26   	-47.00   	206.79   	5381.46		
-83.62   	-46.69   	228.32   	5584.92		
-83.92   	-47.91   	250.66   	5651.05		
-86.98   	-48.52   	273.26   	5539.14		
-83.31   	-45.47   	295.42   	5233.96		
-81.18   	-47.30   	316.36   	4694.79		
-80.57   	-45.47   	335.14   	4008.12		
-75.68   	-41.50   	351.17   	3270.59		
-78.13   	-44.56   	364.25   	2410.98		
-76.60   	-42.72   	373.89   	1159.71		
-76.29   	-40.28   	378.53   	-584.94		
-80.57   	-43.95   	376.19   	-2716.16		
-75.68   	-42.72   	365.33   	-4944.03		
-74.16   	-39.67   	345.55   	-6937.92		
-75.07   	-38.45   	317.80   	-8402.82		
-68.36   	-33.26   	284.19   	-9206.47		
-66.83   	-31.13   	247.36   	-9328.55		
-65.31   	-28.38   	210.05   	-8865.68		
-61.65   	-27.47   	174.59   	-7929.78		
-57.37   	-27.47   	142.87   	-6673.42		
-57.98   	-29.60   	116.17   	-5254.30		
-57.37   	-27.77   	 95.16   	-3779.23		
-54.93   	-27.77   	 80.04   	-2395.72		
-61.34   	-28.38   	 70.46   	-1174.97		
-58.59   	-24.41   	 65.76   	-228.89		
-53.71   	-22.58   	 64.84   	 417.09		
-53.10   	-18.31   	 66.51   	 768.05		
-45.78   	-14.34   	 69.58   	 879.96		
-39.06   	 -6.10   	 73.10   	 824.00		
-34.18   	  0.00   	 76.40   	 666.32		
-27.47   	  7.93   	 79.06   	 478.13		
-19.23   	 18.62   	 80.98   	 330.62		
-17.09   	 25.02   	 82.30   	 249.24		
-12.51   	 32.04   	 83.30   	 218.72		
 -4.88   	 41.50   	 84.17   	 239.06		
 -1.53   	 52.49   	 85.13   	 269.58		
 10.99   	 66.22   	 86.21   	 325.53		
 22.28   	 84.53   	 87.51   	 406.92		
 28.38   	100.40   	 89.13   	 528.99		
 40.59   	116.27   	 91.25   	 671.41		
 50.05   	133.06   	 93.94   	 808.75		
 58.59   	145.26   	 97.17   	 905.39		
 70.50   	160.52   	100.79   	 935.91		
 79.35   	171.81   	104.54   	 900.30		
 86.98   	187.07   	108.14   	 824.00		
 95.83   	200.81   	111.43   	 752.79		
102.23   	215.15   	114.45   	 727.36		
111.08   	231.32   	117.35   	 752.79		
121.77   	245.36   	120.37   	 818.92		
131.53   	259.40   	123.64   	 895.22		
132.14   	268.86   	127.22   	 946.08		
140.08   	275.88   	131.01   	 981.68		
134.89   	274.66   	134.93   	1002.03		
122.99   	267.03   	138.94   	1012.20		
122.38   	258.18   	142.99   	1042.72		
101.62   	243.23   	147.16   	1124.11		
 87.28   	227.66   	151.66   	1261.44		
 73.55   	208.13   	156.70   	1454.72		
 51.57   	185.85   	162.52   	1637.84		
 39.37   	160.22   	169.07   	1739.57		
 23.19   	132.45   	176.03   	1648.01		
 12.21   	112.92   	182.62   	1297.04		
  1.83   	 91.55   	187.81   	 686.67		
 -6.10   	 75.99   	190.56   	-106.82		
-15.26   	 62.26   	190.13   	-935.91		
-25.02   	 47.91   	186.39   	-1668.36		
-30.82   	 36.01   	179.71   	-2202.43		
-34.79   	 28.38   	170.90   	-2492.36		
-34.48   	 22.89   	160.94   	-2558.48		
-32.96   	 14.04   	150.70   	-2416.06		
-35.10   	  7.93   	141.04   	-2105.79		
-36.01   	  1.22   	132.61   	-1658.18		
-39.37   	 -5.49   	125.98   	-1124.11		
-43.33   	-11.90   	121.48   	-559.51		
-38.45   	-12.51   	119.25   	 -25.43		
-38.15   	-15.56   	119.15   	 401.83		
-36.32   	-18.62   	120.75   	 681.58		
-33.26   	-12.21   	123.48   	 773.14		
-36.32   	-15.87   	126.57   	 661.24		
-35.71   	-18.01   	129.22   	 371.31		
-42.11   	-15.56   	130.70   	 -30.52		
-40.89   	-19.53   	130.58   	-488.30		
-39.06   	-18.01   	128.63   	-925.73		
-42.72   	-18.62   	124.92   	-1256.35		
-38.76   	-22.28   	119.90   	-1459.81		
-33.87   	-20.75   	114.06   	-1536.11		
-33.87   	-21.97   	107.91   	-1505.59		
-34.79   	-18.62   	101.89   	-1408.95		
-34.48   	-14.65   	 96.26   	-1266.53		
-37.23   	-11.90   	 91.19   	-1108.85		
-35.10   	 -9.16   	 86.75   	-920.65		
-33.26   	-10.99   	 83.07   	-686.67		
-28.08   	 -9.46   	 80.33   	-396.74		
-22.58   	-11.60   	 78.74   	 -50.86		
-29.91   	-12.51   	 78.53   	 325.53		
-28.38   	 -7.02   	 79.84   	 701.93		
-31.74   	-10.07   	 82.64   	1027.46		
-34.48   	 -8.85   	 86.75   	1261.44		
-29.60   	 -8.24   	 91.80   	1388.60		
-29.91   	 -9.46   	 97.35   	1403.86		
-21.67   	 -4.27   	102.97   	1312.30		
-24.72   	 -3.66   	108.22   	1134.28		
-32.04   	 -5.19   	112.76   	 915.56		
-28.38   	 -5.49   	116.42   	 656.15		
-30.52   	 -6.41   	119.04   	 396.74		
-30.21   	 -7.02   	120.63   	 142.42		
-27.77   	 -9.77   	121.20   	 -91.56		
-28.08   	 -8.24   	120.83   	-284.84		
-36.32   	-13.12   	119.69   	-447.61		
-39.06   	-16.17   	117.90   	-549.34		
-34.18   	-11.60   	115.71   	-590.03		
-30.82   	-10.99   	113.35   	-574.77		
-27.16   	-10.68   	111.05   	-488.30		
-28.69   	-11.29   	109.09   	-350.97		
-34.18   	-13.73   	107.69   	-188.20		
-40.59   	-16.78   	106.94   	  -5.09		
-38.45   	-16.48   	106.92   	 167.85		
-34.48   	-16.48   	107.59   	 305.19		
-37.23   	-18.62   	108.81   	 396.74		
-36.01   	-19.84   	110.40   	 427.26		
-41.50   	-21.97   	112.11   	 386.57		
-43.64   	-18.31   	113.65   	 279.75		
-39.98   	-15.87   	114.77   	 127.16		
-33.57   	-10.99   	115.28   	 -66.12		
-32.96   	-14.34   	115.01   	-279.75		
-39.67   	-18.92   	113.90   	-488.30		
-39.37   	-18.31   	111.94   	-661.24		
-47.91   	-24.72   	109.30   	-793.49		
-51.27   	-23.80   	106.12   	-874.87		
-47.30   	-21.67   	102.62   	-879.96		
-47.91   	-23.80   	 99.10   	-824.00		
-43.64   	-20.45   	 95.81   	-707.02		
-42.72   	-17.40   	 92.98   	-539.16		
-42.11   	-16.48   	 90.82   	-340.79		
-48.22   	-19.53   	 89.46   	-137.33		
-47.91   	-19.53   	 88.91   	  61.04		
-47.00   	-16.78   	 89.16   	 228.89		
-45.47   	 -8.24   	 90.07   	 345.88		
-35.10   	  7.32   	 91.45   	 406.92		
-36.01   	 28.38   	 93.08   	 412.00		
-32.04   	 57.98   	 94.73   	 366.22		
-31.74   	 84.23   	 96.19   	 279.75		
-33.26   	103.45   	 97.31   	 172.94		
-31.43   	111.39   	 98.01   	  55.95		
-34.48   	106.20   	 98.23   	 -55.95		
-23.80   	114.14   	 98.01   	-147.51		
 -8.54   	137.33   	 97.42   	-213.63		
  4.88   	166.32   	 96.56   	-259.41		
 24.41   	202.33   	 95.52   	-264.50		
 31.74   	216.37   	 94.47   	-249.24		
 43.03   	221.25   	 93.47   	-198.37		
 56.15   	224.91   	 92.68   	-132.25		
 67.14   	216.67   	 92.15   	 -50.86		
 78.43   	209.66   	 91.94   	  30.52		
 64.09   	191.04   	 92.06   	 111.90		
 43.33   	156.56   	 92.51   	 172.94		
 29.91   	122.68   	 93.20   	 213.63		
 -3.36   	 71.72   	 94.06   	 223.80		
-20.14   	 28.99   	 94.95   	 208.54		
-22.89   	  0.00   	 95.79   	 157.68		
-47.00   	-32.65   	 96.42   	  81.38		
-48.52   	-40.28   	 96.74   	   0.00		
-49.74   	-53.41   	 96.74   	 -86.47		
-61.04   	-69.58   	 96.40   	-167.85		
-61.34   	-74.46   	 95.73   	-228.89		
-64.09   	-80.87   	 94.81   	-274.67		
-64.09   	-84.23   	 93.71   	-295.01		
-65.61   	-86.06   	 92.53   	-295.01		
-68.05   	-91.55   	 91.35   	-274.67		
-69.58   	-93.69   	 90.25   	-239.06		
-73.55   	-93.69   	 89.30   	-193.29		
-69.89   	-94.91   	 88.52   	-147.51		
-66.83   	-94.91   	 87.93   	 -96.64		
-69.58   	-99.18   	 87.55   	 -45.78		
-70.80   	-101.62   	 87.36   	  -5.09		
-74.16   	-99.79   	 87.34   	  25.43		
-77.51   	-96.74   	 87.45   	  45.78		
-72.33   	-91.86   	 87.63   	  50.86		
-67.75   	-89.11   	 87.83   	  45.78		
-64.09   	-86.06   	 88.02   	  30.52		
-66.83   	-86.36   	 88.14   	   0.00		
-73.85   	-92.77   	 88.14   	 -30.52		
-97.66   	-114.44   	 88.02   	 -55.95		
-126.04   	-131.53   	 87.79   	 -86.47		
-144.35   	-140.99   	 87.45   	-106.82		
-148.93   	-135.19   	 87.02   	-122.07		
-99.18   	-90.33   	 86.53   	-127.16		
 -5.19   	-28.69   	 86.02   	-116.99		
136.11   	 66.53   	 85.55   	-111.90		
313.11   	224.91   	 85.11   	 -81.38		
497.13   	421.14   	 84.78   	 -61.04		
623.78   	525.21   	 84.54   	 -25.43		
635.07   	544.13(R)	 84.44   	   5.09		
531.62   	454.10   	 84.46   	  30.52		
343.02   	224.30   	 84.58   	  50.86		
169.98   	 33.57   	 84.78   	  66.12		
 49.44   	-99.18   	 85.05   	  61.04		
 -8.24   	-194.40   	 85.29   	  55.95		
-20.45   	-243.23   	 85.51   	  35.61		
-47.30   	-236.21   	 85.66   	  10.17		
-54.02   	-185.55   	 85.70   	 -20.35		
-50.96   	-161.13   	 85.62   	 -45.78		
-44.86   	-122.07   	 85.43   	 -71.21		
-45.78   	-86.98   	 85.15   	 -91.56		
-49.44   	-89.42   	 84.78   	-101.73		
-49.44   	-79.04   	 84.37   	-101.73		
-47.61   	-62.87   	 83.97   	 -96.64		
-41.81   	-57.68   	 83.58   	 -81.38		
-40.89   	-57.68   	 83.26   	 -61.04		
-42.72   	-60.73   	 83.01   	 -35.61		
-42.11   	-55.54   	 82.87   	 -20.35		
-41.20   	-52.49   	 82.79   	   0.00		
-36.93   	-54.93   	 82.79   	  10.17		
-33.57   	-52.80   	 82.83   	  20.35		
-41.50   	-53.41   	 82.91   	  20.35		
-43.33   	-54.32   	 82.99   	  20.35		
-43.03   	-53.41   	 83.07   	  20.35		
-45.78   	-56.15   	 83.15   	  25.43		
-49.44   	-56.76   	 83.26   	  45.78		
-46.39   	-52.19   	 83.44   	  76.30		
-43.64   	-47.91   	 83.74   	 122.07		
-47.30   	-48.83   	 84.23   	 178.03		
-43.95   	-47.61   	 84.94   	 249.24		
-44.86   	-50.96   	 85.94   	 315.36		
-50.05   	-57.37   	 87.20   	 381.48		
-46.69   	-57.07   	 88.73   	 437.43		
-50.96   	-54.93   	 90.48   	 478.13		
-54.63   	-52.49   	 92.39   	 508.65		
-56.15   	-53.10   	 94.42   	 518.82		
-58.59   	-53.41   	 96.50   	 513.73		
-55.54   	-51.88   	 98.56   	 503.56		
-54.63   	-54.63   	100.57   	 478.13		
-48.83   	-51.88   	102.48   	 447.61		
-47.30   	-47.00   	104.27   	 406.92		
-52.49   	-49.44   	105.90   	 366.22		
-50.05   	-47.00   	107.36   	 330.62		
-53.71   	-44.56   	108.69   	 289.93		
-47.30   	-44.56   	109.85   	 269.58		
-39.67   	-39.06   	110.93   	 249.24		
-42.11   	-37.54   	111.92   	 249.24		
-39.37   	-35.71   	112.92   	 254.32		
-41.81   	-31.43   	113.94   	 269.58		
-37.54   	-31.13   	115.01   	 279.75		
-34.18   	-25.63   	116.13   	 295.01		
-28.99   	-19.23   	117.31   	 300.10		
-22.58   	-16.48   	118.51   	 295.01		
-25.33   	-10.07   	119.69   	 284.84		
-19.53   	 -1.22   	120.83   	 274.67		
-14.95   	  4.27   	121.93   	 259.41		
-14.65   	 10.99   	122.97   	 244.15		
 -3.05   	 22.28   	123.95   	 223.80		
  3.97   	 29.60   	124.84   	 203.46		
  8.85   	 40.59   	125.66   	 188.20		
 21.67   	 54.02   	126.41   	 162.77		
 26.25   	 65.92   	127.06   	 147.51		
 30.52   	 78.43   	127.65   	 127.16		
 46.08   	 96.13   	128.16   	 116.99		
 51.57   	111.08   	128.63   	 106.82		
 55.24   	126.04   	129.05   	 101.73		
 67.44   	140.38   	129.46   	  91.56		
 75.99   	152.28   	129.83   	  81.38		
 85.45   	167.24   	130.15   	  76.30		
 95.52   	179.14   	130.46   	  71.21		
101.93   	192.26   	130.74   	  66.12		
102.54   	205.99   	131.01   	  71.21		
110.47   	218.51   	131.29   	  76.30		
116.27   	233.15   	131.60   	  81.38		
119.63   	248.11   	131.92   	  81.38		
118.41   	252.69   	132.25   	  81.38		
108.95   	252.38   	132.57   	  81.38		
101.93   	249.94   	132.90   	  71.21		
 89.72   	238.04   	133.18   	  61.04		
 78.43   	224.61   	133.43   	  50.86		
 60.42   	206.30   	133.63   	  30.52		
 43.95   	182.50   	133.75   	  20.35		
 32.96   	162.35   	133.83   	  10.17		
 14.04   	136.72   	133.88   	  -5.09		
  7.02   	118.10   	133.86   	 -15.26		
 -3.05   	 99.49   	133.79   	 -25.43		
-22.89   	 75.38   	133.69   	 -30.52		
-27.47   	 65.00   	133.57   	 -45.78		
-36.62   	 48.83   	133.39   	 -45.78		
-45.47   	 34.18   	133.20   	 -50.86		
-46.69   	 28.69   	133.00   	 -61.04		
-52.49   	 18.01   	132.76   	 -66.12		
-60.12   	 12.21   	132.49   	 -71.21		
-63.48   	  6.41   	132.21   	 -91.56		
-67.44   	  1.22   	131.84   	-101.73		
-70.50   	 -0.31   	131.43   	-127.16		
-63.78   	 -0.61   	130.93   	-147.51		
-68.36   	  0.31   	130.34   	-178.03		
-66.83   	  4.88   	129.62   	-213.63		
-64.70   	  2.44   	128.77   	-254.32		
-72.94   	 -1.53   	127.75   	-284.84		
-71.11   	 -1.22   	126.61   	-315.36		
-69.89   	 -3.97   	125.35   	-340.79		
-69.89   	 -6.71   	123.99   	-345.88		
-67.44   	 -3.97   	122.60   	-340.79		
-65.31   	 -4.58   	121.24   	-310.27		
-72.94   	 -7.63   	120.00   	-279.75		
-75.38   	 -4.27   	118.88   	-228.89		
-72.02   	  0.00   	117.96   	-188.20		
-72.33   	  0.92   	117.21   	-142.42		
-63.48   	  3.36   	116.64   	-101.73		
-61.65   	  1.22   	116.24   	 -76.30		
-64.39   	 -1.83   	115.93   	 -55.95		
-65.31   	 -1.83   	115.71   	 -50.86		
-64.09   	  1.83   	115.50   	 -45.78		
-57.98   	  8.85   	115.32   	 -55.95		
-56.76   	  9.16   	115.10   	 -55.95		
-56.46   	  9.46   	114.87   	 -71.21		
-57.07   	 10.07   	114.59   	 -81.38		
-58.29   	 10.38   	114.26   	 -86.47		
-57.37   	 12.51   	113.92   	 -91.56		
-52.19   	 15.87   	113.55   	  N/A		
