  I     	  II     	  LVp     	  LVp'		
186.46   	1630.86   	 18.74   	  45.78		
-149.23   	1206.97   	 18.92   	  55.95		
-320.13   	781.86   	 19.15   	  66.12		
-323.79   	425.72   	 19.41   	  86.47		
-240.78   	185.24   	 19.76   	 106.82		
-162.66   	 61.65   	 20.18   	 132.25		
-133.06   	 12.51   	 20.71   	 157.68		
-142.21   	-18.01   	 21.34   	 188.20		
-158.08   	-65.31   	 22.10   	 218.72		
-161.44   	-125.73   	 22.97   	 264.50		
-155.64   	-173.34   	 24.03   	 325.53		
-152.59   	-190.73   	 25.33   	 412.00		
-154.72   	-183.11   	 26.98   	 503.56		
-157.78   	-171.20   	 28.99   	 595.11		
-157.78   	-169.98   	 31.37   	 676.50		
-155.94   	-180.36   	 34.08   	 722.28		
-154.72   	-192.26   	 36.97   	 742.62		
-153.81   	-196.53   	 39.94   	 727.36		
-152.59   	-191.96   	 42.85   	 701.93		
-150.45   	-185.24   	 45.66   	 666.32		
-147.09   	-183.41   	 48.32   	 635.81		
-143.43   	-187.68   	 50.86   	 615.46		
-141.60   	-192.87   	 53.33   	 625.63		
-141.60   	-192.87   	 55.83   	 661.24		
-142.82   	-186.46   	 58.47   	 707.02		
-144.04   	-177.92   	 61.30   	 762.97		
-144.04   	-173.03   	 64.35   	 803.66		
-142.52   	-172.42   	 67.57   	 839.26		
-139.47   	-174.56   	 70.93   	 849.44		
-136.11   	-176.39   	 74.32   	 849.44		
-132.75   	-176.39   	 77.72   	 824.00		
-130.00   	-175.48   	 81.02   	 768.05		
-128.48   	-174.87   	 84.09   	 681.58		
-127.26   	-173.34   	 86.82   	 595.11		
-125.12   	-169.07   	 89.20   	 518.82		
-122.38   	-162.66   	 91.27   	 473.04		
-119.02   	-155.94   	 93.16   	 457.78		
-116.88   	-151.37   	 94.99   	 467.95		
-116.27   	-150.76   	 96.87   	 493.39		
-115.97   	-153.50   	 98.84   	 534.08		
-115.36   	-156.25   	100.98   	 574.77		
-113.22   	-156.25   	103.28   	 610.37		
-109.56   	-149.54   	105.72   	 635.81		
-104.37   	-137.02   	108.26   	 651.07		
-98.88   	-121.77   	110.86   	 645.98		
-94.60   	-109.86   	113.45   	 610.37		
-90.94   	-104.06   	115.89   	 544.25		
-87.89   	-103.76   	118.07   	 442.52		
-84.23   	-104.68   	119.84   	 350.97		
-79.65   	-102.84   	121.24   	 259.41		
-73.55   	-96.74   	122.28   	 188.20		
-66.53   	-87.59   	123.03   	 132.25		
-59.51   	-76.90   	123.56   	  91.56		
-52.49   	-65.31   	123.93   	  55.95		
-45.17   	-53.10   	124.15   	  40.69		
-36.62   	-39.67   	124.31   	  35.61		
-26.55   	-25.63   	124.46   	  45.78		
-15.87   	-11.90   	124.64   	  66.12		
 -4.58   	  0.92   	124.90   	  86.47		
  6.10   	 13.73   	125.25   	 111.90		
 16.17   	 28.38   	125.70   	 142.42		
 26.86   	 48.22   	126.27   	 157.68		
 38.76   	 73.24   	126.90   	 178.03		
 50.66   	100.10   	127.61   	 178.03		
 61.65   	123.90   	128.32   	 172.94		
 69.89   	140.99   	129.01   	 157.68		
 74.46   	151.06   	129.64   	 137.33		
 75.68   	157.17   	130.19   	 106.82		
 76.60   	162.05   	130.62   	  86.47		
 78.13   	167.85   	130.97   	  66.12		
 80.26   	173.03   	131.23   	  61.04		
 80.57   	176.39   	131.47   	  61.04		
 76.29   	177.31   	131.72   	  66.12		
 67.14   	175.17   	131.98   	  71.21		
 54.32   	169.37   	132.27   	  66.12		
 40.28   	159.91   	132.53   	  61.04		
 26.25   	145.57   	132.78   	  45.78		
 13.12   	127.26   	132.96   	  35.61		
  0.92   	105.90   	133.10   	  35.61		
-10.99   	 82.40   	133.24   	  40.69		
-21.97   	 58.29   	133.41   	  50.86		
-32.04   	 34.18   	133.61   	  50.86		
-41.20   	 10.07   	133.81   	  35.61		
-49.74   	-13.12   	133.96   	  15.26		
-57.98   	-34.18   	134.02(S)	 -25.43		
-65.61   	-52.80   	133.92   	 -71.21		
-72.33   	-68.36   	133.63   	-106.82		
-77.82   	-81.79   	133.20   	-152.59		
-81.48   	-92.47   	132.59   	-183.11		
-83.92   	-100.40   	131.86   	-228.89		
-84.84   	-105.29   	130.95   	-259.41		
-84.84   	-107.73   	129.91   	-289.93		
-84.84   	-109.86   	128.75   	-289.93		
-86.06   	-113.53   	127.59   	-259.41		
-88.81   	-119.32   	126.55   	-198.37		
-91.86   	-125.12   	125.76   	-147.51		
-93.69   	-128.78   	125.17   	-127.16		
-93.99   	-129.09   	124.66   	-152.59		
-92.77   	-127.56   	124.05   	-208.54		
-91.55   	-127.26   	123.21   	-325.53		
-91.25   	-130.00   	121.91   	-534.08		
-91.25   	-134.89   	119.78   	-879.96		
-91.55   	-139.77   	116.26   	-1312.30		
-90.94   	-142.82   	111.01   	-1744.65		
-90.33   	-143.13   	104.03   	-2080.36		
-89.72   	-141.91   	 95.71   	-2217.69		
-90.03   	-140.38   	 86.84   	-2115.96		
-90.03   	-138.55   	 78.37   	-1815.86		
-89.72   	-136.72   	 71.11   	-1439.47		
-88.20   	-134.89   	 65.35   	-1088.50		
-86.36   	-133.67   	 61.00   	-813.83		
-84.23   	-133.36   	 57.74   	-645.98		
-82.40   	-133.36   	 55.16   	-574.77		
-81.18   	-133.06   	 52.86   	-564.60		
-80.26   	-132.45   	 50.60   	-584.94		
-79.65   	-132.14   	 48.26   	-615.46		
-79.04   	-132.75   	 45.80   	-620.55		
-78.13   	-135.50   	 43.32   	-600.20		
-77.51   	-139.16   	 40.92   	-569.68		
-76.90   	-142.82   	 38.64   	-518.82		
-76.29   	-144.96   	 36.56   	-467.95		
-75.38   	-144.96   	 34.69   	-432.35		
-74.77   	-143.43   	 32.96   	-401.83		
-73.85   	-141.91   	 31.35   	-376.40		
-72.63   	-140.69   	 29.85   	-350.97		
-71.11   	-139.16   	 28.44   	-340.79		
-69.58   	-137.33   	 27.08   	-320.45		
-68.36   	-135.19   	 25.80   	-305.19		
-67.14   	-133.97   	 24.58   	-284.84		
-66.53   	-133.67   	 23.44   	-264.50		
-65.92   	-133.97   	 22.38   	-244.15		
-65.31   	-133.97   	 21.40   	-203.46		
-64.70   	-132.75   	 20.59   	-152.59		
-63.78   	-130.31   	 19.98   	-101.73		
-62.26   	-126.34   	 19.57   	 -76.30		
-60.73   	-122.07   	 19.27   	 -76.30		
-59.20   	-118.10   	 18.96   	 -91.56		
-58.29   	-115.97   	 18.60   	-101.73		
-58.29   	-115.66   	 18.19   	 -96.64		
-58.90   	-116.58   	 17.80   	 -55.95		
-59.20   	-117.49   	 17.58   	 -15.26		
-59.20   	-117.49   	 17.52   	  15.26		
-58.59   	-116.27   	 17.58   	  25.43		
-57.98   	-115.66   	 17.68   	   5.09		
-58.90   	-115.36   	 17.70   	 -30.52		
-60.73   	-115.36   	 17.58   	 -81.38		
-62.87   	-114.75   	 17.25   	-137.33		
-64.09   	-112.92   	 16.70   	-183.11		
-64.39   	-110.47   	 15.97   	-213.63		
-64.70   	-109.56   	 15.12   	-223.80		
-65.61   	-110.17   	 14.22   	-208.54		
-67.14   	-112.30   	 13.39   	-183.11		
-68.66   	-114.44   	 12.66   	-147.51		
-69.27   	-115.36   	 12.07   	 -96.64		
-68.66   	-114.44   	 11.68   	 -45.78		
-66.53   	-111.39   	 11.50(D)	  15.26		
-62.56   	-105.59   	 11.56   	  71.21		
-56.46   	-97.35   	 11.84   	 122.07		
-48.22   	-88.81   	 12.33   	 162.77		
-38.76   	-81.48   	 12.98   	 193.29		
-29.30   	-74.77   	 13.75   	 208.54		
-20.45   	-65.00   	 14.59   	 198.37		
-12.51   	-47.30   	 15.38   	 178.03		
 -5.80   	-20.75   	 16.09   	 157.68		
  0.31   	  8.24   	 16.72   	 122.07		
  6.10   	 28.08   	 17.21   	  96.64		
 11.60   	 30.52   	 17.60   	  76.30		
 16.17   	 16.78   	 17.90   	  50.86		
 19.23   	 -2.75   	 18.11   	  35.61		
 21.06   	-15.26   	 18.25   	  30.52		
 24.11   	-14.34   	 18.37   	  25.43		
 29.30   	 -3.66   	 18.47   	  30.52		
 36.01   	  7.63   	 18.60   	  25.43		
 39.06   	 10.99   	 18.70   	  25.43		
 33.87   	  3.05   	 18.80   	  15.26		
 20.14   	-14.65   	 18.86   	  10.17		
  4.27   	-37.54   	 18.90   	   5.09		
 -4.88   	-61.04   	 18.92   	   5.09		
 -3.36   	-81.48   	 18.94   	   0.00		
  5.80   	-97.35   	 18.94   	   5.09		
 14.34   	-109.86   	 18.96   	   5.09		
 17.70   	-119.32   	 18.98   	   5.09		
 15.26   	-125.12   	 19.00   	   5.09		
 10.07   	-126.95   	 19.02   	   5.09		
  3.36   	-125.73   	 19.04   	   0.00		
 -7.63   	-123.90   	 19.04   	   0.00		
-24.41   	-124.82   	 19.04   	   5.09		
-46.39   	-129.70   	 19.06   	  10.17		
-69.58   	-137.63   	 19.10   	  20.35		
-89.42   	-147.09   	 19.19   	  45.78		
-102.54   	-156.56   	 19.37   	  66.12		
-109.56   	-165.71   	 19.63   	  91.56		
-111.69   	-172.73   	 20.00   	 111.90		
-112.00   	-176.09   	 20.45   	 132.25		
-112.92   	-175.78   	 20.98   	 152.59		
-114.75   	-173.34   	 21.59   	 157.68		
-117.19   	-170.90   	 22.22   	 162.77		
-118.41   	-169.98   	 22.87   	 167.85		
-118.10   	-169.37   	 23.54   	 157.68		
-115.36   	-169.07   	 24.17   	 152.59		
-109.56   	-171.51   	 24.78   	 147.51		
-97.05   	-184.63   	 25.37   	 142.42		
-70.80   	-220.34   	 25.94   	 147.51		
-28.38   	-284.42   	 26.53   	 152.59		
 26.55   	-367.13   	 27.14   	 152.59		
 85.14   	-444.03   	 27.75   	 147.51		
139.77   	-485.23   	 28.34   	 142.42		
191.65   	-472.41   	 28.91   	 132.25		
249.63   	-398.25   	 29.44   	 116.99		
324.71   	-254.82   	 29.91   	 101.73		
423.58   	-19.53   	 30.32   	  86.47		
547.18   	336.00   	 30.66   	  76.30		
690.00   	809.94   	 30.97   	  61.04		
836.18   	1340.33   	 31.21   	  55.95		
946.96   	1819.46   	 31.43   	  50.86		
953.98   	2142.03   	 31.64   	  40.69		
800.78   	2243.65(R)	 31.80(E)	  30.52		
492.55   	2121.58   	 31.92   	  30.52		
112.61   	1822.82   	 32.04   	  30.52		
-208.44   	1415.10   	 32.17   	  35.61		
-368.04   	979.92   	 32.31   	  40.69		
-359.80   	599.67   	 32.47   	  50.86		
-264.59   	331.42   	 32.68   	  61.04		
-178.22   	177.61   	 32.92   	  86.47		
-148.93   	 93.38   	 33.27   	 116.99		
-164.49   	 23.50   	 33.73   	 152.59		
-186.16   	-58.59   	 34.34   	 208.54		
-188.60   	-140.08   	 35.18   	 269.58		
-175.17   	-191.96   	 36.26   	 350.97		
-161.74   	-202.33   	 37.66   	 437.43		
-157.17   	-187.07   	 39.41   	 523.90		
-158.08   	-171.81   	 41.51   	 600.20		
-159.30   	-170.59   	 43.91   	 656.15		
-158.39   	-180.36   	 46.53   	 686.67		
-155.33   	-190.73   	 49.28   	 696.84		
-151.37   	-194.09   	 52.06   	 686.67		
-148.01   	-190.43   	 54.81   	 671.41		
-145.57   	-184.02   	 57.50   	 656.15		
-144.35   	-179.44   	 60.12   	 640.89		
-143.74   	-177.31   	 62.69   	 651.07		
-142.52   	-176.70   	 65.29   	 671.41		
-140.69   	-175.78   	 67.98   	 701.93		
-138.55   	-173.95   	 70.78   	 757.88		
-136.41   	-171.51   	 73.81   	 808.75		
-134.28   	-168.76   	 77.05   	 859.61		
-132.75   	-166.02   	 80.49   	 895.22		
-131.53   	-163.88   	 84.07   	 890.13		
-130.00   	-161.74   	 87.63   	 839.26		
-128.17   	-160.22   	 90.99   	 732.45		
-125.73   	-158.39   	 93.92   	 610.37		
-123.60   	-156.25   	 96.36   	 518.82		
-121.77   	-154.11   	 98.43   	 467.95		
-121.15   	-152.59   	100.30   	 452.69		
-120.24   	-151.98   	102.12   	 473.04		
-119.02   	-152.59   	104.01   	 483.21		
-117.19   	-152.28   	105.94   	 503.56		
-115.36   	-150.76   	107.95   	 513.73		
-113.53   	-147.40   	110.01   	 528.99		
-112.30   	-143.74   	112.13   	 534.08		
-110.47   	-139.47   	114.26   	 539.16		
-107.73   	-135.19   	116.42   	 534.08		
-103.76   	-130.62   	118.55   	 523.90		
-99.79   	-126.04   	120.65   	 493.39		
-96.44   	-121.46   	122.62   	 447.61		
-93.69   	-116.58   	124.41   	 401.83		
-90.64   	-110.78   	126.02   	 335.71		
-86.67   	-103.45   	127.36   	 264.50		
-81.48   	-95.21   	128.42   	 188.20		
-76.29   	-86.98   	129.18   	 116.99		
-71.72   	-79.65   	129.64   	  66.12		
-68.05   	-72.63   	129.91   	  35.61		
-63.78   	-64.39   	130.05   	  30.52		
-58.59   	-53.71   	130.17   	  30.52		
-51.27   	-40.28   	130.29   	  40.69		
-42.72   	-25.33   	130.46   	  61.04		
-33.57   	 -9.16   	130.70   	  66.12		
-24.41   	  7.63   	130.97   	  81.38		
-15.87   	 25.02   	131.29   	  96.64		
 -7.32   	 43.33   	131.68   	 122.07		
  0.92   	 62.26   	132.17   	 152.59		
  8.85   	 81.79   	132.78   	 183.11		
 16.17   	100.40   	133.51   	 203.46		
 22.89   	118.10   	134.32   	 203.46		
 28.99   	134.28   	135.14   	 188.20		
 34.48   	148.93   	135.89   	 162.77		
 39.98   	162.05   	136.54   	 127.16		
 44.56   	173.34   	137.05   	 111.90		
 47.91   	181.88   	137.50   	  96.64		
 49.44   	187.38   	137.88   	  91.56		
 48.52   	189.82   	138.25   	  91.56		
 45.17   	189.82   	138.62   	  86.47		
 39.67   	187.07   	138.96   	  66.12		
 32.35   	180.97   	139.23   	  35.61		
 23.19   	170.90   	139.37   	   5.09		
 13.73   	155.64   	139.39(S)	 -20.35		
  4.58   	135.50   	139.31   	 -35.61		
 -3.66   	111.69   	139.17   	 -40.69		
-11.60   	 86.06   	139.00   	 -25.43		
-19.84   	 60.42   	138.90   	 -10.17		
-28.99   	 35.40   	138.86   	   5.09		
-38.45   	 11.60   	138.88   	   0.00		
-46.69   	 -9.77   	138.88   	 -20.35		
-53.10   	-28.99   	138.80   	 -55.95		
-58.29   	-46.08   	138.58   	 -96.64		
-62.56   	-61.04   	138.19   	-142.42		
-67.14   	-74.46   	137.62   	-183.11		
-71.41   	-86.06   	136.89   	-233.98		
-75.07   	-95.21   	135.95   	-269.58		
-77.21   	-102.23   	134.87   	-300.10		
-78.43   	-107.12   	133.67   	-295.01		
-79.35   	-111.08   	132.49   	-264.50		
-80.57   	-114.44   	131.43   	-203.46		
-81.79   	-117.49   	130.62   	-147.51		
-82.70   	-119.93   	130.03   	-162.77		
-83.31   	-121.77   	129.38   	-249.24		
-83.62   	-122.07   	128.38   	-371.31		
-83.92   	-120.24   	126.90   	-523.90		
-83.62   	-113.53   	124.80   	-747.71		
-81.18   	-97.05   	121.81   	-1093.59		
-73.55   	-66.83   	117.44   	-1459.81		
-58.90   	-21.06   	111.60   	-1765.00		
-33.26   	 36.93   	104.54   	-1927.76		
  7.93   	102.23   	 96.83   	-1927.76		
 70.80   	171.51   	 89.11   	-1749.74		
160.52   	242.92   	 82.12   	-1429.29		
277.10   	312.81   	 76.40   	-1063.07		
411.68   	367.43   	 72.15   	-737.54		
545.65   	380.55   	 69.20   	-554.42		
650.02   	313.42   	 66.98   	-513.73		
700.07   	125.73   	 64.92   	-590.03		
685.73   	-198.97   	 62.56   	-712.10		
616.15   	-633.24   	 59.71   	-808.75		
517.27   	-1102.91   	 56.48   	-879.96		
415.95   	-1508.79   	 52.96   	-895.22		
327.76   	-1770.94   	 49.38   	-869.78		
250.55   	-1868.90(R)	 45.90   	-813.83		
169.98   	-1844.18   	 42.64   	-732.45		
 67.75   	-1763.31   	 39.72   	-630.72		
-67.44   	-1678.16   	 37.19   	-528.99		
-234.99   	-1603.39   	 35.08   	-412.00		
-422.97   	-1522.52   	 33.43   	-300.10		
-611.27   	-1418.15   	 32.23   	-193.29		
-776.37   	-1289.98   	 31.45   	-101.73		
-899.96   	-1148.07   	 31.05   	 -35.61		
-971.07   	-1006.16   	 30.91(E)	  10.17		
-987.24   	-873.41   	 30.95   	  35.61		
-955.51   	-754.09   	 31.09   	  50.86		
-886.84   	-649.41   	 31.29   	  55.95		
-794.37   	-558.47   	 31.52   	  71.21		
-690.61   	-476.99   	 31.80   	  96.64		
-586.24   	-400.39   	 32.19   	 147.51		
-492.25   	-331.12   	 32.78   	 213.63		
-419.31   	-280.76   	 33.63   	 310.27		
-372.92   	-260.31   	 34.87   	 422.18		
-350.34   	-271.00   	 36.56   	 518.82		
-343.63   	-300.29   	 38.64   	 605.29		
-342.41   	-328.37   	 41.06   	 661.24		
-339.66   	-337.83   	 43.70   	 666.32		
-331.73   	-321.96   	 46.37   	 610.37		
-317.08   	-283.20   	 48.81   	 483.21		
-293.58   	-230.10   	 50.74   	 315.36		
-260.62   	-171.81   	 52.00   	 142.42		
-219.12   	-113.53   	 52.57   	   5.09		
-171.51   	-54.63   	 52.59   	 -76.30		
-120.54   	  9.77   	 52.29   	 -96.64		
-68.66   	 81.48   	 51.90   	 -55.95		
-21.06   	154.72   	 51.68   	  35.61		
 16.48   	216.06   	 51.82   	 157.68		
 38.45   	255.74   	 52.45   	 305.19		
 44.56   	276.18   	 53.67   	 442.52		
 40.28   	292.36   	 55.44   	 544.25		
 32.96   	319.82   	 57.62   	 615.46		
 27.77   	363.16   	 60.08   	 645.98		
 26.55   	412.90   	 62.67   	 640.89		
 28.38   	455.32   	 65.23   	 605.29		
 32.04   	484.01   	 67.65   	 554.42		
 36.93   	503.23   	 69.87   	 498.47		
 41.81   	520.63   	 71.86   	 442.52		
 45.47   	540.77   	 73.63   	 401.83		
 47.61   	564.58   	 75.24   	 366.22		
 49.74   	591.13   	 76.70   	 335.71		
 53.41   	621.64   	 78.05   	 305.19		
 59.51   	657.96   	 79.27   	 279.75		
 66.83   	698.24   	 80.39   	 254.32		
 74.16   	738.53   	 81.40   	 218.72		
 81.79   	776.37   	 82.28   	 193.29		
 90.03   	812.68   	 83.05   	 157.68		
100.10   	852.36   	 83.68   	 122.07		
111.08   	899.05   	 84.17   	  96.64		
122.68   	951.84   	 84.56   	  71.21		
134.28   	1005.55   	 84.84   	  55.95		
146.18   	1053.77   	 85.07   	  30.52		
158.69   	1093.44   	 85.19   	  20.35		
171.81   	1127.01   	 85.27   	   5.09		
185.24   	1159.06   	 85.29   	 -10.17		
198.67   	1195.68   	 85.25   	 -40.69		
212.10   	1238.10   	 85.09   	 -71.21		
225.52   	1282.04   	 84.80   	-106.82		
238.95   	1321.11   	 84.37   	-142.42		
252.08   	1349.49   	 83.80   	-178.03		
264.89   	1366.88   	 83.09   	-218.72		
276.49   	1376.95   	 82.22   	-249.24		
287.78   	1385.19   	 81.22   	-284.84		
299.07   	1392.82   	 80.08   	-305.19		
310.67   	1396.48   	 78.86   	-325.53		
322.57   	1390.38   	 77.56   	-340.79		
334.47   	1370.24   	 76.20   	-350.97		
345.46   	1336.98   	 74.79   	-371.31		
354.61   	1295.78   	 73.31   	-391.66		
361.02   	1253.36   	 71.74   	-417.09		
364.07   	1213.38   	 70.07   	-432.35		
364.38   	1175.54   	 68.34   	-452.69		
362.85   	1135.86   	 66.53   	-467.95		
359.80   	1088.87   	 64.66   	-478.13		
355.22   	1032.10   	 62.75   	-488.30		
347.90   	966.19   	 60.79   	-488.30		
336.91   	896.30   	 58.84   	-488.30		
323.49   	827.94   	 56.89   	-483.21		
308.53   	763.55   	 54.95   	-473.04		
293.27   	703.43   	 53.06   	-473.04		
277.10   	644.23   	 51.17   	-473.04		
258.48   	583.80   	 49.28   	-473.04		
236.51   	521.55   	 47.39   	-473.04		
212.40   	458.37   	 45.49   	-467.95		
187.68   	397.34   	 43.62   	-447.61		
165.10   	342.10   	 41.83   	-432.35		
145.57   	294.49   	 40.10   	-417.09		
128.48   	254.82   	 38.43   	-406.92		
112.61   	218.51   	 36.81   	-396.74		
 96.13   	182.19   	 35.22   	-386.57		
 78.43   	143.74   	 33.67   	-371.31		
 60.12   	105.59   	 32.19   	-366.22		
 41.81   	 70.50   	 30.72   	-345.88		
 25.33   	 41.81   	 29.34   	-335.71		
 11.60   	 18.92   	 28.00   	-320.45		
 -0.31   	 -0.31   	 26.71   	-305.19		
 -9.77   	-18.31   	 25.49   	-279.75		
-18.92   	-36.32   	 24.37   	-264.50		
-27.77   	-55.24   	 23.32   	-244.15		
-36.32   	-74.46   	 22.34   	-228.89		
-43.64   	-92.47   	 21.42   	-218.72		
-49.13   	-106.51   	 20.55   	-208.54		
-52.19   	-114.14   	 19.72   	-213.63		
-53.71   	-115.97   	 18.86   	-223.80		
-55.24   	-116.27   	 17.97   	-233.98		
-57.07   	-119.02   	 17.03   	-254.32		
-59.81   	-126.65   	 16.01   	-269.58		
-62.87   	-137.63   	 14.93   	-279.75		
-65.92   	-148.93   	 13.81   	-289.93		
-68.66   	-156.56   	 12.66   	-284.84		
-70.80   	-159.00   	 11.52   	-279.75		
-72.94   	-158.39   	 10.40   	-264.50		
-74.77   	-158.39   	  9.34   	-244.15		
-76.60   	-161.74   	  8.36   	-218.72		
-78.13   	-168.15   	  7.49   	-172.94		
-79.35   	-174.87   	  6.80   	-122.07		
-80.57   	-178.53   	  6.31   	 -71.21		
-80.57   	-178.22   	  6.02   	 -10.17		
-79.96   	-175.17   	  5.98   	  30.52		
-79.65   	-173.34   	  6.10   	  66.12		
-80.57   	-175.17   	  6.37   	  86.47		
-83.62   	-180.66   	  6.71   	  81.38		
-88.20   	-188.60   	  7.04   	  76.30		
-91.86   	-196.53   	  7.34   	  66.12		
-93.08   	-201.42   	  7.61   	  40.69		
-91.55   	-201.72   	  7.77   	  25.43		
-88.81   	-197.75   	  7.87   	   0.00		
-86.98   	-193.18   	  7.87   	 -25.43		
-87.59   	-192.26   	  7.77   	 -40.69		
-90.33   	-195.92   	  7.61   	 -61.04		
-93.69   	-201.11   	  7.37   	 -76.30		
-96.13   	-204.47   	  7.06   	 -81.38		
-96.74   	-202.64   	  6.73   	 -81.38		
-96.13   	-199.28   	  6.41   	 -76.30		
-96.44   	-198.67   	  6.10   	 -71.21		
-98.57   	-204.47   	  5.82   	 -50.86		
-101.93   	-214.23   	  5.62   	 -30.52		
-104.06   	-222.78   	  5.49   	 -10.17		
-104.37   	-226.75   	  5.45(D)	  10.17		
-102.84   	-226.14   	  5.49   	  35.61		
-101.62   	-222.47   	  5.64   	  45.78		
-102.23   	-219.12   	  5.82   	  50.86		
-104.37   	-216.98   	  6.02   	  50.86		
-105.59   	-216.06   	  6.23   	  40.69		
-105.29   	-215.45   	  6.39   	  30.52		
-103.15   	-214.54   	  6.51   	  20.35		
-101.32   	-212.71   	  6.59   	  20.35		
-100.71   	-209.66   	  6.67   	  25.43		
-101.62   	-208.44   	  6.78   	  35.61		
-103.45   	-210.57   	  6.92   	  45.78		
-105.29   	-216.06   	  7.10   	  50.86		
-107.12   	-222.78   	  7.30   	  50.86		
-109.56   	-226.75   	  7.51   	  55.95		
-112.00   	-225.52   	  7.73   	  45.78		
-112.61   	-220.34   	  7.91   	  45.78		
-110.47   	-213.62   	  8.10   	  25.43		
-106.51   	-209.35   	  8.20   	  20.35		
-102.54   	-209.05   	  8.28   	   0.00		
-101.32   	-211.49   	  8.28   	 -15.26		
-104.37   	-214.54   	  8.22   	 -20.35		
-109.56   	-216.06   	  8.14   	 -30.52		
-114.14   	-216.06   	  8.02   	 -25.43		
-115.36   	-216.06   	  7.91   	 -25.43		
-113.22   	-216.67   	  7.81   	 -20.35		
-109.25   	-217.29   	  7.73   	 -15.26		
-104.68   	-215.45   	  7.67   	 -10.17		
-101.62   	-212.40   	  7.63   	   0.00		
-101.32   	-209.96   	  7.63   	   0.00		
-104.06   	-210.27   	  7.63   	   5.09		
-107.73   	-212.71   	  7.65   	   5.09		
-110.47   	-214.54   	  7.67   	   5.09		
-109.86   	-213.01   	  7.69   	  10.17		
-106.81   	-207.52   	  7.73   	  10.17		
-103.76   	-200.50   	  7.77   	  15.26		
-102.23   	-195.62   	  7.83   	  10.17		
-102.54   	-194.09   	  7.87   	   5.09		
-102.84   	-194.40   	  7.89   	   0.00		
-101.62   	-194.70   	  7.89   	  -5.09		
-100.10   	-192.57   	  7.87   	 -10.17		
-99.79   	-187.99   	  7.83   	  -5.09		
-101.93   	-184.33   	  7.81   	  -5.09		
-104.98   	-184.02   	  7.79   	 -20.35		
-107.12   	-187.68   	  7.71   	 -25.43		
-106.81   	-192.57   	  7.61   	 -35.61		
-105.59   	-195.62   	  7.47   	 -55.95		
-105.29   	-195.01   	  7.24   	 -61.04		
-106.20   	-191.65   	  7.00   	 -61.04		
-107.12   	-187.68   	  6.75   	 -61.04		
-106.81   	-184.63   	  6.51   	 -35.61		
-104.68   	-182.19   	  6.37   	  -5.09		
-101.93   	-179.75   	  6.35   	  30.52		
-100.10   	-177.92   	  6.47   	  71.21		
-99.18   	-177.92   	  6.75   	  91.56		
-99.49   	-180.05   	  7.12   	 111.90		
-100.71   	-183.41   	  7.57   	 106.82		
-101.62   	-184.63   	  8.00   	  91.56		
-101.62   	-181.58   	  8.36   	  71.21		
-100.71   	-175.48   	  8.65   	  35.61		
-98.27   	-169.68   	  8.79   	   5.09		
-95.52   	-168.76   	  8.81   	 -20.35		
-93.99   	-171.81   	  8.73   	 -45.78		
-93.99   	-174.56   	  8.55   	 -71.21		
-95.52   	-173.03   	  8.26   	 -76.30		
-98.27   	-168.15   	  7.96   	 -86.47		
-100.40   	-163.27   	  7.61   	 -86.47		
-101.62   	-162.05   	  7.26   	 -81.38		
-100.71   	-164.49   	  6.94   	 -76.30		
-98.57   	-166.93   	  6.63   	 -66.12		
-96.13   	-166.02   	  6.37   	 -66.12		
-94.30   	-162.35   	  6.10   	 -50.86		
-94.30   	-159.30   	  5.90   	 -40.69		
-94.60   	-159.00   	  5.74   	 -20.35		
-94.91   	-160.52   	  5.66   	  10.17		
-94.30   	-160.22   	  5.70   	  45.78		
-92.47   	-155.94   	  5.88   	  71.21		
-89.11   	-149.54   	  6.16   	 101.73		
-85.75   	-145.26   	  6.57   	 122.07		
-83.31   	-145.26   	  7.06   	 122.07		
-83.31   	-147.40   	  7.55   	 101.73		
-85.14   	-149.23   	  7.96   	  66.12		
-88.20   	-149.54   	  8.22   	  15.26		
-90.33   	-150.45   	  8.28   	 -25.43		
-90.03   	-153.50   	  8.18   	 -40.69		
-88.20   	-157.47   	  8.02   	 -25.43		
-85.75   	-157.78   	  7.91   	   0.00		
-83.62   	-150.76   	  7.91   	  35.61		
-82.70   	-140.08   	  8.06   	  71.21		
-82.70   	-132.14   	  8.34   	  91.56		
-83.62   	-132.45   	  8.71   	  96.64		
-85.45   	-139.77   	  9.09   	  76.30		
-87.59   	-149.54   	  9.40   	  61.04		
-88.20   	-155.94   	  9.64   	  35.61		
-87.28   	-156.56   	  9.79   	  20.35		
-85.14   	-152.28   	  9.87   	  15.26		
-82.09   	-146.18   	  9.93   	   5.09		
-79.35   	-139.16   	  9.95   	   0.00		
-76.90   	-132.45   	  9.95   	   0.00		
-75.07   	-126.65   	  9.95   	   5.09		
-74.77   	-122.68   	  9.97   	  10.17		
-76.29   	-122.38   	 10.01   	   5.09		
-79.35   	-124.51   	 10.03   	 -10.17		
-81.79   	-126.95   	  9.99   	 -25.43		
-82.40   	-126.95   	  9.89   	 -50.86		
-80.57   	-122.99   	  9.68   	 -71.21		
-78.13   	-116.88   	  9.40   	 -71.21		
-77.21   	-112.00   	  9.11   	 -55.95		
-78.43   	-110.47   	  8.89   	 -20.35		
-80.87   	-112.00   	  8.81   	  20.35		
-82.09   	-113.83   	  8.89   	  61.04		
-82.09   	-114.14   	  9.14   	 111.90		
-80.87   	-112.61   	  9.58   	 167.85		
-79.96   	-110.47   	 10.25   	 213.63		
-79.04   	-110.17   	 11.11   	 249.24		
-78.43   	-111.69   	 12.11   	 254.32		
-77.51   	-113.53   	 13.12   	 244.15		
-76.29   	-112.92   	 14.10   	 198.37		
-75.38   	-109.56   	 14.89   	 152.59		
-75.07   	-104.37   	 15.50   	  91.56		
-75.07   	-100.10   	 15.87   	  50.86		
-75.68   	-98.88   	 16.07   	  10.17		
-75.68   	-99.79   	 16.11   	  -5.09		
-74.77   	-100.40   	 16.09   	 -10.17		
-73.24   	-99.18   	 16.05   	   0.00		
-71.72   	-96.44   	 16.05   	  30.52		
-70.50   	-93.38   	 16.17   	  66.12		
-69.27   	-91.55   	 16.44   	 111.90		
-68.36   	-91.25   	 16.89   	 157.68		
-67.14   	-90.33   	 17.52   	 193.29		
-65.31   	-87.28   	 18.29   	 213.63		
-62.87   	-82.70   	 19.15   	 208.54		
-58.59   	-77.51   	 19.98   	 178.03		
-52.19   	-74.16   	 20.69   	 132.25		
-43.64   	-72.63   	 21.22   	  66.12		
-33.57   	-69.27   	 21.49   	  15.26		
-23.19   	-58.29   	 21.55   	 -30.52		
-13.43   	-36.32   	 21.42   	 -66.12		
 -5.49   	 -7.02   	 21.16   	-101.73		
  0.92   	 19.84   	 20.75   	-122.07		
  5.80   	 34.18   	 20.26   	-142.42		
 10.07   	 32.65   	 19.69   	-157.68		
 14.65   	 22.89   	 19.06   	-162.77		
 19.84   	 17.09   	 18.41   	-167.85		
 26.86   	 22.58   	 17.74   	-172.94		
 36.01   	 36.93   	 17.05   	-167.85		
 44.25   	 50.05   	 16.38   	-167.85		
 47.00   	 51.88   	 15.71   	-162.77		
 39.67   	 40.28   	 15.06   	-142.42		
 23.50   	 18.92   	 14.49   	-132.25		
  4.88   	 -5.80   	 13.96   	-106.82		
 -5.80   	-29.60   	 13.53   	 -76.30		
 -4.27   	-50.96   	 13.22   	 -45.78		
  6.71   	-69.27   	 13.04   	 -20.35		
 18.62   	-84.23   	 12.96   	  10.17		
 24.41   	-95.52   	 13.00   	  35.61		
 22.28   	-103.15   	 13.14   	  50.86		
 14.04   	-108.03   	 13.35   	  61.04		
  2.75   	-110.17   	 13.59   	  55.95		
-10.99   	-110.17   	 13.81   	  45.78		
-26.55   	-108.03   	 14.00   	  40.69		
-43.03   	-104.68   	 14.16   	  35.61		
-58.90   	-102.84   	 14.30   	  45.78		
-72.63   	-104.37   	 14.49   	  61.04		
-84.23   	-110.78   	 14.73   	  96.64		
-93.38   	-120.54   	 15.12   	 122.07		
-100.10   	-129.39   	 15.61   	 162.77		
-103.45   	-133.97   	 16.26   	 188.20		
-103.76   	-133.36   	 17.01   	 208.54		
-102.84   	-130.92   	 17.84   	 218.72		
-102.23   	-130.00   	 18.72   	 218.72		
-101.32   	-133.36   	 19.59   	 218.72		
-96.74   	-142.82   	 20.47   	 213.63		
-81.79   	-164.79   	 21.32   	 213.63		
-50.66   	-208.74   	 22.18   	 218.72		
 -3.66   	-278.32   	 23.05   	 223.80		
 52.19   	-361.63   	 23.95   	 233.98		
109.25   	-432.13   	 24.88   	 233.98		
162.66   	-459.90   	 25.82   	 233.98		
216.37   	-427.55   	 26.75   	 213.63		
279.24   	-327.76   	 27.61   	 198.37		
357.97   	-150.45   	 28.40   	 172.94		
456.24   	127.56   	 29.09   	 147.51		
575.56   	525.82   	 29.68   	 122.07		
712.59   	1024.48   	 30.17   	 101.73		
849.00   	1543.58   	 30.58   	  96.64		
934.45   	1973.27   	 30.97   	  96.64		
895.08   	2220.15   	 31.35   	 106.82		
688.78   	2241.52(R)	 31.78(E)	 116.99		
347.90   	2056.88   	 32.25   	 137.33		
-21.06   	1721.50   	 32.80   	 152.59		
-285.95   	1302.19   	 33.41   	 178.03		
-373.84   	874.33   	 34.12   	 203.46		
-317.08   	512.08   	 34.93   	 228.89		
-211.18   	262.45   	 35.85   	 264.50		
-139.77   	122.68   	 36.91   	 300.10		
-126.95   	 48.83   	 38.11   	 340.79		
-147.71   	 -7.93   	 39.47   	 401.83		
-164.79   	-71.11   	 41.08   	 483.21		
-162.96   	-130.62   	 43.01   	 579.86		
-151.98   	-165.71   	 45.33   	 691.76		
-144.65   	-170.59   	 48.10   	 798.57		
-144.35   	-159.61   	 51.29   	 874.87		
-146.79   	-151.06   	 54.79   	 930.82		
-147.09   	-152.89   	 58.51   	 956.25		
-144.96   	-161.44   	 62.34   	 930.82		
-141.60   	-169.68   	 66.06   	 874.87		
-138.55   	-173.65   	 69.56   	 803.66		
-136.41   	-173.34   	 72.78   	 778.23		
-136.11   	-171.51   	 75.89   	 793.49		
-136.11   	-169.98   	 79.06   	 859.61		
-135.50   	-169.07   	 82.50   	 930.82		
-133.67   	-167.85   	 86.23   	 991.86		
-130.62   	-165.41   	 90.19   	1022.38		
-127.26   	-161.44   	 94.28   	1007.12		
-124.51   	-156.86   	 98.31   	 966.43		
-123.29   	-152.89   	102.18   	 900.30		
-122.99   	-150.45   	105.78   	 839.26		
-122.99   	-149.54   	109.13   	 798.57		
-121.77   	-149.23   	112.33   	 783.31		
-119.63   	-147.71   	115.46   	 783.31		
-117.19   	-145.26   	118.60   	 778.23		
-114.75   	-141.60   	121.71   	 747.71		
-112.61   	-137.02   	124.70   	 696.84		
-110.47   	-132.45   	127.49   	 605.29		
-107.73   	-127.56   	129.91   	 483.21		
-104.98   	-123.60   	131.84   	 345.88		
-102.54   	-121.15   	133.22   	 233.98		
-100.40   	-120.24   	134.16   	 162.77		
-97.96   	-119.32   	134.81   	 152.59		
-94.60   	-117.49   	135.42   	 167.85		
-90.33   	-114.14   	136.09   	 198.37		
-85.75   	-109.86   	136.89   	 218.72		
-82.09   	-104.98   	137.76   	 213.63		
-79.04   	-100.10   	138.62   	 193.29		
-75.99   	-95.21   	139.39   	 167.85		
-72.94   	-90.03   	140.06   	 157.68		
-69.27   	-84.84   	140.69   	 147.51		
-65.61   	-79.65   	141.28   	 111.90		
-61.04   	-74.16   	141.73   	  66.12		
-55.54   	-67.75   	141.99   	  35.61		
-49.13   	-60.42   	142.14   	  45.78		
-42.42   	-51.88   	142.32   	  76.30		
-36.32   	-43.03   	142.62   	 111.90		
-30.21   	-33.57   	143.07   	 137.33		
-23.50   	-23.50   	143.62   	 152.59		
-14.95   	-11.60   	144.23   	 162.77		
 -5.19   	  2.14   	144.88   	 167.85		
  3.97   	 17.09   	145.55   	 183.11		
 12.51   	 32.65   	146.29   	 198.37		
 20.45   	 48.52   	147.08   	 218.72		
 28.38   	 65.00   	147.95   	 208.54		
 37.23   	 81.79   	148.79   	 167.85		
 46.39   	 99.18   	149.46   	 122.07		
 54.63   	115.97   	149.95   	  81.38		
 61.65   	131.53   	150.27   	  76.30		
 67.44   	145.57   	150.58   	 101.73		
 72.94   	159.30   	150.99   	 142.42		
 77.51   	172.12   	151.56   	 172.94		
 81.48   	184.33   	152.25   	 193.29		
 83.62   	194.70   	153.02   	 198.37		
 83.92   	202.94   	153.81   	 183.11		
 82.40   	208.44   	154.55   	 142.42		
 78.74   	211.18   	155.12   	  96.64		
 73.55   	211.79   	155.50   	  40.69		
 67.14   	210.27   	155.67(S)	 -15.26		
 59.81   	205.99   	155.60   	 -55.95		
 51.88   	198.36   	155.38   	 -96.64		
 43.64   	186.77   	154.99   	-137.33		
 34.79   	170.59   	154.44   	-172.94		
 25.33   	150.45   	153.75   	-223.80		
 15.26   	128.17   	152.86   	-274.67		
  4.88   	105.90   	151.76   	-340.79		
 -5.80   	 84.84   	150.40   	-396.74		
-15.56   	 65.61   	148.81   	-442.52		
-23.80   	 48.22   	147.04   	-457.78		
-30.52   	 32.35   	145.21   	-437.43		
-36.32   	 17.40   	143.46   	-406.92		
-41.81   	  3.66   	141.83   	-457.78		
-46.69   	 -9.46   	140.00   	-635.81		
-51.27   	-21.06   	137.46   	-920.65		
-55.54   	-31.43   	133.77   	-1266.53		
-59.51   	-40.28   	128.71   	-1586.97		
-63.48   	-47.91   	122.36   	-1790.43		
-67.75   	-55.24   	115.20   	-1826.04		
-71.11   	-61.65   	107.89   	-1663.27		
-72.94   	-67.14   	101.24   	-1378.43		
-73.85   	-71.72   	 95.73   	-1078.33		
-74.77   	-74.77   	 91.41   	-849.44		
-76.29   	-77.21   	 88.02   	-732.45		
-77.82   	-79.04   	 85.09   	-717.19		
-78.43   	-81.18   	 82.22   	-762.97		
-77.82   	-83.01   	 79.17   	-839.26		
-76.29   	-84.84   	 75.81   	-895.22		
-74.16   	-86.36   	 72.23   	-925.73		
-72.94   	-87.59   	 68.52   	-910.47		
-72.63   	-88.50   	 64.88   	-854.52		
-72.63   	-89.72   	 61.46   	-783.31		
-72.63   	-91.25   	 58.33   	-701.93		
-72.02   	-93.08   	 55.52   	-640.89		
-70.50   	-94.30   	 52.96   	-605.29		
-68.05   	-95.21   	 50.54   	-590.03		
-65.31   	-96.13   	 48.18   	-595.11		
-62.87   	-97.05   	 45.80   	-600.20		
-61.34   	-98.27   	 43.40   	-600.20		
-60.42   	-99.18   	 41.00   	-590.03		
-59.51   	-99.18   	 38.64   	-574.77		
-57.37   	-99.18   	 36.34   	-539.16		
-54.63   	-99.49   	 34.18   	-493.39		
-51.57   	-100.40   	 32.21   	-447.61		
-49.13   	-102.23   	 30.42   	-381.48		
-47.91   	-104.37   	 28.89   	-320.45		
-47.00   	-105.29   	 27.61   	-249.24		
-45.78   	-105.29   	 26.61   	-198.37		
-43.33   	-104.06   	 25.82   	-167.85		
-40.28   	-102.54   	 25.15   	-172.94		
-37.54   	-101.01   	 24.46   	-208.54		
-35.71   	-100.10   	 23.62   	-264.50		
-35.10   	-99.49   	 22.56   	-300.10		
-34.48   	-98.57   	 21.36   	-305.19		
-33.57   	-96.44   	 20.14   	-269.58		
-31.43   	-92.77   	 19.06   	-233.98		
-28.99   	-88.20   	 18.13   	-203.46		
-27.77   	-83.92   	 17.31   	-198.37		
-27.77   	-80.87   	 16.52   	-198.37		
-28.69   	-79.35   	 15.73   	-167.85		
-29.30   	-76.60   	 15.06   	-116.99		
-28.69   	-68.97   	 14.59   	 -40.69		
-25.33   	-51.88   	 14.43   	  30.52		
-18.62   	-22.89   	 14.55   	  66.12		
 -4.88   	 15.56   	 14.81   	  66.12		
 21.67   	 57.98   	 15.08   	  25.43		
 69.89   	102.23   	 15.18   	 -35.61		
149.54   	152.89   	 15.04   	 -91.56		
266.72   	220.95   	 14.67   	-127.16		
416.87   	308.53   	 14.16   	-132.25		
580.14   	393.37   	 13.63   	-111.90		
720.21   	424.50   	 13.18   	 -66.12		
796.81   	333.86   	 12.92   	 -10.17		
785.52   	 71.41   	 12.88(E)	  45.78		
692.75   	-357.06   	 13.06   	  96.64		
553.28   	-875.24   	 13.45   	 137.33		
415.34   	-1362.61   	 14.00   	 162.77		
310.97   	-1700.44   	 14.65   	 167.85		
238.65   	-1832.28(R)	 15.32   	 167.85		
170.29   	-1790.47   	 15.99   	 147.51		
 70.50   	-1666.87   	 16.58   	 111.90		
-80.26   	-1549.99   	 17.03   	  81.38		
-276.18   	-1474.30   	 17.35   	  40.69		
-489.81   	-1418.76   	 17.52   	  15.26		
-686.65   	-1343.99   	 17.58   	   0.00		
-838.93   	-1233.22   	 17.58   	   5.09		
-932.92   	-1103.21   	 17.60   	  30.52		
-968.93   	-978.70   	 17.72   	  66.12		
-958.86   	-866.09   	 17.99   	 106.82		
-918.88   	-755.92   	 18.41   	 157.68		
-862.12   	-640.87   	 19.04   	 208.54		
-792.54   	-527.65   	 19.88   	 269.58		
-709.84   	-428.16   	 20.96   	 340.79		
-614.62   	-349.12   	 22.32   	 427.26		
-514.22   	-290.83   	 24.03   	 508.65		
-422.36   	-253.30   	 26.06   	 590.03		
-351.56   	-239.87   	 28.42   	 661.24		
-307.62   	-248.41   	 31.07   	 717.19		
-286.25   	-266.11   	 33.94   	 737.54		
-279.24   	-275.88   	 36.89   	 727.36		
-278.02   	-267.03   	 39.80   	 666.32		
-275.57   	-244.75   	 42.46   	 584.94		
-266.11   	-220.95   	 44.80   	 498.47		
-244.75   	-201.11   	 46.80   	 432.35		
-209.05   	-178.53   	 48.52   	 396.74		
-159.61   	-141.30   	 50.11   	 401.83		
-100.10   	-83.31   	 51.72   	 432.35		
-37.54   	 -7.93   	 53.45   	 473.04		
 18.31   	 69.27   	 55.34   	 523.90		
 56.76   	131.84   	 57.44   	 554.42		
 71.11   	169.68   	 59.65   	 569.68		
 62.56   	187.99   	 61.93   	 559.51		
 41.50   	200.81   	 64.17   	 534.08		
 20.14   	222.47   	 66.31   	 498.47		
  7.63   	257.26   	 68.30   	 457.78		
  5.49   	295.72   	 70.13   	 422.18		
  8.54   	325.32   	 71.82   	 396.74		
 12.82   	342.71   	 73.41   	 386.57		
 15.87   	354.00   	 74.95   	 376.40		
 17.09   	367.74   	 76.46   	 381.48		
 16.78   	387.88   	 77.99   	 376.40		
 15.56   	411.68   	 79.49   	 371.31		
 14.04   	434.88   	 80.98   	 371.31		
 13.43   	457.15   	 82.46   	 350.97		
 14.34   	479.43   	 83.87   	 330.62		
 16.48   	503.85   	 85.19   	 300.10		
 19.53   	530.09   	 86.39   	 284.84		
 23.19   	556.34   	 87.53   	 274.67		
 28.08   	582.58   	 88.63   	 284.84		
 34.48   	609.74   	 89.77   	 305.19		
 42.72   	639.95   	 90.99   	 335.71		
 52.19   	674.13   	 92.33   	 356.05		
 62.26   	711.36   	 93.75   	 371.31		
 72.63   	751.65   	 95.24   	 361.14		
 82.40   	794.37   	 96.68   	 345.88		
 92.16   	840.15   	 98.07   	 305.19		
102.84   	888.67   	 99.29   	 259.41		
115.05   	938.72   	100.33   	 213.63		
128.48   	988.16   	101.18   	 157.68		
142.21   	1034.55   	101.81   	 101.73		
155.64   	1077.58   	102.22   	  50.86		
167.85   	1118.16   	102.42   	   5.09		
180.05   	1157.23   	102.44   	 -30.52		
193.48   	1194.46   	102.32   	 -61.04		
208.74   	1226.81   	102.07   	 -96.64		
224.91   	1251.22   	101.69   	-116.99		
241.09   	1266.48   	101.22   	-142.42		
256.65   	1273.80   	100.65   	-178.03		
271.00   	1275.94   	 99.94   	-208.54		
285.03   	1275.02   	 99.10   	-249.24		
298.77   	1271.06   	 98.11   	-300.10		
311.58   	1260.99   	 96.91   	-361.14		
323.18   	1241.76   	 95.46   	-422.18		
332.95   	1211.85   	 93.77   	-488.30		
340.88   	1172.79   	 91.82   	-534.08		
347.60   	1127.93   	 89.68   	-549.34		
352.78   	1080.32   	 87.49   	-528.99		
355.53   	1031.80   	 85.37   	-478.13		
354.92   	981.14   	 83.46   	-422.18		
350.65   	927.12   	 81.77   	-361.14		
343.02   	868.84   	 80.33   	-325.53		
331.42   	806.58   	 79.02   	-305.19		
317.08   	743.41   	 77.80   	-300.10		
300.60   	682.07   	 76.60   	-320.45		
281.98   	624.39   	 75.32   	-340.79		
262.45   	569.15   	 73.96   	-361.14		
242.00   	514.22   	 72.51   	-381.48		
220.95   	458.07   	 70.99   	-386.57		
199.58   	401.00   	 69.44   	-396.74		
177.61   	346.07   	 67.85   	-391.66		
155.64   	296.33   	 66.29   	-391.66		
134.89   	252.99   	 64.72   	-396.74		
115.66   	216.06   	 63.13   	-406.92		
 98.27   	182.80   	 61.51   	-422.18		
 81.48   	150.76   	 59.82   	-442.52		
 63.78   	117.80   	 58.05   	-462.87		
 46.39   	 83.62   	 56.20   	-483.21		
 30.21   	 50.05   	 54.26   	-503.56		
 17.40   	 19.23   	 52.25   	-513.73		
  7.32   	 -6.10   	 50.19   	-528.99		
 -0.92   	-25.02   	 48.08   	-534.08		
 -9.77   	-39.06   	 45.94   	-539.16		
-20.14   	-50.96   	 43.78   	-534.08		
-30.82   	-63.17   	 41.65   	-528.99		
-39.37   	-75.99   	 39.53   	-523.90		
-44.25   	-87.28   	 37.44   	-523.90		
-46.08   	-95.52   	 35.34   	-518.82		
-47.30   	-101.93   	 33.27   	-518.82		
-50.35   	-109.86   	 31.19   	-518.82		
-55.54   	-120.85   	 29.11   	-508.65		
-60.42   	-133.36   	 27.08   	-498.47		
-63.17   	-142.21   	 25.09   	-483.21		
-62.87   	-144.35   	 23.15   	-457.78		
-61.04   	-140.08   	 21.32   	-422.18		
-59.51   	-134.58   	 19.63   	-381.48		
-59.51   	-131.53   	 18.11   	-330.62		
-60.12   	-132.14   	 16.79   	-279.75		
-60.42   	-136.11   	 15.67   	-223.80		
-60.12   	-142.21   	 14.77   	-178.03		
-59.81   	-150.76   	 14.06   	-132.25		
-59.81   	-160.52   	 13.53   	-111.90		
-60.12   	-168.46   	 13.08   	-101.73		
-60.73   	-170.59   	 12.68   	-106.82		
-60.73   	-165.71   	 12.25   	-111.90		
-59.81   	-155.94   	 11.80   	-122.07		
-58.59   	-146.48   	 11.31   	-116.99		
-57.98   	-140.99   	 10.84   	-111.90		
-58.90   	-141.60   	 10.40   	 -96.64		
-61.04   	-147.71   	 10.01   	 -86.47		
-63.78   	-158.08   	  9.66   	 -71.21		
-65.92   	-169.98   	  9.38   	 -45.78		
-66.83   	-180.97   	  9.20   	 -25.43		
-67.44   	-188.60   	  9.09   	 -10.17		
-68.66   	-191.35   	  9.05   	  -5.09		
-70.50   	-190.12   	  9.03   	 -25.43		
-72.94   	-185.85   	  8.93   	 -76.30		
-74.46   	-179.75   	  8.63   	-142.42		
-75.07   	-173.03   	  8.06   	-198.37		
-74.46   	-168.46   	  7.26   	-244.15		
-74.46   	-169.37   	  6.29   	-249.24		
-75.38   	-177.61   	  5.29   	-228.89		
-76.90   	-190.73   	  4.37   	-178.03		
-77.51   	-201.42   	  3.66   	-101.73		
-77.21   	-202.03   	  3.26   	 -15.26		
-76.60   	-191.35   	  3.19(D)	  66.12		
-75.99   	-176.09   	  3.46   	 132.25		
-76.90   	-166.32   	  3.99   	 167.85		
-78.74   	-168.46   	  4.66   	 178.03		
-80.26   	-180.66   	  5.37   	 162.77		
-81.18   	-194.40   	  6.02   	 122.07		
-82.40   	-202.94   	  6.51   	  86.47		
-83.62   	-204.47   	  6.86   	  50.86		
-84.23   	-201.11   	  7.06   	  35.61		
-83.62   	-195.92   	  7.20   	  20.35		
-81.79   	-189.82   	  7.28   	  10.17		
-79.35   	-184.02   	  7.32   	   5.09		
-77.82   	-179.75   	  7.34   	   0.00		
-77.21   	-178.83   	  7.34   	   0.00		
-78.13   	-181.58   	  7.34   	  -5.09		
-79.65   	-186.16   	  7.32   	 -10.17		
-81.18   	-189.51   	  7.28   	 -10.17		
-82.70   	-189.51   	  7.24   	 -10.17		
-83.62   	-187.07   	  7.20   	 -10.17		
-84.23   	-184.94   	  7.16   	   0.00		
-84.23   	-185.85   	  7.16   	  10.17		
-84.53   	-190.12   	  7.20   	  25.43		
-84.53   	-193.48   	  7.30   	  45.78		
-83.01   	-191.96   	  7.49   	  66.12		
-80.26   	-183.72   	  7.75   	  71.21		
-77.21   	-173.65   	  8.04   	  91.56		
-75.68   	-167.24   	  8.40   	  91.56		
-75.99   	-167.24   	  8.77   	  96.64		
-77.82   	-171.51   	  9.16   	 101.73		
-79.04   	-175.17   	  9.56   	  96.64		
-79.04   	-176.70   	  9.95   	  86.47		
-78.13   	-178.83   	 10.29   	  81.38		
-77.51   	-184.02   	 10.62   	  76.30		
-78.13   	-190.12   	 10.93   	  61.04		
-78.43   	-191.65   	 11.17   	  50.86		
-77.82   	-184.63   	 11.37   	  35.61		
-77.51   	-170.90   	 11.52   	  25.43		
-77.21   	-157.17   	 11.62   	   5.09		
-76.29   	-150.15   	 11.64   	 -10.17		
-73.85   	-152.59   	 11.60   	 -25.43		
-69.58   	-160.22   	 11.50   	 -45.78		
-66.22   	-167.54   	 11.31   	 -61.04		
-65.61   	-170.90   	 11.07   	 -71.21		
-69.27   	-170.29   	 10.78   	 -81.38		
-74.46   	-168.15   	 10.46   	 -86.47		
-77.51   	-166.63   	 10.11   	 -96.64		
-76.29   	-165.71   	  9.73   	 -96.64		
-72.33   	-163.27   	  9.34   	 -96.64		
-68.66   	-159.00   	  8.95   	-101.73		
-67.44   	-153.81   	  8.55   	 -96.64		
-68.66   	-150.76   	  8.16   	 -86.47		
-70.80   	-152.89   	  7.81   	 -81.38		
-72.02   	-159.00   	  7.49   	 -66.12		
-71.72   	-165.10   	  7.22   	 -61.04		
-70.50   	-167.54   	  6.98   	 -40.69		
-69.27   	-164.18   	  6.82   	 -30.52		
-68.66   	-157.17   	  6.69   	 -15.26		
-68.66   	-149.23   	  6.63   	   5.09		
-68.66   	-142.82   	  6.65   	  15.26		
-68.66   	-138.55   	  6.71   	  30.52		
-68.05   	-136.72   	  6.84   	  40.69		
-67.44   	-138.55   	  7.00   	  40.69		
-66.53   	-143.43   	  7.16   	  40.69		
-65.61   	-148.32   	  7.32   	  35.61		
-64.39   	-148.62   	  7.47   	  30.52		
-63.17   	-143.43   	  7.59   	  30.52		
-62.87   	-136.11   	  7.71   	  30.52		
-64.70   	-132.75   	  7.83   	  30.52		
-68.66   	-136.41   	  7.96   	  35.61		
-73.24   	-144.65   	  8.10   	  45.78		
-76.90   	-152.59   	  8.28   	  45.78		
-78.13   	-155.94   	  8.46   	  45.78		
-76.90   	-154.72   	  8.65   	  50.86		
-74.16   	-151.06   	  8.85   	  50.86		
-70.80   	-147.71   	  9.05   	  45.78		
-67.14   	-145.26   	  9.24   	  45.78		
-63.78   	-141.91   	  9.42   	  40.69		
-60.73   	-135.50   	  9.58   	  35.61		
-58.90   	-126.65   	  9.73   	  25.43		
-58.29   	-119.02   	  9.83   	  20.35		
-59.51   	-117.49   	  9.91   	   5.09		
-61.65   	-122.38   	  9.93   	   0.00		
-64.70   	-130.00   	  9.93   	 -10.17		
-66.22   	-135.50   	  9.89   	 -20.35		
-66.22   	-135.50   	  9.81   	 -25.43		
-65.00   	-132.45   	  9.70   	 -30.52		
-64.70   	-130.31   	  9.58   	 -40.69		
-65.61   	-132.14   	  9.42   	 -40.69		
-67.75   	-136.11   	  9.26   	 -45.78		
-67.75   	-138.55   	  9.07   	 -50.86		
-65.00   	-135.80   	  8.87   	 -50.86		
-61.34   	-128.78   	  8.67   	 -50.86		
-59.20   	-120.24   	  8.46   	 -50.86		
-60.12   	-115.66   	  8.26   	 -40.69		
-62.87   	-118.10   	  8.10   	 -40.69		
-65.00   	-125.12   	  7.93   	 -30.52		
-63.78   	-131.53   	  7.81   	 -20.35		
-59.81   	-132.45   	  7.73   	 -15.26		
-55.24   	-127.26   	  7.67   	  -5.09		
-53.41   	-119.93   	  7.65   	   5.09		
-55.24   	-116.58   	  7.67   	  20.35		
-59.51   	-118.41   	  7.75   	  25.43		
-63.17   	-122.99   	  7.85   	  40.69		
-64.09   	-126.95   	  8.02   	  45.78		
-61.34   	-128.78   	  8.20   	  45.78		
-57.07   	-127.26   	  8.38   	  40.69		
-53.71   	-122.68   	  8.55   	  40.69		
-52.19   	-115.05   	  8.71   	  35.61		
-51.88   	-106.81   	  8.85   	  35.61		
-51.27   	-102.54   	  8.99   	  30.52		
-49.44   	-105.59   	  9.11   	  30.52		
-45.17   	-113.53   	  9.24   	  30.52		
-39.06   	-119.93   	  9.36   	  30.52		
-30.52   	-118.71   	  9.48   	  25.43		
-20.14   	-107.73   	  9.58   	  20.35		
 -9.46   	-86.98   	  9.66   	  20.35		
 -0.61   	-58.90   	  9.75   	  10.17		
  5.49   	-27.16   	  9.79   	  10.17		
 10.07   	 -0.31   	  9.83   	   0.00		
 14.34   	 13.43   	  9.83   	 -10.17		
 19.53   	  9.77   	  9.79   	 -25.43		
 25.63   	 -5.19   	  9.68   	 -30.52		
 31.43   	-18.92   	  9.56   	 -40.69		
 37.23   	-20.75   	  9.40   	 -50.86		
 43.33   	 -9.77   	  9.20   	 -50.86		
 50.35   	  7.93   	  8.99   	 -50.86		
 54.63   	 22.28   	  8.79   	 -45.78		
 50.96   	 25.94   	  8.61   	 -35.61		
 38.15   	 17.09   	  8.46   	 -20.35		
 20.75   	 -3.36   	  8.38   	  -5.09		
  8.54   	-32.65   	  8.36   	  15.26		
  7.63   	-65.00   	  8.42   	  25.43		
 15.87   	-94.60   	  8.52   	  45.78		
 25.63   	-115.97   	  8.71   	  55.95		
 28.99   	-127.26   	  8.93   	  66.12		
 24.41   	-128.78   	  9.20   	  76.30		
 16.17   	-124.51   	  9.50   	  71.21		
  7.32   	-119.63   	  9.79   	  81.38		
 -1.83   	-117.80   	 10.11   	  81.38		
-13.43   	-119.02   	 10.44   	  96.64		
-28.38   	-121.15   	 10.82   	 106.82		
-45.17   	-122.68   	 11.25   	 127.16		
-61.04   	-122.99   	 11.76   	 147.51		
-74.16   	-125.73   	 12.35   	 157.68		
-84.23   	-133.67   	 12.98   	 172.94		
-90.94   	-145.57   	 13.67   	 178.03		
-94.60   	-156.25   	 14.38   	 188.20		
-95.21   	-160.22   	 15.14   	 198.37		
-93.08   	-155.33   	 15.93   	 208.54		
-89.72   	-145.57   	 16.76   	 208.54		
-86.67   	-137.02   	 17.60   	 213.63		
-83.01   	-138.85   	 18.45   	 203.46		
-75.38   	-159.00   	 19.27   	 183.11		
-57.37   	-203.86   	 20.00   	 152.59		
-24.41   	-273.44   	 20.61   	 122.07		
 22.28   	-354.92   	 21.10   	  81.38		
 76.60   	-425.42   	 21.42   	  45.78		
132.14   	-459.90   	 21.61   	  25.43		
188.29   	-443.73   	 21.71   	   5.09		
250.24   	-372.01   	 21.73   	   5.09		
325.01   	-237.73   	 21.75   	   5.09		
417.18   	-17.70   	 21.77   	  20.35		
530.40   	318.60   	 21.85   	  30.52		
664.67   	774.84   	 21.97   	  35.61		
812.38   	1293.64   	 22.12   	  40.69		
938.42   	1768.19   	 22.28   	  45.78		
972.60   	2090.15   	 22.46   	  35.61		
849.91   	2194.52(R)	 22.60(E)	  40.69		
565.19   	2081.30   	 22.77   	  40.69		
192.87   	1798.40   	 22.93   	  40.69		
-137.02   	1409.61   	 23.09   	  55.95		
-315.86   	982.67   	 23.32   	  76.30		
-326.84   	589.90   	 23.62   	 106.82		
-241.09   	292.36   	 24.05   	 147.51		
-152.28   	113.83   	 24.64   	 203.46		
-112.61   	 28.69   	 25.45   	 264.50		
-118.41   	-14.95   	 26.51   	 345.88		
-137.33   	-59.20   	 27.89   	 427.26		
-143.74   	-113.22   	 29.60   	 523.90		
-137.33   	-158.69   	 31.70   	 635.81		
-129.39   	-178.83   	 34.24   	 732.45		
-127.56   	-176.09   	 37.17   	 808.75		
-129.70   	-166.93   	 40.41   	 844.35		
-131.84   	-164.79   	 43.78   	 839.26		
-130.62   	-171.81   	 47.14   	 803.66		
-127.26   	-181.88   	 50.36   	 768.05		
-122.99   	-188.60   	 53.43   	 732.45		
-120.24   	-189.21   	 56.36   	 712.10		
-119.63   	-185.85   	 59.21   	 691.76		
-119.93   	-181.58   	 61.97   	 681.58		
-119.02   	-180.36   	 64.70   	 696.84		
-116.58   	-182.80   	 67.49   	 757.88		
-113.83   	-187.07   	 70.52   	 885.04		
-112.00   	-189.21   	 74.06   	1073.24		
-111.08   	-187.68   	 78.35   	1281.79		
-110.47   	-184.02   	 83.48   	1439.47		
-109.25   	-180.36   	 89.24   	1510.68		
-108.34   	-178.53   	 95.28   	1469.98		
-107.12   	-178.22   	101.16   	1332.65		
-105.90   	-177.61   	106.49   	1108.85		
-104.06   	-176.39   	110.93   	 844.35		
-101.32   	-174.26   	114.30   	 569.68		
-97.66   	-172.12   	116.58   	 325.53		
-93.99   	-170.29   	117.88   	 152.59		
-90.64   	-168.15   	118.49   	  55.95		
-88.50   	-165.41   	118.72   	  35.61		
-87.59   	-162.05   	118.86   	  76.30		
-87.28   	-159.30   	119.17   	 152.59		
-86.36   	-156.86   	119.78   	 218.72		
-83.92   	-155.33   	120.65   	 269.58		
-79.96   	-155.03   	121.73   	 269.58		
-74.77   	-155.64   	122.81   	 233.98		
-69.58   	-155.64   	123.74   	 167.85		
-65.00   	-154.42   	124.41   	 106.82		
-61.34   	-151.06   	124.84   	  50.86		
-58.29   	-145.87   	125.05   	  25.43		
-55.24   	-139.77   	125.15   	  30.52		
-51.88   	-133.97   	125.27   	  66.12		
-48.22   	-129.09   	125.53   	 122.07		
-43.64   	-124.51   	126.02   	 172.94		
-37.84   	-119.32   	126.71   	 208.54		
-31.13   	-111.39   	127.55   	 218.72		
-23.80   	-101.01   	128.42   	 203.46		
-16.48   	-89.42   	129.24   	 167.85		
 -9.16   	-78.13   	129.91   	 127.16		
 -1.53   	-67.14   	130.42   	  96.64		
  6.41   	-55.54   	130.80   	  66.12		
 15.26   	-42.42   	131.07   	  55.95		
 24.41   	-27.77   	131.29   	  45.78		
 33.87   	-12.82   	131.47   	  45.78		
 43.33   	  1.22   	131.66   	  50.86		
 52.49   	 14.95   	131.86   	  55.95		
 61.95   	 29.60   	132.08   	  76.30		
 71.41   	 45.17   	132.39   	 101.73		
 79.96   	 61.34   	132.80   	 127.16		
 86.67   	 76.60   	133.31   	 137.33		
 91.86   	 90.33   	133.86   	 142.42		
 95.52   	101.93   	134.42   	 142.42		
 98.88   	111.69   	134.99   	 127.16		
101.62   	119.63   	135.50   	  86.47		
103.45   	125.73   	135.85   	  40.69		
102.84   	129.39   	136.01   	  10.17		
 99.18   	131.53   	136.05   	  -5.09		
 92.77   	131.53   	136.03   	 -15.26		
 84.84   	130.00   	135.97   	   5.09		
 76.29   	125.43   	135.99   	  25.43		
 67.14   	118.10   	136.09   	  40.69		
 57.98   	107.73   	136.26   	  50.86		
 47.91   	 94.30   	136.46   	  40.69		
 36.62   	 79.04   	136.62   	  10.17		
 24.72   	 62.87   	136.66(S)	 -40.69		
 12.51   	 46.08   	136.50   	 -96.64		
  0.61   	 28.69   	136.11   	-178.03		
-11.29   	 10.38   	135.40   	-254.32		
-22.28   	 -8.54   	134.38   	-320.45		
-32.04   	-27.16   	133.10   	-350.97		
-39.37   	-43.95   	131.70   	-340.79		
-44.25   	-57.98   	130.34   	-284.84		
-47.91   	-69.27   	129.20   	-239.06		
-51.88   	-79.04   	128.24   	-223.80		
-56.15   	-87.28   	127.34   	-305.19		
-60.73   	-94.91   	126.12   	-503.56		
-64.09   	-100.40   	124.11   	-834.18		
-65.92   	-104.37   	120.77   	-1241.09		
-66.83   	-106.81   	115.81   	-1612.40		
-68.05   	-108.64   	109.36   	-1846.38		
-69.89   	-111.39   	101.97   	-1876.90		
-72.94   	-114.75   	 94.47   	-1683.61		
-75.07   	-118.71   	 87.73   	-1358.08		
-75.99   	-122.07   	 82.30   	-1017.29		
-75.38   	-124.21   	 78.23   	-773.14		
-74.46   	-125.43   	 75.14   	-630.72		
-74.16   	-126.04   	 72.61   	-590.03		
-75.07   	-126.04   	 70.25   	-605.29		
-76.29   	-125.73   	 67.83   	-645.98		
-77.21   	-126.04   	 65.25   	-696.84		
-77.21   	-126.65   	 62.46   	-722.28		
-76.90   	-126.95   	 59.57   	-737.54		
-76.29   	-127.56   	 56.62   	-727.36		
-75.68   	-127.56   	 53.71   	-712.10		
-74.46   	-127.56   	 50.86   	-691.76		
-72.94   	-127.56   	 48.10   	-676.50		
-71.11   	-127.87   	 45.39   	-656.15		
-69.27   	-128.48   	 42.77   	-640.89		
-68.36   	-129.70   	 40.20   	-605.29		
-67.44   	-131.23   	 37.78   	-569.68		
-66.53   	-132.75   	 35.50   	-518.82		
-64.70   	-133.97   	 33.43   	-467.95		
-61.95   	-134.58   	 31.56   	-427.26		
-59.20   	-134.58   	 29.85   	-386.57		
-56.15   	-134.28   	 28.30   	-356.05		
-53.71   	-133.97   	 26.88   	-330.62		
-51.27   	-134.28   	 25.55   	-315.36		
-49.13   	-135.19   	 24.29   	-320.45		
-47.00   	-136.72   	 23.01   	-325.53		
-45.17   	-138.24   	 21.71   	-330.62		
-43.95   	-139.77   	 20.39   	-335.71		
-43.33   	-140.99   	 19.04   	-330.62		
-42.72   	-141.30   	 17.72   	-320.45		
-41.81   	-140.38   	 16.44   	-305.19		
-39.67   	-138.24   	 15.22   	-279.75		
-37.23   	-135.19   	 14.10   	-244.15		
-35.40   	-132.75   	 13.12   	-167.85		
-35.71   	-131.53   	 12.45   	 -45.78		
-37.23   	-131.84   	 12.27   	 106.82		
-39.37   	-132.75   	 12.70   	 249.24		
-40.59   	-133.06   	 13.69   	 345.88		
-39.98   	-132.14   	 15.08   	 376.40		
-38.76   	-129.70   	 16.58   	 325.53		
-38.15   	-126.65   	 17.88   	 218.72		
-38.45   	-123.60   	 18.76   	  71.21		
-39.67   	-121.15   	 19.04   	 -76.30		
-41.20   	-119.32   	 18.74   	-213.63		
-42.42   	-118.10   	 17.88   	-305.19		
-42.72   	-117.49   	 16.66   	-345.88		
-42.42   	-117.49   	 15.28   	-340.79		
-42.42   	-117.49   	 13.92   	-300.10		
-43.33   	-117.80   	 12.72   	-218.72		
-44.56   	-117.49   	 11.84   	-122.07		
-45.47   	-116.58   	 11.35   	 -20.35		
-46.08   	-115.66   	 11.27(D)	  71.21		
-46.69   	-115.05   	 11.56   	 137.33		
-47.91   	-115.36   	 12.11   	 167.85		
-49.74   	-117.19   	 12.78   	 172.94		
-51.27   	-119.63   	 13.47   	 147.51		
-51.88   	-121.77   	 14.06   	 116.99		
-51.88   	-122.99   	 14.53   	  71.21		
-51.57   	-123.29   	 14.81   	  35.61		
-52.19   	-122.38   	 14.95   	  -5.09		
-53.10   	-120.85   	 14.93   	 -40.69		
-54.02   	-119.32   	 14.77   	 -66.12		
-53.41   	-117.80   	 14.51   	 -81.38		
-51.27   	-115.36   	 14.18   	 -76.30		
-47.91   	-111.39   	 13.88   	 -66.12		
-43.33   	-104.68   	 13.61   	 -50.86		
-37.23   	-95.83   	 13.41   	 -25.43		
-29.91   	-86.98   	 13.31   	  -5.09		
-21.36   	-80.26   	 13.29   	  25.43		
-12.82   	-73.85   	 13.39   	  45.78		
 -4.27   	-64.09   	 13.57   	  55.95		
  3.66   	-45.78   	 13.79   	  50.86		
 10.68   	-19.53   	 14.00   	  30.52		
 17.70   	  7.02   	 14.12   	   5.09		
 24.41   	 22.28   	 14.14   	 -15.26		
 30.21   	 19.84   	 14.08   	 -30.52		
 35.10   	  3.66   	 13.96   	 -25.43		
 37.84   	-14.65   	 13.86   	  -5.09		
 39.67   	-23.80   	 13.84   	  10.17		
 43.03   	-19.84   	 13.88   	  35.61		
 49.13   	 -7.63   	 14.02   	  40.69		
 54.63   	  2.14   	 14.18   	  50.86		
 54.02   	  0.92   	 14.38   	  50.86		
 44.25   	-13.12   	 14.59   	  50.86		
 27.77   	-36.62   	 14.79   	  45.78		
 13.43   	-62.26   	 14.97   	  40.69		
  9.16   	-83.92   	 15.14   	  30.52		
 15.26   	-99.18   	 15.26   	  30.52		
 25.63   	-108.95   	 15.38   	  20.35		
 32.04   	-116.58   	 15.46   	  20.35		
 31.74   	-123.29   	 15.54   	  25.43		
 27.16   	-127.87   	 15.65   	  25.43		
 20.45   	-129.70   	 15.75   	  35.61		
 11.29   	-129.09   	 15.89   	  35.61		
 -2.44   	-129.09   	 16.03   	  40.69		
-21.97   	-131.84   	 16.20   	  50.86		
-44.86   	-137.94   	 16.40   	  61.04		
-67.14   	-146.48   	 16.64   	  66.12		
-84.84   	-155.94   	 16.91   	  71.21		
-95.83   	-165.41   	 17.19   	  76.30		
-100.71   	-173.34   	 17.50   	  81.38		
-101.01   	-178.22   	 17.82   	  81.38		
-99.79   	-179.14   	 18.15   	  96.64		
-98.88   	-177.00   	 18.54   	 116.99		
-98.57   	-173.95   	 19.00   	 137.33		
-98.88   	-171.81   	 19.55   	 162.77		
-99.18   	-171.20   	 20.20   	 178.03		
-98.57   	-171.81   	 20.92   	 178.03		
-95.83   	-175.17   	 21.63   	 172.94		
-87.59   	-188.29   	 22.32   	 147.51		
-67.44   	-222.17   	 22.91   	 122.07		
-30.82   	-283.51   	 23.40   	  96.64		
 20.45   	-366.21   	 23.78   	  71.21		
 78.74   	-447.69   	 24.07   	  55.95		
135.19   	-498.66   	 24.29   	  50.86		
188.29   	-497.74   	 24.50   	  50.86		
245.06   	-436.10   	 24.70   	  55.95		
316.77   	-306.40   	 24.92   	  66.12		
411.68   	-87.59   	 25.19   	  71.21		
533.45   	247.80   	 25.47   	  81.38		
677.80   	705.26   	 25.80   	  76.30		
830.99   	1232.30   	 26.10   	  71.21		
957.34   	1724.24   	 26.39   	  55.95		
990.91   	2074.28   	 26.61   	  45.78		
868.84   	2213.44(R)	 26.80(E)	  40.69		
583.80   	2132.26   	 26.96   	  40.69		
206.30   	1872.25   	 27.12   	  45.78		
-136.11   	1496.28   	 27.30   	  61.04		
-330.20   	1076.97   	 27.55   	  71.21		
-350.04   	693.36   	 27.83   	  86.47		
-264.59   	407.10   	 28.18   	 101.73		
-171.81   	232.54   	 28.59   	 116.99		
-130.92   	133.97   	 29.05   	 127.16		
-139.47   	 57.68   	 29.56   	 142.42		
-161.74   	-26.25   	 30.13   	 172.94		
-168.46   	-110.47   	 30.82   	 228.89		
-158.39   	-167.24   	 31.74   	 310.27		
-146.18   	-182.50   	 32.98   	 412.00		
-141.91   	-168.76   	 34.63   	 498.47		
-143.74   	-152.28   	 36.62   	 579.86		
-146.18   	-149.54   	 38.94   	 620.55		
-145.87   	-160.22   	 41.42   	 645.98		
-142.82   	-174.87   	 44.01   	 661.24		
-138.85   	-184.94   	 46.65   	 671.41		
-134.89   	-187.07   	 49.34   	 676.50		
-131.84   	-182.80   	 52.04   	 676.50		
-129.09   	-176.39   	 54.75   	 681.58		
-126.95   	-171.20   	 57.48   	 666.32		
-124.51   	-169.07   	 60.14   	 656.15		
-122.07   	-168.76   	 62.77   	 625.63		
-120.24   	-169.37   	 65.27   	 605.29		
-118.71   	-169.98   	 67.69   	 574.77		
-117.19   	-170.29   	 69.99   	 559.51		
-115.66   	-170.29   	 72.23   	 559.51		
-113.22   	-169.68   	 74.47   	 569.68		
-109.86   	-168.15   	 76.74   	 595.11		
-106.51   	-165.71   	 79.12   	 615.46		
-103.76   	-162.05   	 81.59   	 635.81		
-101.62   	-157.17   	 84.13   	 640.89		
-99.79   	-151.06   	 86.69   	 645.98		
-97.66   	-144.96   	 89.28   	 671.41		
-95.52   	-141.60   	 91.96   	 717.19		
-92.77   	-140.99   	 94.83   	 773.14		
-90.03   	-143.13   	 97.92   	 839.26		
-87.59   	-145.57   	101.28   	 890.13		
-86.36   	-146.79   	104.84   	 905.39		
-86.36   	-145.57   	108.46   	 864.70		
-87.28   	-141.91   	111.92   	 757.88		
-86.67   	-137.63   	114.95   	 610.37		
-82.70   	-133.67   	117.40   	 442.52		
-74.46   	-129.39   	119.17   	 289.93		
-64.39   	-124.82   	120.33   	 147.51		
-55.85   	-118.41   	120.92   	  25.43		
-52.19   	-111.08   	121.02   	 -61.04		
-52.49   	-104.37   	120.77   	-127.16		
-54.02   	-99.49   	120.26   	-147.51		
-52.49   	-95.21   	119.67   	-127.16		
-46.39   	-88.81   	119.17   	 -91.56		
-36.93   	-78.74   	118.80   	 -40.69		
-27.16   	-65.61   	118.64   	   5.09		
-19.23   	-53.41   	118.66   	  30.52		
-13.43   	-43.64   	118.78   	  45.78		
 -7.93   	-35.71   	118.96   	  45.78		
 -0.61   	-27.47   	119.15   	  45.78		
  9.46   	-15.26   	119.33   	  45.78		
 21.67   	  2.44   	119.51   	  50.86		
 34.79   	 24.41   	119.71   	  61.04		
 47.00   	 47.30   	119.96   	  86.47		
 57.98   	 66.53   	120.30   	 116.99		
 67.14   	 79.96   	120.77   	 152.59		
 75.07   	 89.11   	121.38   	 178.03		
 82.40   	 98.57   	122.10   	 193.29		
 90.64   	113.22   	122.87   	 183.11		
 98.88   	132.75   	123.60   	 157.68		
105.59   	151.98   	124.23   	 111.90		
108.95   	165.10   	124.68   	  76.30		
109.25   	168.15   	124.98   	  40.69		
106.51   	163.27   	125.15   	  35.61		
102.23   	154.42   	125.29   	  45.78		
 96.44   	145.87   	125.47   	  45.78		
 88.50   	139.16   	125.66   	  50.86		
 78.13   	132.45   	125.86   	  30.52		
 65.31   	122.07   	125.98   	   5.09		
 51.88   	105.90   	126.00(S)	 -20.35		
 38.45   	 84.84   	125.92   	 -30.52		
 25.63   	 61.34   	125.80   	 -25.43		
 13.12   	 38.45   	125.70   	 -10.17		
  1.83   	 16.78   	125.66   	   5.09		
 -8.85   	 -4.27   	125.68   	  20.35		
-18.01   	-25.02   	125.76   	  25.43		
-26.25   	-44.56   	125.86   	   5.09		
-33.57   	-61.34   	125.88   	 -25.43		
-39.98   	-74.46   	125.78   	 -71.21		
-46.08   	-85.14   	125.49   	-127.16		
-51.88   	-95.52   	124.98   	-183.11		
-57.68   	-106.20   	124.25   	-244.15		
-64.09   	-116.58   	123.28   	-295.01		
-70.80   	-124.82   	122.10   	-335.71		
-76.60   	-130.92   	120.75   	-361.14		
-80.26   	-137.02   	119.31   	-361.14		
-81.48   	-144.96   	117.86   	-340.79		
-81.18   	-153.50   	116.50   	-310.27		
-80.87   	-159.30   	115.26   	-289.93		
-80.87   	-160.22   	114.10   	-264.50		
-81.48   	-156.86   	113.04   	-249.24		
-82.09   	-151.67   	112.04   	-269.58		
-81.48   	-147.71   	110.97   	-396.74		
-79.96   	-147.40   	109.38   	-691.76		
-79.04   	-150.45   	106.61   	-1108.85		
-79.96   	-155.94   	102.18   	-1551.37		
-83.92   	-162.96   	 95.97   	-1912.51		
-89.11   	-167.85   	 88.32   	-2136.31		
-92.77   	-167.85   	 79.78   	-2141.40		
-92.77   	-161.74   	 71.21   	-1953.20		
-90.03   	-153.20   	 63.40   	-1663.27		
-87.28   	-147.71   	 56.74   	-1337.74		
-86.98   	-148.62   	 51.39   	-1047.81		
-89.42   	-156.56   	 47.20   	-839.26		
-93.08   	-166.32   	 43.85   	-717.19		
-94.30   	-172.73   	 40.98   	-686.67		
-92.77   	-173.65   	 38.23   	-707.02		
-88.81   	-169.98   	 35.40   	-752.79		
-85.75   	-164.79   	 32.39   	-818.92		
-85.14   	-160.22   	 29.11   	-885.04		
-86.67   	-156.56   	 25.57   	-935.91		
-88.20   	-153.81   	 21.83   	-1042.72		
-87.89   	-151.06   	 17.66   	-1393.69		
-85.75   	-150.15   	 12.09   	-2177.00		
-83.31   	-151.37   	  3.38   	-3097.65		
-82.40   	-153.81   	 -9.01   	-3555.43		
-82.40   	-156.25   	-23.23   	-3128.17		
-82.40   	-156.86   	-35.75   	-1703.96		
-81.48   	-154.72   	-42.56(D)	 239.06		
-79.65   	-150.76   	-41.61   	1871.81		
-77.51   	-146.18   	-34.12   	2619.52		
-75.38   	-143.74   	-23.64   	2344.85		
-73.55   	-144.35   	-14.26   	1388.60		
-73.24   	-147.71   	 -8.71   	 315.36		
-73.85   	-150.76   	 -7.45   	-462.87		
-74.46   	-149.23   	 -9.30   	-824.00		
-73.55   	-143.13   	-12.59   	-890.13		
-70.80   	-135.50   	-16.15   	-824.00		
-67.44   	-132.14   	-19.45   	-691.76		
-65.61   	-134.89   	-22.22   	-523.90		
-66.53   	-140.38   	-24.31   	-315.36		
-69.27   	-142.21   	-25.57   	 -35.61		
-71.11   	-137.33   	-25.72   	 218.72		
-70.80   	-128.17   	-24.84   	 366.22		
-69.58   	-121.77   	-23.38   	 361.14		
-68.97   	-122.07   	-21.93   	 213.63		
-69.27   	-127.56   	-21.08   	 -66.12		
-70.19   	-133.06   	-21.34   	-381.48		
-71.11   	-133.97   	-22.87   	-620.55		
-71.11   	-130.62   	-25.35   	-691.76		
-69.89   	-127.26   	-28.12   	-615.46		
-68.36   	-126.65   	-30.58   	-432.35		
-66.53   	-129.39   	-32.31   	-233.98		
-65.31   	-131.84   	-33.25   	 -96.64		
-65.31   	-130.92   	-33.63   	 -71.21		
-67.14   	-127.26   	-33.92   	-162.77		
-69.89   	-124.51   	-34.57   	-300.10		
-71.72   	-125.43   	-35.77   	-417.09		
-71.72   	-128.78   	-37.44   	-447.61		
-70.50   	-130.00   	-39.23   	-345.88		
-68.97   	-125.43   	-40.61   	-152.59		
-67.44   	-114.75   	-41.22   	  76.30		
-63.78   	-103.15   	-40.92   	 300.10		
-57.07   	-96.74   	-39.72   	 518.82		
-48.22   	-97.96   	-37.64   	 732.45		
-39.67   	-103.15   	-34.71   	 930.82		
-33.26   	-105.59   	-30.99   	1093.59		
-28.99   	-99.79   	-26.61   	1220.75		
-24.72   	-84.53   	-21.73   	1281.79		
-18.62   	-62.26   	-16.60   	1251.27		
 -9.77   	-36.62   	-11.60   	1073.24		
  0.31   	-12.21   	 -7.30   	 712.10		
  9.16   	  4.58   	 -4.46   	 213.63		
 15.87   	  8.85   	 -3.60   	-345.88		
 19.53   	  1.22   	 -4.98   	-864.70		
 21.97   	-11.60   	 -8.44   	-1230.92		
 25.63   	-18.92   	-13.37   	-1363.17		
 32.65   	-13.12   	-18.82   	-1225.83		
 43.33   	  3.97   	-23.72   	-869.78		
 53.41   	 20.75   	-27.20   	-391.66		
 56.15   	 24.41   	-28.77   	 122.07		
 47.30   	  9.46   	-28.28   	 600.20		
 29.60   	-19.53   	-25.88   	1042.72		
 12.21   	-49.44   	-21.71   	1419.12		
  4.88   	-69.89   	-16.03   	1663.27		
  9.46   	-79.04   	 -9.38   	1688.70		
 19.53   	-83.92   	 -2.62   	1485.24		
 26.55   	-92.47   	  3.32   	1144.45		
 25.33   	-107.73   	  7.89   	 798.57		
 18.31   	-123.90   	 11.09   	 564.60		
  8.24   	-134.58   	 13.35   	 539.16		
 -2.75   	-136.41   	 15.50   	 818.92		
-16.48   	-131.53   	 18.78   	1464.90		
-33.87   	-126.34   	 24.64   	2400.80		
-53.71   	-126.04   	 34.24   	3341.80		
-72.33   	-131.84   	 47.61   	3957.26		
-86.36   	-142.82   	 63.44   	4008.12		
-94.91   	-154.72   	 79.47   	3540.17		
-98.57   	-162.66   	 93.63   	2721.25		
-99.79   	-163.27   	104.52   	1627.66		
-100.71   	-158.39   	111.03   	 320.45		
-102.23   	-152.89   	112.31   	-1032.55		
-104.06   	-151.67   	108.18   	-2014.23		
-105.29   	-156.25   	100.12   	-2349.94		
-105.29   	-163.88   	 90.72   	-2080.36		
-104.06   	-170.90   	 82.40   	-1444.55		
-100.10   	-176.09   	 76.62   	-676.50		
-90.33   	-186.16   	 73.92   	  66.12		
-68.97   	-212.71   	 74.18   	 574.77		
-33.26   	-267.03   	 76.48   	 595.11		
 14.34   	-345.76   	 78.86   	 157.68		
 67.75   	-427.86   	 79.49   	-350.97		
121.77   	-483.09   	 78.09   	-534.08		
177.31   	-485.84   	 75.95   	-223.80		
241.39   	-424.19   	 75.06   	 544.25		
320.74   	-290.83   	 77.23   	1592.06		
418.40   	-67.44   	 83.60   	2578.83		
536.19   	272.52   	 93.92   	3229.90		
674.44   	732.73   	106.84   	3351.97		
826.11   	1258.85   	120.24   	2945.05		
958.86   	1740.72   	132.02   	2126.14		
1004.33   	2064.82   	140.53   	1078.33		
894.17   	2161.26(R)	144.84   	  45.78		
615.84   	2033.69   	145.02   	-783.31		
237.73   	1740.42   	141.89   	-1266.53		
-111.08   	1352.54   	136.83   	-1378.43		
-314.64   	937.81   	131.31   	-1124.11		
-343.93   	560.91   	126.82   	-645.98		
-264.59   	275.57   	124.23   	-172.94		
-171.81   	104.37   	123.54   	 167.85		
-124.82   	 25.33   	124.21   	 259.41		
-126.04   	-11.90   	125.25   	 116.99		
-144.35   	-50.35   	125.72   	-162.77		
-152.28   	-101.32   	125.07   	-437.43		
-146.18   	-147.09   	123.32   	-615.46		
-136.72   	-169.07   	120.85   	-671.41		
-131.84   	-167.54   	118.17   	-635.81		
-131.23   	-158.39   	115.63   	-534.08		
-130.92   	-155.03   	113.49   	-412.00		
-129.70   	-159.00   	111.84   	-300.10		
-126.95   	-163.88   	110.64   	-239.06		
-124.51   	-164.18   	109.68   	-147.51		
-123.29   	-160.52   	109.09   	  66.12		
-123.60   	-156.86   	109.36   	 376.40		
-125.12   	-156.56   	110.86   	 625.63		
-126.34   	-160.22   	113.37   	 793.49		
-126.04   	-164.49   	116.54   	 951.17		
-123.90   	-166.32   	120.35   	1195.32		
-119.93   	-163.57   	125.13   	1688.70		
-115.05   	-156.86   	131.88   	2355.03		
-110.17   	-148.62   	141.30   	2746.68		
-107.12   	-142.82   	152.29   	2507.62		
-106.51   	-141.91   	162.32   	1612.40		
-108.03   	-145.26   	168.77   	 356.05		
-109.86   	-149.84   	170.19   	-900.30		
-110.47   	-152.59   	166.59   	-1912.51		
-108.95   	-151.67   	158.94   	-2522.88		
-106.81   	-148.01   	148.85   	-2751.77		
-104.68   	-144.04   	137.84   	-2670.39		
-103.45   	-141.30   	127.16   	-2390.63		
-102.23   	-140.38   	117.60   	-1998.97		
-100.40   	-139.16   	109.60   	-1566.63		
-97.35   	-137.02   	103.34   	-1144.45		
-94.30   	-133.97   	 98.76   	-747.71		
-91.55   	-130.62   	 95.77   	-401.83		
-89.42   	-127.87   	 94.16   	-106.82		
-87.28   	-126.04   	 93.73   	 111.90		
-84.53   	-123.90   	 94.18   	 249.24		
-80.57   	-120.24   	 95.18   	 325.53		
-75.99   	-115.36   	 96.48   	 361.14		
-71.72   	-109.56   	 97.92   	 386.57		
-67.75   	-103.45   	 99.47   	 376.40		
-63.48   	-97.66   	100.98   	 356.05		
-58.90   	-92.16   	102.40   	 310.27		
-53.71   	-86.98   	103.64   	 259.41		
-47.91   	-81.18   	104.68   	 193.29		
-41.50   	-73.24   	105.45   	 132.25		
-34.18   	-63.48   	105.98   	  96.64		
-25.63   	-52.19   	106.37   	  61.04		
-16.17   	-40.28   	106.61   	  30.52		
 -6.10   	-28.99   	106.73   	  10.17		
  3.36   	-17.40   	106.77   	  25.43		
 12.51   	 -4.27   	106.88   	  45.78		
 21.97   	 11.60   	107.06   	  86.47		
 32.65   	 30.21   	107.41   	 111.90		
 44.56   	 50.96   	107.85   	 127.16		
 56.76   	 71.72   	108.36   	 122.07		
 68.05   	 91.55   	108.85   	 101.73		
 77.51   	109.56   	109.26   	  76.30		
 85.45   	126.34   	109.56   	  55.95		
 92.47   	142.52   	109.79   	  76.30		
 98.27   	158.08   	110.09   	 132.25		
102.54   	171.81   	110.62   	 223.80		
104.68   	182.80   	111.52   	 356.05		
103.76   	189.21   	112.94   	 508.65		
100.40   	190.73   	114.97   	 656.15		
 94.30   	188.29   	117.60   	 783.31		
 86.36   	182.50   	120.73   	 844.35		
 76.90   	173.65   	124.11   	 808.75		
 66.22   	162.35   	127.34   	 712.10		
 54.93   	148.93   	130.19   	 590.03		
 43.03   	133.36   	132.55   	 457.78		
 30.21   	115.05   	134.38   	 345.88		
 16.48   	 94.60   	135.77   	 259.41		
  2.75   	 72.33   	136.81   	 198.37		
-10.07   	 49.74   	137.60   	 183.11		
-21.36   	 27.16   	138.33   	 183.11		
-31.43   	  5.80   	139.06   	 193.29		
-40.59   	-15.56   	139.84   	 203.46		
-49.13   	-36.32   	140.65   	 213.63		
-56.76   	-56.15   	141.51   	 228.89		
-63.17   	-73.24   	142.42   	 239.06		
-68.05   	-86.67   	143.38   	 233.98		
-72.02   	-96.74   	144.31   	 193.29		
-75.68   	-104.68   	145.09   	 116.99		
-79.35   	-111.69   	145.55   	   0.00		
-82.70   	-118.10   	145.55   	-142.42		
-85.45   	-123.60   	144.98   	-279.75		
-86.98   	-126.95   	143.87   	-386.57		
-87.89   	-128.48   	142.32   	-452.69		
-88.20   	-129.70   	140.51   	-478.13		
-88.81   	-131.53   	138.60   	-478.13		
-89.72   	-133.97   	136.68   	-478.13		
-90.33   	-136.41   	134.77   	-498.47		
-90.94   	-137.94   	132.78   	-539.16		
-91.25   	-137.94   	130.62   	-600.20		
-91.25   	-136.72   	128.22   	-635.81		
-91.25   	-135.80   	125.68   	-630.72		
-91.55   	-136.41   	123.15   	-569.68		
-91.86   	-138.24   	120.87   	-462.87		
-92.16   	-140.38   	119.02   	-335.71		
-92.47   	-141.91   	117.68   	-193.29		
-93.38   	-142.52   	116.91   	 -81.38		
-94.60   	-142.82   	116.58   	  15.26		
-95.52   	-142.82   	116.64   	  76.30		
-95.83   	-142.52   	116.95   	 127.16		
-94.30   	-141.91   	117.46   	 162.77		
-91.86   	-140.99   	118.11   	 208.54		
-89.11   	-140.08   	118.94   	 254.32		
-86.67   	-139.16   	119.96   	 284.84		
-85.45   	-138.24   	121.10   	 300.10		
-84.53   	-136.72   	122.30   	 289.93		
-83.31   	-134.89   	123.46   	 259.41		
-80.87   	-133.97   	124.50   	 223.80		
-77.82   	-134.58   	125.39   	 157.68		
-74.77   	-137.63   	126.02   	  91.56		
-72.33   	-141.30   	126.39   	  -5.09		
-70.19   	-143.43   	126.37   	-111.90		
-68.66   	-142.82   	125.92   	-208.54		
-67.14   	-139.47   	125.09   	-300.10		
-65.61   	-136.11   	123.89   	-340.79		
-64.09   	-133.97   	122.52   	-320.45		
-62.56   	-133.67   	121.24   	-259.41		
-60.73   	-134.28   	120.20   	-178.03		
-58.59   	-134.58   	119.49   	 -96.64		
-56.15   	-133.67   	119.10   	 -50.86		
-54.02   	-131.84   	118.90   	 -20.35		
-52.49   	-129.39   	118.82   	   0.00		
-51.27   	-126.65   	118.82   	  15.26		
-50.96   	-124.21   	118.88   	  40.69		
-51.88   	-122.38   	119.04   	  71.21		
-53.10   	-120.85   	119.33   	  96.64		
-54.63   	-119.63   	119.71   	 111.90		
-54.93   	-118.71   	120.16   	 111.90		
-53.71   	-118.10   	120.61   	  91.56		
-52.19   	-117.80   	120.98   	  61.04		
-50.96   	-117.49   	121.22   	  25.43		
-50.35   	-116.58   	121.32   	 -15.26		
-51.27   	-115.05   	121.26   	 -66.12		
-52.49   	-113.53   	121.00   	-116.99		
-54.32   	-112.30   	120.53   	-167.85		
-55.85   	-111.69   	119.86   	-218.72		
-57.07   	-111.69   	118.98   	-254.32		
-57.37   	-111.08   	117.96   	-269.58		
-57.07   	-109.86   	116.89   	-274.67		
-56.46   	-108.34   	115.79   	-249.24		
-55.85   	-107.12   	114.79   	-223.80		
-55.85   	-106.51   	113.90   	-198.37		
-56.46   	-106.51   	113.10   	-162.77		
-57.98   	-106.51   	112.45   	-116.99		
-59.51   	-106.20   	111.98   	 -61.04		
-60.73   	-105.59   	111.74   	  -5.09		
-61.04   	-104.37   	111.72   	  40.69		
-58.59   	-101.62   	111.88   	  55.95		
-53.71   	-96.74   	112.11   	  40.69		
-46.08   	-88.81   	112.27   	  -5.09		
-37.54   	-79.65   	112.25   	 -45.78		
-29.60   	-71.41   	112.06   	 -66.12		
-23.19   	-64.39   	111.80   	  N/A		
