  I     	  II     	  LV     	  LV'		
-54.93   	-72.33   	  0.67   	  10.17		
-55.85   	-75.07   	  0.71   	  20.35		
-54.93   	-75.68   	  0.79   	  45.78		
-53.41   	-74.77   	  0.98   	  71.21		
-52.49   	-73.55   	  1.26   	  81.38		
-52.19   	-72.63   	  1.59   	 106.82		
-52.19   	-72.63   	  2.01   	 111.90		
-51.88   	-72.63   	  2.46   	 122.07		
-51.57   	-72.94   	  2.95   	 127.16		
-51.88   	-72.94   	  3.46   	 127.16		
-52.80   	-72.94   	  3.97   	 122.07		
-53.71   	-72.94   	  4.46   	 116.99		
-54.32   	-72.63   	  4.92   	 111.90		
-54.93   	-72.63   	  5.37   	 111.90		
-54.93   	-72.63   	  5.82   	  96.64		
-54.32   	-72.63   	  6.21   	  96.64		
-53.10   	-72.33   	  6.59   	  81.38		
-51.27   	-71.41   	  6.92   	  66.12		
-49.74   	-70.80   	  7.18   	  55.95		
-50.35   	-71.11   	  7.41   	  40.69		
-52.80   	-72.63   	  7.57   	  30.52		
-55.54   	-74.77   	  7.69   	  15.26		
-56.46   	-76.90   	  7.75   	  10.17		
-55.54   	-77.82   	  7.79   	   0.00		
-53.71   	-78.13   	  7.79   	   0.00		
-52.19   	-77.82   	  7.79   	  -5.09		
-52.19   	-77.51   	  7.77   	 -10.17		
-52.49   	-76.90   	  7.73   	 -10.17		
-52.49   	-75.99   	  7.69   	 -25.43		
-51.57   	-74.16   	  7.59   	 -30.52		
-50.05   	-72.63   	  7.47   	 -50.86		
-48.83   	-72.02   	  7.26   	 -71.21		
-49.13   	-72.94   	  6.98   	 -81.38		
-50.66   	-75.38   	  6.65   	 -91.56		
-52.80   	-77.51   	  6.29   	-101.73		
-54.32   	-78.74   	  5.88   	-101.73		
-54.02   	-78.43   	  5.47   	-101.73		
-51.88   	-75.99   	  5.07   	-101.73		
-48.83   	-72.02   	  4.66   	 -91.56		
-45.17   	-66.83   	  4.29   	 -81.38		
-41.20   	-60.12   	  3.97   	 -76.30		
-36.32   	-53.71   	  3.66   	 -61.04		
-31.74   	-49.13   	  3.42   	 -50.86		
-28.38   	-47.91   	  3.21   	 -30.52		
-27.16   	-49.13   	  3.09   	  -5.09		
-26.86   	-50.35   	  3.07   	  25.43		
-24.72   	-48.22   	  3.17   	  45.78		
-17.40   	-40.89   	  3.36   	  66.12		
 -4.27   	-27.77   	  3.62   	  86.47		
 11.60   	-10.38   	  3.97   	  91.56		
 24.41   	  9.16   	  4.33   	  86.47		
 30.21   	 26.55   	  4.68   	  86.47		
 28.99   	 37.54   	  5.03   	  71.21		
 24.11   	 38.45   	  5.31   	  66.12		
 20.45   	 31.74   	  5.57   	  66.12		
 19.53   	 21.67   	  5.84   	  71.21		
 19.84   	 12.82   	  6.12   	  76.30		
 16.78   	  6.10   	  6.43   	  86.47		
  8.24   	 -3.05   	  6.78   	  86.47		
 -6.41   	-18.31   	  7.12   	  86.47		
-24.72   	-39.37   	  7.47   	  86.47		
-42.72   	-60.42   	  7.81   	  76.30		
-56.46   	-75.38   	  8.12   	  66.12		
-63.17   	-80.57   	  8.38   	  61.04		
-63.48   	-78.43   	  8.63   	  45.78		
-60.42   	-74.46   	  8.81   	  40.69		
-58.59   	-73.55   	  8.97   	  40.69		
-60.12   	-76.29   	  9.14   	  30.52		
-64.09   	-81.18   	  9.26   	  35.61		
-67.75   	-84.84   	  9.40   	  35.61		
-69.58   	-85.75   	  9.54   	  35.61		
-68.36   	-83.92   	  9.68   	  30.52		
-65.61   	-80.87   	  9.81   	  25.43		
-63.17   	-78.43   	  9.91   	  30.52		
-62.26   	-77.51   	 10.03   	  20.35		
-63.48   	-79.35   	 10.11   	  25.43		
-65.31   	-85.14   	 10.21   	  20.35		
-62.87   	-96.13   	 10.29   	  25.43		
-46.39   	-113.22   	 10.40   	  20.35		
 -6.41   	-131.23   	 10.48   	  25.43		
 58.59   	-135.80   	 10.58   	  20.35		
139.16   	-109.25   	 10.66   	  15.26		
218.81   	-35.71   	 10.72   	  10.17		
287.78   	 94.91   	 10.76   	   0.00		
348.21   	283.81   	 10.76   	   5.09		
403.44   	523.38   	 10.78   	   0.00		
438.54(R)	773.01   	 10.78(E)	   5.09		
418.40   	953.98   	 10.80   	  20.35		
314.03   	984.80   	 10.89   	  30.52		
136.11   	834.05   	 11.01   	  45.78		
-57.68   	555.11   	 11.19   	  55.95		
-193.48   	263.98   	 11.41   	  66.12		
-231.32   	 60.12   	 11.68   	  71.21		
-188.90   	-38.15   	 11.96   	  76.30		
-120.24   	-77.21   	 12.27   	 101.73		
-73.24   	-105.59   	 12.68   	 127.16		
-62.87   	-130.00   	 13.18   	 172.94		
-73.24   	-130.62   	 13.88   	 239.06		
-82.40   	-98.57   	 14.83   	 310.27		
-79.65   	-58.59   	 16.07   	 386.57		
-69.27   	-43.33   	 17.62   	 473.04		
-59.51   	-61.34   	 19.51   	 544.25		
-54.93   	-92.16   	 21.69   	 620.55		
-54.93   	-110.17   	 24.17   	 681.58		
-56.15   	-108.34   	 26.90   	 737.54		
-55.54   	-96.74   	 29.85   	 788.40		
-53.10   	-88.50   	 33.00   	 818.92		
-49.74   	-87.89   	 36.28   	 829.09		
-46.39   	-91.86   	 39.59   	 829.09		
-44.86   	-95.83   	 42.91   	 808.75		
-44.86   	-97.66   	 46.14   	 778.23		
-45.47   	-96.74   	 49.26   	 742.62		
-45.78   	-94.60   	 52.23   	 701.93		
-44.86   	-92.16   	 55.04   	 666.32		
-42.11   	-89.42   	 57.70   	 640.89		
-39.37   	-86.06   	 60.26   	 625.63		
-37.23   	-82.09   	 62.77   	 605.29		
-36.01   	-78.13   	 65.19   	 590.03		
-34.79   	-74.77   	 67.55   	 574.77		
-33.57   	-72.63   	 69.85   	 559.51		
-31.43   	-70.80   	 72.09   	 544.25		
-28.99   	-68.36   	 74.26   	 523.90		
-26.25   	-65.31   	 76.36   	 503.56		
-23.50   	-61.65   	 78.37   	 488.30		
-21.06   	-58.29   	 80.33   	 467.95		
-19.23   	-56.76   	 82.20   	 452.69		
-18.62   	-56.76   	 84.01   	 432.35		
-18.31   	-57.37   	 85.74   	 412.00		
-16.78   	-57.07   	 87.39   	 391.66		
-12.51   	-55.24   	 88.95   	 361.14		
 -7.02   	-51.88   	 90.40   	 340.79		
 -1.83   	-48.83   	 91.76   	 315.36		
  1.22   	-46.69   	 93.02   	 300.10		
  2.75   	-45.17   	 94.22   	 279.75		
  4.88   	-42.72   	 95.34   	 259.41		
  9.46   	-39.06   	 96.38   	 244.15		
 16.48   	-35.10   	 97.35   	 218.72		
 24.11   	-31.43   	 98.23   	 198.37		
 30.82   	-28.08   	 99.02   	 178.03		
 36.93   	-24.72   	 99.74   	 162.77		
 43.64   	-19.84   	100.39   	 147.51		
 52.19   	-14.04   	100.98   	 142.42		
 62.56   	 -8.24   	101.55   	 137.33		
 73.55   	 -2.75   	102.10   	 132.25		
 83.62   	  2.75   	102.62   	 122.07		
 93.08   	  9.46   	103.11   	 116.99		
103.45   	 18.31   	103.58   	 111.90		
115.36   	 28.99   	104.03   	 101.73		
129.09   	 39.37   	104.43   	  91.56		
142.82   	 47.61   	104.80   	  81.38		
154.42   	 54.02   	105.13   	  81.38		
162.96   	 60.12   	105.45   	  66.12		
169.68   	 67.75   	105.72   	  66.12		
175.48   	 76.90   	105.98   	  50.86		
181.58   	 86.36   	106.18   	  50.86		
187.99   	 94.30   	106.39   	  40.69		
193.18   	 99.79   	106.55   	  40.69		
196.23   	103.76   	106.71   	  30.52		
197.45   	107.42   	106.84   	  30.52		
196.53   	111.69   	106.96   	  25.43		
193.18   	115.36   	107.06   	  20.35		
185.24   	116.27   	107.14   	  25.43		
172.12   	113.22   	107.24   	  20.35		
154.72   	107.12   	107.32   	  10.17		
134.58   	 98.57   	107.36   	  10.17		
114.44   	 88.81   	107.41(S)	  -5.09		
 95.21   	 77.82   	107.39   	 -10.17		
 75.99   	 64.39   	107.34   	 -20.35		
 56.46   	 48.83   	107.26   	 -25.43		
 36.93   	 32.35   	107.16   	 -35.61		
 17.70   	 16.48   	107.02   	 -35.61		
 -0.92   	  1.83   	106.88   	 -45.78		
-18.01   	-11.60   	106.69   	 -50.86		
-32.65   	-24.11   	106.49   	 -55.95		
-43.03   	-35.10   	106.27   	 -71.21		
-49.13   	-43.95   	105.98   	 -81.38		
-51.57   	-50.05   	105.66   	 -81.38		
-53.10   	-54.63   	105.33   	 -86.47		
-55.54   	-58.29   	104.98   	 -91.56		
-58.90   	-61.65   	104.62   	 -96.64		
-61.95   	-64.09   	104.23   	-101.73		
-63.78   	-65.31   	103.82   	-122.07		
-64.09   	-65.31   	103.34   	-152.59		
-64.39   	-65.00   	102.73   	-188.20		
-65.00   	-65.31   	101.97   	-228.89		
-67.14   	-66.22   	101.06   	-264.50		
-69.27   	-66.83   	100.00   	-300.10		
-70.80   	-65.61   	 98.80   	-345.88		
-70.50   	-62.56   	 97.42   	-401.83		
-69.58   	-59.20   	 95.81   	-478.13		
-68.97   	-56.46   	 93.90   	-569.68		
-69.58   	-55.85   	 91.62   	-676.50		
-71.11   	-55.85   	 88.91   	-773.14		
-72.02   	-55.24   	 85.82   	-854.52		
-71.41   	-54.02   	 82.40   	-910.47		
-69.89   	-52.49   	 78.76   	-940.99		
-68.66   	-51.57   	 74.99   	-940.99		
-68.05   	-51.27   	 71.23   	-925.73		
-68.36   	-51.57   	 67.53   	-915.56		
-68.66   	-51.57   	 63.87   	-900.30		
-69.27   	-50.66   	 60.26   	-890.13		
-69.58   	-49.13   	 56.70   	-874.87		
-69.27   	-46.39   	 53.20   	-864.70		
-67.44   	-43.33   	 49.75   	-849.44		
-64.70   	-40.59   	 46.35   	-818.92		
-61.95   	-39.06   	 43.07   	-783.31		
-59.81   	-38.45   	 39.94   	-737.54		
-58.59   	-37.54   	 36.99   	-691.76		
-57.07   	-35.40   	 34.22   	-645.98		
-54.93   	-32.04   	 31.64   	-610.37		
-52.49   	-29.91   	 29.20   	-569.68		
-50.96   	-29.91   	 26.92   	-539.16		
-50.66   	-32.35   	 24.76   	-513.73		
-51.27   	-35.71   	 22.71   	-488.30		
-51.27   	-37.84   	 20.75   	-457.78		
-49.74   	-36.93   	 18.92   	-432.35		
-47.61   	-34.18   	 17.19   	-406.92		
-46.08   	-31.43   	 15.56   	-376.40		
-45.78   	-29.91   	 14.06   	-350.97		
-46.39   	-30.21   	 12.66   	-315.36		
-46.69   	-31.43   	 11.39   	-284.84		
-45.78   	-33.26   	 10.25   	-249.24		
-43.03   	-34.48   	  9.26   	-213.63		
-39.98   	-34.48   	  8.40   	-157.68		
-37.54   	-34.18   	  7.77   	 -96.64		
-37.23   	-33.57   	  7.39   	 -20.35		
-39.06   	-33.87   	  7.30   	  40.69		
-42.72   	-34.79   	  7.47   	  81.38		
-45.78   	-35.71   	  7.79   	  81.38		
-47.00   	-34.79   	  8.12   	  45.78		
-47.00   	-33.26   	  8.30   	 -25.43		
-46.39   	-32.04   	  8.20   	-111.90		
-46.69   	-32.96   	  7.75   	-183.11		
-47.30   	-35.71   	  7.02   	-239.06		
-47.61   	-39.37   	  6.06   	-254.32		
-46.39   	-41.50   	  5.05   	-228.89		
-44.25   	-41.81   	  4.13   	-183.11		
-42.72   	-41.81   	  3.40   	-111.90		
-43.03   	-42.11   	  2.95   	 -55.95		
-45.17   	-43.95   	  2.73(D)	   5.09		
-47.61   	-46.08   	  2.75   	  35.61		
-48.83   	-47.61   	  2.89   	  55.95		
-48.22   	-47.30   	  3.11   	  61.04		
-46.39   	-46.08   	  3.36   	  50.86		
-44.86   	-45.78   	  3.56   	  40.69		
-45.17   	-47.00   	  3.72   	  35.61		
-46.39   	-50.66   	  3.87   	  25.43		
-47.30   	-55.24   	  3.97   	  25.43		
-47.61   	-60.12   	  4.07   	  25.43		
-46.69   	-64.09   	  4.17   	  25.43		
-45.47   	-66.83   	  4.27   	  25.43		
-44.56   	-68.97   	  4.37   	  30.52		
-44.25   	-71.11   	  4.50   	  30.52		
-44.25   	-72.94   	  4.62   	  40.69		
-44.56   	-74.77   	  4.78   	  40.69		
-45.17   	-77.51   	  4.94   	  50.86		
-45.78   	-79.96   	  5.15   	  55.95		
-46.69   	-81.48   	  5.37   	  50.86		
-47.61   	-82.09   	  5.57   	  55.95		
-47.91   	-81.18   	  5.80   	  40.69		
-47.30   	-79.96   	  5.96   	  35.61		
-46.08   	-78.74   	  6.10   	  25.43		
-44.25   	-78.43   	  6.21   	  20.35		
-42.72   	-78.74   	  6.29   	  10.17		
-42.11   	-79.04   	  6.33   	  10.17		
-43.03   	-78.74   	  6.37   	  15.26		
-45.17   	-77.82   	  6.43   	  20.35		
-47.61   	-76.90   	  6.51   	  25.43		
-48.83   	-76.60   	  6.61   	  35.61		
-47.91   	-76.90   	  6.75   	  30.52		
-45.47   	-77.51   	  6.88   	  35.61		
-42.42   	-77.82   	  7.02   	  25.43		
-39.67   	-76.60   	  7.12   	  20.35		
-37.54   	-73.85   	  7.20   	  15.26		
-36.62   	-70.19   	  7.26   	   5.09		
-35.71   	-65.31   	  7.28   	  10.17		
-34.18   	-59.81   	  7.32   	  10.17		
-31.43   	-54.32   	  7.37   	  10.17		
-26.86   	-49.74   	  7.41   	  20.35		
-21.36   	-46.69   	  7.49   	  20.35		
-16.48   	-45.47   	  7.57   	  30.52		
-13.43   	-45.17   	  7.69   	  30.52		
-11.90   	-44.56   	  7.81   	  30.52		
 -9.46   	-42.42   	  7.93   	  35.61		
 -3.36   	-36.93   	  8.08   	  30.52		
  7.32   	-26.25   	  8.20   	  30.52		
 20.75   	 -9.77   	  8.32   	  35.61		
 32.35   	  9.46   	  8.46   	  30.52		
 39.37   	 25.63   	  8.59   	  35.61		
 41.20   	 31.74   	  8.73   	  35.61		
 40.89   	 25.33   	  8.87   	  35.61		
 41.20   	 10.07   	  9.01   	  35.61		
 43.03   	 -5.49   	  9.16   	  30.52		
 43.95   	-16.48   	  9.28   	  30.52		
 40.59   	-21.97   	  9.40   	  25.43		
 31.13   	-27.16   	  9.50   	  20.35		
 16.17   	-36.93   	  9.58   	  15.26		
 -2.14   	-51.27   	  9.64   	  20.35		
-20.75   	-67.14   	  9.73   	  15.26		
-35.71   	-78.74   	  9.79   	  10.17		
-43.95   	-83.31   	  9.83   	  15.26		
-45.47   	-82.40   	  9.89   	  15.26		
-43.33   	-80.57   	  9.95   	  15.26		
-41.20   	-80.57   	 10.01   	  15.26		
-41.81   	-83.01   	 10.07   	  15.26		
-45.17   	-86.06   	 10.13   	  20.35		
-48.83   	-86.98   	 10.21   	  20.35		
-50.35   	-85.14   	 10.29   	  20.35		
-49.74   	-81.18   	 10.38   	  25.43		
-48.83   	-78.13   	 10.48   	  30.52		
-48.83   	-76.90   	 10.60   	  40.69		
-50.35   	-77.82   	 10.76   	  40.69		
-52.49   	-80.57   	 10.93   	  45.78		
-53.10   	-85.75   	 11.11   	  55.95		
-45.47   	-95.83   	 11.33   	  66.12		
-20.75   	-110.78   	 11.60   	  66.12		
 27.77   	-122.38   	 11.86   	  66.12		
 97.35   	-116.27   	 12.13   	  71.21		
175.17   	-74.77   	 12.41   	  66.12		
246.28   	 17.09   	 12.68   	  61.04		
306.09   	167.24   	 12.92   	  61.04		
360.72   	375.98   	 13.16   	  50.86		
409.85   	627.14   	 13.37   	  50.86		
431.82(R)	864.87   	 13.57(E)	  50.86		
390.01   	1002.50   	 13.77   	  50.86		
265.50   	969.54   	 13.98   	  55.95		
 83.62   	762.63   	 14.20   	  66.12		
-89.72   	463.26   	 14.47   	  76.30		
-189.51   	192.87   	 14.77   	  96.64		
-195.01   	 27.47   	 15.16   	 111.90		
-139.47   	-40.89   	 15.61   	 142.42		
-76.60   	-68.05   	 16.17   	 178.03		
-44.25   	-92.77   	 16.89   	 218.72		
-45.47   	-112.30   	 17.76   	 264.50		
-60.42   	-105.90   	 18.82   	 320.45		
-68.05   	-73.85   	 20.10   	 381.48		
-63.17   	-43.33   	 21.63   	 442.52		
-51.57   	-39.67   	 23.40   	 513.73		
-42.11   	-61.04   	 25.45   	 579.86		
-38.76   	-86.06   	 27.77   	 645.98		
-39.67   	-96.13   	 30.36   	 707.02		
-41.20   	-91.55   	 33.18   	 747.71		
-40.59   	-83.62   	 36.17   	 783.31		
-38.45   	-80.26   	 39.31   	 793.49		
-36.93   	-82.40   	 42.48   	 788.40		
-37.23   	-86.06   	 45.64   	 762.97		
-38.76   	-88.20   	 48.69   	 732.45		
-39.37   	-87.59   	 51.62   	 696.84		
-37.54   	-84.53   	 54.40   	 666.32		
-33.87   	-80.87   	 57.07   	 635.81		
-30.82   	-77.82   	 59.61   	 610.37		
-29.30   	-76.29   	 62.05   	 600.20		
-29.30   	-76.29   	 64.46   	 584.94		
-29.60   	-76.29   	 66.80   	 574.77		
-28.69   	-75.68   	 69.09   	 559.51		
-26.55   	-73.85   	 71.33   	 544.25		
-23.50   	-71.11   	 73.51   	 523.90		
-19.84   	-67.14   	 75.60   	 503.56		
-17.09   	-62.56   	 77.62   	 478.13		
-15.56   	-59.20   	 79.53   	 457.78		
-14.95   	-57.07   	 81.36   	 437.43		
-14.34   	-56.46   	 83.11   	 422.18		
-13.12   	-55.85   	 84.80   	 406.92		
-10.07   	-54.32   	 86.43   	 391.66		
 -5.49   	-51.27   	 88.00   	 371.31		
 -0.31   	-47.30   	 89.48   	 361.14		
  3.66   	-43.64   	 90.93   	 340.79		
  5.80   	-40.89   	 92.29   	 320.45		
  6.41   	-39.37   	 93.57   	 310.27		
  7.02   	-38.76   	 94.81   	 289.93		
  9.77   	-38.15   	 95.97   	 269.58		
 16.48   	-36.01   	 97.05   	 249.24		
 25.33   	-31.74   	 98.05   	 239.06		
 34.18   	-26.55   	 99.00   	 218.72		
 41.20   	-21.36   	 99.88   	 203.46		
 45.78   	-16.78   	100.69   	 198.37		
 50.35   	-12.82   	101.48   	 183.11		
 56.76   	 -8.24   	102.22   	 183.11		
 65.61   	 -2.14   	102.95   	 172.94		
 75.99   	  4.88   	103.64   	 162.77		
 86.98   	 12.82   	104.29   	 152.59		
 98.57   	 20.45   	104.90   	 137.33		
110.17   	 28.38   	105.45   	 122.07		
122.07   	 36.62   	105.94   	 116.99		
133.67   	 45.17   	106.41   	 101.73		
144.35   	 53.71   	106.82   	 101.73		
154.72   	 61.34   	107.22   	  86.47		
164.18   	 68.66   	107.57   	  91.56		
173.34   	 76.29   	107.93   	  81.38		
182.19   	 84.53   	108.26   	  81.38		
190.12   	 93.69   	108.59   	  76.30		
196.84   	102.54   	108.89   	  71.21		
202.03   	109.86   	109.18   	  66.12		
204.77   	115.66   	109.44   	  61.04		
205.69   	120.54   	109.68   	  55.95		
204.77   	125.12   	109.91   	  55.95		
201.72   	128.78   	110.13   	  45.78		
195.92   	130.92   	110.31   	  40.69		
186.77   	130.31   	110.48   	  35.61		
174.56   	126.95   	110.62   	  25.43		
158.69   	120.85   	110.72   	  25.43		
140.69   	112.61   	110.82   	  20.35		
120.54   	101.93   	110.90   	  15.26		
 99.49   	 89.11   	110.97   	  10.17		
 78.13   	 73.55   	111.01(S)	   0.00		
 57.37   	 56.76   	111.01   	   0.00		
 37.54   	 39.37   	111.01   	 -10.17		
 20.14   	 22.58   	110.97   	 -20.35		
  5.19   	  7.63   	110.88   	 -20.35		
 -7.32   	 -5.49   	110.80   	 -30.52		
-18.31   	-17.40   	110.68   	 -40.69		
-27.77   	-28.38   	110.52   	 -40.69		
-36.01   	-37.54   	110.36   	 -55.95		
-42.72   	-44.25   	110.13   	 -66.12		
-47.91   	-49.44   	109.87   	 -76.30		
-52.19   	-53.10   	109.56   	 -91.56		
-54.93   	-56.15   	109.20   	-111.90		
-56.46   	-58.59   	108.75   	-132.25		
-56.46   	-59.81   	108.22   	-152.59		
-55.85   	-59.51   	107.61   	-183.11		
-54.93   	-58.29   	106.88   	-213.63		
-54.63   	-57.68   	106.02   	-249.24		
-55.24   	-58.29   	105.03   	-284.84		
-56.46   	-59.51   	103.89   	-320.45		
-58.29   	-60.42   	102.60   	-361.14		
-60.42   	-60.42   	101.16   	-401.83		
-61.04   	-59.51   	 99.55   	-473.04		
-59.51   	-57.37   	 97.66   	-549.34		
-56.76   	-54.93   	 95.46   	-651.07		
-54.32   	-52.80   	 92.86   	-752.79		
-53.71   	-51.27   	 89.85   	-834.18		
-55.24   	-50.35   	 86.51   	-900.30		
-56.46   	-50.05   	 82.91   	-930.82		
-56.15   	-49.13   	 79.19   	-940.99		
-54.63   	-47.91   	 75.42   	-935.91		
-53.71   	-47.00   	 71.68   	-915.56		
-53.71   	-46.69   	 68.02   	-905.39		
-54.63   	-46.69   	 64.39   	-890.13		
-55.24   	-46.08   	 60.83   	-890.13		
-54.63   	-44.86   	 57.27   	-879.96		
-53.71   	-42.72   	 53.75   	-874.87		
-53.41   	-41.50   	 50.25   	-854.52		
-53.41   	-40.59   	 46.84   	-824.00		
-53.41   	-39.67   	 43.54   	-778.23		
-52.80   	-38.45   	 40.43   	-732.45		
-51.57   	-36.32   	 37.50   	-686.67		
-50.35   	-33.87   	 34.75   	-635.81		
-49.44   	-32.35   	 32.21   	-595.11		
-48.52   	-31.74   	 29.83   	-559.51		
-47.30   	-31.43   	 27.59   	-534.08		
-44.86   	-30.82   	 25.45   	-498.47		
-41.20   	-29.30   	 23.46   	-478.13		
-37.84   	-28.08   	 21.55   	-442.52		
-36.01   	-27.77   	 19.78   	-412.00		
-36.62   	-28.99   	 18.13   	-376.40		
-38.15   	-30.82   	 16.62   	-335.71		
-38.76   	-32.65   	 15.28   	-300.10		
-38.15   	-33.87   	 14.08   	-264.50		
-36.93   	-34.79   	 13.02   	-244.15		
-36.01   	-35.71   	 12.04   	-213.63		
-35.40   	-37.23   	 11.19   	-198.37		
-34.79   	-38.76   	 10.40   	-183.11		
-34.18   	-39.98   	  9.66   	-162.77		
-33.87   	-40.89   	  9.01   	-142.42		
-34.79   	-41.20   	  8.44   	-122.07		
-36.62   	-40.89   	  7.96   	-106.82		
-39.06   	-41.20   	  7.53   	 -81.38		
-41.81   	-43.03   	  7.20   	 -66.12		
-43.33   	-45.47   	  6.94   	 -50.86		
-43.33   	-47.91   	  6.73   	 -35.61		
-40.89   	-48.83   	  6.59   	 -25.43		
-36.93   	-47.91   	  6.49   	 -20.35		
-34.18   	-47.00   	  6.41   	 -10.17		
-33.87   	-47.30   	  6.37   	  -5.09		
-36.32   	-49.44   	  6.35(D)	   0.00		
-39.98   	-52.49   	  6.35   	   5.09		
-43.33   	-54.93   	  6.37   	  10.17		
-44.56   	-56.15   	  6.41   	  15.26		
-43.03   	-56.15   	  6.47   	  20.35		
-40.59   	-55.54   	  6.55   	  20.35		
-38.76   	-55.24   	  6.63   	  20.35		
-38.76   	-55.24   	  6.71   	  20.35		
-40.28   	-55.24   	  6.80   	  20.35		
-42.42   	-55.24   	  6.88   	  20.35		
-43.33   	-55.54   	  6.96   	  25.43		
-43.03   	-56.46   	  7.06   	  25.43		
-42.72   	-58.29   	  7.16   	  30.52		
-43.33   	-59.81   	  7.28   	  25.43		
-44.86   	-61.04   	  7.39   	  30.52		
-46.39   	-60.73   	  7.51   	  25.43		
-46.08   	-59.20   	  7.61   	  20.35		
-43.95   	-57.37   	  7.69   	  20.35		
-41.20   	-55.85   	  7.77   	  15.26		
-39.98   	-55.24   	  7.83   	  15.26		
-40.28   	-55.54   	  7.89   	  15.26		
-40.89   	-55.85   	  7.96   	  10.17		
-41.81   	-55.85   	  8.00   	  20.35		
-41.81   	-55.85   	  8.08   	  15.26		
-41.50   	-55.54   	  8.14   	  20.35		
-40.89   	-54.93   	  8.22   	  25.43		
-40.89   	-54.32   	  8.32   	  20.35		
-41.50   	-54.02   	  8.40   	  15.26		
-43.03   	-54.32   	  8.46   	  15.26		
-44.56   	-54.93   	  8.52   	  10.17		
-45.78   	-55.54   	  8.57   	  10.17		
-45.17   	-55.85   	  8.61   	  10.17		
-44.25   	-56.15   	  8.65   	   5.09		
-43.33   	-56.76   	  8.67   	  10.17		
-43.33   	-57.37   	  8.71   	  10.17		
-43.33   	-57.07   	  8.75   	  15.26		
-42.11   	-55.54   	  8.81   	  10.17		
-40.28   	-53.10   	  8.85   	  15.26		
-38.15   	-50.96   	  8.91   	  10.17		
-37.54   	-50.35   	  8.95   	  15.26		
-38.45   	-50.66   	  9.01   	   5.09		
-40.28   	-51.88   	  9.03   	   5.09		
-41.81   	-52.80   	  9.05   	   5.09		
-42.42   	-53.10   	  9.07   	   0.00		
-41.20   	-52.80   	  9.07   	   5.09		
-39.06   	-51.88   	  9.09   	   5.09		
-36.62   	-50.35   	  9.11   	  10.17		
-34.18   	-47.30   	  9.16   	  15.26		
-31.43   	-42.42   	  9.22   	  10.17		
-26.86   	-35.40   	  9.26   	  15.26		
-20.14   	-27.77   	  9.32   	  15.26		
-12.82   	-21.97   	  9.38   	  15.26		
 -7.93   	-19.53   	  9.44   	  15.26		
 -7.32   	-20.45   	  9.50   	  15.26		
 -9.46   	-22.28   	  9.56   	  15.26		
-10.38   	-21.06   	  9.62   	  10.17		
 -5.19   	-13.73   	  9.66   	  10.17		
  7.32   	  0.00   	  9.70   	  10.17		
 22.89   	 18.92   	  9.75   	  10.17		
 35.10   	 38.45   	  9.79   	  10.17		
 39.67   	 53.41   	  9.83   	  10.17		
 37.54   	 60.12   	  9.87   	  10.17		
 32.96   	 57.07   	  9.91   	  10.17		
 29.91   	 47.61   	  9.95   	  10.17		
 29.30   	 36.32   	  9.99   	   5.09		
 28.69   	 26.25   	 10.01   	  10.17		
 24.41   	 17.09   	 10.05   	  10.17		
 14.65   	  6.10   	 10.09   	  10.17		
  0.00   	 -8.24   	 10.13   	  10.17		
-16.48   	-25.02   	 10.17   	  10.17		
-32.96   	-40.89   	 10.21   	  10.17		
-46.39   	-51.88   	 10.25   	  15.26		
-53.41   	-57.37   	 10.32   	  10.17		
-54.32   	-58.29   	 10.36   	  15.26		
-51.27   	-58.29   	 10.42   	  20.35		
-47.61   	-59.20   	 10.50   	  20.35		
-46.69   	-61.95   	 10.58   	  25.43		
-49.44   	-65.00   	 10.68   	  25.43		
-53.10   	-66.53   	 10.78   	  30.52		
-55.54   	-65.92   	 10.91   	  30.52		
-55.85   	-64.09   	 11.03   	  35.61		
-55.24   	-62.26   	 11.17   	  40.69		
-54.63   	-61.04   	 11.33   	  50.86		
-55.54   	-61.65   	 11.54   	  50.86		
-57.07   	-64.70   	 11.74   	  55.95		
-56.76   	-71.11   	 11.96   	  61.04		
-46.69   	-82.09   	 12.21   	  66.12		
-16.17   	-95.52   	 12.47   	  66.12		
 39.98   	-101.93   	 12.74   	  66.12		
114.75   	-87.59   	 13.00   	  66.12		
192.57   	-36.32   	 13.27   	  66.12		
261.54   	 65.31   	 13.53   	  66.12		
321.96   	226.14   	 13.79   	  66.12		
382.69   	447.08   	 14.06   	  55.95		
437.01   	704.04   	 14.28   	  61.04		
451.66(R)	928.34   	 14.53(E)	  55.95		
387.88   	1031.49   	 14.75   	  55.95		
236.21   	956.42   	 14.97   	  55.95		
 40.59   	722.96   	 15.20   	  66.12		
-122.99   	428.16   	 15.46   	  76.30		
-197.14   	185.24   	 15.77   	  91.56		
-180.97   	 46.39   	 16.13   	 116.99		
-120.85   	-14.04   	 16.60   	 147.51		
-71.11   	-46.39   	 17.19   	 183.11		
-56.46   	-74.16   	 17.92   	 233.98		
-67.44   	-85.45   	 18.86   	 284.84		
-79.65   	-67.14   	 20.00   	 345.88		
-78.43   	-32.65   	 21.38   	 412.00		
-65.92   	-12.51   	 23.03   	 478.13		
-52.80   	-23.19   	 24.94   	 554.42		
-46.39   	-52.80   	 27.16   	 620.55		
-47.00   	-77.21   	 29.64   	 681.58		
-49.74   	-83.01   	 32.37   	 732.45		
-50.05   	-76.29   	 35.30   	 762.97		
-47.00   	-68.97   	 38.35   	 773.14		
-42.42   	-67.14   	 41.44   	 768.05		
-39.98   	-69.27   	 44.52   	 737.54		
-40.59   	-72.02   	 47.47   	 707.02		
-43.03   	-72.63   	 50.29   	 671.41		
-45.17   	-71.41   	 52.98   	 635.81		
-45.17   	-69.58   	 55.52   	 615.46		
-42.72   	-67.75   	 57.99   	 595.11		
-39.06   	-67.14   	 60.37   	 574.77		
-35.40   	-66.53   	 62.67   	 569.68		
-32.35   	-65.00   	 64.94   	 549.34		
-30.21   	-62.56   	 67.14   	 539.16		
-28.99   	-60.42   	 69.30   	 518.82		
-27.77   	-58.59   	 71.37   	 508.65		
-25.94   	-57.68   	 73.41   	 483.21		
-24.11   	-57.07   	 75.34   	 473.04		
-21.97   	-56.15   	 77.23   	 462.87		
-19.84   	-54.63   	 79.08   	 447.61		
-18.92   	-52.80   	 80.87   	 432.35		
-18.62   	-51.88   	 82.60   	 422.18		
-18.01   	-50.96   	 84.29   	 406.92		
-16.17   	-50.35   	 85.92   	 381.48		
-12.51   	-49.44   	 87.45   	 366.22		
 -8.24   	-47.91   	 88.91   	 345.88		
 -4.58   	-46.08   	 90.29   	 330.62		
 -2.44   	-44.56   	 91.62   	 305.19		
 -1.22   	-43.33   	 92.84   	 289.93		
  1.22   	-42.11   	 94.00   	 269.58		
  5.49   	-40.28   	 95.08   	 249.24		
 11.90   	-37.54   	 96.07   	 244.15		
 18.31   	-34.18   	 97.05   	 228.89		
 23.80   	-29.91   	 97.97   	 223.80		
 28.38   	-25.94   	 98.86   	 223.80		
 32.96   	-21.67   	 99.76   	 218.72		
 38.76   	-17.40   	100.63   	 213.63		
 47.30   	-12.21   	101.48   	 198.37		
 57.98   	 -6.41   	102.28   	 183.11		
 70.19   	  0.00   	103.01   	 167.85		
 82.40   	  6.10   	103.68   	 142.42		
 93.38   	 12.51   	104.25   	 132.25		
103.45   	 19.84   	104.78   	 111.90		
113.53   	 28.38   	105.23   	  96.64		
125.12   	 38.45   	105.62   	  91.56		
137.94   	 49.13   	105.98   	  81.38		
151.37   	 58.90   	106.31   	  71.21		
163.27   	 67.44   	106.59   	  66.12		
172.73   	 75.38   	106.86   	  61.04		
180.05   	 83.01   	107.10   	  50.86		
186.16   	 90.94   	107.30   	  40.69		
191.65   	 98.88   	107.47   	  40.69		
196.23   	106.20   	107.63   	  30.52		
198.97   	113.22   	107.75   	  35.61		
200.20   	120.24   	107.89   	  35.61		
199.28   	126.04   	108.04   	  30.52		
195.92   	130.31   	108.16   	  35.61		
189.21   	132.14   	108.30   	  30.52		
178.83   	130.92   	108.42   	  25.43		
164.79   	126.95   	108.52   	  20.35		
147.09   	120.24   	108.61   	  20.35		
127.56   	111.39   	108.69   	  15.26		
107.73   	101.01   	108.75   	  10.17		
 88.50   	 89.42   	108.79   	   5.09		
 68.97   	 76.29   	108.81(S)	   0.00		
 49.13   	 62.26   	108.81   	  -5.09		
 29.60   	 47.61   	108.79   	 -15.26		
 10.99   	 32.96   	108.73   	 -20.35		
 -4.58   	 18.92   	108.65   	 -30.52		
-17.40   	  6.10   	108.52   	 -35.61		
-28.38   	 -5.49   	108.38   	 -45.78		
-38.45   	-15.56   	108.20   	 -55.95		
-47.30   	-23.80   	107.98   	 -55.95		
-54.02   	-29.30   	107.75   	 -71.21		
-57.37   	-32.96   	107.47   	 -76.30		
-58.29   	-35.40   	107.16   	 -91.56		
-58.90   	-37.84   	106.80   	-111.90		
-60.42   	-41.20   	106.35   	-127.16		
-62.56   	-44.86   	105.84   	-152.59		
-64.70   	-47.00   	105.23   	-183.11		
-65.92   	-47.61   	104.50   	-213.63		
-65.92   	-46.08   	103.64   	-239.06		
-65.31   	-44.86   	102.69   	-259.41		
-64.70   	-44.56   	101.65   	-284.84		
-65.00   	-44.86   	100.51   	-320.45		
-64.70   	-44.86   	 99.23   	-376.40		
-64.70   	-43.95   	 97.72   	-457.78		
-64.70   	-42.11   	 95.89   	-564.60		
-65.61   	-40.59   	 93.63   	-691.76		
-67.44   	-39.98   	 90.86   	-803.66		
-68.97   	-39.37   	 87.65   	-900.30		
-69.89   	-38.15   	 84.05   	-961.34		
-69.27   	-36.32   	 80.20   	-981.68		
-68.36   	-35.10   	 76.28   	-981.68		
-68.36   	-34.79   	 72.35   	-956.25		
-69.27   	-36.01   	 68.52   	-930.82		
-70.19   	-36.93   	 64.80   	-915.56		
-69.89   	-36.01   	 61.14   	-905.39		
-68.05   	-32.65   	 57.52   	-900.30		
-65.61   	-27.77   	 53.92   	-895.22		
-63.78   	-23.80   	 50.34   	-885.04		
-62.87   	-22.28   	 46.80   	-864.70		
-63.17   	-22.89   	 43.34   	-824.00		
-63.48   	-24.41   	 40.04   	-778.23		
-63.17   	-24.72   	 36.93   	-727.36		
-61.95   	-22.58   	 34.02   	-676.50		
-60.42   	-18.92   	 31.31   	-625.63		
-58.90   	-15.56   	 28.81   	-584.94		
-58.29   	-13.43   	 26.47   	-554.42		
-57.68   	-12.51   	 24.25   	-528.99		
-55.54   	-12.21   	 22.14   	-498.47		
-51.88   	-11.60   	 20.14   	-478.13		
-47.30   	-11.29   	 18.23   	-442.52		
-44.56   	-11.29   	 16.46   	-406.92		
-44.86   	-11.90   	 14.83   	-371.31		
-47.61   	-12.82   	 13.35   	-330.62		
-50.96   	-13.43   	 12.02   	-295.01		
-52.49   	-13.73   	 10.84   	-269.58		
-51.88   	-14.34   	  9.77   	-233.98		
-49.44   	-15.56   	  8.83   	-218.72		
-47.61   	-17.40   	  7.96   	-193.29		
-46.69   	-20.14   	  7.18   	-178.03		
-46.39   	-22.58   	  6.47   	-157.68		
-45.47   	-23.80   	  5.84   	-132.25		
-44.25   	-23.80   	  5.31   	-111.90		
-43.64   	-23.80   	  4.86   	 -86.47		
-44.56   	-25.33   	  4.52   	 -71.21		
-47.00   	-28.08   	  4.23   	 -55.95		
-49.13   	-30.52   	  4.01   	 -35.61		
-49.74   	-31.43   	  3.87   	 -30.52		
-48.83   	-30.21   	  3.74   	 -25.43		
-47.61   	-28.08   	  3.64   	 -15.26		
-47.30   	-27.16   	  3.58   	 -15.26		
-47.30   	-27.47   	  3.52   	 -10.17		
-47.30   	-28.99   	  3.48(D)	   0.00		
-46.69   	-30.21   	  3.48   	   0.00		
-45.17   	-30.82   	  3.48   	   5.09		
-43.33   	-30.82   	  3.50   	  15.26		
-42.42   	-30.82   	  3.56   	  10.17		
-41.81   	-30.82   	  3.60   	  15.26		
-43.03   	-30.82   	  3.66   	  20.35		
-45.17   	-31.13   	  3.74   	  15.26		
-47.30   	-31.74   	  3.80   	  20.35		
-48.83   	-32.35   	  3.89   	  15.26		
-48.22   	-32.65   	  3.95   	  20.35		
-46.08   	-32.96   	  4.03   	  25.43		
-43.64   	-32.96   	  4.13   	  20.35		
-42.72   	-33.26   	  4.21   	  25.43		
-43.64   	-34.79   	  4.31   	  20.35		
-46.39   	-36.32   	  4.39   	  20.35		
-48.52   	-37.23   	  4.48   	  20.35		
-49.13   	-36.93   	  4.56   	  15.26		
-48.22   	-35.10   	  4.62   	  15.26		
-46.69   	-33.57   	  4.68   	  15.26		
-45.78   	-33.26   	  4.74   	  15.26		
-46.39   	-34.48   	  4.80   	  10.17		
-47.61   	-35.71   	  4.84   	  10.17		
-48.52   	-35.71   	  4.88   	  15.26		
-47.91   	-34.48   	  4.94   	  10.17		
-47.00   	-33.87   	  4.98   	  10.17		
-45.78   	-34.79   	  5.03   	  10.17		
-45.47   	-36.62   	  5.07   	   5.09		
-44.86   	-38.45   	  5.09   	  10.17		
-43.03   	-38.15   	  5.13   	  10.17		
-40.28   	-35.40   	  5.17   	  15.26		
-37.84   	-32.35   	  5.23   	  10.17		
-37.23   	-30.82   	  5.27   	  10.17		
-39.06   	-31.74   	  5.31   	  10.17		
-41.81   	-33.57   	  5.35   	  10.17		
-43.95   	-35.10   	  5.39   	  10.17		
-44.25   	-35.10   	  5.43   	  10.17		
-42.72   	-33.87   	  5.47   	  10.17		
-40.59   	-32.35   	  5.51   	  15.26		
-39.06   	-31.13   	  5.57   	  10.17		
-38.45   	-30.52   	  5.62   	  15.26		
-38.15   	-30.21   	  5.68   	  15.26		
-38.15   	-29.60   	  5.74   	  20.35		
-38.45   	-28.99   	  5.82   	  15.26		
-37.54   	-26.55   	  5.88   	  15.26		
-34.79   	-21.36   	  5.94   	  20.35		
-28.99   	-13.43   	  6.02   	  15.26		
-20.75   	 -5.49   	  6.08   	  15.26		
-13.43   	 -0.61   	  6.14   	  15.26		
 -9.16   	 -0.61   	  6.21   	  10.17		
 -8.85   	 -2.75   	  6.25   	  15.26		
 -9.16   	 -3.36   	  6.31   	  15.26		
 -5.80   	  0.92   	  6.37   	  10.17		
  3.66   	 11.29   	  6.41   	  15.26		
 16.78   	 26.25   	  6.47   	  10.17		
 29.30   	 43.64   	  6.51   	  15.26		
 36.93   	 60.42   	  6.57   	  10.17		
 38.45   	 72.63   	  6.61   	  10.17		
 36.32   	 76.90   	  6.65   	  15.26		
 33.26   	 72.94   	  6.71   	  10.17		
 31.13   	 64.09   	  6.75   	  10.17		
 29.60   	 54.63   	  6.80   	  10.17		
 26.86   	 46.69   	  6.84   	   5.09		
 20.45   	 37.54   	  6.86   	  10.17		
  7.93   	 24.41   	  6.90   	  15.26		
 -9.16   	  6.41   	  6.96   	  10.17		
-27.77   	-13.12   	  7.00   	  10.17		
-43.33   	-28.38   	  7.04   	  15.26		
-51.57   	-36.93   	  7.10   	  20.35		
-52.19   	-39.06   	  7.18   	  15.26		
-49.13   	-38.76   	  7.24   	  20.35		
-46.39   	-38.45   	  7.32   	  20.35		
-46.69   	-39.37   	  7.41   	  25.43		
-48.83   	-40.59   	  7.51   	  20.35		
-51.27   	-41.50   	  7.59   	  25.43		
-52.19   	-41.50   	  7.69   	  25.43		
-51.27   	-41.50   	  7.79   	  25.43		
-48.83   	-41.81   	  7.89   	  25.43		
-46.08   	-42.11   	  8.00   	  35.61		
-43.95   	-41.81   	  8.14   	  35.61		
-43.64   	-41.50   	  8.28   	  40.69		
-45.47   	-43.64   	  8.44   	  40.69		
-44.86   	-51.88   	  8.61   	  50.86		
-31.43   	-68.05   	  8.81   	  50.86		
  5.80   	-87.59   	  9.01   	  55.95		
 69.27   	-95.52   	  9.24   	  50.86		
149.23   	-73.24   	  9.44   	  50.86		
228.88   	 -3.66   	  9.64   	  45.78		
297.55   	124.21   	  9.83   	  45.78		
357.67   	312.81   	 10.01   	  40.69		
412.29   	554.20   	 10.17   	  40.69		
446.78(R)	808.41   	 10.34(E)	  35.61		
427.25   	994.87   	 10.48   	  45.78		
324.71   	1030.27   	 10.66   	  45.78		
148.93   	881.65   	 10.84   	  61.04		
-43.03   	600.59   	 11.09   	  66.12		
-178.53   	304.57   	 11.35   	  86.47		
-217.90   	 95.21   	 11.70   	 106.82		
-176.70   	 -4.58   	 12.13   	 127.16		
-108.03   	-42.11   	 12.63   	 162.77		
-58.90   	-67.44   	 13.29   	 193.29		
-45.47   	-90.94   	 14.06   	 239.06		
-54.93   	-92.47   	 15.02   	 289.93		
-65.00   	-62.56   	 16.17   	 345.88		
-64.09   	-22.58   	 17.56   	 401.83		
-54.02   	 -4.27   	 19.17   	 462.87		
-42.72   	-18.92   	 21.02   	 528.99		
-35.71   	-47.91   	 23.13   	 590.03		
-35.10   	-68.05   	 25.49   	 645.98		
-38.76   	-70.19   	 28.08   	 707.02		
-42.42   	-62.56   	 30.91   	 757.88		
-42.72   	-56.15   	 33.94   	 783.31		
-39.37   	-54.02   	 37.07   	 798.57		
-34.48   	-54.93   	 40.26   	 798.57		
-29.91   	-55.24   	 43.46   	 773.14		
-27.77   	-54.63   	 46.55   	 737.54		
-28.08   	-53.10   	 49.50   	 701.93		
-28.99   	-51.57   	 52.31   	 656.15		
-29.60   	-51.27   	 54.93   	 625.63		
-28.38   	-51.57   	 57.44   	 600.20		
-25.33   	-51.27   	 59.84   	 574.77		
-21.97   	-49.44   	 62.14   	 559.51		
-19.84   	-46.08   	 64.37   	 554.42		
-19.23   	-42.42   	 66.59   	 534.08		
-18.92   	-39.67   	 68.73   	 528.99		
-18.01   	-37.23   	 70.84   	 508.65		
-15.56   	-34.48   	 72.88   	 493.39		
-12.21   	-32.04   	 74.85   	 473.04		
 -9.16   	-29.60   	 76.74   	 462.87		
 -7.63   	-28.38   	 78.60   	 447.61		
 -6.71   	-27.77   	 80.39   	 427.26		
 -5.49   	-27.16   	 82.10   	 412.00		
 -3.36   	-25.33   	 83.74   	 391.66		
  0.31   	-22.28   	 85.31   	 376.40		
  4.88   	-19.23   	 86.82   	 350.97		
  9.46   	-16.78   	 88.22   	 335.71		
 13.43   	-14.95   	 89.56   	 315.36		
 16.17   	-13.43   	 90.82   	 295.01		
 18.92   	-10.99   	 92.00   	 284.84		
 22.58   	 -7.02   	 93.14   	 264.50		
 28.08   	 -2.75   	 94.20   	 249.24		
 34.79   	  1.53   	 95.20   	 233.98		
 41.81   	  4.27   	 96.13   	 213.63		
 47.91   	  5.80   	 96.99   	 198.37		
 53.71   	  7.32   	 97.78   	 188.20		
 60.42   	 10.07   	 98.53   	 172.94		
 68.36   	 15.56   	 99.23   	 167.85		
 77.51   	 22.58   	 99.90   	 157.68		
 87.28   	 29.60   	100.53   	 157.68		
 97.35   	 36.32   	101.16   	 142.42		
108.64   	 43.64   	101.73   	 137.33		
120.85   	 52.19   	102.28   	 122.07		
133.67   	 61.34   	102.77   	 111.90		
145.26   	 70.19   	103.21   	  96.64		
155.03   	 78.13   	103.60   	  81.38		
163.88   	 85.75   	103.93   	  76.30		
173.03   	 94.30   	104.23   	  66.12		
183.41   	104.06   	104.50   	  61.04		
193.79   	113.22   	104.74   	  61.04		
202.33   	120.24   	104.98   	  50.86		
207.52   	125.12   	105.19   	  40.69		
209.35   	129.70   	105.35   	  40.69		
209.35   	134.58   	105.51   	  35.61		
208.44   	140.69   	105.66   	  30.52		
206.91   	146.79   	105.78   	  25.43		
203.86   	151.98   	105.88   	  25.43		
197.75   	155.33   	105.98   	  20.35		
188.29   	155.94   	106.06   	  20.35		
174.56   	153.20   	106.14   	  15.26		
157.47   	146.18   	106.21   	  15.26		
137.33   	134.89   	106.27   	   5.09		
115.66   	120.85   	106.29(S)	   0.00		
 93.69   	105.59   	106.29   	  -5.09		
 72.33   	 90.33   	106.27   	 -10.17		
 51.57   	 74.77   	106.23   	 -15.26		
 32.35   	 58.90   	106.16   	 -25.43		
 15.56   	 43.03   	106.06   	 -25.43		
  2.14   	 28.08   	105.96   	 -30.52		
 -7.93   	 14.95   	105.84   	 -35.61		
-15.26   	  4.27   	105.70   	 -45.78		
-20.75   	 -4.58   	105.51   	 -50.86		
-26.55   	-12.21   	105.31   	 -61.04		
-32.96   	-18.92   	105.07   	 -76.30		
-39.06   	-24.41   	104.76   	 -86.47		
-43.95   	-28.08   	104.41   	-106.82		
-47.00   	-29.91   	103.99   	-127.16		
-47.61   	-30.52   	103.48   	-152.59		
-47.00   	-31.13   	102.87   	-188.20		
-46.39   	-32.04   	102.12   	-223.80		
-46.69   	-33.57   	101.22   	-259.41		
-47.61   	-35.71   	100.18   	-300.10		
-49.74   	-37.54   	 98.98   	-335.71		
-52.49   	-38.76   	 97.64   	-381.48		
-55.24   	-39.37   	 96.11   	-442.52		
-56.76   	-38.76   	 94.34   	-528.99		
-57.07   	-37.84   	 92.23   	-625.63		
-56.15   	-36.93   	 89.72   	-732.45		
-55.24   	-35.40   	 86.80   	-818.92		
-54.63   	-33.57   	 83.52   	-885.04		
-53.71   	-31.43   	 79.98   	-925.73		
-52.49   	-29.30   	 76.28   	-935.91		
-50.96   	-28.08   	 72.53   	-925.73		
-50.66   	-27.77   	 68.83   	-910.47		
-51.88   	-28.08   	 65.19   	-890.13		
-53.41   	-27.77   	 61.63   	-874.87		
-54.02   	-25.63   	 58.13   	-869.78		
-51.88   	-22.28   	 54.65   	-864.70		
-47.91   	-18.62   	 51.19   	-859.61		
-43.64   	-15.87   	 47.75   	-844.35		
-40.28   	-14.34   	 44.37   	-818.92		
-37.84   	-14.04   	 41.10   	-793.49		
-36.93   	-14.04   	 37.92   	-742.62		
-37.23   	-13.73   	 34.95   	-707.02		
-38.15   	-12.51   	 32.13   	-656.15		
-39.37   	-10.38   	 29.50   	-610.37		
-39.37   	 -6.71   	 27.06   	-579.86		
-36.93   	 -1.83   	 24.74   	-539.16		
-31.74   	  3.66   	 22.58   	-508.65		
-25.63   	  8.24   	 20.55   	-478.13		
-21.36   	 10.38   	 18.64   	-447.61		
-20.75   	  9.77   	 16.85   	-406.92		
-22.58   	  6.71   	 15.22   	-376.40		
-24.72   	  2.75   	 13.71   	-335.71		
-25.02   	  0.31   	 12.37   	-300.10		
-23.80   	  0.61   	 11.17   	-269.58		
-22.58   	  2.75   	 10.09   	-228.89		
-22.58   	  4.88   	  9.18   	-208.54		
-23.80   	  5.19   	  8.34   	-178.03		
-25.33   	  3.36   	  7.63   	-157.68		
-26.55   	  0.31   	  7.00   	-137.33		
-27.47   	 -3.05   	  6.45   	-122.07		
-28.38   	 -5.19   	  5.96   	-101.73		
-29.30   	 -5.49   	  5.55   	 -86.47		
-29.60   	 -4.88   	  5.21   	 -71.21		
-28.99   	 -4.27   	  4.92   	 -55.95		
-28.69   	 -4.88   	  4.70   	 -40.69		
-28.99   	 -6.41   	  4.54   	 -30.52		
-30.52   	 -8.85   	  4.42   	 -20.35		
-32.04   	-11.60   	  4.33   	 -10.17		
-33.26   	-13.73   	  4.29   	  -5.09		
-34.18   	-15.56   	  4.27   	  -5.09		
-34.48   	-16.48   	  4.25(D)	   5.09		
-34.79   	-16.78   	  4.27   	  10.17		
-34.79   	-16.48   	  4.31   	  15.26		
-34.48   	-16.17   	  4.37   	  20.35		
-33.87   	-16.48   	  4.46   	  25.43		
-33.57   	-17.40   	  4.56   	  30.52		
-33.87   	-19.23   	  4.68   	  25.43		
-34.79   	-21.67   	  4.78   	  35.61		
-36.01   	-23.80   	  4.92   	  30.52		
-36.62   	-25.33   	  5.05   	  30.52		
-36.62   	-25.33   	  5.17   	  30.52		
-36.32   	-24.11   	  5.29   	  30.52		
-36.32   	-23.19   	  5.41   	  25.43		
-36.62   	-23.19   	  5.51   	  30.52		
-36.32   	-24.72   	  5.64   	  25.43		
-34.48   	-26.25   	  5.74   	  25.43		
-32.04   	-27.16   	  5.84   	  25.43		
-30.21   	-26.86   	  5.94   	  25.43		
-30.21   	-26.55   	  6.04   	  25.43		
-32.04   	-27.47   	  6.14   	  20.35		
-34.18   	-29.91   	  6.23   	  25.43		
-35.71   	-32.96   	  6.33   	  20.35		
-35.40   	-34.79   	  6.41   	  25.43		
-33.87   	-34.48   	  6.51   	  20.35		
-31.74   	-32.96   	  6.59   	  25.43		
-30.21   	-30.52   	  6.69   	  20.35		
-29.60   	-28.99   	  6.78   	  20.35		
-30.21   	-28.38   	  6.86   	  20.35		
-31.13   	-28.99   	  6.94   	  15.26		
-31.74   	-30.21   	  7.00   	  20.35		
-31.74   	-31.43   	  7.08   	  15.26		
-30.52   	-32.04   	  7.14   	  15.26		
-28.69   	-32.65   	  7.20   	  20.35		
-28.08   	-32.65   	  7.28   	  15.26		
-28.08   	-32.35   	  7.34   	  10.17		
-28.69   	-31.74   	  7.39   	  15.26		
-28.69   	-31.13   	  7.45   	  15.26		
-28.08   	-30.52   	  7.51   	  15.26		
-27.47   	-30.52   	  7.57   	  15.26		
-27.16   	-30.82   	  7.63   	  15.26		
-26.86   	-30.21   	  7.69   	  15.26		
-25.94   	-28.69   	  7.75   	  15.26		
-24.41   	-27.16   	  7.81   	  15.26		
-22.89   	-25.63   	  7.87   	  20.35		
-21.67   	-24.72   	  7.96   	  15.26		
-20.14   	-23.19   	  8.02   	  20.35		
-17.70   	-19.53   	  8.10   	  15.26		
-13.43   	-13.43   	  8.16   	  20.35		
 -7.93   	 -6.41   	  8.24   	  20.35		
 -2.44   	 -0.92   	  8.32   	  20.35		
  1.83   	  1.53   	  8.40   	  20.35		
  3.97   	  1.83   	  8.48   	  20.35		
  5.19   	  1.53   	  8.57   	  20.35		
  7.93   	  3.97   	  8.65   	  20.35		
 14.04   	 10.07   	  8.73   	  20.35		
 23.80   	 20.45   	  8.81   	  25.43		
 35.40   	 34.48   	  8.91   	  20.35		
 45.17   	 51.57   	  8.99   	  20.35		
 50.96   	 68.97   	  9.07   	  20.35		
 52.80   	 82.09   	  9.16   	  20.35		
 51.88   	 85.75   	  9.24   	  20.35		
 50.05   	 79.65   	  9.32   	  20.35		
 47.61   	 67.75   	  9.40   	  15.26		
 44.25   	 55.85   	  9.46   	  20.35		
 39.06   	 46.69   	  9.54   	  20.35		
 30.52   	 37.54   	  9.62   	  20.35		
 18.01   	 24.72   	  9.70   	  25.43		
  1.83   	  7.02   	  9.81   	  20.35		
-14.95   	-12.21   	  9.89   	  25.43		
-28.69   	-27.77   	  9.99   	  25.43		
-35.71   	-35.71   	 10.09   	  25.43		
-35.71   	-37.54   	 10.19   	  25.43		
-32.35   	-37.54   	 10.29   	  30.52		
-30.52   	-39.06   	 10.42   	  25.43		
-31.43   	-42.42   	 10.52   	  25.43		
-34.18   	-45.47   	 10.62   	  30.52		
-36.01   	-46.08   	 10.74   	  30.52		
-35.40   	-44.25   	 10.86   	  30.52		
-33.26   	-42.11   	 10.99   	  35.61		
-31.74   	-41.20   	 11.13   	  40.69		
-32.04   	-42.11   	 11.29   	  45.78		
-33.87   	-43.33   	 11.48   	  50.86		
-36.01   	-45.78   	 11.68   	  61.04		
-36.32   	-50.35   	 11.92   	  61.04		
-28.38   	-60.42   	 12.17   	  66.12		
 -3.05   	-75.07   	 12.43   	  71.21		
 46.69   	-86.67   	 12.72   	  66.12		
117.19   	-79.65   	 12.98   	  71.21		
193.79   	-37.23   	 13.27   	  61.04		
261.54   	 55.54   	 13.51   	  61.04		
317.08   	206.91   	 13.75   	  55.95		
368.96   	417.48   	 13.98   	  50.86		
417.18   	670.17   	 14.18   	  50.86		
438.54(R)	906.07   	 14.38(E)	  50.86		
396.73   	1037.90   	 14.59   	  55.95		
272.22   	997.31   	 14.81   	  61.04		
 91.86   	784.00   	 15.06   	  66.12		
-77.82   	483.09   	 15.32   	  81.38		
-173.65   	215.45   	 15.65   	  96.64		
-177.61   	 53.10   	 16.03   	 122.07		
-123.60   	-15.87   	 16.52   	 147.51		
-64.39   	-46.39   	 17.11   	 178.03		
-35.10   	-73.85   	 17.82   	 223.80		
-37.54   	-92.16   	 18.72   	 269.58		
-50.66   	-82.09   	 19.80   	 330.62		
-55.54   	-47.61   	 21.12   	 391.66		
-47.61   	-17.40   	 22.69   	 452.69		
-33.87   	-16.78   	 24.50   	 523.90		
-23.19   	-41.81   	 26.59   	 590.03		
-19.53   	-68.97   	 28.95   	 651.07		
-21.06   	-80.26   	 31.56   	 707.02		
-23.80   	-76.60   	 34.38   	 752.79		
-24.72   	-69.27   	 37.40   	 768.05		
-23.50   	-65.92   	 40.47   	 778.23		
-21.06   	-67.14   	 43.58   	 762.97		
-19.23   	-69.27   	 46.63   	 737.54		
-18.62   	-69.58   	 49.58   	 701.93		
-18.31   	-68.36   	 52.39   	 666.32		
-17.40   	-65.61   	 55.06   	 635.81		
-14.65   	-62.87   	 57.60   	 610.37		
-10.99   	-60.73   	 60.04   	 584.94		
 -8.24   	-58.90   	 62.38   	 574.77		
 -6.71   	-57.37   	 64.68   	 564.60		
 -7.02   	-56.15   	 66.94   	 549.34		
 -7.93   	-54.63   	 69.14   	 539.16		
 -8.54   	-53.10   	 71.29   	 523.90		
 -8.24   	-50.96   	 73.39   	 508.65		
 -6.71   	-49.13   	 75.42   	 488.30		
 -4.27   	-47.30   	 77.38   	 473.04		
 -0.92   	-46.39   	 79.27   	 452.69		
  3.05   	-44.86   	 81.08   	 437.43		
  6.71   	-42.72   	 82.83   	 422.18		
  9.46   	-39.98   	 84.52   	 396.74		
 10.99   	-37.54   	 86.10   	 386.57		
 11.90   	-36.01   	 87.65   	 366.22		
 12.51   	-36.01   	 89.11   	 345.88		
 13.73   	-35.71   	 90.50   	 335.71		
 16.17   	-34.48   	 91.84   	 315.36		
 20.45   	-31.43   	 93.10   	 300.10		
 26.25   	-26.86   	 94.30   	 289.93		
 32.96   	-21.36   	 95.46   	 269.58		
 39.67   	-16.48   	 96.54   	 249.24		
 45.47   	-12.82   	 97.54   	 233.98		
 50.35   	-10.07   	 98.47   	 218.72		
 54.63   	 -7.63   	 99.35   	 208.54		
 58.90   	 -4.27   	100.18   	 198.37		
 64.09   	  0.31   	100.98   	 188.20		
 70.80   	  6.41   	101.73   	 178.03		
 78.74   	 12.51   	102.44   	 172.94		
 88.20   	 18.31   	103.13   	 162.77		
 98.88   	 23.80   	103.78   	 147.51		
109.56   	 29.91   	104.37   	 137.33		
120.54   	 36.01   	104.92   	 127.16		
130.92   	 43.03   	105.43   	 116.99		
141.30   	 50.96   	105.90   	 101.73		
152.59   	 59.51   	106.31   	  96.64		
165.41   	 69.27   	106.69   	  81.38		
178.83   	 79.65   	107.02   	  81.38		
191.65   	 89.72   	107.34   	  71.21		
201.72   	 98.27   	107.63   	  66.12		
209.05   	104.98   	107.89   	  61.04		
213.93   	111.08   	108.14   	  55.95		
217.59   	116.88   	108.36   	  50.86		
220.64   	123.29   	108.57   	  45.78		
222.78   	129.70   	108.75   	  45.78		
223.39   	135.19   	108.93   	  35.61		
220.95   	138.85   	109.07   	  35.61		
214.23   	140.38   	109.22   	  30.52		
203.25   	139.16   	109.34   	  25.43		
188.60   	135.50   	109.44   	  20.35		
171.20   	128.48   	109.52   	  15.26		
152.89   	118.41   	109.58   	  10.17		
133.36   	105.90   	109.62   	   5.09		
113.53   	 91.55   	109.64(S)	   0.00		
 92.77   	 75.38   	109.64   	  -5.09		
 71.72   	 58.29   	109.62   	 -10.17		
 51.27   	 40.59   	109.58   	 -15.26		
 32.96   	 23.19   	109.52   	 -20.35		
 17.40   	  6.71   	109.44   	 -25.43		
  4.27   	 -7.63   	109.34   	 -30.52		
 -7.02   	-19.23   	109.22   	 -40.69		
-16.17   	-28.08   	109.05   	 -45.78		
-23.80   	-35.40   	108.87   	 -55.95		
-29.30   	-42.11   	108.65   	 -61.04		
-32.96   	-49.13   	108.40   	 -71.21		
-34.79   	-55.54   	108.12   	 -86.47		
-36.32   	-60.73   	107.77   	 -96.64		
-38.15   	-64.09   	107.39   	-116.99		
-41.20   	-65.61   	106.92   	-137.33		
-44.56   	-65.92   	106.37   	-167.85		
-47.00   	-65.92   	105.70   	-193.29		
-47.61   	-66.22   	104.92   	-233.98		
-46.39   	-66.22   	103.99   	-269.58		
-45.17   	-66.53   	102.91   	-310.27		
-44.25   	-66.53   	101.67   	-345.88		
-43.95   	-65.92   	100.28   	-401.83		
-43.64   	-64.70   	 98.68   	-467.95		
-43.64   	-62.87   	 96.81   	-549.34		
-44.25   	-61.65   	 94.61   	-651.07		
-45.78   	-61.65   	 92.00   	-742.62		
-47.30   	-61.95   	 89.03   	-834.18		
-47.91   	-61.95   	 85.70   	-890.13		
-46.69   	-60.73   	 82.14   	-920.65		
-45.17   	-58.90   	 78.45   	-925.73		
-44.56   	-57.37   	 74.75   	-915.56		
-45.78   	-56.46   	 71.09   	-900.30		
-47.00   	-55.54   	 67.49   	-890.13		
-47.30   	-54.02   	 63.93   	-885.04		
-46.69   	-52.19   	 60.39   	-879.96		
-46.08   	-50.96   	 56.87   	-885.04		
-47.00   	-51.27   	 53.33   	-869.78		
-48.52   	-52.49   	 49.85   	-859.61		
-49.13   	-53.10   	 46.41   	-829.09		
-47.00   	-52.49   	 43.09   	-783.31		
-43.03   	-50.35   	 39.96   	-737.54		
-38.45   	-47.61   	 37.01   	-686.67		
-35.10   	-45.78   	 34.26   	-640.89		
-34.18   	-44.56   	 31.70   	-600.20		
-33.87   	-44.25   	 29.30   	-564.60		
-32.96   	-44.56   	 27.04   	-534.08		
-30.82   	-45.17   	 24.90   	-503.56		
-28.99   	-46.08   	 22.89   	-473.04		
-27.77   	-47.30   	 21.00   	-437.43		
-27.77   	-47.91   	 19.25   	-406.92		
-27.77   	-47.91   	 17.62   	-366.22		
-27.16   	-47.00   	 16.15   	-325.53		
-25.94   	-45.78   	 14.85   	-295.01		
-25.63   	-45.78   	 13.67   	-259.41		
-26.55   	-46.69   	 12.63   	-239.06		
-28.38   	-47.61   	 11.68   	-208.54		
-29.91   	-47.91   	 10.84   	-193.29		
-30.52   	-47.61   	 10.07   	-172.94		
-29.91   	-47.00   	  9.38   	-152.59		
-29.30   	-47.00   	  8.77   	-132.25		
-29.30   	-47.91   	  8.24   	-111.90		
-29.60   	-49.44   	  7.79   	 -91.56		
-30.82   	-50.96   	  7.43   	 -71.21		
-32.04   	-52.49   	  7.14   	 -55.95		
-33.26   	-53.71   	  6.92   	 -45.78		
-33.87   	-54.63   	  6.73   	 -30.52		
-34.48   	-55.54   	  6.61   	 -25.43		
-34.48   	-56.15   	  6.51   	 -20.35		
-34.48   	-57.37   	  6.43   	 -10.17		
-34.48   	-58.59   	  6.39(D)	   0.00		
-33.87   	-59.81   	  6.39   	   0.00		
-32.96   	-60.42   	  6.39   	  10.17		
-32.96   	-60.73   	  6.43   	  10.17		
-34.18   	-62.26   	  6.47   	  20.35		
-35.71   	-64.39   	  6.55   	  20.35		
-36.32   	-65.92   	  6.63   	  20.35		
-35.40   	-65.61   	  6.71   	  25.43		
-33.87   	-63.48   	  6.82   	  25.43		
-32.35   	-61.65   	  6.92   	  20.35		
-32.04   	-61.34   	  7.00   	  25.43		
-33.26   	-62.87   	  7.10   	  25.43		
-34.18   	-64.70   	  7.20   	  20.35		
-34.48   	-65.31   	  7.28   	  25.43		
-33.57   	-64.09   	  7.39   	  25.43		
-32.04   	-62.26   	  7.49   	  20.35		
-29.91   	-61.04   	  7.57   	  20.35		
-28.38   	-61.34   	  7.65   	  20.35		
-27.47   	-61.95   	  7.73   	  15.26		
-27.77   	-61.95   	  7.79   	  15.26		
-28.38   	-61.04   	  7.85   	  15.26		
-28.08   	-59.51   	  7.91   	  10.17		
-27.77   	-58.29   	  7.96   	  10.17		
-27.16   	-57.98   	  8.00   	  10.17		
-27.77   	-59.20   	  8.04   	  15.26		
-28.69   	-61.34   	  8.10   	  10.17		
-29.91   	-63.78   	  8.14   	  15.26		
-30.21   	-65.00   	  8.20   	  15.26		
-29.60   	-64.39   	  8.26   	  10.17		
-28.38   	-62.87   	  8.30   	  15.26		
-27.77   	-61.04   	  8.36   	  10.17		
-27.77   	-60.12   	  8.40   	  10.17		
-28.38   	-60.12   	  8.44   	  15.26		
-28.99   	-60.73   	  8.50   	  10.17		
-28.99   	-62.26   	  8.55   	  15.26		
-28.69   	-63.17   	  8.61   	  10.17		
-27.77   	-64.39   	  8.65   	  15.26		
-26.86   	-65.00   	  8.71   	  15.26		
-25.63   	-65.31   	  8.77   	  15.26		
-25.33   	-65.00   	  8.83   	  10.17		
-25.63   	-64.70   	  8.87   	  10.17		
-26.86   	-65.00   	  8.91   	  10.17		
-28.38   	-65.92   	  8.95   	  10.17		
-28.69   	-66.83   	  8.99   	  10.17		
-27.77   	-67.14   	  9.03   	  15.26		
-25.94   	-66.22   	  9.09   	  10.17		
-24.72   	-64.39   	  9.14   	  10.17		
-25.02   	-63.17   	  9.18   	  10.17		
-26.86   	-63.48   	  9.22   	  10.17		
-28.08   	-64.70   	  9.26   	   5.09		
-27.77   	-65.31   	  9.28   	  10.17		
-25.33   	-64.39   	  9.32   	  10.17		
-22.28   	-61.34   	  9.36   	  10.17		
-19.53   	-56.76   	  9.40   	  10.17		
-17.09   	-50.66   	  9.44   	   5.09		
-13.43   	-43.95   	  9.46   	  10.17		
 -7.63   	-37.54   	  9.50   	  10.17		
 -0.92   	-32.96   	  9.54   	  15.26		
  3.97   	-32.35   	  9.60   	  10.17		
  5.49   	-34.48   	  9.64   	  10.17		
  4.88   	-36.62   	  9.68   	  10.17		
  6.10   	-35.10   	  9.73   	  10.17		
 12.82   	-27.16   	  9.77   	  10.17		
 25.33   	-11.90   	  9.81   	  10.17		
 39.06   	  7.32   	  9.85   	  10.17		
 48.52   	 25.94   	  9.89   	  10.17		
 50.66   	 38.15   	  9.93   	  10.17		
 47.00   	 40.59   	  9.97   	  10.17		
 41.50   	 33.26   	 10.01   	  10.17		
 38.45   	 21.67   	 10.05   	  10.17		
 38.76   	 11.29   	 10.09   	  10.17		
 38.76   	  3.66   	 10.13   	  15.26		
 34.48   	 -3.05   	 10.19   	  10.17		
 24.11   	-13.43   	 10.23   	  15.26		
  7.63   	-28.69   	 10.29   	  15.26		
-11.60   	-47.00   	 10.36   	  15.26		
-28.69   	-63.48   	 10.42   	  15.26		
-39.98   	-75.07   	 10.48   	  20.35		
-44.25   	-80.26   	 10.56   	  20.35		
-42.11   	-81.48   	 10.64   	  20.35		
-38.45   	-81.18   	 10.72   	  20.35		
-36.62   	-81.48   	 10.80   	  25.43		
-38.45   	-82.40   	 10.91   	  25.43		
-42.42   	-83.01   	 11.01   	  25.43		
-45.47   	-82.09   	 11.11   	  25.43		
-45.78   	-79.65   	 11.21   	  35.61		
-44.25   	-77.51   	 11.35   	  35.61		
-42.42   	-76.60   	 11.50   	  40.69		
-41.50   	-76.90   	 11.66   	  50.86		
-42.11   	-77.82   	 11.86   	  50.86		
-43.03   	-79.96   	 12.07   	  61.04		
-40.59   	-85.14   	 12.31   	  66.12		
-26.55   	-95.83   	 12.57   	  66.12		
  8.24   	-108.95   	 12.84   	  71.21		
 67.75   	-113.53   	 13.12   	  66.12		
143.43   	-92.77   	 13.39   	  71.21		
220.03   	-29.91   	 13.67   	  66.12		
286.87   	 87.59   	 13.94   	  66.12		
347.29   	265.50   	 14.20   	  55.95		
407.41   	499.88   	 14.43   	  55.95		
454.41(R)	757.45   	 14.65(E)	  50.86		
451.36   	962.52   	 14.85   	  55.95		
363.46   	1029.05   	 15.08   	  50.86		
195.31   	913.39   	 15.28   	  55.95		
  1.53   	653.99   	 15.50   	  66.12		
-141.30   	359.19   	 15.77   	  81.38		
-188.29   	134.58   	 16.09   	 101.73		
-154.11   	 13.73   	 16.50   	 127.16		
-91.86   	-39.06   	 17.01   	 157.68		
-50.66   	-72.02   	 17.64   	 198.37		
-44.86   	-99.18   	 18.43   	 244.15		
-58.59   	-105.59   	 19.41   	 305.19		
-68.66   	-83.31   	 20.63   	 361.14		
-65.31   	-51.27   	 22.08   	 437.43		
-53.10   	-39.06   	 23.82   	 503.56		
-41.20   	-56.15   	 25.84   	 569.68		
-34.48   	-85.45   	 28.12   	 640.89		
-32.65   	-104.06   	 30.68   	 696.84		
-32.96   	-105.29   	 33.47   	 737.54		
-32.96   	-97.66   	 36.42   	 762.97		
-31.74   	-91.86   	 39.47   	 752.79		
-30.21   	-91.86   	 42.48   	 737.54		
-28.99   	-94.60   	 45.43   	 707.02		
-28.08   	-96.44   	 48.26   	 671.41		
-27.16   	-96.44   	 50.95   	 635.81		
-25.94   	-94.60   	 53.49   	 610.37		
-24.72   	-91.25   	 55.93   	 590.03		
-23.19   	-88.20   	 58.29   	 579.86		
-22.28   	-85.75   	 60.61   	 564.60		
-21.06   	-84.23   	 62.87   	 554.42		
-19.23   	-82.70   	 65.09   	 539.16		
-17.40   	-80.87   	 67.24   	 523.90		
-15.87   	-79.35   	 69.34   	 503.56		
-15.26   	-78.74   	 71.35   	 483.21		
-15.56   	-78.74   	 73.29   	 462.87		
-15.87   	-78.74   	 75.14   	 447.61		
-14.65   	-78.13   	 76.93   	 432.35		
-11.90   	-76.29   	 78.66   	 417.09		
 -7.63   	-73.55   	 80.33   	 406.92		
 -3.36   	-71.11   	 81.95   	 396.74		
 -0.61   	-69.27   	 83.54   	 386.57		
  0.61   	-68.66   	 85.09   	 376.40		
  1.22   	-68.05   	 86.59   	 366.22		
  3.05   	-66.22   	 88.06   	 361.14		
  7.02   	-62.87   	 89.50   	 345.88		
 12.82   	-58.59   	 90.88   	 340.79		
 18.92   	-54.32   	 92.25   	 325.53		
 23.80   	-50.66   	 93.55   	 310.27		
 27.16   	-47.61   	 94.79   	 289.93		
 29.91   	-44.86   	 95.95   	 279.75		
 32.96   	-42.72   	 97.07   	 254.32		
 37.23   	-40.59   	 98.09   	 244.15		
 43.64   	-37.23   	 99.06   	 223.80		
 52.49   	-32.35   	 99.96   	 208.54		
 62.56   	-25.63   	100.79   	 193.29		
 72.63   	-18.31   	101.57   	 178.03		
 81.79   	-11.60   	102.28   	 167.85		
 89.72   	 -6.41   	102.95   	 152.59		
 97.96   	 -1.53   	103.56   	 137.33		
108.03   	  3.97   	104.11   	 127.16		
120.24   	 11.29   	104.62   	 106.82		
133.36   	 19.23   	105.05   	 101.73		
145.87   	 27.47   	105.45   	  86.47		
157.17   	 36.01   	105.80   	  71.21		
167.54   	 45.17   	106.08   	  66.12		
177.00   	 54.93   	106.35   	  61.04		
185.55   	 65.00   	106.59   	  55.95		
192.87   	 74.16   	106.82   	  50.86		
200.20   	 82.40   	107.02   	  45.78		
206.91   	 89.72   	107.20   	  45.78		
212.10   	 96.44   	107.39   	  35.61		
215.45   	102.54   	107.53   	  35.61		
215.76   	108.34   	107.67   	  25.43		
213.93   	114.14   	107.77   	  15.26		
209.96   	119.02   	107.83(S)	   0.00		
203.25   	121.46   	107.83   	  -5.09		
192.26   	120.85   	107.81   	 -15.26		
177.31   	116.27   	107.75   	 -15.26		
159.61   	108.95   	107.69   	 -20.35		
140.99   	 99.18   	107.61   	 -15.26		
122.07   	 86.98   	107.55   	 -10.17		
101.93   	 72.33   	107.51   	   0.00		
 80.26   	 56.15   	107.51   	   0.00		
 57.07   	 39.67   	107.51   	   0.00		
 34.79   	 24.41   	107.51   	   0.00		
 14.95   	 10.68   	107.51   	  -5.09		
 -0.92   	 -2.44   	107.49   	 -10.17		
-13.43   	-14.95   	107.45   	 -20.35		
-22.58   	-27.16   	107.36   	 -30.52		
-29.30   	-37.23   	107.24   	 -35.61		
-34.18   	-44.56   	107.10   	 -45.78		
-38.15   	-49.44   	106.92   	 -61.04		
-42.42   	-52.80   	106.67   	 -71.21		
-47.00   	-55.54   	106.39   	 -91.56		
-50.66   	-58.29   	106.02   	-111.90		
-53.10   	-60.73   	105.57   	-137.33		
-53.71   	-62.26   	105.03   	-167.85		
-53.10   	-62.26   	104.35   	-198.37		
-52.19   	-61.34   	103.56   	-228.89		
-51.57   	-60.12   	102.64   	-264.50		
-50.96   	-59.51   	101.59   	-284.84		
-50.66   	-59.51   	100.45   	-310.27		
-50.96   	-59.81   	 99.21   	-340.79		
-51.57   	-59.81   	 97.84   	-386.57		
-52.80   	-59.51   	 96.30   	-462.87		
-54.32   	-58.90   	 94.45   	-564.60		
-55.85   	-58.59   	 92.19   	-671.41		
-56.76   	-58.29   	 89.50   	-783.31		
-57.07   	-57.98   	 86.37   	-874.87		
-56.46   	-56.76   	 82.87   	-930.82		
-55.54   	-55.24   	 79.15   	-956.25		
-54.32   	-54.02   	 75.32   	-946.08		
-53.41   	-52.80   	 71.54   	-925.73		
-52.49   	-51.88   	 67.83   	-905.39		
-52.49   	-50.66   	 64.21   	-879.96		
-53.41   	-48.22   	 60.69   	-869.78		
-55.24   	-45.17   	 57.21   	-864.70		
-56.15   	-42.11   	 53.75   	-864.70		
-55.54   	-39.67   	 50.29   	-859.61		
-52.49   	-37.84   	 46.86   	-839.26		
-48.52   	-36.01   	 43.50   	-808.75		
-45.17   	-33.87   	 40.26   	-762.97		
-43.95   	-32.04   	 37.21   	-722.28		
-44.56   	-31.43   	 34.32   	-671.41		
-45.47   	-32.04   	 31.64   	-630.72		
-46.08   	-32.96   	 29.11   	-590.03		
-46.39   	-33.87   	 26.75   	-564.60		
-45.78   	-34.18   	 24.50   	-534.08		
-44.25   	-33.87   	 22.36   	-508.65		
-41.81   	-32.65   	 20.33   	-483.21		
-38.76   	-31.74   	 18.39   	-452.69		
-36.32   	-30.82   	 16.58   	-422.18		
-34.48   	-31.13   	 14.89   	-386.57		
-33.87   	-32.65   	 13.35   	-345.88		
-33.57   	-34.48   	 11.96   	-310.27		
-32.96   	-36.32   	 10.72   	-279.75		
-32.35   	-36.62   	  9.60   	-254.32		
-31.74   	-35.71   	  8.59   	-223.80		
-31.74   	-34.79   	  7.69   	-203.46		
-32.65   	-35.40   	  6.88   	-178.03		
-33.57   	-37.54   	  6.16   	-157.68		
-34.79   	-40.28   	  5.53   	-137.33		
-35.71   	-43.33   	  4.98   	-111.90		
-36.32   	-45.78   	  4.54   	 -86.47		
-35.71   	-47.30   	  4.19   	 -66.12		
-34.79   	-47.91   	  3.93   	 -45.78		
-33.87   	-48.52   	  3.74   	 -30.52		
-33.87   	-48.83   	  3.62   	 -20.35		
-35.10   	-49.13   	  3.54   	 -15.26		
-37.23   	-50.05   	  3.48(D)	   0.00		
-38.76   	-51.27   	  3.48   	   0.00		
-39.37   	-53.10   	  3.48   	   0.00		
-39.67   	-55.54   	  3.48   	  10.17		
-40.28   	-57.37   	  3.52   	  10.17		
-40.89   	-57.98   	  3.56   	  15.26		
-41.20   	-56.76   	  3.62   	  15.26		
-40.89   	-53.71   	  3.68   	  20.35		
-40.28   	-51.57   	  3.76   	  20.35		
-39.98   	-51.57   	  3.85   	  20.35		
-40.28   	-53.41   	  3.93   	  25.43		
-40.59   	-56.15   	  4.03   	  15.26		
-40.59   	-57.98   	  4.09   	  20.35		
-39.98   	-58.29   	  4.17   	  20.35		
-39.67   	-57.37   	  4.25   	  15.26		
-40.28   	-56.46   	  4.31   	  15.26		
-41.20   	-56.15   	  4.37   	  15.26		
-42.11   	-56.46   	  4.44   	  15.26		
-42.11   	-57.37   	  4.50   	  15.26		
-40.59   	-57.98   	  4.56   	  15.26		
-38.15   	-57.98   	  4.62   	  10.17		
-36.62   	-57.07   	  4.66   	  15.26		
-36.01   	-55.85   	  4.72   	  10.17		
-36.93   	-55.24   	  4.76   	  10.17		
-39.37   	-55.85   	  4.80   	  10.17		
-41.81   	-57.07   	  4.84   	  10.17		
-43.33   	-58.59   	  4.88   	  10.17		
-43.03   	-59.20   	  4.92   	  10.17		
-41.20   	-58.90   	  4.96   	  10.17		
-39.37   	-58.59   	  5.01   	   5.09		
-37.84   	-58.29   	  5.03   	  10.17		
-38.15   	-58.90   	  5.07   	   5.09		
-39.37   	-59.51   	  5.09   	   5.09		
-40.89   	-60.42   	  5.11   	   5.09		
-42.11   	-61.34   	  5.13   	  10.17		
-42.11   	-61.65   	  5.17   	   5.09		
-41.20   	-61.95   	  5.19   	  10.17		
-39.37   	-61.95   	  5.23   	  10.17		
-37.23   	-62.26   	  5.27   	  10.17		
-35.40   	-62.56   	  5.31   	  10.17		
-34.18   	-62.87   	  5.35   	  10.17		
-33.57   	-62.56   	  5.39   	  15.26		
-33.26   	-61.65   	  5.45   	  10.17		
-33.26   	-60.73   	  5.49   	  10.17		
-33.26   	-60.12   	  5.53   	  15.26		
-33.26   	-59.51   	  5.60   	  15.26		
-33.26   	-59.20   	  5.66   	  15.26		
-32.35   	-57.98   	  5.72   	  20.35		
-30.21   	-55.54   	  5.80   	  20.35		
-27.47   	-51.88   	  5.88   	  15.26		
-24.41   	-47.61   	  5.94   	  20.35		
-21.67   	-43.33   	  6.02   	  20.35		
-18.62   	-39.06   	  6.10   	  20.35		
-15.26   	-36.01   	  6.19   	  15.26		
-11.90   	-33.87   	  6.25   	  20.35		
 -8.54   	-31.74   	  6.33   	  15.26		
 -3.66   	-28.38   	  6.39   	  15.26		
  3.97   	-21.97   	  6.45   	  20.35		
 14.95   	-11.60   	  6.53   	  15.26		
 27.47   	  2.44   	  6.59   	  15.26		
 37.23   	 18.31   	  6.65   	  15.26		
 41.50   	 33.57   	  6.71   	  15.26		
 39.98   	 43.95   	  6.78   	  15.26		
 35.71   	 46.69   	  6.84   	  10.17		
 33.26   	 42.42   	  6.88   	  15.26		
 33.57   	 34.18   	  6.94   	  15.26		
 35.40   	 26.55   	  7.00   	  15.26		
 34.48   	 20.14   	  7.06   	  10.17		
 27.77   	 12.82   	  7.10   	  15.26		
 13.73   	  0.61   	  7.16   	  10.17		
 -5.19   	-17.09   	  7.20   	  15.26		
-24.72   	-36.62   	  7.26   	  10.17		
-39.98   	-52.80   	  7.30   	  10.17		
-47.91   	-62.56   	  7.34   	  10.17		
-48.83   	-65.92   	  7.39   	  15.26		
-46.39   	-66.83   	  7.45   	  10.17		
-44.56   	-67.44   	  7.49   	  15.26		
-45.47   	-68.36   	  7.55   	  15.26		
-47.91   	-68.97   	  7.61   	  20.35		
-50.05   	-68.66   	  7.69   	  15.26		
-50.35   	-68.05   	  7.75   	  20.35		
-48.52   	-67.44   	  7.83   	  25.43		
-47.00   	-67.44   	  7.93   	  25.43		
-46.39   	-67.44   	  8.04   	  30.52		
-47.61   	-67.44   	  8.16   	  35.61		
-50.35   	-68.05   	  8.30   	  40.69		
-53.41   	-70.50   	  8.46   	  45.78		
-52.19   	-77.51   	  8.65   	  45.78		
-39.06   	-91.55   	  8.83   	  50.86		
 -3.97   	-109.25   	  9.03   	  50.86		
 56.76   	-118.71   	  9.24   	  45.78		
135.50   	-101.32   	  9.42   	  45.78		
216.67   	-38.76   	  9.60   	  45.78		
287.48   	 80.26   	  9.79   	  45.78		
347.90   	259.40   	  9.97   	  40.69		
402.53   	492.25   	 10.13   	  45.78		
441.59(R)	746.46   	 10.32(E)	  45.78		
433.04   	946.96   	 10.50   	  45.78		
345.46   	1008.91   	 10.68   	  50.86		
179.75   	887.76   	 10.89   	  61.04		
-13.73   	621.34   	 11.13   	  71.21		
-162.05   	319.82   	 11.41   	  81.38		
-217.59   	 93.08   	 11.74   	 101.73		
-186.77   	-23.80   	 12.15   	 127.16		
-119.32   	-70.19   	 12.66   	 152.59		
-66.22   	-99.18   	 13.27   	 188.20		
-48.52   	-125.73   	 14.02   	 233.98		
-56.76   	-130.62   	 14.95   	 279.75		
-68.97   	-101.01   	 16.07   	 335.71		
-71.11   	-56.76   	 17.42   	 391.66		
-63.48   	-32.96   	 18.98   	 457.78		
-52.80   	-44.86   	 20.81   	 523.90		
-45.78   	-76.60   	 22.91   	 584.94		
-43.03   	-101.01   	 25.25   	 651.07		
-43.64   	-104.98   	 27.85   	 712.10		
-44.56   	-95.52   	 30.70   	 752.79		
-43.64   	-85.45   	 33.71   	 788.40		
-40.89   	-80.87   	 36.87   	 798.57		
-38.76   	-82.40   	 40.06   	 788.40		
-38.15   	-86.36   	 43.21   	 752.79		
-38.45   	-88.81   	 46.23   	 717.19		
-37.84   	-88.50   	 49.09   	 676.50		
-35.10   	-84.84   	 51.80   	 630.72		
-31.43   	-79.65   	 54.32   	 600.20		
-28.69   	-75.38   	 56.72   	 574.77		
-28.08   	-72.94   	 59.02   	 564.60		
-28.69   	-70.80   	 61.28   	 554.42		
-29.60   	-68.66   	 63.50   	 549.34		
-28.38   	-66.53   	 65.70   	 539.16		
-25.94   	-65.00   	 67.85   	 528.99		
-22.89   	-63.78   	 69.97   	 518.82		
-20.14   	-61.65   	 72.04   	 508.65		
-18.01   	-58.59   	 74.08   	 493.39		
-15.56   	-54.93   	 76.05   	 478.13		
-13.43   	-52.19   	 77.97   	 473.04		
-12.21   	-51.57   	 79.86   	 452.69		
-10.99   	-51.88   	 81.67   	 432.35		
 -9.16   	-51.57   	 83.40   	 412.00		
 -6.10   	-49.44   	 85.05   	 381.48		
 -1.83   	-46.08   	 86.57   	 361.14		
  2.44   	-43.03   	 88.02   	 335.71		
  5.80   	-40.89   	 89.36   	 315.36		
  8.85   	-39.37   	 90.62   	 300.10		
 12.21   	-37.54   	 91.82   	 279.75		
 15.87   	-34.79   	 92.94   	 264.50		
 19.84   	-31.13   	 94.00   	 249.24		
 23.80   	-27.77   	 94.99   	 233.98		
 28.69   	-24.41   	 95.93   	 228.89		
 35.10   	-21.06   	 96.85   	 218.72		
 43.33   	-16.48   	 97.72   	 213.63		
 51.88   	-11.29   	 98.58   	 208.54		
 60.73   	 -5.19   	 99.41   	 203.46		
 69.27   	  0.61   	100.22   	 188.20		
 78.43   	  6.10   	100.98   	 172.94		
 88.50   	 11.29   	101.67   	 142.42		
 99.49   	 16.17   	102.24   	 116.99		
110.78   	 21.67   	102.71   	  91.56		
122.68   	 28.08   	103.07   	  66.12		
135.50   	 36.32   	103.34   	  45.78		
148.93   	 46.08   	103.52   	  35.61		
161.44   	 55.85   	103.66   	  25.43		
171.81   	 64.70   	103.76   	  20.35		
179.75   	 71.72   	103.84   	  20.35		
185.55   	 78.43   	103.93   	  25.43		
191.04   	 85.45   	104.03   	  25.43		
196.53   	 93.69   	104.13   	  30.52		
201.72   	102.23   	104.25   	  40.69		
205.38   	109.86   	104.41   	  40.69		
207.21   	115.97   	104.58   	  40.69		
206.60   	120.85   	104.74   	  35.61		
203.86   	124.21   	104.88   	  20.35		
197.75   	126.04   	104.96(S)	   0.00		
187.07   	124.82   	104.96   	 -30.52		
171.81   	120.54   	104.84   	 -55.95		
152.89   	112.61   	104.62   	 -91.56		
132.14   	101.93   	104.25   	-106.82		
111.39   	 90.03   	103.82   	-116.99		
 91.86   	 76.90   	103.36   	-116.99		
 73.85   	 63.17   	102.89   	-101.73		
 56.76   	 48.22   	102.48   	 -81.38		
 39.67   	 32.96   	102.16   	 -66.12		
 22.58   	 17.70   	101.89   	 -45.78		
  5.49   	  2.75   	101.71   	 -40.69		
-10.38   	-10.07   	101.55   	 -30.52		
-23.50   	-20.45   	101.42   	 -35.61		
-32.35   	-28.38   	101.28   	 -35.61		
-37.23   	-34.48   	101.14   	 -35.61		
-39.98   	-39.98   	101.00   	 -35.61		
-42.72   	-46.08   	100.85   	 -20.35		
-46.39   	-51.88   	100.77   	 -15.26		
-51.27   	-56.46   	100.71   	 -15.26		
-55.54   	-58.59   	100.65   	 -15.26		
-58.29   	-59.20   	100.59   	 -30.52		
-59.51   	-59.51   	100.47   	 -71.21		
-59.20   	-60.12   	100.18   	-116.99		
-58.29   	-60.42   	 99.71   	-167.85		
-57.07   	-59.81   	 99.04   	-218.72		
-56.46   	-58.59   	 98.17   	-274.67		
-56.76   	-56.76   	 97.07   	-335.71		
-57.98   	-55.24   	 95.73   	-422.18		
-59.51   	-54.32   	 94.04   	-513.73		
-61.34   	-53.41   	 91.98   	-625.63		
-63.17   	-52.49   	 89.48   	-727.36		
-64.39   	-51.27   	 86.57   	-829.09		
-64.09   	-49.74   	 83.26   	-900.30		
-61.95   	-47.30   	 79.65   	-946.08		
-59.20   	-45.47   	 75.87   	-956.25		
-57.37   	-44.86   	 72.04   	-961.34		
-57.68   	-45.47   	 68.20   	-940.99		
-59.81   	-46.39   	 64.44   	-935.91		
-61.04   	-45.47   	 60.69   	-920.65		
-60.12   	-42.11   	 57.01   	-920.65		
-56.15   	-36.93   	 53.33   	-910.47		
-51.27   	-32.35   	 49.68   	-895.22		
-47.00   	-30.52   	 46.10   	-879.96		
-44.86   	-30.52   	 42.58   	-844.35		
-44.56   	-32.04   	 39.21   	-803.66		
-44.86   	-32.96   	 35.99   	-757.88		
-44.56   	-32.35   	 32.96   	-707.02		
-43.95   	-30.21   	 30.13   	-661.24		
-43.03   	-27.47   	 27.49   	-615.46		
-41.81   	-25.33   	 25.03   	-579.86		
-39.98   	-23.80   	 22.71   	-549.34		
-37.54   	-22.89   	 20.51   	-523.90		
-36.01   	-22.58   	 18.41   	-498.47		
-35.40   	-22.58   	 16.42   	-467.95		
-36.01   	-22.58   	 14.55   	-432.35		
-36.62   	-21.97   	 12.82   	-396.74		
-35.71   	-20.75   	 11.23   	-356.05		
-33.57   	-19.23   	  9.81   	-310.27		
-30.82   	-18.01   	  8.57   	-269.58		
-29.30   	-18.62   	  7.49   	-223.80		
-29.30   	-20.45   	  6.59   	-183.11		
-30.21   	-22.28   	  5.86   	-147.51		
-30.52   	-23.19   	  5.27   	-111.90		
-30.21   	-23.19   	  4.82   	 -86.47		
-30.21   	-23.19   	  4.48   	 -61.04		
-31.13   	-24.41   	  4.23   	 -30.52		
-32.96   	-26.86   	  4.11   	 -10.17		
-34.18   	-29.60   	  4.07(D)	  10.17		
-34.18   	-31.43   	  4.11   	  20.35		
-32.96   	-32.65   	  4.19   	  35.61		
-32.04   	-33.57   	  4.33   	  40.69		
-32.65   	-34.79   	  4.50   	  40.69		
-34.79   	-36.01   	  4.66   	  40.69		
-36.93   	-36.62   	  4.82   	  35.61		
-38.15   	-37.23   	  4.96   	  25.43		
-38.76   	-37.54   	  5.07   	  20.35		
-38.76   	-38.45   	  5.15   	  20.35		
-39.06   	-39.98   	  5.23   	  15.26		
-40.28   	-41.81   	  5.29   	  10.17		
-42.11   	-43.33   	  5.33   	  10.17		
-43.03   	-44.56   	  5.37   	  15.26		
-43.03   	-45.47   	  5.43   	  10.17		
-41.81   	-46.08   	  5.47   	  10.17		
-39.67   	-46.39   	  5.51   	   5.09		
-37.84   	-46.39   	  5.53   	   5.09		
-37.23   	-47.00   	  5.55   	   5.09		
-38.15   	-48.22   	  5.57   	   0.00		
-40.28   	-50.05   	  5.57   	   0.00		
-42.11   	-51.88   	  5.57   	  -5.09		
-43.33   	-53.41   	  5.55   	  -5.09		
-43.33   	-55.24   	  5.53   	   0.00		
-42.11   	-57.07   	  5.53   	  -5.09		
-40.59   	-59.20   	  5.51   	   0.00		
-39.37   	-60.12   	  5.51   	  10.17		
-39.06   	-59.81   	  5.55   	  10.17		
-39.67   	-58.29   	  5.60   	  20.35		
-41.50   	-57.37   	  5.68   	  25.43		
-43.03   	-57.37   	  5.78   	  30.52		
-43.64   	-58.29   	  5.90   	  35.61		
-43.33   	-59.81   	  6.04   	  40.69		
-42.11   	-60.73   	  6.21   	  40.69		
-40.89   	-60.73   	  6.37   	  40.69		
-40.28   	-59.81   	  6.53   	  40.69		
-40.59   	-58.90   	  6.69   	  40.69		
-42.11   	-57.68   	  6.86   	  35.61		
-43.33   	-56.76   	  7.00   	  30.52		
-43.64   	-56.15   	  7.12   	  25.43		
-43.03   	-55.54   	  7.22   	  15.26		
-41.81   	-54.93   	  7.28   	  15.26		
-41.20   	-54.63   	  7.34   	   5.09		
-41.50   	-54.32   	  7.37   	   0.00		
-42.11   	-54.02   	  7.37   	 -10.17		
-40.89   	-52.80   	  7.32   	 -10.17		
-38.15   	-51.27   	  7.28   	 -10.17		
-35.10   	-49.13   	  7.24   	 -15.26		
-33.57   	-46.69   	  7.18   	 -10.17		
-32.35   	-42.72   	  7.14   	  -5.09		
-30.21   	-36.93   	  7.12   	   0.00		
-25.94   	-29.60   	  7.12   	   5.09		
-20.14   	-23.19   	  7.14   	  10.17		
-14.95   	-20.14   	  7.18   	  20.35		
-12.82   	-20.75   	  7.26   	  20.35		
-12.21   	-22.28   	  7.34   	  30.52		
 -9.77   	-21.97   	  7.47   	  30.52		
 -3.05   	-17.09   	  7.59   	  N/A		
