  I     	  II     	  AOp     	  AOp'		
-76.90   	-128.78   	 90.60   	-223.80		
-79.04   	-133.06   	 89.70   	-172.94		
-80.57   	-135.19   	 89.01   	-127.16		
-82.40   	-135.19   	 88.50   	 -96.64		
-83.92   	-133.36   	 88.12   	 -61.04		
-84.53   	-131.23   	 87.87   	 -35.61		
-84.23   	-130.31   	 87.73   	   0.00		
-83.92   	-131.23   	 87.73   	  40.69		
-85.45   	-133.36   	 87.89   	  86.47		
-88.50   	-134.89   	 88.24   	 132.25		
-91.55   	-133.97   	 88.77   	 172.94		
-93.08   	-131.84   	 89.46   	 213.63		
-92.16   	-129.70   	 90.32   	 239.06		
-90.03   	-129.39   	 91.27   	 264.50		
-89.42   	-130.31   	 92.33   	 279.75		
-91.25   	-130.92   	 93.45   	 279.75		
-94.60   	-129.39   	 94.57   	 279.75		
-97.96   	-126.04   	 95.69   	 269.58		
-100.10   	-122.68   	 96.76   	 254.32		
-100.71   	-122.99   	 97.78   	 233.98		
-100.10   	-127.87   	 98.72   	 213.63		
-98.27   	-135.50   	 99.57   	 183.11		
-96.74   	-142.21   	100.30   	 152.59		
-94.91   	-144.04   	100.92   	 111.90		
-93.99   	-140.69   	101.36   	  66.12		
-93.38   	-135.19   	101.63   	  15.26		
-92.77   	-130.92   	101.69   	 -35.61		
-92.47   	-128.78   	101.55   	 -91.56		
-93.99   	-127.56   	101.18   	-142.42		
-97.35   	-125.12   	100.61   	-193.29		
-101.62   	-122.38   	 99.84   	-228.89		
-104.37   	-121.15   	 98.92   	-264.50		
-104.37   	-122.68   	 97.86   	-279.75		
-101.32   	-125.73   	 96.74   	-284.84		
-96.13   	-127.56   	 95.60   	-289.93		
-90.94   	-125.43   	 94.45   	-284.84		
-87.28   	-120.24   	 93.31   	-274.67		
-86.06   	-115.36   	 92.21   	-259.41		
-87.28   	-114.14   	 91.17   	-244.15		
-90.64   	-117.80   	 90.19   	-233.98		
-93.99   	-124.21   	 89.26   	-213.63		
-95.83   	-130.00   	 88.40   	-198.37		
-94.30   	-132.14   	 87.61   	-183.11		
-90.94   	-130.31   	 86.88   	-162.77		
-87.89   	-127.26   	 86.23   	-137.33		
-86.98   	-125.12   	 85.68   	-111.90		
-88.81   	-124.51   	 85.23   	 -96.64		
-91.25   	-124.21   	 84.84   	 -86.47		
-92.47   	-121.77   	 84.50   	 -76.30		
-91.55   	-116.88   	 84.19   	 -86.47		
-89.11   	-111.69   	 83.85   	 -96.64		
-85.14   	-108.34   	 83.46   	-111.90		
-79.96   	-105.90   	 83.01   	-116.99		
-73.55   	-100.40   	 82.54   	-116.99		
-65.61   	-87.89   	 82.07   	-106.82		
-57.37   	-67.14   	 81.65   	 -81.38		
-49.44   	-43.03   	 81.32   	 -55.95		
-42.11   	-22.89   	 81.10   	 -20.35		
-35.10   	-13.73   	 81.02   	  10.17		
-28.99   	-17.40   	 81.06   	  35.61		
-24.41   	-28.38   	 81.20   	  35.61		
-20.14   	-36.32   	 81.34   	  35.61		
-13.12   	-32.96   	 81.48   	  10.17		
 -0.92   	-17.70   	 81.53   	 -25.43		
 15.87   	  2.14   	 81.42   	 -55.95		
 31.74   	 14.04   	 81.20   	 -96.64		
 40.59   	  9.77   	 80.81   	-116.99		
 39.67   	-11.29   	 80.35   	-132.25		
 30.21   	-40.89   	 79.82   	-132.25		
 17.40   	-70.50   	 79.29   	-116.99		
  5.19   	-94.30   	 78.82   	 -91.56		
 -3.97   	-109.56   	 78.45   	 -61.04		
-11.60   	-116.88   	 78.21   	 -25.43		
-19.23   	-117.19   	 78.11   	   5.09		
-28.99   	-113.53   	 78.13   	  30.52		
-42.42   	-111.39   	 78.25   	  61.04		
-58.59   	-115.05   	 78.49   	  66.12		
-76.29   	-126.04   	 78.76   	  66.12		
-92.16   	-141.30   	 79.02   	  50.86		
-103.76   	-155.03   	 79.23   	  25.43		
-110.17   	-161.74   	 79.33   	 -15.26		
-111.69   	-160.22   	 79.27   	 -61.04		
-110.78   	-154.11   	 79.02   	 -91.56		
-110.17   	-149.84   	 78.66   	 -96.64		
-112.30   	-151.06   	 78.27   	 -61.04		
-117.49   	-156.86   	 78.03   	   0.00		
-122.99   	-162.05   	 78.03   	  91.56		
-125.12   	-161.74   	 78.39   	 183.11		
-123.90   	-155.94   	 79.12   	 249.24		
-123.29   	-150.15   	 80.12   	 279.75		
-126.34   	-148.01   	 81.24   	 264.50		
-127.26   	-147.71   	 82.30   	 193.29		
-105.29   	-141.91   	 83.07   	  96.64		
-33.57   	-118.41   	 83.46   	  -5.09		
106.51   	-63.17   	 83.44   	-106.82		
312.50   	 36.01   	 83.01   	-178.03		
556.95   	184.63   	 82.30   	-223.80		
794.37   	372.92   	 81.40   	-249.24		
971.07   	562.74   	 80.41   	-244.15		
1033.33   	694.27   	 79.43   	-228.89		
944.52   	714.11(R)	 78.51   	-203.46		
708.62   	609.74   	 77.70   	-157.68		
381.47   	420.23   	 77.07   	-101.73		
 58.29   	214.84   	 76.66   	 -50.86		
-170.90   	 52.19   	 76.46   	  15.26		
-265.81   	-49.44   	 76.52   	  71.21		
-249.94   	-104.06   	 76.81   	 106.82		
-184.02   	-132.75   	 77.23   	 127.16		
-122.68   	-143.43   	 77.74   	 132.25		
-90.33   	-135.80   	 78.27   	 101.73		
-83.01   	-112.30   	 78.68   	  66.12		
-86.98   	-85.75   	 78.94   	   5.09		
-94.60   	-71.72   	 78.96   	 -50.86		
-103.45   	-75.99   	 78.76   	-111.90		
-112.00   	-92.47   	 78.31   	-167.85		
-117.49   	-108.95   	 77.64   	-213.63		
-118.10   	-117.49   	 76.79   	-249.24		
-115.05   	-118.10   	 75.79   	-274.67		
-111.39   	-115.66   	 74.69   	-274.67		
-108.95   	-113.22   	 73.59   	-269.58		
-108.34   	-110.78   	 72.51   	-239.06		
-107.73   	-106.51   	 71.56   	-198.37		
-105.90   	-99.49   	 70.76   	-132.25		
-103.15   	-90.94   	 70.23   	 -66.12		
-99.79   	-83.62   	 69.97   	  25.43		
-96.44   	-78.74   	 70.07   	 122.07		
-93.38   	-75.99   	 70.56   	 213.63		
-89.72   	-73.85   	 71.41   	 310.27		
-85.75   	-72.33   	 72.65   	 391.66		
-81.18   	-71.41   	 74.22   	 457.78		
-76.90   	-71.11   	 76.05   	 493.39		
-73.24   	-69.58   	 78.03   	 513.73		
-69.58   	-65.92   	 80.08   	 508.65		
-65.61   	-58.90   	 82.12   	 498.47		
-61.04   	-48.83   	 84.11   	 483.21		
-55.24   	-37.54   	 86.04   	 473.04		
-48.52   	-26.86   	 87.93   	 457.78		
-41.50   	-18.31   	 89.77   	 442.52		
-35.10   	-12.51   	 91.54   	 437.43		
-28.69   	 -7.32   	 93.29   	 427.26		
-21.67   	  0.00   	 94.99   	 422.18		
-13.43   	 10.68   	 96.68   	 437.43		
 -3.66   	 23.80   	 98.43   	 462.87		
  6.10   	 35.10   	100.28   	 508.65		
 15.26   	 41.20   	102.32   	 574.77		
 23.19   	 42.72   	104.62   	 645.98		
 30.52   	 44.86   	107.20   	 727.36		
 38.76   	 53.10   	110.11   	 808.75		
 48.52   	 70.80   	113.35   	 869.78		
 60.12   	 95.21   	116.83   	 910.47		
 72.94   	120.24   	120.47   	 935.91		
 85.75   	140.99   	124.21   	 925.73		
 97.35   	155.64   	127.91   	 879.96		
105.59   	166.93   	131.43   	 808.75		
109.86   	178.53   	134.67   	 701.93		
110.78   	191.04   	137.48   	 584.94		
109.86   	202.64   	139.82   	 442.52		
109.56   	212.40   	141.59   	 295.01		
111.39   	220.64   	142.77   	 157.68		
115.05   	228.27   	143.40   	  20.35		
119.02   	234.07   	143.48   	-101.73		
121.15   	234.68   	143.07   	-203.46		
119.02   	227.05   	142.26   	-284.84		
111.08   	211.18   	141.12   	-361.14		
 98.57   	190.73   	139.67   	-422.18		
 83.01   	170.59   	137.99   	-462.87		
 66.83   	152.28   	136.13   	-503.56		
 51.57   	132.75   	134.12   	-528.99		
 37.54   	109.56   	132.00   	-539.16		
 24.41   	 82.09   	129.85   	-539.16		
 12.21   	 53.71   	127.69   	-518.82		
  0.31   	 28.38   	125.61   	-488.30		
-12.82   	  8.24   	123.66   	-432.35		
-27.16   	 -8.24   	121.93   	-376.40		
-42.11   	-23.80   	120.43   	-305.19		
-56.76   	-40.28   	119.21   	-233.98		
-68.36   	-56.76   	118.27   	-167.85		
-75.99   	-71.11   	117.60   	-122.07		
-79.65   	-81.79   	117.11   	 -86.47		
-80.57   	-88.20   	116.76   	 -71.21		
-80.57   	-90.64   	116.48   	 -86.47		
-80.57   	-90.94   	116.13   	-111.90		
-81.48   	-91.55   	115.69   	-147.51		
-83.31   	-93.08   	115.10   	-188.20		
-85.45   	-94.91   	114.34   	-223.80		
-87.89   	-96.44   	113.45   	-249.24		
-90.03   	-97.05   	112.45   	-259.41		
-91.55   	-97.66   	111.41   	-249.24		
-91.86   	-99.49   	110.42   	-223.80		
-90.33   	-102.84   	109.52   	-188.20		
-86.67   	-105.59   	108.77   	-152.59		
-82.40   	-106.51   	108.16   	-111.90		
-78.74   	-104.68   	107.71   	 -81.38		
-76.60   	-100.40   	107.39   	 -71.21		
-75.38   	-96.13   	107.10   	 -66.12		
-74.16   	-94.60   	106.84   	 -86.47		
-73.24   	-96.44   	106.49   	-122.07		
-73.85   	-101.62   	106.00   	-152.59		
-75.99   	-106.20   	105.39   	-193.29		
-78.43   	-107.12   	104.62   	-223.80		
-79.65   	-104.06   	103.72   	-239.06		
-79.35   	-98.27   	102.77   	-249.24		
-77.82   	-94.30   	101.77   	-239.06		
-76.29   	-94.60   	100.81   	-208.54		
-75.07   	-97.96   	 99.98   	-167.85		
-74.16   	-101.62   	 99.31   	-127.16		
-72.63   	-103.15   	 98.80   	 -71.21		
-71.11   	-102.23   	 98.51   	 -30.52		
-71.11   	-100.71   	 98.39   	   5.09		
-73.55   	-100.71   	 98.41   	  35.61		
-77.51   	-103.15   	 98.56   	  45.78		
-81.18   	-106.81   	 98.74   	  61.04		
-82.70   	-109.86   	 98.98   	  55.95		
-80.87   	-111.08   	 99.21   	  55.95		
-76.90   	-110.47   	 99.43   	  61.04		
-73.55   	-108.95   	 99.67   	  61.04		
-72.02   	-108.03   	 99.92   	  66.12		
-73.24   	-108.34   	100.18   	  71.21		
-76.60   	-109.86   	100.47   	  66.12		
-80.87   	-111.39   	100.73   	  50.86		
-84.84   	-112.30   	100.94   	  35.61		
-86.67   	-112.30   	101.08   	  10.17		
-86.06   	-111.08   	101.12   	 -15.26		
-83.62   	-110.17   	101.06   	 -30.52		
-81.48   	-110.78   	100.94   	 -40.69		
-81.79   	-113.22   	100.77   	 -35.61		
-83.31   	-116.58   	100.63   	 -10.17		
-84.53   	-117.49   	100.59   	  25.43		
-84.23   	-114.75   	100.69   	  61.04		
-82.09   	-108.64   	100.94   	  91.56		
-78.74   	-100.71   	101.30   	 127.16		
-73.85   	-91.55   	101.81   	 132.25		
-66.22   	-79.65   	102.34   	 127.16		
-56.15   	-62.56   	102.85   	 106.82		
-44.86   	-41.20   	103.28   	  66.12		
-35.71   	-20.14   	103.54   	  20.35		
-30.21   	 -6.71   	103.62   	 -40.69		
-28.38   	 -4.88   	103.46   	 -96.64		
-27.47   	-11.60   	103.07   	-147.51		
-23.80   	-18.31   	102.48   	-203.46		
-14.95   	-15.26   	101.67   	-249.24		
 -1.22   	  1.53   	100.67   	-289.93		
 15.26   	 23.80   	 99.51   	-315.36		
 29.30   	 37.84   	 98.25   	-335.71		
 36.93   	 31.74   	 96.91   	-340.79		
 36.93   	  3.97   	 95.54   	-340.79		
 30.52   	-35.10   	 94.18   	-320.45		
 21.67   	-70.80   	 92.90   	-305.19		
 13.43   	-93.69   	 91.68   	-269.58		
  7.63   	-102.54   	 90.60   	-249.24		
  3.66   	-101.93   	 89.60   	-213.63		
 -2.14   	-98.27   	 88.75   	-183.11		
-13.43   	-96.13   	 88.02   	-152.59		
-31.43   	-98.27   	 87.41   	-116.99		
-54.32   	-105.29   	 86.94   	 -81.38		
-77.21   	-116.58   	 86.61   	 -50.86		
-94.91   	-128.17   	 86.41   	 -25.43		
-104.98   	-137.63   	 86.31   	  -5.09		
-108.95   	-142.52   	 86.29   	  10.17		
-109.25   	-142.82   	 86.33   	  25.43		
-108.64   	-140.99   	 86.43   	  30.52		
-108.64   	-140.38   	 86.55   	  20.35		
-109.56   	-141.91   	 86.63   	  10.17		
-110.78   	-144.96   	 86.67   	  -5.09		
-112.30   	-146.48   	 86.65   	 -30.52		
-112.30   	-144.35   	 86.53   	 -66.12		
-112.30   	-140.08   	 86.27   	 -91.56		
-115.66   	-137.63   	 85.90   	-122.07		
-124.51   	-140.08   	 85.41   	-147.51		
-132.45   	-144.04   	 84.82   	-167.85		
-118.10   	-141.91   	 84.15   	-172.94		
-54.32   	-122.68   	 83.46   	-167.85		
 78.13   	-73.24   	 82.79   	-147.51		
276.79   	 17.40   	 82.20   	-132.25		
516.97   	156.86   	 81.67   	 -96.64		
757.14   	341.49   	 81.28   	 -61.04		
945.74   	542.60   	 81.04   	 -30.52		
1029.05   	703.74   	 80.92   	   0.00		
964.66   	768.43(R)	 80.92   	  35.61		
744.93   	711.06   	 81.06   	  61.04		
419.31   	556.95   	 81.30   	  81.38		
 83.01   	365.60   	 81.63   	 106.82		
-165.41   	195.62   	 82.05   	 116.99		
-274.96   	 72.02   	 82.52   	 132.25		
-264.89   	-11.60   	 83.05   	 137.33		
-198.06   	-69.89   	 83.60   	 132.25		
-135.80   	-105.90   	 84.13   	 122.07		
-104.98   	-116.58   	 84.62   	 111.90		
-99.79   	-105.90   	 85.07   	  81.38		
-103.45   	-86.06   	 85.39   	  50.86		
-107.12   	-73.85   	 85.59   	  25.43		
-109.86   	-76.29   	 85.70   	 -10.17		
-113.22   	-88.81   	 85.66   	 -40.69		
-115.36   	-101.62   	 85.49   	 -55.95		
-114.75   	-106.81   	 85.27   	 -76.30		
-111.69   	-103.76   	 84.96   	 -91.56		
-108.03   	-94.91   	 84.60   	 -91.56		
-105.90   	-86.67   	 84.23   	 -91.56		
-106.81   	-83.01   	 83.87   	 -96.64		
-109.56   	-84.84   	 83.48   	-101.73		
-112.00   	-88.81   	 83.07   	 -96.64		
-112.00   	-90.03   	 82.69   	-101.73		
-107.73   	-85.14   	 82.28   	 -91.56		
-100.10   	-76.60   	 81.91   	 -66.12		
-91.86   	-68.05   	 81.65   	 -30.52		
-86.36   	-62.56   	 81.53   	  20.35		
-83.31   	-59.81   	 81.61   	  91.56		
-80.57   	-57.68   	 81.97   	 167.85		
-75.07   	-53.41   	 82.64   	 254.32		
-67.14   	-46.39   	 83.66   	 335.71		
-59.20   	-37.84   	 85.00   	 412.00		
-54.63   	-30.21   	 86.65   	 478.13		
-53.71   	-24.41   	 88.57   	 534.08		
-53.71   	-20.45   	 90.70   	 559.51		
-51.27   	-16.17   	 92.94   	 574.77		
-44.25   	-10.38   	 95.24   	 564.60		
-34.18   	 -3.36   	 97.50   	 539.16		
-24.11   	  4.88   	 99.65   	 493.39		
-16.17   	 13.12   	101.63   	 442.52		
 -9.46   	 21.97   	103.40   	 381.48		
 -1.83   	 32.35   	104.92   	 325.53		
  7.93   	 44.25   	106.23   	 264.50		
 20.14   	 57.07   	107.28   	 203.46		
 32.65   	 69.89   	108.10   	 147.51		
 44.25   	 82.40   	108.69   	 101.73		
 54.63   	 95.21   	109.09   	  50.86		
 65.00   	108.95   	109.30   	   5.09		
 75.68   	124.51   	109.32   	 -40.69		
 87.28   	140.99   	109.16   	 -81.38		
 98.88   	157.17   	108.83   	-116.99		
109.86   	172.12   	108.36   	-152.59		
119.32   	186.16   	107.75   	-167.85		
126.65   	198.67   	107.08   	-178.03		
131.84   	209.96   	106.37   	-172.94		
135.50   	220.34   	105.68   	-152.59		
137.63   	229.80   	105.07   	-122.07		
138.24   	237.73   	104.58   	 -71.21		
136.41   	242.31   	104.29   	 -30.52		
131.23   	241.09   	104.17   	  25.43		
122.38   	232.54   	104.27   	  81.38		
110.78   	217.59   	104.60   	 127.16		
 97.66   	198.67   	105.11   	 183.11		
 83.62   	178.83   	105.84   	 223.80		
 68.05   	158.69   	106.73   	 264.50		
 50.05   	136.72   	107.79   	 305.19		
 28.99   	111.39   	109.01   	 335.71		
  7.32   	 83.31   	110.36   	 366.22		
-12.21   	 55.54   	111.82   	 386.57		
-27.16   	 31.13   	113.37   	 406.92		
-37.54   	 11.60   	114.99   	 417.09		
-44.86   	 -3.36   	116.66   	 427.26		
-51.27   	-15.87   	118.37   	 427.26		
-57.98   	-27.16   	120.08   	 432.35		
-64.70   	-36.93   	121.81   	 422.18		
-70.50   	-45.17   	123.50   	 417.09		
-74.46   	-51.27   	125.17   	 396.74		
-77.21   	-56.15   	126.75   	 366.22		
-79.65   	-60.42   	128.22   	 335.71		
-83.01   	-64.39   	129.56   	 289.93		
-87.28   	-67.14   	130.72   	 244.15		
-90.33   	-67.44   	131.70   	 183.11		
-90.33   	-65.00   	132.43   	 127.16		
-87.89   	-61.65   	132.94   	  61.04		
-85.14   	-60.12   	133.18   	   0.00		
-84.23   	-61.65   	133.18   	 -55.95		
-85.75   	-66.53   	132.96   	-106.82		
-88.50   	-72.33   	132.53   	-162.77		
-90.33   	-76.29   	131.88   	-203.46		
-90.33   	-76.60   	131.07   	-249.24		
-89.42   	-73.55   	130.07   	-284.84		
-87.89   	-69.58   	128.93   	-315.36		
-86.67   	-67.75   	127.67   	-356.05		
-85.75   	-70.50   	126.25   	-396.74		
-86.06   	-77.82   	124.66   	-442.52		
-86.98   	-86.06   	122.89   	-493.39		
-89.11   	-91.55   	120.92   	-544.25		
-91.86   	-93.38   	118.74   	-595.11		
-93.99   	-90.94   	116.36   	-645.98		
-93.08   	-86.06   	113.77   	-696.84		
-89.42   	-79.65   	110.99   	-732.45		
-83.31   	-72.94   	108.06   	-757.88		
-77.82   	-66.53   	105.03   	-762.97		
-75.38   	-63.48   	101.97   	-747.71		
-76.90   	-65.61   	 98.98   	-707.02		
-79.96   	-72.02   	 96.15   	-640.89		
-82.09   	-79.35   	 93.59   	-549.34		
-81.79   	-84.53   	 91.39   	-427.26		
-79.35   	-86.06   	 89.68   	-289.93		
-76.60   	-83.92   	 88.52   	-142.42		
-74.77   	-81.18   	 87.95   	  10.17		
-74.77   	-79.65   	 88.00   	 157.68		
-76.60   	-80.26   	 88.63   	 305.19		
-78.43   	-82.70   	 89.85   	 422.18		
-79.04   	-84.53   	 91.54   	 528.99		
-76.90   	-83.92   	 93.65   	 600.20		
-72.02   	-79.04   	 96.05   	 640.89		
-66.83   	-72.94   	 98.62   	 651.07		
-65.00   	-69.27   	101.22   	 625.63		
-68.05   	-71.11   	103.72   	 564.60		
-75.68   	-78.13   	105.98   	 467.95		
-83.31   	-86.06   	107.85   	 361.14		
-87.28   	-90.03   	109.30   	 223.80		
-85.75   	-87.89   	110.19   	  96.64		
-80.57   	-81.48   	110.58   	 -35.61		
-74.77   	-73.85   	110.44   	-157.68		
-70.50   	-68.36   	109.81   	-254.32		
-66.53   	-64.09   	108.79   	-335.71		
-62.26   	-58.29   	107.45   	-396.74		
-56.46   	-48.52   	105.86   	-432.35		
-48.83   	-32.35   	104.13   	-447.61		
-40.28   	-12.21   	102.34   	-442.52		
-32.04   	  7.32   	100.57   	-422.18		
-26.25   	 21.06   	 98.88   	-386.57		
-23.80   	 25.63   	 97.33   	-350.97		
-22.89   	 22.58   	 95.93   	-305.19		
-20.45   	 18.92   	 94.71   	-269.58		
-11.29   	 22.89   	 93.63   	-233.98		
  4.58   	 36.32   	 92.70   	-213.63		
 22.89   	 53.71   	 91.84   	-203.46		
 37.84   	 64.39   	 91.03   	-193.29		
 44.56   	 59.81   	 90.25   	-208.54		
 43.95   	 39.67   	 89.42   	-223.80		
 39.06   	 11.60   	 88.52   	-249.24		
 32.96   	-16.48   	 87.53   	-279.75		
 26.86   	-38.15   	 86.41   	-315.36		
 20.45   	-52.49   	 85.15   	-350.97		
 14.04   	-59.51   	 83.74   	-386.57		
  7.93   	-60.12   	 82.20   	-406.92		
  0.00   	-57.37   	 80.57   	-432.35		
-12.82   	-56.46   	 78.84   	-442.52		
-32.65   	-61.65   	 77.07   	-447.61		
-57.98   	-75.38   	 75.28   	-437.43		
-81.48   	-93.69   	 73.53   	-422.18		
-96.44   	-111.08   	 71.84   	-401.83		
-101.01   	-121.77   	 70.23   	-366.22		
-98.57   	-123.60   	 68.77   	-325.53		
-94.91   	-117.80   	 67.47   	-284.84		
-93.69   	-108.34   	 66.33   	-233.98		
-95.21   	-100.40   	 65.39   	-178.03		
-97.66   	-97.05   	 64.68   	-116.99		
-99.18   	-98.57   	 64.21   	 -55.95		
-100.10   	-103.45   	 63.99   	  20.35		
-101.62   	-109.25   	 64.07   	 101.73		
-105.59   	-115.05   	 64.48   	 178.03		
-112.61   	-121.46   	 65.19   	 264.50		
-122.38   	-127.87   	 66.25   	 335.71		
-124.51   	-129.39   	 67.59   	 401.83		
-100.40   	-119.63   	 69.20   	 442.52		
-26.25   	-90.33   	 70.97   	 457.78		
113.53   	-31.74   	 72.80   	 447.61		
316.77   	 64.70   	 74.59   	 396.74		
559.08   	207.21   	 76.17   	 310.27		
799.56   	394.90   	 77.42   	 208.54		
986.63   	599.98   	 78.25   	  96.64		
1065.98   	766.60   	 78.64   	 -25.43		
991.52   	834.05(R)	 78.53   	-137.33		
754.70   	773.01   	 77.99   	-223.80		
406.80   	605.47   	 77.09   	-295.01		
 49.13   	394.29   	 75.91   	-340.79		
-209.35   	205.08   	 74.55   	-366.22		
-311.89   	 69.27   	 73.08   	-366.22		
-281.07   	-16.17   	 71.62   	-330.62		
-192.87   	-67.14   	 70.29   	-284.84		
-117.49   	-92.47   	 69.16   	-208.54		
-83.62   	-94.60   	 68.32   	-122.07		
-79.96   	-79.04   	 67.83   	 -25.43		
-83.01   	-57.98   	 67.73   	  61.04		
-84.53   	-46.08   	 67.98   	 137.33		
-87.89   	-49.44   	 68.52   	 193.29		
-96.44   	-61.95   	 69.30   	 223.80		
-105.90   	-72.94   	 70.19   	 213.63		
-108.64   	-75.38   	 71.05   	 183.11		
-103.76   	-70.19   	 71.78   	 116.99		
-95.83   	-62.56   	 72.25   	  35.61		
-90.33   	-57.68   	 72.39   	 -61.04		
-89.72   	-57.98   	 72.15   	-167.85		
-90.94   	-61.95   	 71.47   	-269.58		
-91.55   	-66.22   	 70.40   	-366.22		
-90.64   	-68.05   	 68.93   	-437.43		
-87.59   	-65.92   	 67.18   	-478.13		
-83.31   	-60.42   	 65.27   	-493.39		
-78.13   	-53.10   	 63.30   	-467.95		
-72.63   	-46.08   	 61.42   	-406.92		
-67.44   	-40.89   	 59.80   	-300.10		
-62.87   	-37.84   	 58.60   	-172.94		
-58.59   	-35.40   	 57.90   	 -20.35		
-54.93   	-32.65   	 57.82   	 147.51		
-52.19   	-28.69   	 58.41   	 320.45		
-49.13   	-23.80   	 59.69   	 478.13		
-44.56   	-17.70   	 61.61   	 615.46		
-37.23   	-10.68   	 64.07   	 732.45		
-28.69   	 -2.75   	 67.00   	 824.00		
-20.75   	  5.80   	 70.29   	 879.96		
-15.87   	 13.73   	 73.81   	 920.65		
-12.82   	 21.97   	 77.50   	 940.99		
 -7.63   	 31.43   	 81.26   	 946.08		
  2.14   	 42.72   	 85.05   	 971.51		
 15.56   	 54.63   	 88.93   	1007.12		
 28.99   	 66.22   	 92.96   	1083.41		
 39.98   	 76.90   	 97.29   	1195.32		
 48.22   	 88.20   	102.07   	1322.48		
 56.15   	102.23   	107.36   	1464.90		
 65.92   	119.02   	113.22   	1571.71		
 77.51   	136.41   	119.51   	1653.10		
 90.33   	151.98   	126.12   	1683.61		
103.45   	164.18   	132.86   	1673.44		
116.58   	173.65   	139.55   	1642.92		
128.48   	182.80   	146.12   	1637.84		
138.55   	193.48   	152.67   	1698.87		
146.79   	206.91   	159.47   	1800.60		
153.81   	222.47   	166.67   	1907.42		
159.61   	238.95   	174.30   	1932.85		
163.57   	253.30   	182.03   	1810.78		
165.41   	263.67   	189.28   	1510.68		
164.18   	269.47   	195.32   	1052.90		
159.30   	269.47   	199.53   	 467.95		
151.06   	263.06   	201.40   	-162.77		
138.55   	250.24   	200.75   	-783.31		
122.99   	231.63   	197.62   	-1322.48		
106.51   	209.35   	192.33   	-1759.91		
 90.64   	185.55   	185.29   	-2065.10		
 75.38   	162.05   	177.03   	-2263.47		
 58.90   	137.94   	167.97   	-2360.11		
 39.67   	112.00   	158.53   	-2375.37		
 17.09   	 84.23   	149.03   	-2324.51		
 -6.10   	 56.76   	139.73   	-2212.61		
-25.94   	 31.74   	130.88   	-2054.93		
-39.37   	 11.60   	122.66   	-1851.47		
-46.39   	 -3.66   	115.26   	-1612.40		
-50.05   	-15.87   	108.81   	-1337.74		
-54.63   	-26.86   	103.46   	-1047.81		
-62.87   	-36.32   	 99.27   	-747.71		
-73.85   	-43.64   	 96.28   	-447.61		
-83.01   	-47.61   	 94.49   	-162.77		
-85.75   	-48.22   	 93.83   	  81.38		
-82.70   	-47.00   	 94.16   	 305.19		
-77.82   	-46.39   	 95.38   	 478.13		
-75.99   	-47.61   	 97.29   	 620.55		
-79.35   	-50.05   	 99.78   	 727.36		
-85.45   	-51.88   	102.69   	 788.40		
-90.03   	-51.57   	105.84   	 824.00		
-90.33   	-50.05   	109.13   	 834.18		
-87.89   	-49.13   	112.47   	 803.66		
-85.45   	-50.35   	115.69   	 762.97		
-83.92   	-53.41   	118.74   	 691.76		
-83.01   	-57.07   	121.51   	 615.46		
-81.79   	-60.12   	123.97   	 518.82		
-79.35   	-61.95   	126.04   	 422.18		
-77.21   	-64.09   	127.73   	 330.62		
-76.90   	-67.44   	129.05   	 228.89		
-78.74   	-71.72   	129.97   	 142.42		
-80.87   	-74.46   	130.54   	  61.04		
-81.18   	-73.55   	130.78   	 -20.35		
-78.74   	-68.66   	130.70   	 -86.47		
-75.38   	-61.95   	130.36   	-152.59		
-73.85   	-55.85   	129.75   	-218.72		
-75.07   	-54.02   	128.87   	-269.58		
-78.43   	-56.76   	127.79   	-325.53		
-79.96   	-62.56   	126.49   	-371.31		
-78.13   	-68.97   	125.00   	-406.92		
-72.94   	-73.24   	123.38   	-442.52		
-66.53   	-74.46   	121.61   	-457.78		
-62.56   	-73.24   	119.78   	-467.95		
-62.56   	-71.11   	117.90   	-467.95		
-65.31   	-69.27   	116.03   	-457.78		
-68.05   	-67.75   	114.20   	-437.43		
-68.97   	-65.92   	112.45   	-412.00		
-67.14   	-63.78   	110.80   	-376.40		
-64.70   	-62.26   	109.30   	-350.97		
-64.39   	-63.48   	107.89   	-315.36		
-66.22   	-67.14   	106.63   	-279.75		
-69.58   	-72.33   	105.51   	-239.06		
-71.72   	-77.21   	104.56   	-208.54		
-71.72   	-80.26   	103.72   	-172.94		
-70.50   	-81.79   	103.03   	-142.42		
-69.89   	-83.62   	102.46   	-106.82		
-70.19   	-86.06   	102.03   	 -81.38		
-70.80   	-89.11   	101.71   	 -50.86		
-70.50   	-91.25   	101.51   	 -35.61		
-68.97   	-90.94   	101.36   	 -20.35		
-68.05   	-88.50   	101.28   	  -5.09		
-69.27   	-84.84   	101.26   	   0.00		
-72.33   	-81.18   	101.26   	   0.00		
-74.77   	-79.04   	101.26   	  -5.09		
-74.16   	-77.51   	101.24   	 -15.26		
-70.19   	-74.77   	101.18   	 -20.35		
-65.00   	-68.97   	101.10   	 -40.69		
-59.81   	-59.81   	100.94   	 -55.95		
-55.54   	-47.91   	100.71   	 -71.21		
-49.74   	-32.96   	100.43   	 -96.64		
-40.89   	-15.56   	100.04   	-116.99		
-29.30   	  4.27   	 99.57   	-132.25		
-17.70   	 22.58   	 99.04   	-152.59		
-10.99   	 33.57   	 98.43   	-167.85		
-10.68   	 32.96   	 97.76   	-183.11		
-13.12   	 21.67   	 97.03   	-188.20		
-12.21   	  7.93   	 96.28   	-193.29		
 -2.44   	  3.36   	 95.50   	-198.37		
 15.87   	 13.12   	 94.71   	-188.20		
 36.93   	 33.26   	 93.96   	-178.03		
 53.10   	 52.19   	 93.24   	-172.94		
 59.51   	 57.68   	 92.55   	-152.59		
 56.15   	 45.17   	 91.94   	-137.33		
 47.00   	 19.23   	 91.39   	-116.99		
 36.62   	-10.38   	 90.93   	 -96.64		
 28.08   	-35.40   	 90.54   	 -76.30		
 21.97   	-50.35   	 90.23   	 -55.95		
 16.48   	-56.46   	 90.01   	 -35.61		
  9.46   	-57.37   	 89.87   	 -10.17		
 -1.83   	-57.98   	 89.83   	   5.09		
-17.40   	-61.04   	 89.85   	  20.35		
-36.32   	-68.36   	 89.93   	  35.61		
-56.15   	-79.04   	 90.07   	  45.78		
-74.46   	-91.25   	 90.25   	  55.95		
-89.11   	-102.54   	 90.48   	  50.86		
-97.96   	-110.47   	 90.68   	  50.86		
-100.40   	-113.22   	 90.88   	  50.86		
-97.35   	-111.69   	 91.09   	  40.69		
-92.16   	-107.73   	 91.25   	  25.43		
-87.89   	-104.98   	 91.35   	  20.35		
-87.89   	-104.37   	 91.43   	   0.00		
-92.16   	-106.81   	 91.43   	 -10.17		
-98.88   	-110.47   	 91.39   	 -30.52		
-104.98   	-114.14   	 91.27   	 -45.78		
-109.25   	-117.19   	 91.09   	 -61.04		
-112.92   	-119.63   	 90.84   	 -76.30		
-116.88   	-120.24   	 90.54   	 -96.64		
-115.66   	-115.97   	 90.15   	-106.82		
-92.77   	-104.06   	 89.72   	-122.07		
-23.80   	-78.13   	 89.24   	-132.25		
109.56   	-28.69   	 88.71   	-142.42		
307.31   	 56.15   	 88.14   	-147.51		
548.10   	187.99   	 87.55   	-157.68		
791.63   	369.87   	 86.92   	-157.68		
987.24   	576.48   	 86.29   	-157.68		
1078.49   	751.65   	 85.66   	-157.68		
1016.24   	832.52(R)	 85.03   	-157.68		
784.00   	786.44   	 84.39   	-152.59		
428.77   	630.80   	 83.78   	-142.42		
 53.41   	426.03   	 83.21   	-132.25		
-226.14   	236.21   	 82.69   	-122.07		
-346.07   	 93.38   	 82.20   	-111.90		
-325.62   	 -4.27   	 81.75   	-101.73		
-240.78   	-66.53   	 81.34   	 -81.38		
-166.32   	-97.05   	 81.02   	 -71.21		
-132.45   	-94.60   	 80.73   	 -61.04		
-126.04   	-67.44   	 80.49   	 -50.86		
-123.90   	-36.32   	 80.28   	 -40.69		
-118.41   	-21.97   	 80.12   	 -30.52		
-113.83   	-29.91   	 80.00   	 -25.43		
-115.66   	-48.83   	 79.90   	 -10.17		
-121.15   	-63.17   	 79.86   	   0.00		
-123.90   	-66.53   	 79.86   	  10.17		
-120.24   	-62.56   	 79.90   	  25.43		
-113.22   	-58.29   	 80.00   	  35.61		
-106.51   	-57.68   	 80.14   	  35.61		
-101.93   	-58.90   	 80.28   	  30.52		
-98.27   	-57.98   	 80.41   	  20.35		
-94.91   	-53.41   	 80.49   	   5.09		
-91.55   	-46.08   	 80.51   	  -5.09		
-88.20   	-38.76   	 80.49   	 -20.35		
-84.84   	-35.40   	 80.41   	 -15.26		
-81.48   	-36.62   	 80.35   	   0.00		
-78.13   	-40.59   	 80.35   	  35.61		
-74.46   	-44.25   	 80.49   	  81.38		
-69.27   	-45.17   	 80.81   	 137.33		
-62.87   	-41.50   	 81.36   	 208.54		
-55.54   	-34.18   	 82.20   	 274.67		
-47.91   	-24.72   	 83.30   	 335.71		
-42.11   	-16.78   	 84.64   	 391.66		
-39.37   	-11.29   	 86.21   	 432.35		
-38.45   	 -7.93   	 87.93   	 447.61		
-36.62   	 -4.27   	 89.72   	 462.87		
-30.52   	  1.22   	 91.58   	 457.78		
-19.84   	  9.16   	 93.41   	 447.61		
 -7.02   	 18.92   	 95.20   	 432.35		
  4.27   	 29.60   	 96.93   	 412.00		
 12.51   	 41.81   	 98.58   	 396.74		
 18.92   	 55.85   	100.16   	 386.57		
 26.25   	 70.50   	101.71   	 381.48		
 36.01   	 83.92   	103.23   	 386.57		
 47.30   	 93.69   	104.78   	 386.57		
 58.90   	100.71   	106.33   	 391.66		
 70.19   	107.42   	107.89   	 391.66		
 82.09   	116.58   	109.46   	 391.66		
 94.60   	130.00   	111.03   	 371.31		
108.95   	146.48   	112.51   	 361.14		
122.99   	164.18   	113.96   	 335.71		
135.80   	180.36   	115.30   	 315.36		
146.18   	194.40   	116.56   	 289.93		
154.11   	206.60   	117.72   	 269.58		
159.91   	216.98   	118.80   	 244.15		
163.57   	226.75   	119.78   	 223.80		
166.63   	235.60   	120.67   	 198.37		
169.07   	242.92   	121.46   	 188.20		
170.59   	247.50   	122.22   	 167.85		
169.68   	248.72   	122.89   	 157.68		
165.10   	245.06   	123.52   	 152.59		
155.94   	235.90   	124.13   	 137.33		
140.38   	221.25   	124.68   	 132.25		
119.63   	200.20   	125.21   	 122.07		
 95.21   	174.56   	125.70   	 116.99		
 70.50   	146.18   	126.16   	 106.82		
 48.52   	118.41   	126.59   	  96.64		
 30.52   	 93.69   	126.98   	  76.30		
 16.17   	 72.94   	127.28   	  66.12		
  3.05   	 54.63   	127.55   	  40.69		
-10.68   	 37.23   	127.71   	  25.43		
-24.41   	 19.53   	127.81   	  15.26		
-37.54   	  2.75   	127.87   	   0.00		
-48.52   	-12.21   	127.87   	   5.09		
-57.07   	-24.72   	127.89   	  10.17		
-63.17   	-34.79   	127.93   	  15.26		
-68.36   	-43.64   	128.00   	  30.52		
-72.94   	-51.88   	128.12   	  40.69		
-77.21   	-58.59   	128.28   	  45.78		
-80.57   	-62.87   	128.46   	  45.78		
-81.79   	-62.56   	128.65   	  30.52		
-80.87   	-57.98   	128.77   	  20.35		
-78.13   	-51.57   	128.85   	  -5.09		
-75.68   	-47.00   	128.83   	 -30.52		
-75.68   	-47.30   	128.71   	 -61.04		
-78.74   	-52.19   	128.46   	 -96.64		
-83.01   	-59.20   	128.08   	-127.16		
-86.36   	-65.61   	127.57   	-157.68		
-87.59   	-69.58   	126.94   	-193.29		
-86.06   	-71.72   	126.16   	-213.63		
-84.53   	-73.85   	125.31   	-244.15		
-83.62   	-76.29   	124.33   	-259.41		
-83.92   	-77.51   	123.30   	-279.75		
-83.92   	-75.99   	122.18   	-284.84		
-82.70   	-70.50   	121.04   	-284.84		
-80.26   	-63.48   	119.90   	-284.84		
-77.51   	-58.59   	118.76   	-274.67		
-76.60   	-58.29   	117.66   	-259.41		
-77.82   	-62.56   	116.62   	-254.32		
-80.26   	-68.66   	115.60   	-244.15		
-82.09   	-73.24   	114.63   	-239.06		
-81.48   	-75.68   	113.67   	-233.98		
-79.35   	-75.99   	112.74   	-233.98		
-77.21   	-76.60   	111.80   	-228.89		
-76.60   	-77.51   	110.88   	-223.80		
-76.90   	-78.43   	109.99   	-208.54		
-75.99   	-77.82   	109.16   	-188.20		
-73.85   	-76.29   	108.40   	-162.77		
-72.02   	-75.68   	107.75   	-142.42		
-72.63   	-77.21   	107.18   	-116.99		
-75.99   	-79.96   	106.71   	 -86.47		
-80.26   	-82.09   	106.37   	 -71.21		
-82.09   	-81.48   	106.08   	 -55.95		
-80.57   	-78.74   	105.86   	 -40.69		
-76.90   	-75.99   	105.70   	 -30.52		
-73.85   	-75.99   	105.57   	 -30.52		
-72.63   	-78.74   	105.45   	 -30.52		
-74.16   	-83.01   	105.33   	 -30.52		
-76.60   	-86.36   	105.21   	 -45.78		
-78.13   	-88.20   	105.03   	 -55.95		
-77.82   	-86.67   	104.80   	 -66.12		
-75.68   	-83.01   	104.54   	 -81.38		
-73.24   	-78.13   	104.21   	 -91.56		
-72.94   	-74.77   	103.84   	 -91.56		
-75.07   	-74.46   	103.48   	-101.73		
-78.13   	-77.21   	103.07   	 -91.56		
-79.96   	-81.48   	102.71   	 -91.56		
-80.57   	-86.06   	102.34   	 -91.56		
-79.96   	-89.42   	101.97   	 -81.38		
-79.35   	-91.55   	101.65   	 -81.38		
-79.04   	-91.25   	101.32   	 -86.47		
-77.51   	-86.98   	100.98   	 -86.47		
-75.07   	-78.13   	100.63   	 -91.56		
-70.50   	-64.39   	100.26   	 -86.47		
-62.87   	-46.08   	 99.92   	 -91.56		
-51.27   	-24.11   	 99.55   	 -86.47		
-36.32   	 -0.31   	 99.21   	 -86.47		
-21.97   	 20.75   	 98.86   	 -86.47		
-13.12   	 32.96   	 98.51   	 -81.38		
-12.82   	 32.96   	 98.19   	 -81.38		
-17.70   	 23.80   	 97.86   	 -81.38		
-18.62   	 15.26   	 97.54   	 -81.38		
 -8.85   	 16.78   	 97.21   	 -76.30		
 12.21   	 30.21   	 96.91   	 -76.30		
 36.32   	 47.91   	 96.60   	 -76.30		
 53.71   	 58.29   	 96.30   	 -71.21		
 57.37   	 53.41   	 96.01   	 -76.30		
 49.44   	 32.96   	 95.71   	 -71.21		
 36.32   	  4.58   	 95.42   	 -76.30		
 25.63   	-22.58   	 95.12   	 -76.30		
 20.14   	-43.03   	 94.81   	 -81.38		
 18.01   	-55.24   	 94.49   	 -86.47		Beg---------
 15.26   	-60.73   	 94.14   	 -81.38		
  7.93   	-63.48   	 93.81   	 -86.47		
 -5.80   	-66.83   	 93.47   	 -81.38		
-24.41   	-72.94   	 93.14   	 -76.30		
-45.17   	-80.87   	 92.84   	 -71.21		
-65.00   	-89.72   	 92.55   	 -71.21		
-82.70   	-97.96   	 92.27   	 -66.12		
-96.74   	-105.29   	 92.00   	 -66.12		
-106.20   	-111.08   	 91.74   	 -66.12		
-110.47   	-115.05   	 91.47   	 -76.30		
-110.47   	-115.66   	 91.17   	 -81.38		
-107.42   	-113.22   	 90.84   	 -86.47		
-103.76   	-109.86   	 90.50   	 -91.56		
-101.93   	-108.64   	 90.13   	-101.73		
-102.54   	-110.47   	 89.72   	 -96.64		
-104.68   	-113.53   	 89.34   	 -96.64		
-106.51   	-115.05   	 88.95   	 -96.64		
-108.64   	-113.83   	 88.57   	 -96.64		
-112.92   	-111.69   	 88.18   	 -96.64		
-119.63   	-110.47   	 87.79   	 -91.56		
-119.93   	-108.03   	 87.43   	 -91.56		
-93.38   	-99.79   	 87.06   	 -81.38		
-13.43   	-76.90   	 86.73   	 -81.38		
136.41   	-27.16   	 86.41   	 -81.38		
352.78   	 63.17   	 86.08   	 -76.30		
608.22   	205.38   	 85.78   	 -76.30		
856.63   	397.34   	 85.47   	 -81.38		
1040.95   	606.08   	 85.15   	 -76.30		
1102.91   	770.26   	 84.84   	 -81.38		
997.31   	829.47(R)	 84.52   	 -71.21		
723.88   	760.80   	 84.23   	 -71.21		
346.68   	592.96   	 83.95   	 -61.04		
-22.28   	390.63   	 83.70   	 -55.95		
-273.44   	212.40   	 83.48   	 -55.95		
-357.67   	 81.18   	 83.26   	 -50.86		
-309.75   	 -8.54   	 83.05   	 -50.86		
-211.79   	-67.14   	 82.85   	 -50.86		
-134.89   	-96.13   	 82.64   	 -50.86		
-103.15   	-95.21   	 82.44   	 -45.78		
-101.62   	-73.55   	 82.26   	 -50.86		
-104.98   	-48.52   	 82.05   	 -50.86		
-103.45   	-37.23   	 81.85   	 -50.86		
-100.71   	-42.72   	 81.65   	 -50.86		
-102.23   	-57.07   	 81.44   	 -61.04		
-106.81   	-68.97   	 81.20   	 -71.21		
-109.86   	-73.85   	 80.92   	 -71.21		
-108.03   	-74.16   	 80.63   	 -81.38		
-102.54   	-73.85   	 80.30   	 -76.30		
-95.83   	-73.85   	 80.00   	 -76.30		
-90.33   	-75.07   	 79.69   	 -71.21		
-87.89   	-75.38   	 79.41   	 -50.86		
-87.89   	-74.16   	 79.21   	 -35.61		
-88.81   	-71.41   	 79.06   	  -5.09		
-88.20   	-68.05   	 79.04(D)	  25.43		
-84.84   	-63.78   	 79.15   	  71.21		
-78.43   	-58.90   	 79.43   	 111.90		
-71.11   	-54.02   	 79.88   	 162.77		
-65.00   	-50.66   	 80.53   	 218.72		
-61.34   	-49.13   	 81.40   	 269.58		
-59.81   	-49.13   	 82.48   	 310.27		
-57.37   	-48.22   	 83.72   	 356.05		
-52.19   	-44.56   	 85.15   	 381.48		
-43.64   	-37.54   	 86.67   	 401.83		
-34.18   	-28.38   	 88.28   	 412.00		
-26.55   	-19.23   	 89.93   	 412.00		
-21.67   	-11.90   	 91.58   	 401.83		
-17.70   	 -5.49   	 93.18   	 391.66		
-12.82   	  1.53   	 94.75   	 376.40		
 -6.10   	 11.29   	 96.26   	 350.97		
  2.14   	 23.19   	 97.66   	 340.79		
 11.60   	 35.71   	 99.02   	 325.53		
 22.89   	 45.78   	100.33   	 320.45		
 34.79   	 53.10   	101.61   	 325.53		
 47.00   	 58.29   	102.91   	 340.79		
 57.98   	 63.78   	104.27   	 350.97		
 67.75   	 71.72   	105.68   	 361.14		
 78.74   	 83.31   	107.12   	 371.31		
 90.94   	 98.27   	108.61   	 376.40		
104.68   	116.27   	110.11   	 376.40		
118.41   	134.89   	111.62   	 366.22		
131.23   	153.50   	113.08   	 350.97		
143.43   	170.90   	114.49   	 335.71		
154.42   	186.46   	115.83   	 315.36		
162.96   	199.58   	117.09   	 295.01		
167.85   	209.05   	118.27   	 274.67		
169.68   	214.84   	119.37   	 254.32		
171.20   	218.51   	120.39   	 239.06		
173.03   	221.86   	121.34   	 218.72		
173.95   	224.91   	122.22   	 203.46		
172.42   	227.05   	123.03   	 193.29		
166.63   	225.83   	123.80   	 178.03		
156.56   	219.73   	124.52   	 167.85		
143.13   	208.44   	125.19   	 152.59		
126.65   	191.65   	125.80   	 147.51		
107.42   	169.07   	126.39   	 127.16		
 84.84   	140.69   	126.90   	 122.07		
 59.51   	108.95   	127.39   	 111.90		
 33.26   	 78.13   	127.83   	 101.73		
  9.16   	 52.19   	128.24   	  91.56		
-10.07   	 32.04   	128.61   	  81.38		
-23.19   	 15.56   	128.93   	  71.21		
-31.43   	  0.61   	129.22   	  61.04		
-37.54   	-14.34   	129.46   	  50.86		
-44.86   	-27.77   	129.66   	  35.61		
-53.41   	-37.84   	129.81   	  30.52		
-62.56   	-44.56   	129.93   	  20.35		
-70.50   	-50.35   	130.01   	  10.17		
-76.29   	-57.68   	130.05(S)	   0.00		
-78.74   	-65.31   	130.05   	  -5.09		
-78.43   	-71.41   	130.03   	 -20.35		
-77.51   	-73.85   	129.95   	 -30.52		
-77.82   	-72.94   	129.83   	 -40.69		
-79.65   	-70.50   	129.66   	 -55.95		
-81.79   	-69.58   	129.44   	 -66.12		
-82.40   	-70.80   	129.18   	-203.46		
-79.35   	-75.68   	128.36   	-132.25		
-78.74   	-76.90   	127.83   	-152.59		
-79.65   	-76.90   	127.22   	-183.11		
-80.57   	-76.60   	126.49   	-208.54		
-79.96   	-76.29   	125.66   	-228.89		
-77.82   	-76.29   	124.74   	-254.32		
-75.38   	-76.29   	123.72   	-269.58		
-74.77   	-76.29   	122.64   	-274.67		
-75.68   	-77.21   	121.55   	-274.67		
-76.90   	-79.65   	120.45   	-269.58		
-77.51   	-82.70   	119.37   	-264.50		
-77.82   	-85.14   	118.31   	-244.15		
-77.21   	-86.06   	117.33   	-233.98		
-76.60   	-85.75   	116.40   	-218.72		
-76.29   	-86.06   	115.52   	-208.54		
-76.60   	-87.28   	114.69   	-198.37		
-77.51   	-88.20   	113.90   	-188.20		
-77.82   	-86.36   	113.14   	-183.11		
-76.29   	-82.70   	112.41   	-178.03		
-73.55   	-79.65   	111.70   	-167.85		
-70.19   	-80.26   	111.03   	-162.77		
-68.36   	-83.62   	110.38   	-157.68		
-68.36   	-86.67   	109.75   	-152.59		
-68.97   	-86.67   	109.13   	-142.42		
-69.58   	-84.23   	108.57   	-132.25		
-69.89   	-81.79   	108.04   	-127.16		
-70.50   	-82.09   	107.53   	-122.07		
-70.50   	-84.23   	107.04   	-111.90		
-68.97   	-86.67   	106.59   	-111.90		
-66.83   	-88.50   	106.14   	-101.73		
-65.31   	-90.03   	105.74   	 -96.64		
-66.83   	-93.08   	105.35   	 -96.64		
-70.19   	-97.96   	104.96   	 -96.64		
-73.55   	-102.54   	104.58   	 -86.47		
-74.77   	-104.37   	104.23   	 -91.56		
-73.55   	-102.54   	103.87   	 -86.47		
-72.02   	-97.96   	103.52   	 -86.47		
-72.02   	-93.69   	103.17   	 -81.38		
-73.55   	-90.94   	102.85   	 -81.38		
-75.07   	-89.42   	102.52   	 -81.38		
-75.99   	-87.59   	102.20   	 -81.38		
-75.68   	-84.84   	101.87   	 -81.38		
-75.99   	-82.09   	101.55   	 -81.38		
-76.90   	-80.26   	101.22   	 -81.38		
-76.60   	-79.96   	100.89   	 -76.30		
-73.85   	-79.96   	100.59   	 -81.38		
-68.97   	-78.13   	100.26   	 -81.38		
-63.48   	-72.02   	 99.94   	 -81.38		
-57.07   	-61.04   	 99.61   	 -81.38		
-49.44   	-44.86   	 99.29   	 -86.47		
-39.06   	-25.63   	 98.94   	 -81.38		
-26.86   	 -6.71   	 98.62   	 -86.47		
-16.78   	  7.32   	 98.27   	 -86.47		
-11.90   	 14.04   	 97.92   	 -86.47		
-11.60   	 12.82   	 97.58   	 -81.38		
-11.29   	  8.54   	 97.25   	 -86.47		
 -4.27   	  8.54   	 96.91   	 -81.38		
 11.60   	 18.31   	 96.58   	 -86.47		
 33.57   	 35.71   	 96.24   	 -76.30		
 53.41   	 51.27   	 95.93   	 -81.38		
 64.09   	 54.63   	 95.60   	 -76.30		
 63.48   	 40.59   	 95.30   	 -76.30		
 54.32   	 13.43   	 94.99   	 -76.30		
 42.11   	-17.09   	 94.69   	 -71.21		
 31.74   	-41.81   	 94.40   	 -76.30		
 24.41   	-57.37   	 94.10   	 -71.21		
 18.31   	-65.31   	 93.81   	 -76.30		
 10.38   	-68.36   	 93.51   	 -71.21		
 -0.61   	-70.80   	 93.22   	 -71.21		
-15.26   	-75.07   	 92.94   	 -71.21		
-33.57   	-83.01   	 92.65   	 -71.21		
-53.71   	-94.30   	 92.37   	 -76.30		
-73.55   	-107.42   	 92.06   	 -76.30		
-90.03   	-119.32   	 91.76   	 -76.30		
-100.71   	-127.56   	 91.45   	 -76.30		
-103.76   	-130.92   	 91.15   	 -76.30		
-101.01   	-129.70   	 90.84   	 -81.38		
-96.44   	-124.82   	 90.52   	 -81.38		
-93.08   	-118.71   	 90.19   	 -86.47		
-93.08   	-112.92   	 89.85   	 -81.38		
-94.91   	-108.34   	 89.52   	 -81.38		
-96.74   	-105.29   	 89.20   	 -86.47		
-96.74   	-104.37   	 88.85   	 -86.47		
-96.44   	-106.81   	 88.50   	 -81.38		
-99.49   	-114.14   	 88.18   	 -81.38		
-109.56   	-126.04   	 87.85   	 -81.38		
-122.07   	-138.55   	 87.53   	 -81.38		
-120.54   	-143.43   	 87.20   	 -76.30		
-77.21   	-130.92   	 86.90   	 -81.38		
 33.26   	-92.16   	 86.57   	 -76.30		
218.81   	-17.70   	 86.27   	 -76.30		
463.26   	101.32   	 85.96   	 -76.30		
728.76   	269.47   	 85.66   	 -76.30		
962.83   	472.41   	 85.35   	 -71.21		
1105.96   	666.20   	 85.07   	 -71.21		
1103.52   	788.88   	 84.78   	 -71.21		
924.07   	796.81(R)	 84.50   	 -66.12		
593.57   	690.00   	 84.23   	 -66.12		
201.42   	514.53   	 83.97   	 -61.04		
-131.84   	332.95   	 83.72   	 -66.12		
-316.16   	183.41   	 83.46   	 -61.04		
-339.36   	 69.89   	 83.21   	 -66.12		
-263.98   	-18.01   	 82.95   	 -61.04		
-173.95   	-81.18   	 82.71   	 -61.04		
-119.93   	-111.69   	 82.46   	 -66.12		
-102.84   	-105.90   	 82.20   	 -66.12		
-100.40   	-76.60   	 81.93   	 -71.21		
-95.52   	-47.91   	 81.65   	 -66.12		
-89.72   	-39.37   	 81.38   	 -66.12		
-90.03   	-52.49   	 81.12   	 -66.12		
-97.35   	-75.07   	 80.85   	 -66.12		
-105.29   	-93.08   	 80.59   	 -66.12		
-107.12   	-98.88   	 80.33   	 -66.12		
-101.93   	-94.60   	 80.06   	 -55.95		
-94.30   	-85.75   	 79.84   	 -61.04		
-88.81   	-78.43   	 79.59   	 -50.86		
-86.36   	-75.68   	 79.39   	 -45.78		
-85.75   	-75.68   	 79.21   	 -30.52		
-84.23   	-76.29   	 79.08   	 -20.35		
-80.57   	-75.38   	 79.00(D)	   5.09		
-75.38   	-73.24   	 79.02   	  35.61		
-70.50   	-70.80   	 79.17   	  76.30		
-67.44   	-68.97   	 79.47   	 116.99		
-65.61   	-66.83   	 79.94   	 172.94		
-63.48   	-63.17   	 80.63   	 218.72		
-58.59   	-57.07   	 81.51   	 269.58		
-50.96   	-49.74   	 82.58   	 315.36		
-42.42   	-43.33   	 83.85   	 356.05		
-36.62   	-38.76   	 85.27   	 391.66		
-33.26   	-35.10   	 86.84   	 406.92		
-31.43   	-30.21   	 88.46   	 427.26		
-28.08   	-22.89   	 90.17   	 427.26		
-21.36   	-15.26   	 91.88   	 417.09		
-12.82   	 -9.77   	 93.55   	 406.92		
 -4.88   	 -7.02   	 95.18   	 386.57		
  1.53   	 -3.97   	 96.72   	 361.14		
  8.54   	  3.05   	 98.17   	 345.88		
 18.01   	 14.95   	 99.55   	 325.53		
 29.91   	 28.99   	100.85   	 325.53		
 43.33   	 41.50   	102.16   	 320.45		
 57.07   	 51.88   	103.44   	 330.62		
 69.89   	 61.95   	104.76   	 345.88		
 82.40   	 74.46   	106.14   	 350.97		
 94.91   	 90.03   	107.55   	 366.22		
107.12   	107.42   	109.01   	 361.14		
118.41   	124.21   	110.46   	 361.14		
129.39   	139.16   	111.90   	 350.97		
140.08   	151.67   	113.31   	 335.71		
150.76   	162.05   	114.65   	 315.36		
160.83   	170.90   	115.91   	 300.10		
169.68   	178.83   	117.11   	 279.75		
177.31   	187.99   	118.23   	 259.41		
182.80   	199.28   	119.27   	 239.06		
186.16   	212.10   	120.22   	 228.89		
185.85   	223.69   	121.14   	 213.63		
181.88   	230.71   	121.99   	 198.37		
174.56   	230.41   	122.79   	 193.29		
164.49   	222.17   	123.56   	 178.03		
151.98   	207.82   	124.27   	 172.94		
137.02   	188.60   	124.96   	 157.68		
119.32   	165.41   	125.59   	 142.42		
 98.88   	137.33   	126.16   	 132.25		
 75.99   	106.51   	126.69   	 122.07		
 53.10   	 76.90   	127.18   	 106.82		
 31.13   	 52.19   	127.61   	  96.64		
 11.29   	 34.18   	128.00   	  86.47		
 -6.71   	 20.14   	128.34   	  71.21		
-22.28   	  7.32   	128.63   	  55.95		
-34.48   	 -6.10   	128.85   	  50.86		
-42.72   	-19.84   	129.05   	  35.61		
-47.61   	-32.35   	129.20   	  20.35		
-51.88   	-42.72   	129.28   	  15.26		
-57.68   	-52.49   	129.34   	   5.09		
-65.00   	-61.34   	129.36(S)	 -10.17		
-71.11   	-68.66   	129.32   	 -15.26		
-73.85   	-73.85   	129.26   	 -25.43		
-74.46   	-76.90   	129.16   	 -40.69		
-75.07   	-79.65   	128.99   	 -50.86		
-77.51   	-83.31   	128.79   	 -61.04		
-80.87   	-88.20   	128.54   	 -81.38		
-83.31   	-92.16   	128.22   	 -91.56		
-83.62   	-93.99   	127.85   	-111.90		
-82.09   	-93.38   	127.41   	-132.25		
-79.96   	-90.64   	126.88   	-152.59		
-78.43   	-87.28   	126.27   	-178.03		
-78.43   	-85.14   	125.55   	-198.37		
-79.35   	-84.53   	124.76   	-228.89		
-80.87   	-85.75   	123.84   	-249.24		
-81.18   	-88.20   	122.85   	-269.58		
-79.65   	-90.64   	121.77   	-279.75		
-76.60   	-92.16   	120.65   	-279.75		
-73.55   	-91.55   	119.53   	-279.75		
-71.41   	-88.81   	118.41   	-269.58		
-70.50   	-85.14   	117.33   	-259.41		
-70.80   	-81.79   	116.30   	-239.06		
-71.72   	-80.26   	115.34   	-228.89		
-72.94   	-82.40   	114.42   	-208.54		
-73.85   	-87.59   	113.59   	-198.37		
-74.16   	-94.30   	112.80   	-188.20		
-72.94   	-100.10   	112.04   	-172.94		
-70.50   	-103.15   	111.35   	-172.94		
-68.36   	-102.54   	110.66   	-162.77		
-68.05   	-98.88   	110.01   	-157.68		
-69.58   	-93.69   	109.38   	-152.59		
-71.11   	-88.81   	108.77   	-147.51		
-71.11   	-86.06   	108.18   	-142.42		
-68.66   	-85.75   	107.61   	-132.25		
-64.70   	-87.89   	107.08   	-132.25		
-61.04   	-91.86   	106.55   	-122.07		
-60.12   	-96.74   	106.06   	-116.99		
-61.65   	-101.93   	105.59   	-116.99		
-63.78   	-106.51   	105.13   	-101.73		
-65.00   	-109.25   	104.72   	-101.73		
-65.31   	-110.78   	104.31   	 -96.64		
-66.22   	-111.08   	103.93   	 -91.56		
-68.97   	-111.39   	103.56   	 -91.56		
-73.24   	-111.69   	103.19   	 -81.38		
-76.29   	-110.78   	102.87   	 -81.38		
-75.07   	-108.64   	102.54   	 -81.38		
-70.19   	-105.29   	102.22   	 -76.30		
-65.00   	-100.71   	101.91   	 -71.21		
-61.95   	-96.13   	101.63   	 -71.21		
-62.26   	-93.08   	101.34   	 -71.21		
-64.70   	-91.86   	101.06   	 -71.21		
-66.53   	-93.69   	100.77   	 -71.21		
-68.05   	-96.44   	100.49   	 -71.21		
-69.58   	-98.57   	100.20   	 -76.30		
-71.41   	-97.96   	 99.90   	 -71.21		
-71.72   	-94.60   	 99.61   	 -76.30		
-68.05   	-88.81   	 99.31   	 -76.30		
-60.12   	-81.48   	 99.00   	 -76.30		
-49.74   	-71.72   	 98.70   	 -81.38		
-40.89   	-58.59   	 98.37   	 -76.30		
-35.10   	-40.59   	 98.07   	 -86.47		
-30.21   	-18.92   	 97.72   	 -81.38		
-24.41   	  2.14   	 97.40   	 -81.38		
-16.78   	 16.78   	 97.07   	 -86.47		
 -8.85   	 19.84   	 96.72   	 -81.38		
 -2.44   	 13.12   	 96.40   	 -86.47		
  4.27   	  4.88   	 96.05   	 -86.47		
 14.04   	  4.58   	 95.71   	 -86.47		
 28.38   	 14.95   	 95.36   	 -81.38		
 44.25   	 30.52   	 95.04   	 -86.47		
 56.46   	 39.37   	 94.69   	 -81.38		
 60.73   	 32.96   	 94.36   	 -81.38		
 56.46   	 12.21   	 94.04   	 -76.30		
 47.30   	-14.65   	 93.73   	 -76.30		
 36.93   	-38.15   	 93.43   	 -76.30		
 28.99   	-53.10   	 93.12   	 -76.30		
 22.89   	-60.42   	 92.82   	 -71.21		
 17.09   	-65.31   	 92.53   	 -71.21		
  8.85   	-71.41   	 92.25   	 -71.21		
 -4.27   	-80.57   	 91.96   	 -71.21		
-21.67   	-90.94   	 91.68   	 -66.12		
-41.20   	-99.79   	 91.41   	 -66.12		
-59.51   	-107.12   	 91.15   	 -66.12		
-73.85   	-113.22   	 90.88   	 -66.12		
-83.01   	-119.32   	 90.62   	 -71.21		
-87.59   	-123.90   	 90.34   	 -66.12		
-90.03   	-124.82   	 90.07   	 -66.12		
-91.25   	-121.77   	 89.81   	 -71.21		
-91.25   	-116.58   	 89.52   	 -71.21		
-90.94   	-112.92   	 89.24   	 -76.30		
-90.33   	-112.00   	 88.93   	 -71.21		
-89.72   	-112.92   	 88.65   	 -71.21		
-90.33   	-113.22   	 88.36   	 -76.30		
-92.16   	-112.92   	 88.06   	 -76.30		
-95.83   	-113.83   	 87.75   	 -71.21		
-102.84   	-118.41   	 87.47   	 -76.30		
-111.08   	-126.65   	 87.16   	 -76.30		
-110.78   	-132.75   	 86.86   	 -71.21		
-79.96   	-128.17   	 86.57   	 -76.30		
  6.41   	-102.84   	 86.27   	 -71.21		
164.18   	-45.17   	 85.98   	 -76.30		
387.57   	 55.24   	 85.68   	 -71.21		
646.36   	206.91   	 85.39   	 -76.30		
891.11   	404.97   	 85.09   	 -71.21		
1063.84   	614.32   	 84.80   	 -76.30		
1107.48   	774.23   	 84.50   	 -71.21		
982.36   	828.86(R)	 84.21   	 -71.21		
695.80   	760.50   	 83.93   	 -71.21		
317.99   	601.50   	 83.64   	 -71.21		
-37.54   	413.82   	 83.36   	 -71.21		
-267.33   	248.11   	 83.07   	 -66.12		
-333.56   	118.41   	 82.81   	 -71.21		
-279.54   	 18.62   	 82.52   	 -66.12		
-187.68   	-55.54   	 82.26   	 -71.21		
-121.46   	-95.83   	 81.97   	 -71.21		
-95.52   	-97.66   	 81.69   	 -66.12		
-90.33   	-72.33   	 81.42   	 -71.21		
-84.84   	-44.25   	 81.14   	 -66.12		
-76.90   	-35.10   	 80.87   	 -71.21		
-74.77   	-48.22   	 80.59   	 -61.04		
-81.79   	-70.50   	 80.35   	 -66.12		
-92.16   	-86.67   	 80.08   	 -61.04		
-97.05   	-90.64   	 79.84   	 -55.95		
-93.69   	-85.45   	 79.61   	 -55.95		
-85.45   	-79.04   	 79.39   	 -50.86		
-77.21   	-75.38   	 79.19   	 -50.86		
-71.11   	-75.38   	 78.98   	 -40.69		
-66.83   	-75.99   	 78.82   	 -35.61		
-64.09   	-74.16   	 78.68   	 -25.43		
-62.56   	-68.05   	 78.58   	  -5.09		
-61.04   	-59.20   	 78.56(D)	  25.43		
-58.59   	-51.27   	 78.66   	  50.86		
-54.63   	-45.78   	 78.86   	  96.64		
-48.83   	-42.72   	 79.25   	 147.51		
-43.03   	-41.81   	 79.84   	 188.20		
-38.76   	-41.81   	 80.59   	 244.15		
-37.54   	-40.59   	 81.57   	 295.01		
-38.45   	-37.23   	 82.75   	 330.62		
-38.76   	-30.82   	 84.07   	 371.31		
-35.71   	-22.58   	 85.55   	 396.74		
-28.38   	-15.56   	 87.14   	 412.00		
-19.23   	-14.04   	 88.79   	 422.18		
-10.07   	-16.78   	 90.48   	 417.09		
 -1.22   	-18.31   	 92.15   	 406.92		
  8.24   	-12.82   	 93.77   	 386.57		
 19.23   	  2.14   	 95.32   	 366.22		
 30.52   	 22.58   	 96.78   	 345.88		
 40.28   	 41.20   	 98.17   	 330.62		
 47.00   	 53.10   	 99.49   	 315.36		
 51.57   	 57.98   	100.75   	 320.45		
 56.15   	 58.59   	102.03   	 325.53		
 64.39   	 61.04   	103.34   	 340.79		
 77.82   	 68.66   	104.70   	 345.88		
 95.21   	 83.01   	106.08   	 361.14		
114.14   	103.45   	107.53   	 361.14		
130.31   	125.73   	108.97   	 361.14		
141.91   	144.65   	110.42   	 350.97		
150.45   	159.61   	111.82   	 340.79		
159.00   	170.90   	113.18   	 320.45		
168.15   	180.97   	114.47   	 310.27		
176.70   	191.04   	115.71   	 284.84		
183.11   	201.11   	116.85   	 269.58		
187.68   	211.18   	117.92   	 249.24		
192.57   	222.47   	118.92   	 233.98		
198.67   	234.07   	119.86   	 223.80		
203.55   	242.00   	120.75   	 203.46		
203.25   	243.23   	121.57   	 193.29		
195.62   	236.51   	122.34   	 178.03		
180.05   	223.08   	123.05   	 167.85		
159.00   	205.38   	123.72   	 157.68		
134.28   	184.33   	124.35   	 147.51		
108.03   	159.61   	124.94   	 132.25		
 83.31   	133.36   	125.47   	 122.07		
 63.48   	108.95   	125.96   	 106.82		
 50.35   	 89.11   	126.39   	  96.64		
 42.42   	 73.85   	126.77   	  81.38		
 34.79   	 59.51   	127.10   	  71.21		
 22.89   	 42.42   	127.39   	  61.04		
  5.49   	 23.50   	127.63   	  50.86		
-14.34   	  5.49   	127.83   	  35.61		
-31.43   	 -9.16   	127.98   	  25.43		
-42.72   	-20.14   	128.08   	  15.26		
-47.30   	-29.30   	128.14   	   5.09		
-48.83   	-37.23   	128.16(S)	 -10.17		
-50.66   	-43.95   	128.12   	 -15.26		
-55.24   	-48.22   	128.06   	 -30.52		
-60.12   	-50.05   	127.93   	 -40.69		
-63.17   	-50.96   	127.77   	 -55.95		
-62.56   	-50.66   	127.55   	 -61.04		
-57.98   	-48.22   	127.30   	 -76.30		
-52.19   	-43.95   	127.00   	 -86.47		
-47.91   	-40.59   	126.65   	-106.82		
-47.00   	-40.59   	126.23   	-116.99		
-50.35   	-45.78   	125.76   	-142.42		
-56.46   	-54.32   	125.19   	-162.77		
-62.87   	-61.95   	124.54   	-188.20		
-66.22   	-63.48   	123.78   	-218.72		
-64.70   	-58.90   	122.91   	-233.98		
-60.73   	-53.10   	121.97   	-259.41		
-58.29   	-50.66   	120.94   	-274.67		
-58.59   	-53.10   	119.84   	-279.75		
-61.34   	-57.07   	118.72   	-284.84		
-62.87   	-57.98   	117.58   	-279.75		
-60.12   	-54.32   	116.46   	-269.58		
-55.54   	-49.74   	115.38   	-254.32		
-51.57   	-48.83   	114.36   	-233.98		
-48.52   	-51.27   	113.43   	-218.72		
-46.08   	-54.02   	112.55   	-203.46		
-41.50   	-52.80   	111.74   	-183.11		
-34.79   	-47.30   	111.01   	-172.94		
-28.38   	-41.50   	110.31   	-162.77		
-25.02   	-40.28   	109.66   	-157.68		
-25.94   	-45.17   	109.03   	-157.68		
-29.91   	-53.10   	108.40   	-157.68		
-35.10   	-59.81   	107.77   	-167.85		
-39.37   	-61.95   	107.10   	-183.11		
-41.50   	-58.90   	106.37   	-203.46		
-41.50   	-53.71   	105.55   	-249.24		
-39.06   	-49.44   	104.56   	-300.10		
-36.01   	-47.61   	103.36   	-376.40		
-34.48   	-49.44   	101.85   	-452.69		
-34.48   	-52.80   	100.04   	-534.08		
-36.01   	-56.15   	 97.90   	-584.94		
-37.54   	-57.68   	 95.56   	-590.03		
-38.15   	-56.15   	 93.20   	-559.51		
-37.23   	-52.49   	 90.97   	-478.13		
-36.93   	-48.22   	 89.05   	-350.97		
-37.84   	-47.00   	 87.65   	-218.72		
-39.67   	-50.35   	 86.77   	 -71.21		
-43.03   	-58.59   	 86.49   	  55.95		
-46.69   	-68.05   	 86.71   	 142.42		
-50.05   	-74.77   	 87.28   	 193.29		
-52.49   	-75.07   	 88.06   	 208.54		
-52.19   	-68.97   	 88.89   	 183.11		
-47.61   	-59.20   	 89.62   	 142.42		
-40.28   	-50.05   	 90.19   	  91.56		
-33.57   	-44.86   	 90.56   	  40.69		
-31.43   	-46.69   	 90.72   	  -5.09		
-34.79   	-53.41   	 90.70   	 -30.52		
-39.98   	-59.51   	 90.58   	 -50.86		
-41.81   	-57.68   	 90.38   	 -61.04		
-37.54   	-44.25   	 90.13   	 -76.30		
-27.47   	-20.75   	 89.83   	 -81.38		
-15.26   	  7.02   	 89.50   	-101.73		
 -5.49   	 31.13   	 89.09   	-116.99		
  0.31   	 45.47   	 88.63   	-132.25		
  2.14   	 47.91   	 88.10   	-147.51		
  1.83   	 39.98   	 87.51   	-157.68		
  3.05   	 28.99   	 86.88   	-157.68		
 10.99   	 24.41   	 86.25   	-157.68		
 27.77   	 33.57   	 85.62   	-137.33		
 50.66   	 56.15   	 85.07   	-127.16		
 72.94   	 81.48   	 84.56   	-111.90		
 86.98   	 94.60   	 84.11   	 -96.64		
 87.89   	 84.23   	 83.72   	 -86.47		
 77.21   	 52.19   	 83.38   	 -81.38		
 61.34   	 11.29   	 83.05   	 -61.04		
 47.61   	-22.89   	 82.81   	 -50.86		
 40.28   	-41.81   	 82.60   	 -35.61		
 37.23   	-46.08   	 82.46   	 -15.26		
 33.57   	-43.64   	 82.40   	 -10.17		
 25.63   	-42.11   	 82.36   	 -10.17		
 11.60   	-45.78   	 82.32   	 -25.43		
 -5.19   	-53.71   	 82.22   	 -30.52		
-22.58   	-64.39   	 82.10   	 -40.69		
-38.45   	-75.68   	 81.93   	 -50.86		
-53.41   	-85.45   	 81.73   	 -50.86		
-66.22   	-93.38   	 81.53   	 -71.21		
-76.60   	-98.57   	 81.24   	 -86.47		
-81.48   	-100.71   	 80.89   	-101.73		
-81.48   	-101.01   	 80.49   	-116.99		
-78.13   	-101.32   	 80.02   	-122.07		
-75.07   	-103.15   	 79.53   	-116.99		
-74.16   	-104.37   	 79.06   	-106.82		
-75.68   	-104.37   	 78.64   	 -96.64		
-78.74   	-102.54   	 78.25   	 -81.38		
-82.40   	-99.79   	 77.92   	 -66.12		
-86.36   	-98.88   	 77.66   	 -61.04		
-91.86   	-101.32   	 77.42   	 -50.86		
-97.66   	-105.59   	 77.21   	 -61.04		
-96.13   	-108.64   	 76.97   	 -66.12		
-68.66   	-104.68   	 76.70   	 -71.21		
 10.38   	-83.31   	 76.42   	 -86.47		
159.00   	-29.30   	 76.07   	 -91.56		
375.98   	 71.72   	 75.71   	 -96.64		
632.93   	229.19   	 75.32   	 -91.56		
880.43   	433.96   	 74.95   	 -91.56		
1058.35   	646.06   	 74.59   	 -86.47		
1110.23   	804.14   	 74.24   	 -81.38		
995.79   	855.10(R)	 73.92   	 -71.21		
719.60   	783.08   	 73.63   	 -66.12		
346.68   	619.20   	 73.37   	 -50.86		
-14.95   	423.28   	 73.16   	 -35.61		
-260.01   	247.50   	 73.02   	 -20.35		
-341.49   	112.00   	 72.94   	  -5.09		
-293.58   	 14.34   	 72.92   	   5.09		
-195.92   	-50.35   	 72.94   	   5.09		
-118.41   	-81.79   	 72.96   	   0.00		
-86.06   	-81.48   	 72.96   	 -10.17		
-84.84   	-61.95   	 72.92   	 -15.26		
-90.64   	-43.03   	 72.86   	 -15.26		
-92.47   	-39.67   	 72.80   	 -10.17		
-90.94   	-51.88   	 72.76(D)	  10.17		
-90.33   	-68.36   	 72.80   	  15.26		
-90.64   	-76.60   	 72.86   	  30.52		
-90.33   	-74.46   	 72.98   	  35.61		
-88.50   	-66.53   	 73.12   	  35.61		
-86.67   	-60.12   	 73.27   	  25.43		
-85.75   	-58.90   	 73.37   	  15.26		
-85.14   	-62.87   	 73.43   	   5.09		
-83.62   	-67.44   	 73.45   	  -5.09		
-81.48   	-68.66   	 73.43   	 -10.17		
-77.21   	-65.00   	 73.39   	  -5.09		
-70.80   	-57.68   	 73.37   	   5.09		
-63.17   	-50.05   	 73.39   	  20.35		
-56.15   	-44.56   	 73.47   	  30.52		
-52.19   	-42.42   	 73.59   	  50.86		
-52.49   	-43.03   	 73.79   	  91.56		
-55.24   	-44.25   	 74.16   	 137.33		
-56.15   	-43.33   	 74.71   	 188.20		
-53.10   	-39.06   	 75.46   	 239.06		
-45.17   	-32.65   	 76.42   	 300.10		
-36.01   	-25.94   	 77.62   	 335.71		
-27.77   	-19.84   	 78.96   	 371.31		
-22.28   	-13.73   	 80.45   	 391.66		
-18.31   	 -5.80   	 82.01   	 412.00		
-13.73   	  3.36   	 83.66   	 427.26		
 -7.02   	 12.51   	 85.37   	 452.69		
  3.05   	 21.06   	 87.18   	 473.04		
 15.56   	 29.30   	 89.07   	 493.39		
 28.38   	 38.15   	 91.05   	 513.73		
 38.45   	 47.30   	 93.10   	 534.08		
 45.78   	 57.07   	 95.24   	 554.42		
 51.88   	 67.44   	 97.46   	 569.68		
 59.51   	 79.04   	 99.74   	 584.94		
 71.41   	 91.86   	102.07   	 595.11		
 87.59   	106.20   	104.46   	 600.20		
105.90   	121.15   	106.86   	 590.03		
122.99   	136.41   	109.22   	 579.86		
136.41   	151.06   	111.54   	 564.60		
145.57   	164.18   	113.79   	 544.25		
151.67   	174.56   	115.97   	 518.82		
156.86   	182.50   	118.05   	 488.30		
162.35   	189.21   	120.00   	 452.69		
167.24   	195.92   	121.81   	 422.18		
170.29   	203.55   	123.50   	 396.74		
172.73   	213.01   	125.09   	 391.66		
176.70   	223.69   	126.65   	 406.92		
181.88   	234.07   	128.28   	 417.09		
186.16   	240.17   	129.95   	 417.09		
184.02   	238.04   	131.62   	 391.66		
170.90   	224.91   	133.18   	 340.79		
148.93   	202.94   	134.55   	 279.75		
123.90   	177.61   	135.67   	 213.63		
100.71   	152.89   	136.52   	 152.59		
 81.79   	130.31   	137.13   	 106.82		
 65.31   	109.86   	137.56   	  86.47		
 49.13   	 89.11   	137.90   	  96.64		
 31.74   	 68.97   	138.29   	 127.16		
 13.73   	 49.74   	138.80   	 167.85		
 -3.36   	 31.74   	139.47   	 203.46		
-19.23   	 13.73   	140.28   	 233.98		
-32.96   	 -3.66   	141.22   	 228.89		
-44.25   	-18.92   	142.14   	 198.37		
-52.49   	-30.21   	142.93   	 152.59		
-57.68   	-36.93   	143.54   	  91.56		
-60.12   	-40.59   	143.91   	  30.52		
-61.65   	-43.33   	144.03(S)	 -20.35		
-64.09   	-47.30   	143.95   	 -55.95		
-67.14   	-52.80   	143.72   	 -81.38		
-70.50   	-58.90   	143.40   	 -91.56		
-72.02   	-63.78   	143.03   	-106.82		
-70.50   	-65.61   	142.60   	-142.42		
-67.44   	-64.70   	142.03   	-167.85		
-66.22   	-63.17   	141.36   	-188.20		
-68.66   	-63.17   	140.61   	-183.11		
-73.24   	-65.31   	139.88   	-157.68		
-77.51   	-68.36   	139.25   	-122.07		
-79.04   	-71.11   	138.76   	 -96.64		
-78.13   	-71.72   	138.37   	 -76.30		
-76.90   	-70.50   	138.07   	 -71.21		
-76.29   	-69.27   	137.78   	 -76.30		
-75.68   	-68.97   	137.48   	-122.07		
-74.16   	-70.19   	136.99   	-167.85		
-72.63   	-72.33   	136.32   	-233.98		
-72.02   	-73.85   	135.38   	-289.93		
-72.33   	-74.46   	134.22   	-335.71		
-72.63   	-73.55   	132.88   	-350.97		
-71.41   	-72.63   	131.47   	-350.97		
-70.50   	-72.63   	130.07   	-330.62		
-70.19   	-73.55   	128.75   	-310.27		
-71.11   	-73.85   	127.51   	-289.93		
-70.80   	-71.41   	126.35   	-284.84		
-68.05   	-67.14   	125.21   	-279.75		
-63.78   	-64.39   	124.09   	-279.75		
-61.34   	-66.22   	122.97   	-284.84		
-62.56   	-72.02   	121.83   	-289.93		
-66.22   	-78.74   	120.67   	-284.84		
-68.97   	-82.40   	119.53   	-279.75		
-68.97   	-82.40   	118.41   	-254.32		
-66.22   	-81.18   	117.40   	-228.89		
-61.95   	-81.18   	116.48   	-178.03		
-57.07   	-81.48   	115.77   	-122.07		
-53.41   	-80.87   	115.28   	 -71.21		
-53.41   	-78.43   	114.99   	 -30.52		
-57.98   	-77.21   	114.87   	 -10.17		
-65.92   	-79.35   	114.83   	 -15.26		
-73.85   	-85.14   	114.77   	 -45.78		
-77.82   	-90.64   	114.59   	 -96.64		
-77.21   	-92.16   	114.20   	-142.42		
-73.85   	-88.20   	113.63   	-183.11		
-70.50   	-81.79   	112.90   	-203.46		
-68.36   	-76.29   	112.09   	-203.46		
-67.75   	-73.85   	111.27   	-188.20		
-68.36   	-74.16   	110.52   	-167.85		
-69.58   	-76.90   	109.85   	-147.51		
-70.80   	-81.48   	109.26   	-137.33		
-71.72   	-86.36   	108.71   	-142.42		
-71.11   	-89.42   	108.14   	-147.51		
-69.27   	-87.59   	107.55   	-167.85		
-66.83   	-81.18   	106.88   	-183.11		
-63.78   	-72.02   	106.14   	-193.29		
-59.81   	-62.26   	105.37   	-203.46		
-54.02   	-51.27   	104.56   	-208.54		
-45.47   	-37.54   	103.72   	-208.54		
-34.79   	-19.23   	102.89   	-198.37		
-24.41   	  0.92   	102.10   	-188.20		
-17.70   	 17.40   	101.34   	-162.77		
-15.26   	 24.41   	100.69   	-147.51		
-15.56   	 21.67   	100.10   	-116.99		
-14.95   	 13.43   	 99.63   	 -91.56		
 -8.54   	  8.54   	 99.27   	 -71.21		
  4.88   	 13.43   	 98.98   	 -55.95		
 22.58   	 28.08   	 98.76   	 -40.69		
 40.28   	 45.17   	 98.60   	 -40.69		
 53.71   	 54.93   	 98.43   	 -45.78		
 58.59   	 50.35   	 98.25   	 -55.95		
 55.24   	 31.74   	 98.03   	 -71.21		
 46.39   	  5.49   	 97.74   	 -91.56		
 36.62   	-20.45   	 97.37   	-106.82		
 29.60   	-40.89   	 96.95   	-122.07		
 25.63   	-54.02   	 96.46   	-127.16		
 21.36   	-60.73   	 95.95   	-142.42		
 13.43   	-63.17   	 95.38   	-137.33		
  0.61   	-64.39   	 94.83   	-137.33		
-16.17   	-68.36   	 94.28   	-137.33		
-35.10   	-76.90   	 93.73   	-132.25		
-54.32   	-89.72   	 93.20   	-132.25		
-72.63   	-103.15   	 92.68   	-116.99		
-86.98   	-112.92   	 92.21   	-116.99		
-95.21   	-115.97   	 91.74   	-106.82		
-96.44   	-113.83   	 91.31   	 -96.64		
-93.69   	-109.56   	 90.93   	 -91.56		
-90.64   	-107.42   	 90.56   	 -91.56		
-90.03   	-108.95   	 90.19   	 -86.47		
-93.08   	-112.61   	 89.85   	 -86.47		
-97.66   	-115.05   	 89.50   	 -91.56		
-100.71   	-114.44   	 89.13   	 -96.64		
-101.32   	-111.69   	 88.75   	-101.73		
-101.01   	-109.56   	 88.34   	-111.90		
-103.15   	-112.30   	 87.89   	-116.99		
-110.17   	-120.54   	 87.43   	-132.25		
-115.66   	-127.87   	 86.90   	-137.33		
-98.88   	-126.34   	 86.35   	-147.51		
-31.74   	-105.90   	 85.76   	-147.51		
107.12   	-56.46   	 85.17   	-147.51		
317.38   	 31.74   	 84.58   	-147.51		
572.81   	169.07   	 83.99   	-137.33		
827.33   	356.45   	 83.44   	-127.16		
1024.78   	568.54   	 82.93   	-106.82		
1108.70   	748.90   	 82.50   	 -91.56		
1032.71   	835.57(R)	 82.14   	 -71.21		
786.44   	796.20   	 81.85   	 -55.95		
421.14   	650.02   	 81.63   	 -35.61		
 41.50   	455.93   	 81.48   	 -30.52		
-237.73   	274.35   	 81.36   	 -25.43		
-352.17   	133.67   	 81.26   	 -20.35		
-322.57   	 31.13   	 81.18   	 -15.26		
-227.97   	-42.72   	 81.12   	 -20.35		
-145.87   	-87.89   	 81.04   	 -25.43		
-108.64   	-98.88   	 80.94   	 -20.35		
-103.45   	-80.57   	 80.85   	 -30.52		
-104.98   	-50.96   	 80.73   	 -30.52		
-101.01   	-32.65   	 80.61   	 -40.69		
-95.52   	-36.01   	 80.45   	 -50.86		
-95.52   	-54.93   	 80.24   	 -55.95		
-101.01   	-73.85   	 80.02   	 -71.21		
-106.51   	-83.31   	 79.74   	 -76.30		
-108.03   	-82.70   	 79.43   	 -81.38		
-105.59   	-77.82   	 79.10   	 -81.38		
-100.40   	-73.24   	 78.78   	 -91.56		
-93.99   	-70.50   	 78.41   	 -86.47		
-88.50   	-68.36   	 78.07   	 -81.38		
-84.23   	-65.31   	 77.74   	 -81.38		
-81.48   	-62.26   	 77.42   	 -76.30		
-79.65   	-61.04   	 77.11   	 -61.04		
-77.51   	-61.95   	 76.87   	 -50.86		
-75.99   	-63.17   	 76.66   	 -45.78		
-75.38   	-61.95   	 76.48   	 -40.69		
-74.77   	-57.07   	 76.32   	 -40.69		
-71.72   	-50.35   	 76.15   	 -35.61		
-64.70   	-44.25   	 76.01   	 -35.61		
-56.15   	-40.28   	 75.87   	 -30.52		
-48.83   	-38.45   	 75.75   	 -20.35		
-44.25   	-36.32   	 75.67   	  -5.09		
-41.50   	-32.96   	 75.65(D)	  20.35		
-37.84   	-27.16   	 75.73   	  45.78		
-31.43   	-19.53   	 75.91   	  76.30		
-23.19   	-11.29   	 76.22   	 111.90		
-15.56   	 -4.27   	 76.66   	 157.68		
 -9.16   	  1.22   	 77.29   	 198.37		
 -2.44   	  6.71   	 78.09   	 254.32		
  6.10   	 14.34   	 79.10   	 305.19		
 17.70   	 25.63   	 80.33   	 361.14		
 30.82   	 40.28   	 81.77   	 412.00		
 43.64   	 54.93   	 83.42   	 452.69		
 54.63   	 68.05   	 85.23   	 493.39		
 64.70   	 79.04   	 87.20   	 518.82		
 75.38   	 90.03   	 89.28   	 544.25		
 87.59   	102.54   	 91.45   	 564.60		
100.71   	117.19   	 93.71   	 584.94		
112.61   	132.45   	 96.05   	 595.11		
122.68   	147.40   	 98.43   	 595.11		
131.53   	161.44   	100.81   	 595.11		
140.38   	175.17   	103.19   	 579.86		
149.54   	188.29   	105.51   	 569.68		
158.39   	199.58   	107.79   	 549.34		
165.41   	207.82   	109.99   	 534.08		
169.37   	212.71   	112.13   	 508.65		
170.59   	215.45   	114.16   	 483.21		
169.07   	217.29   	116.09   	 452.69		
166.02   	217.90   	117.90   	 427.26		
160.83   	216.06   	119.61   	 412.00		
152.89   	209.66   	121.26   	 396.74		
141.30   	197.75   	122.85   	 386.57		
125.43   	181.27   	124.39   	 376.40		
105.59   	161.74   	125.90   	 371.31		
 83.31   	140.99   	127.39   	 361.14		
 60.73   	119.93   	128.83   	 356.05		
 39.98   	100.40   	130.25   	 330.62		
 22.58   	 81.79   	131.58   	 310.27		
  7.63   	 62.56   	132.82   	 279.75		
 -5.80   	 41.20   	133.94   	 249.24		
-20.75   	 16.78   	134.93   	 213.63		
-36.62   	 -7.02   	135.79   	 193.29		
-51.27   	-26.25   	136.56   	 162.77		
-61.95   	-38.15   	137.21   	 142.42		
-68.05   	-43.64   	137.78   	 111.90		
-70.50   	-47.61   	138.23   	  96.64		
-72.33   	-54.02   	138.62   	  71.21		
-74.46   	-62.56   	138.90   	  50.86		
-76.60   	-69.58   	139.10   	  25.43		
-77.21   	-72.94   	139.21(S)	  -5.09		
-77.51   	-71.72   	139.19   	 -35.61		
-78.13   	-69.27   	139.04   	 -55.95		
-79.96   	-68.66   	138.82   	 -86.47		
-83.01   	-71.11   	138.47   	-101.73		
-85.75   	-75.07   	138.07   	-116.99		
-86.36   	-77.82   	137.60   	-132.25		
-85.14   	-77.21   	137.07   	-142.42		
-83.01   	-73.24   	136.50   	-152.59		
-81.18   	-68.05   	135.89   	-147.51		
-80.87   	-64.70   	135.30   	-152.59		
-81.18   	-65.31   	134.69   	-147.51		
-82.09   	-69.89   	134.10   	-147.51		
-82.70   	-75.68   	133.51   	-157.68		
-83.01   	-80.26   	132.88   	-172.94		
-83.31   	-82.09   	132.19   	-188.20		
-83.31   	-82.09   	131.43   	-213.63		
-82.09   	-81.18   	130.58   	-233.98		
-78.74   	-79.65   	129.64   	-254.32		
-75.07   	-77.21   	128.63   	-269.58		
-72.94   	-74.16   	127.55   	-284.84		
-74.16   	-71.41   	126.41   	-289.93		
-76.90   	-70.50   	125.25   	-289.93		
-79.04   	-71.72   	124.09   	-284.84		
-77.82   	-74.16   	122.95   	-279.75		
-73.85   	-76.60   	121.83   	-279.75		
-70.19   	-77.82   	120.71   	-269.58		
-69.27   	-78.13   	119.63   	-279.75		
-69.89   	-78.13   	118.51   	-279.75		
-70.80   	-79.35   	117.40   	-279.75		
-70.19   	-82.09   	116.28   	-295.01		
-68.36   	-85.75   	115.10   	-300.10		
-68.05   	-89.42   	113.90   	-310.27		
-70.19   	-91.86   	112.65   	-335.71		
-74.46   	-92.16   	111.31   	-366.22		
-78.13   	-90.33   	109.85   	-396.74		
-79.04   	-87.28   	108.26   	-406.92		
-77.21   	-83.92   	106.63   	-401.83		
-73.55   	-81.48   	105.03   	-366.22		
-70.80   	-80.57   	103.56   	-310.27		
-70.19   	-80.57   	102.32   	-249.24		
-71.72   	-81.18   	101.32   	-193.29		
-75.07   	-82.40   	100.55   	-142.42		
-79.04   	-83.31   	 99.98   	-111.90		
-82.09   	-83.92   	 99.53   	 -81.38		
-83.31   	-83.62   	 99.21   	 -76.30		
-81.18   	-81.79   	 98.90   	 -71.21		
-76.60   	-79.35   	 98.62   	 -71.21		
-72.33   	-77.82   	 98.33   	 -76.30		
-70.80   	-78.13   	 98.03   	 -81.38		
-72.94   	-79.65   	 97.70   	 -76.30		
-75.99   	-79.65   	 97.40   	 -81.38		
-75.07   	-75.38   	 97.07   	 -81.38		
-68.36   	-64.39   	 96.74   	 -76.30		
-57.37   	-47.91   	 96.44   	 -76.30		
-44.86   	-27.77   	 96.13   	 -81.38		
-33.26   	 -6.41   	 95.81   	 -81.38		
-23.80   	 12.51   	 95.48   	 -81.38		End----------
-17.09   	 25.94   	 95.16   	 -91.56		
-11.90   	 31.74   	 94.79   	-101.73		
 -7.93   	 30.21   	 94.38   	-101.73		
 -3.05   	 25.63   	 93.98   	-106.82		
  6.10   	 25.02   	 93.55   	-111.90		
 21.36   	 32.96   	 93.10   	-116.99		
 40.59   	 47.00   	 92.63   	-116.99		
 57.98   	 58.59   	 92.17   	-122.07		
 67.14   	 59.51   	 91.68   	-127.16		
 64.09   	 44.86   	 91.17   	-127.16		
 50.66   	 18.01   	 90.66   	-127.16		
 33.87   	-13.12   	 90.15   	-127.16		
 19.84   	-40.59   	 89.64   	-122.07		
 12.21   	-58.90   	 89.16   	-116.99		
  9.77   	-66.53   	 88.69   	-116.99		
  8.54   	-65.31   	 88.22   	-106.82		
  3.05   	-61.34   	 87.79   	-106.82		
 -9.16   	-61.65   	 87.36   	 -96.64		
-28.99   	-69.58   	 86.98   	 -96.64		
-52.80   	-84.53   	 86.59   	 -96.64		
-75.38   	-100.71   	 86.21   	 -91.56		
-91.25   	-112.30   	 85.84   	 -91.56		
-97.96   	-116.58   	 85.47   	 -91.56		
-97.05   	-114.44   	 85.11   	 -81.38		
-92.77   	-109.25   	 84.78   	 -81.38		
-90.03   	-103.45   	 84.46   	 -81.38		
-91.25   	-99.79   	 84.13   	 -81.38		
-95.21   	-99.49   	 83.80   	 -76.30		
-99.49   	-101.93   	 83.50   	 -86.47		
-101.62   	-104.68   	 83.15   	 -86.47		
-101.93   	-105.90   	 82.81   	 -96.64		
-102.23   	-105.29   	 82.42   	-101.73		
-105.90   	-105.90   	 82.01   	-116.99		
-114.14   	-110.17   	 81.55   	-122.07		
-119.93   	-115.97   	 81.06   	-137.33		
-104.68   	-115.66   	 80.51   	-142.42		
-43.03   	-99.79   	 79.94   	-152.59		
 86.36   	-57.07   	 79.33   	-152.59		
287.17   	 25.02   	 78.72   	-152.59		
539.55   	157.47   	 78.11   	-147.51		
800.78   	343.02   	 77.52   	-142.42		
1012.88   	557.86   	 76.95   	-122.07		
1114.20   	745.54   	 76.46   	-101.73		
1053.47   	841.67   	 76.05   	 -81.38		
816.65   	810.55   	 75.73   	 -71.21		
452.88   	668.64   	 75.44   	 -66.12		
 67.75   	474.55   	 75.18   	 -61.04		
-223.08   	290.53   	 74.93   	 -61.04		
-351.87   	147.40   	 74.69   	 -71.21		
-333.56   	 43.33   	 74.40   	 -76.30		
-242.92   	-31.13   	 74.10   	 -76.30		
-158.08   	-75.99   	 73.79   	 -96.64		
-114.44   	-87.89   	 73.41   	-147.51		
-104.06   	-72.02   	 72.82   	-254.32		
-102.84   	-46.69   	 71.80   	-381.48		
-99.18   	-32.35   	 70.27   	-493.39		
-95.83   	-37.84   	 68.30   	-534.08		
-97.66   	-55.24   	 66.16   	-523.90		
-103.15   	-70.80   	 64.07   	-447.61		
-106.51   	-76.90   	 62.28   	-330.62		
-104.98   	-73.55   	 60.96   	-193.29		
-100.10   	-65.61   	 60.18   	 -71.21		
-96.13   	-57.68   	 59.90   	  N/A		
