  I     	  II     	  LV     	  LV'		
-46.39   	-427.25   	 22.48   	 808.75		
-54.32   	-448.00   	 25.72   	 885.04		
-60.12   	-464.48   	 29.26   	 940.99		
-60.12   	-472.72   	 33.02   	 961.34		
-54.93   	-475.77   	 36.87   	 961.34		
-48.83   	-480.35   	 40.71   	 930.82		
-44.25   	-490.42   	 44.44   	 879.96		
-40.59   	-504.46   	 47.96   	 808.75		
-34.79   	-517.27   	 51.19   	 732.45		
-25.63   	-525.21   	 54.12   	 645.98		
-17.09   	-529.17   	 56.70   	 554.42		
-13.12   	-532.23   	 58.92   	 467.95		
-14.65   	-534.97   	 60.79   	 391.66		
-16.78   	-534.06   	 62.36   	 310.27		
-13.73   	-526.43   	 63.60   	 249.24		
 -4.27   	-513.00   	 64.60   	 188.20		
  9.16   	-498.05   	 65.35   	 147.51		
 21.06   	-487.67   	 65.94   	 111.90		
 28.69   	-484.62   	 66.39   	  96.64		
 30.82   	-489.20   	 66.77   	  76.30		
 28.99   	-500.49   	 67.08   	  71.21		
 25.33   	-516.05   	 67.36   	  71.21		
 23.50   	-532.53   	 67.65   	  66.12		
 25.63   	-545.96   	 67.91   	  61.04		
 30.52   	-554.20   	 68.16   	  55.95		
 32.04   	-558.78   	 68.38   	  50.86		
 25.33   	-564.27   	 68.59   	  35.61		
 10.99   	-571.90   	 68.73   	  25.43		
 -4.27   	-578.61   	 68.83   	  10.17		
-12.21   	-579.53   	 68.87   	  -5.09		
-11.29   	-570.68   	 68.85   	 -30.52		
 -5.19   	-552.67   	 68.73   	 -50.86		
  1.83   	-528.56   	 68.52   	 -81.38		
  7.32   	-502.32   	 68.20   	-111.90		
 11.60   	-476.38   	 67.75   	-142.42		
 14.04   	-452.27   	 67.18   	-183.11		
 13.12   	-431.21   	 66.45   	-228.89		
 10.99   	-410.77   	 65.53   	-274.67		
 14.65   	-386.05   	 64.44   	-335.71		
 28.08   	-352.48   	 63.09   	-401.83		
 47.00   	-310.36   	 61.49   	-467.95		
 59.51   	-260.93   	 59.61   	-523.90		
 54.02   	-205.08   	 57.52   	-569.68		
 28.38   	-139.47   	 55.24   	-610.37		
 -7.63   	-60.73   	 52.80   	-635.81		
-43.03   	 26.86   	 50.25   	-645.98		
-76.90   	107.12   	 47.67   	-651.07		
-121.77   	156.86   	 45.07   	-640.89		
-190.73   	159.00   	 42.50   	-635.81		
-284.42   	112.61   	 39.96   	-620.55		
-385.44   	 37.54   	 37.48   	-605.29		
-466.00   	-36.32   	 35.06   	-584.94		
-505.68   	-81.48   	 32.72   	-569.68		
-501.10   	-85.45   	 30.44   	-544.25		
-464.17   	-55.54   	 28.26   	-508.65		
-412.90   	-12.82   	 26.23   	-478.13		
-362.55   	 18.92   	 24.31   	-437.43		
-321.96   	 25.94   	 22.56   	-381.48		
-293.88   	  7.63   	 21.04   	-335.71		
-273.13   	-26.25   	 19.69   	-269.58		
-251.16   	-61.04   	 18.62   	-218.72		
-221.56   	-85.14   	 17.74   	-152.59		
-183.11   	-91.86   	 17.13   	-101.73		
-141.30   	-80.57   	 16.72   	 -55.95		
-105.59   	-59.51   	 16.50   	 -10.17		
-84.53   	-42.11   	 16.46   	  20.35		
-78.74   	-38.76   	 16.54   	  45.78		
-80.57   	-47.91   	 16.72   	  71.21		
-78.43   	-55.54   	 17.01   	 101.73		
-60.12   	-46.08   	 17.42   	 127.16		
-21.67   	-15.87   	 17.92   	 178.03		
 30.52   	 24.41   	 18.64   	 223.80		
 81.79   	 57.07   	 19.53   	 289.93		
119.02   	 72.63   	 20.69   	 361.14		
137.94   	 74.46   	 22.14   	 437.43		
142.21   	 71.72   	 23.89   	 498.47		
140.69   	 71.72   	 25.88   	 559.51		
140.69   	 75.38   	 28.12   	 605.29		
144.65   	 80.26   	 30.54   	 635.81		
152.89   	 87.28   	 33.08   	 645.98		
166.02   	 98.27   	 35.67   	 640.89		
183.72   	114.14   	 38.23   	 625.63		
202.33   	132.14   	 40.73   	 600.20		
216.67   	146.79   	 43.13   	 564.60		
222.47   	155.03   	 45.39   	 534.08		
220.95   	158.69   	 47.53   	 488.30		
217.59   	162.96   	 49.48   	 447.61		
219.42   	172.73   	 51.27   	 406.92		
228.58   	188.29   	 52.90   	 366.22		
241.09   	206.30   	 54.36   	 330.62		
251.46   	221.86   	 55.69   	 289.93		
257.57   	232.85   	 56.85   	 249.24		
261.84   	240.78   	 57.84   	 218.72		
267.03   	248.41   	 58.72   	 183.11		
275.57   	258.48   	 59.45   	 152.59		
286.25   	270.69   	 60.06   	 116.99		
295.72   	283.20   	 60.53   	  86.47		
303.04   	295.41   	 60.87   	  61.04		
309.75   	307.92   	 61.12   	  30.52		
318.91   	321.96   	 61.24   	   5.09		
329.59   	337.52   	 61.26   	 -20.35		
336.91   	350.04   	 61.18   	 -45.78		
332.95   	353.09   	 61.00   	 -71.21		
314.33   	343.93   	 60.71   	 -91.56		
286.87   	325.93   	 60.35   	-116.99		
261.23   	308.53   	 59.88   	-137.33		
247.50   	299.99   	 59.33   	-157.68		
246.89   	300.60   	 58.70   	-178.03		
251.46   	303.65   	 57.99   	-203.46		
252.08   	300.29   	 57.17   	-228.89		
243.53   	285.64   	 56.26   	-259.41		
225.22   	261.23   	 55.22   	-289.93		
200.50   	231.93   	 54.06   	-330.62		
176.09   	201.72   	 52.74   	-366.22		
163.27   	174.26   	 51.27   	-406.92		
176.39   	155.03   	 49.64   	-437.43		
226.14   	148.32   	 47.89   	-473.04		
304.87   	159.00   	 46.00   	-498.47		
385.13   	185.24   	 44.01   	-523.90		
426.94   	216.98   	 41.91   	-528.99		
395.81   	235.60   	 39.80   	-534.08		
281.07   	223.08   	 37.66   	-539.16		
103.45   	172.12   	 35.50   	-523.90		
-92.47   	 92.47   	 33.41   	-513.73		
-255.74   	  8.54   	 31.35   	-498.47		
-353.70   	-54.63   	 29.36   	-467.95		
-382.39   	-86.98   	 27.49   	-442.52		
-364.38   	-96.74   	 25.72   	-412.00		
-329.90   	-99.18   	 24.07   	-376.40		
-296.94   	-102.84   	 22.56   	-335.71		
-267.33   	-108.64   	 21.22   	-300.10		
-235.60   	-112.61   	 20.02   	-264.50		
-200.50   	-113.53   	 18.96   	-218.72		
-165.71   	-113.53   	 18.09   	-172.94		
-134.58   	-112.30   	 17.40   	-127.16		
-107.12   	-104.06   	 16.89   	 -81.38		
-80.57   	-86.67   	 16.56   	 -25.43		
-57.68   	-67.44   	 16.46   	  25.43		
-46.08   	-59.81   	 16.56   	  86.47		
-49.74   	-72.02   	 16.91   	 142.42		
-64.70   	-99.18   	 17.48   	 193.29		
-79.04   	-126.34   	 18.25   	 239.06		
-82.09   	-139.47   	 19.21   	 284.84		
-72.94   	-135.50   	 20.35   	 315.36		
-59.81   	-123.90   	 21.61   	 340.79		
-52.49   	-114.44   	 22.97   	 361.14		
-54.63   	-111.08   	 24.41   	 361.14		
-63.17   	-111.39   	 25.86   	 371.31		
-70.19   	-111.69   	 27.34   	 366.22		
-69.89   	-108.95   	 28.81   	 356.05		
-62.87   	-103.45   	 30.23   	 350.97		
-53.10   	-97.66   	 31.64   	 340.79		
-46.08   	-93.99   	 33.00   	 330.62		
-44.25   	-93.08   	 34.32   	 315.36		
-46.08   	-93.99   	 35.58   	 305.19		
-47.30   	-93.99   	 36.81   	 289.93		
-44.25   	-90.33   	 37.97   	 269.58		
-37.84   	-82.70   	 39.04   	 254.32		
-30.52   	-73.55   	 40.06   	 233.98		
-25.94   	-65.61   	 41.00   	 218.72		
-23.50   	-59.81   	 41.87   	 193.29		
-21.97   	-54.32   	 42.64   	 172.94		
-19.53   	-48.52   	 43.34   	 147.51		
-15.26   	-41.81   	 43.93   	 122.07		
 -9.16   	-33.87   	 44.41   	 101.73		
 -0.92   	-23.19   	 44.82   	  71.21		
  8.24   	-10.68   	 45.11   	  45.78		
 16.17   	  0.00   	 45.29   	  15.26		
 20.14   	  5.19   	 45.35   	 -10.17		
 18.62   	  3.97   	 45.31   	 -40.69		
 15.87   	  2.14   	 45.15   	 -71.21		
 18.31   	  6.71   	 44.86   	 -96.64		
 27.77   	 20.14   	 44.48   	-122.07		
 40.89   	 36.32   	 43.99   	-152.59		
 52.19   	 48.52   	 43.38   	-172.94		
 59.20   	 51.88   	 42.69   	-203.46		
 62.56   	 48.83   	 41.87   	-228.89		
 65.31   	 44.25   	 40.96   	-254.32		
 67.44   	 40.89   	 39.94   	-274.67		
 67.14   	 37.54   	 38.84   	-300.10		
 63.78   	 33.26   	 37.64   	-320.45		
 59.20   	 27.47   	 36.36   	-340.79		
 56.46   	 21.97   	 34.99   	-345.88		
 56.76   	 17.09   	 33.61   	-361.14		
 57.37   	 11.60   	 32.17   	-371.31		
 54.02   	  2.75   	 30.68   	-366.22		
 45.17   	 -9.77   	 29.22   	-371.31		
 32.35   	-23.50   	 27.73   	-371.31		
 19.53   	-34.48   	 26.25   	-361.14		
 10.99   	-39.98   	 24.80   	-356.05		
  7.93   	-40.28   	 23.38   	-350.97		
  9.16   	-38.76   	 21.97   	-340.79		
 10.68   	-38.45   	 20.61   	-330.62		
 10.07   	-41.20   	 19.29   	-320.45		
  5.80   	-47.61   	 18.01   	-305.19		
  0.31   	-54.63   	 16.79   	-289.93		
 -3.05   	-59.51   	 15.63   	-274.67		
 -1.53   	-60.12   	 14.53   	-254.32		
  3.66   	-55.85   	 13.51   	-233.98		
  8.54   	-49.13   	 12.57   	-218.72		
  7.02   	-46.08   	 11.70   	-198.37		
 -2.44   	-50.35   	 10.91   	-178.03		
-17.40   	-61.34   	 10.19   	-162.77		
-30.82   	-73.55   	  9.54   	-152.59		
-36.01   	-79.96   	  8.93   	-137.33		
-31.43   	-76.90   	  8.38   	-122.07		
-21.06   	-67.44   	  7.89   	-116.99		
-12.21   	-58.59   	  7.43   	-101.73		
-10.07   	-54.93   	  7.02   	 -96.64		
-13.12   	-56.76   	  6.63   	 -91.56		
-17.70   	-60.42   	  6.27   	 -76.30		
-20.14   	-63.78   	  5.96   	 -71.21		
-19.84   	-65.92   	  5.68   	 -61.04		
-19.23   	-68.05   	  5.43   	 -55.95		
-21.36   	-70.50   	  5.21   	 -40.69		
-25.33   	-72.63   	  5.05   	 -40.69		
-29.30   	-73.85   	  4.88   	 -25.43		
-30.52   	-73.85   	  4.78   	 -25.43		
-28.69   	-73.55   	  4.68   	 -15.26		
-25.33   	-73.55   	  4.62   	  -5.09		
-21.97   	-72.94   	  4.60   	  -5.09		
-19.84   	-70.80   	  4.58   	  -5.09		
-17.40   	-67.44   	  4.56(D)	   5.09		
-14.34   	-64.09   	  4.58   	   5.09		
-10.99   	-62.26   	  4.60   	  10.17		
 -9.46   	-62.87   	  4.64   	  10.17		
-11.90   	-65.00   	  4.68   	  15.26		
-17.70   	-66.83   	  4.74   	  15.26		
-24.72   	-67.75   	  4.80   	  15.26		
-30.82   	-68.36   	  4.86   	  20.35		
-33.87   	-69.27   	  4.94   	  20.35		
-33.57   	-70.50   	  5.03   	  20.35		
-30.52   	-70.80   	  5.11   	  20.35		
-25.33   	-67.75   	  5.19   	  25.43		
-19.53   	-59.51   	  5.29   	  25.43		
-14.65   	-43.64   	  5.39   	  20.35		
-10.99   	-19.84   	  5.47   	  25.43		
 -7.32   	 10.07   	  5.57   	  25.43		
 -2.44   	 40.28   	  5.68   	  25.43		
  3.05   	 61.95   	  5.78   	  25.43		
  5.49   	 69.89   	  5.88   	  25.43		
  2.44   	 65.31   	  5.98   	  25.43		
 -5.49   	 56.46   	  6.08   	  25.43		
-11.90   	 54.63   	  6.19   	  25.43		
-10.38   	 65.61   	  6.29   	  25.43		
 -1.53   	 85.45   	  6.39   	  25.43		
  8.85   	105.90   	  6.49   	  25.43		
 14.95   	119.02   	  6.59   	  25.43		
 14.34   	120.85   	  6.69   	  25.43		
 10.99   	114.44   	  6.80   	  25.43		
 10.07   	103.15   	  6.90   	  25.43		
 13.12   	 90.03   	  7.00   	  25.43		
 16.48   	 75.07   	  7.10   	  20.35		
 14.95   	 56.76   	  7.18   	  25.43		
  6.71   	 32.65   	  7.28   	  25.43		
 -6.10   	  2.44   	  7.39   	  25.43		
-19.23   	-31.74   	  7.49   	  25.43		
-28.99   	-64.09   	  7.59   	  30.52		
-35.10   	-89.72   	  7.71   	  30.52		
-39.98   	-105.59   	  7.83   	  30.52		
-44.86   	-113.22   	  7.96   	  35.61		
-48.52   	-115.66   	  8.10   	  35.61		
-48.22   	-116.27   	  8.24   	  40.69		
-44.25   	-116.88   	  8.40   	  35.61		
-39.37   	-117.49   	  8.55   	  40.69		
-37.54   	-118.71   	  8.71   	  35.61		
-40.28   	-121.15   	  8.85   	  40.69		
-45.17   	-124.82   	  9.01   	  35.61		
-47.30   	-126.04   	  9.16   	  35.61		
-44.56   	-124.21   	  9.30   	  30.52		
-39.37   	-121.15   	  9.42   	  30.52		
-37.84   	-121.15   	  9.54   	  25.43		
-42.11   	-126.34   	  9.64   	  20.35		
-49.74   	-134.89   	  9.73   	  15.26		
-54.02   	-140.38   	  9.79   	  10.17		
-49.74   	-137.63   	  9.83   	   5.09		
-38.45   	-128.48   	  9.85   	   0.00		
-28.38   	-119.63   	  9.85   	  -5.09		
-25.33   	-115.66   	  9.83   	 -10.17		
-30.52   	-117.49   	  9.79   	 -10.17		
-40.89   	-122.07   	  9.75   	 -15.26		
-52.80   	-127.26   	  9.68   	  -5.09		
-62.87   	-133.36   	  9.66   	  -5.09		
-67.14   	-141.91   	  9.64   	   0.00		
-57.37   	-150.15   	  9.64(E)	  10.17		
-24.11   	-147.40   	  9.68   	  15.26		
 38.45   	-118.71   	  9.75   	  30.52		
125.73   	-51.27   	  9.87   	  30.52		
220.95   	 60.42   	  9.99   	  45.78		
300.60   	205.38   	 10.17   	  45.78		
342.10   	352.78   	 10.36   	  50.86		
328.98   	456.85   	 10.56   	  55.95		
255.43   	474.85(R)	 10.78   	  66.12		
130.92   	389.40   	 11.05   	  71.21		
-16.17   	222.78   	 11.33   	  86.47		
-144.04   	 32.96   	 11.68   	 111.90		
-214.23   	-115.36   	 12.13   	 142.42		
-213.93   	-185.24   	 12.70   	 198.37		
-161.74   	-180.36   	 13.49   	 264.50		
-95.83   	-136.11   	 14.55   	 356.05		
-49.13   	-92.47   	 15.97   	 457.78		
-32.35   	-72.02   	 17.80   	 574.77		
-34.48   	-75.07   	 20.10   	 701.93		
-39.06   	-87.28   	 22.91   	 834.18		
-36.62   	-93.38   	 26.25   	 951.17		
-27.16   	-88.50   	 30.05   	1052.90		
-18.01   	-78.13   	 34.26   	1124.11		
-14.95   	-71.11   	 38.76   	1174.97		
-19.84   	-73.24   	 43.46   	1185.14		
-29.91   	-81.79   	 48.20   	1180.06		
-38.15   	-88.50   	 52.92   	1144.45		
-39.37   	-87.59   	 57.50   	1093.59		
-32.96   	-80.26   	 61.87   	1032.55		
-24.41   	-72.02   	 66.00   	 966.43		
-18.92   	-66.53   	 69.87   	 895.22		
-17.40   	-62.56   	 73.45   	 818.92		
-17.40   	-57.68   	 76.72   	 747.71		
-16.78   	-51.27   	 79.71   	 676.50		
-15.26   	-44.86   	 82.42   	 615.46		
-14.34   	-41.20   	 84.88   	 559.51		
-14.65   	-39.98   	 87.12   	 513.73		
-13.73   	-39.06   	 89.18   	 473.04		
-10.38   	-36.32   	 91.07   	 447.61		
 -5.80   	-32.65   	 92.86   	 422.18		
 -2.44   	-28.99   	 94.55   	 396.74		
 -0.92   	-26.55   	 96.13   	 371.31		
  0.00   	-24.11   	 97.62   	 356.05		
  2.44   	-19.84   	 99.04   	 335.71		
  6.41   	-13.73   	100.39   	 320.45		
 10.38   	 -6.41   	101.67   	 305.19		
 12.82   	 -0.92   	102.89   	 289.93		
 14.65   	  2.14   	104.05   	 274.67		
 17.40   	  3.66   	105.15   	 269.58		
 23.50   	  7.32   	106.23   	 259.41		
 32.96   	 16.17   	107.26   	 254.32		
 42.11   	 29.30   	108.28   	 244.15		
 46.39   	 40.59   	109.26   	 244.15		
 43.64   	 44.56   	110.23   	 233.98		
 34.79   	 39.06   	111.17   	 228.89		
 25.33   	 28.99   	112.09   	 208.54		
 21.67   	 23.50   	112.92   	 193.29		
 26.86   	 27.47   	113.69   	 178.03		
 37.23   	 38.45   	114.40   	 152.59		
 46.69   	 48.83   	115.01   	 127.16		
 50.66   	 53.41   	115.52   	 106.82		
 48.52   	 52.19   	115.95   	  86.47		
 42.11   	 48.52   	116.30   	  61.04		
 35.40   	 46.39   	116.54   	  40.69		
 31.43   	 47.00   	116.70   	  20.35		
 32.65   	 49.44   	116.78(S)	   0.00		
 37.23   	 52.49   	116.78   	 -20.35		
 43.03   	 55.85   	116.70   	 -35.61		
 47.61   	 59.20   	116.56   	 -55.95		
 49.74   	 63.17   	116.34   	 -71.21		
 51.27   	 66.53   	116.05   	 -91.56		
 53.71   	 68.66   	115.69   	-106.82		
 56.15   	 68.05   	115.26   	-132.25		
 56.46   	 65.31   	114.73   	-157.68		
 53.71   	 61.95   	114.10   	-178.03		
 49.44   	 59.81   	113.39   	-208.54		
 47.00   	 60.12   	112.55   	-233.98		
 47.30   	 63.78   	111.62   	-264.50		
 50.66   	 71.72   	110.56   	-289.93		
 55.85   	 82.40   	109.40   	-315.36		
 63.78   	 88.20   	108.14   	-340.79		
 78.13   	 72.63   	106.77   	-376.40		
104.06   	 16.78   	105.27   	-401.83		
141.91   	-89.72   	103.66   	-442.52		
184.63   	-241.70   	101.89   	-483.21		
217.59   	-417.18   	 99.96   	-534.08		
225.22   	-582.58   	 97.82   	-590.03		
198.67   	-700.99   	 95.46   	-656.15		
144.04   	-744.02(R)	 92.84   	-722.28		
 75.07   	-705.26   	 89.95   	-793.49		
  5.19   	-604.55   	 86.77   	-859.61		
-61.04   	-484.92   	 83.34   	-910.47		
-129.09   	-392.15   	 79.69   	-956.25		
-199.58   	-349.12   	 75.87   	-986.77		
-264.59   	-346.68   	 71.92   	-991.86		
-309.45   	-356.14   	 67.95   	-991.86		
-321.96   	-349.12   	 63.99   	-961.34		
-303.04   	-314.03   	 60.14   	-925.73		
-266.72   	-258.48   	 56.44   	-874.87		
-229.80   	-198.97   	 52.94   	-818.92		
-203.86   	-147.09   	 49.66   	-752.79		
-189.51   	-107.12   	 46.65   	-681.58		
-179.44   	-75.99   	 43.93   	-615.46		
-163.57   	-46.39   	 41.46   	-539.16		
-135.19   	-12.51   	 39.31   	-467.95		
-93.69   	 28.08   	 37.44   	-396.74		
-43.95   	 73.55   	 35.85   	-335.71		
  4.27   	117.80   	 34.51   	-269.58		
 40.89   	152.59   	 33.43   	-213.63		
 61.04   	174.87   	 32.57   	-157.68		
 67.14   	185.55   	 31.94   	-111.90		
 64.39   	189.82   	 31.50   	 -71.21		
 59.20   	193.48   	 31.21   	 -30.52		
 55.24   	198.36   	 31.09   	   5.09		
 52.80   	201.72   	 31.11   	  35.61		
 50.35   	200.81   	 31.25   	  66.12		
 47.30   	197.14   	 31.52   	  86.47		
 46.08   	194.70   	 31.86   	 106.82		
 47.61   	198.36   	 32.29   	 127.16		
 50.35   	208.13   	 32.80   	 137.33		
 52.49   	219.73   	 33.35   	 157.68		
 51.57   	227.97   	 33.98   	 167.85		
 48.83   	231.93   	 34.65   	 178.03		
 48.52   	235.29   	 35.36   	 193.29		
 54.02   	242.00   	 36.13   	 198.37		
 65.61   	253.91   	 36.93   	 208.54		
 79.65   	268.86   	 37.76   	 208.54		
 91.86   	282.90   	 38.60   	 218.72		
 97.66   	293.27   	 39.47   	 218.72		
 97.96   	301.21   	 40.35   	 218.72		
 94.91   	308.53   	 41.22   	 218.72		
 93.08   	316.77   	 42.10   	 213.63		
 96.13   	326.84   	 42.95   	 203.46		
104.98   	338.44   	 43.76   	 198.37		
117.19   	350.34   	 44.56   	 183.11		
128.78   	361.94   	 45.29   	 172.94		
139.16   	374.15   	 45.98   	 152.59		
151.06   	387.88   	 46.59   	 137.33		
163.88   	401.31   	 47.14   	 122.07		
173.03   	411.07   	 47.63   	  91.56		
173.65   	414.43   	 48.00   	  76.30		
165.41   	411.99   	 48.30   	  50.86		
153.81   	408.63   	 48.50   	  20.35		
148.62   	410.46   	 48.59   	   0.00		
153.50   	419.01   	 48.59   	 -25.43		
164.49   	431.21   	 48.48   	 -50.86		
173.95   	440.98   	 48.28   	 -81.38		
178.22   	444.64   	 47.96   	-106.82		
177.92   	441.28   	 47.53   	-132.25		
176.70   	431.82   	 47.00   	-157.68		
175.48   	417.79   	 46.37   	-183.11		
173.03   	399.48   	 45.64   	-208.54		
167.24   	378.42   	 44.80   	-233.98		
156.56   	354.31   	 43.87   	-254.32		
141.60   	327.76   	 42.85   	-274.67		
126.34   	299.38   	 41.75   	-289.93		
115.66   	270.39   	 40.59   	-310.27		
112.00   	243.84   	 39.35   	-325.53		
112.30   	219.42   	 38.05   	-330.62		
111.08   	196.23   	 36.72   	-345.88		
102.84   	171.81   	 35.34   	-350.97		
 87.59   	145.87   	 33.94   	-361.14		
 71.11   	121.77   	 32.49   	-356.05		
 60.73   	101.93   	 31.07   	-366.22		
 58.90   	 87.59   	 29.60   	-361.14		
 62.26   	 76.60   	 28.16   	-361.14		
 63.48   	 65.92   	 26.71   	-361.14		
 58.59   	 54.93   	 25.27   	-350.97		
 47.91   	 43.95   	 23.87   	-350.97		
 35.71   	 34.79   	 22.46   	-335.71		
 27.16   	 26.86   	 21.12   	-325.53		
 22.58   	 18.31   	 19.82   	-320.45		
 19.84   	  8.24   	 18.54   	-300.10		
 17.40   	 -2.44   	 17.33   	-284.84		
 16.48   	-10.99   	 16.20   	-269.58		
 19.23   	-14.04   	 15.12   	-254.32		
 24.41   	-14.04   	 14.10   	-239.06		
 25.94   	-15.87   	 13.14   	-218.72		
 19.53   	-24.41   	 12.27   	-203.46		
  4.88   	-39.67   	 11.45   	-188.20		
-10.38   	-55.24   	 10.70   	-183.11		
-17.70   	-62.26   	  9.97   	-172.94		
-14.04   	-59.51   	  9.28   	-167.85		
 -5.80   	-51.27   	  8.61   	-167.85		
 -0.31   	-44.86   	  7.93   	-157.68		
 -0.61   	-44.25   	  7.30   	-147.51		
 -3.66   	-47.30   	  6.71   	-147.51		
 -5.19   	-50.35   	  6.12   	-137.33		
 -3.36   	-51.57   	  5.57   	-122.07		
 -0.61   	-52.49   	  5.09   	-111.90		
 -1.22   	-54.63   	  4.64   	 -96.64		
 -5.49   	-58.59   	  4.25   	 -81.38		
-11.29   	-62.87   	  3.93   	 -66.12		
-14.95   	-65.61   	  3.66   	 -55.95		
-15.56   	-66.83   	  3.44   	 -35.61		
-13.73   	-67.14   	  3.30   	 -25.43		
-12.21   	-67.14   	  3.19   	 -10.17		
-11.60   	-66.83   	  3.15   	  -5.09		
-11.29   	-65.92   	  3.13(D)	   0.00		
-10.68   	-65.31   	  3.13   	   5.09		
 -8.85   	-64.39   	  3.15   	  10.17		
 -8.24   	-63.48   	  3.19   	  10.17		
 -9.77   	-62.87   	  3.23   	  15.26		
-13.43   	-61.95   	  3.30   	  10.17		
-16.17   	-61.95   	  3.34   	  10.17		
-16.48   	-62.56   	  3.38   	  10.17		
-14.65   	-63.48   	  3.42   	  15.26		
-12.21   	-63.48   	  3.48   	  15.26		
-10.07   	-61.65   	  3.54   	  15.26		
 -7.63   	-57.68   	  3.60   	  15.26		
 -4.58   	-53.10   	  3.66   	  20.35		
 -2.75   	-50.96   	  3.74   	  25.43		
 -5.49   	-53.71   	  3.85   	  25.43		
-14.65   	-61.65   	  3.95   	  30.52		
-27.16   	-72.02   	  4.07   	  30.52		
-36.32   	-79.04   	  4.19   	  35.61		
-36.93   	-78.43   	  4.33   	  35.61		
-29.91   	-71.72   	  4.48   	  40.69		
-20.75   	-63.48   	  4.64   	  35.61		
-14.65   	-57.98   	  4.78   	  40.69		
-13.73   	-56.46   	  4.94   	  35.61		
-15.26   	-57.07   	  5.09   	  40.69		
-16.48   	-57.07   	  5.25   	  35.61		
-16.17   	-55.24   	  5.39   	  35.61		
-14.65   	-52.19   	  5.53   	  30.52		
-13.73   	-49.74   	  5.66   	  35.61		
-14.34   	-48.52   	  5.80   	  35.61		
-16.48   	-49.13   	  5.94   	  30.52		
-19.53   	-49.74   	  6.06   	  30.52		
-21.67   	-48.83   	  6.19   	  35.61		
-20.45   	-45.47   	  6.33   	  30.52		
-15.26   	-40.28   	  6.45   	  25.43		
 -8.24   	-35.71   	  6.55   	  30.52		
 -2.75   	-34.18   	  6.67   	  30.52		
 -2.14   	-36.01   	  6.80   	  25.43		
 -5.49   	-39.37   	  6.90   	  20.35		
-10.38   	-41.20   	  6.98   	  25.43		
-12.51   	-40.28   	  7.08   	  20.35		
-10.68   	-36.01   	  7.16   	  15.26		
 -5.19   	-30.21   	  7.22   	  20.35		
  0.00   	-26.25   	  7.30   	  15.26		
  2.75   	-24.72   	  7.37   	  15.26		
  3.05   	-25.63   	  7.43   	  10.17		
  3.05   	-25.33   	  7.47   	  15.26		
  5.80   	-21.97   	  7.53   	  15.26		
 10.38   	-16.48   	  7.59   	  10.17		
 13.12   	-13.12   	  7.63   	  10.17		
 10.68   	-15.26   	  7.67   	  10.17		
  3.36   	-22.89   	  7.71   	  10.17		
 -4.27   	-31.13   	  7.75   	  10.17		
 -6.71   	-34.79   	  7.79   	  10.17		
 -1.83   	-31.43   	  7.83   	   5.09		
  6.10   	-24.11   	  7.85   	  10.17		
 11.90   	-18.01   	  7.89   	   5.09		
 12.21   	-15.87   	  7.91   	   0.00		
  8.54   	-18.31   	  7.91   	   5.09		
  4.88   	-22.89   	  7.93   	   5.09		
  4.58   	-25.94   	  7.96   	   5.09		
  8.24   	-25.63   	  7.98   	   5.09		
 12.82   	-22.28   	  8.00   	   0.00		
 15.56   	-17.40   	  8.00   	   5.09		
 15.26   	-13.43   	  8.02   	   0.00		
 11.60   	-12.21   	  8.02   	   5.09		
  7.63   	-13.12   	  8.04   	   0.00		
  4.88   	-14.04   	  8.04   	   5.09		
  4.27   	-14.04   	  8.06   	   5.09		
  6.10   	-12.51   	  8.08   	   0.00		
  8.85   	-10.07   	  8.08   	   5.09		
 10.07   	 -8.54   	  8.10   	   5.09		
  9.46   	 -8.85   	  8.12   	   5.09		
  7.93   	-10.38   	  8.14   	   5.09		
  8.54   	-11.29   	  8.16   	   5.09		
 14.04   	 -7.63   	  8.18   	   5.09		
 22.89   	  0.00   	  8.20   	   5.09		
 29.30   	  7.32   	  8.22   	  10.17		
 26.55   	  7.63   	  8.26   	   5.09		
 13.12   	 -1.83   	  8.28   	   5.09		
 -3.66   	-15.56   	  8.30   	   5.09		
-12.51   	-23.80   	  8.32   	   5.09		
 -7.02   	-18.62   	  8.34   	   5.09		
  8.85   	  0.00   	  8.36   	   0.00		
 24.72   	 25.02   	  8.36   	   5.09		
 33.57   	 50.05   	  8.38   	   0.00		
 34.79   	 72.33   	  8.38   	   5.09		
 32.65   	 90.33   	  8.40   	   5.09		
 30.52   	103.45   	  8.42   	   0.00		
 28.38   	110.47   	  8.42   	   0.00		
 25.02   	113.53   	  8.42   	   5.09		
 21.67   	117.19   	  8.44   	   0.00		
 22.28   	126.65   	  8.44   	   5.09		
 28.38   	141.91   	  8.46   	   0.00		
 38.15   	158.69   	  8.46   	   0.00		
 46.69   	172.42   	  8.46   	   0.00		
 50.96   	179.75   	  8.46   	   0.00		
 51.57   	180.36   	  8.46   	  -5.09		
 51.57   	175.78   	  8.44   	   0.00		
 53.41   	166.93   	  8.44   	   5.09		
 58.29   	155.03   	  8.46   	   0.00		
 62.56   	140.38   	  8.46   	   0.00		
 61.04   	120.85   	  8.46   	   5.09		
 49.74   	 92.47   	  8.48   	   5.09		
 28.99   	 53.71   	  8.50   	  10.17		
  5.19   	 10.07   	  8.55   	  15.26		
-12.82   	-28.08   	  8.61   	  15.26		
-18.62   	-50.96   	  8.67   	  25.43		
-13.73   	-57.07   	  8.77   	  20.35		
 -3.97   	-54.32   	  8.85   	  30.52		
  3.36   	-52.19   	  8.97   	  30.52		
  4.58   	-55.85   	  9.09   	  35.61		
  0.92   	-63.48   	  9.24   	  35.61		
 -3.36   	-69.89   	  9.38   	  40.69		
 -6.41   	-72.63   	  9.54   	  35.61		
 -7.32   	-72.33   	  9.68   	  40.69		
 -7.93   	-72.02   	  9.85   	  40.69		
 -8.85   	-72.33   	 10.01   	  35.61		
-10.07   	-72.63   	 10.15   	  35.61		
-10.07   	-71.41   	 10.29   	  25.43		
 -7.02   	-68.36   	 10.40   	  25.43		
 -2.75   	-64.70   	 10.50   	  15.26		
  0.00   	-64.39   	 10.56   	  10.17		
 -2.75   	-68.97   	 10.60   	   0.00		
-11.29   	-78.13   	 10.60   	  -5.09		
-17.40   	-88.20   	 10.58   	  -5.09		
 -8.54   	-90.03   	 10.56   	 -10.17		
 25.33   	-73.85   	 10.52   	  -5.09		
 86.98   	-29.60   	 10.50   	   0.00		
167.54   	 51.88   	 10.50(E)	  10.17		
249.63   	172.42   	 10.54   	  20.35		
315.55   	319.21   	 10.62   	  35.61		
348.51   	461.43   	 10.76   	  50.86		
332.34   	551.45(R)	 10.97   	  66.12		
258.18   	546.26   	 11.23   	  81.38		
134.89   	433.96   	 11.56   	 101.73		
 -4.88   	248.41   	 11.96   	 127.16		
-117.80   	 55.85   	 12.47   	 142.42		
-169.98   	-79.65   	 13.04   	 183.11		
-156.56   	-130.00   	 13.77   	 218.72		
-103.76   	-113.83   	 14.65   	 289.93		
-48.83   	-73.24   	 15.81   	 366.22		
-15.87   	-44.56   	 17.27   	 473.04		
 -7.93   	-40.28   	 19.17   	 595.11		
-13.73   	-52.19   	 21.55   	 712.10		
-18.92   	-65.00   	 24.39   	 834.18		
-17.70   	-69.27   	 27.73   	 925.73		
-10.38   	-65.31   	 31.43   	 996.94		
 -1.83   	-57.37   	 35.42   	1042.72		
  4.88   	-49.74   	 39.59   	1057.98		
  9.77   	-43.33   	 43.82   	1052.90		
 12.21   	-39.06   	 48.04   	1032.55		
 11.90   	-38.15   	 52.17   	1007.12		
  7.32   	-41.50   	 56.20   	 971.51		
 -0.92   	-48.22   	 60.08   	 935.91		
 -9.46   	-54.63   	 63.82   	 905.39		
-14.04   	-55.85   	 67.45   	 859.61		
-11.90   	-50.66   	 70.88   	 813.83		
 -4.58   	-42.42   	 74.14   	 768.05		
  3.36   	-35.10   	 77.21   	 707.02		
  8.54   	-29.91   	 80.04   	 651.07		
 10.07   	-26.55   	 82.64   	 605.29		
 10.38   	-22.58   	 85.07   	 554.42		
 11.90   	-18.01   	 87.28   	 518.82		
 15.56   	-13.43   	 89.36   	 478.13		
 20.14   	-10.07   	 91.27   	 452.69		
 22.58   	 -8.54   	 93.08   	 427.26		
 20.75   	 -7.32   	 94.79   	 396.74		
 16.78   	 -5.49   	 96.38   	 376.40		
 14.34   	 -1.83   	 97.88   	 350.97		
 16.78   	  3.66   	 99.29   	 330.62		
 24.11   	 10.99   	100.61   	 315.36		
 33.87   	 19.53   	101.87   	 300.10		
 42.72   	 28.08   	103.07   	 289.93		
 46.69   	 33.57   	104.23   	 284.84		
 45.17   	 34.48   	105.37   	 274.67		
 39.06   	 31.43   	106.47   	 269.58		
 32.96   	 27.47   	107.55   	 259.41		
 31.13   	 28.08   	108.59   	 244.15		
 36.62   	 35.40   	109.56   	 233.98		
 46.69   	 47.00   	110.50   	 218.72		
 56.46   	 57.68   	111.37   	 203.46		
 61.95   	 63.78   	112.19   	 188.20		
 63.78   	 65.31   	112.94   	 172.94		
 63.48   	 65.31   	113.63   	 157.68		
 62.87   	 66.53   	114.26   	 142.42		
 62.26   	 68.66   	114.83   	 132.25		
 60.73   	 70.80   	115.36   	 116.99		
 58.90   	 71.72   	115.83   	 101.73		
 56.76   	 70.50   	116.24   	  86.47		
 55.24   	 68.66   	116.58   	  66.12		
 54.02   	 67.14   	116.85   	  50.86		
 53.10   	 65.92   	117.05   	  30.52		
 52.80   	 65.31   	117.17   	  15.26		
 53.10   	 64.70   	117.23(S)	   0.00		
 54.02   	 64.39   	117.23   	 -25.43		
 54.63   	 64.39   	117.13   	 -35.61		
 54.63   	 65.00   	116.99   	 -61.04		
 55.24   	 66.53   	116.74   	 -76.30		
 58.59   	 69.58   	116.44   	 -96.64		
 67.14   	 75.68   	116.05   	-122.07		
 78.43   	 84.53   	115.56   	-137.33		
 86.67   	 91.55   	115.01   	-162.77		
 85.14   	 91.55   	114.36   	-188.20		
 72.94   	 82.70   	113.61   	-203.46		
 56.15   	 68.05   	112.80   	-228.89		
 44.56   	 56.15   	111.88   	-254.32		
 44.86   	 52.49   	110.86   	-274.67		
 53.41   	 56.46   	109.77   	-300.10		
 62.26   	 62.26   	108.57   	-330.62		
 65.00   	 63.48   	107.24   	-356.05		
 61.34   	 59.81   	105.82   	-386.57		
 55.54   	 53.10   	104.27   	-422.18		
 51.27   	 47.61   	102.58   	-457.78		
 50.05   	 45.47   	100.75   	-503.56		
 50.05   	 45.78   	 98.74   	-559.51		
 48.83   	 46.69   	 96.50   	-615.46		
 47.00   	 45.47   	 94.04   	-676.50		
 47.00   	 36.32   	 91.33   	-747.71		
 54.93   	 11.90   	 88.34   	-808.75		
 79.35   	-32.65   	 85.11   	-874.87		
127.56   	-94.30   	 81.61   	-925.73		
199.28   	-161.74   	 77.90   	-961.34		
286.87   	-216.37   	 74.06   	-986.77		
375.06   	-238.04   	 70.11   	-1002.03		
442.81   	-216.67   	 66.10   	-991.86		
464.48   	-160.52   	 62.14   	-971.51		
418.40   	-95.21   	 58.25   	-951.17		
296.94   	-50.05   	 54.45   	-910.47		
116.58   	-47.61   	 50.80   	-869.78		
-80.57   	-89.72   	 47.32   	-829.09		
-241.70   	-155.94   	 44.01   	-783.31		
-329.59   	-218.81   	 40.87   	-737.54		
-340.27   	-260.01   	 37.92   	-696.84		
-299.99   	-273.74   	 35.14   	-651.07		
-246.28   	-265.50   	 32.53   	-610.37		
-206.60   	-245.97   	 30.09   	-559.51		
-184.94   	-222.78   	 27.85   	-513.73		
-168.46   	-194.70   	 25.80   	-462.87		
-141.60   	-156.25   	 23.95   	-417.09		
-98.27   	-101.93   	 22.28   	-361.14		
-43.33   	-32.35   	 20.83   	-310.27		
  8.85   	 43.33   	 19.59   	-254.32		
 45.17   	108.95   	 18.58   	-203.46		
 59.51   	150.76   	 17.76   	-147.51		
 55.24   	167.54   	 17.17   	 -91.56		
 42.72   	168.76   	 16.81   	 -45.78		
 32.35   	166.63   	 16.62   	   0.00		
 28.38   	166.63   	 16.62   	  45.78		
 30.21   	168.15   	 16.81   	  86.47		
 33.87   	166.93   	 17.15   	 116.99		
 36.32   	159.00   	 17.62   	 147.51		
 34.79   	144.96   	 18.21   	 172.94		
 29.60   	128.78   	 18.90   	 193.29		
 22.28   	116.27   	 19.67   	 208.54		
 16.78   	111.69   	 20.51   	 218.72		
 17.09   	117.19   	 21.38   	 228.89		
 23.80   	130.00   	 22.30   	 239.06		
 33.26   	143.74   	 23.26   	 249.24		
 39.98   	153.50   	 24.25   	 249.24		
 42.42   	159.00   	 25.25   	 254.32		
 43.33   	163.57   	 26.27   	 259.41		
 46.39   	169.98   	 27.30   	 254.32		
 52.80   	179.44   	 28.32   	 259.41		
 61.04   	190.12   	 29.36   	 249.24		
 69.27   	200.50   	 30.36   	 249.24		
 75.99   	209.66   	 31.35   	 239.06		
 81.79   	218.51   	 32.31   	 223.80		
 86.98   	227.97   	 33.20   	 213.63		
 92.47   	238.65   	 34.06   	 198.37		
 97.35   	249.63   	 34.85   	 178.03		
101.93   	260.31   	 35.56   	 167.85		
106.81   	269.47   	 36.24   	 142.42		
112.30   	277.40   	 36.81   	 132.25		
117.19   	285.03   	 37.33   	 106.82		
121.77   	292.66   	 37.76   	  86.47		
125.43   	300.90   	 38.11   	  61.04		
128.78   	310.06   	 38.35   	  45.78		
133.67   	319.82   	 38.53   	  25.43		
142.21   	332.03   	 38.64   	  -5.09		
155.64   	348.51   	 38.62   	 -20.35		
172.12   	367.43   	 38.53   	 -45.78		
184.02   	382.69   	 38.35   	 -66.12		
185.55   	387.88   	 38.09   	 -86.47		
175.78   	381.47   	 37.74   	-111.90		
160.83   	367.74   	 37.29   	-132.25		
150.76   	354.92   	 36.76   	-152.59		
152.28   	349.73   	 36.15   	-172.94		
163.57   	350.04   	 35.46   	-188.20		
175.48   	348.51   	 34.71   	-208.54		
179.75   	338.44   	 33.88   	-228.89		
175.48   	319.52   	 32.96   	-244.15		
165.41   	295.41   	 31.98   	-254.32		
155.03   	270.39   	 30.97   	-264.50		
146.79   	246.28   	 29.91   	-279.75		
140.08   	222.47   	 28.79   	-279.75		
133.36   	198.97   	 27.67   	-289.93		
125.73   	175.78   	 26.51   	-289.93		
117.49   	154.42   	 25.35   	-289.93		
108.95   	135.50   	 24.19   	-284.84		
100.71   	118.10   	 23.05   	-279.75		
 92.77   	101.62   	 21.93   	-274.67		
 84.53   	 85.14   	 20.83   	-269.58		
 75.38   	 68.97   	 19.76   	-254.32		
 65.31   	 53.71   	 18.74   	-244.15		
 54.93   	 40.89   	 17.76   	-233.98		
 46.08   	 30.82   	 16.83   	-218.72		
 40.28   	 22.58   	 15.95   	-208.54		
 37.54   	 15.87   	 15.12   	-193.29		
 37.54   	  9.77   	 14.34   	-183.11		
 38.76   	  5.19   	 13.61   	-172.94		
 39.06   	  1.53   	 12.92   	-162.77		
 37.23   	 -2.14   	 12.27   	-152.59		
 32.35   	 -7.32   	 11.66   	-152.59		
 25.33   	-14.65   	 11.05   	-142.42		
 19.23   	-21.97   	 10.48   	-147.51		
 16.17   	-26.86   	  9.89   	-142.42		
 17.70   	-27.16   	  9.32   	-147.51		
 21.36   	-24.41   	  8.73   	-147.51		
 22.89   	-23.19   	  8.14   	-152.59		
 18.62   	-27.47   	  7.53   	-152.59		
  8.24   	-37.54   	  6.92   	-147.51		
 -4.58   	-49.74   	  6.33   	-147.51		
-12.82   	-57.68   	  5.74   	-132.25		
-13.43   	-58.29   	  5.21   	-116.99		
 -8.54   	-53.41   	  4.74   	-106.82		
 -4.27   	-49.13   	  4.31   	 -81.38		
 -3.97   	-49.44   	  3.99   	 -61.04		
 -7.02   	-53.10   	  3.74   	 -45.78		
-11.29   	-57.37   	  3.56   	 -30.52		
-13.73   	-59.20   	  3.44   	 -15.26		
-14.65   	-58.90   	  3.38   	  -5.09		
-14.34   	-57.98   	  3.36(D)	   0.00		
-12.21   	-57.37   	  3.36   	   5.09		
 -8.85   	-56.76   	  3.38   	   5.09		
 -5.80   	-56.15   	  3.40   	  10.17		
 -6.71   	-57.07   	  3.44   	  15.26		
-11.90   	-60.12   	  3.50   	  15.26		
-18.92   	-65.00   	  3.56   	  15.26		
-23.19   	-69.27   	  3.62   	  15.26		
-21.97   	-70.80   	  3.68   	  15.26		
-16.48   	-68.66   	  3.74   	  25.43		
-10.38   	-64.09   	  3.85   	  20.35		
 -6.41   	-59.51   	  3.93   	  20.35		
 -6.41   	-56.76   	  4.01   	  25.43		
-10.07   	-57.07   	  4.11   	  30.52		
-15.56   	-60.42   	  4.23   	  25.43		
-19.23   	-64.09   	  4.33   	  25.43		
-17.70   	-64.39   	  4.44   	  30.52		
-11.90   	-61.65   	  4.56   	  25.43		
 -7.02   	-59.20   	  4.66   	  30.52		
-10.07   	-61.95   	  4.78   	  25.43		
-21.36   	-70.80   	  4.88   	  30.52		
-34.79   	-80.57   	  5.01   	  30.52		
-40.59   	-83.92   	  5.13   	  30.52		
-34.79   	-78.13   	  5.25   	  30.52		
-23.19   	-67.75   	  5.37   	  35.61		
-14.04   	-60.12   	  5.51   	  30.52		
-10.99   	-58.59   	  5.64   	  30.52		
-11.60   	-61.34   	  5.76   	  30.52		
-12.21   	-64.09   	  5.88   	  35.61		
-11.90   	-65.31   	  6.02   	  30.52		
-13.43   	-65.31   	  6.14   	  30.52		
-17.40   	-65.61   	  6.27   	  30.52		
-21.36   	-64.70   	  6.39   	  30.52		
-21.97   	-62.56   	  6.51   	  25.43		
-19.53   	-60.42   	  6.61   	  30.52		
-17.09   	-60.12   	  6.73   	  25.43		
-17.09   	-62.26   	  6.84   	  25.43		
-18.31   	-64.70   	  6.94   	  25.43		
-18.92   	-65.00   	  7.04   	  20.35		
-17.70   	-63.17   	  7.12   	  25.43		
-15.26   	-60.12   	  7.22   	  20.35		
-14.04   	-57.07   	  7.30   	  20.35		
-14.65   	-54.93   	  7.39   	  20.35		
-15.87   	-53.41   	  7.47   	  20.35		
-14.34   	-50.96   	  7.55   	  15.26		
-10.07   	-48.22   	  7.61   	  20.35		
 -5.19   	-47.00   	  7.69   	  15.26		
 -4.27   	-48.52   	  7.75   	  20.35		
 -9.46   	-53.41   	  7.83   	  15.26		
-18.62   	-59.81   	  7.89   	  15.26		
-25.02   	-62.87   	  7.96   	  15.26		
-24.11   	-60.42   	  8.02   	  15.26		
-17.70   	-55.54   	  8.08   	  10.17		
-11.90   	-52.49   	  8.12   	  15.26		
-11.60   	-53.41   	  8.18   	  15.26		
-14.95   	-56.46   	  8.24   	  10.17		
-17.09   	-56.76   	  8.28   	   5.09		
-15.56   	-52.80   	  8.30   	   5.09		
-11.29   	-47.30   	  8.32   	   0.00		
 -7.93   	-43.64   	  8.32   	   0.00		
 -7.93   	-44.25   	  8.32   	 -10.17		
-10.07   	-46.69   	  8.28   	 -10.17		
-12.51   	-48.83   	  8.24   	 -10.17		
-14.65   	-48.52   	  8.20   	 -15.26		
-15.87   	-47.30   	  8.14   	 -10.17		
-16.48   	-45.47   	  8.10   	 -10.17		
-15.26   	-42.72   	  8.06   	  -5.09		
-12.21   	-39.37   	  8.04   	  -5.09		
 -8.24   	-36.62   	  8.02   	  -5.09		
 -5.49   	-35.40   	  8.00   	   0.00		
 -5.49   	-36.93   	  8.00   	  -5.09		
 -6.71   	-38.45   	  7.98   	  -5.09		
 -6.10   	-34.79   	  7.96   	 -15.26		
 -1.53   	-22.89   	  7.89   	 -20.35		
  4.58   	 -3.36   	  7.81   	 -25.43		
  7.93   	 18.01   	  7.71   	 -40.69		
  3.97   	 35.10   	  7.55   	 -50.86		
 -4.88   	 45.17   	  7.34   	 -55.95		
-12.82   	 51.88   	  7.12   	 -55.95		
-12.51   	 61.65   	  6.90   	 -55.95		
 -2.75   	 77.51   	  6.67   	 -40.69		
 11.29   	 98.57   	  6.51   	 -35.61		
 23.19   	119.02   	  6.37   	 -15.26		
 29.30   	133.36   	  6.31   	   5.09		
 29.91   	140.38   	  6.33   	  15.26		
 28.99   	142.52   	  6.39   	  30.52		
 28.99   	143.13   	  6.51   	  45.78		
 31.43   	142.52   	  6.69   	  45.78		
 35.10   	138.85   	  6.88   	  55.95		
 37.54   	129.70   	  7.10   	  61.04		
 36.01   	113.53   	  7.34   	  61.04		
 28.38   	 91.55   	  7.59   	  61.04		
 14.65   	 62.87   	  7.83   	  66.12		
 -2.14   	 28.38   	  8.10   	  71.21		
-16.48   	 -8.24   	  8.38   	  66.12		
-24.72   	-42.11   	  8.65   	  66.12		
-25.33   	-66.83   	  8.91   	  71.21		
-21.67   	-80.87   	  9.20   	  66.12		
-19.53   	-87.59   	  9.46   	  55.95		
-21.36   	-92.47   	  9.68   	  55.95		
-26.55   	-98.57   	  9.91   	  50.86		
-31.43   	-104.68   	 10.11   	  40.69		
-33.87   	-108.95   	 10.27   	  35.61		
-34.48   	-111.39   	 10.42   	  30.52		
-36.62   	-115.05   	 10.54   	  25.43		
-41.20   	-121.46   	 10.64   	  20.35		
-46.08   	-126.95   	 10.72   	  20.35		
-46.39   	-127.56   	 10.80   	  15.26		
-41.50   	-120.85   	 10.86   	  15.26		
-34.18   	-111.08   	 10.93   	  10.17		
-28.69   	-103.76   	 10.97   	  10.17		
-28.38   	-102.54   	 11.01   	   0.00		
-33.26   	-107.12   	 11.01   	  -5.09		
-41.50   	-115.05   	 10.99   	 -10.17		
-50.66   	-124.21   	 10.95   	 -15.26		
-55.85   	-134.28   	 10.89   	 -20.35		
-47.30   	-140.08   	 10.80   	 -25.43		
-14.65   	-128.78   	 10.70   	 -15.26		
 48.22   	-85.14   	 10.64   	 -15.26		
135.19   	  4.27   	 10.58   	 -10.17		
228.58   	139.16   	 10.54   	   5.09		
304.57   	299.68   	 10.56(E)	  25.43		
339.05   	444.95   	 10.66   	  35.61		
313.72   	524.29(R)	 10.80   	  66.12		
225.83   	499.57   	 11.07   	  81.38		
 91.55   	368.04   	 11.39   	 111.90		
-51.88   	172.73   	 11.84   	 132.25		
-159.91   	-17.70   	 12.37   	 152.59		
-202.64   	-142.21   	 12.98   	 183.11		
-180.97   	-180.05   	 13.71   	 208.54		
-124.51   	-156.56   	 14.55   	 244.15		
-70.19   	-115.97   	 15.52   	 295.01		
-39.06   	-90.33   	 16.70   	 361.14		
-29.60   	-86.36   	 18.15   	 442.52		
-28.99   	-93.69   	 19.92   	 539.16		
-28.08   	-100.71   	 22.08   	 651.07		
-26.55   	-104.37   	 24.68   	 757.88		
-29.30   	-108.64   	 27.71   	 864.70		
-36.62   	-114.14   	 31.17   	 956.25		
-43.64   	-117.49   	 34.99   	1022.38		
-45.47   	-116.27   	 39.08   	1068.15		
-41.81   	-112.00   	 43.36   	1078.33		
-35.71   	-107.73   	 47.67   	1063.07		
-29.60   	-105.29   	 51.92   	1032.55		
-25.63   	-103.45   	 56.05   	 986.77		
-23.80   	-100.10   	 60.00   	 925.73		
-22.89   	-95.21   	 63.70   	 869.78		
-21.97   	-89.72   	 67.18   	 808.75		
-21.06   	-85.75   	 70.42   	 742.62		
-19.84   	-83.62   	 73.39   	 681.58		
-18.31   	-82.40   	 76.11   	 620.55		
-16.78   	-80.87   	 78.60   	 574.77		
-15.26   	-79.04   	 80.89   	 523.90		
-13.43   	-76.90   	 82.99   	 483.21		
-11.60   	-75.07   	 84.92   	 452.69		
 -9.77   	-72.63   	 86.73   	 427.26		
 -7.32   	-69.27   	 88.44   	 412.00		
 -4.88   	-65.31   	 90.09   	 396.74		
 -2.75   	-61.04   	 91.68   	 381.48		
 -1.22   	-57.37   	 93.20   	 361.14		
 -0.31   	-54.93   	 94.65   	 345.88		
  1.22   	-52.80   	 96.03   	 330.62		
  4.27   	-48.52   	 97.35   	 305.19		
  8.85   	-41.81   	 98.58   	 295.01		
 14.04   	-33.87   	 99.76   	 274.67		
 17.70   	-26.55   	100.85   	 264.50		
 19.53   	-20.75   	101.91   	 259.41		
 20.75   	-16.17   	102.95   	 259.41		
 22.89   	-11.60   	103.99   	 254.32		
 27.47   	 -6.41   	105.00   	 259.41		
 33.87   	 -0.92   	106.04   	 254.32		
 39.67   	  4.27   	107.06   	 254.32		
 43.03   	  9.46   	108.08   	 244.15		
 42.72   	 14.04   	109.05   	 228.89		
 40.28   	 18.62   	109.97   	 213.63		
 38.45   	 22.89   	110.82   	 203.46		
 38.76   	 25.33   	111.64   	 178.03		
 40.89   	 25.94   	112.35   	 162.77		
 43.64   	 25.02   	113.00   	 142.42		
 45.17   	 25.02   	113.57   	 127.16		
 45.17   	 27.16   	114.08   	 111.90		
 44.86   	 31.13   	114.53   	  86.47		
 43.95   	 35.10   	114.87   	  71.21		
 43.03   	 36.93   	115.16   	  55.95		
 41.81   	 35.71   	115.38   	  40.69		
 41.20   	 33.57   	115.54   	  25.43		
 41.20   	 31.74   	115.65   	   5.09		
 41.81   	 32.04   	115.67(S)	  -5.09		
 43.03   	 34.18   	115.65   	 -20.35		
 44.56   	 36.93   	115.56   	 -40.69		
 48.22   	 40.89   	115.40   	 -50.86		
 55.24   	 46.69   	115.20   	 -76.30		
 62.87   	 50.96   	114.89   	 -91.56		
 65.00   	 49.74   	114.53   	-111.90		
 57.68   	 40.89   	114.08   	-132.25		
 41.50   	 25.33   	113.55   	-162.77		
 24.41   	  9.77   	112.90   	-183.11		
 15.56   	  1.53   	112.17   	-213.63		
 18.01   	  2.44   	111.31   	-244.15		
 26.86   	  7.02   	110.34   	-264.50		
 33.57   	  8.54   	109.28   	-295.01		
 32.96   	  3.66   	108.10   	-325.53		
 25.63   	 -5.19   	106.80   	-350.97		
 15.87   	-13.12   	105.39   	-371.31		
  8.54   	-18.01   	103.91   	-396.74		
  5.80   	-19.23   	102.32   	-427.26		
  6.71   	-20.45   	100.61   	-467.95		
  7.93   	-23.50   	 98.74   	-518.82		
  6.41   	-28.38   	 96.66   	-579.86		
  1.83   	-32.96   	 94.34   	-651.07		
 -3.05   	-33.57   	 91.74   	-742.62		
 -3.05   	-24.41   	 88.77   	-824.00		
  7.02   	 -4.27   	 85.47   	-910.47		
 28.08   	 18.62   	 81.83   	-986.77		
 57.37   	 23.80   	 77.88   	-1042.72		
 92.47   	-11.29   	 73.71   	-1078.33		
129.09   	-100.40   	 69.40   	-1093.59		
160.52   	-240.78   	 65.03   	-1083.41		
177.00   	-413.21   	 60.69   	-1063.07		
169.37   	-586.55   	 56.44   	-1017.29		
133.36   	-726.93   	 52.37   	-966.43		
 73.24   	-805.05   	 48.50   	-910.47		
  0.92   	-806.27(R)	 44.86(E)	-844.35		
-69.27   	-738.22   	 41.49   	-788.40		
-128.48   	-627.14   	 38.33   	-732.45		
-172.73   	-507.51   	 35.40   	-676.50		
-205.99   	-406.49   	 32.70   	-625.63		
-235.90   	-337.83   	 30.19   	-579.86		
-266.11   	-303.04   	 27.87   	-539.16		
-292.97   	-295.41   	 25.72   	-498.47		
-307.01   	-298.77   	 23.72   	-457.78		
-299.07   	-292.97   	 21.89   	-422.18		
-268.55   	-263.98   	 20.20   	-381.48		
-225.52   	-212.10   	 18.68   	-335.71		
-184.94   	-150.76   	 17.33   	-295.01		
-155.03   	-95.83   	 16.15   	-249.24		
-135.19   	-55.54   	 15.16   	-203.46		
-118.71   	-28.38   	 14.34   	-157.68		
-98.88   	 -8.85   	 13.71   	-116.99		
-70.80   	  9.16   	 13.25   	 -71.21		
-36.32   	 31.13   	 12.96   	 -35.61		
  0.31   	 60.73   	 12.82   	   5.09		
 32.35   	 95.83   	 12.84   	  45.78		
 54.02   	128.48   	 13.02   	  86.47		
 62.56   	146.79   	 13.37   	 127.16		
 59.51   	145.26   	 13.88   	 157.68		
 48.52   	129.09   	 14.51   	 203.46		
 35.71   	109.86   	 15.32   	 228.89		
 25.63   	100.10   	 16.24   	 259.41		
 22.28   	103.45   	 17.27   	 279.75		
 25.94   	116.88   	 18.39   	 295.01		
 34.48   	132.45   	 19.57   	 300.10		
 42.72   	144.35   	 20.77   	 305.19		
 47.91   	151.67   	 21.99   	 300.10		
 51.27   	158.69   	 23.19   	 300.10		
 55.85   	169.07   	 24.39   	 295.01		
 63.48   	183.41   	 25.57   	 289.93		
 73.85   	199.89   	 26.73   	 284.84		
 84.23   	215.15   	 27.87   	 274.67		
 90.33   	227.05   	 28.97   	 274.67		
 91.25   	235.60   	 30.07   	 269.58		
 88.81   	242.00   	 31.15   	 259.41		
 86.36   	248.41   	 32.19   	 249.24		
 88.50   	258.79   	 33.18   	 239.06		
 96.74   	274.66   	 34.14   	 233.98		
109.25   	295.72   	 35.08   	 213.63		
122.07   	318.30   	 35.93   	 203.46		
132.45   	338.75   	 36.74   	 188.20		
140.69   	355.53   	 37.50   	 172.94		
148.32   	369.57   	 38.19   	 152.59		
156.86   	383.00   	 38.80   	 137.33		
165.41   	397.34   	 39.35   	 111.90		
173.03   	411.38   	 39.80   	  96.64		
177.61   	423.89   	 40.18   	  76.30		
180.36   	434.27   	 40.49   	  50.86		
183.11   	444.03   	 40.69   	  25.43		
188.29   	455.32   	 40.79   	   5.09		
196.53   	468.75   	 40.81   	 -20.35		
205.38   	481.57   	 40.73   	 -45.78		
211.49   	490.42   	 40.55   	 -61.04		
213.62   	493.16   	 40.31   	 -91.56		
213.32   	491.33   	 39.94   	-106.82		
212.71   	486.76   	 39.51   	-132.25		
211.79   	479.13   	 38.98   	-147.51		
207.82   	466.31   	 38.39   	-167.85		
197.75   	444.95   	 37.72   	-188.20		
182.50   	416.26   	 36.97   	-198.37		
166.93   	385.13   	 36.17   	-218.72		
156.25   	355.22   	 35.30   	-228.89		
150.45   	327.76   	 34.38   	-244.15		
144.96   	299.68   	 33.41   	-259.41		
136.72   	268.86   	 32.37   	-264.50		
126.04   	236.51   	 31.31   	-274.67		
115.66   	206.30   	 30.21   	-284.84		
106.51   	178.22   	 29.07   	-289.93		
 95.83   	150.45   	 27.91   	-289.93		
 80.87   	120.24   	 26.75   	-295.01		
 62.26   	 88.20   	 25.57   	-295.01		
 46.08   	 59.51   	 24.39   	-289.93		
 37.84   	 39.37   	 23.23   	-279.75		
 36.93   	 27.77   	 22.12   	-274.67		
 36.62   	 19.23   	 21.02   	-269.58		
 31.13   	  7.93   	 19.94   	-249.24		
 20.45   	 -7.02   	 18.94   	-244.15		
  8.85   	-22.58   	 17.97   	-228.89		
  1.22   	-34.79   	 17.05   	-218.72		
 -1.83   	-43.64   	 16.17   	-213.63		
 -3.36   	-50.66   	 15.32   	-198.37		
 -7.32   	-58.29   	 14.53   	-188.20		
-13.73   	-66.22   	 13.77   	-188.20		
-20.45   	-73.85   	 13.02   	-178.03		
-25.63   	-80.26   	 12.31   	-178.03		
-29.60   	-86.67   	 11.60   	-172.94		
-33.87   	-93.69   	 10.91   	-162.77		
-38.15   	-100.10   	 10.25   	-162.77		
-41.81   	-104.98   	  9.60   	-157.68		
-43.33   	-107.12   	  8.97   	-152.59		
-41.81   	-107.12   	  8.36   	-137.33		
-38.45   	-105.90   	  7.81   	-132.25		
-36.32   	-104.68   	  7.28   	-122.07		
-36.62   	-104.68   	  6.80   	-106.82		
-39.06   	-106.51   	  6.37   	 -91.56		
-42.72   	-109.25   	  6.00   	 -86.47		
-45.78   	-112.30   	  5.66   	 -66.12		
-47.91   	-114.44   	  5.39   	 -61.04		
-49.13   	-114.14   	  5.15   	 -45.78		
-48.52   	-111.08   	  4.96   	 -40.69		
-46.08   	-106.81   	  4.80   	 -30.52		
-43.33   	-104.37   	  4.68   	 -20.35		
-43.64   	-106.51   	  4.60   	 -20.35		
-49.74   	-114.14   	  4.52   	 -15.26		
-60.42   	-124.82   	  4.46   	 -15.26		
-70.19   	-133.67   	  4.39   	 -10.17		
-74.16   	-136.41   	  4.35   	  -5.09		
-71.72   	-133.67   	  4.33   	  -5.09		
-66.53   	-128.78   	  4.31(D)	   0.00		
-62.87   	-124.82   	  4.31   	   0.00		
-61.34   	-122.68   	  4.31   	   0.00		
-59.81   	-120.54   	  4.31   	  10.17		
-56.76   	-118.41   	  4.35   	   5.09		
-53.41   	-118.10   	  4.37   	  15.26		
-51.88   	-120.85   	  4.44   	  10.17		
-53.71   	-125.12   	  4.48   	  10.17		
-57.07   	-127.56   	  4.52   	  15.26		
-57.98   	-126.04   	  4.58   	  15.26		
-54.93   	-120.85   	  4.64   	  20.35		
-50.66   	-115.66   	  4.72   	  15.26		
-48.52   	-113.53   	  4.78   	  20.35		
-50.96   	-113.53   	  4.86   	  15.26		
-56.15   	-113.53   	  4.92   	  25.43		
-58.90   	-112.00   	  5.03   	  20.35		
-55.85   	-109.56   	  5.11   	  20.35		
-49.13   	-107.73   	  5.19   	  25.43		
-43.64   	-108.03   	  5.29   	  25.43		
-43.03   	-110.17   	  5.39   	  25.43		
-47.00   	-112.00   	  5.49   	  25.43		
-51.27   	-112.30   	  5.60   	  25.43		
-52.80   	-111.08   	  5.70   	  25.43		
-49.74   	-108.03   	  5.80   	  30.52		
-44.56   	-102.54   	  5.92   	  25.43		
-40.28   	-96.74   	  6.02   	  25.43		
-39.98   	-94.30   	  6.12   	  25.43		
-45.47   	-97.96   	  6.23   	  25.43		
-55.85   	-108.03   	  6.33   	  20.35		
-66.22   	-118.71   	  6.41   	  25.43		
-69.89   	-123.29   	  6.51   	  20.35		
-65.00   	-118.71   	  6.59   	  25.43		
-55.85   	-108.95   	  6.69   	  20.35		
-49.74   	-101.01   	  6.78   	  15.26		
-50.66   	-99.79   	  6.84   	  15.26		
-56.46   	-103.15   	  6.90   	  15.26		
-62.26   	-106.51   	  6.96   	  15.26		
-62.87   	-105.59   	  7.02   	  15.26		
-58.90   	-101.01   	  7.08   	  10.17		
-53.71   	-96.74   	  7.12   	   5.09		
-49.74   	-94.30   	  7.14   	  10.17		
-47.30   	-93.08   	  7.18   	   5.09		
-45.78   	-90.03   	  7.20   	   5.09		
-43.03   	-81.18   	  7.22   	   5.09		
-38.76   	-64.70   	  7.24   	   5.09		
-33.26   	-41.50   	  7.26   	   5.09		
-28.08   	-17.09   	  7.28   	   0.00		
-26.25   	  2.44   	  7.28   	   5.09		
-28.69   	 13.43   	  7.30   	   5.09		
-32.65   	 19.23   	  7.32   	   5.09		
-33.57   	 26.55   	  7.34   	   0.00		
-28.99   	 40.89   	  7.34   	   5.09		
-19.53   	 62.56   	  7.37   	   5.09		
 -9.46   	 84.84   	  7.39   	   0.00		
 -2.75   	100.71   	  7.39   	   5.09		
 -0.61   	107.73   	  7.41   	   5.09		
 -1.22   	107.42   	  7.43   	   0.00		
 -1.83   	103.15   	  7.43   	   5.09		
 -0.92   	 97.05   	  7.45   	   5.09		
  1.53   	 88.81   	  7.47   	   5.09		
  2.75   	 76.90   	  7.49   	   0.00		
 -0.61   	 59.81   	  7.49   	  10.17		
-10.38   	 36.62   	  7.53   	   5.09		
-25.33   	  7.02   	  7.55   	   5.09		
-40.59   	-27.77   	  7.57   	  15.26		
-50.96   	-63.78   	  7.63   	  10.17		
-53.71   	-95.21   	  7.67   	  20.35		
-50.66   	-118.10   	  7.75   	  15.26		
-46.69   	-131.53   	  7.81   	  25.43		
-46.08   	-138.24   	  7.91   	  25.43		
-50.35   	-142.21   	  8.02   	  30.52		
-57.68   	-146.18   	  8.14   	  30.52		
-64.09   	-150.76   	  8.26   	  35.61		
-67.75   	-155.03   	  8.40   	  35.61		
-67.14   	-157.78   	  8.55   	  35.61		
-62.87   	-157.47   	  8.69   	  40.69		
-56.15   	-153.81   	  8.85   	  35.61		
-49.44   	-149.54   	  8.99   	  35.61		
-47.30   	-148.62   	  9.14   	  30.52		
-51.88   	-152.89   	  9.26   	  30.52		
-60.73   	-160.52   	  9.38   	  20.35		
-68.97   	-166.63   	  9.46   	  15.26		
-72.02   	-166.93   	  9.52   	   5.09		
-70.80   	-162.35   	  9.54   	   5.09		
-70.19   	-157.78   	  9.56   	  -5.09		
-75.38   	-158.39   	  9.54   	 -15.26		
-85.75   	-166.93   	  9.48   	 -15.26		
-92.77   	-182.19   	  9.42   	 -20.35		
-83.62   	-196.23   	  9.34   	 -20.35		
-47.61   	-194.40   	  9.26   	 -15.26		
 18.01   	-159.00   	  9.20   	 -15.26		
106.81   	-74.77   	  9.14   	  -5.09		
202.64   	 59.51   	  9.11   	   5.09		
283.51   	224.61   	  9.14(E)	  10.17		
326.23   	377.81   	  9.18   	  30.52		
310.36   	467.22(R)	  9.30   	  40.69		
228.27   	453.19   	  9.46   	  50.86		
 92.47   	331.42   	  9.66   	  71.21		
-59.51   	141.30   	  9.95   	  91.56		
-180.36   	-48.22   	 10.32   	 106.82		
-234.68   	-175.78   	 10.74   	 132.25		
-219.73   	-217.59   	 11.27   	 167.85		
-164.18   	-195.31   	 11.94   	 208.54		
-108.95   	-153.20   	 12.78   	 259.41		
-78.74   	-125.73   	 13.81   	 320.45		
-72.94   	-122.68   	 15.10   	 401.83		
-76.29   	-132.14   	 16.70   	 488.30		
-75.68   	-138.55   	 18.66   	 595.11		
-68.97   	-135.80   	 21.04   	 701.93		
-62.26   	-128.48   	 23.85   	 808.75		
-59.81   	-122.07   	 27.08   	 910.47		
-60.42   	-119.63   	 30.72   	 991.86		
-60.73   	-119.32   	 34.69   	1052.90		
-58.90   	-119.02   	 38.90   	1083.41		
-55.85   	-117.49   	 43.23   	1083.41		
-54.32   	-115.36   	 47.57   	1068.15		
-55.24   	-112.30   	 51.84   	1022.38		
-56.46   	-108.34   	 55.93   	 971.51		
-55.24   	-102.23   	 59.82   	 905.39		
-50.35   	-94.91   	 63.44   	 849.44		
-43.95   	-89.11   	 66.84   	 783.31		
-39.67   	-86.36   	 69.97   	 722.28		
-39.67   	-87.59   	 72.86   	 666.32		
-42.72   	-90.64   	 75.52   	 615.46		
-44.56   	-91.25   	 77.99   	 569.68		
-42.11   	-88.20   	 80.26   	 539.16		
-36.93   	-81.79   	 82.42   	 503.56		
-31.74   	-73.85   	 84.44   	 483.21		
-28.99   	-66.83   	 86.37   	 457.78		
-29.30   	-61.95   	 88.20   	 437.43		
-31.13   	-59.20   	 89.95   	 417.09		
-32.96   	-57.98   	 91.62   	 391.66		
-32.65   	-57.37   	 93.18   	 366.22		
-29.30   	-55.24   	 94.65   	 345.88		
-22.89   	-49.44   	 96.03   	 315.36		
-13.43   	-39.06   	 97.29   	 300.10		
 -2.75   	-25.63   	 98.49   	 284.84		
  5.19   	-14.04   	 99.63   	 269.58		
  6.71   	 -9.46   	100.71   	 254.32		
  1.22   	-12.82   	101.73   	 244.15		
 -8.85   	-19.84   	102.71   	 239.06		
-16.78   	-22.58   	103.66   	 233.98		
-17.09   	-16.48   	104.60   	 223.80		
 -8.85   	 -2.75   	105.49   	 223.80		
  3.36   	 13.12   	106.39   	 208.54		
 13.73   	 24.72   	107.22   	 208.54		
 18.62   	 30.82   	108.06   	 193.29		
 18.31   	 33.57   	108.83   	 188.20		
 16.17   	 35.40   	109.58   	 172.94		
 15.56   	 38.45   	110.27   	 157.68		
 17.70   	 41.81   	110.90   	 152.59		
 21.97   	 44.86   	111.52   	 137.33		
 25.63   	 47.30   	112.06   	 132.25		
 27.47   	 49.44   	112.59   	 111.90		
 27.77   	 51.57   	113.04   	 106.82		
 28.08   	 53.71   	113.47   	  86.47		
 29.30   	 54.93   	113.81   	  76.30		
 30.52   	 55.24   	114.12   	  61.04		
 30.52   	 54.63   	114.36   	  40.69		
 28.38   	 54.02   	114.53   	  25.43		
 25.94   	 54.02   	114.63   	  10.17		
 24.72   	 54.32   	114.67(S)	  -5.09		
 25.02   	 54.02   	114.65   	 -20.35		
 26.25   	 51.57   	114.57   	 -40.69		
 26.55   	 47.61   	114.40   	 -55.95		
 25.63   	 42.72   	114.18   	 -81.38		
 23.80   	 39.06   	113.86   	 -96.64		
 20.75   	 36.01   	113.47   	-122.07		
 16.17   	 32.04   	112.98   	-147.51		
 10.99   	 25.63   	112.39   	-172.94		
  5.80   	 16.48   	111.70   	-203.46		
  1.83   	  6.10   	110.88   	-223.80		
 -1.53   	 -3.36   	109.99   	-259.41		
 -5.19   	-10.99   	108.95   	-289.93		
 -9.46   	-15.56   	107.79   	-320.45		
-14.95   	-18.92   	106.51   	-345.88		
-19.53   	-21.36   	105.13   	-371.31		
-22.58   	-24.72   	103.64   	-406.92		
-23.50   	-28.38   	102.01   	-437.43		
-22.58   	-31.43   	100.26   	-488.30		
-21.06   	-32.65   	 98.31   	-544.25		
-20.75   	-32.04   	 96.13   	-615.46		
-21.97   	-30.52   	 93.67   	-701.93		
-25.33   	-29.30   	 90.86   	-778.23		
-29.30   	-29.60   	 87.75   	-869.78		
-31.74   	-29.91   	 84.27   	-940.99		
-31.43   	-29.30   	 80.51   	-1007.12		
-28.69   	-26.55   	 76.48   	-1047.81		
-25.02   	-22.58   	 72.29   	-1073.24		
-22.89   	-18.62   	 68.00   	-1078.33		
-21.06   	-18.01   	 63.68   	-1063.07		
-14.95   	-25.02   	 59.43   	-1032.55		
  0.61   	-44.25   	 55.30   	-996.94		
 29.60   	-80.57   	 51.31   	-946.08		
 68.97   	-135.80   	 47.53   	-890.13		
109.25   	-208.74   	 43.97   	-844.35		
138.55   	-292.66   	 40.59   	-783.31		
150.15   	-380.86   	 37.46   	-732.45		
142.82   	-470.89   	 34.53   	-681.58		
118.71   	-565.19   	 31.80   	-635.81		
 79.96   	-666.81   	 29.26   	-590.03		
 24.11   	-773.32   	 26.90   	-544.25		
-50.96   	-868.53   	 24.72   	-503.56		
-139.16   	-924.99(R)	 22.71(E)	-462.87		
-226.14   	-917.36   	 20.85   	-427.26		
-292.36   	-838.62   	 19.15   	-386.57		
-324.40   	-704.65   	 17.60   	-356.05		
-320.43   	-548.10   	 16.17   	-320.45		
-292.36   	-406.80   	 14.89   	-289.93		
-260.62   	-309.45   	 13.73   	-254.32		
-240.78   	-264.28   	 12.72   	-223.80		
-236.51   	-261.23   	 11.82   	-188.20		
-239.87   	-278.63   	 11.07   	-152.59		
-237.73   	-294.19   	 10.46   	-122.07		
-221.86   	-292.66   	  9.97   	 -86.47		
-193.48   	-272.83   	  9.62   	 -50.86		
-160.22   	-240.17   	  9.42   	  -5.09		
-128.48   	-200.50   	  9.40   	  30.52		
-99.18   	-155.33   	  9.52   	  76.30		
-70.50   	-105.90   	  9.83   	 111.90		
-42.72   	-56.46   	 10.27   	 147.51		
-20.75   	-13.43   	 10.86   	 183.11		
 -9.77   	 20.14   	 11.60   	 208.54		
-10.38   	 46.39   	 12.43   	 233.98		
-15.56   	 73.85   	 13.37   	 254.32		
-17.40   	107.12   	 14.38   	 274.67		
-11.60   	143.74   	 15.48   	 295.01		
 -0.61   	175.78   	 16.66   	 310.27		
  9.77   	197.14   	 17.90   	 330.62		
 17.09   	209.05   	 19.23   	 350.97		
 21.97   	216.67   	 20.63   	 366.22		
 26.25   	225.83   	 22.10   	 381.48		
 30.52   	238.34   	 23.62   	 396.74		
 35.40   	253.30   	 25.21   	 412.00		
 41.81   	269.47   	 26.86   	 422.18		
 49.74   	285.34   	 28.55   	 427.26		
 59.20   	300.60   	 30.25   	 432.35		
 68.36   	315.55   	 31.98   	 432.35		
 76.29   	331.73   	 33.71   	 432.35		
 83.92   	350.04   	 35.44   	 432.35		
 93.08   	370.79   	 37.17   	 432.35		
104.06   	393.37   	 38.90   	 427.26		
115.36   	414.73   	 40.61   	 417.09		
126.04   	434.27   	 42.28   	 406.92		
135.50   	452.27   	 43.91   	 391.66		
144.35   	469.97   	 45.47   	 371.31		
153.81   	488.89   	 46.96   	 361.14		
163.27   	507.81   	 48.40   	 330.62		
170.90   	526.43   	 49.73   	 315.36		
176.70   	544.13   	 50.99   	 289.93		
180.97   	561.22   	 52.15   	 264.50		
185.55   	577.70   	 53.20   	 239.06		
191.35   	594.18   	 54.16   	 213.63		
198.06   	609.74   	 55.02   	 188.20		
205.99   	623.78   	 55.77   	 157.68		
213.62   	635.99   	 56.40   	 127.16		
220.64   	645.75   	 56.91   	 101.73		
225.22   	651.86   	 57.31   	  66.12		
227.05   	653.69   	 57.58   	  30.52		
225.22   	650.33   	 57.70   	   5.09		
221.25   	642.70   	 57.72   	 -30.52		
216.67   	631.10   	 57.60   	 -61.04		
212.40   	615.84   	 57.35   	 -91.56		
208.74   	597.53   	 56.99   	-116.99		
204.16   	575.26   	 56.52   	-147.51		
197.14   	548.40   	 55.93   	-172.94		
186.77   	517.27   	 55.24   	-198.37		
173.34   	483.40   	 54.45   	-213.63		
158.08   	447.69   	 53.59   	-244.15		
141.60   	410.16   	 52.61   	-259.41		
125.43   	371.40   	 51.58   	-274.67		
110.78   	332.03   	 50.48   	-295.01		
 97.35   	294.49   	 49.30   	-315.36		
 85.75   	260.93   	 48.04   	-325.53		
 75.07   	232.24   	 46.73   	-335.71		
 63.78   	205.99   	 45.39   	-345.88		
 51.57   	180.36   	 44.01   	-361.14		
 40.89   	154.42   	 42.56   	-361.14		
 32.04   	130.00   	 41.12   	-371.31		
 25.33   	109.25   	 39.63   	-376.40		
 19.23   	 93.69   	 38.13   	-381.48		
 13.12   	 80.87   	 36.60   	-376.40		
  7.02   	 67.44   	 35.10   	-376.40		
  1.22   	 51.57   	 33.59   	-376.40		
 -3.97   	 34.18   	 32.09   	-366.22		
 -9.16   	 18.31   	 30.62   	-361.14		
-14.34   	  6.41   	 29.18   	-356.05		
-18.31   	 -0.61   	 27.75   	-340.79		
-20.14   	 -5.49   	 26.39   	-335.71		
-20.45   	-10.99   	 25.05   	-325.53		
-20.75   	-18.01   	 23.74   	-315.36		
-21.36   	-25.63   	 22.48   	-300.10		
-22.89   	-32.65   	 21.28   	-295.01		
-25.02   	-38.76   	 20.10   	-279.75		
-26.86   	-44.86   	 18.98   	-269.58		
-28.69   	-50.66   	 17.90   	-254.32		
-30.21   	-56.15   	 16.89   	-244.15		
-31.74   	-60.12   	 15.91   	-233.98		
-33.57   	-63.17   	 14.97   	-213.63		
-36.32   	-65.92   	 14.12   	-203.46		
-39.98   	-70.50   	 13.31   	-188.20		
-43.33   	-76.29   	 12.55   	-172.94		
-44.86   	-81.79   	 11.86   	-162.77		
-43.95   	-85.14   	 11.21   	-147.51		
-41.81   	-85.75   	 10.62   	-132.25		
-40.28   	-85.14   	 10.09   	-116.99		
-41.20   	-84.84   	  9.62   	-106.82		
-44.86   	-85.75   	  9.20   	 -96.64		
-48.83   	-87.89   	  8.81   	 -81.38		
-51.27   	-89.42   	  8.48   	 -71.21		
-51.27   	-89.72   	  8.20   	 -66.12		
-49.13   	-87.89   	  7.93   	 -50.86		
-47.30   	-86.06   	  7.73   	 -50.86		
-46.69   	-85.45   	  7.53   	 -40.69		
-48.22   	-86.98   	  7.37   	 -35.61		
-50.96   	-89.42   	  7.22   	 -25.43		
-53.71   	-91.86   	  7.12   	 -25.43		
-55.54   	-93.08   	  7.02   	 -25.43		
-56.46   	-93.69   	  6.92   	 -15.26		
-57.37   	-94.30   	  6.86   	 -15.26		
-57.37   	-94.91   	  6.80   	 -10.17		
-53.71   	-92.77   	  6.75   	 -10.17		
-45.17   	-86.06   	  6.71   	  -5.09		
-35.10   	-78.13   	  6.69(D)	   0.00		
-29.91   	-74.77   	  6.69   	   0.00		
-35.40   	-80.87   	  6.69   	   0.00		
-50.96   	-94.91   	  6.69   	   0.00		
-68.36   	-109.86   	  6.69   	   5.09		
-76.60   	-115.66   	  6.71   	   5.09		
-72.94   	-110.78   	  6.73   	   5.09		
-62.26   	-100.40   	  6.75   	  10.17		
-53.71   	-92.77   	  6.80   	  10.17		
-51.88   	-91.55   	  6.84   	  10.17		
-54.32   	-94.30   	  6.88   	  15.26		
-55.85   	-96.13   	  6.94   	  15.26		
-54.93   	-94.60   	  7.00   	  15.26		
-53.10   	-91.86   	  7.06   	  20.35		
-53.41   	-90.33   	  7.14   	  20.35		
-55.54   	-90.94   	  7.22   	  20.35		
-57.07   	-92.16   	  7.30   	  20.35		
-56.15   	-91.55   	  7.39   	  20.35		
-53.41   	-88.81   	  7.47   	  25.43		
-50.35   	-83.01   	  7.57   	  20.35		
-47.00   	-71.41   	  7.65   	  25.43		
-41.81   	-52.19   	  7.75   	  20.35		
-34.79   	-25.94   	  7.83   	  25.43		
-28.08   	  1.83   	  7.93   	  20.35		
-24.72   	 22.89   	  8.02   	  25.43		
-26.86   	 32.96   	  8.12   	  20.35		
-32.35   	 35.10   	  8.20   	  25.43		
-36.32   	 36.93   	  8.30   	  20.35		
-34.79   	 46.08   	  8.38   	  25.43		
-27.47   	 61.95   	  8.48   	  20.35		
-18.31   	 79.04   	  8.57   	  20.35		
-12.21   	 91.25   	  8.65   	  20.35		
-10.38   	 97.35   	  8.73   	  20.35		
-10.07   	 99.79   	  8.81   	  15.26		
 -7.32   	101.01   	  8.87   	  15.26		
 -0.92   	100.71   	  8.93   	  10.17		
  5.49   	 94.60   	  8.97   	  10.17		
  7.32   	 80.26   	  9.01   	   5.09		
  1.53   	 58.90   	  9.03   	   0.00		
-11.29   	 32.35   	  9.03   	  -5.09		
-27.77   	  1.53   	  9.01   	   0.00		
-43.95   	-32.65   	  9.01   	  -5.09		
-56.76   	-68.05   	  8.99   	  -5.09		
-65.00   	-99.79   	  8.97   	   5.09		
-68.66   	-122.38   	  8.99   	  10.17		
-68.66   	-134.28   	  9.03   	  15.26		
-65.92   	-137.02   	  9.09   	  25.43		
-61.34   	-135.19   	  9.20   	  25.43		
-57.07   	-133.36   	  9.30   	  35.61		
-55.54   	-135.19   	  9.44   	  30.52		
-58.90   	-141.60   	  9.56   	  25.43		
-67.75   	-152.28   	  9.66   	  15.26		
-78.13   	-163.27   	  9.73   	  10.17		
-84.53   	-169.98   	  9.77   	   5.09		
-83.01   	-169.68   	  9.79   	 -10.17		
-76.29   	-164.18   	  9.75   	 -10.17		
-69.89   	-157.78   	  9.70   	 -10.17		
-67.44   	-153.50   	  9.66   	 -10.17		
-68.05   	-151.37   	  9.62   	   0.00		
-68.66   	-149.54   	  9.62(E)	  10.17		
-66.83   	-147.40   	  9.66   	  15.26		
-65.31   	-145.87   	  9.73   	  25.43		
-67.14   	-148.32   	  9.83   	  30.52		
-74.77   	-155.94   	  9.95   	  40.69		
-85.45   	-169.37   	 10.11   	  40.69		
-91.25   	-184.94   	 10.27   	  40.69		
-79.96   	-194.70   	 10.44   	  50.86		
-41.50   	-185.24   	 10.64   	  50.86		
 27.16   	-141.91   	 10.84   	  61.04		
119.63   	-52.80   	 11.09   	  71.21		
215.45   	 81.18   	 11.37   	  81.38		
290.83   	240.17   	 11.70   	  81.38		
322.57   	384.83   	 12.02   	  91.56		
295.41   	465.39(R)	 12.39   	  96.64		
207.21   	442.50   	 12.78   	  96.64		
 74.46   	312.81   	 13.16   	  96.64		
-68.97   	118.41   	 13.55   	 101.73		
-181.88   	-70.19   	 13.96   	 106.82		
-231.93   	-190.43   	 14.38   	 116.99		
-216.37   	-221.25   	 14.85   	 137.33		
-161.44   	-188.90   	 15.40   	 162.77		
-105.90   	-140.38   	 16.05   	 208.54		
-74.77   	-111.39   	 16.89   	 269.58		
-69.58   	-110.17   	 17.97   	 340.79		
-75.07   	-122.68   	 19.33   	 427.26		
-76.29   	-129.70   	 21.04   	 528.99		
-68.97   	-125.43   	 23.15   	 630.72		
-60.42   	-115.97   	 25.68   	 747.71		
-57.68   	-111.39   	 28.67   	 844.35		
-62.56   	-116.27   	 32.04   	 940.99		
-70.50   	-126.95   	 35.81   	1017.29		
-75.99   	-135.19   	 39.88   	1073.24		
-75.07   	-134.58   	 44.17   	1098.67		
-69.27   	-126.04   	 48.57   	1108.85		
-62.87   	-115.05   	 53.00   	1093.59		
-58.90   	-107.73   	 57.38   	1063.07		
-57.37   	-105.29   	 61.63   	1012.20		
-55.54   	-104.37   	 65.68   	 956.25		
-51.88   	-101.32   	 69.50   	 885.04		
-47.61   	-95.21   	 73.04   	 818.92		
-44.86   	-87.89   	 76.32   	 742.62		
-45.17   	-82.09   	 79.29   	 681.58		
-47.30   	-78.74   	 82.01   	 620.55		
-47.61   	-76.29   	 84.50   	 569.68		
-44.86   	-74.16   	 86.77   	 523.90		
-40.28   	-71.41   	 88.87   	 483.21		
-36.32   	-68.36   	 90.80   	 447.61		
-33.57   	-65.00   	 92.59   	 417.09		
-32.04   	-61.34   	 94.26   	 386.57		
-29.60   	-56.46   	 95.81   	 366.22		
-26.25   	-50.05   	 97.27   	 340.79		
-21.36   	-43.03   	 98.64   	 325.53		
-16.78   	-36.32   	 99.94   	 310.27		
-12.82   	-30.52   	101.18   	 295.01		
 -9.77   	-26.25   	102.36   	 295.01		
 -7.32   	-22.28   	103.54   	 289.93		
 -5.19   	-18.01   	104.70   	 284.84		
 -2.75   	-12.51   	105.84   	 284.84		
  1.22   	 -3.97   	106.98   	 279.75		
  7.32   	  7.02   	108.10   	 279.75		
 14.65   	 18.62   	109.22   	 279.75		
 21.97   	 29.30   	110.34   	 274.67		
 29.91   	 39.67   	111.43   	 269.58		
 38.15   	 50.35   	112.51   	 264.50		
 44.86   	 60.12   	113.57   	 254.32		
 47.61   	 66.83   	114.59   	 249.24		
 45.17   	 67.75   	115.58   	 233.98		
 39.37   	 64.09   	116.52   	 218.72		
 35.10   	 61.65   	117.40   	 203.46		
 36.32   	 64.39   	118.21   	 188.20		
 42.42   	 72.33   	118.96   	 167.85		
 49.13   	 80.57   	119.63   	 152.59		
 52.49   	 84.53   	120.24   	 137.33		
 51.57   	 83.31   	120.79   	 122.07		
 48.83   	 79.96   	121.28   	 101.73		
 47.30   	 77.51   	121.69   	  91.56		
 48.22   	 77.51   	122.05   	  76.30		
 51.27   	 79.35   	122.36   	  61.04		
 54.02   	 80.57   	122.60   	  45.78		
 54.63   	 79.65   	122.79   	  35.61		
 52.80   	 75.68   	122.93   	  15.26		
 49.13   	 69.58   	122.99   	   5.09		
 45.47   	 62.56   	123.01(S)	 -15.26		
 43.03   	 56.46   	122.95   	 -30.52		
 41.81   	 50.96   	122.83   	 -50.86		
 39.37   	 45.47   	122.62   	 -71.21		
 34.18   	 38.76   	122.34   	 -91.56		
 25.94   	 30.21   	121.97   	-111.90		
 15.87   	 19.53   	121.53   	-132.25		
  6.10   	  7.93   	121.00   	-157.68		
 -1.22   	 -1.83   	120.37   	-183.11		
 -4.88   	 -8.24   	119.63   	-213.63		
 -5.80   	-10.99   	118.78   	-239.06		
 -6.71   	-12.21   	117.82   	-269.58		
 -9.46   	-14.65   	116.74   	-305.19		
-14.34   	-19.23   	115.52   	-335.71		
-19.53   	-24.72   	114.18   	-361.14		
-23.19   	-28.69   	112.74   	-396.74		
-24.72   	-31.13   	111.15   	-422.18		
-25.02   	-32.65   	109.46   	-457.78		
-24.41   	-33.87   	107.63   	-508.65		
-22.89   	-34.18   	105.59   	-574.77		
-20.14   	-33.57   	103.30   	-656.15		
-17.09   	-31.74   	100.67   	-742.62		
-15.56   	-29.60   	 97.70   	-844.35		
-17.70   	-27.77   	 94.32   	-930.82		
-21.67   	-25.63   	 90.60   	-1017.29		
-24.41   	-20.45   	 86.53   	-1083.41		
-22.89   	 -9.77   	 82.20   	-1134.28		
-17.09   	  6.41   	 77.66   	-1159.71		
 -9.77   	 26.25   	 73.02   	-1164.80		
 -4.27   	 45.78   	 68.36   	-1154.62		
 -2.44   	 60.42   	 63.74   	-1119.02		
 -2.14   	 70.19   	 59.27   	-1073.24		
 -1.53   	 76.90   	 54.97   	-1017.29		
  0.00   	 83.62   	 50.91   	-951.17		
  2.75   	 92.47   	 47.10   	-885.04		
  5.49   	102.84   	 43.56   	-824.00		
  7.63   	111.69   	 40.26   	-768.05		
  9.77   	118.41   	 37.19   	-717.19		
 11.90   	122.99   	 34.32   	-666.32		
 13.73   	126.34   	 31.66   	-620.55		
 16.17   	128.78   	 29.18   	-584.94		
 20.45   	129.09   	 26.84   	-539.16		
 26.25   	126.04   	 24.68   	-498.47		
 31.13   	118.41   	 22.69   	-457.78		
 30.82   	106.20   	 20.85   	-422.18		
 22.89   	 88.50   	 19.17   	-376.40		
  8.24   	 63.78   	 17.66   	-335.71		
 -8.54   	 32.65   	 16.32   	-300.10		
-22.28   	 -1.83   	 15.12   	-259.41		
-30.52   	-34.18   	 14.08   	-228.89		
-33.57   	-59.51   	 13.16   	-198.37		
-33.57   	-74.77   	 12.37   	-167.85		
-31.74   	-81.18   	 11.70   	-142.42		
-30.82   	-83.31   	 11.13   	-122.07		
-32.35   	-86.06   	 10.64   	-101.73		
-37.54   	-92.47   	 10.23   	 -86.47		
-45.78   	-101.93   	  9.89   	 -76.30		
-52.49   	-110.17   	  9.58   	 -66.12		
-54.32   	-114.14   	  9.32   	 -66.12		
-50.66   	-112.30   	  9.05   	 -66.12		
-45.47   	-107.73   	  8.79   	 -66.12		
-43.33   	-104.37   	  8.52   	 -71.21		
-46.08   	-104.68   	  8.24   	 -71.21		
-50.66   	-107.73   	  7.96   	 -81.38		
-53.71   	-111.39   	  7.63   	 -76.30		
-53.41   	-113.83   	  7.32   	 -76.30		
-51.27   	-114.44   	  7.02   	 -76.30		
-49.13   	-114.44   	  6.71   	 -66.12		
-47.61   	-113.53   	  6.45   	 -61.04		
-46.69   	-111.69   	  6.21   	 -45.78		
-47.00   	-111.39   	  6.02   	 -40.69		
-50.66   	-116.27   	  5.86   	 -30.52		
-58.90   	-130.92   	  5.74   	 -20.35		
-66.83   	-154.42   	  5.66   	  -5.09		
-61.34   	-177.31   	  5.64(D)	   0.00		
-28.69   	-182.19   	  5.64(E)	  10.17		
 38.76   	-150.76   	  5.68   	  15.26		
134.89   	-69.89   	  5.74   	  30.52		
239.56   	 59.81   	  5.86   	  35.61		
324.71   	218.20   	  6.00   	  50.86		
364.07   	364.69   	  6.21   	  61.04		
338.75   	449.22(R)	  6.45   	  76.30		
244.45   	433.65   	  6.75   	  86.47		
 98.88   	316.16   	  7.10   	 101.73		
-58.29   	138.55   	  7.51   	 111.90		
-178.83   	-32.35   	  7.96   	 137.33		
-227.97   	-139.16   	  8.50   	 147.51		
-204.77   	-166.02   	  9.09   	 172.94		
-141.60   	-137.63   	  9.79   	 203.46		
-81.79   	-96.13   	 10.60   	 223.80		
-52.49   	-72.63   	 11.50   	 264.50		
-53.10   	-72.94   	 12.55   	 300.10		
-64.39   	-84.53   	 13.75   	 350.97		
-68.05   	-92.47   	 15.16   	 412.00		
-61.04   	-91.25   	 16.81   	 478.13		
-50.66   	-85.45   	 18.72   	 559.51		
-45.47   	-81.48   	 20.96   	 645.98		
-46.39   	-81.18   	 23.54   	 737.54		
-48.83   	-82.40   	 26.49   	 818.92		
-47.91   	-81.79   	 29.77   	 885.04		
-42.72   	-78.43   	 33.31   	 940.99		
-37.23   	-73.55   	 37.07   	 976.60		
-34.48   	-69.89   	 40.98   	 986.77		
-34.79   	-68.36   	 44.92   	 986.77		
-36.32   	-66.83   	 48.87   	 976.60		
-35.40   	-64.39   	 52.78   	 966.43		
-31.43   	-60.42   	 56.64   	 951.17		
-25.63   	-55.85   	 60.45   	 940.99		
-21.67   	-51.57   	 64.21   	 940.99		
-19.84   	-47.61   	 67.98   	 930.82		
-19.84   	-43.33   	 71.70   	 925.73		
-19.84   	-38.76   	 75.40   	 905.39		
-18.31   	-34.48   	 79.02   	 874.87		
-16.48   	-31.74   	 82.52   	 839.26		
-14.65   	-30.21   	 85.88   	 783.31		
-13.43   	-28.99   	 89.01   	 732.45		
-11.90   	-25.63   	 91.94   	 661.24		
 -8.24   	-19.84   	 94.59   	 600.20		
 -1.83   	-12.82   	 96.99   	 544.25		
  5.49   	 -5.49   	 99.17   	 483.21		
 11.29   	  0.61   	101.10   	 432.35		
 14.95   	  6.71   	102.83   	 386.57		
 17.40   	 14.95   	104.37   	 345.88		
 20.14   	 25.63   	105.76   	 315.36		
 25.94   	 38.45   	107.02   	 284.84		
 33.87   	 51.27   	108.16   	 264.50		
 43.64   	 63.48   	109.22   	 249.24		
 53.10   	 75.38   	110.21   	 233.98		
 62.56   	 87.89   	111.15   	 223.80		
 71.72   	101.62   	112.04   	 218.72		
 79.65   	115.36   	112.92   	 213.63		
 85.45   	126.65   	113.77   	 213.63		
 89.11   	135.50   	114.63   	 208.54		
 92.16   	142.52   	115.46   	 208.54		
 95.83   	149.54   	116.30   	 203.46		
100.10   	157.47   	117.11   	 198.37		
103.45   	166.02   	117.90   	  N/A		
