  I     	  II     	  AO     	  AO'		
-88.20   	-82.09   	 73.55   	 -30.52		
-86.67   	-82.40   	 73.43   	 -30.52		
-84.84   	-79.96   	 73.31   	 -50.86		
-84.84   	-75.38   	 73.10   	 -55.95		
-86.06   	-71.41   	 72.88   	 -50.86		
-87.59   	-70.50   	 72.68   	 -55.95		
-87.89   	-71.72   	 72.45   	 -30.52		
-87.59   	-72.94   	 72.33   	  -5.09		
-87.28   	-71.72   	 72.31   	 -10.17		
-87.28   	-68.66   	 72.27   	 -10.17		
-87.59   	-65.61   	 72.23   	 -40.69		
-86.36   	-63.48   	 72.06   	 -66.12		
-83.31   	-61.95   	 71.80   	 -45.78		
-79.96   	-60.42   	 71.62   	 -81.38		
-78.13   	-58.90   	 71.29   	-157.68		
-79.04   	-57.07   	 70.66   	-122.07		
-84.53   	-54.32   	 70.17   	 -40.69		
-95.83   	-47.61   	 70.01   	 -15.26		
-111.69   	-35.40   	 69.95   	 -15.26		
-126.65   	-16.17   	 69.89   	 -20.35		
-126.95   	 18.92   	 69.81   	 -25.43		
-89.11   	 85.75   	 69.70   	 -25.43		
  9.77   	203.25   	 69.60   	 -15.26		
179.14   	382.08   	 69.54   	 -30.52		
403.75   	610.96   	 69.42   	 -25.43		
644.53   	851.75   	 69.32   	 -25.43		
851.75   	1049.50   	 69.22   	 -15.26		
983.58   	1152.04(R)	 69.16   	 -10.17		
1018.37   	1129.15   	 69.11   	 -15.26		
955.81   	986.02   	 69.05   	  -5.09		
807.19   	765.08   	 69.03   	  30.52		
597.23   	529.79   	 69.16   	  30.52		
365.91   	336.91   	 69.28   	  40.69		
161.13   	212.10   	 69.44   	  45.78		
 22.89   	145.26   	 69.62   	  55.95		
-37.23   	106.81   	 69.85   	 127.16		
-41.50   	 68.97   	 70.36   	 279.75		
-30.21   	 21.67   	 71.47   	 528.99		
-32.35   	-27.77   	 73.59   	 747.71		
-52.80   	-66.22   	 76.58   	 732.45		
-78.13   	-87.59   	 79.51   	 635.81		
-94.30   	-95.21   	 82.05   	 747.71		
-98.88   	-97.66   	 85.05   	 661.24		
-98.27   	-103.15   	 87.69   	 310.27		
-99.79   	-113.22   	 88.93   	  45.78		
-104.06   	-123.90   	 89.11   	-350.97		
-108.03   	-130.62   	 87.71   	-391.66		
-109.56   	-131.84   	 86.14   	 381.48		
-109.25   	-131.23   	 87.67   	 874.87		
-109.25   	-132.45   	 91.17   	 656.15		
-109.86   	-135.50   	 93.79   	 259.41		
-109.25   	-137.94   	 94.83   	 -76.30		
-106.81   	-137.02   	 94.53   	 -76.30		
-103.15   	-133.06   	 94.22   	 528.99		
-100.10   	-128.78   	 96.34   	 879.96		
-98.27   	-127.87   	 99.86   	-422.18		
-98.88   	-130.92   	 98.17   	-1083.41		
-100.71   	-135.80   	 93.83   	1642.92		
-102.54   	-138.55   	100.41   	1688.70		
-103.15   	-137.33   	107.16   	-1485.24		
-101.32   	-132.75   	101.22   	-157.68		
-97.35   	-126.95   	100.59   	2232.95		
-92.47   	-122.38   	109.52   	 503.56		
-88.81   	-120.24   	111.54   	-473.04		
-87.89   	-119.63   	109.64   	 289.93		
-88.81   	-119.93   	110.80   	 528.99		
-89.72   	-119.63   	112.92   	 442.52		
-88.81   	-118.41   	114.69   	 320.45		
-85.75   	-115.97   	115.97   	  81.38		
-82.09   	-113.53   	116.30   	 -45.78		
-80.26   	-111.08   	116.11   	  71.21		
-80.26   	-109.56   	116.40   	 193.29		
-80.26   	-107.42   	117.17   	  76.30		
-76.90   	-102.84   	117.48   	  76.30		
-69.89   	-95.21   	117.78   	 208.54		
-61.65   	-87.59   	118.62   	 320.45		
-56.76   	-83.31   	119.90   	 249.24		
-57.07   	-82.70   	120.89   	   0.00		
-59.51   	-82.40   	120.89   	 116.99		
-60.12   	-79.35   	121.36   	 295.01		
-54.93   	-72.02   	122.54   	 244.15		
-44.86   	-62.26   	123.52   	  96.64		
-33.87   	-52.49   	123.91   	 208.54		
-25.02   	-44.56   	124.74   	 422.18		
-19.53   	-36.93   	126.43   	  35.61		
-16.78   	-29.30   	126.57   	-386.57		
-14.95   	-21.97   	125.02   	 152.59		
-11.29   	-14.34   	125.64   	 595.11		
 -3.66   	 -6.41   	128.02   	 188.20		
  7.32   	  3.36   	128.77   	-340.79		
 19.84   	 14.65   	127.41   	-193.29		
 29.91   	 26.86   	126.63   	 442.52		
 35.40   	 38.76   	128.40   	 264.50		
 37.54   	 50.05   	129.46(S)	-142.42		
 39.98   	 60.42   	128.89   	 -71.21		
 42.72   	 68.36   	128.61   	  15.26		
 43.03   	 72.63   	128.67   	  76.30		
 38.76   	 72.63   	128.97   	  96.64		
 28.99   	 68.36   	129.36   	 -15.26		
 16.78   	 61.04   	129.30   	 -76.30		
  7.32   	 53.10   	128.99   	 -20.35		
  2.14   	 45.47   	128.91   	  66.12		
 -0.92   	 37.54   	129.18   	  40.69		
 -6.10   	 28.69   	129.34   	 -55.95		
-15.26   	 19.53   	129.11   	-101.73		
-27.77   	  9.77   	128.71   	 -55.95		
-40.59   	 -1.22   	128.48   	 -76.30		
-50.35   	-12.82   	128.18   	-157.68		
-55.24   	-24.41   	127.55   	-218.72		
-57.68   	-35.40   	126.67   	-233.98		
-58.90   	-44.25   	125.74   	-203.46		
-61.04   	-49.44   	124.92   	-233.98		
-64.70   	-52.19   	123.99   	-340.79		
-68.66   	-54.02   	122.62   	-503.56		
-71.11   	-56.46   	120.61   	-615.46		
-72.02   	-59.20   	118.15   	-666.32		
-72.02   	-61.65   	115.48   	-737.54		
-71.72   	-63.48   	112.53   	-488.30		
-72.33   	-64.09   	110.58   	-300.10		
-72.94   	-63.48   	109.38   	-493.39		
-73.24   	-61.95   	107.41   	-101.73		
-72.94   	-59.81   	107.00   	 676.50		
-72.02   	-57.37   	109.70   	 966.43		
-71.11   	-56.15   	113.57   	  -5.09		
-71.41   	-56.76   	113.55   	-274.67		
-72.94   	-58.90   	112.45   	 269.58		
-74.46   	-62.26   	113.53   	-427.26		
-74.77   	-64.70   	111.82   	-895.22		
-73.55   	-66.53   	108.24   	-116.99		
-71.11   	-66.53   	107.77   	  50.86		
-68.36   	-65.31   	107.98   	-330.62		
-65.92   	-63.48   	106.65   	-228.89		
-63.48   	-61.95   	105.74   	 -96.64		
-61.34   	-60.73   	105.35   	 -71.21		
-60.73   	-60.42   	105.07   	  45.78		
-61.65   	-60.42   	105.25   	  86.47		
-63.78   	-60.12   	105.59   	 -45.78		
-65.31   	-59.20   	105.41   	-183.11		
-65.00   	-57.98   	104.68   	-178.03		
-63.78   	-57.68   	103.97   	-132.25		
-63.17   	-57.98   	103.44   	-127.16		
-64.39   	-59.20   	102.93   	-116.99		
-66.22   	-59.81   	102.46   	 -86.47		
-66.53   	-58.90   	102.12   	 -96.64		
-64.39   	-56.46   	101.73   	-111.90		
-61.04   	-53.10   	101.28   	-142.42		
-58.90   	-51.27   	100.71   	-132.25		
-60.12   	-51.88   	100.18   	-101.73		
-63.48   	-54.63   	 99.78   	 -81.38		
-67.44   	-57.37   	 99.45   	-101.73		
-69.58   	-57.98   	 99.04   	-152.59		
-68.97   	-56.15   	 98.43   	-162.77		
-66.83   	-53.41   	 97.78   	-142.42		
-64.70   	-50.96   	 97.21   	-137.33		
-62.87   	-49.74   	 96.66   	-132.25		
-62.56   	-49.13   	 96.13   	-132.25		
-63.78   	-48.83   	 95.60   	-152.59		
-65.92   	-48.83   	 94.99   	-147.51		
-68.05   	-49.74   	 94.40   	-132.25		
-68.97   	-50.66   	 93.88   	-122.07		
-69.27   	-51.88   	 93.39   	 -96.64		
-69.27   	-52.19   	 93.00   	 -76.30		
-69.27   	-51.57   	 92.70   	 -91.56		
-69.58   	-50.35   	 92.33   	-106.82		
-68.97   	-49.13   	 91.90   	 -76.30		
-68.05   	-48.52   	 91.60   	 -71.21		
-66.83   	-49.13   	 91.31   	-101.73		
-65.61   	-49.74   	 90.91   	-147.51		
-64.39   	-49.44   	 90.32   	-152.59		
-63.48   	-48.22   	 89.70   	-101.73		
-63.48   	-47.30   	 89.30   	 -66.12		
-65.31   	-48.22   	 89.03   	 -96.64		
-68.36   	-50.96   	 88.65   	-132.25		
-70.50   	-54.32   	 88.12   	-101.73		
-70.19   	-55.85   	 87.71   	 -71.21		
-68.36   	-55.85   	 87.43   	 -66.12		
-66.22   	-54.63   	 87.16   	-106.82		
-66.22   	-52.49   	 86.73   	-132.25		
-67.75   	-50.66   	 86.21   	 -96.64		
-68.66   	-48.22   	 85.82   	 -76.30		
-67.44   	-45.17   	 85.51   	 -96.64		
-64.70   	-41.81   	 85.13   	 -96.64		
-61.95   	-38.76   	 84.74   	 -71.21		
-59.81   	-35.10   	 84.46   	 -71.21		
-57.98   	-31.13   	 84.17   	 -66.12		
-55.54   	-27.77   	 83.91   	 -71.21		
-51.88   	-25.63   	 83.62   	 -76.30		
-47.91   	-24.41   	 83.32   	 -61.04		
-43.03   	-22.58   	 83.07   	 -55.95		
-37.84   	-17.70   	 82.85   	 -81.38		
-32.65   	-10.68   	 82.52   	-101.73		
-29.60   	 -3.97   	 82.12   	-116.99		
-29.60   	 -0.31   	 81.65   	-132.25		
-30.21   	 -0.92   	 81.12   	 -81.38		
-29.60   	 -5.49   	 80.79   	 -10.17		
-26.55   	-12.21   	 80.75   	 -35.61		
-23.80   	-19.53   	 80.61   	 -96.64		
-23.50   	-26.86   	 80.22   	 -86.47		
-26.55   	-31.43   	 79.88   	 -66.12		
-32.35   	-32.04   	 79.61   	 -66.12		
-37.84   	-28.38   	 79.35   	 -35.61		
-41.20   	-22.89   	 79.21   	 -55.95		
-40.59   	-18.62   	 78.98   	 -81.38		
-36.32   	-17.09   	 78.66   	 -81.38		
-28.99   	-18.62   	 78.33   	 -81.38		
-22.89   	-22.58   	 78.01   	 -30.52		
-23.19   	-27.47   	 77.88   	   0.00		
-29.30   	-31.13   	 77.88   	 -10.17		
-36.93   	-32.35   	 77.84   	 -10.17		
-39.67   	-30.52   	 77.80   	 -10.17		
-36.01   	-28.08   	 77.76   	 -30.52		
-28.69   	-27.77   	 77.64   	 -45.78		
-23.50   	-32.04   	 77.46   	 -50.86		
-23.50   	-40.59   	 77.25   	 -71.21		
-27.16   	-49.44   	 76.97   	 -86.47		
-31.74   	-55.24   	 76.62   	 -66.12		
-36.32   	-57.07   	 76.36   	 -50.86		
-40.89   	-54.93   	 76.15   	 -61.04		
-45.17   	-51.57   	 75.91   	 -76.30		
-49.44   	-48.22   	 75.60   	 -91.56		
-54.02   	-46.69   	 75.24   	-116.99		
-57.98   	-47.00   	 74.77   	-122.07		
-60.42   	-48.52   	 74.28   	-101.73		
-61.04   	-50.96   	 73.88   	 -45.78		
-59.51   	-52.80   	 73.69   	 -20.35		
-57.37   	-54.02   	 73.61   	 -35.61		
-56.15   	-54.63   	 73.47   	 -25.43		
-56.76   	-54.02   	 73.37   	 -20.35		
-59.20   	-53.10   	 73.29   	 -15.26		
-61.95   	-52.49   	 73.22   	 -30.52		
-64.39   	-52.19   	 73.10   	 -50.86		
-65.61   	-51.88   	 72.90   	 -55.95		
-65.00   	-49.74   	 72.68   	 -55.95		
-62.56   	-44.56   	 72.45   	 -66.12		
-58.90   	-38.45   	 72.19   	 -61.04		
-55.85   	-34.79   	 71.94   	 -30.52		
-54.02   	-34.79   	 71.82   	 -25.43		
-52.80   	-37.84   	 71.72   	 -50.86		
-51.57   	-40.59   	 71.52   	 -76.30		
-50.66   	-41.20   	 71.21   	 -66.12		
-51.57   	-39.98   	 70.95   	 -76.30		
-54.32   	-38.45   	 70.64   	-101.73		
-58.59   	-37.84   	 70.23   	-116.99		
-63.48   	-36.93   	 69.77   	-132.25		
-68.05   	-33.57   	 69.24   	 -55.95		
-74.46   	-24.11   	 69.01   	  30.52		
-85.45   	 -7.93   	 69.14   	  -5.09		
-98.88   	 14.95   	 69.11   	 -40.69		
-102.23   	 49.74   	 68.95   	 -25.43		
-72.94   	109.56   	 68.85   	 -10.17		
 16.17   	213.32   	 68.81   	   5.09		
180.36   	375.98   	 68.83   	  20.35		
408.63   	592.35   	 68.91   	 -30.52		
663.45   	829.77   	 68.79   	 -45.78		
893.55   	1034.85   	 68.61   	 -25.43		
1052.25   	1151.43(R)	 68.50   	 -30.52		
1111.45   	1143.80   	 68.38   	 -10.17		
1066.59   	1013.18   	 68.34(D)	  50.86		
926.82   	799.56   	 68.55   	  35.61		
715.64   	566.71   	 68.69   	 -20.35		
472.41   	373.23   	 68.61   	 -10.17		
247.50   	249.33   	 68.57   	  25.43		
 85.45   	185.85   	 68.67   	  55.95		
  5.80   	151.67   	 68.89   	 147.51		
 -8.24   	116.27   	 69.48   	 330.62		
  3.05   	 68.05   	 70.80   	 584.94		
  3.66   	 14.04   	 73.14   	 793.49		
-17.09   	-30.52   	 76.32   	 747.71		
-47.30   	-55.24   	 79.31   	 625.63		
-69.27   	-62.26   	 81.81   	 686.67		
-75.99   	-62.26   	 84.56   	 406.92		
-72.63   	-64.09   	 86.18   	-142.42		
-69.58   	-71.11   	 85.62   	-244.15		
-71.41   	-80.26   	 84.64   	 127.16		
-76.29   	-86.06   	 85.15   	 900.30		
-80.26   	-87.28   	 88.75   	1220.75		
-81.18   	-86.06   	 93.63   	 406.92		
-79.65   	-85.75   	 95.26   	-152.59		
-77.82   	-88.50   	 94.65   	 417.09		
-77.51   	-93.08   	 96.32   	 503.56		
-77.82   	-96.13   	 98.33   	-228.89		
-77.21   	-96.44   	 97.42   	-310.27		
-74.46   	-93.99   	 96.17   	 264.50		
-69.89   	-90.64   	 97.23   	 -71.21		
-65.31   	-88.81   	 96.95   	-1017.29		
-63.78   	-89.42   	 92.88   	 356.05		
-65.31   	-91.25   	 94.30   	1703.96		
-68.05   	-92.16   	101.12   	-467.95		
-69.58   	-90.94   	 99.25   	-376.40		
-68.66   	-89.11   	 97.74   	3158.69		
-66.22   	-86.98   	110.38   	1332.65		
-63.48   	-85.75   	115.71   	-1912.51		
-60.42   	-84.53   	108.06   	 284.84		
-57.68   	-83.01   	109.20   	1373.34		
-55.54   	-81.18   	114.69   	-289.93		
-53.71   	-78.74   	113.53   	-249.24		
-52.19   	-75.99   	112.53   	 905.39		
-50.35   	-73.55   	116.15   	 625.63		
-48.22   	-71.72   	118.66   	-345.88		
-45.78   	-70.80   	117.27   	-279.75		
-43.64   	-69.27   	116.15   	 371.31		
-41.81   	-66.53   	117.64   	 106.82		
-39.37   	-62.56   	118.07   	-233.98		
-36.62   	-58.29   	117.13   	 579.86		
-34.48   	-53.71   	119.45   	 879.96		
-32.04   	-48.83   	122.97   	-249.24		
-28.69   	-41.81   	121.97   	-279.75		
-22.58   	-33.26   	120.85   	 544.25		
-14.04   	-24.72   	123.03   	 137.33		
 -4.88   	-18.01   	123.58   	 -20.35		
  2.14   	-13.43   	123.50   	 513.73		
  5.80   	 -9.77   	125.55   	  96.64		
  8.24   	 -4.27   	125.94   	-116.99		
 11.60   	  4.27   	125.47   	  86.47		
 17.09   	 14.34   	125.82   	 167.85		
 25.02   	 25.02   	126.49   	 198.37		
 34.79   	 35.10   	127.28   	  30.52		
 45.17   	 45.17   	127.41   	 -71.21		
 55.24   	 55.24   	127.12   	  50.86		
 63.48   	 65.61   	127.32   	 198.37		
 68.66   	 75.68   	128.12   	  86.47		
 71.72   	 84.84   	128.46   	 -35.61		
 74.16   	 93.69   	128.32   	  55.95		
 77.21   	101.62   	128.54   	 106.82		
 79.65   	108.34   	128.97   	  76.30		
 79.65   	111.69   	129.28   	 -35.61		
 76.60   	110.47   	129.13   	 -91.56		
 69.58   	104.98   	128.77   	  45.78		
 59.81   	 96.13   	128.95   	 127.16		
 48.52   	 86.06   	129.46(S)	 -66.12		
 37.23   	 76.29   	129.20   	-152.59		
 27.16   	 66.83   	128.59   	  50.86		
 18.92   	 57.98   	128.79   	  86.47		
 11.90   	 49.44   	129.13   	-167.85		
  4.88   	 40.28   	128.46   	-218.72		
 -3.36   	 30.82   	127.59   	-122.07		
-11.90   	 21.67   	127.10   	-142.42		
-19.53   	 12.51   	126.53   	-244.15		
-25.63   	  3.66   	125.55   	-330.62		
-30.52   	 -4.27   	124.23   	-366.22		
-34.18   	 -9.77   	122.77   	-396.74		
-36.62   	-12.21   	121.18   	-447.61		
-37.84   	-12.51   	119.39   	-508.65		
-37.23   	-11.90   	117.35   	-559.51		
-34.79   	-11.90   	115.12   	-391.66		
-32.04   	-13.43   	113.55   	-116.99		
-29.30   	-15.26   	113.08   	-310.27		
-28.38   	-16.48   	111.84   	-732.45		
-29.60   	-16.78   	108.91   	-233.98		
-32.35   	-17.09   	107.98   	1078.33		
-35.10   	-17.40   	112.29   	 356.05		
-35.71   	-18.62   	113.71   	-595.11		
-34.18   	-19.84   	111.33   	 366.22		
-31.74   	-19.53   	112.80   	 132.25		
-29.60   	-18.01   	113.33   	-1052.90		
-28.69   	-15.56   	109.11   	-564.60		
-28.69   	-14.34   	106.86   	 325.53		
-28.99   	-14.95   	108.16   	-223.80		
-29.30   	-16.48   	107.26   	-356.05		
-29.60   	-18.01   	105.84   	  50.86		
-28.99   	-18.01   	106.04   	 -25.43		
-27.77   	-17.70   	105.94   	-152.59		
-26.86   	-18.01   	105.33   	 -20.35		
-25.94   	-18.92   	105.25   	 -20.35		
-25.94   	-19.84   	105.17   	-183.11		
-26.86   	-20.14   	104.43   	-152.59		
-28.38   	-19.84   	103.82   	 -76.30		
-29.91   	-18.62   	103.52   	-127.16		
-31.43   	-17.09   	103.01   	-137.33		
-32.65   	-16.17   	102.46   	 -91.56		
-33.26   	-16.17   	102.10   	 -91.56		
-33.57   	-17.09   	101.73   	-111.90		
-33.87   	-18.31   	101.28   	-127.16		
-33.87   	-18.62   	100.77   	-132.25		
-33.57   	-16.78   	100.24   	-167.85		
-33.26   	-14.04   	 99.57   	-167.85		
-32.96   	-11.60   	 98.90   	-132.25		
-33.26   	-10.68   	 98.37   	-116.99		
-33.87   	-11.90   	 97.90   	-132.25		
-34.48   	-14.04   	 97.37   	-111.90		
-35.10   	-16.17   	 96.93   	-116.99		
-36.01   	-17.40   	 96.46   	-132.25		
-37.84   	-17.40   	 95.93   	-101.73		
-40.59   	-16.17   	 95.52   	 -86.47		
-42.11   	-13.43   	 95.18   	-116.99		
-41.50   	-10.38   	 94.71   	-116.99		
-38.15   	 -7.02   	 94.24   	-111.90		
-33.87   	 -4.27   	 93.79   	-116.99		
-31.43   	 -3.97   	 93.33   	-127.16		
-32.35   	 -5.80   	 92.82   	-111.90		
-36.01   	 -9.77   	 92.37   	-106.82		
-39.98   	-14.34   	 91.94   	-111.90		
-42.11   	-17.09   	 91.50   	-111.90		
-40.89   	-16.78   	 91.05   	-111.90		
-38.76   	-13.73   	 90.60   	-122.07		
-38.45   	-10.07   	 90.11   	-122.07		
-39.98   	 -7.93   	 89.62   	-111.90		
-41.81   	 -9.16   	 89.18   	 -91.56		
-42.11   	-13.12   	 88.81   	 -81.38		
-41.20   	-18.31   	 88.48   	 -76.30		
-39.67   	-22.28   	 88.18   	 -81.38		
-38.15   	-23.19   	 87.85   	 -91.56		
-36.62   	-21.67   	 87.49   	 -71.21		
-35.10   	-18.31   	 87.20   	 -61.04		
-33.26   	-14.34   	 86.96   	 -76.30		
-33.57   	-11.90   	 86.65   	 -91.56		
-35.71   	-12.21   	 86.29   	 -91.56		
-37.84   	-14.04   	 85.92   	 -71.21		
-37.54   	-15.56   	 85.64   	 -55.95		
-34.79   	-15.56   	 85.41   	 -66.12		
-31.43   	-13.12   	 85.15   	-147.51		
-29.30   	 -9.77   	 84.56   	-223.80		
-29.30   	 -6.71   	 83.66   	-106.82		
-30.82   	 -4.88   	 83.23   	 -25.43		
-31.43   	 -2.75   	 83.13   	 -76.30		
-29.91   	  1.22   	 82.83   	 -66.12		
-25.63   	  6.41   	 82.56   	 -25.43		
-20.14   	 12.82   	 82.46   	 -40.69		
-14.95   	 19.23   	 82.30   	 -66.12		
-10.99   	 25.02   	 82.03   	 -91.56		
 -8.85   	 29.60   	 81.67   	-122.07		
 -6.71   	 32.65   	 81.18   	-142.42		
 -4.27   	 34.48   	 80.61   	-147.51		
 -0.92   	 36.01   	 80.02   	-132.25		
  2.14   	 37.54   	 79.49   	 -86.47		
  4.27   	 37.23   	 79.15   	 -45.78		
  5.19   	 33.26   	 78.96   	 -50.86		
  4.27   	 24.72   	 78.76   	 -10.17		
  2.14   	 12.82   	 78.72   	  40.69		
 -1.22   	  1.83   	 78.88   	  40.69		
 -5.49   	 -3.05   	 79.04   	 -81.38		
 -8.85   	 -0.61   	 78.72   	-320.45		
-10.07   	  7.32   	 77.44   	-295.01		
 -7.63   	 16.17   	 76.26   	   0.00		
 -3.36   	 21.06   	 76.26   	 157.68		
  0.92   	 19.84   	 76.89   	 132.25		
  2.75   	 14.34   	 77.42   	  45.78		
  0.61   	  7.93   	 77.60   	-111.90		
 -4.58   	  3.36   	 77.15   	-259.41		
-11.29   	  2.14   	 76.11   	-142.42		
-17.40   	  3.05   	 75.54   	  40.69		
-20.45   	  3.05   	 75.71   	  35.61		
-19.53   	  1.22   	 75.85   	 -25.43		
-15.26   	 -3.05   	 75.75   	 -61.04		
 -9.77   	 -8.54   	 75.50   	 -91.56		
 -4.88   	-13.12   	 75.14   	 -91.56		
 -2.44   	-15.87   	 74.77   	 -86.47		
 -3.66   	-16.48   	 74.42   	 -61.04		
 -8.54   	-16.78   	 74.18   	 -35.61		
-15.87   	-17.40   	 74.04   	 -71.21		
-24.72   	-18.01   	 73.75   	 -96.64		
-32.65   	-17.70   	 73.37   	 -91.56		
-37.84   	-15.56   	 73.00   	 -86.47		
-39.98   	-13.12   	 72.65   	 -91.56		
-38.76   	-11.60   	 72.29   	 -81.38		
-36.01   	-11.60   	 71.96   	 -45.78		
-33.26   	-13.12   	 71.78   	 -10.17		
-32.35   	-14.95   	 71.74   	   0.00		
-33.26   	-16.17   	 71.74   	 -10.17		
-35.10   	-16.78   	 71.70   	 -15.26		
-35.71   	-16.48   	 71.64   	 -30.52		
-34.18   	-15.87   	 71.52   	 -45.78		
-32.35   	-14.65   	 71.33   	 -50.86		
-31.74   	-12.82   	 71.13   	 -40.69		
-32.65   	 -9.77   	 70.97   	 -25.43		
-33.57   	 -5.49   	 70.86   	   5.09		
-32.65   	 -1.22   	 70.88   	  30.52		
-30.21   	  1.22   	 71.01   	 -45.78		
-28.08   	  0.61   	 70.82   	-101.73		
-27.16   	 -1.53   	 70.42   	-142.42		
-27.47   	 -3.05   	 69.85   	-127.16		
-27.47   	 -2.44   	 69.34   	 -76.30		
-26.25   	 -0.31   	 69.03   	-111.90		
-24.11   	  1.83   	 68.59   	-172.94		
-23.19   	  2.75   	 67.89   	 -96.64		
-25.63   	  4.88   	 67.51   	  -5.09		
-32.96   	 12.21   	 67.49   	  -5.09		
-46.69   	 27.16   	 67.47   	  45.78		
-64.70   	 49.44   	 67.65   	  25.43		
-76.60   	 79.96   	 67.75   	 -71.21		
-61.34   	128.17   	 67.47   	 -61.04		
  7.63   	211.18   	 67.22   	 -30.52		
149.23   	347.29   	 67.10   	 -61.04		
362.24   	540.77   	 66.86   	 -71.21		
617.37   	770.57   	 66.57(D)	   0.00		
864.87   	991.21   	 66.57   	  66.12		
1052.25   	1145.02   	 66.84   	  45.78		
1142.88   	1185.30(R)	 67.02   	 -30.52		
1125.79   	1096.50   	 66.90   	 -55.95		
1009.52   	904.85   	 66.67   	   5.09		
817.26   	670.17   	 66.69   	  25.43		
582.58   	456.85   	 66.80   	 -15.26		
350.04   	306.70   	 66.73   	 -30.52		
164.79   	223.08   	 66.61   	  -5.09		
 55.24   	181.27   	 66.59   	 101.73		
 20.14   	150.15   	 67.00   	 264.50		
 25.94   	111.08   	 68.06   	 493.39		
 32.65   	 63.78   	 70.03   	 742.62		
 18.62   	 18.92   	 73.00   	 808.75		
-11.29   	-12.82   	 76.24   	 605.29		
-38.15   	-28.38   	 78.66   	 523.90		
-50.35   	-33.26   	 80.75   	 172.94		
-49.44   	-35.71   	 81.44   	-732.45		
-45.47   	-40.89   	 78.51   	-152.59		
-45.17   	-48.22   	 77.90   	1749.74		
-48.83   	-54.32   	 84.90   	2115.96		
-52.80   	-56.46   	 93.37   	 879.96		
-55.24   	-55.85   	 96.89   	 162.77		
-56.46   	-55.54   	 97.54   	-254.32		
-56.46   	-57.37   	 96.52   	-813.83		
-56.46   	-60.73   	 93.27   	-218.72		
-55.85   	-63.48   	 92.39   	 498.47		
-55.85   	-64.70   	 94.38   	  55.95		
-56.15   	-65.31   	 94.61   	-162.77		
-56.15   	-65.61   	 93.96   	 228.89		
-54.32   	-65.61   	 94.87   	 132.25		
-51.27   	-64.70   	 95.40   	 -25.43		
-48.22   	-63.48   	 95.30   	 361.14		
-46.69   	-62.26   	 96.74   	 518.82		
-47.00   	-60.73   	 98.82   	 457.78		
-47.61   	-59.20   	100.65   	 493.39		
-47.00   	-57.07   	102.62   	  86.47		
-44.56   	-54.02   	102.97   	 -45.78		
-41.20   	-50.66   	102.79   	 829.09		
-37.84   	-48.22   	106.10   	1149.54		
-34.79   	-46.69   	110.70   	  55.95		
-32.35   	-46.39   	110.93   	-554.42		
-32.04   	-46.39   	108.71   	 976.60		
-33.57   	-46.39   	112.61   	1119.02		
-36.62   	-45.17   	117.09   	-778.23		
-37.84   	-42.72   	113.98   	-447.61		
-35.40   	-39.06   	112.19   	 651.07		
-29.60   	-33.87   	114.79   	  86.47		
-21.97   	-28.99   	115.14   	 142.42		
-15.56   	-25.02   	115.71   	 366.22		
-10.99   	-21.36   	117.17   	   0.00		
 -8.24   	-16.78   	117.17   	 132.25		
 -6.71   	-11.29   	117.70   	 310.27		
 -4.58   	 -5.80   	118.94   	 116.99		
 -0.61   	 -1.22   	119.41   	 233.98		
  4.58   	  1.83   	120.35   	 198.37		
 10.68   	  4.88   	121.14   	 -45.78		
 16.48   	 10.68   	120.96   	  40.69		
 21.67   	 20.45   	121.12   	 218.72		
 26.55   	 32.35   	121.99   	 178.03		
 32.35   	 43.95   	122.71   	  71.21		
 38.76   	 53.71   	122.99   	  66.12		
 46.08   	 61.95   	123.25   	 142.42		
 54.93   	 70.50   	123.82   	 111.90		
 64.39   	 80.87   	124.27   	  55.95		
 73.24   	 93.08   	124.50   	  15.26		
 81.18   	106.20   	124.56   	  71.21		
 87.59   	119.32   	124.84   	 157.68		
 92.77   	130.31   	125.47   	   5.09		
 96.13   	137.63   	125.49   	 -20.35		
 97.35   	140.38   	125.41   	 122.07		
 96.13   	139.47   	125.90   	  81.38		
 92.16   	136.41   	126.23   	 -35.61		
 86.36   	132.45   	126.08   	 -30.52		
 78.74   	128.78   	125.96   	  71.21		
 69.27   	123.90   	126.25   	  45.78		
 57.98   	117.80   	126.43(S)	 -50.86		
 46.08   	110.17   	126.23   	 -76.30		
 35.40   	101.32   	125.92   	 -91.56		
 27.16   	 91.86   	125.55   	 -66.12		
 21.06   	 81.48   	125.29   	 -86.47		
 15.56   	 70.50   	124.94   	-157.68		
  8.85   	 59.20   	124.31   	-208.54		
  1.53   	 48.52   	123.48   	-213.63		
 -5.49   	 38.45   	122.62   	-244.15		
-10.99   	 31.13   	121.65   	-305.19		
-14.65   	 26.55   	120.43   	-391.66		
-16.48   	 24.41   	118.86   	-473.04		
-17.40   	 22.89   	116.97   	-590.03		
-17.70   	 20.14   	114.61   	-595.11		
-18.01   	 15.56   	112.23   	-569.68		
-17.40   	 11.60   	109.95   	-605.29		
-17.09   	 10.07   	107.53   	-554.42		
-17.09   	 11.90   	105.31   	-127.16		
-18.62   	 15.26   	104.80   	 605.29		
-21.67   	 18.31   	107.22   	 956.25		
-25.33   	 19.84   	111.05   	 208.54		
-27.47   	 19.84   	111.88   	-752.79		
-26.86   	 19.23   	108.87   	 -25.43		
-24.41   	 18.31   	108.77   	 401.83		
-21.06   	 17.09   	110.38   	-630.72		
-18.31   	 15.56   	107.85   	-600.20		
-16.48   	 14.34   	105.45   	 193.29		
-16.17   	 13.73   	106.23   	 -55.95		
-16.17   	 14.04   	106.00   	-264.50		
-16.48   	 14.95   	104.94   	-106.82		
-16.17   	 15.87   	104.52   	-162.77		
-15.26   	 16.17   	103.87   	-167.85		
-12.82   	 15.56   	103.19   	 -86.47		
 -9.77   	 14.34   	102.85   	 -35.61		
 -7.63   	 13.43   	102.71   	-111.90		
 -6.71   	 13.73   	102.26   	-157.68		
 -7.63   	 14.95   	101.63   	-157.68		
 -9.77   	 15.56   	101.00   	-137.33		
-11.90   	 14.65   	100.45   	 -86.47		
-13.43   	 12.21   	100.10   	 -71.21		
-13.12   	 10.38   	 99.82   	 -66.12		
-10.68   	 10.38   	 99.55   	 -91.56		
 -7.63   	 13.43   	 99.19   	-142.42		
 -4.58   	 16.78   	 98.62   	-152.59		
 -3.36   	 18.01   	 98.01   	-142.42		
 -3.97   	 16.17   	 97.44   	-167.85		
 -6.10   	 12.82   	 96.76   	-152.59		
 -8.24   	 11.29   	 96.15   	 -91.56		
 -9.77   	 14.04   	 95.79   	 -76.30		
 -9.16   	 20.14   	 95.48   	 -86.47		
 -6.71   	 26.55   	 95.14   	-106.82		
 -4.58   	 29.30   	 94.71   	-167.85		
 -3.97   	 26.55   	 94.04   	-116.99		
 -5.49   	 20.45   	 93.57   	 -50.86		
 -8.24   	 14.65   	 93.37   	-106.82		
 -9.77   	 11.60   	 92.94   	-147.51		
 -8.54   	 11.60   	 92.35   	-152.59		
 -5.49   	 13.12   	 91.74   	-147.51		
 -2.44   	 14.65   	 91.15   	-122.07		
 -0.31   	 15.56   	 90.66   	 -96.64		
 -0.61   	 16.48   	 90.27   	 -86.47		
 -2.14   	 17.70   	 89.93   	 -91.56		
 -3.36   	 18.31   	 89.56   	-101.73		
 -3.36   	 18.92   	 89.16   	-111.90		
 -1.83   	 18.92   	 88.71   	-116.99		
 -0.61   	 18.31   	 88.24   	-101.73		
 -0.61   	 16.17   	 87.83   	 -61.04		
 -2.14   	 13.73   	 87.59   	 -30.52		
 -3.97   	 11.29   	 87.47   	  10.17		
 -4.27   	 10.99   	 87.51   	 -40.69		
 -2.75   	 13.12   	 87.34   	-198.37		
 -1.53   	 16.48   	 86.55   	-340.79		
 -1.53   	 18.92   	 85.19   	-361.14		
 -2.75   	 20.45   	 83.74   	-193.29		
 -3.97   	 22.28   	 82.97   	  40.69		
 -2.75   	 25.33   	 83.13   	  30.52		
  1.53   	 28.69   	 83.26   	 -45.78		
  7.02   	 30.52   	 83.07   	  20.35		
 12.82   	 31.43   	 83.15   	 -35.61		
 17.09   	 33.26   	 83.01   	-147.51		
 18.92   	 37.54   	 82.42   	-122.07		
 18.92   	 43.95   	 81.93   	-127.16		
 18.92   	 48.83   	 81.42   	-147.51		
 20.75   	 49.13   	 80.83   	 -81.38		
 24.72   	 45.47   	 80.51   	 -10.17		
 29.30   	 39.37   	 80.47   	   0.00		
 32.04   	 33.57   	 80.47   	   5.09		
 30.52   	 28.38   	 80.49   	 -20.35		
 25.33   	 23.80   	 80.41   	 -86.47		
 18.31   	 21.06   	 80.06   	 -61.04		
 12.51   	 22.58   	 79.82   	 -50.86		
 10.68   	 29.30   	 79.61   	-223.80		
 13.12   	 38.45   	 78.72   	-223.80		
 18.92   	 45.17   	 77.82   	 -15.26		
 25.02   	 44.86   	 77.76   	  96.64		
 28.08   	 37.23   	 78.15   	  86.47		
 27.16   	 27.16   	 78.49   	  25.43		
 22.58   	 19.23   	 78.60   	  -5.09		
 16.17   	 17.40   	 78.58   	-167.85		
 11.60   	 21.36   	 77.90   	-366.22		
 11.29   	 26.86   	 76.44   	-218.72		
 14.65   	 29.91   	 75.56   	  30.52		
 19.53   	 28.69   	 75.69   	  55.95		
 23.50   	 23.19   	 75.91   	 -15.26		
 24.41   	 15.56   	 75.85   	   0.00		
 22.89   	  7.93   	 75.85   	  10.17		
 19.23   	  1.83   	 75.89   	 -40.69		
 13.12   	 -2.75   	 75.73   	 -96.64		
  5.49   	 -4.88   	 75.34   	-101.73		
 -2.14   	 -3.66   	 74.93   	 -61.04		
 -7.02   	  1.83   	 74.69   	-127.16		
 -7.63   	  9.77   	 74.18   	-132.25		
 -6.41   	 15.26   	 73.65   	 -35.61		
 -6.41   	 15.26   	 73.51   	  35.61		
-10.07   	  9.16   	 73.65   	  86.47		
-14.95   	  1.53   	 74.00   	   5.09		
-17.40   	 -3.97   	 74.02   	-101.73		
-16.17   	 -5.80   	 73.61   	-127.16		
-11.60   	 -4.88   	 73.10   	-249.24		
 -7.32   	 -2.75   	 72.11   	-233.98		
 -5.49   	 -0.31   	 71.17   	 -61.04		
 -6.10   	  2.14   	 70.93   	 -25.43		
 -7.63   	  4.58   	 70.82   	 -10.17		
 -8.54   	  5.49   	 70.78   	  55.95		
 -7.93   	  5.49   	 71.01   	  -5.09		
 -7.02   	  6.71   	 70.99   	-116.99		
 -6.10   	 10.38   	 70.52   	-127.16		
 -6.41   	 15.87   	 70.01   	 -81.38		
 -7.02   	 20.75   	 69.68   	 -25.43		
 -7.63   	 21.67   	 69.58   	  71.21		
 -8.54   	 18.31   	 69.87   	 132.25		
 -8.24   	 12.82   	 70.40   	  71.21		
 -6.10   	  7.93   	 70.68   	-157.68		
 -2.14   	  6.41   	 70.05   	-264.50		
  1.83   	  8.54   	 68.99   	-122.07		
  3.05   	 13.43   	 68.50   	  -5.09		
 -0.92   	 18.62   	 68.48   	 -20.35		
-11.90   	 24.11   	 68.40   	  30.52		
-27.47   	 29.91   	 68.52   	-122.07		
 -6.41   	124.82   	 68.04   	 -15.26		
 84.53   	241.39   	 67.98   	  15.26		
240.78   	425.42   	 68.04   	 -66.12		
448.91   	664.06   	 67.77   	-122.07		
671.08   	917.05   	 67.28   	 -91.56		
857.85   	1127.01   	 66.92   	 -35.61		
966.80   	1239.93(R)	 66.77   	  45.78		
980.22   	1226.81   	 66.96   	  50.86		
903.32   	1094.67   	 67.16   	 -40.69		
753.78   	884.09   	 67.00   	 -96.64		
558.17   	650.63   	 66.61   	 -30.52		
352.48   	445.86   	 66.49(D)	 116.99		
176.09   	298.16   	 66.96   	 162.77		
 62.26   	207.52   	 67.61   	  81.38		
 20.45   	155.94   	 67.93   	  35.61		
 29.30   	120.85   	 68.08   	  91.56		
 49.44   	 87.28   	 68.44   	 203.46		
 51.88   	 51.88   	 69.26   	 391.66		
 32.65   	 19.53   	 70.82   	 559.51		
  6.41   	 -5.19   	 73.06   	 233.98		
-11.29   	-21.36   	 74.00   	-340.79		
-15.56   	-32.35   	 72.63   	 223.80		
-12.82   	-40.28   	 73.53   	1307.22		
-10.38   	-46.39   	 78.76   	1317.39		
-10.68   	-49.74   	 84.03   	 727.36		
-12.21   	-50.35   	 86.94   	 600.20		
-12.51   	-49.74   	 89.34   	 722.28		
-10.99   	-50.35   	 92.23   	 574.77		
 -9.77   	-53.71   	 94.53   	 295.01		
 -9.46   	-58.90   	 95.71   	 228.89		
-10.38   	-63.78   	 96.62   	 452.69		
-11.60   	-66.53   	 98.43   	 371.31		
-11.90   	-65.61   	 99.92   	-417.09		
-11.29   	-62.87   	 98.25   	-885.04		
-10.68   	-60.73   	 94.71   	-666.32		
-10.68   	-61.34   	 92.04   	 279.75		
-10.38   	-65.00   	 93.16   	 793.49		
 -8.24   	-69.27   	 96.34   	 386.57		
 -4.27   	-71.11   	 97.88   	 244.15		
 -0.61   	-68.97   	 98.86   	 620.55		
  0.92   	-62.26   	101.34   	 701.93		
  0.31   	-54.32   	104.15   	 300.10		
  0.00   	-47.30   	105.35   	 -10.17		
  1.22   	-44.25   	105.31   	  20.35		
  3.66   	-45.47   	105.39   	 -96.64		
  5.19   	-49.44   	105.00   	 656.15		
  5.19   	-53.10   	107.63   	 849.44		
  4.58   	-55.24   	111.03   	-300.10		
  6.71   	-55.24   	109.83   	 -30.52		
 11.60   	-54.02   	109.70   	 442.52		
 17.40   	-51.88   	111.47   	  61.04		
 21.06   	-50.35   	111.72   	 203.46		
 20.14   	-50.05   	112.53   	 345.88		
 16.17   	-50.35   	113.92   	 -35.61		
 12.82   	-50.05   	113.77   	 -45.78		
 12.21   	-47.91   	113.59   	 330.62		
 15.87   	-43.03   	114.91   	 233.98		
 23.19   	-37.23   	115.85   	 249.24		
 31.13   	-31.74   	116.85   	 116.99		
 37.54   	-26.86   	117.31   	-233.98		
 41.20   	-22.28   	116.38   	 305.19		
 41.50   	-17.70   	117.60   	 513.73		
 40.59   	-11.60   	119.65   	-178.03		
 42.42   	 -2.44   	118.94   	 -45.78		
 48.83   	  8.85   	118.76   	 315.36		
 58.59   	 20.14   	120.02   	  45.78		
 67.44   	 28.99   	120.20   	 -10.17		
 72.94   	 34.79   	120.16   	 218.72		
 74.46   	 39.37   	121.04   	 239.06		
 75.99   	 46.69   	121.99   	 -30.52		
 80.57   	 57.98   	121.87   	-116.99		
 88.50   	 72.02   	121.40   	 142.42		
 96.74   	 84.84   	121.97   	 183.11		
101.62   	 94.30   	122.71   	 -10.17		
101.62   	100.40   	122.66   	 -61.04		
 96.74   	102.54   	122.42   	  30.52		
 89.11   	101.32   	122.54   	  45.78		
 79.96   	 97.05   	122.73   	  10.17		
 70.80   	 91.25   	122.77(S)	 -10.17		
 63.78   	 86.36   	122.73   	   0.00		
 58.29   	 83.31   	122.73   	   5.09		
 53.10   	 80.26   	122.75   	   0.00		
 46.08   	 74.46   	122.75   	 -50.86		
 36.62   	 64.39   	122.54   	 -96.64		
 26.55   	 51.88   	122.16   	 -81.38		
 18.01   	 39.67   	121.83   	-101.73		
 12.51   	 29.60   	121.42   	-193.29		
  8.85   	 22.28   	120.65   	-284.84		
  5.19   	 17.09   	119.51   	-310.27		
  0.31   	 12.21   	118.27   	-330.62		
 -4.58   	  7.93   	116.95   	-432.35		
 -7.63   	  4.27   	115.22   	-534.08		
 -7.02   	  1.53   	113.08   	-539.16		
 -4.88   	 -0.31   	110.93   	-518.82		
 -2.44   	 -1.53   	108.85   	-488.30		
 -2.14   	 -1.83   	106.90   	-478.13		
 -4.27   	 -2.44   	104.98   	-310.27		
 -8.54   	 -3.36   	103.74   	 223.80		
-12.51   	 -4.88   	104.64   	 762.97		
-14.65   	 -6.71   	107.69   	 640.89		
-15.26   	 -8.54   	110.25   	-808.75		
-13.43   	 -9.77   	107.02   	-762.97		
-10.38   	 -8.85   	103.97   	 915.56		
 -7.02   	 -6.71   	107.63   	 412.00		
 -4.27   	 -3.36   	109.28   	-839.26		
 -1.53   	 -0.61   	105.92   	-350.97		
  0.00   	  0.61   	104.52   	  20.35		
 -0.61   	 -0.92   	104.60   	-259.41		
 -3.05   	 -3.97   	103.56   	 -20.35		
 -7.02   	 -7.32   	103.48   	 -35.61		
-10.38   	 -9.16   	103.34   	-223.80		
-11.90   	 -9.16   	102.44   	-162.77		
-10.68   	 -7.02   	101.79   	 -71.21		
 -7.32   	 -3.66   	101.51   	 -30.52		
 -3.97   	 -0.92   	101.38   	 -35.61		
 -2.14   	  0.31   	101.24   	-178.03		
 -2.75   	 -0.31   	100.53   	-172.94		
 -4.58   	 -3.05   	 99.84   	 -30.52		
 -6.41   	 -6.71   	 99.71   	 -30.52		
 -6.10   	 -8.24   	 99.59   	-122.07		
 -3.66   	 -6.71   	 99.10   	-203.46		
 -0.31   	 -2.14   	 98.29   	-203.46		
  2.44   	  3.36   	 97.48   	-162.77		
  4.27   	  6.71   	 96.83   	-132.25		
  4.88   	  5.49   	 96.30   	-106.82		
  5.19   	  0.61   	 95.87   	  -5.09		
  5.49   	 -6.10   	 95.85   	 -15.26		
  4.58   	-12.21   	 95.79   	-167.85		
  2.75   	-16.17   	 95.12   	-198.37		
  0.92   	-16.48   	 94.32   	-122.07		
 -0.31   	-13.43   	 93.83   	-101.73		
  0.31   	 -8.24   	 93.43   	-127.16		
  2.44   	 -3.05   	 92.92   	-116.99		
  4.27   	 -0.31   	 92.45   	 -86.47		
  4.58   	 -1.22   	 92.11   	 -55.95		
  3.66   	 -5.19   	 91.88   	 -66.12		
  2.75   	-10.07   	 91.62   	-111.90		
  2.44   	-12.82   	 91.17   	-122.07		
  3.36   	-12.82   	 90.68   	-142.42		
  3.97   	-10.99   	 90.11   	-147.51		
  3.36   	 -8.85   	 89.52   	 -96.64		
  0.61   	 -8.54   	 89.13   	 -45.78		
 -3.05   	 -9.77   	 88.95   	 -30.52		
 -6.71   	-11.60   	 88.83   	 -35.61		
 -8.54   	-11.90   	 88.69   	 -71.21		
 -7.63   	-11.60   	 88.40   	-162.77		
 -4.58   	-10.99   	 87.75   	-178.03		
 -1.22   	-10.99   	 87.04   	-122.07		
  0.61   	-11.60   	 86.55   	 -96.64		
  0.00   	-12.21   	 86.16   	 -96.64		
 -1.53   	-12.51   	 85.78   	 -66.12		
 -2.75   	-12.51   	 85.51   	 -20.35		
 -3.05   	-13.12   	 85.43   	  20.35		
 -2.14   	-13.43   	 85.51   	 -40.69		
 -0.92   	-12.21   	 85.35   	-183.11		
 -0.92   	 -9.16   	 84.62   	-178.03		
 -0.92   	 -3.97   	 83.91   	-142.42		
 -0.92   	  0.92   	 83.34   	-183.11		
 -0.61   	  4.27   	 82.60   	-274.67		
  0.00   	  5.80   	 81.51   	-193.29		
 -0.31   	  7.32   	 80.73   	  20.35		
 -1.22   	  9.46   	 80.81   	  15.26		
 -1.53   	 12.82   	 80.87   	 -15.26		
  0.31   	 15.87   	 80.81   	  -5.09		
  4.58   	 17.09   	 80.79   	 -45.78		
 10.38   	 16.48   	 80.61   	 -71.21		
 15.26   	 16.17   	 80.33   	-122.07		
 18.31   	 17.70   	 79.84   	-162.77		
 19.23   	 21.97   	 79.19   	-127.16		
 19.53   	 27.47   	 78.68   	 -40.69		
 20.14   	 32.35   	 78.51   	  25.43		
 21.06   	 34.48   	 78.62   	   0.00		
 22.28   	 33.87   	 78.62   	 -86.47		
 24.11   	 30.21   	 78.27   	-111.90		
 25.02   	 24.11   	 77.82   	-106.82		
 24.72   	 17.40   	 77.40   	 -86.47		
 22.28   	 11.90   	 77.05   	 -20.35		
 18.31   	 10.99   	 76.97   	  10.17		
 14.34   	 15.56   	 77.01   	  35.61		
 12.21   	 24.41   	 77.15   	  15.26		
 13.43   	 32.96   	 77.21   	 -40.69		
 17.09   	 36.32   	 77.05   	 -71.21		
 19.53   	 32.35   	 76.76   	-101.73		
 19.84   	 22.58   	 76.36   	-111.90		
 16.48   	 12.21   	 75.91   	-101.73		
 11.60   	  5.80   	 75.50   	-122.07		
  7.63   	  5.49   	 75.01   	 -45.78		
  6.41   	  9.46   	 74.83   	 -50.86		
  8.85   	 14.34   	 74.63   	-147.51		
 13.43   	 17.70   	 74.04   	 -91.56		
 18.62   	 18.01   	 73.67   	  -5.09		
 21.67   	 14.65   	 73.65   	 -10.17		
 20.75   	  7.02   	 73.61   	  20.35		
 16.17   	 -3.36   	 73.69   	  15.26		
  8.54   	-14.04   	 73.75   	 -50.86		
 -0.31   	-21.36   	 73.55   	-106.82		
 -8.85   	-22.89   	 73.12   	 -91.56		
-15.26   	-18.01   	 72.76   	 -50.86		
-16.78   	-10.07   	 72.55   	 -40.69		
-13.73   	 -2.75   	 72.39   	 -35.61		
 -8.85   	  2.14   	 72.25   	 -45.78		
 -4.88   	  3.66   	 72.06   	 -45.78		
 -5.49   	  2.75   	 71.88   	 -40.69		
 -9.77   	  0.92   	 71.72   	 -35.61		
-14.04   	 -0.31   	 71.58   	 -25.43		
-15.87   	 -0.61   	 71.47   	 -45.78		
-15.26   	 -0.92   	 71.29   	 -91.56		
-12.82   	 -2.14   	 70.93   	-106.82		
 -9.77   	 -4.27   	 70.50   	 -71.21		
 -7.63   	 -7.32   	 70.21   	 -30.52		
 -7.02   	 -9.77   	 70.09   	 -55.95		
 -8.54   	-10.07   	 69.87   	 -66.12		
-11.29   	 -7.93   	 69.60   	 -25.43		
-14.04   	 -4.58   	 69.50   	 -20.35		
-14.65   	 -1.22   	 69.42   	 -35.61		
-12.51   	  1.22   	 69.28   	  15.26		
 -9.16   	  1.53   	 69.34   	  25.43		
 -7.93   	  0.92   	 69.44   	 -30.52		
 -9.16   	  0.92   	 69.32   	-111.90		
-10.99   	  2.75   	 68.87   	-178.03		
-10.99   	  7.02   	 68.16   	-122.07		
 -8.85   	 12.51   	 67.67   	 -25.43		
 -8.54   	 18.62   	 67.57   	  20.35		
-14.95   	 25.63   	 67.65   	  -5.09		
-29.30   	 34.18   	 67.63   	 -61.04		
-44.56   	 47.61   	 67.39   	 -91.56		
-44.86   	 77.21   	 67.02   	 -45.78		
 -8.24   	142.52   	 66.84   	   0.00		
 85.75   	265.50   	 66.84   	 -30.52		
242.61   	457.15   	 66.71   	 -66.12		
445.25   	703.13   	 66.45   	 -55.95		
655.82   	959.17   	 66.23   	 -50.86		
827.64   	1165.16   	 66.02   	 -50.86		
923.16   	1264.65(R)	 65.82   	 -10.17		
928.34   	1230.16   	 65.78(D)	  50.86		
849.30   	1073.91   	 65.98   	  61.04		
703.43   	842.90   	 66.23   	  45.78		
517.27   	599.98   	 66.41   	  40.69		
325.01   	398.56   	 66.57   	  50.86		
162.66   	263.37   	 66.77   	  45.78		
 58.29   	186.46   	 66.96   	  40.69		
 17.40   	142.52   	 67.12   	  86.47		
 19.23   	106.51   	 67.47   	 218.72		
 31.43   	 65.92   	 68.34   	 427.26		
 31.74   	 23.50   	 70.05   	 442.52		
 17.09   	-11.60   	 71.82   	 -40.69		
 -2.14   	-32.04   	 71.66   	 -45.78		
-14.95   	-39.67   	 71.47   	1022.38		
-19.23   	-40.89   	 75.56   	1429.29		
-19.23   	-42.42   	 81.28   	 773.14		
-19.53   	-47.61   	 84.37   	  96.64		
-21.36   	-54.63   	 84.76   	 111.90		
-23.50   	-60.73   	 85.21   	 691.76		
-25.63   	-64.39   	 87.98   	1037.64		
-26.25   	-66.53   	 92.13   	 859.61		
-25.33   	-68.97   	 95.56   	 437.43		
-23.80   	-72.02   	 97.31   	 198.37		
-23.50   	-75.38   	 98.11   	-167.85		
-25.02   	-78.74   	 97.44   	 -20.35		
-26.55   	-81.18   	 97.35   	 406.92		
-25.33   	-82.40   	 98.98   	-310.27		
-21.06   	-83.01   	 97.74   	-1073.24		
-16.48   	-83.31   	 93.45   	-406.92		
-14.65   	-84.23   	 91.82   	 971.51		
-16.17   	-84.53   	 95.71   	 625.63		
-18.92   	-83.62   	 98.21   	 -91.56		
-19.53   	-81.18   	 97.84   	 824.00		
-17.40   	-78.74   	101.14   	1129.19		
-14.34   	-77.21   	105.66   	 -91.56		
-12.51   	-77.82   	105.29   	  25.43		
-11.90   	-79.35   	105.39   	 508.65		
-12.21   	-80.26   	107.43   	  20.35		
-12.82   	-79.35   	107.51   	 111.90		
-12.82   	-76.60   	107.95   	 590.03		
-11.60   	-72.94   	110.31   	 590.03		
 -8.85   	-69.27   	112.68   	  66.12		
 -4.27   	-67.14   	112.94   	 -66.12		
  0.31   	-66.53   	112.68   	-167.85		
  3.36   	-67.44   	112.00   	-274.67		
  4.58   	-68.66   	110.90   	 452.69		
  4.88   	-68.97   	112.72   	 971.51		
  5.19   	-67.44   	116.60   	 356.05		
  7.02   	-62.56   	118.03   	-630.72		
 10.07   	-55.24   	115.50   	 183.11		
 14.04   	-47.91   	116.24   	 737.54		
 19.53   	-43.03   	119.19   	-228.89		
 24.41   	-41.50   	118.27   	  10.17		
 27.77   	-41.50   	118.31   	 356.05		
 28.99   	-39.37   	119.74   	 228.89		
 28.99   	-32.65   	120.65   	 147.51		
 30.82   	-22.28   	121.24   	  25.43		
 36.01   	-10.68   	121.34   	 -10.17		
 43.95   	 -1.22   	121.30   	 116.99		
 51.57   	  4.88   	121.77   	 208.54		
 57.98   	  9.77   	122.60   	  96.64		
 64.39   	 16.48   	122.99   	  91.56		
 71.72   	 26.55   	123.36   	 132.25		
 79.96   	 38.76   	123.89   	  66.12		
 86.36   	 51.88   	124.15   	  25.43		
 89.42   	 63.48   	124.25   	  50.86		
 90.03   	 72.94   	124.46   	 101.73		
 89.11   	 80.57   	124.86   	 106.82		
 86.98   	 85.75   	125.29(S)	 -30.52		
 83.01   	 86.67   	125.17   	 -71.21		
 75.99   	 84.23   	124.88   	  45.78		
 67.75   	 79.04   	125.07   	  15.26		
 61.04   	 73.55   	125.13   	-116.99		
 56.15   	 68.66   	124.66   	-116.99		
 51.27   	 63.17   	124.19   	  -5.09		
 44.56   	 56.15   	124.17   	  20.35		
 36.32   	 48.52   	124.25   	-111.90		
 27.77   	 40.28   	123.80   	-137.33		
 21.67   	 32.04   	123.25   	-142.42		
 16.48   	 23.19   	122.69   	-137.33		
 11.29   	 13.73   	122.14   	-223.80		
  5.49   	  5.19   	121.24   	-325.53		
  1.22   	 -1.22   	119.94   	-295.01		
 -0.92   	 -5.80   	118.76   	-320.45		
 -2.14   	-10.68   	117.48   	-447.61		
 -3.36   	-16.17   	115.69   	-503.56		
 -4.88   	-21.67   	113.67   	-447.61		
 -5.80   	-24.72   	111.88   	-350.97		
 -5.80   	-24.72   	110.48   	-437.43		
 -5.49   	-23.19   	108.73   	-676.50		
 -5.49   	-22.58   	106.02   	-478.13		
 -5.49   	-23.19   	104.11   	 320.45		
 -4.58   	-23.50   	105.39   	1083.41		
 -3.66   	-22.89   	109.72   	 727.36		
 -3.66   	-22.28   	112.63   	-788.40		
 -4.58   	-24.11   	109.48   	-412.00		
 -6.41   	-28.69   	107.83   	 666.32		
 -7.02   	-33.26   	110.50   	-513.73		
 -6.41   	-35.40   	108.44   	-1047.81		
 -5.19   	-34.18   	104.25   	 188.20		
 -3.66   	-30.52   	105.00   	 183.11		
 -2.44   	-26.86   	105.74   	-274.67		
 -1.53   	-24.72   	104.64   	  40.69		
 -0.92   	-23.80   	104.80   	 -40.69		
 -1.53   	-22.89   	104.64   	-259.41		
 -2.75   	-21.97   	103.60   	-111.90		
 -3.66   	-20.75   	103.15   	  10.17		
 -3.66   	-19.84   	103.19   	 -86.47		
 -2.44   	-19.84   	102.85   	-188.20		
 -0.31   	-20.45   	102.10   	-157.68		
  2.44   	-22.28   	101.46   	 -81.38		
  4.58   	-24.72   	101.14   	 -66.12		
  5.19   	-26.86   	100.87   	-142.42		
  3.66   	-28.38   	100.30   	-172.94		
  0.00   	-28.69   	 99.61   	-152.59		
 -3.66   	-27.77   	 99.00   	 -91.56		
 -4.58   	-25.02   	 98.64   	 -61.04		
 -2.14   	-21.36   	 98.39   	-101.73		
  2.75   	-17.09   	 97.99   	-157.68		
  6.71   	-13.12   	 97.35   	-162.77		
  7.63   	-10.68   	 96.70   	-142.42		
  6.10   	-10.38   	 96.13   	-122.07		
  3.66   	-11.90   	 95.65   	-111.90		
  2.44   	-14.65   	 95.20   	 -96.64		
  3.05   	-17.40   	 94.81   	-101.73		
  4.27   	-18.62   	 94.40   	 -96.64		
  5.49   	-18.31   	 94.02   	 -91.56		
  6.10   	-16.48   	 93.65   	 -86.47		
  6.41   	-14.65   	 93.31   	-127.16		
  6.10   	-13.73   	 92.80   	-157.68		
  4.58   	-13.43   	 92.17   	-137.33		
  2.44   	-13.43   	 91.62   	-127.16		
  0.61   	-13.43   	 91.11   	-116.99		
  0.31   	-14.65   	 90.64   	-106.82		
  1.53   	-17.09   	 90.21   	-111.90		
  2.14   	-20.45   	 89.77   	-106.82		
  0.61   	-22.89   	 89.34   	 -76.30		
 -2.44   	-22.28   	 89.03   	 -81.38		
 -4.88   	-19.84   	 88.71   	 -91.56		
 -4.58   	-17.09   	 88.34   	 -45.78		
 -2.14   	-15.56   	 88.16   	 -55.95		
  0.00   	-16.48   	 87.93   	 -81.38		
  0.00   	-18.92   	 87.61   	 -71.21		
 -2.44   	-22.28   	 87.32   	-106.82		
 -5.80   	-25.94   	 86.90   	-147.51		
 -8.24   	-28.69   	 86.31   	-127.16		
 -8.24   	-29.91   	 85.80   	-137.33		
 -6.41   	-28.69   	 85.25   	 -86.47		
 -3.97   	-25.63   	 84.90   	  -5.09		
 -2.44   	-21.67   	 84.88   	 -55.95		
 -2.14   	-19.53   	 84.66   	-183.11		
 -3.36   	-19.53   	 83.93   	-213.63		
 -4.88   	-21.36   	 83.07   	-106.82		
 -5.80   	-23.19   	 82.64   	 -40.69		
 -5.19   	-24.41   	 82.48   	 -20.35		
 -4.58   	-24.72   	 82.40   	   0.00		
 -4.88   	-24.72   	 82.40   	 -50.86		
 -6.10   	-24.72   	 82.20   	-122.07		
 -7.93   	-24.72   	 81.71   	-116.99		
 -7.93   	-24.11   	 81.24   	 -45.78		
 -6.10   	-22.89   	 81.06   	 -55.95		
 -2.44   	-21.06   	 80.83   	-142.42		
  0.92   	-19.53   	 80.26   	-183.11		
  2.14   	-19.23   	 79.53   	-101.73		
  0.31   	-19.84   	 79.12   	 -45.78		
 -3.05   	-19.84   	 78.94   	 -30.52		
 -5.80   	-17.70   	 78.82   	 -50.86		
 -6.41   	-13.12   	 78.62   	 -50.86		
 -4.88   	 -7.32   	 78.41   	  10.17		
 -2.14   	 -2.75   	 78.45   	  -5.09		
  0.61   	  0.31   	 78.43   	-147.51		
  4.27   	  3.05   	 77.84   	-167.85		
 10.68   	  8.54   	 77.17   	 -86.47		
 18.62   	 16.17   	 76.83   	 -55.95		
 24.41   	 23.19   	 76.60   	 -66.12		
 27.16   	 27.16   	 76.34   	  40.69		
 26.86   	 27.47   	 76.50   	  30.52		
 25.63   	 25.02   	 76.62   	-137.33		
 25.94   	 21.36   	 76.07   	-137.33		
 27.77   	 16.17   	 75.52   	 -50.86		
 28.99   	  8.85   	 75.32   	 -76.30		
 27.47   	  0.92   	 75.01   	 -86.47		
 23.80   	 -4.58   	 74.67   	  50.86		
 19.84   	 -3.66   	 74.87   	   0.00		
 17.40   	  3.66   	 74.87   	-132.25		
 16.78   	 13.43   	 74.34   	 -40.69		
 17.70   	 19.23   	 74.18   	  50.86		
 18.31   	 18.31   	 74.38   	  15.26		
 17.70   	 12.21   	 74.45   	 -91.56		
 14.95   	  4.27   	 74.08   	-142.42		
 10.99   	 -1.83   	 73.51   	-147.51		
  7.63   	 -4.58   	 72.92   	 -45.78		
  6.10   	 -4.58   	 72.74   	  35.61		
  7.93   	 -3.36   	 72.88   	  15.26		
 11.90   	 -2.44   	 72.94   	  35.61		
 16.17   	 -2.44   	 73.08   	 -20.35		
 19.53   	 -4.58   	 73.00   	-167.85		
 21.06   	 -9.16   	 72.33   	-106.82		
 19.84   	-15.87   	 71.90   	  30.52		
 15.87   	-23.19   	 72.02   	 -25.43		
  8.24   	-29.60   	 71.92   	 -91.56		
 -1.83   	-31.74   	 71.56   	 -35.61		
-10.07   	-28.99   	 71.41   	 -15.26		
-13.73   	-23.19   	 71.35   	 -40.69		
-12.21   	-18.31   	 71.19   	 -55.95		
 -8.24   	-18.01   	 70.97   	 -71.21		
 -4.88   	-21.67   	 70.68   	 -81.38		
 -3.97   	-26.55   	 70.36   	 -91.56		
 -5.19   	-29.60   	 69.99   	 -86.47		
 -7.32   	-30.52   	 69.64   	 -45.78		
-10.38   	-30.52   	 69.46   	 -20.35		
-14.34   	-32.04   	 69.38   	 -40.69		
-18.62   	-34.18   	 69.22   	 -25.43		
-20.75   	-34.48   	 69.11   	  15.26		
-18.62   	-31.74   	 69.18   	  -5.09		
-13.43   	-27.16   	 69.16   	 -86.47		
 -7.93   	-24.11   	 68.81   	-106.82		
 -6.41   	-24.11   	 68.38   	 -50.86		
 -8.54   	-25.63   	 68.18   	  -5.09		
-11.90   	-25.94   	 68.16   	  25.43		
-12.51   	-22.89   	 68.26   	  -5.09		
 -9.77   	-17.09   	 68.24   	 -45.78		
 -6.71   	-12.21   	 68.06   	 -76.30		
 -6.10   	-10.99   	 67.75   	 -91.56		
 -8.85   	-12.21   	 67.39   	 -91.56		
-11.90   	-14.34   	 67.02   	 -96.64		
-12.51   	-14.34   	 66.63   	 -91.56		
-12.51   	-10.68   	 66.27   	 -55.95		
-17.70   	 -3.36   	 66.04   	 -35.61		
-32.04   	  8.24   	 65.90   	 -50.86		
-52.49   	 23.80   	 65.70   	 -55.95		
-65.00   	 49.44   	 65.47   	  10.17		
-47.91   	 99.18   	 65.51   	  25.43		
 21.36   	194.40   	 65.62   	 -20.35		
153.81   	351.56   	 65.53   	 -30.52		
341.80   	570.68   	 65.41   	 -25.43		
559.08   	824.89   	 65.31   	 -20.35		
765.69   	1063.84   	 65.23   	 -10.17		
921.63   	1227.42   	 65.19   	  -5.09		
997.01   	1269.84(R)	 65.17   	  -5.09		
981.75   	1177.98   	 65.15   	   5.09		
880.43   	978.09   	 65.17   	 -20.35		
710.14   	729.37   	 65.09   	 -50.86		
502.93   	498.35   	 64.88   	 -35.61		
299.99   	328.98   	 64.74(D)	  61.04		
142.21   	229.19   	 64.98   	 162.77		
 53.71   	175.78   	 65.64   	 254.32		
 29.30   	137.63   	 66.65   	 386.57		
 37.54   	 93.38   	 68.20   	 590.03		
 43.03   	 40.89   	 70.56   	 793.49		
 29.91   	 -7.63   	 73.73   	 691.76		
  4.58   	-41.20   	 76.50   	 198.37		
-17.70   	-57.68   	 77.29   	-396.74		
-28.08   	-63.17   	 75.71   	-223.80		
-28.08   	-65.61   	 74.81   	 813.83		
-25.94   	-69.27   	 78.07   	1297.04		
-26.25   	-74.16   	 83.26   	 961.34		
-28.69   	-78.43   	 87.10   	 427.26		
-31.43   	-81.79   	 88.81   	 122.07		
-33.26   	-86.06   	 89.30   	 142.42		
-34.48   	-91.55   	 89.87   	 605.29		
-35.10   	-97.05   	 92.29   	1444.55		
-34.48   	-99.79   	 98.07   	 376.40		
-34.18   	-99.79   	 99.57   	-1342.82		
-35.10   	-98.88   	 94.20   	-111.90		
-36.93   	-99.18   	 93.75   	 473.04		
-38.76   	-101.32   	 95.65   	-996.94		
-38.45   	-103.15   	 91.66   	-264.50		
-35.10   	-103.76   	 90.60   	 976.60		
-29.91   	-102.23   	 94.51   	 254.32		
-25.94   	-100.40   	 95.52   	 345.88		
-24.72   	-99.49   	 96.91   	 778.23		
-25.33   	-98.57   	100.02   	 -10.17		
-26.55   	-97.05   	 99.98   	 707.02		
-26.86   	-93.99   	102.81   	1291.96		
-25.63   	-90.94   	107.98   	-417.09		
-24.11   	-89.72   	106.31   	 -81.38		
-22.89   	-90.94   	105.98   	1200.40		
-21.97   	-91.55   	110.78   	 498.47		
-21.36   	-90.03   	112.78   	 -30.52		
-21.06   	-85.75   	112.65   	 203.46		
-20.14   	-80.87   	113.47   	  10.17		
-19.23   	-78.43   	113.51   	-172.94		
-17.40   	-78.13   	112.82   	 178.03		
-14.34   	-78.13   	113.53   	 386.57		
-11.29   	-76.60   	115.08   	 127.16		
 -8.85   	-73.85   	115.58   	 -35.61		
 -8.54   	-71.72   	115.44   	 208.54		
 -9.46   	-70.19   	116.28   	 376.40		
 -9.77   	-68.66   	117.78   	 279.75		
 -7.63   	-65.31   	118.90   	 381.48		
 -1.22   	-59.51   	120.43   	 254.32		
  7.02   	-52.19   	121.44   	-233.98		
 13.43   	-44.56   	120.51   	-132.25		
 15.87   	-38.76   	119.98   	 172.94		
 15.56   	-33.87   	120.67   	  55.95		
 16.17   	-30.21   	120.89   	 340.79		
 20.14   	-25.63   	122.26   	 412.00		
 27.16   	-19.53   	123.91   	  86.47		
 35.40   	-11.29   	124.25   	-122.07		
 42.11   	 -0.92   	123.76   	-178.03		
 47.30   	  9.77   	123.05   	  91.56		
 53.10   	 20.14   	123.42   	 305.19		
 59.81   	 30.52   	124.64   	 218.72		
 65.31   	 39.98   	125.51   	   5.09		
 68.36   	 48.52   	125.53   	-122.07		
 69.58   	 56.46   	125.05   	  81.38		
 69.89   	 63.48   	125.37   	 116.99		
 71.72   	 69.58   	125.84(S)	-127.16		
 74.16   	 74.16   	125.33   	-142.42		
 73.85   	 75.99   	124.76   	  71.21		
 68.05   	 73.55   	125.05   	  55.95		
 56.76   	 67.75   	125.27   	 -40.69		
 44.25   	 60.42   	125.11   	  15.26		
 34.18   	 53.41   	125.17   	   0.00		
 28.69   	 47.61   	125.17   	 -66.12		
 25.94   	 42.11   	124.90   	-116.99		
 22.28   	 34.18   	124.43   	-147.51		
 16.17   	 23.80   	123.84   	-137.33		
  8.24   	 11.60   	123.30   	-162.77		
  0.00   	  0.31   	122.64   	-254.32		
 -6.41   	 -8.85   	121.63   	-330.62		
-10.68   	-14.34   	120.30   	-345.88		
-13.43   	-16.48   	118.92   	-391.66		
-15.26   	-16.78   	117.35   	-483.21		
-16.17   	-17.70   	115.42   	-528.99		
-15.87   	-20.14   	113.31   	-564.60		
-14.95   	-24.41   	111.05   	-564.60		
-14.04   	-28.99   	108.79   	-401.83		
-14.65   	-32.35   	107.18   	-203.46		
-16.17   	-34.48   	106.37   	  61.04		
-17.70   	-35.71   	106.61   	 707.02		
-18.01   	-37.23   	109.44   	 900.30		
-16.17   	-39.06   	113.04   	-233.98		
-12.82   	-40.28   	112.11   	-844.35		
-10.07   	-40.28   	108.73   	 391.66		
 -9.16   	-38.76   	110.29   	  71.21		
-10.07   	-36.01   	110.58   	-1078.33		
-11.60   	-34.18   	106.27   	-361.14		
-13.43   	-33.87   	104.82   	 371.31		
-14.34   	-35.10   	106.31   	-223.80		
-14.34   	-36.93   	105.41   	-223.80		
-13.12   	-37.84   	104.52   	   0.00		
-10.68   	-37.54   	104.52   	-264.50		
 -8.54   	-37.23   	103.46   	-157.68		
 -7.02   	-37.23   	102.83   	 101.73		
 -7.63   	-37.54   	103.23   	 -10.17		
-10.07   	-37.23   	103.19   	-157.68		
-12.82   	-35.40   	102.56   	-213.63		
-14.34   	-32.65   	101.71   	-203.46		
-13.73   	-30.82   	100.89   	 -86.47		
-11.60   	-30.52   	100.55   	  10.17		
 -9.77   	-31.74   	100.59   	 -55.95		
 -9.77   	-33.26   	100.37   	-122.07		
-11.29   	-34.18   	 99.88   	-111.90		
-14.04   	-34.18   	 99.43   	-116.99		
-15.87   	-33.87   	 98.96   	-172.94		
-15.87   	-33.26   	 98.27   	-183.11		
-14.04   	-32.04   	 97.54   	-142.42		
-11.60   	-29.91   	 96.97   	-116.99		
-10.38   	-27.47   	 96.50   	-111.90		
-10.68   	-26.25   	 96.05   	-101.73		
-12.82   	-26.25   	 95.65   	 -86.47		
-16.17   	-28.08   	 95.30   	 -71.21		
-19.23   	-30.21   	 95.01   	 -91.56		
-19.84   	-30.52   	 94.65   	-111.90		
-18.31   	-28.69   	 94.20   	-116.99		
-14.95   	-25.63   	 93.73   	-127.16		
-12.51   	-22.28   	 93.22   	-132.25		
-12.82   	-20.45   	 92.70   	-116.99		
-16.17   	-20.45   	 92.23   	-101.73		
-19.84   	-21.97   	 91.82   	-106.82		
-21.36   	-24.41   	 91.39   	-101.73		
-21.06   	-27.16   	 90.99   	-116.99		
-19.53   	-29.30   	 90.52   	-132.25		
-19.23   	-29.91   	 89.99   	-106.82		
-21.36   	-29.60   	 89.56   	 -76.30		
-24.11   	-28.99   	 89.26   	 -76.30		
-25.02   	-29.30   	 88.95   	 -81.38		
-22.58   	-31.43   	 88.63   	 -71.21		
-19.23   	-34.48   	 88.34   	 -71.21		
-16.78   	-37.54   	 88.06   	-137.33		
-17.70   	-38.45   	 87.51   	-208.54		
-21.06   	-37.54   	 86.67   	-167.85		
-23.80   	-36.01   	 86.00   	 -40.69		
-24.11   	-35.10   	 85.84   	 -40.69		
-22.58   	-35.40   	 85.68   	-122.07		
-20.75   	-36.62   	 85.19   	 -91.56		
-19.23   	-37.54   	 84.82   	 -91.56		
-18.62   	-37.84   	 84.46   	-137.33		
-18.92   	-38.15   	 83.91   	-111.90		
-20.45   	-39.67   	 83.46   	 -76.30		
-22.89   	-41.50   	 83.15   	 -86.47		
-25.02   	-43.03   	 82.81   	 -66.12		
-25.33   	-43.33   	 82.54   	 -55.95		
-23.50   	-42.42   	 82.32   	 -81.38		
-21.06   	-41.81   	 81.99   	 -81.38		
-20.75   	-42.11   	 81.67   	 -91.56		
-22.89   	-43.03   	 81.30   	 -96.64		
-25.33   	-43.33   	 80.92   	 -86.47		
-25.02   	-41.20   	 80.57   	 -81.38		
-22.28   	-37.23   	 80.24   	 -50.86		
-18.01   	-33.57   	 80.04   	 -15.26		
-15.26   	-31.43   	 79.98   	 -55.95		
-15.56   	-30.82   	 79.76   	-106.82		
-18.31   	-30.82   	 79.33   	 -81.38		
-20.45   	-30.21   	 79.00   	 -35.61		
-20.14   	-28.69   	 78.86   	 -45.78		
-16.48   	-26.25   	 78.68   	-106.82		
-10.68   	-22.89   	 78.25   	-142.42		
 -4.88   	-18.92   	 77.68   	-122.07		
 -0.92   	-13.73   	 77.19   	 -66.12		
  0.92   	 -8.54   	 76.93   	 -61.04		
  1.83   	 -4.27   	 76.68   	 -30.52		
  3.66   	 -0.61   	 76.56   	 -15.26		
  7.02   	  1.83   	 76.50   	 -91.56		
 11.29   	  2.75   	 76.13   	 -35.61		
 14.65   	  1.53   	 75.99   	  35.61		
 15.56   	 -2.44   	 76.13   	  30.52		
 13.43   	 -8.24   	 76.26   	 -30.52		
  9.16   	-15.26   	 76.13   	-116.99		
  4.88   	-21.06   	 75.67   	-188.20		
  1.53   	-23.19   	 74.91   	-233.98		
 -0.31   	-21.36   	 73.98   	-137.33		
 -0.61   	-14.95   	 73.43   	  25.43		
  0.92   	 -7.02   	 73.53   	  96.64		
  3.66   	 -0.61   	 73.92   	  71.21		
  6.41   	  0.31   	 74.20   	  10.17		
  7.63   	 -4.58   	 74.24   	 -40.69		
  5.80   	-12.51   	 74.08   	 -40.69		
  1.22   	-19.23   	 73.92   	 -76.30		
 -4.27   	-21.97   	 73.61   	-106.82		
 -7.32   	-21.06   	 73.18   	 -66.12		
 -7.32   	-19.23   	 72.92   	 -15.26		
 -4.27   	-20.14   	 72.86   	 -15.26		
  0.92   	-23.19   	 72.80   	 -61.04		
  7.32   	-27.47   	 72.55   	 -96.64		
 12.21   	-31.74   	 72.17   	 -61.04		
 13.73   	-36.01   	 71.92   	 -40.69		
  9.46   	-41.20   	 71.76   	 -55.95		
 -0.31   	-46.39   	 71.54   	 -61.04		
-12.82   	-48.52   	 71.29   	 -50.86		
-23.19   	-45.78   	 71.09   	 -55.95		
-27.47   	-39.06   	 70.86   	 -86.47		
-26.55   	-32.96   	 70.52   	 -86.47		
-23.80   	-31.74   	 70.17   	 -55.95		
-21.97   	-36.32   	 69.95   	 -45.78		
-22.28   	-44.25   	 69.77   	 -30.52		
-22.89   	-50.05   	 69.64   	 -35.61		
-22.89   	-51.27   	 69.50   	 -35.61		
-22.58   	-49.13   	 69.36   	 -30.52		
-23.50   	-46.08   	 69.24   	 -35.61		
-24.41   	-44.25   	 69.09   	 -71.21		
-24.41   	-42.72   	 68.81   	 -76.30		
-21.97   	-40.89   	 68.50   	 -71.21		
-18.31   	-38.76   	 68.22   	 -66.12		
-15.87   	-37.54   	 67.95   	 -50.86		
-15.56   	-37.54   	 67.75   	 -45.78		
-14.95   	-37.84   	 67.57   	 -40.69		
-12.82   	-36.62   	 67.41   	 -25.43		
 -9.77   	-34.18   	 67.30   	   0.00		
 -8.54   	-31.43   	 67.30   	 -15.26		
-10.99   	-31.13   	 67.24   	 -40.69		
-15.26   	-33.87   	 67.08   	-106.82		
-17.70   	-37.23   	 66.65   	-152.59		
-15.87   	-39.06   	 66.04   	 -71.21		
-12.51   	-37.84   	 65.76   	   5.09		
-12.82   	-32.96   	 65.78   	 -10.17		
-21.36   	-23.80   	 65.74   	 -25.43		
-38.45   	 -9.77   	 65.64   	 -50.86		
-58.59   	 10.07   	 65.43   	 -20.35		
-67.14   	 41.81   	 65.35   	  55.95		
-42.11   	101.01   	 65.57   	  30.52		
 41.81   	206.60   	 65.70   	  -5.09		
197.75   	372.92   	 65.68   	 -40.69		
415.95   	595.70   	 65.51   	 -71.21		
661.93   	842.29   	 65.23   	 -20.35		
886.84   	1058.65   	 65.15   	  15.26		
1045.53   	1185.30(R)	 65.21   	 -10.17		
1111.45   	1185.00   	 65.17   	 -10.17		
1076.97   	1055.60   	 65.13   	   5.09		
950.32   	837.10   	 65.15   	 -50.86		
751.34   	596.31   	 64.94   	 -81.38		
517.27   	393.98   	 64.62   	 -35.61		
296.63   	261.54   	 64.48(D)	  40.69		
133.67   	191.65   	 64.64   	 122.07		
 48.52   	152.89   	 65.13   	 239.06		
 28.99   	114.44   	 66.08   	 467.95		
 37.54   	 63.48   	 67.95   	 727.36		
 39.37   	  7.02   	 70.86   	 818.92		
 21.67   	-39.98   	 74.14   	 640.89		
 -6.41   	-67.75   	 76.70   	 442.52		
-29.30   	-78.13   	 78.47   	 -91.56		
-39.67   	-80.57   	 78.11   	-676.50		
-40.59   	-83.62   	 75.40   	 340.79		
-40.59   	-91.25   	 76.76   	1642.92		
-43.03   	-100.40   	 83.34   	1586.97		
-47.00   	-106.81   	 89.68   	 686.67		
-48.83   	-108.95   	 92.43   	-335.71		
-47.91   	-108.64   	 91.09   	-340.79		
-45.78   	-108.03   	 89.72   	 518.82		
-44.25   	-109.86   	 91.80   	 742.62		
-44.56   	-113.22   	 94.77   	 239.06		
-46.08   	-116.58   	 95.73   	-356.05		
-47.30   	-118.71   	 94.30   	-371.31		
-46.69   	-119.02   	 92.82   	  91.56		
-43.64   	-117.19   	 93.18   	  -5.09		
-40.59   	-114.75   	 93.16   	-106.82		
-39.37   	-112.30   	 92.74   	 381.48		
-40.59   	-111.08   	 94.26   	 228.89		
-42.42   	-110.78   	 95.18   	 152.59		
-41.50   	-111.08   	 95.79   	 991.86		
-38.45   	-111.69   	 99.76   	 518.82		
-35.40   	-112.30   	101.83   	-1042.72		
-34.18   	-111.69   	 97.66   	 727.36		
-34.79   	-109.56   	100.57   	2482.19		
-35.10   	-105.59   	110.50   	  91.56		
-33.26   	-101.32   	110.86   	-610.37		
-30.21   	-97.96   	108.42   	 671.41		
-28.38   	-95.83   	111.11   	 325.53		
-28.38   	-94.30   	112.41   	-401.83		
-28.38   	-91.86   	110.80   	 111.90		
-26.86   	-88.81   	111.25   	 742.62		
-23.80   	-86.67   	114.22   	  45.78		
-21.06   	-86.36   	114.40   	-289.93		
-20.14   	-86.98   	113.24   	 523.90		
-20.45   	-86.36   	115.34   	 401.83		
-19.53   	-83.01   	116.95   	-528.99		
-14.95   	-76.90   	114.83   	 305.19		
 -8.24   	-70.50   	116.05   	 900.30		
 -2.14   	-65.92   	119.65   	-330.62		
  1.83   	-62.56   	118.33   	  20.35		
  3.36   	-59.20   	118.41   	 569.68		
  4.88   	-53.10   	120.69   	  86.47		
  9.46   	-44.25   	121.04   	-132.25		
 18.62   	-34.18   	120.51   	 -20.35		
 28.99   	-25.94   	120.43   	 259.41		
 37.23   	-21.06   	121.46   	 254.32		
 41.81   	-18.31   	122.48   	  10.17		
 43.33   	-14.95   	122.52   	  96.64		
 45.17   	 -8.24   	122.91   	 122.07		
 50.66   	  3.05   	123.40   	 -15.26		
 59.81   	 16.48   	123.34   	 -55.95		
 69.89   	 29.30   	123.11   	 132.25		
 78.74   	 39.37   	123.64   	 111.90		
 84.84   	 47.00   	124.09   	   5.09		
 87.28   	 54.02   	124.11   	  55.95		
 86.98   	 61.04   	124.33   	  71.21		
 84.84   	 66.83   	124.62   	 -35.61		
 81.79   	 69.89   	124.48   	-106.82		
 78.43   	 68.97   	124.05   	  61.04		
 73.55   	 64.39   	124.29   	 127.16		
 66.83   	 57.07   	124.80(S)	 -71.21		
 56.46   	 48.52   	124.52   	-172.94		
 44.56   	 39.37   	123.82   	 -15.26		
 33.26   	 30.21   	123.76   	  40.69		
 24.72   	 21.36   	123.93   	-127.16		
 19.23   	 13.43   	123.42   	-218.72		
 15.87   	  5.80   	122.54   	-137.33		
 11.90   	 -2.75   	121.99   	-183.11		
  5.49   	-12.21   	121.26   	-315.36		
 -1.83   	-21.06   	120.00   	-320.45		
 -8.85   	-27.47   	118.72   	-315.36		
-13.43   	-31.13   	117.46   	-371.31		
-14.65   	-32.35   	115.97   	-493.39		
-13.73   	-33.26   	114.00   	-584.94		
-13.12   	-34.79   	111.66   	-544.25		
-13.73   	-37.23   	109.48   	-498.47		
-15.26   	-40.28   	107.49   	-467.95		
-16.17   	-43.95   	105.62   	-310.27		
-16.48   	-47.61   	104.37   	 239.06		
-15.56   	-49.74   	105.33   	 895.22		
-14.04   	-49.13   	108.91   	 768.05		
-12.51   	-46.69   	111.98   	-457.78		
-11.90   	-45.17   	110.15   	-325.53		
-11.90   	-46.39   	108.85   	 401.83		
-12.51   	-49.13   	110.46   	-503.56		
-12.82   	-51.27   	108.44   	-920.65		
-12.51   	-50.96   	104.76   	-106.82		
-11.29   	-48.22   	104.33   	  30.52		
-10.68   	-45.17   	104.46   	-361.14		
-10.99   	-43.03   	103.01   	-122.07		
-11.90   	-42.42   	102.52   	  45.78		
-11.90   	-42.72   	102.71   	 -76.30		
 -9.16   	-43.95   	102.40   	-137.33		
 -4.88   	-46.69   	101.85   	-122.07		
 -1.53   	-50.35   	101.36   	 -86.47		
 -1.53   	-52.80   	101.02   	 -96.64		
 -4.58   	-52.49   	100.63   	-111.90		
 -8.85   	-49.44   	100.18   	 -91.56		
-11.90   	-45.47   	 99.82   	 -96.64		
-12.82   	-43.03   	 99.43   	-101.73		
-12.82   	-42.72   	 99.02   	-116.99		
-13.12   	-43.64   	 98.56   	-127.16		
-14.34   	-43.64   	 98.05   	-106.82		
-15.56   	-42.42   	 97.62   	-101.73		
-16.17   	-41.20   	 97.21   	-142.42		
-15.87   	-40.28   	 96.64   	-152.59		
-15.26   	-40.28   	 96.03   	-116.99		
-15.56   	-40.59   	 95.56   	 -96.64		
-17.40   	-41.20   	 95.18   	-101.73		
-20.14   	-42.11   	 94.77   	-106.82		
-22.28   	-43.64   	 94.34   	-106.82		
-23.19   	-44.86   	 93.92   	-101.73		
-23.19   	-44.56   	 93.51   	 -96.64		
-23.19   	-42.42   	 93.12   	-101.73		
-23.19   	-38.76   	 92.72   	-111.90		
-22.89   	-35.10   	 92.27   	-122.07		
-22.28   	-32.35   	 91.78   	-132.25		
-21.06   	-31.43   	 91.25   	-111.90		
-20.14   	-31.43   	 90.80   	 -81.38		
-20.45   	-32.35   	 90.48   	 -81.38		
-21.06   	-35.10   	 90.15   	-101.73		
-21.67   	-38.76   	 89.75   	-127.16		
-21.97   	-42.42   	 89.24   	-122.07		
-22.28   	-44.56   	 88.75   	 -96.64		
-23.19   	-44.25   	 88.36   	 -86.47		
-25.33   	-42.72   	 88.02   	-101.73		
-27.77   	-41.81   	 87.61   	-122.07		
-29.30   	-43.03   	 87.12   	-116.99		
-28.99   	-44.56   	 86.65   	 -81.38		
-25.94   	-45.17   	 86.33   	 -81.38		
-22.28   	-44.56   	 86.00   	-101.73		
-19.84   	-44.25   	 85.59   	 -96.64		
-20.14   	-46.08   	 85.21   	 -66.12		
-22.28   	-49.44   	 84.94   	 -55.95		
-24.41   	-52.19   	 84.72   	-122.07		
-25.02   	-53.10   	 84.23   	-183.11		
-25.33   	-52.49   	 83.50   	-132.25		
-26.25   	-52.19   	 82.97   	 -66.12		
-28.08   	-52.49   	 82.71   	 -66.12		
-29.30   	-53.41   	 82.44   	 -45.78		
-29.30   	-53.10   	 82.26   	 -50.86		
-27.77   	-51.88   	 82.05   	-111.90		
-26.55   	-50.05   	 81.61   	 -91.56		
-25.94   	-48.22   	 81.24   	 -50.86		
-25.94   	-46.08   	 81.04   	 -20.35		
-25.02   	-43.95   	 80.96   	 -66.12		
-23.80   	-43.33   	 80.69   	-111.90		
-21.97   	-44.86   	 80.24   	-106.82		
-21.36   	-49.44   	 79.82   	-101.73		
-22.28   	-55.24   	 79.41   	 -91.56		
-24.11   	-59.20   	 79.04   	 -50.86		
-25.94   	-58.59   	 78.84   	 -71.21		
-26.86   	-53.10   	 78.56   	 -81.38		
-26.86   	-44.25   	 78.23   	 -76.30		
-25.94   	-36.01   	 77.92   	 -66.12		
-23.80   	-30.82   	 77.66   	 -61.04		
-19.84   	-28.38   	 77.42   	 -66.12		
-14.34   	-27.16   	 77.15   	-127.16		
 -8.85   	-24.72   	 76.64   	-147.51		
 -4.58   	-20.75   	 76.05   	-116.99		
 -2.75   	-16.78   	 75.58   	 -61.04		
 -1.22   	-13.43   	 75.34   	 -71.21		
  1.22   	-11.29   	 75.06   	 -66.12		
  4.58   	 -9.16   	 74.79   	 -10.17		
  7.63   	 -6.71   	 74.75   	 -15.26		
  8.85   	 -5.49   	 74.69   	 -50.86		
  8.85   	 -6.71   	 74.49   	 -55.95		
  8.85   	-11.60   	 74.26   	 -20.35		
  9.77   	-18.92   	 74.18   	 -10.17		
 10.38   	-26.25   	 74.14   	 -45.78		
  8.85   	-31.13   	 73.96   	 -50.86		
  3.97   	-31.13   	 73.75   	 -50.86		
 -2.14   	-26.55   	 73.55   	 -76.30		
 -5.80   	-19.23   	 73.24   	 -91.56		
 -5.49   	-13.43   	 72.88   	 -35.61		
 -2.14   	-12.51   	 72.74   	  25.43		
  0.92   	-17.09   	 72.84   	 -30.52		
  0.92   	-24.11   	 72.72   	 -86.47		
 -2.14   	-29.60   	 72.37   	 -76.30		
 -6.10   	-30.82   	 72.06   	 -50.86		
 -8.54   	-27.77   	 71.86   	 -40.69		
 -8.24   	-24.11   	 71.70   	 -20.35		
 -5.80   	-22.28   	 71.62   	 -50.86		
 -2.44   	-24.11   	 71.41   	 -71.21		
  0.92   	-28.08   	 71.13   	 -55.95		
  3.05   	-32.96   	 70.91   	 -45.78		
  3.66   	-38.15   	 70.72   	 -50.86		
  0.92   	-43.33   	 70.52   	 -40.69		
 -6.10   	-47.61   	 70.36   	 -25.43		
-16.17   	-50.35   	 70.25   	 -20.35		
-25.33   	-50.05   	 70.17   	 -35.61		
-31.13   	-46.39   	 70.03   	 -55.95		
-32.04   	-41.50   	 69.81   	 -76.30		
-30.82   	-38.76   	 69.50   	 -76.30		
-29.91   	-39.67   	 69.20   	 -55.95		
-31.13   	-43.33   	 68.97   	 -40.69		
-33.87   	-46.39   	 68.81   	 -25.43		
-35.71   	-47.30   	 68.71   	 -20.35		
-35.40   	-45.17   	 68.63   	 -30.52		
-33.57   	-40.89   	 68.50   	 -45.78		
-30.82   	-37.23   	 68.32   	 -45.78		
-27.77   	-35.71   	 68.14   	 -55.95		
-25.94   	-36.32   	 67.91   	 -55.95		
-25.63   	-38.76   	 67.69   	 -55.95		
-26.86   	-40.89   	 67.47   	 -66.12		
-28.99   	-41.20   	 67.20   	 -55.95		
-30.82   	-39.06   	 66.98   	 -35.61		
-31.43   	-34.79   	 66.84   	 -45.78		
-30.82   	-31.13   	 66.65   	 -66.12		
-29.60   	-28.69   	 66.39   	 -71.21		
-28.38   	-27.47   	 66.10   	-101.73		
-26.86   	-27.16   	 65.70   	-101.73		
-25.02   	-27.16   	 65.29   	 -81.38		
-23.50   	-26.25   	 64.96   	 -35.61		
-22.89   	-25.33   	 64.82   	  30.52		
-24.72   	-23.80   	 64.94   	  30.52		
-31.13   	-19.53   	 65.07   	   0.00		
-44.56   	-10.68   	 65.07   	 -20.35		
-64.39   	  3.97   	 64.98   	 -30.52		
-82.70   	 25.02   	 64.86   	   0.00		
-82.40   	 60.73   	 64.86   	  15.26		
-37.84   	127.26   	 64.92   	  10.17		
 73.55   	244.45   	 64.96   	 -10.17		
257.57   	422.97   	 64.92   	 -35.61		
495.91   	651.55   	 64.78   	 -30.52		
748.29   	890.20   	 64.66   	 -30.52		
965.27   	1080.32   	 64.54   	 -40.69		
1104.43   	1168.52(R)	 64.37   	 -40.69		
1142.27   	1127.01   	 64.21   	 -20.35		
1076.05   	967.41   	 64.13   	 -10.17		
917.05   	739.75   	 64.09   	 -30.52		
693.36   	510.86   	 63.97   	 -35.61		
449.22   	333.25   	 63.82(D)	  15.26		
235.60   	226.14   	 63.89   	  86.47		
 91.25   	172.42   	 64.23   	 137.33		
 27.47   	139.16   	 64.78   	 264.50		
 20.45   	100.71   	 65.84   	 493.39		
 28.99   	 50.66   	 67.81   	 732.45		
 23.50   	 -0.31   	 70.74   	 762.97		
 -1.53   	-38.15   	 73.79   	 569.68		
-31.13   	-57.98   	 76.07   	 345.88		
-50.66   	-64.70   	 77.46   	-386.57		
-56.46   	-68.36   	 75.91   	-493.39		
-54.63   	-74.77   	 73.94   	1139.36		
-53.10   	-83.92   	 78.49   	1983.72		
-54.63   	-92.16   	 86.43   	 940.99		
-58.29   	-96.74   	 90.19   	-142.42		
-61.34   	-97.96   	 89.62   	  45.78		
-62.87   	-97.96   	 89.81   	 371.31		
-62.56   	-98.57   	 91.29   	-452.69		
-61.65   	-99.18   	 89.48   	  76.30		
-58.90   	-98.57   	 89.79   	1307.22		
-55.85   	-96.74   	 95.01   	 233.98		
-54.32   	-94.91   	 95.95   	-1154.62		
-54.93   	-95.83   	 91.33   	-183.11		
-57.68   	-99.49   	 90.60   	 661.24		
-60.12   	-104.68   	 93.24   	 -81.38		
-59.51   	-108.03   	 92.92   	 -10.17		
-55.24   	-106.81   	 92.88   	 610.37		
-49.44   	-102.54   	 95.32   	 544.25		
-46.39   	-97.96   	 97.50   	 615.46		
-47.30   	-96.13   	 99.96   	 493.39		
-49.44   	-96.74   	101.93   	-233.98		
-49.74   	-96.74   	101.00   	  35.61		
-47.30   	-93.99   	101.14   	1215.66		
-43.33   	-89.11   	106.00   	 518.82		
-40.59   	-83.31   	108.08   	-691.76		
-39.67   	-79.04   	105.31   	 406.92		
-39.37   	-77.21   	106.94   	1225.83		
-39.06   	-77.21   	111.84   	  30.52		
-37.84   	-78.13   	111.96   	-274.67		
-36.32   	-79.04   	110.86   	 610.37		
-35.10   	-78.13   	113.31   	 178.03		
-33.57   	-75.07   	114.02   	-274.67		
-30.52   	-69.89   	112.92   	 412.00		
-25.33   	-63.78   	114.57   	 610.37		
-19.23   	-57.68   	117.01   	 -71.21		
-13.43   	-53.10   	116.72   	-437.43		
-10.07   	-49.74   	114.97   	 233.98		
 -8.85   	-46.69   	115.91   	 666.32		
 -8.24   	-42.11   	118.58   	 137.33		
 -5.80   	-35.10   	119.12   	-111.90		
 -1.22   	-26.55   	118.68   	 264.50		
  3.66   	-19.53   	119.74   	 147.51		
  7.32   	-15.56   	120.33   	 -96.64		
 10.38   	-14.34   	119.94   	 101.73		
 15.56   	-11.29   	120.35   	 203.46		
 24.41   	 -3.97   	121.16   	 -76.30		
 36.62   	  8.24   	120.85   	  50.86		
 48.22   	 21.06   	121.06   	 289.93		
 55.54   	 31.74   	122.22   	  20.35		
 58.59   	 38.76   	122.30   	-137.33		
 61.04   	 45.78   	121.75   	  10.17		
 66.22   	 55.54   	121.79   	 127.16		
 75.07   	 68.36   	122.30   	 101.73		
 84.23   	 81.18   	122.71   	  10.17		
 88.81   	 90.64   	122.75   	  30.52		
 86.67   	 94.30   	122.87   	  50.86		
 79.04   	 92.47   	123.07   	 -15.26		
 68.97   	 87.28   	123.01   	  40.69		
 60.42   	 81.48   	123.17   	 111.90		
 54.02   	 75.99   	123.62   	 -66.12		
 47.91   	 69.58   	123.36   	-162.77		
 40.28   	 61.65   	122.71   	  25.43		
 30.52   	 51.57   	122.81   	   5.09		
 20.45   	 41.20   	122.83   	-203.46		
 12.21   	 32.65   	122.01   	-157.68		
  5.49   	 26.25   	121.38   	 -96.64		
 -0.31   	 20.45   	121.00   	-213.63		
 -6.41   	 13.43   	120.14   	-305.19		
-11.90   	  4.88   	118.92   	-269.58		
-16.17   	 -3.97   	117.84   	-289.93		
-18.62   	-11.29   	116.68   	-447.61		
-20.14   	-15.26   	114.89   	-518.82		
-21.97   	-16.78   	112.82   	-513.73		
-24.11   	-17.70   	110.76   	-534.08		
-25.94   	-19.53   	108.63   	-544.25		
-28.08   	-22.58   	106.45   	-600.20		
-29.30   	-25.94   	104.05   	-401.83		
-28.69   	-27.77   	102.44   	 579.86		
-26.55   	-26.86   	104.76   	1149.54		
-23.19   	-24.41   	109.36   	 162.77		
-20.75   	-22.28   	110.01   	-900.30		
-20.75   	-21.97   	106.41   	  N/A		
