  I     	  II     	  LVp     	  LVp'		
-151.67   	-122.99   	  1.40   	   0.00		
-67.44   	-101.01   	  1.40   	   0.00		
-44.86   	-78.74   	  1.40   	   0.00		
-64.39   	-67.75   	  1.40   	   0.00		
-90.94   	-67.44   	  1.40   	   0.00		
-104.68   	-74.77   	  1.40   	   5.09		
-105.90   	-86.06   	  1.42   	   0.00		
-103.76   	-96.74   	  1.42   	   0.00		
-103.45   	-101.93   	  1.42   	   0.00		
-104.37   	-101.01   	  1.42   	   0.00		
-104.06   	-94.91   	  1.42   	   0.00		
-101.93   	-88.20   	  1.42   	   0.00		
-98.88   	-84.23   	  1.42   	   0.00		
-95.83   	-83.31   	  1.42   	   5.09		
-93.38   	-83.62   	  1.44   	   0.00		
-90.64   	-83.62   	  1.44   	  -5.09		
-87.89   	-83.31   	  1.42   	   0.00		
-84.53   	-83.01   	  1.42   	   0.00		
-80.87   	-82.09   	  1.42   	   0.00		
-76.60   	-79.96   	  1.42   	   0.00		
-70.80   	-74.77   	  1.42   	   0.00		
-63.48   	-66.53   	  1.42   	   0.00		
-56.46   	-57.37   	  1.42   	   0.00		
-50.96   	-48.52   	  1.42   	  -5.09		
-47.91   	-41.81   	  1.40   	   0.00		
-45.17   	-37.54   	  1.40   	   0.00		
-40.89   	-34.18   	  1.40   	   0.00		
-34.79   	-29.91   	  1.40   	   0.00		
-27.77   	-23.50   	  1.40   	   0.00		
-21.06   	-14.65   	  1.40   	   0.00		
-15.26   	 -5.19   	  1.40   	   0.00		
 -9.77   	  3.97   	  1.40   	   0.00		
 -4.27   	 11.29   	  1.40   	   0.00		
  2.14   	 17.09   	  1.40   	   0.00		
  8.85   	 21.97   	  1.40   	   5.09		
 16.48   	 27.77   	  1.42   	   5.09		
 25.33   	 35.10   	  1.44   	   0.00		
 34.79   	 45.47   	  1.44   	   5.09		
 44.56   	 59.20   	  1.46   	   5.09		
 53.71   	 74.77   	  1.49   	   0.00		
 61.95   	 89.72   	  1.49   	   5.09		
 68.97   	101.93   	  1.51   	   5.09		
 75.38   	111.08   	  1.53   	   0.00		
 82.09   	118.71   	  1.53   	   5.09		
 88.81   	127.26   	  1.55   	   0.00		
 93.99   	136.72   	  1.55   	   0.00		
 97.66   	147.09   	  1.55   	   0.00		
100.40   	157.47   	  1.55   	  -5.09		
102.54   	167.24   	  1.53   	   0.00		
105.59   	175.78   	  1.53   	  -5.09		
108.95   	182.80   	  1.51   	   0.00		
111.69   	186.77   	  1.51   	  -5.09		
113.83   	187.38   	  1.49   	  -5.09		
114.14   	184.94   	  1.46   	  -5.09		
112.61   	180.97   	  1.44   	  -5.09		
107.42   	175.48   	  1.42   	  -5.09		
 97.35   	166.63   	  1.40   	  -5.09		
 82.09   	152.28   	  1.38   	  -5.09		
 63.48   	131.53   	  1.36   	   0.00		
 45.78   	107.73   	  1.36   	  -5.09		
 31.43   	 84.53   	  1.34   	   0.00		
 19.84   	 65.31   	  1.34   	   0.00		
  9.16   	 50.35   	  1.34   	   0.00		
 -3.36   	 35.40   	  1.34   	   0.00		
-17.40   	 18.01   	  1.34   	   0.00		
-30.52   	 -2.75   	  1.34   	   5.09		
-41.50   	-24.11   	  1.36   	   0.00		
-48.52   	-42.11   	  1.36   	   5.09		
-52.49   	-54.32   	  1.38   	   5.09		
-54.93   	-60.73   	  1.40   	   0.00		
-57.37   	-63.78   	  1.40   	   5.09		
-60.73   	-66.22   	  1.42   	   5.09		
-65.31   	-69.58   	  1.44   	   5.09		
-69.27   	-73.85   	  1.46   	   5.09		
-70.80   	-77.51   	  1.49   	   5.09		
-70.50   	-79.96   	  1.51   	   0.00		
-70.50   	-82.40   	  1.51   	   5.09		
-72.63   	-85.14   	  1.53   	   0.00		
-76.90   	-88.81   	  1.53   	   5.09		
-80.57   	-91.25   	  1.55   	   0.00		
-80.57   	-92.16   	  1.55   	   0.00		
-76.60   	-91.55   	  1.55   	   0.00		
-71.41   	-90.33   	  1.55   	   0.00		
-68.36   	-89.72   	  1.55   	  -5.09		
-68.66   	-88.81   	  1.53   	   0.00		
-70.80   	-87.59   	  1.53   	  -5.09		
-71.72   	-85.75   	  1.51   	  -5.09		
-71.11   	-83.92   	  1.49   	   0.00		
-69.89   	-83.31   	  1.49   	  -5.09		
-70.50   	-84.23   	  1.46   	  -5.09		
-72.94   	-86.67   	  1.44   	   0.00		
-75.68   	-91.86   	  1.44   	  -5.09		
-76.90   	-98.27   	  1.42   	   0.00		
-76.29   	-104.37   	  1.42   	   0.00		
-75.07   	-107.12   	  1.42   	  -5.09		
-74.46   	-105.59   	  1.40   	   0.00		
-75.07   	-101.62   	  1.40   	   0.00		
-76.29   	-98.27   	  1.40   	   5.09		
-76.60   	-97.96   	  1.42   	   0.00		
-75.38   	-100.10   	  1.42   	   0.00		
-72.63   	-101.01   	  1.42   	   0.00		
-68.36   	-97.66   	  1.42   	   0.00		
-62.56   	-89.72   	  1.42   	   5.09		
-54.32   	-78.43   	  1.44   	   0.00		
-43.64   	-63.48   	  1.44   	   0.00		
-31.13   	-45.17   	  1.44   	   5.09		
-19.53   	-25.63   	  1.46   	   0.00		
-11.60   	 -9.46   	  1.46   	   0.00		
 -9.46   	 -3.05   	  1.46   	   5.09		
-11.90   	 -7.32   	  1.49   	   0.00		
-14.65   	-17.09   	  1.49   	   0.00		
-12.51   	-22.28   	  1.49   	   0.00		
 -2.75   	-15.87   	  1.49   	   5.09		
 13.12   	  0.61   	  1.51   	   0.00		
 31.43   	 18.01   	  1.51   	   0.00		
 45.47   	 25.94   	  1.51   	   5.09		
 51.57   	 19.23   	  1.53   	   0.00		
 50.05   	 -0.31   	  1.53   	   0.00		
 42.42   	-25.63   	  1.53   	   0.00		
 32.96   	-50.66   	  1.53   	   0.00		
 24.72   	-71.72   	  1.53   	   0.00		
 18.01   	-87.59   	  1.53   	   0.00		
 11.29   	-97.96   	  1.53   	   0.00		
  2.75   	-104.06   	  1.53   	   0.00		
-10.38   	-107.12   	  1.53   	   0.00		
-28.99   	-109.86   	  1.53   	  -5.09		
-51.57   	-113.83   	  1.51   	   0.00		
-75.07   	-119.63   	  1.51   	   0.00		
-95.52   	-127.56   	  1.51   	   0.00		
-109.86   	-136.72   	  1.51   	   0.00		
-116.88   	-145.87   	  1.51   	  -5.09		
-118.10   	-152.89   	  1.49   	   0.00		
-115.05   	-155.94   	  1.49   	   0.00		
-111.39   	-155.03   	  1.49   	   0.00		
-110.47   	-152.28   	  1.49   	   0.00		
-114.44   	-150.76   	  1.49   	   0.00		
-120.54   	-151.67   	  1.49   	   0.00		
-124.51   	-153.20   	  1.49   	   5.09		
-123.29   	-153.81   	  1.51   	   0.00		
-118.41   	-153.50   	  1.51   	   0.00		
-114.14   	-155.03   	  1.51   	   0.00		
-109.86   	-159.00   	  1.51   	   0.00		
-95.21   	-161.44   	  1.51   	   0.00		
-52.49   	-154.72   	  1.51   	   0.00		
 35.10   	-130.31   	  1.51   	   0.00		
173.34   	-78.74   	  1.51   	   0.00		
355.53   	  9.16   	  1.51   	   0.00		
564.27   	143.13   	  1.51   	   5.09		
771.48   	326.54   	  1.53   	   0.00		
935.36   	538.64   	  1.53   	   0.00		
1000.67   	725.10   	  1.53   	   0.00		
913.70   	817.26(R)	  1.53   	   0.00		
661.32   	769.35   	  1.53   	   0.00		
298.46   	588.99   	  1.53   	   0.00		
-63.17   	337.83   	  1.53   	   0.00		
-306.70   	101.93   	  1.53   	   5.09		
-375.67   	-57.07   	  1.55   	   0.00		
-303.65   	-127.87   	  1.55   	   0.00		
-180.05   	-134.89   	  1.55   	   0.00		
-88.50   	-114.44   	  1.55   	   0.00		
-60.42   	-93.99   	  1.55   	  -5.09		
-78.13   	-82.40   	  1.53   	   0.00		
-105.59   	-78.13   	  1.53   	   0.00		
-120.85   	-78.13   	  1.53   	   0.00		
-122.68   	-81.79   	  1.53   	   0.00		
-119.02   	-87.28   	  1.53   	   0.00		
-115.97   	-93.99   	  1.53   	   0.00		
-114.14   	-100.71   	  1.53   	  -5.09		
-112.61   	-106.51   	  1.51   	   0.00		
-111.08   	-109.86   	  1.51   	   0.00		
-108.64   	-110.47   	  1.51   	   0.00		
-105.29   	-106.81   	  1.51   	   0.00		
-101.62   	-98.88   	  1.51   	   0.00		
-98.57   	-88.81   	  1.51   	   0.00		
-95.83   	-79.04   	  1.51   	   0.00		
-93.08   	-73.24   	  1.51   	   0.00		
-89.42   	-72.02   	  1.51   	   0.00		
-83.92   	-73.24   	  1.51   	   0.00		
-78.43   	-74.77   	  1.51   	   0.00		
-74.46   	-74.16   	  1.51   	   0.00		
-72.63   	-70.80   	  1.51   	   0.00		
-71.11   	-66.22   	  1.51   	   0.00		
-68.66   	-60.12   	  1.51   	   0.00		
-63.48   	-52.80   	  1.51   	   0.00		
-54.63   	-42.42   	  1.51   	   0.00		
-43.33   	-30.21   	  1.51   	   0.00		
-32.04   	-18.92   	  1.51   	   0.00		
-23.50   	-10.68   	  1.51   	   0.00		
-17.70   	 -6.10   	  1.51   	   5.09		
-12.51   	 -2.75   	  1.53   	   0.00		
 -5.49   	  3.36   	  1.53   	   0.00		
  3.66   	 13.73   	  1.53   	   0.00		
 13.43   	 26.25   	  1.53   	   0.00		
 21.97   	 37.84   	  1.53   	   5.09		
 28.69   	 47.00   	  1.55   	   0.00		
 36.01   	 54.32   	  1.55   	   5.09		
 45.17   	 62.87   	  1.57   	   0.00		
 55.85   	 73.24   	  1.57   	   5.09		
 66.22   	 86.06   	  1.59   	   0.00		
 75.07   	 99.49   	  1.59   	   0.00		
 83.62   	113.22   	  1.59   	   5.09		
 93.08   	126.34   	  1.61   	   0.00		
103.15   	138.55   	  1.61   	   0.00		
113.22   	149.84   	  1.61   	   0.00		
122.07   	160.83   	  1.61   	   0.00		
128.78   	172.42   	  1.61   	   0.00		
133.97   	184.33   	  1.61   	   0.00		
138.24   	195.01   	  1.61   	   0.00		
140.38   	201.72   	  1.61   	  -5.09		
140.99   	203.55   	  1.59   	  -5.09		
140.38   	201.72   	  1.57   	   0.00		
138.85   	198.67   	  1.57   	  -5.09		
136.11   	196.23   	  1.55   	  -5.09		
130.92   	193.79   	  1.53   	   0.00		
122.38   	187.99   	  1.53   	  -5.09		
109.56   	175.48   	  1.51   	  -5.09		
 92.77   	155.94   	  1.49   	  -5.09		
 73.24   	131.53   	  1.46   	   0.00		
 53.41   	106.51   	  1.46   	   0.00		
 35.10   	 83.31   	  1.46   	  -5.09		
 19.84   	 63.17   	  1.44   	   0.00		
  7.63   	 44.56   	  1.44   	   0.00		
 -3.05   	 25.63   	  1.44   	   0.00		
-13.43   	  6.10   	  1.44   	   5.09		
-25.02   	-13.43   	  1.46   	   0.00		
-36.93   	-31.74   	  1.46   	   0.00		
-48.52   	-46.39   	  1.46   	   5.09		
-58.59   	-56.46   	  1.49   	   0.00		
-66.53   	-61.65   	  1.49   	   5.09		
-71.41   	-64.39   	  1.51   	   5.09		
-74.46   	-68.36   	  1.53   	   0.00		
-76.60   	-76.29   	  1.53   	   5.09		
-79.04   	-87.89   	  1.55   	   0.00		
-81.48   	-98.57   	  1.55   	   5.09		
-83.01   	-103.45   	  1.57   	   5.09		
-82.70   	-101.32   	  1.59   	   0.00		
-80.57   	-94.60   	  1.59   	   5.09		
-77.51   	-88.20   	  1.61   	   0.00		
-74.16   	-84.84   	  1.61   	   0.00		
-71.41   	-85.14   	  1.61   	   0.00		
-70.19   	-87.28   	  1.61   	   0.00		
-70.50   	-89.72   	  1.61   	   0.00		
-72.33   	-93.08   	  1.61   	   0.00		
-74.77   	-97.05   	  1.61   	   0.00		
-77.21   	-100.10   	  1.61   	   0.00		
-78.43   	-101.32   	  1.61   	   0.00		
-78.74   	-100.40   	  1.61   	  -5.09		
-77.82   	-97.66   	  1.59   	   0.00		
-76.29   	-95.21   	  1.59   	   0.00		
-73.85   	-94.60   	  1.59   	  -5.09		
-71.41   	-96.44   	  1.57   	   0.00		
-70.19   	-99.49   	  1.57   	   0.00		
-71.11   	-104.06   	  1.57   	   0.00		
-73.85   	-108.95   	  1.57   	  -5.09		
-75.38   	-112.61   	  1.55   	   0.00		
-74.46   	-114.14   	  1.55   	   0.00		
-71.11   	-113.83   	  1.55   	   0.00		
-68.05   	-112.30   	  1.55   	   0.00		
-67.75   	-111.08   	  1.55   	   0.00		
-69.58   	-110.47   	  1.55   	   0.00		
-70.50   	-109.25   	  1.55   	  -5.09		
-68.66   	-106.51   	  1.53   	   0.00		
-63.78   	-101.01   	  1.53   	   5.09		
-57.07   	-92.16   	  1.55   	   0.00		
-49.74   	-79.04   	  1.55   	   0.00		
-40.28   	-61.04   	  1.55   	   0.00		
-28.08   	-41.20   	  1.55   	   0.00		
-15.56   	-25.02   	  1.55   	   0.00		
 -6.71   	-18.31   	  1.55   	   5.09		
 -3.97   	-22.89   	  1.57   	   0.00		
 -5.80   	-32.65   	  1.57   	   5.09		
 -5.49   	-36.62   	  1.59   	   0.00		
  2.14   	-27.16   	  1.59   	   5.09		
 18.01   	 -5.80   	  1.61   	   0.00		
 36.93   	 16.17   	  1.61   	   0.00		
 51.27   	 25.33   	  1.61   	   5.09		
 56.15   	 14.95   	  1.63   	   0.00		
 51.27   	-11.60   	  1.63   	   5.09		
 40.28   	-44.56   	  1.65   	   0.00		
 27.47   	-74.16   	  1.65   	   0.00		
 17.40   	-94.91   	  1.65   	   0.00		
 10.07   	-106.81   	  1.65   	   0.00		
  4.58   	-112.30   	  1.65   	   0.00		
 -1.83   	-115.05   	  1.65   	   0.00		
-12.82   	-118.10   	  1.65   	  -5.09		
-30.52   	-123.90   	  1.63   	   0.00		
-53.10   	-133.36   	  1.63   	   0.00		
-76.29   	-144.35   	  1.63   	  -5.09		
-95.21   	-154.11   	  1.61   	   0.00		
-106.81   	-161.44   	  1.61   	   0.00		
-112.00   	-166.02   	  1.61   	  -5.09		
-114.44   	-169.68   	  1.59   	   0.00		
-117.19   	-174.87   	  1.59   	  -5.09		
-120.24   	-180.36   	  1.57   	   0.00		
-122.07   	-182.50   	  1.57   	   0.00		
-121.15   	-178.53   	  1.57   	  -5.09		
-117.49   	-167.85   	  1.55   	   0.00		
-112.00   	-154.11   	  1.55   	   0.00		
-108.34   	-144.35   	  1.55   	   0.00		
-109.56   	-145.26   	  1.55   	  -5.09		
-115.36   	-156.56   	  1.53   	   5.09		
-119.02   	-171.51   	  1.55   	   0.00		
-106.20   	-180.97   	  1.55   	   0.00		
-57.07   	-175.78   	  1.55   	   0.00		
 44.56   	-148.62   	  1.55   	   0.00		
202.33   	-92.77   	  1.55   	   5.09		
405.88   	  1.53   	  1.57   	   0.00		
632.02   	144.04   	  1.57   	   0.00		
846.25   	332.95   	  1.57   	   5.09		
1002.20   	538.94   	  1.59   	   0.00		
1042.18   	703.13   	  1.59   	   0.00		
918.88   	763.24(R)	  1.59   	   5.09		
632.63   	689.39   	  1.61   	   0.00		
253.91   	505.37   	  1.61   	   0.00		
-97.35   	277.71   	  1.61   	   0.00		
-312.19   	 78.43   	  1.61   	   5.09		
-354.00   	-54.02   	  1.63   	   0.00		
-273.74   	-121.77   	  1.63   	   0.00		
-163.88   	-144.96   	  1.63   	   0.00		
-93.99   	-142.82   	  1.63   	  -5.09		
-79.35   	-127.87   	  1.61   	   0.00		
-95.52   	-108.95   	  1.61   	   0.00		
-112.30   	-95.52   	  1.61   	   0.00		
-119.32   	-93.99   	  1.61   	  -5.09		
-120.24   	-103.76   	  1.59   	   0.00		
-120.24   	-116.58   	  1.59   	  -5.09		
-120.54   	-123.90   	  1.57   	   0.00		
-119.02   	-124.21   	  1.57   	   0.00		
-116.58   	-120.24   	  1.57   	  -5.09		
-114.75   	-115.36   	  1.55   	   0.00		
-113.53   	-111.39   	  1.55   	   0.00		
-112.00   	-108.95   	  1.55   	   0.00		
-109.56   	-107.12   	  1.55   	   5.09		
-106.51   	-104.37   	  1.57   	   0.00		
-103.15   	-100.10   	  1.57   	   0.00		
-99.18   	-95.21   	  1.57   	   0.00		
-94.60   	-91.86   	  1.57   	  -5.09		
-88.81   	-90.33   	  1.55   	   0.00		
-83.01   	-90.03   	  1.55   	   0.00		
-77.51   	-89.11   	  1.55   	   0.00		
-72.02   	-84.53   	  1.55   	   0.00		
-67.14   	-75.99   	  1.55   	   0.00		
-62.26   	-65.61   	  1.55   	   0.00		
-57.37   	-56.76   	  1.55   	   5.09		
-52.80   	-51.88   	  1.57   	   0.00		
-47.91   	-50.35   	  1.57   	  -5.09		
-41.20   	-49.44   	  1.55   	   0.00		
-33.26   	-45.47   	  1.55   	   0.00		
-24.41   	-37.54   	  1.55   	   0.00		
-15.56   	-26.55   	  1.55   	   0.00		
 -7.63   	-15.87   	  1.55   	  -5.09		
  0.00   	 -7.02   	  1.53   	  -5.09		
  7.93   	  0.61   	  1.51   	  -5.09		
 18.62   	  8.54   	  1.49   	  -5.09		
 31.43   	 18.62   	  1.46   	  -5.09		
 45.17   	 30.52   	  1.44   	  -5.09		
 57.07   	 42.42   	  1.42   	  -5.09		
 65.92   	 52.49   	  1.40   	  -5.09		
 72.33   	 61.34   	  1.38   	  -5.09		
 79.35   	 71.11   	  1.36   	   0.00		
 88.81   	 83.92   	  1.36   	  -5.09		
100.40   	100.40   	  1.34   	   0.00		
111.39   	118.10   	  1.34   	   5.09		
120.54   	132.75   	  1.36   	   0.00		
127.56   	143.13   	  1.36   	   5.09		
133.67   	151.98   	  1.38   	  10.17		
139.16   	161.13   	  1.42   	  10.17		
142.82   	171.81   	  1.46   	  10.17		
143.13   	181.88   	  1.51   	  10.17		
140.38   	187.68   	  1.55   	  10.17		
136.72   	187.38   	  1.59   	  15.26		
133.36   	181.58   	  1.65   	  15.26		
128.78   	172.42   	  1.71   	  10.17		
120.85   	161.13   	  1.75   	  15.26		
106.81   	148.01   	  1.81   	  10.17		
 87.89   	131.53   	  1.85   	  10.17		
 67.14   	111.08   	  1.89   	  10.17		
 46.69   	 86.67   	  1.93   	   5.09		
 27.77   	 60.73   	  1.95   	   5.09		
 10.99   	 37.23   	  1.97   	   5.09		
 -3.66   	 17.09   	  1.99   	   5.09		
-16.48   	  0.00   	  2.01   	   0.00		
-28.08   	-16.78   	  2.01   	  -5.09		
-39.67   	-34.79   	  1.99   	   0.00		
-51.88   	-53.71   	  1.99   	  -5.09		
-63.48   	-70.50   	  1.97   	  -5.09		
-72.02   	-82.40   	  1.95   	  -5.09		
-77.21   	-88.50   	  1.93   	  -5.09		
-80.57   	-90.33   	  1.91   	 -10.17		
-83.92   	-91.55   	  1.87   	  -5.09		
-87.59   	-95.52   	  1.85   	  -5.09		
-91.25   	-103.76   	  1.83   	  -5.09		
-93.69   	-113.53   	  1.81   	  -5.09		
-93.99   	-120.54   	  1.79   	  -5.09		
-92.77   	-122.38   	  1.77   	  -5.09		
-91.25   	-120.85   	  1.75   	   0.00		
-90.64   	-120.24   	  1.75   	   0.00		
-90.64   	-123.29   	  1.75   	  -5.09		
-91.86   	-128.17   	  1.73   	   0.00		
-93.69   	-130.62   	  1.73   	   0.00		
-94.60   	-128.17   	  1.73   	   0.00		
-94.30   	-121.77   	  1.73   	   0.00		
-93.08   	-115.97   	  1.73   	   0.00		
-90.94   	-114.44   	  1.73   	   0.00		
-88.50   	-116.58   	  1.73   	  -5.09		
-86.67   	-119.63   	  1.71   	   0.00		
-86.36   	-121.77   	  1.71   	   0.00		
-87.59   	-122.38   	  1.71   	   0.00		
-90.03   	-123.90   	  1.71   	   0.00		
-91.86   	-127.56   	  1.71   	   0.00		
-91.25   	-133.36   	  1.71   	   0.00		
-88.20   	-138.85   	  1.71   	   0.00		
-83.92   	-141.91   	  1.71   	  -5.09		
-80.57   	-141.91   	  1.69   	   0.00		
-79.65   	-139.77   	  1.69   	   0.00		
-80.26   	-138.24   	  1.69   	  -5.09		
-81.18   	-139.77   	  1.67   	   0.00		
-80.57   	-143.13   	  1.67   	   0.00		
-78.74   	-146.48   	  1.67   	  -5.09		
-77.82   	-146.48   	  1.65   	   0.00		
-78.74   	-142.82   	  1.65   	  -5.09		
-81.79   	-137.94   	  1.63   	   0.00		
-84.23   	-134.89   	  1.63   	   0.00		
-83.92   	-134.89   	  1.63   	  -5.09		
-79.04   	-135.19   	  1.61   	   0.00		
-69.89   	-131.23   	  1.61   	   0.00		
-58.29   	-119.93   	  1.61   	   0.00		
-48.22   	-101.93   	  1.61   	   0.00		
-40.89   	-79.65   	  1.61   	   0.00		
-37.54   	-57.98   	  1.61   	   0.00		
-35.71   	-41.81   	  1.61   	   0.00		
-33.87   	-35.10   	  1.61   	   0.00		
-30.52   	-39.37   	  1.61   	   0.00		
-24.72   	-50.05   	  1.61   	   0.00		
-16.48   	-58.29   	  1.61   	   0.00		
 -5.19   	-56.15   	  1.61   	   5.09		
  8.24   	-43.33   	  1.63   	   0.00		
 21.67   	-28.38   	  1.63   	   0.00		
 31.13   	-22.28   	  1.63   	   0.00		
 34.18   	-30.82   	  1.63   	   5.09		
 30.82   	-50.35   	  1.65   	   0.00		
 23.50   	-72.33   	  1.65   	   0.00		
 14.65   	-92.77   	  1.65   	   5.09		
  5.80   	-112.00   	  1.67   	   0.00		
 -3.05   	-130.62   	  1.67   	   0.00		
-13.43   	-147.71   	  1.67   	   5.09		
-26.25   	-159.30   	  1.69   	   0.00		
-42.11   	-164.18   	  1.69   	   0.00		
-58.90   	-164.79   	  1.69   	   5.09		
-73.55   	-165.41   	  1.71   	   0.00		
-84.84   	-168.46   	  1.71   	   0.00		
-93.99   	-172.73   	  1.71   	   0.00		
-102.54   	-175.48   	  1.71   	   5.09		
-111.69   	-177.00   	  1.73   	   0.00		
-119.32   	-178.83   	  1.73   	   0.00		
-122.99   	-182.80   	  1.73   	   5.09		
-122.38   	-188.29   	  1.75   	   5.09		
-119.93   	-192.87   	  1.77   	   5.09		
-118.10   	-194.09   	  1.79   	   5.09		
-118.10   	-193.18   	  1.81   	   5.09		
-119.63   	-192.87   	  1.83   	  -5.09		
-122.07   	-196.23   	  1.81   	  -5.09		
-126.65   	-203.86   	  1.79   	 -10.17		
-130.00   	-211.79   	  1.75   	 -20.35		
-120.24   	-212.40   	  1.67   	 -35.61		
-77.21   	-198.67   	  1.53   	 -40.69		
 17.70   	-163.88   	  1.36   	 -55.95		
172.73   	-99.18   	  1.14   	 -61.04		
376.89   	  6.41   	  0.90   	 -66.12		
603.94   	163.57   	  0.63   	 -71.21		
813.90   	368.96   	  0.35   	 -66.12		
957.64   	586.24   	  0.08   	 -66.12		
979.61   	750.73   	 -0.18   	 -55.95		
839.23   	800.48(R)	 -0.41   	 -45.78		
546.88   	715.33   	 -0.59   	 -30.52		
178.22   	529.17   	 -0.71   	 -10.17		
-149.84   	310.36   	 -0.75   	   5.09		
-337.83   	119.02   	 -0.73   	  30.52		
-361.33   	-20.14   	 -0.61   	  50.86		
-276.79   	-109.86   	 -0.41   	  71.21		
-173.03   	-158.69   	 -0.12   	  86.47		
-110.47   	-170.90   	  0.22   	 111.90		
-96.74   	-155.03   	  0.67   	 122.07		
-107.73   	-128.78   	  1.16   	 132.25		
-118.10   	-112.00   	  1.69   	 142.42		
-121.15   	-115.36   	  2.26   	 137.33		
-121.46   	-132.75   	  2.81   	 137.33		
-122.07   	-148.62   	  3.36   	 127.16		
-119.93   	-152.28   	  3.87   	 111.90		
-112.92   	-144.96   	  4.31   	  96.64		
-102.54   	-134.28   	  4.70   	  66.12		
-93.38   	-127.56   	  4.96   	  40.69		
-89.11   	-127.26   	  5.13   	  15.26		
-89.11   	-131.23   	  5.19   	 -10.17		
-91.25   	-136.11   	  5.15   	 -45.78		
-92.16   	-138.55   	  4.96   	 -66.12		
-89.11   	-137.33   	  4.70   	 -91.56		
-83.31   	-132.14   	  4.33   	-111.90		
-75.99   	-123.90   	  3.89   	-127.16		
-68.97   	-112.00   	  3.38   	-137.33		
-62.56   	-97.66   	  2.83   	-137.33		
-57.07   	-83.62   	  2.28   	-132.25		
-52.80   	-74.46   	  1.75   	-122.07		
-50.66   	-73.85   	  1.26   	-111.90		
-50.05   	-81.48   	  0.81   	 -91.56		
-49.44   	-90.33   	  0.45   	 -66.12		
-46.69   	-91.25   	  0.18   	 -35.61		
-41.20   	-81.48   	  0.04   	 -15.26		
-33.26   	-65.00   	 -0.02   	  10.17		
-23.50   	-50.35   	  0.02   	  30.52		
-12.21   	-43.95   	  0.14   	  45.78		
 -0.92   	-44.56   	  0.33   	  61.04		
  8.85   	-45.47   	  0.57   	  61.04		
 15.87   	-40.59   	  0.81   	  66.12		
 20.75   	-29.60   	  1.08   	  66.12		
 26.25   	-16.78   	  1.34   	  50.86		
 33.57   	 -5.49   	  1.55   	  40.69		
 43.03   	  4.88   	  1.71   	  30.52		
 53.71   	 17.70   	  1.83   	  10.17		
 64.70   	 35.40   	  1.87   	   5.09		
 75.38   	 57.37   	  1.89   	 -10.17		
 85.14   	 77.82   	  1.85   	 -20.35		
 93.38   	 92.16   	  1.77   	 -25.43		
100.71   	100.40   	  1.67   	 -30.52		
108.03   	106.20   	  1.55   	 -30.52		
116.27   	112.61   	  1.42   	 -35.61		
124.51   	119.93   	  1.28   	 -30.52		
130.62   	126.95   	  1.16   	 -25.43		
134.28   	133.36   	  1.06   	 -20.35		
137.33   	142.21   	  0.98   	 -25.43		
140.69   	156.25   	  0.87   	 -15.26		
143.43   	173.34   	  0.81   	 -15.26		
142.21   	186.77   	  0.75   	 -10.17		
134.89   	189.82   	  0.71   	 -10.17		
122.38   	183.11   	  0.67   	 -10.17		
107.73   	170.59   	  0.63   	  -5.09		
 93.38   	155.64   	  0.61   	  -5.09		
 77.51   	137.94   	  0.59   	  -5.09		
 58.59   	113.83   	  0.57   	  -5.09		
 36.93   	 83.92   	  0.55   	   0.00		
 16.48   	 53.10   	  0.55   	   0.00		
  0.92   	 26.86   	  0.55   	   0.00		
 -9.16   	  5.49   	  0.55   	   0.00		
-17.70   	-14.65   	  0.55   	   5.09		
-28.69   	-36.01   	  0.57   	   5.09		
-43.03   	-56.15   	  0.59   	  10.17		
-57.98   	-70.19   	  0.63   	  15.26		
-69.58   	-75.07   	  0.69   	  20.35		
-75.68   	-74.77   	  0.77   	  25.43		
-77.21   	-75.07   	  0.87   	  30.52		
-76.60   	-80.26   	  1.00   	  40.69		
-75.38   	-90.03   	  1.16   	  40.69		
-74.77   	-100.40   	  1.32   	  45.78		
-75.38   	-108.34   	  1.51   	  45.78		
-77.51   	-112.00   	  1.69   	  45.78		
-80.87   	-111.69   	  1.87   	  40.69		
-85.14   	-110.47   	  2.03   	  40.69		
-88.81   	-110.78   	  2.20   	  30.52		
-90.64   	-112.61   	  2.32   	  25.43		
-90.33   	-114.75   	  2.42   	  15.26		
-88.50   	-115.66   	  2.48   	   0.00		
-87.59   	-114.14   	  2.48   	 -10.17		
-88.50   	-113.53   	  2.44   	 -20.35		
-90.33   	-115.97   	  2.36   	 -35.61		
-89.11   	-120.54   	  2.22   	 -50.86		
-83.31   	-122.68   	  2.01   	 -66.12		
-73.85   	-117.19   	  1.75   	 -81.38		
-63.17   	-104.06   	  1.42   	 -96.64		
-54.63   	-89.72   	  1.04   	-106.82		
-49.74   	-83.01   	  0.61   	-122.07		
-47.61   	-88.50   	  0.12   	-127.16		
-48.52   	-103.15   	 -0.39   	-132.25		
-51.88   	-117.80   	 -0.92   	-132.25		
-55.85   	-123.29   	 -1.44   	-127.16		
-57.07   	-118.41   	 -1.95   	-111.90		
-54.93   	-109.25   	 -2.40   	 -91.56		
-50.96   	-104.68   	 -2.77   	 -71.21		
-49.44   	-109.86   	 -3.05   	 -35.61		
-52.80   	-122.07   	 -3.19   	   0.00		
-59.51   	-133.06   	 -3.19   	  35.61		
-64.39   	-135.19   	 -3.05   	  81.38		
-64.70   	-128.17   	 -2.73   	 142.42		
-60.42   	-116.58   	 -2.16   	 213.63		
-54.93   	-107.42   	 -1.30   	 289.93		
-52.80   	-105.90   	 -0.14   	 366.22		
-55.54   	-111.69   	  1.32   	 432.35		
-61.34   	-120.24   	  3.05   	 473.04		
-67.75   	-126.04   	  4.94   	 488.30		
-72.33   	-124.51   	  6.90   	 483.21		
-72.02   	-113.83   	  8.83   	 447.61		
-65.92   	-94.91   	 10.62   	 386.57		
-55.24   	-72.02   	 12.17   	 315.36		
-42.72   	-48.52   	 13.43   	 233.98		
-33.26   	-28.69   	 14.36   	 152.59		
-29.91   	-14.65   	 14.97   	  86.47		
-31.74   	 -8.24   	 15.32   	  25.43		
-35.10   	 -7.32   	 15.42   	 -25.43		
-34.48   	 -6.41   	 15.32   	 -55.95		
-27.77   	  0.00   	 15.10   	 -86.47		
-16.48   	 12.51   	 14.75   	-106.82		
 -4.58   	 25.63   	 14.32   	-122.07		
  3.36   	 29.30   	 13.84   	-132.25		
  6.41   	 16.17   	 13.31   	-147.51		
  6.10   	-11.60   	 12.72   	-157.68		
  4.27   	-44.56   	 12.09   	-172.94		
  2.14   	-72.33   	 11.39   	-193.29		
 -0.61   	-89.72   	 10.62   	-203.46		
 -5.49   	-97.05   	  9.81   	-218.72		
-14.04   	-97.35   	  8.93   	-228.89		
-25.94   	-96.13   	  8.02   	-239.06		
-40.59   	-96.74   	  7.06   	-249.24		
-56.76   	-102.23   	  6.06   	-244.15		
-73.55   	-113.83   	  5.09   	-233.98		
-90.94   	-129.70   	  4.15   	-223.80		
-106.81   	-145.26   	  3.26   	-203.46		
-117.80   	-156.25   	  2.44   	-172.94		
-121.46   	-161.13   	  1.75   	-142.42		Beg---------
-118.71   	-162.66   	  1.18   	-106.82		
-113.22   	-163.88   	  0.75   	 -81.38		
-110.47   	-166.32   	  0.43   	 -50.86		
-110.47   	-168.46   	  0.22   	 -35.61		
-111.08   	-168.15   	  0.08   	 -10.17		
-109.25   	-164.49   	  0.04   	  -5.09		
-105.90   	-159.61   	  0.02   	  15.26		
-104.98   	-156.86   	  0.08   	  20.35		
-110.17   	-159.00   	  0.16   	  30.52		
-119.63   	-166.93   	  0.28   	  40.69		
-123.29   	-174.56   	  0.45   	  40.69		
-103.76   	-173.65   	  0.61   	  35.61		
-42.11   	-153.50   	  0.75   	  30.52		
 72.94   	-100.40   	  0.87   	  25.43		
238.95   	 -2.44   	  0.98   	  10.17		
438.23   	148.32   	  1.02   	  10.17		
638.43   	352.17   	  1.06   	  10.17		
798.34   	585.33   	  1.10   	  25.43		
870.06   	792.85   	  1.20   	  40.69		
809.02   	907.90(R)	  1.36   	  71.21		
601.50   	884.09   	  1.65   	 101.73		
287.78   	722.35   	  2.05   	 137.33		
-40.59   	475.46   	  2.60   	 162.77		
-278.93   	222.47   	  3.26   	 193.29		
-367.43   	 23.50   	  4.03   	 213.63		
-323.49   	-98.27   	  4.88   	 233.98		
-220.95   	-149.84   	  5.82   	 254.32		
-134.89   	-154.72   	  6.84   	 289.93		
-98.27   	-137.33   	  8.00   	 325.53		
-98.27   	-116.88   	  9.30   	 391.66		
-105.90   	-104.06   	 10.86   	 457.78		
-104.37   	-101.93   	 12.70   	 554.42		
-95.83   	-107.73   	 14.91   	 661.24		
-88.81   	-117.19   	 17.56   	 778.23		
-87.89   	-126.65   	 20.67   	 895.22		
-90.03   	-133.06   	 24.25   	1007.12		
-90.94   	-135.19   	 28.28   	1098.67		
-89.72   	-131.23   	 32.68   	1180.06		
-86.67   	-121.46   	 37.40   	1225.83		
-83.62   	-110.47   	 42.30   	1251.27		
-81.48   	-103.15   	 47.30   	1266.53		
-80.57   	-101.32   	 52.37   	1261.44		
-78.43   	-102.54   	 57.42   	1241.09		
-73.55   	-103.76   	 62.38   	1220.75		
-66.83   	-101.01   	 67.26   	1185.14		
-60.73   	-93.69   	 72.00   	1154.62		
-58.29   	-84.53   	 76.62   	1108.85		
-60.42   	-75.99   	 81.06   	1068.15		
-63.48   	-68.97   	 85.33   	1012.20		
-63.17   	-62.26   	 89.38   	 961.34		
-58.59   	-56.15   	 93.22   	 900.30		
-50.35   	-49.74   	 96.83   	 839.26		
-42.11   	-43.95   	100.18   	 778.23		
-35.10   	-39.06   	103.30   	 712.10		
-28.69   	-34.79   	106.14   	 640.89		
-22.28   	-28.69   	108.71   	 569.68		
-14.95   	-21.36   	110.99   	 493.39		
 -8.24   	-14.04   	112.96   	 432.35		
 -1.83   	 -7.32   	114.69   	 366.22		
  4.88   	 -0.61   	116.15   	 320.45		
 12.51   	  7.32   	117.44   	 284.84		
 21.06   	 18.62   	118.58   	 264.50		
 29.91   	 32.35   	119.63   	 264.50		
 38.15   	 46.08   	120.69   	 264.50		
 46.69   	 59.20   	121.75   	 274.67		
 55.24   	 73.55   	122.85   	 279.75		
 64.70   	 90.64   	123.97   	 279.75		
 74.46   	111.08   	125.09   	 269.58		
 83.92   	130.92   	126.16   	 254.32		
 92.47   	144.35   	127.18   	 233.98		
 99.49   	150.15   	128.12   	 213.63		
105.90   	153.81   	128.97   	 193.29		
113.22   	163.57   	129.75   	 183.11		
121.77   	181.88   	130.48   	 167.85		
130.62   	204.47   	131.15   	 162.77		
136.72   	222.47   	131.80   	 157.68		
138.24   	229.80   	132.43   	 152.59		
135.50   	227.66   	133.04   	 147.51		
129.39   	222.47   	133.63   	 142.42		
122.38   	220.03   	134.20   	 137.33		
113.83   	220.95   	134.75   	 127.16		
101.62   	220.03   	135.26   	 116.99		
 85.45   	210.88   	135.73   	 111.90		
 66.83   	188.90   	136.17   	 101.73		
 48.52   	155.03   	136.58   	  86.47		
 33.57   	116.27   	136.93   	  71.21		
 21.06   	 82.40   	137.21   	  55.95		
  7.93   	 58.29   	137.44   	  35.61		
 -7.93   	 42.72   	137.58   	  15.26		
-25.02   	 29.60   	137.64(S)	  -5.09		
-39.98   	 13.12   	137.62   	 -25.43		
-49.44   	 -7.63   	137.52   	 -50.86		
-53.41   	-28.99   	137.31   	 -66.12		
-55.24   	-45.17   	137.05   	 -86.47		
-57.37   	-54.32   	136.70   	-111.90		
-61.34   	-58.29   	136.26   	-137.33		
-65.31   	-60.42   	135.71   	-162.77		
-68.66   	-65.00   	135.06   	-193.29		
-70.50   	-70.19   	134.28   	-233.98		
-71.41   	-72.94   	133.35   	-284.84		
-72.02   	-71.72   	132.21   	-345.88		
-72.63   	-67.44   	130.82   	-417.09		
-73.24   	-64.09   	129.16   	-503.56		
-74.16   	-65.31   	127.14   	-595.11		
-75.38   	-70.50   	124.76   	-676.50		
-75.99   	-76.60   	122.05   	-752.79		
-75.68   	-80.87   	119.04   	-808.75		
-74.77   	-83.31   	115.81   	-869.78		
-74.46   	-84.84   	112.33   	-915.56		
-75.68   	-86.06   	108.67   	-971.51		
-78.74   	-85.75   	104.78   	-1022.38		
-81.79   	-83.01   	100.69   	-1083.41		
-82.70   	-77.82   	 96.36   	-1134.28		
-80.87   	-71.72   	 91.82   	-1185.14		
-76.90   	-66.83   	 87.08   	-1210.58		
-72.33   	-65.61   	 82.24   	-1236.01		
-68.36   	-68.36   	 77.29   	-1236.01		
-65.61   	-73.24   	 72.35   	-1225.83		
-64.09   	-76.90   	 67.45   	-1200.40		
-62.87   	-78.13   	 62.64   	-1180.06		
-62.26   	-77.21   	 57.92   	-1139.36		
-61.65   	-76.90   	 53.37   	-1098.67		
-61.34   	-79.35   	 48.97   	-1063.07		
-61.34   	-82.40   	 44.72   	-1012.20		
-61.34   	-83.31   	 40.67   	-961.34		
-61.04   	-80.26   	 36.83   	-910.47		
-60.42   	-73.85   	 33.18   	-849.44		
-59.20   	-68.05   	 29.79   	-793.49		
-58.59   	-65.31   	 26.61   	-732.45		
-58.59   	-65.92   	 23.68   	-671.41		
-58.90   	-68.36   	 21.00   	-610.37		
-58.59   	-70.19   	 18.56   	-544.25		
-55.54   	-69.58   	 16.38   	-493.39		
-49.44   	-64.09   	 14.40   	-437.43		
-41.81   	-50.66   	 12.66   	-386.57		
-33.57   	-28.08   	 11.11   	-345.88		
-26.86   	  0.31   	  9.73   	-305.19		
-21.36   	 25.63   	  8.50   	-264.50		
-18.01   	 40.28   	  7.45   	-228.89		
-15.26   	 40.89   	  6.53   	-193.29		
-13.12   	 31.74   	  5.76   	-157.68		
 -9.77   	 23.19   	  5.13   	-122.07		
 -4.27   	 23.50   	  4.64   	 -91.56		
  4.88   	 36.01   	  4.27   	 -71.21		
 16.48   	 55.85   	  3.99   	 -45.78		
 27.77   	 74.16   	  3.80   	 -35.61		
 35.71   	 81.79   	  3.66   	 -30.52		
 38.15   	 72.94   	  3.54   	 -30.52		
 34.79   	 47.91   	  3.42   	 -30.52		
 28.08   	 13.12   	  3.30   	 -45.78		
 21.67   	-22.28   	  3.11   	 -50.86		
 18.01   	-49.13   	  2.91   	 -66.12		
 15.56   	-63.78   	  2.64   	 -71.21		
 11.90   	-67.44   	  2.36   	 -71.21		
  4.27   	-63.78   	  2.08   	 -71.21		
 -8.24   	-58.90   	  1.79   	 -61.04		
-23.80   	-58.90   	  1.55   	 -50.86		
-39.98   	-67.44   	  1.34   	 -35.61		
-54.02   	-84.84   	  1.20   	 -15.26		
-65.00   	-107.42   	  1.14(D)	   5.09		
-72.94   	-128.17   	  1.16   	  20.35		
-77.21   	-140.08   	  1.24   	  40.69		
-79.35   	-141.30   	  1.40   	  61.04		
-79.96   	-135.80   	  1.65   	  76.30		
-79.35   	-129.39   	  1.95   	  86.47		
-78.13   	-126.34   	  2.30   	  96.64		
-77.21   	-126.95   	  2.69   	 101.73		
-77.21   	-127.26   	  3.09   	 106.82		
-77.82   	-125.12   	  3.52   	 106.82		
-79.35   	-122.07   	  3.95   	 101.73		
-82.09   	-122.38   	  4.35   	 101.73		
-83.62   	-126.95   	  4.76   	  86.47		
-74.77   	-129.70   	  5.11   	  81.38		
-41.81   	-119.63   	  5.43   	  66.12		
 31.43   	-83.31   	  5.70   	  61.04		
152.59   	 -7.93   	  5.94   	  50.86		
317.08   	118.10   	  6.14   	  50.86		
506.29   	303.65   	  6.35   	  50.86		
690.31   	542.30   	  6.55   	  61.04		
826.72   	793.46   	  6.80   	  66.12		
866.39   	982.06   	  7.06   	  76.30		
767.82   	1034.24(R)	  7.37(E)	  96.64		
530.40   	920.72   	  7.75   	 111.90		
212.71   	677.49   	  8.20   	 132.25		
-85.14   	390.32   	  8.73   	 157.68		
-269.47   	146.48   	  9.36   	 178.03		
-306.40   	-10.38   	 10.07   	 203.46		
-237.43   	-83.92   	 10.89   	 244.15		
-139.77   	-100.10   	 11.86   	 289.93		
-74.16   	-86.67   	 13.02   	 350.97		
-56.76   	-64.39   	 14.43   	 422.18		
-67.14   	-47.30   	 16.11   	 518.82		
-79.96   	-42.42   	 18.19   	 615.46		
-84.53   	-50.66   	 20.65   	 742.62		
-85.14   	-65.00   	 23.62   	 869.78		
-86.98   	-75.99   	 27.10   	1002.03		
-90.33   	-78.13   	 31.11   	1119.02		
-91.86   	-74.16   	 35.58   	1215.66		
-89.42   	-68.66   	 40.45   	1281.79		
-84.53   	-64.70   	 45.57   	1312.30		
-78.74   	-62.56   	 50.82   	1307.22		
-74.46   	-60.12   	 56.05   	1286.87		
-72.33   	-55.85   	 61.20   	1241.09		
-72.02   	-49.13   	 66.16   	1200.40		
-71.72   	-41.50   	 70.97   	1149.54		
-70.19   	-35.40   	 75.56   	1098.67		
-66.83   	-32.04   	 79.96   	1052.90		
-62.87   	-30.21   	 84.17   	1007.12		
-58.90   	-28.08   	 88.20   	 956.25		
-56.15   	-24.41   	 92.02   	 905.39		
-54.02   	-19.23   	 95.65   	 859.61		
-51.88   	-14.65   	 99.08   	 803.66		
-48.22   	-11.60   	102.30   	 747.71		
-43.64   	-10.07   	105.29   	 701.93		
-38.15   	 -7.02   	108.10   	 640.89		
-32.35   	 -0.61   	110.66   	 590.03		
-27.47   	  9.16   	113.02   	 534.08		
-23.50   	 20.45   	115.16   	 483.21		
-18.92   	 29.60   	117.09   	 432.35		
-12.21   	 36.01   	118.82   	 386.57		
 -3.05   	 41.20   	120.37   	 350.97		
  6.71   	 47.91   	121.77   	 325.53		
 14.65   	 57.98   	123.07   	 305.19		
 19.84   	 70.50   	124.29   	 300.10		
 23.80   	 84.23   	125.49   	 300.10		
 29.60   	 97.66   	126.69   	 300.10		
 39.06   	110.78   	127.89   	 305.19		
 51.27   	125.12   	129.11   	 310.27		
 64.09   	142.21   	130.36   	 300.10		
 74.46   	162.05   	131.56   	 300.10		
 81.79   	182.50   	132.76   	 279.75		
 87.59   	200.81   	133.88   	 269.58		
 92.77   	215.45   	134.95   	 244.15		
 98.88   	227.66   	135.93   	 223.80		
104.98   	239.26   	136.83   	 203.46		
110.17   	250.24   	137.64   	 188.20		
114.14   	261.84   	138.39   	 162.77		
117.19   	274.05   	139.04   	 157.68		
119.32   	286.56   	139.67   	 137.33		
119.32   	298.46   	140.22   	 127.16		
116.58   	305.48   	140.73   	 122.07		
109.86   	302.43   	141.22   	 106.82		
100.10   	286.87   	141.65   	  96.64		
 87.59   	260.01   	142.03   	  86.47		
 72.94   	227.36   	142.38   	  71.21		
 56.46   	194.09   	142.66   	  66.12		
 39.06   	163.57   	142.93   	  50.86		
 21.97   	137.94   	143.13   	  40.69		
  7.02   	115.97   	143.30   	  35.61		
 -6.10   	 96.13   	143.44   	  20.35		
-18.01   	 75.99   	143.52   	  10.17		
-29.91   	 56.46   	143.56(S)	   0.00		
-40.89   	 39.37   	143.56   	 -10.17		
-49.44   	 27.77   	143.52   	 -25.43		
-54.93   	 21.67   	143.42   	 -30.52		
-57.68   	 18.01   	143.30   	 -50.86		
-60.12   	 11.60   	143.09   	 -61.04		
-63.48   	  0.00   	142.85   	 -81.38		
-68.05   	-13.73   	142.52   	-101.73		
-72.02   	-25.33   	142.12   	-132.25		
-73.55   	-31.13   	141.59   	-162.77		
-72.02   	-31.74   	140.94   	-203.46		
-68.05   	-29.60   	140.12   	-259.41		
-64.39   	-27.77   	139.08   	-320.45		
-63.78   	-27.47   	137.80   	-406.92		
-66.53   	-28.38   	136.17   	-493.39		
-71.11   	-30.21   	134.20   	-595.11		
-75.38   	-33.26   	131.82   	-676.50		
-77.51   	-37.23   	129.11   	-747.71		
-76.90   	-39.37   	126.12   	-798.57		
-75.38   	-38.45   	122.93   	-834.18		
-73.55   	-34.79   	119.59   	-874.87		
-72.02   	-31.13   	116.09   	-905.39		
-70.50   	-29.91   	112.47   	-951.17		
-68.97   	-31.74   	108.67   	-1007.12		
-68.05   	-35.40   	104.64   	-1063.07		
-68.05   	-37.84   	100.39   	-1113.93		
-68.36   	-38.15   	 95.93   	-1169.88		
-68.36   	-38.15   	 91.25   	-1205.49		
-66.53   	-39.67   	 86.43   	-1225.83		
-63.78   	-44.56   	 81.53   	-1236.01		
-62.87   	-52.80   	 76.58   	-1225.83		
-63.78   	-62.26   	 71.68   	-1205.49		
-65.61   	-68.97   	 66.86   	-1180.06		
-66.83   	-70.19   	 62.14   	-1139.36		
-66.22   	-66.83   	 57.58   	-1103.76		
-65.61   	-62.26   	 53.16   	-1052.90		
-65.92   	-60.12   	 48.95   	-1002.03		
-67.44   	-61.34   	 44.94   	-951.17		
-68.05   	-62.87   	 41.14   	-895.22		
-65.92   	-61.65   	 37.56   	-834.18		
-61.34   	-57.68   	 34.22   	-778.23		
-56.76   	-54.02   	 31.11   	-712.10		
-53.41   	-51.57   	 28.26   	-661.24		
-50.66   	-47.61   	 25.62   	-600.20		
-46.39   	-36.62   	 23.21   	-554.42		
-39.06   	-15.26   	 21.00   	-498.47		
-28.69   	 15.87   	 19.00   	-457.78		
-18.01   	 49.13   	 17.17   	-417.09		
 -9.16   	 75.07   	 15.50   	-376.40		
 -3.66   	 86.36   	 14.00   	-340.79		
 -2.44   	 82.09   	 12.63   	-305.19		
 -3.66   	 68.05   	 11.41   	-269.58		
 -4.27   	 54.32   	 10.34   	-244.15		
 -1.53   	 49.13   	  9.36   	-208.54		
  6.71   	 55.54   	  8.52   	-183.11		
 18.31   	 68.05   	  7.79   	-152.59		
 29.30   	 77.82   	  7.18   	-132.25		
 35.71   	 76.60   	  6.65   	-111.90		
 36.62   	 61.65   	  6.21   	-101.73		
 33.26   	 35.71   	  5.80   	 -91.56		
 28.99   	  5.80   	  5.43   	 -96.64		
 25.33   	-20.75   	  5.05   	 -91.56		
 22.28   	-39.06   	  4.68   	 -91.56		
 17.70   	-47.00   	  4.31   	 -96.64		
 11.29   	-46.69   	  3.93   	 -86.47		
  1.83   	-43.33   	  3.58   	 -81.38		
-10.99   	-44.86   	  3.26   	 -61.04		
-26.86   	-54.02   	  3.01   	 -40.69		
-44.25   	-69.27   	  2.85   	 -25.43		
-59.20   	-83.01   	  2.75(D)	   5.09		
-69.27   	-89.42   	  2.77   	  30.52		
-73.85   	-87.59   	  2.89   	  50.86		
-75.07   	-82.40   	  3.09   	  66.12		
-75.99   	-80.26   	  3.36   	  91.56		
-77.21   	-83.92   	  3.72   	 101.73		
-77.82   	-90.33   	  4.13   	 106.82		
-76.60   	-95.21   	  4.56   	 116.99		
-73.55   	-96.74   	  5.03   	 116.99		
-70.50   	-96.74   	  5.49   	 111.90		
-70.19   	-97.66   	  5.94   	 106.82		
-73.55   	-102.54   	  6.37   	  86.47		
-77.82   	-108.95   	  6.71   	  81.38		
-75.38   	-110.47   	  7.04   	  61.04		
-53.41   	-99.79   	  7.28   	  45.78		
  1.22   	-69.58   	  7.47   	  45.78		
 97.66   	-12.51   	  7.65   	  35.61		
236.51   	 80.57   	  7.79   	  35.61		
409.55   	220.64   	  7.93   	  40.69		
599.67   	413.82   	  8.10   	  50.86		
775.76   	644.23   	  8.30   	  55.95		
891.11   	857.85   	  8.52   	  66.12		
889.89   	979.61(R)	  8.79(E)	  81.38		
738.22   	953.67   	  9.11   	  91.56		
458.68   	778.50   	  9.48   	 106.82		
135.19   	514.83   	  9.91   	 127.16		
-122.68   	253.30   	 10.42   	 142.42		
-241.09   	 62.26   	 10.99   	 172.94		
-221.56   	-40.89   	 11.68   	 198.37		
-131.23   	-77.51   	 12.47   	 244.15		
-48.22   	-76.60   	 13.45   	 295.01		
-14.04   	-60.42   	 14.63   	 366.22		
-23.19   	-41.81   	 16.09   	 452.69		
-46.69   	-28.99   	 17.90   	 544.25		
-62.56   	-27.77   	 20.08   	 666.32		
-67.14   	-38.45   	 22.75   	 798.57		
-68.05   	-54.93   	 25.94   	 930.82		
-70.80   	-66.83   	 29.66   	1052.90		
-75.07   	-70.19   	 33.88   	1154.62		
-78.74   	-68.05   	 38.49   	1225.83		
-81.79   	-64.70   	 43.40   	1251.27		
-82.70   	-61.95   	 48.40   	1246.18		
-80.57   	-58.90   	 53.39   	1220.75		
-74.77   	-54.32   	 58.27   	1185.14		
-66.53   	-49.13   	 63.01   	1144.45		
-59.81   	-44.25   	 67.59   	1108.85		
-57.37   	-40.89   	 72.02   	1078.33		
-58.59   	-37.54   	 76.34   	1042.72		
-59.81   	-32.96   	 80.51   	1007.12		
-58.29   	-26.55   	 84.54   	 961.34		
-53.41   	-20.45   	 88.38   	 910.47		
-47.30   	-16.48   	 92.02   	 864.70		
-41.81   	-15.56   	 95.48   	 813.83		
-37.84   	-15.87   	 98.74   	 757.88		
-33.87   	-14.95   	101.77   	 712.10		
-29.91   	-10.38   	104.62   	 656.15		
-26.25   	 -2.75   	107.24   	 610.37		
-23.50   	  6.71   	109.68   	 559.51		
-20.75   	 17.40   	111.92   	 508.65		
-16.78   	 28.69   	113.96   	 462.87		
-10.68   	 39.98   	115.81   	 417.09		
 -2.75   	 50.05   	117.48   	 381.48		
  5.80   	 57.98   	119.00   	 350.97		
 14.34   	 63.78   	120.41   	 335.71		
 23.19   	 70.50   	121.75   	 320.45		
 31.74   	 80.87   	123.03   	 315.36		
 39.98   	 96.13   	124.29   	 315.36		
 48.22   	115.36   	125.55   	 305.19		
 56.46   	135.19   	126.77   	 300.10		
 65.00   	153.81   	127.98   	 284.84		
 75.07   	170.29   	129.11   	 279.75		
 86.06   	185.24   	130.23   	 264.50		
 97.35   	199.89   	131.29   	 254.32		
108.03   	214.23   	132.31   	 244.15		
118.10   	228.27   	133.29   	 233.98		
127.26   	242.92   	134.22   	 223.80		
136.41   	258.79   	135.12   	 213.63		
145.57   	275.88   	135.97   	 198.37		
154.11   	292.36   	136.76   	 183.11		
159.61   	305.18   	137.50   	 167.85		
160.83   	311.28   	138.17   	 157.68		
158.08   	310.67   	138.80   	 137.33		
151.67   	304.26   	139.35   	 122.07		
142.52   	293.27   	139.84   	 111.90		
131.53   	278.63   	140.28   	 101.73		
119.32   	259.40   	140.69   	  86.47		
104.98   	235.29   	141.04   	  76.30		
 88.81   	207.82   	141.34   	  66.12		
 69.58   	177.92   	141.61   	  55.95		
 48.52   	148.32   	141.83   	  45.78		
 27.77   	119.93   	142.01   	  30.52		
  8.85   	 93.99   	142.14   	  25.43		
 -5.80   	 70.19   	142.24   	   5.09		
-16.78   	 47.91   	142.26(S)	  -5.09		
-24.72   	 27.16   	142.24   	 -15.26		
-29.91   	  9.77   	142.18   	 -30.52		
-32.96   	 -3.36   	142.05   	 -45.78		
-34.18   	-12.21   	141.87   	 -61.04		
-35.10   	-18.92   	141.63   	 -81.38		
-36.93   	-25.33   	141.30   	 -91.56		
-39.67   	-32.35   	140.94   	-122.07		
-43.95   	-39.67   	140.45   	-142.42		
-48.52   	-44.86   	139.88   	-172.94		
-51.88   	-47.00   	139.19   	-208.54		
-52.49   	-45.47   	138.35   	-254.32		
-50.66   	-41.20   	137.33   	-315.36		
-47.00   	-37.23   	136.07   	-396.74		
-45.17   	-36.62   	134.49   	-483.21		
-46.69   	-41.50   	132.55   	-584.94		
-50.35   	-50.66   	130.21   	-666.32		
-53.71   	-60.42   	127.55   	-737.54		
-54.63   	-66.83   	124.60   	-788.40		
-52.49   	-68.66   	121.44   	-824.00		
-49.74   	-66.53   	118.15   	-849.44		
-49.74   	-63.17   	114.75   	-879.96		
-53.41   	-61.04   	111.23   	-915.56		
-58.90   	-61.34   	107.57   	-971.51		
-64.39   	-64.39   	103.68   	-1032.55		
-66.53   	-68.66   	 99.55   	-1093.59		
-65.31   	-71.72   	 95.18   	-1149.54		
-62.56   	-71.72   	 90.58   	-1200.40		
-61.65   	-68.66   	 85.78   	-1225.83		
-64.39   	-65.00   	 80.87   	-1241.09		
-69.89   	-62.87   	 75.91   	-1236.01		
-75.07   	-64.09   	 70.97   	-1220.75		
-76.90   	-67.44   	 66.08   	-1190.23		
-75.68   	-70.80   	 61.32   	-1154.62		
-73.55   	-72.33   	 56.70   	-1113.93		
-72.33   	-71.11   	 52.25   	-1063.07		
-72.33   	-68.97   	 48.00   	-1017.29		
-72.33   	-67.75   	 43.93   	-961.34		
-71.41   	-68.66   	 40.08   	-905.39		
-69.58   	-71.41   	 36.46   	-844.35		
-66.83   	-73.24   	 33.08   	-788.40		
-65.00   	-71.72   	 29.93   	-727.36		
-64.09   	-67.44   	 27.02   	-671.41		
-65.31   	-62.87   	 24.33   	-610.37		
-68.36   	-61.34   	 21.89   	-559.51		
-71.41   	-62.87   	 19.65   	-508.65		
-71.72   	-65.00   	 17.62   	-462.87		
-68.36   	-64.70   	 15.77   	-417.09		
-62.56   	-61.95   	 14.10   	-371.31		
-57.37   	-57.98   	 12.61   	-335.71		
-54.63   	-55.24   	 11.27   	-300.10		
-53.41   	-51.88   	 10.07   	-264.50		
-51.27   	-43.95   	  9.01   	-228.89		
-46.69   	-29.60   	  8.10   	-203.46		
-39.98   	 -9.77   	  7.28   	-172.94		
-32.35   	 10.99   	  6.59   	-142.42		
-25.02   	 28.69   	  6.02   	-122.07		
-18.31   	 40.28   	  5.53   	 -96.64		
-11.60   	 44.56   	  5.15   	 -81.38		
 -5.19   	 43.03   	  4.82   	 -61.04		
  1.53   	 39.37   	  4.58   	 -50.86		
  9.77   	 40.28   	  4.37   	 -50.86		
 19.84   	 49.44   	  4.17   	 -45.78		
 31.43   	 64.70   	  3.99   	 -45.78		
 41.50   	 77.82   	  3.80   	 -55.95		
 47.61   	 79.04   	  3.58   	 -55.95		
 47.91   	 62.56   	  3.36   	 -55.95		
 43.03   	 31.74   	  3.13   	 -55.95		
 36.01   	 -5.19   	  2.91   	 -50.86		
 28.69   	-37.23   	  2.71   	 -40.69		
 22.28   	-57.37   	  2.54   	 -35.61		
 16.48   	-64.70   	  2.40   	 -15.26		
  9.77   	-63.48   	  2.34   	  -5.09		
 -0.92   	-60.73   	  2.32(D)	  15.26		
-16.78   	-62.26   	  2.38   	  25.43		
-36.32   	-69.27   	  2.48   	  45.78		
-54.93   	-79.35   	  2.67   	  50.86		
-68.66   	-90.33   	  2.87   	  71.21		
-75.68   	-101.01   	  3.15   	  81.38		
-77.51   	-110.78   	  3.48   	  86.47		
-77.21   	-117.49   	  3.83   	  96.64		
-77.21   	-119.63   	  4.21   	 106.82		
-77.82   	-116.88   	  4.64   	 106.82		
-78.43   	-111.69   	  5.07   	 111.90		
-79.04   	-108.64   	  5.51   	 106.82		
-80.57   	-110.47   	  5.94   	 106.82		
-81.79   	-116.27   	  6.37   	  96.64		
-83.31   	-123.60   	  6.75   	  91.56		
-85.75   	-130.92   	  7.12   	  76.30		
-88.81   	-135.50   	  7.43   	  61.04		
-88.20   	-134.58   	  7.67   	  45.78		
-70.80   	-123.60   	  7.85   	  25.43		
-17.09   	-96.44   	  7.96   	  15.26		
 88.81   	-44.56   	  8.02   	   5.09		
249.63   	 41.81   	  8.04   	  -5.09		
453.19   	173.03   	  8.02   	   0.00		
671.39   	354.61   	  8.02   	   0.00		
863.95   	571.90   	  8.02(E)	  15.26		
979.31   	775.15   	  8.08   	  25.43		
964.66   	895.69(R)	  8.18   	  45.78		
791.63   	881.96   	  8.36   	  61.04		
487.06   	731.20   	  8.61   	  81.38		
139.47   	496.22   	  8.93   	 106.82		
-137.94   	257.57   	  9.36   	 132.25		
-268.86   	 76.29   	  9.89   	 157.68		
-255.13   	-31.74   	 10.52   	 193.29		
-165.71   	-82.40   	 11.29   	 244.15		
-81.79   	-98.27   	 12.27   	 300.10		
-45.47   	-95.52   	 13.47   	 366.22		
-50.35   	-83.01   	 14.93   	 462.87		
-67.14   	-68.36   	 16.79   	 559.51		
-76.60   	-60.42   	 19.02   	 686.67		
-77.51   	-64.09   	 21.77   	 824.00		
-78.43   	-75.07   	 25.07   	 961.34		
-83.01   	-85.14   	 28.91   	1083.41		
-87.89   	-88.50   	 33.25   	1185.14		
-88.81   	-85.45   	 37.99   	1251.27		
-84.53   	-81.18   	 42.99   	1276.70		
-78.43   	-78.43   	 48.10   	1266.53		
-73.85   	-77.51   	 53.16   	1246.18		
-72.33   	-75.68   	 58.15   	1210.58		
-72.63   	-72.02   	 62.99   	1169.88		
-72.63   	-66.22   	 67.67   	1134.28		
-70.80   	-60.73   	 72.21   	1088.50		
-67.44   	-56.76   	 76.56   	1047.81		
-62.56   	-55.24   	 80.75   	1002.03		
-56.76   	-54.63   	 84.76   	 946.08		
-50.05   	-54.32   	 88.54   	 900.30		
-42.42   	-52.19   	 92.15   	 844.35		
-34.79   	-48.52   	 95.52   	 793.49		
-29.60   	-43.95   	 98.70   	 742.62		
-27.47   	-39.67   	101.67   	 696.84		
-27.16   	-35.71   	104.46   	 651.07		
-26.25   	-32.35   	107.06   	 600.20		
-22.58   	-27.47   	109.46   	 554.42		
-14.95   	-19.53   	111.68   	 508.65		
 -5.49   	 -7.93   	113.71   	 457.78		
  2.75   	  6.10   	115.54   	 406.92		
  8.85   	 21.06   	117.17   	 376.40		
 13.12   	 34.79   	118.68   	 345.88		
 18.31   	 45.17   	120.06   	 325.53		
 26.25   	 53.41   	121.36   	 320.45		
 37.23   	 60.42   	122.64   	 315.36		
 50.05   	 68.66   	123.91   	 320.45		
 62.26   	 78.74   	125.19   	 310.27		
 72.33   	 90.94   	126.43   	 310.27		
 81.18   	104.98   	127.67   	 289.93		
 90.64   	120.54   	128.83   	 279.75		
101.32   	137.33   	129.95   	 259.41		
112.61   	156.25   	130.99   	 244.15		
122.99   	177.00   	131.96   	 228.89		
131.53   	198.67   	132.88   	 213.63		
140.08   	218.81   	133.73   	 208.54		
149.54   	234.68   	134.57   	 193.29		
159.30   	245.06   	135.34   	 183.11		
167.24   	250.85   	136.07   	 167.85		
171.20   	254.82   	136.74   	 152.59		
170.59   	259.40   	137.35   	 142.42		
167.85   	263.67   	137.92   	 127.16		
163.88   	264.28   	138.43   	 111.90		
159.00   	258.18   	138.88   	 101.73		
150.76   	242.92   	139.29   	  91.56		
137.33   	220.64   	139.65   	  81.38		
119.02   	195.01   	139.98   	  71.21		
 97.35   	169.07   	140.26   	  61.04		
 75.68   	143.74   	140.51   	  50.86		
 56.76   	119.32   	140.71   	  40.69		
 40.28   	 95.21   	140.87   	  30.52		
 25.63   	 70.19   	141.00   	  25.43		
 10.38   	 44.86   	141.10   	  10.17		
 -5.49   	 21.06   	141.14(S)	   0.00		
-19.84   	  1.22   	141.14   	 -10.17		
-30.82   	-12.51   	141.10   	 -25.43		
-37.84   	-21.36   	141.00   	 -40.69		
-41.81   	-27.77   	140.83   	 -55.95		
-44.86   	-36.01   	140.61   	 -76.30		
-48.52   	-46.08   	140.30   	-101.73		
-52.49   	-56.15   	139.90   	-122.07		
-55.54   	-62.87   	139.41   	-152.59		
-57.07   	-65.31   	138.80   	-188.20		
-57.07   	-65.31   	138.05   	-233.98		
-56.15   	-64.39   	137.11   	-295.01		
-56.15   	-64.70   	135.93   	-361.14		
-57.07   	-66.53   	134.49   	-452.69		
-58.29   	-69.27   	132.67   	-544.25		
-59.20   	-72.94   	130.50   	-635.81		
-58.90   	-75.99   	127.95   	-712.10		
-57.37   	-77.21   	125.11   	-778.23		
-54.93   	-76.90   	121.99   	-829.09		
-52.49   	-76.29   	118.68   	-869.78		
-51.27   	-75.99   	115.20   	-900.30		
-51.57   	-77.51   	111.60   	-946.08		
-52.80   	-79.96   	107.81   	-1002.03		
-54.02   	-83.31   	103.80   	-1052.90		
-54.93   	-87.59   	 99.59   	-1108.85		
-56.15   	-93.08   	 95.16   	-1169.88		
-57.37   	-97.66   	 90.48   	-1205.49		
-57.98   	-98.57   	 85.66   	-1241.09		
-56.76   	-94.30   	 80.69   	-1251.27		
-54.02   	-86.36   	 75.69   	-1246.18		
-51.57   	-79.04   	 70.70   	-1230.92		
-52.19   	-77.51   	 65.78   	-1200.40		
-56.15   	-82.70   	 60.98   	-1164.80		
-60.73   	-91.55   	 56.32   	-1124.11		
-63.78   	-99.18   	 51.82   	-1068.15		
-63.48   	-101.01   	 47.55   	-1017.29		
-60.42   	-96.44   	 43.48   	-961.34		
-55.85   	-88.20   	 39.63   	-900.30		
-51.57   	-80.57   	 36.03   	-839.26		
-47.91   	-77.51   	 32.68   	-778.23		
-47.00   	-79.96   	 29.56   	-712.10		
-48.52   	-86.06   	 26.71   	-656.15		
-51.57   	-91.86   	 24.09   	-595.11		
-54.63   	-94.30   	 21.71   	-539.16		
-55.24   	-92.47   	 19.55   	-488.30		
-53.41   	-88.50   	 17.60   	-442.52		
-50.96   	-85.75   	 15.83   	-396.74		
-48.52   	-85.45   	 14.24   	-350.97		
-45.78   	-85.75   	 12.84   	-310.27		
-43.33   	-86.36   	 11.60   	-279.75		
-41.20   	-86.98   	 10.48   	-239.06		
-41.20   	-87.89   	  9.52   	-213.63		
-43.33   	-89.42   	  8.67   	-178.03		
-45.78   	-90.33   	  7.96   	-152.59		
-46.08   	-88.50   	  7.34   	-132.25		
-42.42   	-83.01   	  6.82   	-111.90		
-35.10   	-72.63   	  6.37   	 -86.47		
-26.25   	-56.46   	  6.02   	 -76.30		
-16.48   	-36.32   	  5.72   	 -66.12		
 -6.71   	-14.65   	  5.45   	 -61.04		
  2.14   	  3.66   	  5.21   	 -50.86		
  7.93   	 13.12   	  5.01   	 -55.95		
  9.77   	 12.21   	  4.78   	 -50.86		
  9.77   	  4.88   	  4.58   	 -55.95		
 13.43   	 -0.92   	  4.35   	 -50.86		
 25.33   	  2.44   	  4.15   	 -55.95		
 44.25   	 16.17   	  3.93   	 -50.86		
 63.48   	 33.26   	  3.72   	 -45.78		
 74.46   	 41.50   	  3.54   	 -45.78		
 73.24   	 31.74   	  3.36   	 -35.61		
 64.09   	  5.19   	  3.21   	 -25.43		
 54.32   	-28.08   	  3.11   	 -15.26		
 48.52   	-56.76   	  3.05   	 -10.17		
 46.39   	-74.16   	  3.01   	  -5.09		
 43.03   	-79.65   	  2.99(D)	  10.17		
 35.71   	-79.65   	  3.03   	  15.26		
 24.41   	-80.26   	  3.09   	  25.43		
 10.99   	-84.84   	  3.19   	  30.52		
 -3.97   	-93.69   	  3.32   	  45.78		
-21.06   	-105.90   	  3.50   	  50.86		
-40.59   	-118.41   	  3.70   	  61.04		
-59.20   	-128.78   	  3.95   	  71.21		
-72.02   	-136.11   	  4.23   	  81.38		
-76.29   	-139.47   	  4.56   	  86.47		
-73.85   	-140.08   	  4.90   	  86.47		
-70.19   	-140.99   	  5.25   	  96.64		
-71.11   	-144.04   	  5.64   	  96.64		
-76.90   	-149.54   	  6.02   	  96.64		
-84.23   	-154.42   	  6.41   	  96.64		
-87.59   	-154.72   	  6.80   	  91.56		
-85.14   	-149.84   	  7.16   	  86.47		
-78.74   	-142.52   	  7.51   	  81.38		
-74.46   	-137.94   	  7.83   	  66.12		
-75.68   	-139.47   	  8.10   	  50.86		
-77.51   	-143.43   	  8.30   	  40.69		
-63.17   	-141.30   	  8.46   	  20.35		
-10.07   	-121.77   	  8.55   	   5.09		
 99.18   	-74.16   	  8.57   	   0.00		
267.33   	 10.68   	  8.57   	  -5.09		
479.43   	141.30   	  8.55   	  -5.09		
706.18   	320.43   	  8.52   	   0.00		
904.24   	530.40   	  8.52(E)	  15.26		
1021.73   	722.35   	  8.59   	  30.52		
1005.25   	830.69(R)	  8.71   	  50.86		
826.42   	810.55   	  8.91   	  71.21		
514.22   	663.15   	  9.20   	  91.56		
158.69   	441.28   	  9.56   	 111.90		
-126.04   	219.12   	 10.01   	 142.42		
-262.45   	 49.13   	 10.58   	 167.85		
-252.38   	-55.85   	 11.25   	 198.37		
-164.79   	-109.25   	 12.04   	 244.15		
-80.87   	-128.17   	 13.02   	 295.01		
-43.33   	-125.12   	 14.20   	 361.14		
-46.69   	-109.56   	 15.65   	 442.52		
-62.87   	-91.86   	 17.42   	 549.34		
-73.24   	-83.31   	 19.61   	 661.24		
-76.60   	-88.81   	 22.26   	 798.57		
-78.74   	-102.23   	 25.45   	 935.91		
-82.70   	-114.14   	 29.20   	1057.98		
-85.45   	-116.88   	 33.43   	1159.71		
-84.84   	-111.39   	 38.07   	1220.75		
-82.40   	-102.84   	 42.95   	1251.27		
-79.96   	-97.35   	 47.96   	1241.09		
-78.13   	-96.74   	 52.92   	1220.75		
-75.38   	-99.79   	 57.80   	1185.14		
-71.72   	-103.15   	 62.54   	1144.45		
-67.14   	-103.45   	 67.12   	1108.85		
-63.48   	-99.49   	 71.56   	1063.07		
-60.73   	-92.77   	 75.81   	1027.46		
-58.29   	-84.84   	 79.92   	 981.68		
-55.85   	-78.43   	 83.85   	 935.91		
-53.41   	-74.16   	 87.59   	 879.96		
-50.05   	-71.72   	 91.11   	 829.09		
-45.78   	-69.89   	 94.42   	 783.31		
-40.89   	-66.83   	 97.56   	 732.45		
-36.32   	-62.26   	100.49   	 686.67		
-32.96   	-57.07   	103.23   	 640.89		
-31.13   	-51.57   	105.80   	 600.20		
-28.99   	-46.39   	108.20   	 549.34		
-24.41   	-40.59   	110.40   	 503.56		
-16.17   	-32.96   	112.41   	 452.69		
 -4.58   	-23.19   	114.22   	 412.00		
  7.63   	-12.51   	115.87   	 371.31		
 17.09   	 -0.92   	117.35   	 335.71		
 24.11   	 10.07   	118.70   	 320.45		
 29.60   	 20.45   	119.98   	 305.19		
 36.93   	 30.52   	121.20   	 305.19		
 47.30   	 40.89   	122.42   	 305.19		
 59.20   	 51.88   	123.64   	 310.27		
 70.50   	 64.09   	124.88   	 310.27		
 80.26   	 77.51   	126.12   	 305.19		
 88.81   	 92.16   	127.34   	 295.01		
 98.57   	108.34   	128.52   	 279.75		
110.47   	125.12   	129.64   	 259.41		
123.60   	141.91   	130.68   	 244.15		
136.11   	157.47   	131.66   	 228.89		
145.57   	171.51   	132.57   	 218.72		
152.28   	183.72   	133.45   	 213.63		
156.56   	195.01   	134.30   	 203.46		
159.91   	204.47   	135.12   	 203.46		
162.05   	212.40   	135.93   	 193.29		
163.57   	218.81   	136.70   	 188.20		
164.18   	223.39   	137.46   	 172.94		
163.57   	225.22   	138.15   	 157.68		
160.83   	221.56   	138.78   	 142.42		
153.81   	210.57   	139.35   	 122.07		
141.30   	192.57   	139.84   	 106.82		
124.21   	169.98   	140.26   	  96.64		
104.06   	145.57   	140.65   	  71.21		
 83.62   	121.46   	140.94   	  61.04		
 64.09   	 97.66   	141.18   	  45.78		
 45.47   	 72.94   	141.36   	  25.43		
 26.55   	 47.30   	141.46   	   5.09		
  8.85   	 22.28   	141.48(S)	 -20.35		
 -6.10   	  0.31   	141.40   	 -35.61		
-16.78   	-18.01   	141.26   	 -61.04		
-24.41   	-32.35   	141.02   	 -86.47		
-31.13   	-44.25   	140.67   	-106.82		
-37.84   	-54.32   	140.24   	-127.16		
-44.56   	-63.17   	139.73   	-152.59		
-49.44   	-70.50   	139.12   	-183.11		
-50.66   	-76.29   	138.39   	-208.54		
-48.52   	-79.96   	137.56   	-244.15		
-46.08   	-83.01   	136.58   	-279.75		
-45.47   	-86.36   	135.46   	-330.62		
-47.30   	-90.64   	134.14   	-386.57		
-50.66   	-95.21   	132.59   	-457.78		
-53.71   	-98.27   	130.76   	-539.16		
-55.54   	-100.10   	128.61   	-620.55		
-56.46   	-100.71   	126.12   	-696.84		
-57.68   	-101.62   	123.34   	-747.71		
-58.59   	-102.84   	120.35   	-778.23		
-58.59   	-103.45   	117.23   	-803.66		
-56.76   	-102.84   	114.02   	-808.75		
-55.24   	-101.62   	110.78   	-829.09		
-55.54   	-101.62   	107.47   	-849.44		
-59.51   	-104.06   	104.07   	-879.96		
-64.39   	-107.73   	100.55   	-930.82		
-67.14   	-110.78   	 96.83   	-976.60		
-64.39   	-110.78   	 92.92   	-1027.46		
-57.37   	-108.03   	 88.81   	-1063.07		
-50.05   	-103.76   	 84.56   	-1093.59		
-45.78   	-100.10   	 80.18   	-1113.93		
-45.78   	-98.57   	 75.73   	-1108.85		
-48.52   	-100.10   	 71.29   	-1108.85		
-52.19   	-103.45   	 66.86   	-1088.50		
-56.15   	-107.12   	 62.50   	-1068.15		
-59.51   	-109.56   	 58.23   	-1037.64		
-61.65   	-110.78   	 54.08   	-1007.12		
-61.34   	-110.17   	 50.05   	-976.60		
-58.59   	-109.25   	 46.14   	-930.82		
-54.32   	-109.25   	 42.42   	-895.22		
-50.96   	-112.00   	 38.84   	-849.44		
-50.35   	-117.19   	 35.44   	-803.66		
-52.80   	-122.38   	 32.23   	-747.71		
-56.46   	-124.82   	 29.24   	-696.84		
-59.20   	-124.21   	 26.45   	-635.81		
-60.73   	-121.77   	 23.91   	-579.86		
-61.65   	-120.85   	 21.59   	-523.90		
-61.95   	-122.07   	 19.49   	-467.95		
-61.65   	-123.29   	 17.62   	-412.00		
-59.81   	-122.07   	 15.97   	-361.14		
-56.46   	-116.27   	 14.53   	-315.36		
-53.10   	-108.64   	 13.27   	-269.58		
-50.96   	-102.23   	 12.19   	-228.89		
-50.66   	-100.10   	 11.27   	-193.29		
-52.49   	-103.15   	 10.50   	-152.59		
-55.85   	-109.25   	  9.89   	-116.99		
-58.90   	-115.36   	  9.42   	 -91.56		
-61.65   	-118.71   	  9.05   	 -55.95		
-64.09   	-119.02   	  8.83   	 -35.61		
-65.00   	-117.49   	  8.69   	 -20.35		
-64.39   	-115.05   	  8.61   	  -5.09		
-61.65   	-112.61   	  8.59   	  -5.09		
-57.07   	-109.86   	  8.57   	  -5.09		
-51.27   	-104.68   	  8.55   	 -10.17		
-45.17   	-95.52   	  8.50   	 -20.35		
-38.76   	-80.26   	  8.42   	 -35.61		
-30.21   	-58.29   	  8.28   	 -40.69		
-19.23   	-32.35   	  8.12   	 -55.95		
 -7.63   	 -8.85   	  7.89   	 -61.04		
  1.22   	  4.88   	  7.65   	 -61.04		
  4.58   	  3.97   	  7.41   	 -61.04		
  2.75   	 -9.77   	  7.16   	 -55.95		
  0.31   	-25.94   	  6.94   	 -40.69		
  4.58   	-32.35   	  6.78   	 -30.52		
 18.01   	-22.28   	  6.65   	 -20.35		
 37.23   	 -0.61   	  6.57   	 -10.17		
 55.24   	 19.84   	  6.53(D)	   5.09		
 64.39   	 26.25   	  6.55   	  10.17		
 63.48   	 13.43   	  6.59   	  20.35		
 55.54   	-13.43   	  6.67   	  25.43		
 45.47   	-44.25   	  6.78   	  30.52		
 37.23   	-71.11   	  6.90   	  30.52		
 31.74   	-89.42   	  7.02   	  40.69		
 27.16   	-98.27   	  7.18   	  35.61		
 21.67   	-98.57   	  7.32   	  40.69		
 13.73   	-94.91   	  7.49   	  45.78		
  1.83   	-93.08   	  7.67   	  45.78		
-14.34   	-99.49   	  7.85   	  55.95		
-33.57   	-115.05   	  8.08   	  50.86		
-52.49   	-134.58   	  8.28   	  61.04		
-68.05   	-150.45   	  8.52   	  66.12		
-78.13   	-158.08   	  8.79   	  66.12		
-82.70   	-158.08   	  9.05   	  66.12		
-83.62   	-155.03   	  9.32   	  71.21		
-82.70   	-153.50   	  9.60   	  71.21		
-81.48   	-155.03   	  9.89   	  76.30		
-80.57   	-156.86   	 10.19   	  71.21		
-80.57   	-157.78   	 10.48   	  66.12		
-81.48   	-157.17   	 10.74   	  55.95		
-82.40   	-155.94   	 10.97   	  45.78		
-83.01   	-156.25   	 11.15   	  35.61		
-86.06   	-160.22   	 11.29   	  20.35		
-91.55   	-166.02   	 11.37   	   0.00		
-92.77   	-167.85   	 11.37   	 -10.17		
-72.33   	-156.56   	 11.33   	 -20.35		
 -9.16   	-124.82   	 11.25   	 -25.43		
110.78   	-64.70   	 11.15   	 -20.35		
285.95   	 30.52   	 11.07   	 -10.17		
498.05   	169.07   	 11.03   	   0.00		
716.86   	354.61   	 11.03(E)	  20.35		
902.10   	568.24   	 11.11   	  40.69		
1002.81   	755.31   	 11.27   	  55.95		
966.80   	846.86(R)	 11.50   	  76.30		
769.04   	798.95   	 11.80   	  91.56		
445.25   	623.17   	 12.17   	 106.82		
 91.55   	383.30   	 12.59   	 127.16		
-178.53   	159.61   	 13.10   	 142.42		
-294.19   	  2.44   	 13.67   	 167.85		
-265.81   	-85.14   	 14.34   	 203.46		
-168.15   	-124.21   	 15.16   	 244.15		
-80.87   	-135.80   	 16.13   	 300.10		
-43.64   	-131.23   	 17.33   	 371.31		
-49.44   	-117.80   	 18.82   	 467.95		
-70.19   	-101.32   	 20.69   	 579.86		
-85.45   	-90.64   	 23.01   	 712.10		
-91.25   	-90.33   	 25.86   	 859.61		
-91.86   	-97.96   	 29.30   	 986.77		
-90.33   	-106.51   	 33.25   	1098.67		
-88.20   	-111.39   	 37.64   	1169.88		
-85.75   	-112.00   	 42.32   	1200.40		
-85.14   	-110.78   	 47.12   	1195.32		
-86.06   	-109.25   	 51.90   	1180.06		
-86.98   	-108.95   	 56.62   	1139.36		
-85.75   	-108.64   	 61.18   	1108.85		
-83.31   	-107.12   	 65.62   	1068.15		
-80.57   	-104.06   	 69.89   	1032.55		
-79.04   	-100.71   	 74.02   	 996.94		
-77.51   	-97.66   	 78.01   	 951.17		
-74.46   	-94.60   	 81.81   	 905.39		
-68.66   	-90.64   	 85.43   	 859.61		
-61.95   	-85.45   	 88.87   	 808.75		
-55.85   	-80.57   	 92.11   	 768.05		
-51.57   	-76.29   	 95.18   	 717.19		
-47.91   	-72.63   	 98.05   	 681.58		
-43.64   	-68.36   	100.77   	 640.89		
-38.15   	-62.56   	103.34   	 605.29		
-31.43   	-55.54   	105.76   	 564.60		
-25.33   	-48.52   	108.02   	 528.99		
-20.14   	-42.72   	110.13   	 478.13		
-15.87   	-36.93   	112.04   	 437.43		
-11.90   	-28.99   	113.79   	 391.66		
 -7.02   	-18.62   	115.36   	 356.05		
  0.00   	 -5.49   	116.78   	 325.53		
  9.77   	  8.54   	118.09   	 310.27		
 21.06   	 21.67   	119.33   	 300.10		
 32.96   	 33.57   	120.53   	 305.19		
 43.95   	 44.56   	121.75   	 305.19		
 54.02   	 55.85   	122.97   	 315.36		
 63.48   	 67.44   	124.23   	 310.27		
 73.55   	 79.65   	125.47   	 310.27		
 84.84   	 93.69   	126.71   	 295.01		
 97.05   	109.86   	127.89   	 274.67		
109.56   	127.87   	128.99   	 259.41		
121.46   	145.57   	130.03   	 233.98		
131.84   	161.74   	130.97   	 208.54		
140.38   	175.48   	131.80   	 193.29		
148.32   	188.60   	132.57   	 172.94		
156.56   	202.64   	133.26   	 157.68		
165.71   	217.29   	133.90   	 137.33		
173.95   	229.80   	134.45   	 127.16		
180.05   	237.12   	134.95   	 111.90		
180.66   	237.12   	135.40   	 106.82		
174.87   	230.71   	135.83   	  91.56		
164.49   	220.95   	136.19   	  86.47		
151.98   	210.57   	136.54   	  86.47		
139.16   	200.20   	136.89   	  86.47		
126.04   	188.29   	137.23   	  86.47		
111.39   	172.73   	137.58   	  86.47		
 93.69   	150.76   	137.92   	  81.38		
 72.94   	122.07   	138.25   	  66.12		
 51.27   	 89.11   	138.51   	  50.86		
 31.13   	 55.85   	138.72   	  30.52		
 13.43   	 26.55   	138.84   	   5.09		
 -1.53   	  4.58   	138.86(S)	 -25.43		
-14.95   	-10.68   	138.76   	 -55.95		
-27.16   	-22.58   	138.53   	 -81.38		
-38.45   	-34.18   	138.21   	-111.90		
-47.61   	-46.39   	137.76   	-132.25		
-53.41   	-57.37   	137.23   	-152.59		
-55.85   	-65.61   	136.62   	-172.94		
-56.46   	-71.41   	135.93   	-193.29		
-58.29   	-76.90   	135.16   	-208.54		
-61.95   	-83.62   	134.32   	-233.98		
-65.92   	-91.25   	133.39   	-259.41		
-68.66   	-97.66   	132.35   	-300.10		
-68.36   	-100.40   	131.15   	-350.97		
-65.61   	-99.18   	129.75   	-427.26		
-62.87   	-94.30   	128.04   	-508.65		
-61.34   	-88.50   	126.00   	-595.11		
-61.04   	-83.92   	123.62   	-666.32		
-61.65   	-82.70   	120.96   	-722.28		
-62.87   	-85.45   	118.07   	-752.79		
-64.70   	-91.25   	115.06   	-778.23		
-66.22   	-98.27   	111.94   	-793.49		
-67.14   	-104.06   	108.77   	-824.00		
-68.36   	-108.64   	105.47   	-859.61		
-69.89   	-112.00   	102.03   	-915.56		
-72.02   	-114.44   	 98.37   	-981.68		
-74.16   	-115.36   	 94.45   	-1042.72		
-75.68   	-113.22   	 90.27   	-1103.76		
-75.07   	-108.64   	 85.86   	-1154.62		
-74.16   	-104.06   	 81.24   	-1190.23		
-74.16   	-101.62   	 76.48   	-1205.49		
-75.38   	-102.23   	 71.66   	-1215.66		
-77.51   	-104.68   	 66.80   	-1200.40		
-79.04   	-107.42   	 61.99   	-1185.14		
-79.04   	-108.64   	 57.25   	-1154.62		
-77.51   	-108.34   	 52.63   	-1119.02		
-75.38   	-107.73   	 48.16   	-1083.41		
-74.46   	-107.42   	 43.82   	-1027.46		
-74.77   	-107.73   	 39.72   	-981.68		
-75.99   	-108.34   	 35.79   	-925.73		
-76.60   	-108.34   	 32.09   	-869.78		
-76.29   	-108.34   	 28.61   	-803.66		
-74.46   	-108.95   	 25.39   	-747.71		
-73.24   	-110.17   	 22.40   	-676.50		
-72.63   	-110.78   	 19.69   	-615.46		
-72.94   	-110.47   	 17.23   	-544.25		
-73.55   	-109.56   	 15.06   	-478.13		
-74.16   	-109.86   	 13.14   	-406.92		
-74.46   	-112.61   	 11.52   	-350.97		
-74.46   	-116.88   	 10.11   	-295.01		
-74.16   	-119.93   	  8.93   	-244.15		
-74.16   	-120.85   	  7.96   	-203.46		
-74.77   	-119.93   	  7.14   	-178.03		
-75.68   	-117.80   	  6.43   	-167.85		
-76.29   	-115.66   	  5.76   	-178.03		
-75.99   	-112.61   	  5.05   	-239.06		
-74.77   	-109.25   	  4.09   	-381.48		
-72.63   	-107.12   	  2.56   	-615.46		
-71.41   	-108.34   	  0.10   	-940.99		
-72.02   	-113.22   	 -3.66   	-1297.04		
-74.46   	-119.32   	 -8.85   	-1637.84		
-77.51   	-122.38   	-15.40   	-1871.81		
-79.04   	-120.24   	-22.89   	-1943.02		End----------
-77.21   	-113.53   	-30.66   	-1831.12		
-71.11   	-104.37   	-37.99   	-1536.11		
-61.65   	-93.99   	-44.13   	-1124.11		
-50.96   	-80.87   	-48.63   	-645.98		
-40.28   	-62.56   	-51.21   	-188.20		
-30.52   	-39.06   	-51.96   	 203.46		
-22.58   	-16.17   	-51.15   	 498.47		
-17.70   	 -1.83   	-49.16   	 666.32		
-14.95   	 -1.22   	-46.49   	 732.45		
-11.90   	-12.21   	-43.56   	 712.10		
 -5.49   	-24.41   	-40.71   	 635.81		
  6.71   	-26.55   	-38.17   	 523.90		
 23.19   	-14.65   	-36.07   	 401.83		
 39.98   	  5.49   	-34.47   	 295.01		
 52.19   	 22.28   	-33.29   	 203.46		
 58.90   	 25.02   	-32.47   	 132.25		
 61.65   	 12.21   	-31.94   	  76.30		
 62.87   	 -5.49   	-31.64   	  40.69		
 68.05   	-10.07   	-31.47   	  25.43		
 92.47   	 16.48   	-31.37   	  35.61		
155.33   	 84.53   	-31.23   	  71.21		
266.11   	189.51   	-30.95   	 167.85		
408.02   	306.40   	-30.27   	 310.27		
530.40   	401.00   	-29.03   	 457.78		
567.63   	443.73   	-27.20   	 559.51		
479.13   	419.92   	-24.96   	 549.34		
281.98   	338.75   	-22.77   	 422.18		
 43.03   	226.44   	-21.08   	 208.54		
-160.22   	112.92   	-20.24   	 -20.35		
-284.12   	 21.97   	-20.33   	-137.33		
-335.08   	-35.71   	-20.87   	 -40.69		
-350.95   	-61.04   	-21.04   	 310.27		
-366.52   	-66.83   	-19.80   	 854.52		
-392.46   	-66.83   	-16.38   	1459.81		
-420.23   	-70.50   	-10.54   	1983.72		
-440.37   	-80.57   	 -2.60   	2319.42		
-449.83   	-96.13   	  6.67   	2426.24		
-447.69   	-115.97   	 16.38   	2329.59		
-430.30   	-138.24   	 25.70   	2070.19		
-392.76   	-157.47   	 33.98   	1749.74		
-334.47   	-165.71   	 40.98   	1429.29		
-262.15   	-156.86   	 46.69   	1154.62		
-187.07   	-133.67   	 51.31   	 961.34		
-120.24   	-108.64   	 55.16   	 834.18		
-69.27   	-93.38   	 58.49   	 757.88		
-37.23   	-90.94   	 61.53   	 717.19		
-23.19   	-95.21   	 64.39   	 701.93		
-22.28   	-97.96   	 67.20   	 691.76		
-24.72   	-94.91   	 69.97   	 701.93		
-23.50   	-87.59   	 72.78   	 717.19		
-16.48   	-79.65   	 75.65   	 722.28		
 -7.02   	-73.24   	 78.53   	 732.45		
  0.31   	-69.58   	 81.46   	 717.19		
  3.66   	-67.14   	 84.33   	 686.67		
  5.80   	-65.61   	 87.08   	 635.81		
 10.07   	-64.09   	 89.62   	 564.60		
 17.70   	-62.87   	 91.88   	 478.13		
 27.47   	-61.34   	 93.79   	 391.66		
 36.62   	-59.20   	 95.36   	 330.62		
 43.64   	-55.85   	 96.68   	 325.53		
 48.83   	-50.35   	 97.99   	 371.31		
 54.63   	-42.72   	 99.47   	 488.30		
 62.87   	-34.18   	101.42   	 640.89		
 73.55   	-25.63   	103.99   	 798.57		
 85.75   	-16.17   	107.18   	 930.82		
 98.27   	 -6.10   	110.90   	1022.38		
110.47   	  5.49   	114.99   	1068.15		
123.29   	 17.09   	119.27   	1068.15		
137.94   	 27.47   	123.54   	1042.72		
154.42   	 36.62   	127.71   	 996.94		
171.51   	 45.47   	131.70   	 961.34		
187.68   	 56.15   	135.54   	 925.73		
203.86   	 69.58   	139.25   	 905.39		
222.17   	 84.84   	142.87   	 874.87		
244.45   	100.10   	146.37   	 854.52		
270.08   	113.53   	149.79   	 824.00		
296.63   	123.90   	153.08   	 808.75		
320.43   	132.75   	156.32   	 798.57		
341.19   	142.21   	159.51   	 808.75		
359.50   	155.94   	162.75   	 834.18		
376.89   	175.17   	166.08   	 849.44		
393.07   	198.06   	169.48   	 849.44		
407.10   	220.64   	172.88   	 798.57		
417.48   	238.65   	176.07   	 717.19		
422.36   	249.02   	178.94   	 590.03		
419.62   	252.08   	181.30   	 442.52		
407.41   	249.33   	183.07   	 289.93		
385.74   	243.23   	184.23   	 137.33		
358.28   	235.29   	184.78   	  -5.09		
328.37   	225.83   	184.76   	-127.16		
298.46   	213.32   	184.25   	-244.15		
267.94   	196.53   	183.27   	-350.97		
234.07   	175.17   	181.87   	-442.52		
196.53   	149.84   	180.10   	-528.99		
157.78   	122.68   	177.99   	-600.20		
121.77   	 95.52   	175.58   	-645.98		
 88.50   	 69.58   	173.00   	-681.58		
 57.07   	 45.17   	170.27   	-701.93		
 25.02   	 22.58   	167.47   	-691.76		
 -6.41   	  2.75   	164.70   	-686.67		
-33.57   	-14.34   	161.95   	-661.24		
-52.49   	-28.69   	159.31   	-630.72		
-62.87   	-40.59   	156.78   	-615.46		
-66.53   	-50.05   	154.32   	-590.03		
-67.14   	-57.07   	151.96   	-574.77		
-67.14   	-61.95   	149.66   	-569.68		
-67.75   	-65.92   	147.38   	-559.51		
-69.89   	-69.89   	145.15   	-564.60		
-73.24   	-74.46   	142.89   	-559.51		
-77.21   	-78.74   	140.65   	-559.51		
-79.96   	-83.01   	138.41   	-554.42		
-80.87   	-87.28   	136.19   	-544.25		
-79.04   	-91.55   	134.02   	-528.99		
-75.38   	-95.21   	131.90   	-513.73		
-71.11   	-96.74   	129.85   	-503.56		
-67.75   	-95.83   	127.83   	-498.47		
-65.31   	-93.08   	125.84   	-488.30		
-63.48   	-89.72   	123.89   	-498.47		
-61.34   	-87.89   	121.89   	-508.65		
-59.20   	-87.28   	119.86   	-523.90		
-57.37   	-87.89   	117.76   	-544.25		
-56.76   	-90.33   	115.58   	-564.60		
-58.59   	-94.60   	113.33   	-579.86		
-61.04   	-100.40   	111.01   	-600.20		
-64.09   	-104.98   	108.61   	-610.37		
-66.83   	-107.12   	106.16   	-610.37		
-69.27   	-106.51   	103.72   	-605.29		
-70.80   	-104.68   	101.30   	-574.77		
-71.41   	-104.06   	 99.00   	-544.25		
-71.72   	-105.90   	 96.83   	-488.30		
-72.02   	-110.47   	 94.87   	-422.18		
-72.94   	-116.88   	 93.18   	-356.05		
-75.07   	-123.29   	 91.76   	  N/A		
