  I     	  II     	  LV     	  LV'		
204.77   	 49.13   	180.57   	-513.73		
205.69   	 59.20   	178.51   	-620.55		
210.88   	 85.14   	176.03   	-727.36		
220.03   	122.99   	173.12   	-824.00		
232.54   	165.41   	169.83   	-910.47		
245.97   	205.99   	166.18   	-986.77		
258.18   	240.48   	162.24   	-1047.81		
263.67   	265.50   	158.05   	-1088.50		
259.40   	280.76   	153.69   	-1119.02		
245.97   	288.39   	149.22   	-1134.28		
230.10   	292.66   	144.68   	-1154.62		
222.78   	299.68   	140.06   	-1164.80		
227.66   	310.97   	135.40   	-1159.71		
239.26   	321.96   	130.76   	-1164.80		
246.58   	325.01   	126.10   	-1154.62		
242.31   	315.55   	121.48   	-1154.62		
227.05   	294.80   	116.87   	-1169.88		
211.18   	270.39   	112.19   	-1190.23		
206.60   	255.13   	107.43   	-1241.09		
216.37   	256.65   	102.46   	-1297.04		
233.76   	273.13   	 97.27   	-1368.26		
245.67   	293.27   	 91.80   	-1414.03		
242.92   	304.26   	 86.14   	-1454.72		
228.27   	303.65   	 80.33   	-1449.64		
217.90   	299.38   	 74.53   	-1408.95		
232.54   	300.90   	 68.89   	-1327.56		
285.64   	300.90   	 63.58   	-1220.75		
377.20   	278.02   	 58.70   	-1083.41		
493.47   	214.23   	 54.36   	-956.25		
611.57   	108.03   	 50.54   	-824.00		
705.26   	-35.10   	 47.24   	-717.19		
754.09   	-218.81   	 44.37   	-630.72		
750.12   	-454.41   	 41.85   	-574.77		
702.82   	-740.97   	 39.55   	-539.16		
630.80   	-1043.09   	 37.40   	-513.73		
551.15   	-1294.25   	 35.34   	-493.39		
470.58   	-1436.77   	 33.37   	-467.95		
386.35   	-1460.27(R)	 31.50(E)	-437.43		
296.02   	-1397.40   	 29.75   	-391.66		
198.97   	-1288.45   	 28.18   	-340.79		
 94.60   	-1154.48   	 26.82   	-269.58		
-15.87   	-995.18   	 25.74   	-208.54		
-125.73   	-811.77   	 24.90   	-142.42		
-221.25   	-625.00   	 24.33   	 -86.47		
-285.95   	-463.87   	 23.99   	 -40.69		
-311.58   	-350.34   	 23.82   	   5.09		
-306.40   	-286.25   	 23.85   	  40.69		
-288.09   	-254.52   	 24.01   	  71.21		
-269.17   	-235.29   	 24.29   	 101.73		
-248.72   	-216.98   	 24.70   	 137.33		
-217.59   	-195.01   	 25.25   	 178.03		
-169.68   	-165.71   	 25.96   	 218.72		
-108.95   	-123.29   	 26.84   	 259.41		
-44.25   	-60.12   	 27.87   	 300.10		
 15.56   	 24.41   	 29.07   	 340.79		
 64.39   	118.71   	 30.44   	 371.31		
 99.79   	202.33   	 31.92   	 391.66		
121.46   	256.65   	 33.49   	 412.00		
130.00   	277.71   	 35.14   	 417.09		
130.92   	280.46   	 36.81   	 422.18		
130.92   	289.92   	 38.49   	 437.43		
136.41   	323.79   	 40.24   	 447.61		
150.76   	382.39   	 42.03   	 462.87		
171.20   	450.13   	 43.89   	 483.21		
189.82   	507.81   	 45.82   	 498.47		
198.97   	544.43   	 47.81   	 518.82		
195.62   	562.44   	 49.89   	 528.99		
184.33   	571.90   	 52.00   	 528.99		
174.87   	579.53   	 54.12   	 518.82		
177.00   	588.38   	 56.20   	 503.56		
191.35   	601.50   	 58.21   	 488.30		
209.96   	619.51   	 60.16   	 467.95		
224.30   	641.48   	 62.03   	 447.61		
230.41   	662.84   	 63.82   	 437.43		
230.71   	676.57   	 65.57   	 417.09		
231.93   	680.24   	 67.24   	 401.83		
236.82   	676.88   	 68.85   	 386.57		
243.84   	673.52   	 70.40   	 361.14		
249.94   	677.80   	 71.84   	 340.79		
253.30   	691.83   	 73.20   	 305.19		
256.04   	713.81   	 74.42   	 274.67		
259.09   	736.69   	 75.52   	 239.06		
263.37   	755.62   	 76.48   	 213.63		
268.55   	772.09   	 77.33   	 183.11		
274.05   	791.02   	 78.07   	 162.77		
278.93   	812.99   	 78.72   	 142.42		
281.98   	832.82   	 79.29   	 127.16		
282.59   	845.03   	 79.80   	 111.90		
280.46   	849.30   	 80.24   	  96.64		
276.79   	853.88   	 80.63   	  81.38		
275.27   	869.75   	 80.96   	  66.12		
277.71   	898.44   	 81.22   	  45.78		
283.51   	931.09   	 81.40   	  25.43		
290.53   	960.69   	 81.51   	   5.09		
296.63   	985.41   	 81.53   	 -15.26		
300.60   	1007.69   	 81.46   	 -35.61		
304.26   	1026.92   	 81.32   	 -50.86		
310.36   	1038.51   	 81.12   	 -66.12		
319.82   	1038.82   	 80.85   	 -91.56		
329.90   	1029.66   	 80.49   	-116.99		
337.22   	1016.85   	 80.02   	-137.33		
340.27   	1002.20   	 79.47   	-167.85		
340.27   	979.92   	 78.80   	-198.37		
340.58   	943.60   	 78.01   	-223.80		
342.10   	895.39   	 77.11   	-254.32		
341.80   	844.42   	 76.09   	-284.84		
335.08   	795.29   	 74.95   	-300.10		
320.43   	741.58   	 73.75   	-330.62		
301.21   	673.22   	 72.43   	-340.79		
286.25   	589.60   	 71.07   	-361.14		
279.54   	505.07   	 69.62   	-371.31		
278.02   	437.62   	 68.14   	-386.57		
273.44   	395.51   	 66.59   	-391.66		
260.01   	370.18   	 65.03   	-401.83		
238.34   	343.93   	 63.42   	-412.00		
216.37   	307.31   	 61.77   	-417.09		
202.03   	265.50   	 60.10   	-417.09		
195.92   	231.32   	 58.43   	-417.09		
193.48   	215.45   	 56.76   	-422.18		
191.04   	220.95   	 55.08   	-417.09		
187.68   	242.61   	 53.41   	-422.18		
184.02   	267.33   	 51.72   	-422.18		
178.83   	281.37   	 50.03   	-417.09		
168.15   	277.10   	 48.36   	-417.09		
151.06   	257.26   	 46.69   	-417.09		
132.75   	234.07   	 45.03   	-412.00		
121.46   	220.34   	 43.38   	-406.92		
122.07   	223.08   	 41.75   	-406.92		
131.23   	236.21   	 40.12   	-396.74		
139.77   	245.36   	 38.53   	-391.66		
141.60   	240.17   	 36.97   	-381.48		
137.94   	222.78   	 35.44   	-366.22		
133.97   	204.77   	 33.98   	-350.97		
132.14   	196.23   	 32.57   	-330.62		
132.45   	196.23   	 31.25   	-310.27		
131.84   	195.01   	 30.01   	-284.84		
130.31   	182.80   	 28.87   	-264.50		
130.31   	162.05   	 27.81   	-233.98		
133.97   	145.87   	 26.88   	-203.46		
139.16   	143.13   	 26.06   	-183.11		
141.30   	149.84   	 25.33   	-152.59		
137.63   	152.89   	 24.72   	-132.25		
129.39   	142.52   	 24.19   	-106.82		
119.93   	121.15   	 23.76   	 -81.38		
113.53   	 97.96   	 23.44   	 -66.12		
110.78   	 79.96   	 23.17   	 -40.69		
111.08   	 67.14   	 23.01   	 -20.35		
113.53   	 58.90   	 22.93(D)	   5.09		
116.88   	 56.76   	 22.95   	  25.43		
119.93   	 65.61   	 23.05   	  45.78		
121.15   	 86.98   	 23.23   	  61.04		
119.63   	113.83   	 23.48   	  86.47		
114.44   	131.84   	 23.82   	  91.56		
108.34   	130.92   	 24.19   	 106.82		
102.54   	107.42   	 24.62   	 111.90		
 98.27   	 69.58   	 25.07   	 111.90		
 95.21   	 33.57   	 25.51   	 106.82		
 93.69   	 15.87   	 25.94   	 106.82		
 93.38   	 21.06   	 26.37   	  91.56		
 92.77   	 38.15   	 26.73   	  86.47		
 91.55   	 48.83   	 27.08   	  76.30		
 89.11   	 39.06   	 27.39   	  71.21		
 85.14   	 10.38   	 27.67   	  66.12		
 79.04   	-23.19   	 27.93   	  61.04		
 70.80   	-45.47   	 28.18   	  55.95		
 58.29   	-51.27   	 28.40   	  61.04		
 44.25   	-45.17   	 28.65   	  55.95		
 38.15   	-31.43   	 28.87   	  55.95		
 54.93   	 -4.88   	 29.09   	  50.86		
108.95   	 48.22   	 29.30   	  45.78		
202.64   	141.91   	 29.48   	  35.61		
326.84   	274.05   	 29.62   	  30.52		
465.70   	426.64   	 29.75   	  20.35		
604.55   	575.87   	 29.83   	  15.26		
729.06   	703.74   	 29.89   	  15.26		
820.31   	792.54   	 29.95   	  10.17		
850.22   	813.60   	 29.99   	  10.17		
786.74   	736.39   	 30.03   	  15.26		
621.03   	555.73   	 30.09   	  20.35		
387.57   	321.04   	 30.17   	  25.43		
155.94   	123.60   	 30.27   	  40.69		
 -2.75   	 38.45   	 30.44   	  50.86		
-52.19   	 70.80   	 30.64   	  55.95		
-12.51   	154.72   	 30.86   	  76.30		
 57.98   	208.44   	 31.17   	  91.56		
104.68   	196.23   	 31.54   	 106.82		
109.25   	144.65   	 31.96   	 132.25		
 86.67   	101.01   	 32.49   	 157.68		
 64.39   	 89.72   	 33.12   	 188.20		
 58.90   	 99.49   	 33.88   	 218.72		
 68.05   	105.29   	 34.75   	 259.41		
 79.65   	 93.38   	 35.79   	 305.19		
 85.14   	 70.50   	 37.01   	 350.97		
 84.84   	 52.49   	 38.41   	 406.92		
 83.62   	 47.91   	 40.04   	 457.78		
 84.23   	 54.63   	 41.87   	 503.56		
 86.36   	 63.78   	 43.89   	 549.34		
 87.28   	 66.83   	 46.08   	 590.03		
 86.06   	 59.81   	 48.44   	 620.55		
 83.31   	 45.17   	 50.93   	 651.07		
 80.87   	 29.60   	 53.53   	 686.67		
 79.96   	 18.01   	 56.28   	 717.19		
 79.65   	 11.90   	 59.15   	 762.97		
 78.43   	  9.46   	 62.20   	 813.83		
 77.51   	  9.16   	 65.45   	 854.52		
 79.96   	 10.68   	 68.87   	 910.47		
 84.53   	 12.51   	 72.51   	 946.08		
 87.89   	 11.60   	 76.30   	 981.68		
 86.06   	  5.49   	 80.22   	1002.03		
 79.04   	 -4.58   	 84.23   	1007.12		
 70.50   	-15.56   	 88.26   	1007.12		
 66.53   	-22.89   	 92.29   	 986.77		
 68.36   	-26.25   	 96.24   	 966.43		
 73.24   	-27.77   	100.10   	 930.82		
 77.21   	-29.30   	103.82   	 890.13		
 78.74   	-30.21   	107.39   	 834.18		
 78.74   	-30.21   	110.72   	 778.23		
 79.35   	-30.52   	113.83   	 722.28		
 80.87   	-33.26   	116.72   	 661.24		
 81.79   	-41.81   	119.37   	 600.20		
 80.57   	-57.98   	121.77   	 549.34		
 75.99   	-80.57   	123.97   	 498.47		
 68.97   	-106.51   	125.96   	 447.61		
 61.95   	-131.84   	127.75   	 406.92		
 56.76   	-151.67   	129.38   	 371.31		
 54.32   	-162.66   	130.86   	 330.62		
 54.02   	-164.18   	132.19   	 305.19		
 55.24   	-158.69   	133.41   	 274.67		
 56.76   	-148.93   	134.51   	 254.32		
 59.20   	-137.02   	135.52   	 233.98		
 63.78   	-122.99   	136.46   	 213.63		
 70.50   	-105.90   	137.31   	 193.29		
 79.35   	-84.84   	138.09   	 167.85		
 90.94   	-57.68   	138.76   	 152.59		
105.29   	-22.58   	139.37   	 122.07		
121.77   	 18.92   	139.86   	 106.82		
136.41   	 60.42   	140.28   	  81.38		
143.74   	 93.38   	140.61   	  71.21		
141.60   	112.61   	140.89   	  50.86		
133.36   	119.63   	141.10   	  45.78		
127.26   	122.99   	141.28   	  40.69		
129.70   	129.39   	141.44   	  30.52		
140.69   	140.08   	141.57   	  15.26		
154.42   	151.06   	141.63   	  10.17		
164.49   	158.08   	141.67(S)	 -15.26		
168.76   	159.91   	141.61   	 -35.61		
169.68   	159.00   	141.46   	 -55.95		
170.29   	157.47   	141.24   	 -81.38		
172.12   	155.64   	140.92   	-106.82		
173.65   	152.59   	140.49   	-116.99		
171.81   	146.18   	140.02   	-132.25		
166.02   	137.02   	139.49   	-137.33		
157.47   	126.95   	138.94   	-157.68		
148.93   	117.49   	138.31   	-188.20		
141.30   	108.95   	137.56   	-233.98		
135.19   	101.01   	136.62   	-310.27		
129.09   	 92.47   	135.38   	-391.66		
121.77   	 82.40   	133.81   	-488.30		
113.83   	 71.72   	131.86   	-574.77		
106.51   	 61.95   	129.56   	-661.24		
100.10   	 53.41   	126.92   	-737.54		
 94.60   	 45.78   	123.97   	-803.66		
 89.42   	 38.45   	120.75   	-859.61		
 84.53   	 31.43   	117.31   	-920.65		
 80.57   	 25.63   	113.63   	-981.68		
 77.82   	 21.67   	109.70   	-1032.55		
 75.68   	 19.23   	105.57   	-1078.33		
 73.24   	 17.09   	101.26   	-1103.76		
 68.97   	 13.43   	 96.85   	-1113.93		
 63.48   	  8.24   	 92.39   	-1108.85		
 57.68   	  2.75   	 87.95   	-1068.15		
 53.10   	 -2.44   	 83.68   	-1022.38		
 50.35   	 -6.10   	 79.59   	-956.25		
 49.13   	 -9.16   	 75.77   	-890.13		
 48.22   	-13.73   	 72.21   	-829.09		
 46.39   	-21.06   	 68.89   	-768.05		
 43.33   	-31.74   	 65.82   	-717.19		
 39.06   	-46.08   	 62.95   	-676.50		
 33.57   	-61.65   	 60.24   	-635.81		
 26.86   	-72.63   	 57.70   	-595.11		
 20.75   	-70.50   	 55.32   	-564.60		
 17.70   	-50.05   	 53.06   	-518.82		
 22.89   	-12.82   	 50.99   	-478.13		
 43.03   	 27.16   	 49.07   	-432.35		
 85.14   	 50.66   	 47.34   	-386.57		
156.56   	 41.20   	 45.80   	-340.79		
257.26   	 -3.05   	 44.44   	-305.19		
375.06   	-72.94   	 43.21   	-274.67		
487.67   	-163.88   	 42.12   	-249.24		
569.46   	-290.53   	 41.12   	-233.98		
605.16   	-475.77   	 40.18   	-208.54		
596.92   	-721.74   	 39.35   	-188.20		
556.64   	-996.70   	 38.60   	-157.68		
494.38   	-1240.23   	 37.97   	-122.07		
415.04   	-1395.26   	 37.48   	 -86.47		
320.43   	-1442.57(R)	 37.13   	 -35.61		
216.67   	-1401.67   	 36.99(E)	  10.17		
115.97   	-1301.57   	 37.03   	  45.78		
 26.55   	-1160.89   	 37.21   	  91.56		
-55.85   	-987.85   	 37.58   	 122.07		
-138.85   	-793.76   	 38.07   	 157.68		
-222.17   	-600.28   	 38.70   	 178.03		
-295.72   	-433.04   	 39.41   	 203.46		
-344.54   	-310.36   	 40.22   	 228.89		
-360.11   	-232.85   	 41.14   	 259.41		
-350.34   	-188.60   	 42.18   	 284.84		
-327.45   	-163.27   	 43.32   	 325.53		
-300.60   	-147.09   	 44.62   	 361.14		
-270.39   	-132.45   	 46.06   	 396.74		
-233.46   	-110.17   	 47.65   	 432.35		
-186.77   	-72.33   	 49.38   	 467.95		
-130.92   	-13.43   	 51.25   	 498.47		
-70.19   	 65.92   	 53.24   	 523.90		
-10.38   	155.33   	 55.34   	 549.34		
 40.89   	237.12   	 57.54   	 569.68		
 77.51   	296.33   	 59.82   	 595.11		
 96.44   	326.23   	 62.20   	 620.55		
 99.79   	330.51   	 64.68   	 640.89		
 93.99   	320.74   	 67.24   	 656.15		
 86.98   	310.06   	 69.87   	 671.41		
 84.53   	307.01   	 72.55   	 676.50		
 87.28   	311.89   	 75.26   	 681.58		
 93.08   	321.66   	 77.99   	 686.67		
 98.27   	330.20   	 80.73   	 676.50		
 99.79   	334.78   	 83.44   	 676.50		
 98.57   	336.00   	 86.14   	 671.41		
 96.13   	335.39   	 88.83   	 671.41		
 95.21   	336.61   	 91.52   	 676.50		
 97.35   	341.49   	 94.22   	 671.41		
101.93   	349.73   	 96.91   	 681.58		
107.73   	359.19   	 99.63   	 676.50		
112.61   	366.21   	102.34   	 676.50		
114.44   	368.35   	105.05   	 661.24		
114.14   	365.60   	107.69   	 645.98		
112.92   	359.50   	110.27   	 625.63		
112.30   	352.17   	112.78   	 595.11		
112.30   	344.54   	115.16   	 564.60		
112.00   	337.83   	117.42   	 528.99		
111.39   	334.17   	119.53   	 493.39		
111.39   	336.61   	121.51   	 457.78		
112.92   	345.46   	123.34   	 422.18		
115.66   	360.11   	125.02   	 381.48		
118.71   	378.42   	126.55   	 340.79		
122.38   	400.39   	127.91   	 305.19		
127.26   	426.94   	129.13   	 274.67		
134.58   	460.82   	130.23   	 233.98		
145.26   	502.93   	131.17   	 203.46		
159.91   	553.59   	131.98   	 178.03		
178.53   	612.18   	132.70   	 147.51		
202.03   	677.19   	133.29   	 127.16		
226.75   	744.32   	133.79   	 101.73		
245.97   	807.19   	134.20   	  76.30		
254.82   	860.90   	134.51   	  61.04		
253.60   	903.02   	134.75   	  35.61		
250.24   	935.67   	134.89   	  10.17		
253.91   	962.22   	134.93   	  -5.09		
269.47   	985.72   	134.91   	 -35.61		
292.66   	1005.55   	134.77   	 -50.86		
314.03   	1018.68   	134.57   	 -76.30		
326.84   	1021.12   	134.26   	 -91.56		
329.90   	1011.66   	133.90   	-111.90		
326.54   	989.38   	133.45   	-127.16		
321.66   	957.64   	132.94   	-132.25		
318.60   	920.41   	132.41   	-137.33		
316.47   	878.91   	131.86   	-137.33		
313.72   	833.44   	131.31   	-137.33		
308.84   	782.47   	130.76   	-142.42		
300.29   	727.23   	130.19   	-162.77		
288.39   	670.17   	129.54   	-188.20		
273.74   	614.01   	128.79   	-228.89		
258.18   	559.69   	127.87   	-284.84		
242.92   	506.59   	126.73   	-335.71		
227.66   	453.19   	125.39   	-396.74		
212.71   	400.70   	123.80   	-442.52		
197.14   	350.95   	122.03   	-488.30		
180.97   	305.79   	120.08   	-523.90		
164.79   	267.03   	117.99   	-559.51		
150.76   	237.43   	115.75   	-590.03		
140.99   	220.03   	113.39   	-615.46		
134.58   	214.54   	110.93   	-645.98		
128.78   	217.59   	108.34   	-666.32		
119.02   	221.25   	105.68   	-686.67		
103.15   	215.45   	102.93   	-701.93		
 83.01   	193.18   	100.12   	-717.19		
 62.26   	154.11   	 97.25   	-717.19		
 45.78   	104.98   	 94.38   	-717.19		
 35.10   	 54.32   	 91.52   	-707.02		
 28.38   	  9.16   	 88.69   	-696.84		
 23.19   	-26.55   	 85.90   	-686.67		
 18.01   	-51.27   	 83.15   	-671.41		
 12.51   	-67.14   	 80.47   	-661.24		
  6.41   	-77.51   	 77.82   	-651.07		
 -0.61   	-87.28   	 75.22   	-640.89		
 -8.54   	-101.01   	 72.65   	-630.72		
-17.09   	-117.80   	 70.13   	-625.63		
-24.11   	-132.45   	 67.63   	-605.29		
-27.47   	-140.69   	 65.21   	-595.11		
-26.55   	-142.82   	 62.83   	-569.68		
-24.41   	-144.65   	 60.55   	-544.25		
-24.11   	-149.54   	 58.37   	-518.82		
-26.55   	-155.64   	 56.30   	-488.30		
-29.60   	-157.17   	 54.34   	-452.69		
-30.52   	-148.62   	 52.53   	-417.09		
-26.55   	-128.48   	 50.86   	-371.31		
-17.70   	-100.40   	 49.38   	-335.71		
 -4.58   	-68.66   	 48.04   	-284.84		
 10.99   	-36.32   	 46.90   	-249.24		
 27.77   	 -6.10   	 45.90   	-203.46		
 41.50   	 21.06   	 45.09   	-167.85		
 47.30   	 45.17   	 44.41   	-132.25		
 42.11   	 65.31   	 43.89   	-106.82		
 28.38   	 79.35   	 43.46   	 -91.56		
 14.34   	 83.01   	 43.09   	 -76.30		
 10.07   	 76.90   	 42.79   	 -71.21		
 19.53   	 68.05   	 42.50   	 -71.21		
 39.06   	 67.44   	 42.22   	 -71.21		
 59.20   	 80.26   	 41.93   	 -76.30		
 69.89   	 99.49   	 41.63   	 -76.30		
 68.05   	110.78   	 41.32   	 -81.38		
 58.59   	105.90   	 41.00   	 -81.38		
 50.05   	 89.11   	 40.67   	 -81.38		
 48.22   	 73.55   	 40.35   	 -76.30		
 52.19   	 65.92   	 40.04   	 -81.38		
 56.15   	 62.26   	 39.72   	 -76.30		
 55.24   	 52.80   	 39.41   	 -71.21		
 50.66   	 34.79   	 39.12   	 -71.21		
 45.78   	 15.87   	 38.84   	 -71.21		
 43.95   	  6.10   	 38.56   	 -66.12		
 43.64   	  8.24   	 38.29   	 -55.95		
 41.50   	 13.43   	 38.07   	 -55.95		
 34.18   	  8.24   	 37.84   	 -40.69		
 24.11   	-11.29   	 37.68   	 -35.61		
 16.78   	-37.54   	 37.54   	 -30.52		
 15.87   	-56.76   	 37.42   	 -20.35		
 20.75   	-58.90   	 37.33   	 -20.35		
 26.25   	-45.47   	 37.25   	 -15.26		
 26.55   	-28.69   	 37.19   	 -15.26		
 19.84   	-21.97   	 37.13   	 -20.35		
  9.46   	-30.82   	 37.05   	 -20.35		
  1.22   	-48.83   	 36.97   	 -25.43		
 -0.61   	-62.87   	 36.87   	 -30.52		
  3.66   	-65.00   	 36.74   	 -35.61		
  9.46   	-57.37   	 36.60   	 -40.69		
 12.51   	-50.66   	 36.44   	 -50.86		
 11.90   	-53.71   	 36.24   	 -50.86		
  8.85   	-65.61   	 36.03   	 -61.04		
  4.58   	-79.35   	 35.79   	 -61.04		
  0.61   	-88.81   	 35.54   	 -66.12		
 -2.75   	-93.99   	 35.28   	 -71.21		
 -5.49   	-100.10   	 34.99   	 -76.30		
 -8.24   	-113.53   	 34.69   	 -71.21		
-11.90   	-133.97   	 34.40   	 -71.21		
-17.40   	-156.86   	 34.12   	 -71.21		
-22.89   	-176.39   	 33.84   	 -66.12		
-25.33   	-187.68   	 33.57   	 -66.12		
-24.11   	-190.12   	 33.31   	 -55.95		
-22.58   	-187.38   	 33.08   	 -55.95		
-24.11   	-184.33   	 32.86   	 -45.78		
-27.77   	-180.66   	 32.68   	 -45.78		
-28.69   	-170.59   	 32.49   	 -45.78		
-21.36   	-145.57   	 32.31   	 -45.78		
 -6.71   	-104.06   	 32.13   	 -40.69		
  9.46   	-53.41   	 31.96   	 -76.30		
 33.57   	 36.01   	 31.66   	 -35.61		
 40.28   	 63.48   	 31.52   	 -35.61		
 41.81   	 79.35   	 31.37   	 -30.52		
 36.32   	 82.40   	 31.25   	 -25.43		
 25.63   	 75.38   	 31.15   	 -25.43		
 18.01   	 68.05   	 31.05   	 -20.35		
 20.75   	 72.02   	 30.97   	 -25.43		
 33.87   	 91.55   	 30.86   	 -15.26		
 48.52   	117.80   	 30.80   	 -20.35		
 56.46   	134.28   	 30.72   	 -20.35		
 57.68   	132.75   	 30.64   	 -25.43		
 58.90   	119.32   	 30.54   	 -20.35		
 65.31   	107.42   	 30.46   	 -25.43		
 74.46   	105.90   	 30.36   	 -20.35		
 79.96   	111.39   	 30.27   	 -25.43		
 77.21   	113.53   	 30.17   	 -25.43		
 68.05   	103.45   	 30.07   	 -25.43		
 59.20   	 84.53   	 29.97   	 -20.35		
 57.68   	 66.83   	 29.89   	 -25.43		
 63.48   	 60.12   	 29.79   	 -20.35		
 71.11   	 66.53   	 29.70   	 -20.35		
 72.94   	 80.26   	 29.62   	 -15.26		
 62.87   	 90.33   	 29.56   	 -15.26		
 46.08   	 93.08   	 29.50   	 -15.26		
 41.50   	101.93   	 29.44   	 -10.17		
 71.72   	138.85   	 29.40   	 -15.26		
148.93   	219.73   	 29.34   	 -10.17		
267.03   	342.71   	 29.30   	 -10.17		
408.33   	484.62   	 29.26   	  -5.09		
556.03   	618.59   	 29.24   	 -10.17		
699.46   	731.81   	 29.20   	 -10.17		
827.03   	822.75   	 29.16   	  -5.09		
913.09   	875.24   	 29.14   	  -5.09		
916.44   	846.25   	 29.11   	  -5.09		
801.09   	696.72   	 29.09   	   0.00		
574.04   	437.32   	 29.09   	   5.09		
297.24   	149.23   	 29.11   	  15.26		
 59.51   	-57.68   	 29.18   	  25.43		
-69.27   	-121.46   	 29.28   	  40.69		
-77.21   	-71.72   	 29.44   	  61.04		
-14.34   	 -0.92   	 29.68   	  81.38		
 47.61   	 10.99   	 30.01   	 106.82		
 65.31   	-48.22   	 30.44   	 142.42		
 41.20   	-134.58   	 31.01   	 178.03		
  3.66   	-197.45   	 31.72   	 223.80		
-21.06   	-217.59   	 32.61   	 279.75		
-25.94   	-209.96   	 33.73   	 330.62		
-20.75   	-199.58   	 35.06   	 401.83		
-15.26   	-200.50   	 36.66   	 462.87		
-13.12   	-207.82   	 38.51   	 544.25		
-12.51   	-212.10   	 40.69   	 615.46		
-12.21   	-207.82   	 43.15   	 686.67		
-12.51   	-195.01   	 45.90   	 752.79		
-12.51   	-173.95   	 48.91   	 818.92		
 -7.93   	-142.52   	 52.19   	 869.78		
  1.83   	-101.01   	 55.67   	 905.39		
 14.95   	-55.54   	 59.29   	 935.91		
 27.47   	-18.92   	 63.03   	 956.25		
 35.10   	 -0.61   	 66.86   	 961.34		
 36.32   	  5.49   	 70.70   	 956.25		
 32.35   	 14.65   	 74.53   	 961.34		
 26.25   	 34.18   	 78.37   	 946.08		
 21.36   	 56.76   	 82.16   	 951.17		
 21.06   	 71.11   	 85.96   	 946.08		
 26.86   	 75.68   	 89.75   	 946.08		
 38.15   	 80.26   	 93.53   	 946.08		
 51.57   	 92.47   	 97.31   	 940.99		
 63.17   	106.51   	101.08   	 930.82		
 70.80   	110.78   	104.80   	 905.39		
 73.55   	100.71   	108.42   	 874.87		
 72.33   	 85.14   	111.92   	 829.09		
 67.75   	 75.99   	115.24   	 773.14		
 62.56   	 74.77   	118.33   	 717.19		
 59.51   	 72.02   	121.20   	 666.32		
 59.81   	 60.73   	123.87   	 615.46		
 63.48   	 44.25   	126.33   	 569.68		
 67.14   	 30.82   	128.61   	 534.08		
 67.75   	 25.63   	130.74   	 503.56		
 65.61   	 28.38   	132.76   	 473.04		
 63.17   	 32.35   	134.65   	 452.69		
 62.87   	 32.35   	136.46   	 437.43		
 65.61   	 28.08   	138.21   	 427.26		
 68.05   	 22.89   	139.92   	 412.00		
 68.05   	 18.92   	141.57   	 406.92		
 66.22   	 19.23   	143.19   	 386.57		
 64.09   	 22.89   	144.74   	 371.31		
 63.17   	 25.02   	146.23   	 345.88		
 63.48   	 19.53   	147.61   	 315.36		
 63.17   	  3.97   	148.87   	 289.93		
 62.26   	-17.09   	150.03   	 264.50		
 61.34   	-33.26   	151.09   	 244.15		
 61.65   	-35.10   	152.06   	 223.80		
 63.17   	-21.36   	152.96   	 213.63		
 64.39   	 -0.92   	153.81   	 208.54		
 64.70   	 15.26   	154.65   	 203.46		
 65.00   	 19.53   	155.46   	 193.29		
 65.61   	  9.46   	156.24   	 178.03		
 65.92   	-10.99   	156.95   	 162.77		
 65.61   	-34.18   	157.60   	 137.33		
 64.09   	-52.80   	158.15   	 111.90		
 61.95   	-64.09   	158.60   	  81.38		
 60.42   	-69.27   	158.92   	  50.86		
 59.51   	-73.24   	159.12   	  20.35		
 58.90   	-80.26   	159.21(S)	 -10.17		
 57.98   	-89.42   	159.17   	 -35.61		
 57.07   	-96.74   	159.02   	 -66.12		
 55.85   	-98.27   	158.76   	 -96.64		
 55.24   	-93.38   	158.37   	-137.33		
 55.85   	-84.53   	157.82   	-167.85		
 58.29   	-74.46   	157.15   	-213.63		
 61.65   	-62.87   	156.30   	-259.41		
 64.70   	-49.13   	155.26   	-305.19		
 66.83   	-30.82   	154.04   	-371.31		
 69.27   	 -7.63   	152.55   	-437.43		
 73.55   	 20.14   	150.80   	-508.65		
 79.65   	 49.74   	148.77   	-590.03		
 83.92   	 77.21   	146.41   	-666.32		
 82.40   	100.40   	143.74   	-747.71		
 73.85   	118.71   	140.75   	-818.92		
 61.95   	132.75   	137.48   	-879.96		
 54.32   	143.74   	133.96   	-935.91		
 54.93   	151.67   	130.21   	-996.94		
 60.73   	155.03   	126.23   	-1057.98		
 65.61   	152.89   	121.99   	-1124.11		
 65.61   	146.79   	117.50   	-1205.49		
 61.34   	140.69   	112.68   	-1281.79		
 57.68   	137.94   	107.55   	-1353.00		
 57.68   	137.94   	102.14   	-1419.12		
 60.73   	137.33   	 96.46   	-1444.55		
 63.48   	130.62   	 90.68   	-1449.64		
 64.09   	116.27   	 84.88   	-1403.86		
 62.26   	 98.57   	 79.27   	-1332.65		
 59.81   	 83.92   	 73.94   	-1230.92		
 57.37   	 76.29   	 69.01   	-1119.02		
 54.32   	 74.46   	 64.54   	-1002.03		
 50.96   	 72.94   	 60.53   	-895.22		
 47.91   	 68.05   	 56.95   	-808.75		
 46.08   	 58.90   	 53.71   	-732.45		
 46.39   	 49.13   	 50.78   	-676.50		
 48.22   	 42.42   	 48.08   	-640.89		
 50.66   	 39.98   	 45.51   	-605.29		
 51.88   	 40.28   	 43.09   	-569.68		
 52.19   	 40.28   	 40.81   	-539.16		
 52.49   	 40.28   	 38.66   	-498.47		
 55.54   	 41.81   	 36.66   	-452.69		
 61.34   	 48.52   	 34.85   	-406.92		
 67.44   	 62.56   	 33.22   	-361.14		
 69.58   	 83.31   	 31.78   	-315.36		
 68.36   	108.95   	 30.52   	-279.75		
 70.80   	138.85   	 29.40   	-244.15		
 92.77   	178.53   	 28.42   	-223.80		
150.15   	238.04   	 27.53   	-198.37		
249.33   	323.49   	 26.73   	-172.94		
383.91   	431.21   	 26.04   	-157.68		
539.25   	545.96   	 25.41   	-122.07		
698.24   	652.77   	 24.92   	-157.68		
940.86   	779.72   	 24.29   	 -25.43		
961.61   	743.71   	 24.19(D)	   5.09		
865.48   	599.06   	 24.21   	  30.52		
648.80   	352.17   	 24.33   	  61.04		
362.55   	 69.27   	 24.58   	  76.30		
 92.47   	-150.15   	 24.88   	  91.56		
-80.26   	-239.56   	 25.25   	 111.90		
-126.34   	-209.05   	 25.70   	 122.07		
-83.62   	-133.06   	 26.19   	 132.25		
-22.89   	-90.03   	 26.71   	 152.59		
  4.27   	-104.68   	 27.32   	 162.77		
 -9.77   	-145.87   	 27.98   	 193.29		
-39.98   	-167.24   	 28.75   	 213.63		
-57.37   	-147.09   	 29.60   	 239.06		
-50.66   	-96.74   	 30.56   	 274.67		
-29.91   	-42.72   	 31.66   	 310.27		
-12.51   	 -3.66   	 32.90   	 345.88		
 -9.46   	 16.48   	 34.28   	 376.40		
-18.92   	 23.80   	 35.79   	 406.92		
-32.04   	 27.16   	 37.42   	 437.43		
-38.15   	 32.96   	 39.17   	 462.87		
-32.65   	 42.11   	 41.02   	 488.30		
-18.92   	 52.49   	 42.97   	 513.73		
 -4.58   	 61.04   	 45.03   	 544.25		
  5.19   	 65.61   	 47.20   	 559.51		
 10.07   	 68.05   	 49.44   	 579.86		
 13.12   	 68.97   	 51.76   	 595.11		
 17.09   	 68.97   	 54.14   	 605.29		
 23.19   	 68.66   	 56.56   	 600.20		
 31.43   	 67.44   	 58.96   	 600.20		
 40.28   	 65.31   	 61.36   	 579.86		
 47.91   	 61.95   	 63.68   	 564.60		
 52.80   	 57.07   	 65.94   	 544.25		
 54.63   	 51.88   	 68.12   	 518.82		
 54.32   	 47.00   	 70.19   	 503.56		
 53.71   	 42.72   	 72.21   	 498.47		
 53.41   	 37.84   	 74.20   	 503.56		
 52.49   	 31.74   	 76.22   	 508.65		
 50.05   	 24.41   	 78.25   	 523.90		
 46.08   	 16.78   	 80.35   	 539.16		
 41.20   	 10.38   	 82.50   	 559.51		
 36.62   	  6.41   	 84.74   	 564.60		
 32.96   	  3.05   	 87.00   	 564.60		
 30.21   	 -0.31   	 89.26   	 559.51		
 28.08   	 -4.27   	 91.50   	 549.34		
 26.55   	 -7.63   	 93.69   	 539.16		
 25.63   	 -8.85   	 95.85   	 528.99		
 24.72   	 -8.24   	 97.97   	 508.65		
 23.80   	 -6.71   	100.00   	 498.47		
 22.28   	 -7.02   	101.99   	 483.21		
 20.75   	 -9.16   	103.93   	 452.69		
 20.75   	-10.99   	105.74   	 432.35		
 23.19   	-10.38   	107.47   	 391.66		
 27.77   	 -7.32   	109.03   	 356.05		
 33.26   	 -3.97   	110.46   	 315.36		
 39.37   	 -3.36   	111.72   	 274.67		
 44.56   	 -6.10   	112.82   	 239.06		
 49.74   	-10.68   	113.77   	 203.46		
 54.93   	-15.26   	114.59   	 178.03		
 59.81   	-18.62   	115.30   	 152.59		
 64.39   	-21.36   	115.91   	 127.16		
 68.97   	-22.58   	116.42   	 106.82		
 73.55   	-21.36   	116.85   	  86.47		
 78.43   	-16.78   	117.19   	  66.12		
 83.01   	 -8.24   	117.46   	  40.69		
 86.36   	  3.36   	117.62   	  10.17		
 88.81   	 17.40   	117.66   	 -15.26		
 91.25   	 33.26   	117.60   	 -40.69		
 94.30   	 51.57   	117.44   	 -71.21		
 98.57   	 72.94   	117.15   	-101.73		
102.84   	 96.74   	116.74   	-132.25		
107.42   	122.38   	116.22   	-152.59		
111.08   	147.40   	115.60   	-188.20		
110.17   	167.54   	114.85   	-208.54		
100.10   	178.53   	114.02   	-244.15		
 79.04   	179.14   	113.04   	-269.58		
 51.88   	171.20   	111.96   	-300.10		
 27.16   	159.00   	110.76   	-325.53		
 11.90   	147.09   	109.46   	-356.05		
  6.71   	136.72   	108.04   	-376.40		
  5.80   	127.26   	106.53   	-406.92		
  2.44   	116.27   	104.90   	-427.26		
 -5.19   	103.45   	103.19   	-452.69		
-14.65   	 89.72   	101.38   	-473.04		
-22.28   	 76.60   	 99.49   	-493.39		
-26.55   	 65.31   	 97.52   	-508.65		
-28.99   	 54.93   	 95.48   	-528.99		
-32.04   	 44.56   	 93.37   	-539.16		
-36.32   	 32.65   	 91.21   	-554.42		
-39.98   	 19.53   	 88.99   	-559.51		
-41.50   	  7.32   	 86.75   	-559.51		
-40.89   	 -2.14   	 84.52   	-569.68		
-39.37   	 -7.63   	 82.24   	-564.60		
-38.76   	-10.99   	 79.98   	-564.60		
-39.67   	-14.65   	 77.72   	-559.51		
-41.50   	-20.14   	 75.48   	-554.42		
-43.33   	-27.16   	 73.27   	-549.34		
-43.95   	-33.26   	 71.07   	-539.16		
-43.95   	-37.54   	 68.91   	-528.99		
-43.33   	-39.98   	 66.80   	-513.73		
-42.72   	-42.42   	 64.74   	-498.47		
-42.11   	-45.47   	 62.75   	-483.21		
-41.81   	-48.83   	 60.81   	-457.78		
-42.42   	-51.88   	 58.98   	-432.35		
-43.95   	-55.54   	 57.25   	-406.92		
-46.69   	-59.81   	 55.63   	-376.40		
-50.66   	-64.09   	 54.12   	-335.71		
-54.63   	-67.14   	 52.78   	-300.10		
-57.07   	-68.36   	 51.58   	-259.41		
-57.37   	-68.97   	 50.54   	-223.80		
-55.85   	-71.41   	 49.64   	-178.03		
-54.02   	-76.90   	 48.93   	-142.42		
-54.93   	-83.92   	 48.36   	-101.73		
-62.56   	-89.11   	 47.96   	 -71.21		
-78.13   	-91.25   	 47.67   	 -40.69		
-97.66   	-89.11   	 47.51   	  -5.09		
-107.73   	-80.26   	 47.49   	  10.17		
-90.03   	-56.46   	 47.53   	  30.52		
-28.38   	 -3.66   	 47.65   	  40.69		
 80.26   	 86.36   	 47.81   	  55.95		
224.30   	207.52   	 48.04   	  55.95		
386.35   	343.32   	 48.26   	  55.95		
552.37   	477.29   	 48.48   	 116.99		
835.57   	679.93   	 48.95   	  55.95		
894.17   	693.97   	 49.18   	  61.04		
840.45   	603.03   	 49.42   	  55.95		
657.35   	403.75   	 49.64   	  61.04		
385.13   	153.81   	 49.89   	  71.21		
108.34   	-48.83   	 50.17   	  71.21		
-87.28   	-131.23   	 50.46   	  86.47		
-158.69   	-90.94   	 50.80   	  96.64		
-129.70   	  7.32   	 51.19   	 116.99		
-66.22   	 83.01   	 51.66   	 132.25		
-23.80   	 98.57   	 52.19   	 157.68		
-18.01   	 71.11   	 52.82   	 188.20		
-32.96   	 40.59   	 53.57   	 208.54		
-44.86   	 32.96   	 54.40   	 244.15		
-42.72   	 45.47   	 55.38   	 274.67		
-30.82   	 60.73   	 56.48   	 315.36		
-19.23   	 65.31   	 57.74   	 350.97		
-13.73   	 57.37   	 59.15   	 396.74		
-13.12   	 44.86   	 60.73   	 432.35		
-14.34   	 35.71   	 62.46   	 483.21		
-15.56   	 32.35   	 64.39   	 518.82		
-14.95   	 31.13   	 66.47   	 559.51		
-13.43   	 28.08   	 68.71   	 600.20		
-12.21   	 20.14   	 71.11   	 635.81		
-12.21   	  9.16   	 73.65   	 666.32		
-13.73   	 -1.22   	 76.32   	 696.84		
-15.87   	 -8.54   	 79.10   	 727.36		
-17.70   	-12.82   	 82.01   	 742.62		
-18.92   	-16.48   	 84.98   	 768.05		
-18.31   	-21.36   	 88.06   	 778.23		
-16.78   	-27.47   	 91.17   	 793.49		
-15.26   	-33.87   	 94.34   	 798.57		
-14.34   	-38.76   	 97.54   	 813.83		
-14.95   	-41.20   	100.79   	 818.92		
-15.87   	-41.50   	104.07   	 808.75		
-16.17   	-40.28   	107.30   	 798.57		
-16.48   	-39.37   	110.50   	 773.14		
-16.78   	-38.76   	113.59   	 732.45		
-16.78   	-38.45   	116.52   	 686.67		
-15.87   	-37.54   	119.27   	 635.81		
-13.73   	-33.57   	121.81   	 579.86		
 -9.16   	-23.80   	124.13   	 534.08		
 -3.05   	 -7.63   	126.27   	 493.39		
  3.66   	 12.82   	128.24   	 452.69		
  9.46   	 33.87   	130.05   	 417.09		
 12.21   	 48.83   	131.72   	 386.57		
 11.29   	 51.27   	133.26   	 356.05		
  6.71   	 37.23   	134.69   	 325.53		
  0.61   	  5.49   	135.99   	 295.01		
 -6.41   	-39.37   	137.17   	 269.58		
-12.51   	-87.28   	138.25   	 233.98		
-16.17   	-124.82   	139.19   	 213.63		
-16.78   	-143.74   	140.04   	 193.29		
-15.26   	-143.43   	140.81   	 167.85		
-13.12   	-130.31   	141.48   	 152.59		
-11.29   	-111.08   	142.10   	 132.25		
 -8.85   	-89.72   	142.62   	 106.82		
 -3.66   	-67.75   	143.05   	  86.47		
  4.27   	-46.08   	143.40   	  55.95		
 14.34   	-25.33   	143.62   	  30.52		
 25.94   	 -2.44   	143.74   	   5.09		
 40.28   	 30.21   	143.76(S)	 -15.26		
 58.29   	 76.60   	143.70   	 -35.61		
 78.13   	131.23   	143.56   	 -55.95		
 92.47   	177.92   	143.34   	 -61.04		
 95.83   	202.94   	143.09   	 -76.30		
 89.42   	207.21   	142.79   	 -81.38		
 82.70   	204.77   	142.46   	 -96.64		
 85.45   	209.96   	142.07   	-106.82		
100.71   	224.61   	141.65   	-116.99		
120.54   	238.34   	141.18   	-132.25		
134.89   	242.92   	140.65   	-147.51		
138.85   	239.26   	140.06   	-152.59		
133.67   	233.46   	139.45   	-157.68		
124.51   	227.36   	138.82   	-162.77		
113.83   	215.15   	138.17   	-172.94		
103.15   	191.04   	137.48   	-193.29		
 92.77   	158.08   	136.70   	-233.98		
 83.31   	126.04   	135.77   	-289.93		
 75.68   	103.45   	134.61   	-376.40		
 70.50   	 92.16   	133.10   	-467.95		
 66.22   	 88.20   	131.23   	-564.60		
 62.26   	 87.89   	128.97   	-661.24		
 57.68   	 88.20   	126.33   	-747.71		
 51.27   	 84.23   	123.34   	-829.09		
 43.03   	 72.63   	120.02   	-895.22		
 34.48   	 54.02   	116.44   	-961.34		
 26.25   	 36.01   	112.59   	-1022.38		
 19.53   	 30.82   	108.50   	-1083.41		
 12.21   	 44.86   	104.17   	-1124.11		
  2.44   	 72.94   	 99.67   	-1169.88		
 -6.10   	104.06   	 94.99   	-1190.23		
 -2.14   	126.95   	 90.23   	-1190.23		
 29.91   	134.58   	 85.47   	-1174.97		
 99.79   	121.15   	 80.77   	-1134.28		
203.55   	 77.51   	 76.24   	-1083.41		
320.13   	 -5.49   	 71.90   	-1027.46		
422.36   	-126.95   	 67.79   	-966.43		
488.89   	-274.96   	 63.93   	-905.39		
519.41   	-434.57   	 60.30   	-859.61		
529.48   	-600.59   	 56.87   	-813.83		
534.36   	-780.03   	 53.61   	-778.23		
533.45   	-976.56   	 50.50   	-747.71		
506.59   	-1172.49   	 47.51   	-712.10		
426.94   	-1328.74   	 44.66   	-666.32		
286.87   	-1405.03   	 41.99   	-620.55		
107.42   	-1389.47   	 39.51   	-554.42		
-68.97   	-1302.19   	 37.29   	-488.30		
-203.86   	-1180.73   	 35.34   	-412.00		
-282.90   	-1054.38   	 33.69   	-325.53		
-321.04   	-932.92   	 32.39   	-244.15		
-344.85   	-813.90   	 31.41   	-162.77		
-375.06   	-694.89   	 30.76   	 -91.56		
-415.65   	-581.67   	 30.40   	 -20.35		
-456.24   	-484.01   	 30.32(D)	  40.69		
-482.79   	-407.71   	 30.48   	  96.64		
-486.15   	-350.34   	 30.86   	 137.33		
-462.65   	-299.07   	 31.41   	 188.20		
-412.60   	-238.65   	 32.17   	 233.98		
-340.58   	-159.61   	 33.10   	 279.75		
-254.21   	-63.48   	 34.22   	 325.53		
-166.63   	 38.45   	 35.52   	 788.40		
-45.17   	207.52   	 38.68   	 452.69		
-23.80   	257.57   	 40.49   	 493.39		
-21.36   	281.07   	 42.46   	 523.90		
-24.11   	283.81   	 44.56   	 559.51		
-20.75   	277.10   	 46.80   	 595.11		
 -7.02   	276.18   	 49.18   	 620.55		
 12.21   	290.22   	 51.66   	 656.15		
 30.82   	317.99   	 54.28   	 686.67		
 44.86   	347.29   	 57.03   	 707.02		
 53.71   	365.60   	 59.86   	 727.36		
 58.90   	366.21   	 62.77   	 732.45		
 62.26   	351.87   	 65.70   	 732.45		
 64.39   	333.86   	 68.63   	 717.19		
 66.83   	323.79   	 71.50   	 707.02		
 70.19   	325.32   	 74.32   	 681.58		
 73.85   	335.08   	 77.05   	 656.15		
 76.60   	345.15   	 79.67   	 630.72		
 77.21   	351.56   	 82.20   	 600.20		
 75.99   	354.92   	 84.60   	 579.86		
 74.16   	357.06   	 86.92   	 549.34		
 71.72   	355.53   	 89.11   	 518.82		
 69.89   	349.12   	 91.19   	 488.30		
 70.80   	344.54   	 93.14   	 462.87		
 75.38   	354.00   	 94.99   	 427.26		
 83.01   	383.61   	 96.70   	 401.83		
 90.03   	420.84   	 98.31   	 371.31		
 93.08   	444.03   	 99.80   	 345.88		
 92.77   	441.59   	101.18   	 325.53		
 93.08   	426.33   	102.48   	 300.10		
 97.05   	424.80   	103.68   	 284.84		
104.37   	451.97   	104.82   	 264.50		
111.39   	497.74   	105.88   	 233.98		
115.97   	538.02   	106.82   	 213.63		
118.71   	557.86   	107.67   	 178.03		
123.90   	564.27   	108.38   	 142.42		
132.45   	572.81   	108.95   	 101.73		
142.21   	591.74   	109.36   	  71.21		
148.62   	613.40   	109.64   	  30.52		
150.15   	624.69   	109.77   	   0.00		
147.71   	620.42   	109.77   	 -25.43		
144.65   	606.08   	109.66   	 -55.95		
144.65   	592.35   	109.44   	 -71.21		
147.40   	585.94   	109.16   	 -96.64		
152.59   	587.46   	108.77   	-106.82		
158.69   	590.52   	108.34   	-127.16		
163.27   	585.33   	107.83   	-142.42		
164.79   	564.88   	107.26   	-167.85		
161.74   	528.87   	106.59   	-198.37		
154.11   	485.84   	105.80   	-228.89		
145.26   	448.61   	104.88   	-274.67		
139.16   	426.33   	103.78   	-320.45		
139.16   	418.70   	102.50   	-366.22		
146.79   	419.62   	101.04   	-417.09		
158.39   	420.53   	 99.37   	-457.78		
166.63   	415.34   	 97.54   	-488.30		
162.05   	403.44   	 95.58   	-508.65		
140.99   	391.24   	 93.55   	-523.90		
106.81   	388.18   	 91.45   	-528.99		
 71.41   	397.95   	 89.34   	-528.99		
 51.88   	414.43   	 87.22   	-534.08		
 63.48   	421.45   	 85.09   	-539.16		
114.14   	401.31   	 82.93   	-549.34		
198.97   	343.32   	 80.73   	-559.51		
302.12   	244.45   	 78.49   	-569.68		
400.09   	108.64   	 76.22   	-584.94		
470.58   	-53.71   	 73.88   	-595.11		
504.76   	-229.80   	 71.50   	-605.29		
509.95   	-413.21   	 69.07   	-615.46		
500.18   	-606.38   	 66.61   	-620.55		
486.45   	-815.12   	 64.13   	-620.55		
463.87   	-1030.58   	 61.65   	-620.55		
414.73   	-1219.18   	 59.17   	-615.46		
322.27   	-1332.09   	 56.70   	-615.46		
185.85   	-1337.89(R)	 54.24(E)	-605.29		
 28.69   	-1245.42   	 51.82   	-590.03		
-112.30   	-1096.19   	 49.46   	-574.77		
-210.57   	-936.58   	 47.16   	-539.16		
-262.45   	-797.12   	 45.00   	-503.56		
-285.64   	-683.29   	 42.99   	-452.69		
-306.09   	-585.94   	 41.18   	-386.57		
-337.22   	-496.22   	 39.63   	-315.36		
-375.06   	-413.51   	 38.37   	-233.98		
-404.66   	-343.02   	 37.44   	-147.51		
-412.60   	-291.44   	 36.85   	 -61.04		
-392.15   	-259.40   	 36.60   	  15.26		
-346.98   	-238.04   	 36.66   	  91.56		
-284.42   	-208.74   	 37.03   	 147.51		
-212.71   	-154.42   	 37.62   	 203.46		
-140.38   	-75.07   	 38.43   	 249.24		
-77.51   	 13.73   	 39.43   	 289.93		
-31.13   	 86.06   	 40.59   	 330.62		
 -6.41   	123.60   	 41.91   	 376.40		
 -1.53   	126.34   	 43.42   	 412.00		
 -8.24   	110.47   	 45.07   	 447.61		
-17.09   	 92.77   	 46.86   	 488.30		
-22.28   	 79.04   	 48.81   	 518.82		
-22.89   	 66.22   	 50.88   	 549.34		
-20.14   	 50.05   	 53.08   	 569.68		
-16.78   	 33.26   	 55.36   	 590.03		
-13.73   	 25.33   	 57.72   	 610.37		
-12.21   	 30.82   	 60.16   	 620.55		
-13.73   	 44.86   	 62.64   	 640.89		
-18.31   	 57.07   	 65.21   	 651.07		
-23.50   	 60.12   	 67.81   	 656.15		
-26.25   	 57.98   	 70.44   	 661.24		
-24.11   	 59.51   	 73.08   	 656.15		
-17.70   	 74.16   	 75.71   	 645.98		
 -8.85   	104.68   	 78.29   	 630.72		
  0.92   	146.79   	 80.81   	 610.37		
 11.29   	192.87   	 83.26   	 579.86		
 23.80   	239.56   	 85.57   	 559.51		
 36.93   	284.73   	 87.81   	 528.99		
 47.00   	327.76   	 89.93   	 503.56		
 49.44   	366.21   	 91.94   	 483.21		
 44.56   	397.95   	 93.88   	 452.69		
 37.54   	421.75   	 95.69   	 427.26		
 36.01   	441.59   	 97.40   	 396.74		
 43.64   	462.04   	 98.98   	 361.14		
 57.68   	484.62   	100.43   	 320.45		
 71.72   	507.20   	101.71   	 279.75		
 82.70   	526.73   	102.83   	 239.06		
 90.03   	543.21   	103.78   	 193.29		
 96.44   	559.08   	104.56   	 152.59		
102.84   	576.17   	105.17   	 122.07		
108.64   	593.57   	105.66   	  91.56		
113.22   	607.61   	106.02   	  66.12		
117.49   	617.68   	106.29   	  45.78		
123.29   	624.69   	106.47   	  25.43		
131.84   	631.71   	106.57   	  15.26		
140.99   	638.73   	106.63   	  -5.09		
148.62   	640.87   	106.61   	 -25.43		
152.28   	635.07   	106.51   	 -35.61		
152.59   	621.34   	106.37   	 -61.04		
151.37   	600.89   	106.12   	 -71.21		
149.23   	575.87   	105.84   	 -96.64		
147.09   	544.74   	105.45   	-111.90		
143.74   	506.59   	105.00   	-132.25		
138.24   	461.12   	104.48   	-152.59		
131.23   	411.68   	103.87   	-178.03		
122.99   	362.55   	103.15   	-208.54		
114.75   	315.55   	102.32   	-249.24		
105.59   	271.61   	101.32   	-295.01		
 96.13   	231.93   	100.14   	-350.97		
 86.06   	197.14   	 98.74   	-396.74		
 75.68   	164.79   	 97.15   	-447.61		
 64.70   	131.84   	 95.36   	-483.21		
 53.10   	 96.74   	 93.43   	-523.90		
 41.20   	 61.34   	 91.33   	-544.25		
 29.60   	 30.52   	 89.16   	-559.51		
 18.62   	  7.63   	 86.92   	-564.60		
  8.24   	 -9.46   	 84.66   	-569.68		
 -2.14   	-26.86   	 82.38   	-574.77		
-11.90   	-49.44   	 80.08   	-574.77		
-21.06   	-78.13   	 77.78   	-590.03		
-28.38   	-108.64   	 75.42   	-595.11		
-35.40   	-136.41   	 73.04   	-605.29		
-42.72   	-159.91   	 70.62   	-615.46		
-51.27   	-179.75   	 68.16   	-625.63		
-60.12   	-196.84   	 65.66   	-620.55		
-68.05   	-211.18   	 63.17   	-620.55		
-74.16   	-220.34   	 60.69   	-605.29		
-77.51   	-221.56   	 58.27   	-595.11		
-77.82   	-214.54   	 55.89   	-569.68		
-75.07   	-201.11   	 53.61   	-554.42		
-69.89   	-183.11   	 51.39   	-523.90		
-63.17   	-161.74   	 49.30   	-503.56		
-56.76   	-136.11   	 47.28   	-478.13		
-50.05   	-105.59   	 45.37   	-452.69		
-42.11   	-70.80   	 43.56   	-422.18		
-33.87   	-36.32   	 41.87   	-391.66		
-28.99   	 -8.54   	 40.31   	-356.05		
-30.52   	  9.16   	 38.88   	-325.53		
-38.76   	 17.70   	 37.58   	-284.84		
-47.91   	 21.97   	 36.44   	-244.15		
-50.96   	 26.86   	 35.46   	-203.46		
-45.47   	 34.18   	 34.65   	-162.77		
-34.79   	 41.81   	 34.00   	-122.07		
-24.72   	 47.30   	 33.51   	 -81.38		
-18.92   	 49.13   	 33.18   	 -45.78		
-16.78   	 47.30   	 33.00   	 -15.26		
-15.56   	 41.81   	 32.94(D)	   5.09		
-13.43   	 34.18   	 32.96   	  30.52		
-11.29   	 25.02   	 33.08   	  40.69		
-10.68   	 15.56   	 33.25   	  50.86		
-11.60   	  7.02   	 33.45   	  61.04		
-13.12   	  0.61   	 33.69   	  61.04		
-13.73   	 -5.49   	 33.94   	  76.30		
-14.04   	-12.21   	 34.24   	  76.30		
-14.65   	-20.75   	 34.55   	  86.47		
-17.09   	-30.82   	 34.89   	  96.64		
-20.75   	-40.59   	 35.28   	 106.82		
-24.41   	-48.22   	 35.71   	 106.82		
-27.16   	-53.10   	 36.13   	 111.90		
-28.08   	-56.15   	 36.58   	 111.90		
-28.69   	-58.59   	 37.03   	 106.82		
-28.69   	-61.95   	 37.46   	 106.82		
-28.69   	-65.31   	 37.88   	 101.73		
-28.38   	-68.05   	 38.29   	 101.73		
-27.47   	-69.89   	 38.70   	  96.64		
-26.55   	-70.80   	 39.08   	  96.64		
-25.94   	-72.33   	 39.47   	  96.64		
-25.33   	-74.77   	 39.86   	  96.64		
-25.63   	-77.82   	 40.24   	  96.64		
-27.16   	-80.26   	 40.63   	  96.64		
-29.91   	-81.48   	 41.02   	  91.56		
-34.48   	-81.48   	 41.38   	  86.47		
-40.59   	-78.74   	 41.73   	  81.38		
-49.74   	-72.94   	 42.05   	  66.12		
-61.65   	-65.61   	 42.32   	  61.04		
-69.58   	-56.46   	 42.56   	  50.86		
-60.12   	-39.67   	 42.77   	  40.69		
-15.87   	 -4.88   	 42.93   	  35.61		
 72.33   	 58.59   	 43.07   	  30.52		
199.58   	153.81   	 43.19   	  25.43		
350.95   	270.69   	 43.30   	  20.35		
509.95   	395.51   	 43.38   	  20.35		
661.93   	514.83   	 43.46   	  35.61		
859.38   	651.25   	 43.60   	  25.43		
833.44   	593.26   	 43.70   	  25.43		
682.07   	415.95   	 43.80   	  30.52		
425.42   	153.20   	 43.93   	  40.69		
136.72   	-101.01   	 44.09   	  45.78		
-91.25   	-248.41   	 44.27   	  66.12		
-192.57   	-249.33   	 44.54   	  76.30		
-168.15   	-147.09   	 44.84   	 101.73		
-82.40   	-32.04   	 45.25   	 127.16		
-12.51   	 25.33   	 45.76   	 157.68		
  2.75   	 17.70   	 46.39   	 193.29		
-27.16   	-15.87   	 47.16   	 239.06		
-65.31   	-34.18   	 48.12   	 284.84		
-82.70   	-25.33   	 49.26   	 340.79		
-74.46   	 -3.36   	 50.62   	 406.92		
-55.24   	 12.51   	 52.25   	 478.13		
-40.89   	 15.26   	 54.16   	 554.42		
-36.01   	 10.07   	 56.38   	 635.81		
-36.93   	  4.58   	 58.92   	 717.19		
-37.84   	  2.75   	 61.79   	 808.75		
-36.62   	  3.05   	 65.03   	 879.96		
-32.65   	  3.05   	 68.55   	 951.17		
-28.08   	 -0.92   	 72.35   	 996.94		
-24.11   	 -9.16   	 76.34   	1027.46		
-22.28   	-19.84   	 80.45   	1042.72		
-21.97   	-30.21   	 84.62   	1037.64		
-22.28   	-38.45   	 88.77   	1027.46		
-23.19   	-43.64   	 92.88   	1007.12		
-24.41   	-47.00   	 96.91   	 986.77		
-25.02   	-50.96   	100.85   	 961.34		
-25.33   	-56.15   	104.70   	 930.82		
-25.33   	-62.26   	108.42   	 905.39		
-25.63   	-67.75   	112.04   	 869.78		
-27.16   	-72.02   	115.52   	 834.18		
-29.30   	-75.07   	118.86   	 798.57		
-31.74   	-78.13   	122.05   	 757.88		
-33.26   	-81.48   	125.09   	 712.10		
-33.26   	-84.84   	127.93   	 666.32		
-32.65   	-86.36   	130.60   	 625.63		
-31.74   	-86.06   	133.10   	 584.94		
-31.74   	-84.84   	135.44   	 549.34		
-32.65   	-84.23   	137.64   	 528.99		
-33.87   	-83.92   	139.76   	 503.56		
-35.40   	-83.92   	141.77   	 493.39		
-36.32   	-84.84   	143.74   	 488.30		
-36.01   	-87.28   	145.70   	 473.04		
-35.10   	-92.47   	147.59   	 467.95		
-34.48   	-101.01   	149.46   	 452.69		
-35.40   	-111.69   	151.27   	 437.43		
-38.45   	-122.99   	153.02   	 406.92		
-43.33   	-135.50   	154.65   	 381.48		
-47.91   	-149.84   	156.17   	 356.05		
-50.66   	-166.32   	157.60   	 325.53		
-52.19   	-183.11   	158.90   	 305.19		
-53.71   	-198.36   	160.12   	 279.75		
-57.68   	-208.44   	161.24   	 254.32		
-63.48   	-212.10   	162.26   	 239.06		
-69.27   	-209.05   	163.21   	 213.63		
-72.33   	-200.20   	164.07   	 193.29		
-71.11   	-188.29   	164.84   	 167.85		
-66.22   	-175.17   	165.51   	 142.42		
-58.90   	-159.30   	166.08   	 116.99		
-49.44   	-137.63   	166.55   	  91.56		
-36.62   	-106.51   	166.92   	  71.21		
-20.45   	-65.92   	167.20   	  50.86		
 -3.36   	-21.97   	167.41   	  35.61		
  9.16   	 16.48   	167.55   	  20.35		
 13.43   	 43.03   	167.63(S)	  -5.09		
 10.68   	 58.29   	167.61   	 -15.26		
  6.71   	 67.44   	167.55   	 -45.78		
  9.46   	 76.29   	167.36   	 -66.12		
 21.06   	 86.98   	167.10   	 -86.47		
 37.54   	 97.96   	166.75   	-116.99		
 51.27   	106.20   	166.29   	-147.51		
 57.37   	111.08   	165.70   	-198.37		
 56.76   	112.30   	164.90   	-249.24		
 52.49   	110.17   	163.91   	-325.53		
 48.22   	104.68   	162.60   	-412.00		
 45.17   	 96.74   	160.96   	-508.65		
 42.42   	 86.67   	158.92   	-600.20		
 39.98   	 76.90   	156.52   	-696.84		
 37.84   	 67.44   	153.73   	-778.23		
 35.40   	 57.98   	150.62   	-839.26		
 32.96   	 47.91   	147.26   	-885.04		
 29.60   	 36.93   	143.72   	-915.56		
 25.33   	 26.55   	140.06   	-940.99		
 20.45   	 18.01   	136.30   	-956.25		
 15.87   	 10.68   	132.47   	-986.77		
 11.29   	  3.05   	128.52   	-1027.46		
  6.41   	 -4.88   	124.41   	-1078.33		
  1.53   	-13.12   	120.10   	-1149.54		
 -3.05   	-19.53   	115.50   	-1230.92		
 -6.41   	-24.11   	110.58   	-1297.04		
 -8.85   	-27.16   	105.39   	-1347.91		
-11.60   	-28.38   	100.00   	-1378.43		
-15.56   	-22.58   	 94.49   	-1373.34		
-18.92   	 -3.66   	 88.99   	-1317.39		
-18.01   	 31.43   	 83.72   	-1241.09		
 -4.27   	 75.68   	 78.76   	-1139.36		
 29.91   	111.08   	 74.20   	-1022.38		
 91.86   	117.49   	 70.11   	-910.47		
184.33   	 84.53   	 66.47   	-803.66		
298.16   	 18.31   	 63.26   	-707.02		
414.43   	-69.58   	 60.43   	-640.89		
506.90   	-184.63   	 57.86   	-579.86		
553.89   	-352.48   	 55.54   	-534.08		
546.88   	-594.79   	 53.41   	-493.39		
494.38   	-903.63   	 51.43   	-457.78		
411.38   	-1229.25   	 49.60   	-417.09		
313.11   	-1498.41   	 47.93   	-376.40		
211.18   	-1657.71   	 46.43   	-330.62		
110.47   	-1699.22(R)	 45.11(E)	-279.75		
 13.73   	-1646.42   	 43.99   	-233.98		
-81.48   	-1528.32   	 43.05   	-193.29		
-181.88   	-1364.44   	 42.28   	-152.59		
-289.00   	-1168.21   	 41.67   	-106.82		
-392.76   	-959.47   	 41.24   	 -66.12		
-474.85   	-763.86   	 40.98   	 -20.35		
-518.80   	-603.94   	 40.90   	  20.35		
-521.55   	-484.62   	 40.98   	  71.21		
-492.86   	-393.37   	 41.26   	 116.99		
-450.13   	-315.25   	 41.73   	 157.68		
-406.80   	-245.06   	 42.36   	 208.54		
-367.74   	-184.63   	 43.19   	 249.24		
-332.03   	-131.53   	 44.19   	 625.63		
-238.65   	 -2.44   	 46.69   	 371.31		
-168.76   	 92.16   	 48.18   	 401.83		
-89.11   	194.40   	 49.79   	 432.35		
-16.17   	281.07   	 51.52   	 452.69		
 33.87   	334.78   	 53.33   	 462.87		
 55.54   	354.31   	 55.18   	 478.13		
 56.46   	353.09   	 57.09   	 493.39		
 51.57   	347.60   	 59.06   	 503.56		
 52.80   	347.90   	 61.08   	 523.90		
 61.04   	352.48   	 63.17   	 539.16		
 71.11   	355.53   	 65.33   	 564.60		
 76.60   	354.00   	 67.59   	 574.77		
 75.38   	350.65   	 69.89   	 595.11		
 70.80   	349.73   	 72.27   	 595.11		
 67.14   	353.70   	 74.65   	 605.29		
 66.83   	358.89   	 77.07   	 595.11		
 69.27   	359.50   	 79.45   	 595.11		
 72.63   	354.31   	 81.83   	 579.86		
 74.77   	348.82   	 84.15   	 574.77		
 75.38   	349.73   	 86.45   	 559.51		
 75.68   	357.67   	 88.69   	 539.16		
 75.38   	366.21   	 90.84   	 523.90		
 75.38   	368.96   	 92.94   	 498.47		
 75.99   	367.43   	 94.93   	 467.95		
 77.21   	371.70   	 96.81   	 432.35		
 80.26   	390.01   	 98.53   	 391.66		
 84.53   	420.53   	100.10   	 356.05		
 89.72   	451.66   	101.53   	 315.36		
 94.30   	468.75   	102.79   	 279.75		
 95.21   	467.53   	103.91   	 244.15		
 92.77   	457.46   	104.88   	 213.63		
 90.94   	455.02   	105.74   	 183.11		
 94.30   	473.02   	106.47   	 162.77		
105.59   	509.64   	107.12   	 137.33		
120.85   	551.15   	107.67   	 111.90		
132.75   	580.14   	108.12   	  81.38		
137.02   	589.90   	108.44   	  55.95		
136.72   	589.29   	108.67   	  20.35		
138.55   	593.26   	108.75   	  -5.09		
146.18   	609.13   	108.73   	 -35.61		
156.25   	630.19   	108.59   	 -66.12		
162.96   	642.09   	108.32   	 -91.56		
163.27   	637.51   	107.95   	-116.99		
160.83   	625.00   	107.49   	-147.51		
162.96   	622.56   	106.90   	-172.94		
171.81   	641.48   	106.21   	-198.37		
184.63   	674.44   	105.41   	-223.80		
195.31   	700.38   	104.52   	-249.24		
199.89   	700.68   	103.52   	-279.75		
199.58   	676.27   	102.40   	-300.10		
200.20   	645.14   	101.20   	-330.62		
206.30   	628.05   	 99.88   	-350.97		
217.90   	629.88   	 98.47   	-376.40		
229.80   	637.21   	 96.97   	-396.74		
234.07   	630.49   	 95.38   	-422.18		
225.83   	602.42   	 93.69   	-437.43		
206.30   	562.13   	 91.94   	-457.78		
182.80   	523.07   	 90.11   	-478.13		
163.57   	489.81   	 88.20   	-498.47		
152.59   	454.10   	 86.21   	-508.65		
148.01   	409.55   	 84.17   	-523.90		
142.82   	358.28   	 82.07   	-534.08		
133.06   	311.89   	 79.94   	-544.25		
117.19   	279.24   	 77.76   	-554.42		
 99.49   	258.48   	 75.54   	-559.51		
 83.62   	237.73   	 73.31   	-564.60		
 71.11   	205.69   	 71.05   	-564.60		
 61.04   	161.13   	 68.79   	-574.77		
 52.49   	114.75   	 66.49   	-574.77		
 44.25   	 79.96   	 64.19   	-574.77		
 37.23   	 63.17   	 61.89   	-579.86		
 29.91   	 59.20   	 59.57   	-584.94		
 20.75   	 54.32   	 57.23   	-584.94		
  9.77   	 37.84   	 54.89   	-579.86		
 -1.83   	 10.38   	 52.57   	-584.94		
-11.60   	-17.70   	 50.23   	-579.86		
-16.78   	-35.40   	 47.91   	-574.77		
-18.92   	-42.11   	 45.62   	-559.51		
-19.84   	-44.56   	 43.38   	-549.34		
-21.67   	-48.22   	 41.18   	-534.08		
-25.63   	-55.85   	 39.04   	-503.56		
-31.43   	-65.00   	 37.03   	-483.21		
-36.32   	-73.85   	 35.10   	-447.61		
-38.76   	-81.18   	 33.31   	-417.09		
-38.15   	-87.28   	 31.64   	-381.48		
-36.62   	-89.11   	 30.11   	-340.79		
-36.01   	-83.92   	 28.75   	-300.10		
-37.84   	-74.46   	 27.55   	-259.41		
-40.89   	-70.50   	 26.51   	-218.72		
-42.72   	-79.35   	 25.64   	-178.03		
-43.03   	-102.54   	 24.92   	-142.42		
-42.11   	-130.00   	 24.35   	-106.82		
-41.50   	-147.09   	 23.93   	 -71.21		
-42.72   	-148.62   	 23.64   	 -50.86		
-45.47   	-142.52   	 23.44   	 -25.43		
-49.74   	-146.48   	 23.34   	  -5.09		
-54.63   	-170.59   	 23.32(D)	   5.09		
-59.81   	-208.74   	 23.34   	  20.35		
-65.92   	-241.09   	 23.42   	  25.43		
-72.33   	-251.16   	 23.52   	  30.52		
-78.13   	-240.78   	 23.64   	  35.61		
-81.48   	-227.05   	 23.78   	  40.69		
-82.40   	-227.97   	 23.95   	  45.78		
-82.09   	-245.97   	 24.13   	  40.69		
-82.40   	-263.98   	 24.29   	  45.78		
-83.62   	-260.01   	 24.48   	  45.78		
-83.01   	-226.44   	 24.66   	  50.86		
-77.51   	-174.56   	 24.86   	  45.78		
-66.83   	-125.73   	 25.05   	  50.86		
-52.80   	-94.91   	 25.25   	  61.04		
-40.59   	-83.62   	 25.49   	  61.04		
-34.79   	-79.04   	 25.74   	  66.12		
-37.54   	-66.22   	 26.00   	  76.30		
-45.47   	-39.98   	 26.31   	  76.30		
-53.10   	 -6.71   	 26.61   	  76.30		
-55.85   	 20.14   	 26.92   	  76.30		
-52.49   	 30.21   	 27.22   	  71.21		
-43.64   	 26.86   	 27.51   	  66.12		
-32.04   	 24.11   	 27.77   	  55.95		
-20.45   	 32.65   	 28.00   	  45.78		
-11.29   	 47.00   	 28.18   	  35.61		
 -6.71   	 51.88   	 28.32   	  25.43		
 -6.10   	 36.62   	 28.42   	  25.43		
 -6.41   	  7.63   	 28.52   	  15.26		
 -4.58   	-14.04   	 28.59   	  20.35		
  0.31   	-15.26   	 28.67   	  15.26		
  3.36   	 -2.14   	 28.73   	  10.17		
  0.31   	  6.10   	 28.77   	  15.26		
 -8.24   	 -1.53   	 28.83   	  15.26		
-16.78   	-21.67   	 28.89   	  10.17		
-20.45   	-43.03   	 28.93   	  10.17		
-18.62   	-57.07   	 28.97   	   0.00		
-14.34   	-62.56   	 28.97   	   5.09		
-11.60   	-62.87   	 28.99   	  -5.09		
-11.60   	-60.73   	 28.97   	   0.00		
-12.82   	-59.81   	 28.97   	  -5.09		
-14.65   	-63.48   	 28.95   	  -5.09		
-17.70   	-74.77   	 28.93   	   0.00		
-21.67   	-89.11   	 28.93   	   0.00		
-25.33   	-98.57   	 28.93   	   0.00		
-27.47   	-96.74   	 28.93   	   5.09		
-26.55   	-85.75   	 28.95   	   5.09		
-25.02   	-74.77   	 28.97   	   0.00		
-26.25   	-73.85   	 28.97   	   5.09		
-31.13   	-85.75   	 28.99   	   0.00		
-37.84   	-105.29   	 28.99   	  -5.09		
-42.42   	-122.99   	 28.97   	   0.00		
-42.72   	-128.78   	 28.97   	 -10.17		
-39.06   	-119.93   	 28.93   	  -5.09		
-34.79   	-105.29   	 28.91   	  -5.09		
-33.26   	-99.18   	 28.89   	 -10.17		
-34.48   	-111.39   	 28.85   	  -5.09		
-37.23   	-139.77   	 28.83   	 -10.17		
-41.50   	-172.42   	 28.79   	  -5.09		
-47.00   	-195.62   	 28.77   	  -5.09		
-55.24   	-206.91   	 28.75   	  -5.09		
-65.00   	-212.40   	 28.73   	  -5.09		
-73.85   	-220.95   	 28.71   	   0.00		
-78.43   	-234.99   	 28.71   	   0.00		
-77.82   	-248.72   	 28.71   	   5.09		
-73.55   	-252.69   	 28.73   	   0.00		
-68.97   	-241.70   	 28.73   	   5.09		
-66.22   	-217.29   	 28.75   	   5.09		
-64.09   	-183.72   	 28.77   	  10.17		
-59.81   	-144.96   	 28.81   	   5.09		
-51.57   	-105.29   	 28.83   	   5.09		
-38.76   	-68.05   	 28.85   	  10.17		
-25.33   	-36.32   	 28.89   	  10.17		
-17.40   	-13.12   	 28.93   	   5.09		
-19.23   	  2.75   	 28.95   	  10.17		
-30.21   	 14.34   	 28.99   	  10.17		
-43.03   	 25.94   	 29.03   	  10.17		
-49.44   	 39.98   	 29.07   	  10.17		
-45.78   	 54.93   	 29.11   	  15.26		
-35.40   	 66.83   	 29.18   	  10.17		
-25.33   	 72.94   	 29.22   	  15.26		
-19.84   	 74.16   	 29.28   	  20.35		
-17.40   	 74.77   	 29.36   	  15.26		
-14.04   	 78.74   	 29.42   	  20.35		
 -7.93   	 84.23   	 29.50   	  20.35		
 -1.83   	 84.84   	 29.58   	  25.43		
  1.22   	 75.99   	 29.68   	  25.43		
  1.53   	 59.51   	 29.79   	  25.43		
  0.61   	 42.72   	 29.89   	  35.61		
  0.00   	 32.96   	 30.03   	  35.61		
 -2.14   	 34.48   	 30.17   	  35.61		
 -8.85   	 44.86   	 30.32   	  40.69		
-20.75   	 58.59   	 30.48   	  40.69		
-30.52   	 72.02   	 30.64   	  40.69		
-22.89   	 90.03   	 30.80   	  35.61		
 17.40   	125.43   	 30.95   	  40.69		
 97.05   	196.53   	 31.11   	  40.69		
210.27   	310.36   	 31.27   	  40.69		
342.71   	456.24   	 31.43   	  40.69		
482.48   	610.66   	 31.60   	  81.38		
736.08   	851.75   	 31.92   	  45.78		
804.44   	887.76   	 32.11   	  45.78		
785.22   	820.92   	 32.29   	  55.95		
652.16   	631.71   	 32.51   	  50.86		
424.50   	350.95   	 32.72   	  66.12		
167.85   	 67.14   	 32.98   	  66.12		
-37.84   	-120.24   	 33.25   	  76.30		
-137.02   	-168.76   	 33.55   	  91.56		
-131.53   	-119.93   	 33.92   	 111.90		
-72.63   	-60.73   	 34.36   	 127.16		
-21.36   	-53.10   	 34.87   	 152.59		
 -8.24   	-98.57   	 35.48   	 188.20		
-27.77   	-156.25   	 36.24   	 233.98		
-56.15   	-192.57   	 37.17   	 284.84		
-74.46   	-204.47   	 38.31   	 350.97		
-79.65   	-211.18   	 39.72   	 417.09		
-78.74   	-227.66   	 41.38   	 493.39		
-78.43   	-251.77   	 43.36   	 569.68		
-79.35   	-271.61   	 45.64   	 635.81		
-81.18   	-279.85   	 48.18   	 707.02		
-83.62   	-277.71   	 51.01   	 768.05		
-86.98   	-269.78   	 54.08   	 829.09		
-89.42   	-259.09   	 57.40   	 879.96		
-88.50   	-245.36   	 60.92   	 946.08		
-83.31   	-226.14   	 64.70   	1002.03		
-74.46   	-199.28   	 68.71   	1068.15		
-63.78   	-166.02   	 72.98   	1129.19		
-52.49   	-129.70   	 77.50   	1174.97		
-41.50   	-94.30   	 82.20   	1215.66		
-33.26   	-63.78   	 87.06   	1220.75		
-30.52   	-40.28   	 91.94   	1205.49		
-33.26   	-22.28   	 96.76   	1174.97		
-38.45   	 -7.02   	101.46   	1119.02		
-41.20   	  8.24   	105.94   	1068.15		
-37.54   	 22.89   	110.21   	1002.03		
-28.99   	 32.96   	114.22   	 946.08		
-20.45   	 34.79   	118.01   	 890.13		
-15.26   	 29.60   	121.57   	 829.09		
-13.12   	 22.89   	124.88   	 783.31		
-11.60   	 19.53   	128.02   	 727.36		
 -8.85   	 20.45   	130.93   	 686.67		
 -5.19   	 21.97   	133.67   	 661.24		
 -1.53   	 19.84   	136.32   	 635.81		
  1.22   	 13.43   	138.86   	 620.55		
  2.44   	  5.19   	141.34   	 615.46		
  3.36   	 -1.83   	143.80   	 600.20		
  3.66   	 -7.63   	146.20   	 590.03		
  3.66   	-12.82   	148.57   	 569.68		
  3.36   	-18.01   	150.84   	 549.34		
  3.36   	-23.19   	153.04   	 523.90		
  3.05   	-28.08   	155.14   	 503.56		
  2.75   	-32.96   	157.15   	 473.04		
  2.44   	-37.54   	159.04   	 437.43		
  2.75   	-41.81   	160.79   	 406.92		
  3.05   	-44.86   	162.42   	 366.22		
  3.66   	-47.00   	163.89   	 320.45		
  3.36   	-48.52   	165.17   	 284.84		
  2.75   	-50.66   	166.31   	 249.24		
  1.53   	-52.80   	167.30   	 218.72		
 -0.31   	-55.24   	168.18   	 198.37		
 -2.44   	-58.29   	168.97   	 178.03		
 -4.27   	-61.34   	169.68   	 172.94		
 -5.19   	-64.70   	170.38   	 157.68		
 -6.10   	-67.14   	171.01   	 152.59		
 -6.71   	-67.75   	171.62   	 142.42		
 -7.02   	-66.22   	172.19   	 122.07		
 -6.41   	-65.31   	172.67   	 101.73		
 -4.58   	-66.53   	173.08   	  76.30		
 -2.14   	-71.11   	173.39   	  50.86		
  0.00   	-77.82   	173.59   	  25.43		
  0.31   	-86.36   	173.69(S)	  -5.09		
 -2.14   	-96.44   	173.67   	 -30.52		
 -5.80   	-108.95   	173.55   	 -66.12		
 -8.54   	-123.60   	173.29   	 -96.64		
 -8.24   	-137.33   	172.90   	-127.16		
 -4.58   	-146.79   	172.39   	-167.85		
  0.00   	-149.84   	171.72   	-208.54		
  3.05   	-147.09   	170.88   	-259.41		
  3.66   	-140.99   	169.85   	-320.45		
  3.05   	-132.14   	168.56   	-391.66		
  3.66   	-120.85   	167.00   	-473.04		
  7.32   	-106.81   	165.11   	-564.60		
 13.43   	-89.42   	162.85   	-656.15		
 20.45   	-68.05   	160.22   	-737.54		
 27.47   	-41.20   	157.27   	-813.83		
 36.01   	 -8.24   	154.02   	-879.96		
 43.64   	 26.86   	150.50   	-930.82		
 47.00   	 57.07   	146.77   	-981.68		
 42.42   	 76.90   	142.85   	-1017.29		
 31.13   	 85.75   	138.78   	-1063.07		
 19.53   	 89.11   	134.53   	-1108.85		
 14.65   	 92.47   	130.09   	-1174.97		
 18.62   	 98.57   	125.39   	-1241.09		
 26.55   	104.06   	120.43   	-1332.65		
 31.13   	104.98   	115.10   	-1414.03		
 29.60   	100.10   	109.44   	-1495.42		
 23.50   	 92.77   	103.46   	-1541.19		
 17.70   	 90.03   	 97.29   	-1551.37		
 15.56   	 99.49   	 91.09   	-1520.85		
 19.23   	122.99   	 85.00   	-1449.64		
 31.13   	154.72   	 79.21   	-1342.82		
 57.07   	177.00   	 73.83   	-1215.66		
104.98   	168.46   	 68.97   	-1083.41		
180.66   	115.36   	 64.64   	-966.43		
282.29   	 20.75   	 60.77   	-864.70		
394.29   	-100.40   	 57.31   	-783.31		
490.42   	-246.58   	 54.18   	-722.28		
545.04   	-434.27   	 51.29   	-676.50		
546.88   	-677.80   	 48.59   	-640.89		
504.46   	-967.41   	 46.02   	-595.11		
439.15   	-1256.10   	 43.64   	-549.34		
371.40   	-1480.10   	 41.44   	-498.47		
310.97   	-1601.87   	 39.45   	-437.43		
256.65   	-1628.42(R)	 37.70(E)	-371.31		
199.89   	-1589.05   	 36.22   	-310.27		
130.62   	-1503.30   	 34.97   	-249.24		
 41.20   	-1370.85   	 33.98   	-198.37		
-72.02   	-1189.88   	 33.18   	-152.59		
-201.42   	-978.09   	 32.57   	-101.73		
-326.54   	-776.37   	 32.17   	 -61.04		
-424.50   	-623.78   	 31.92   	  -5.09		
-480.35   	-531.92   	 31.90(D)	  55.95		
-494.08   	-483.40   	 32.13   	 132.25		
-476.99   	-446.78   	 32.66   	 198.37		
-440.06   	-400.09   	 33.45   	 269.58		
-389.10   	-337.83   	 34.53   	 330.62		
-326.23   	-267.03   	 35.85   	 391.66		
-256.65   	-196.53   	 37.42   	 427.26		
-190.73   	-130.31   	 39.12   	 462.87		
-138.24   	-68.36   	 40.98   	 488.30		
-101.32   	 -9.46   	 42.93   	 503.56		
-76.90   	 44.25   	 44.94   	 518.82		
-60.12   	 86.67   	 47.02   	1083.41		
-43.64   	120.54   	 51.35   	 569.68		
-44.86   	119.93   	 53.63   	 595.11		
-47.30   	123.29   	 56.01   	 605.29		
-46.69   	138.55   	 58.43   	 630.72		
-40.59   	167.24   	 60.96   	 640.89		
-30.82   	203.86   	 63.52   	 640.89		
-19.53   	242.92   	 66.08   	 645.98		
 -6.71   	281.98   	 68.67   	 640.89		
  8.24   	322.27   	 71.23   	 620.55		
 23.50   	363.16   	 73.71   	 600.20		
 32.96   	401.00   	 76.11   	 574.77		
 32.65   	431.82   	 78.41   	 544.25		
 24.72   	455.63   	 80.59   	 513.73		
 16.78   	475.16   	 82.64   	 483.21		
 16.78   	493.77   	 84.58   	 452.69		
 26.55   	512.70   	 86.39   	 422.18		
 40.28   	530.40   	 88.08   	 391.66		
 51.57   	546.26   	 89.64   	 371.31		
 56.76   	560.30   	 91.13   	 340.79		
 57.98   	573.73   	 92.49   	 315.36		
 58.59   	587.46   	 93.75   	 289.93		
 61.34   	601.81   	 94.91   	 264.50		
 66.53   	616.76   	 95.97   	 239.06		
 72.33   	630.80   	 96.93   	 223.80		
 77.82   	643.62   	 97.82   	 203.46		
 82.09   	655.82   	 98.64   	 198.37		
 85.45   	669.56   	 99.43   	 188.20		
 86.98   	686.95   	100.18   	 188.20		
 88.20   	708.62   	100.94   	 178.03		
 89.42   	731.81   	101.65   	 167.85		
 91.86   	754.09   	102.32   	 152.59		
 96.74   	773.62   	102.93   	 132.25		
102.84   	791.32   	103.46   	 111.90		
110.17   	809.63   	103.91   	  76.30		
117.49   	829.77   	104.21   	  55.95		
124.82   	851.44   	104.43   	  25.43		
131.84   	871.58   	104.54   	   5.09		
138.85   	887.76   	104.56   	  -5.09		
144.96   	897.52   	104.54   	 -25.43		
150.76   	900.27   	104.43   	 -35.61		
156.56   	896.91   	104.29   	 -45.78		
163.27   	886.84   	104.11   	 -66.12		
169.68   	869.45   	103.84   	 -86.47		
175.78   	843.81   	103.50   	-106.82		
179.75   	810.85   	103.07   	-142.42		
180.97   	772.09   	102.50   	-172.94		
180.36   	729.98   	101.81   	-198.37		
178.53   	684.51   	101.02   	-233.98		
175.48   	633.85   	100.08   	-264.50		
170.29   	576.78   	 99.02   	-284.84		
162.35   	513.92   	 97.88   	-315.36		
151.06   	446.78   	 96.62   	-330.62		
137.02   	378.42   	 95.30   	-356.05		
121.15   	311.89   	 93.88   	-371.31		
104.68   	249.33   	 92.39   	-391.66		
 88.20   	192.57   	 90.82   	-406.92		
 72.02   	142.21   	 89.20   	-422.18		
 55.24   	 97.66   	 87.51   	-437.43		
 38.45   	 59.20   	 85.76   	-452.69		
 22.58   	 27.77   	 83.95   	-457.78		
  9.16   	  4.27   	 82.12   	-467.95		
 -1.83   	-10.99   	 80.24   	-473.04		
 -9.16   	-19.53   	 78.35   	-473.04		
-13.43   	-21.06   	 76.46   	-483.21		
-13.43   	-13.73   	 74.53   	-483.21		
 -9.77   	  2.44   	 72.59   	-488.30		
 -3.97   	 24.41   	 70.64   	-493.39		
 -1.83   	 44.56   	 68.67   	-503.56		
 -7.02   	 55.85   	 66.65   	-503.56		
-19.53   	 57.37   	 64.64   	-503.56		
-34.18   	 54.02   	 62.62   	-508.65		
-42.42   	 51.27   	 60.59   	-493.39		
-40.28   	 52.80   	 58.62   	-478.13		
-30.52   	 56.76   	 56.70   	-462.87		
-20.45   	 59.81   	 54.85   	-432.35		
-15.56   	 58.90   	 53.12   	-401.83		
-16.48   	 54.02   	 51.52   	-371.31		
-19.84   	 46.08   	 50.03   	-335.71		
-21.97   	 36.32   	 48.69   	-305.19		
-22.28   	 26.86   	 47.47   	-274.67		
-21.36   	 18.62   	 46.37   	-249.24		
-21.36   	 11.29   	 45.37   	-223.80		
-21.06   	  3.36   	 44.48   	-198.37		
-19.84   	 -5.19   	 43.68   	-167.85		
-18.62   	-15.26   	 43.01   	-142.42		
-18.62   	-25.63   	 42.44   	-116.99		
-21.06   	-34.79   	 41.97   	 -76.30		
-25.63   	-42.42   	 41.67   	 -45.78		
-29.91   	-48.22   	 41.49   	 -15.26		
-32.96   	-53.41   	 41.42   	  20.35		
-34.79   	-59.51   	 41.51   	  45.78		
-35.71   	-66.83   	 41.69   	  71.21		
-36.62   	-74.46   	 41.97   	  91.56		
-37.54   	-82.09   	 42.34   	 101.73		
-38.15   	-87.89   	 42.75   	 116.99		
-38.76   	-92.16   	 43.21   	 127.16		
-40.59   	-94.91   	 43.72   	 147.51		
-43.03   	-97.35   	 44.31   	 157.68		
-45.78   	-99.49   	 44.94   	 183.11		
-47.91   	-101.62   	 45.68   	 203.46		
-49.13   	-104.06   	 46.49   	 218.72		
-49.44   	-106.20   	 47.37   	 233.98		
-49.44   	-107.73   	 48.30   	 239.06		
-48.83   	-109.25   	 49.26   	 228.89		
-47.91   	-111.39   	 50.17   	 213.63		
-47.00   	-114.75   	 51.03   	 183.11		
-47.30   	-117.49   	 51.76   	 152.59		
-51.88   	-116.88   	 52.37   	 116.99		
-64.09   	-109.86   	 52.84   	  76.30		
-82.70   	-97.05   	 53.14   	  50.86		
-97.05   	-78.43   	 53.35   	  20.35		
-88.81   	-50.05   	 53.43   	   0.00		
-37.54   	 -2.44   	 53.43   	 -15.26		
 65.00   	 71.72   	 53.37   	 -25.43		
210.57   	171.20   	 53.27   	 -35.61		
380.55   	284.73   	 53.12   	 -40.69		
556.95   	401.92   	 52.96   	-127.16		
861.21   	607.30   	 52.45   	 -81.38		
931.70   	644.53   	 52.13   	 -96.64		
891.42   	581.97   	 51.74   	-101.73		
715.64   	401.92   	 51.33   	-111.90		
436.71   	148.93   	 50.88   	-111.90		
137.63   	-76.60   	 50.44   	-101.73		
-87.28   	-184.63   	 50.03   	 -96.64		
-182.19   	-154.42   	 49.64   	 -86.47		
-159.91   	-46.69   	 49.30   	 -61.04		
-85.45   	 46.69   	 49.05   	 -30.52		
-25.02   	 71.41   	 48.93   	   0.00		
 -6.71   	 37.54   	 48.93   	  35.61		
-20.45   	 -8.24   	 49.07   	  81.38		
-39.98   	-29.91   	 49.40   	 122.07		
-47.30   	-23.80   	 49.89   	 152.59		
-41.20   	 -8.24   	 50.50   	 188.20		
-30.82   	 -0.61   	 51.25   	 218.72		
-23.80   	 -6.10   	 52.13   	 239.06		
-22.28   	-19.23   	 53.08   	 264.50		
-24.11   	-33.87   	 54.14   	 289.93		
-26.86   	-46.39   	 55.30   	 320.45		
-28.08   	-54.02   	 56.58   	 356.05		
-27.16   	-56.15   	 58.01   	 396.74		
-24.72   	-54.32   	 59.59   	 432.35		
-22.28   	-53.71   	 61.32   	 478.13		
-21.36   	-58.59   	 63.23   	 534.08		
-21.97   	-68.97   	 65.37   	 600.20		
-22.58   	-81.79   	 67.77   	 671.41		
-21.97   	-93.08   	 70.46   	 757.88		
-20.75   	-100.40   	 73.49   	 834.18		
-19.84   	-103.76   	 76.83   	 895.22		
-21.06   	-105.29   	 80.41   	 935.91		
-23.80   	-106.51   	 84.15   	 956.25		
-25.63   	-107.73   	 87.98   	 940.99		
-25.33   	-108.34   	 91.74   	 910.47		
-23.19   	-109.86   	 95.38   	 859.61		
-22.28   	-112.30   	 98.82   	 813.83		
-23.50   	-116.58   	102.07   	 757.88		
-26.55   	-122.99   	105.11   	 717.19		
-29.91   	-130.31   	107.98   	 686.67		
-32.35   	-136.41   	110.72   	 651.07		
-33.26   	-140.08   	113.33   	 625.63		
-31.74   	-140.99   	115.83   	 590.03		
-28.08   	-140.99   	118.19   	 549.34		
-23.50   	-141.91   	120.39   	 498.47		
-20.45   	-145.87   	122.38   	 437.43		
-21.36   	-153.81   	124.13   	 381.48		
-26.25   	-167.24   	125.66   	 315.36		
-32.96   	-187.38   	126.92   	 264.50		
-39.67   	-213.93   	127.98   	 213.63		
-44.86   	-242.00   	128.83   	 183.11		
-47.30   	-261.54   	129.56   	 152.59		
-47.61   	-265.20   	130.17   	 137.33		
-46.39   	-254.52   	130.72   	 127.16		
-44.25   	-239.56   	131.23   	 116.99		
-41.20   	-231.32   	131.70   	 106.82		
-36.62   	-232.85   	132.13   	  91.56		
-29.30   	-234.68   	132.49   	  76.30		
-18.92   	-222.47   	132.80   	  61.04		
 -5.80   	-188.60   	133.04   	  50.86		
  9.77   	-138.24   	133.24   	  45.78		
 27.47   	-84.53   	133.43   	  45.78		
 43.64   	-41.20   	133.61   	  45.78		
 53.41   	-15.26   	133.79   	  61.04		
 53.71   	 -5.19   	134.04   	  66.12		
 47.30   	 -2.75   	134.30   	  71.21		
 43.03   	  1.22   	134.59   	  71.21		
 48.52   	 14.34   	134.87   	  71.21		
 65.00   	 37.54   	135.16   	  55.95		
 83.62   	 62.87   	135.38   	  45.78		
 94.60   	 78.13   	135.56   	  30.52		
 95.83   	 75.38   	135.69   	  10.17		
 92.77   	 59.81   	135.73(S)	  -5.09		
 92.47   	 47.00   	135.71   	 -15.26		
 96.74   	 50.05   	135.65   	 -30.52		
100.10   	 65.92   	135.52   	 -45.78		
 95.52   	 78.13   	135.34   	 -71.21		
 82.09   	 71.11   	135.06   	-122.07		
 65.61   	 44.56   	134.57   	-188.20		
 53.10   	 14.04   	133.81   	-279.75		
 47.61   	 -4.58   	132.70   	-386.57		
 45.78   	 -7.32   	131.15   	-508.65		
 42.42   	 -3.66   	129.11   	-625.63		
 35.40   	 -4.27   	126.61   	-757.88		
 24.72   	-12.82   	123.58   	-869.78		
 12.82   	-25.63   	120.10   	-986.77		
  2.75   	-37.54   	116.15   	-1078.33		
 -4.27   	-47.61   	111.84   	-1154.62		
 -7.93   	-57.07   	107.22   	-1215.66		
 -9.46   	-65.92   	102.36   	-1241.09		
-11.60   	-72.33   	 97.40   	-1251.27		
-17.09   	-76.60   	 92.39   	-1236.01		
-25.94   	-80.87   	 87.45   	-1200.40		
-34.18   	-86.67   	 82.64   	-1149.54		
-38.76   	-94.30   	 78.05   	-1088.50		
-38.45   	-101.01   	 73.69   	-1027.46		
-35.71   	-103.15   	 69.58   	-971.51		
-35.10   	-98.57   	 65.70   	-920.65		
-39.67   	-90.33   	 62.01   	  N/A		
