  I     	  II     	  LVp     	  LVp'		
455.93   	-475.16   	 10.15   	  30.52		
422.06   	-468.14   	 10.27   	  40.69		
394.29   	-469.06   	 10.44   	  45.78		
375.67   	-498.35   	 10.62   	  50.86		
365.91   	-559.08   	 10.82   	  55.95		
364.38   	-634.46   	 11.05   	  66.12		
370.18   	-703.13   	 11.31   	  76.30		
378.11   	-754.39   	 11.62   	  86.47		
382.08   	-792.24   	 11.96   	  96.64		
378.11   	-825.20   	 12.35   	 116.99		
368.35   	-859.07   	 12.82   	 137.33		
358.89   	-893.86   	 13.37   	 152.59		
355.53   	-924.68   	 13.98   	 183.11		
358.58   	-946.04   	 14.71   	 203.46		
363.77   	-953.37   	 15.52   	 233.98		
364.07   	-943.91   	 16.46   	 264.50		
354.92   	-913.39   	 17.52   	 289.93		
332.34   	-855.71   	 18.68   	 325.53		
294.49   	-765.38   	 19.98   	 356.05		
240.17   	-642.40   	 21.40   	 381.48		
172.12   	-498.35   	 22.93   	 417.09		
 97.96   	-356.75   	 24.60   	 437.43		
 28.38   	-239.87   	 26.35   	 457.78		
-27.16   	-155.64   	 28.18   	 488.30		
-66.83   	-95.52   	 30.13   	 503.56		
-95.21   	-42.72   	 32.15   	 528.99		
-117.19   	 11.60   	 34.26   	 554.42		
-134.89   	 62.56   	 36.48   	 579.86		
-147.40   	 98.88   	 38.80   	 610.37		
-153.50   	115.66   	 41.24   	 635.81		
-155.33   	119.63   	 43.78   	 661.24		
-156.56   	122.38   	 46.43   	 691.76		
-159.30   	130.92   	 49.20   	 701.93		
-163.57   	144.35   	 52.00   	 722.28		
-167.24   	156.56   	 54.89   	 727.36		
-169.37(R)	163.88   	 57.80   	 732.45		
-169.98   	166.63   	 60.73   	 727.36		
-169.37   	168.15   	 63.64   	 717.19		
-168.76   	171.20   	 66.51   	 707.02		
-169.37   	174.87   	 69.34   	 681.58		
-171.20   	178.83   	 72.06   	 656.15		
-174.56   	181.58   	 74.69   	 630.72		
-177.61   	183.72   	 77.21   	 600.20		
-179.44   	185.85   	 79.61   	 574.77		
-180.36   	188.60   	 81.91   	 544.25		
-180.97   	191.65   	 84.09   	 518.82		
-182.80   	193.48   	 86.16   	 498.47		
-185.85   	194.09   	 88.16   	 483.21		
-189.51   	193.79   	 90.09   	 473.04		
-192.87   	194.70   	 91.98   	 457.78		
-195.01   	197.14   	 93.81   	 457.78		
-196.53   	201.11   	 95.65   	 447.61		
-198.97   	204.77   	 97.44   	 442.52		
-203.55   	206.60   	 99.21   	 442.52		
-209.96   	207.21   	100.98   	 442.52		
-217.90   	207.52   	102.75   	 442.52		
-225.83   	208.74   	104.52   	 437.43		
-232.54   	210.57   	106.27   	 432.35		
-238.65   	212.10   	108.00   	 427.26		
-244.75   	213.32   	109.70   	 417.09		
-250.85   	213.93   	111.37   	 396.74		
-256.96   	214.84   	112.96   	 386.57		
-263.06   	216.67   	114.51   	 361.14		
-269.78   	219.12   	115.95   	 345.88		
-276.49   	222.17   	117.33   	 315.36		
-282.59   	224.91   	118.60   	 300.10		
-287.78   	227.97   	119.80   	 279.75		
-291.14   	231.02   	120.92   	 259.41		
-293.27   	234.99   	121.95   	 249.24		
-293.88   	239.56   	122.95   	 233.98		
-292.66   	244.45   	123.89   	 223.80		
-289.61   	249.63   	124.78   	 213.63		
-283.81   	254.21   	125.64   	 208.54		
-275.57   	259.09   	126.47   	 198.37		
-265.81   	263.98   	127.26   	 193.29		
-253.91   	269.47   	128.04   	 188.20		
-240.78   	274.66   	128.79   	 178.03		
-225.83   	278.93   	129.50   	 172.94		
-209.05   	281.37   	130.19   	 162.77		
-191.35   	281.37   	130.84   	 152.59		
-172.42   	278.93   	131.45   	 142.42		
-152.89   	274.35   	132.02   	 122.07		
-131.84   	267.64   	132.51   	 101.73		
-110.47   	259.70   	132.92   	  81.38		
-89.11   	249.63   	133.24   	  50.86		
-68.97   	237.73   	133.45   	  20.35		
-51.27   	223.08   	133.53(S)	  -5.09		
-35.71   	206.60   	133.51   	 -40.69		
-22.58   	188.90   	133.35   	 -61.04		
-10.99   	172.12   	133.10   	 -91.56		
 -0.92   	157.17   	132.74   	-116.99		
  7.32   	144.65   	132.27   	-132.25		
 13.12   	134.28   	131.74   	-157.68		
 17.09   	125.12   	131.11   	-172.94		
 18.92   	115.97   	130.42   	-188.20		
 19.84   	107.73   	129.66   	-208.54		
 20.75   	101.01   	128.83   	-223.80		
 21.67   	 96.74   	127.93   	-239.06		
 21.97   	 94.30   	126.98   	-259.41		
 20.14   	 91.86   	125.94   	-269.58		
 15.87   	 88.50   	124.86   	-295.01		
 10.07   	 84.23   	123.68   	-310.27		
  5.19   	 80.57   	122.44   	-320.45		
  3.36   	 78.43   	121.16   	-340.79		
  4.88   	 77.82   	119.80   	-350.97		
  7.63   	 77.21   	118.39   	-371.31		
  9.16   	 75.07   	116.91   	-391.66		
  8.54   	 72.33   	115.34   	-417.09		
  7.02   	 69.58   	113.67   	-447.61		
  5.19   	 67.75   	111.88   	-488.30		
  4.58   	 66.53   	109.93   	-523.90		
  3.97   	 65.31   	107.83   	-559.51		
  3.05   	 63.17   	105.59   	-595.11		
  2.14   	 61.04   	103.21   	-625.63		
  1.83   	 59.20   	100.71   	-651.07		
  1.83   	 57.68   	 98.11   	-681.58		
  1.22   	 55.54   	 95.38   	-696.84		
  0.31   	 53.41   	 92.59   	-712.10		
 -1.53   	 51.88   	 89.75   	-727.36		
 -3.05   	 50.66   	 86.84   	-742.62		
 -4.27   	 49.74   	 83.87   	-747.71		
 -5.49   	 48.83   	 80.87   	-752.79		
 -7.02   	 47.91   	 77.86   	-762.97		
 -7.93   	 47.61   	 74.81   	-757.88		
 -8.24   	 48.83   	 71.78   	-762.97		
 -7.02   	 50.35   	 68.73   	-757.88		
 -5.49   	 50.66   	 65.70   	-752.79		
 -4.58   	 50.05   	 62.69   	-742.62		
 -5.19   	 48.22   	 59.71   	-732.45		
 -6.71   	 47.00   	 56.79   	-717.19		
 -8.85   	 46.39   	 53.92   	-701.93		
-10.38   	 46.08   	 51.11   	-681.58		
-11.90   	 46.08   	 48.38   	-661.24		
-12.82   	 45.78   	 45.74   	-645.98		
-13.73   	 46.08   	 43.15   	-625.63		
-14.34   	 46.39   	 40.65   	-600.20		
-15.26   	 46.39   	 38.25   	-584.94		
-16.17   	 46.39   	 35.91   	-559.51		
-16.78   	 46.08   	 33.67   	-539.16		
-16.48   	 46.08   	 31.52   	-513.73		
-15.87   	 46.69   	 29.46   	-498.47		
-15.26   	 47.61   	 27.47   	-467.95		
-15.26   	 48.22   	 25.60   	-447.61		
-15.87   	 48.52   	 23.80   	-422.18		
-16.78   	 48.22   	 22.12   	-401.83		
-18.01   	 47.91   	 20.51   	-376.40		
-19.23   	 48.22   	 19.00   	-356.05		
-20.14   	 49.13   	 17.58   	-330.62		
-20.45   	 50.35   	 16.26   	-305.19		
-19.84   	 50.66   	 15.04   	-289.93		
-18.92   	 50.35   	 13.88   	-269.58		
-17.70   	 50.05   	 12.80   	-249.24		
-16.78   	 50.05   	 11.80   	-233.98		
-16.17   	 50.96   	 10.86   	-213.63		
-15.87   	 52.19   	 10.01   	-198.37		
-15.87   	 52.49   	  9.22   	-183.11		
-15.56   	 51.57   	  8.48   	-162.77		
-15.26   	 50.35   	  7.83   	-157.68		
-15.26   	 49.74   	  7.20   	-137.33		
-14.95   	 50.66   	  6.65   	-127.16		
-14.34   	 52.80   	  6.14   	-111.90		
-13.43   	 55.54   	  5.70   	-101.73		
-11.60   	 57.37   	  5.29   	 -86.47		
 -9.77   	 57.68   	  4.94   	 -71.21		
 -9.16   	 56.76   	  4.66   	 -66.12		
 -9.16   	 55.24   	  4.39   	 -50.86		
-10.07   	 54.02   	  4.19   	 -40.69		
-10.99   	 53.41   	  4.03   	 -30.52		
-11.29   	 52.80   	  3.91   	 -20.35		
-10.99   	 52.49   	  3.83   	 -15.26		
-10.99   	 51.88   	  3.76   	  -5.09		
-10.99   	 51.57   	  3.74   	  -5.09		
-10.99   	 51.27   	  3.72(D)	   5.09		
-11.29   	 51.57   	  3.74   	   5.09		
-10.68   	 51.57   	  3.76   	  10.17		
 -9.77   	 52.49   	  3.80   	  10.17		
 -8.24   	 54.63   	  3.85   	  15.26		
 -6.41   	 60.12   	  3.91   	  15.26		
 -3.97   	 70.50   	  3.97   	  20.35		
 -0.61   	 86.98   	  4.05   	  15.26		
  3.05   	107.42   	  4.11   	  20.35		
  6.71   	127.26   	  4.19   	  15.26		
  9.16   	140.99   	  4.25   	  20.35		
 10.38   	146.48   	  4.33   	  15.26		
 10.38   	146.48   	  4.39   	  20.35		
 10.68   	146.18   	  4.48   	  20.35		
 11.90   	149.84   	  4.56   	  15.26		
 14.04   	156.86   	  4.62   	  20.35		
 17.09   	161.44   	  4.70   	  15.26		
 20.45   	161.13   	  4.76   	  20.35		
 23.80   	155.94   	  4.84   	  15.26		
 28.08   	150.45   	  4.90   	  15.26		
 32.04   	147.71   	  4.96   	  20.35		
 36.32   	148.01   	  5.05   	  15.26		
 39.98   	147.71   	  5.11   	  10.17		
 44.25   	140.99   	  5.15   	  15.26		
 50.35   	124.51   	  5.21   	   5.09		
 57.68   	 97.96   	  5.23   	  10.17		
 63.78   	 65.92   	  5.27   	   5.09		
 65.92   	 36.93   	  5.29   	   5.09		
 63.17   	 19.84   	  5.31   	   0.00		
 56.46   	 18.31   	  5.31   	   5.09		
 48.83   	 28.69   	  5.33   	  -5.09		
 42.72   	 42.72   	  5.31   	   0.00		
 37.54   	 52.49   	  5.31   	   0.00		
 31.74   	 54.02   	  5.31   	   5.09		
 23.80   	 46.39   	  5.33   	   0.00		
 14.04   	 32.96   	  5.33   	   5.09		
  4.88   	 16.48   	  5.35   	   5.09		
 -1.53   	  1.53   	  5.37   	  10.17		
 -4.27   	 -8.54   	  5.41   	  10.17		
 -4.58   	-12.51   	  5.45   	  15.26		
 -4.58   	-11.90   	  5.51   	  15.26		
 -4.88   	-10.07   	  5.57   	  25.43		
 -6.10   	 -9.77   	  5.68   	  20.35		
 -7.63   	-11.29   	  5.76   	  25.43		
 -9.16   	-13.43   	  5.86   	  30.52		
-10.38   	-14.34   	  5.98   	  25.43		
-10.99   	-13.73   	  6.08   	  25.43		
-11.29   	-11.90   	  6.19   	  25.43		
-12.21   	-10.99   	  6.29   	  25.43		
-14.04   	-10.68   	  6.39   	  20.35		
-15.56   	-10.99   	  6.47   	  15.26		
-16.17   	-11.29   	  6.53   	  15.26		
-15.87   	-11.29   	  6.59   	  10.17		
-14.95   	-10.99   	  6.63   	  15.26		
-13.73   	-11.29   	  6.69   	  10.17		
-13.43   	-12.21   	  6.73   	  15.26		
-13.73   	-12.82   	  6.80   	  20.35		
-14.04   	-12.51   	  6.88   	  25.43		
-13.43   	-10.99   	  6.98   	  25.43		
-12.51   	 -9.16   	  7.08   	  40.69		
-10.99   	 -7.63   	  7.24   	  40.69		
-10.07   	 -6.41   	  7.41   	  45.78		
 -9.46   	 -5.80   	  7.59   	  55.95		
 -9.77   	 -5.80   	  7.81   	  55.95		
-10.07   	 -5.49   	  8.04   	  66.12		
-10.68   	 -4.88   	  8.30   	  61.04		
-10.68   	 -4.27   	  8.55   	  66.12		
 -9.77   	 -3.36   	  8.81   	  66.12		
 -7.32   	 -3.36   	  9.07   	  66.12		
 -3.97   	 -4.27   	  9.34   	  55.95		
  0.00   	 -4.27   	  9.56   	  55.95		
  3.97   	 -2.44   	  9.79   	  45.78		
  7.32   	  3.36   	  9.97   	  40.69		
 12.21   	 12.82   	 10.13   	  35.61		
 20.75   	 25.63   	 10.27   	  20.35		
 35.40   	 41.20   	 10.36   	  20.35		
 56.76   	 60.73   	 10.44   	   5.09		
 83.92   	 89.72   	 10.46   	   5.09		
115.66   	131.53   	 10.48   	  -5.09		
150.45   	179.14   	 10.46   	 -10.17		
186.77   	209.05   	 10.42   	 -15.26		
222.78   	190.12   	 10.36   	 -15.26		
255.13   	101.32   	 10.29   	 -20.35		
282.59   	-48.52   	 10.21   	 -15.26		
307.31   	-218.20   	 10.15   	 -20.35		
333.25   	-356.75   	 10.07   	 -20.35		
365.30   	-429.99   	  9.99   	 -15.26		
405.88   	-438.84   	  9.93   	 -10.17		
450.74   	-412.60   	  9.89   	 -10.17		
491.33   	-389.10   	  9.85   	   0.00		
518.49   	-392.15   	  9.85(E)	   5.09		
524.60(R)	-421.14   	  9.87   	  10.17		
509.03   	-455.63   	  9.91   	  15.26		
478.21   	-475.46   	  9.97   	  25.43		
442.81   	-474.55   	 10.07   	  30.52		
411.38   	-468.44   	 10.19   	  35.61		
388.79   	-480.96   	 10.34   	  45.78		
375.37   	-525.21   	 10.52   	  50.86		
370.18   	-594.79   	 10.72   	  55.95		
371.70   	-669.25   	 10.95   	  66.12		
377.50   	-730.59   	 11.21   	  76.30		
382.69   	-774.54   	 11.52   	  86.47		
382.69   	-807.80   	 11.86   	 106.82		
375.98   	-838.93   	 12.29   	 122.07		
366.82   	-872.80   	 12.78   	 137.33		
360.72   	-907.59   	 13.33   	 162.77		
361.94   	-937.81   	 13.98   	 188.20		
367.74   	-955.81   	 14.73   	 213.63		
372.31   	-957.34   	 15.58   	 239.06		
368.65   	-938.42   	 16.54   	 269.58		
352.48   	-895.69   	 17.62   	 300.10		
321.66   	-823.67   	 18.82   	 330.62		
274.35   	-718.38   	 20.14   	 361.14		
212.10   	-583.50   	 21.59   	 386.57		
140.08   	-436.10   	 23.13   	 417.09		
 67.44   	-301.21   	 24.80   	 442.52		
  3.97   	-196.53   	 26.57   	 462.87		
-43.95   	-123.29   	 28.42   	 483.21		
-77.82   	-68.36   	 30.36   	 508.65		
-102.84   	-17.40   	 32.39   	 534.08		
-122.99   	 32.96   	 34.53   	 554.42		
-138.55   	 75.07   	 36.74   	 584.94		
-148.01   	101.32   	 39.08   	 615.46		
-151.67   	111.69   	 41.55   	 635.81		
-152.28   	114.75   	 44.09   	 666.32		
-153.81   	119.63   	 46.75   	 691.76		
-157.47   	129.39   	 49.52   	 707.02		
-162.05   	140.69   	 52.35   	 722.28		
-165.10   	150.15   	 55.24   	 727.36		
-166.32   	155.94   	 58.15   	 727.36		
-166.93   	159.91   	 61.06   	 722.28		
-167.85   	162.96   	 63.95   	 707.02		
-169.68   	165.71   	 66.77   	 691.76		
-172.42   	167.85   	 69.54   	 666.32		
-174.56   	169.07   	 72.21   	 645.98		
-175.78   	169.37   	 74.79   	 620.55		
-176.39   	169.07   	 77.27   	 595.11		
-177.00   	168.46   	 79.65   	 574.77		
-178.22   	169.07   	 81.95   	 549.34		
-180.97   	171.81   	 84.15   	 528.99		
-184.02   	176.70   	 86.27   	 513.73		
-186.77   	182.19   	 88.32   	 493.39		
-189.51   	186.46   	 90.29   	 473.04		
-191.65   	188.29   	 92.19   	 462.87		
-194.40   	188.29   	 94.04   	 447.61		
-197.45   	188.29   	 95.83   	 442.52		
-201.11   	189.21   	 97.60   	 437.43		
-205.99   	191.04   	 99.35   	 432.35		
-211.79   	192.87   	101.08   	 427.26		
-218.51   	193.79   	102.79   	 427.26		
-226.14   	193.79   	104.50   	 427.26		
-233.15   	194.09   	106.21   	 422.18		
-238.95   	195.31   	107.89   	 412.00		
-243.84   	197.45   	109.54   	 412.00		
-249.33   	199.58   	111.19   	 391.66		
-255.74   	200.50   	112.76   	 381.48		
-263.67   	200.20   	114.28   	 356.05		
-271.30   	199.89   	115.71   	 335.71		
-278.02   	200.50   	117.05   	 315.36		
-282.90   	202.94   	118.31   	 289.93		
-286.56   	207.52   	119.47   	 274.67		
-289.61   	213.01   	120.57   	 254.32		
-291.75   	218.20   	121.59   	 233.98		
-292.66   	222.78   	122.52   	 228.89		
-291.14   	226.75   	123.44   	 218.72		
-287.17   	231.02   	124.31   	 203.46		
-281.07   	235.60   	125.13   	 198.37		
-272.83   	240.17   	125.92   	 188.20		
-263.37   	244.45   	126.67   	 183.11		
-252.08   	247.80   	127.41   	 172.94		
-238.65   	250.24   	128.10   	 167.85		
-222.78   	252.69   	128.77   	 157.68		
-204.77   	254.52   	129.40   	 157.68		
-184.94   	255.13   	130.03   	 142.42		
-164.49   	252.99   	130.60   	 137.33		
-143.74   	248.11   	131.15   	 116.99		
-123.60   	240.78   	131.62   	 101.73		
-103.45   	231.93   	132.02   	  76.30		
-83.31   	222.17   	132.33   	  55.95		
-63.17   	210.88   	132.55   	  25.43		
-44.25   	196.53   	132.65(S)	   0.00		
-27.16   	179.14   	132.65   	 -25.43		
-13.12   	159.91   	132.55   	 -50.86		
 -1.83   	142.52   	132.35   	 -81.38		
  7.02   	129.09   	132.02   	-101.73		
 14.34   	119.32   	131.62   	-127.16		
 19.84   	111.39   	131.11   	-152.59		
 24.11   	103.15   	130.50   	-172.94		
 26.55   	 94.30   	129.81   	-193.29		
 27.47   	 86.36   	129.03   	-213.63		
 27.47   	 79.35   	128.18   	-233.98		
 26.25   	 73.55   	127.24   	-259.41		
 24.72   	 68.66   	126.20   	-279.75		
 22.89   	 64.70   	125.09   	-300.10		
 21.06   	 61.65   	123.89   	-315.36		
 19.23   	 59.51   	122.62   	-330.62		
 17.70   	 58.59   	121.30   	-340.79		
 16.17   	 57.37   	119.94   	-345.88		
 14.95   	 55.54   	118.55   	-356.05		
 13.12   	 52.80   	117.13   	-371.31		
 11.60   	 49.74   	115.65   	-386.57		
  9.77   	 47.00   	114.10   	-417.09		
  8.24   	 45.17   	112.43   	-457.78		
  7.63   	 44.56   	110.60   	-488.30		
  7.63   	 44.56   	108.65   	-534.08		
  8.24   	 43.95   	106.51   	-579.86		
  8.24   	 41.50   	104.19   	-610.37		
  7.02   	 38.15   	101.75   	-645.98		
  5.80   	 34.79   	 99.17   	-671.41		
  4.88   	 32.65   	 96.48   	-696.84		
  4.58   	 32.04   	 93.69   	-707.02		
  5.19   	 31.43   	 90.86   	-722.28		
  4.88   	 30.21   	 87.98   	-727.36		
  3.97   	 28.38   	 85.07   	-737.54		
  2.14   	 26.86   	 82.12   	-742.62		
  0.92   	 26.25   	 79.15   	-742.62		
  0.00   	 26.25   	 76.17   	-747.71		
  0.31   	 26.55   	 73.18   	-752.79		
  0.31   	 25.94   	 70.17   	-752.79		
  0.00   	 24.72   	 67.16   	-747.71		
 -0.92   	 23.80   	 64.17   	-747.71		
 -1.83   	 23.80   	 61.18   	-737.54		
 -3.36   	 24.41   	 58.23   	-732.45		
 -4.88   	 25.94   	 55.30   	-712.10		
 -7.02   	 26.86   	 52.45   	-701.93		
 -9.16   	 26.86   	 49.64   	-676.50		
-10.68   	 25.63   	 46.94   	-661.24		
-11.29   	 24.41   	 44.29   	-635.81		
-10.68   	 24.41   	 41.75   	-610.37		
-10.07   	 25.33   	 39.31   	-584.94		
 -9.46   	 27.47   	 36.97   	-569.68		
 -9.46   	 28.99   	 34.69   	-544.25		
-10.38   	 29.60   	 32.51   	-518.82		
-12.21   	 28.69   	 30.44   	-508.65		
-14.95   	 27.16   	 28.40   	-483.21		
-17.40   	 25.94   	 26.47   	-462.87		
-18.92   	 25.33   	 24.62   	-447.61		
-18.62   	 26.25   	 22.83   	-427.26		
-17.40   	 28.69   	 21.12   	-406.92		
-16.17   	 31.43   	 19.49   	-381.48		
-15.87   	 33.57   	 17.97   	-356.05		
-16.78   	 34.48   	 16.54   	-335.71		
-17.40   	 33.57   	 15.20   	-310.27		
-16.78   	 32.35   	 13.96   	-284.84		
-15.26   	 31.43   	 12.82   	-259.41		
-13.43   	 31.74   	 11.78   	-239.06		
-12.21   	 32.96   	 10.82   	-218.72		
-11.90   	 34.48   	  9.95   	-198.37		
-12.51   	 35.40   	  9.16   	-178.03		
-12.51   	 35.10   	  8.44   	-162.77		
-12.21   	 33.57   	  7.79   	-147.51		
-10.99   	 31.74   	  7.20   	-132.25		
 -9.77   	 30.82   	  6.67   	-122.07		
 -8.54   	 31.13   	  6.19   	-106.82		
 -8.24   	 32.96   	  5.76   	 -96.64		
 -8.24   	 35.10   	  5.37   	 -86.47		
 -8.85   	 36.32   	  5.03   	 -71.21		
 -9.46   	 36.62   	  4.74   	 -66.12		
 -9.46   	 35.71   	  4.48   	 -50.86		
 -8.85   	 34.48   	  4.27   	 -45.78		
 -7.93   	 33.57   	  4.09   	 -35.61		
 -6.71   	 33.57   	  3.95   	 -25.43		
 -6.10   	 34.79   	  3.85   	 -20.35		
 -5.49   	 36.32   	  3.76   	 -15.26		
 -4.88   	 37.23   	  3.70   	  -5.09		
 -4.58   	 36.93   	  3.68(D)	   0.00		
 -4.58   	 36.01   	  3.68   	   0.00		
 -4.27   	 34.79   	  3.68   	  10.17		
 -3.66   	 34.79   	  3.72   	  10.17		
 -3.05   	 35.40   	  3.76   	  15.26		
 -2.44   	 36.01   	  3.83   	  15.26		
 -2.44   	 36.32   	  3.89   	  15.26		
 -2.14   	 37.23   	  3.95   	  20.35		
 -1.22   	 42.11   	  4.03   	  15.26		
  0.61   	 52.80   	  4.09   	  20.35		
  4.27   	 69.58   	  4.17   	  20.35		
  8.54   	 90.64   	  4.25   	  20.35		
 12.82   	110.78   	  4.33   	  20.35		
 16.48   	125.43   	  4.42   	  15.26		
 18.31   	132.75   	  4.48   	  20.35		
 18.92   	133.97   	  4.56   	  15.26		
 18.62   	134.28   	  4.62   	  20.35		
 18.92   	137.02   	  4.70   	  15.26		
 20.45   	141.91   	  4.76   	  15.26		
 23.19   	144.35   	  4.82   	  15.26		
 26.25   	142.21   	  4.88   	  15.26		
 29.30   	136.41   	  4.94   	  10.17		
 32.04   	130.92   	  4.98   	  15.26		
 35.40   	128.48   	  5.05   	  10.17		
 39.98   	129.39   	  5.09   	   5.09		
 45.17   	129.70   	  5.11   	  10.17		
 50.96   	123.29   	  5.15   	   5.09		
 57.68   	106.51   	  5.17   	   5.09		
 64.70   	 79.96   	  5.19   	   0.00		
 69.89   	 48.22   	  5.19   	   5.09		
 71.41   	 20.45   	  5.21   	   0.00		
 68.36   	  4.27   	  5.21   	   0.00		
 61.95   	  3.36   	  5.21   	   0.00		
 54.63   	 13.43   	  5.21   	   0.00		
 48.83   	 26.86   	  5.21   	   0.00		
 43.64   	 36.62   	  5.21   	   0.00		
 36.93   	 38.45   	  5.21   	   0.00		
 28.38   	 31.74   	  5.21   	   0.00		
 18.92   	 18.92   	  5.21   	  10.17		
 10.99   	  2.75   	  5.25   	   5.09		
  5.80   	-12.51   	  5.27   	  10.17		
  3.36   	-22.89   	  5.31   	  15.26		
  1.83   	-27.16   	  5.37   	  15.26		
  0.00   	-26.55   	  5.43   	  20.35		
 -1.83   	-24.41   	  5.51   	  20.35		
 -3.05   	-23.19   	  5.60   	  25.43		
 -3.66   	-23.19   	  5.70   	  30.52		
 -3.97   	-23.80   	  5.82   	  25.43		
 -4.27   	-24.11   	  5.92   	  30.52		
 -5.19   	-24.11   	  6.04   	  30.52		
 -6.71   	-24.41   	  6.16   	  25.43		
 -8.54   	-24.41   	  6.27   	  25.43		
-10.07   	-24.41   	  6.37   	  20.35		
-11.29   	-24.41   	  6.45   	  20.35		
-11.29   	-24.11   	  6.53   	  20.35		
-10.68   	-23.50   	  6.61   	  15.26		
-10.07   	-22.58   	  6.67   	  15.26		
 -9.46   	-21.36   	  6.73   	  15.26		
 -9.46   	-19.84   	  6.80   	  15.26		
 -9.46   	-18.31   	  6.86   	  20.35		
-10.07   	-17.40   	  6.94   	  25.43		
-10.38   	-17.40   	  7.04   	  30.52		
-10.38   	-18.01   	  7.16   	  35.61		
 -9.77   	-18.62   	  7.30   	  45.78		
 -8.85   	-19.53   	  7.49   	  50.86		
 -8.24   	-20.45   	  7.69   	  50.86		
 -8.24   	-21.06   	  7.89   	  61.04		
 -8.24   	-20.75   	  8.14   	  66.12		
 -8.24   	-19.84   	  8.40   	  66.12		
 -7.32   	-18.31   	  8.67   	  66.12		
 -5.49   	-17.09   	  8.93   	  66.12		
 -3.05   	-16.78   	  9.20   	  61.04		
 -0.61   	-17.09   	  9.44   	  55.95		
  1.53   	-17.09   	  9.66   	  50.86		
  3.36   	-14.65   	  9.87   	  45.78		
  6.10   	 -9.46   	 10.05   	  30.52		
 11.60   	  0.00   	 10.17   	  30.52		
 21.67   	 13.12   	 10.29   	  15.26		
 38.45   	 29.30   	 10.36   	  10.17		
 61.04   	 49.44   	 10.40   	   0.00		
 88.50   	 77.82   	 10.40   	  -5.09		
119.63   	118.41   	 10.38   	 -10.17		
153.50   	163.88   	 10.34   	 -10.17		
189.51   	191.96   	 10.29   	 -20.35		
225.52   	171.81   	 10.21   	 -20.35		
258.48   	 82.70   	 10.13   	 -20.35		
285.95   	-66.83   	 10.05   	 -20.35		
310.67   	-236.51   	  9.97   	 -20.35		
337.22   	-375.06   	  9.89   	 -20.35		
371.09   	-449.52   	  9.81   	 -10.17		
413.82   	-460.51   	  9.77   	 -15.26		
460.21   	-435.79   	  9.70   	  -5.09		
501.71   	-412.60   	  9.68   	   0.00		
528.26   	-415.65   	  9.68(E)	  10.17		
533.14(R)	-443.42   	  9.73   	  10.17		
516.66   	-476.68   	  9.77   	  20.35		
485.53   	-495.00   	  9.85   	  30.52		
449.83   	-492.86   	  9.97   	  35.61		
418.40   	-484.92   	 10.11   	  35.61		
395.51   	-495.61   	 10.25   	  50.86		
381.47   	-537.41   	 10.46   	  50.86		
375.98   	-603.94   	 10.66   	  55.95		
377.20   	-675.35   	 10.89   	  71.21		
383.61   	-734.56   	 11.17   	  76.30		
389.71   	-778.20   	 11.48   	  86.47		
390.93   	-813.29   	 11.82   	 106.82		
385.44   	-848.08   	 12.25   	 122.07		
376.89   	-885.62   	 12.74   	 142.42		
371.40   	-922.85   	 13.31   	 162.77		
372.62   	-952.76   	 13.96   	 183.11		
378.11   	-969.54   	 14.69   	 213.63		
381.47   	-969.54   	 15.54   	 244.15		
375.98   	-949.71   	 16.52   	 269.58		
357.06   	-906.37   	 17.60   	 295.01		
323.49   	-834.35   	 18.78   	 330.62		
274.66   	-728.76   	 20.10   	 356.05		
212.10   	-593.87   	 21.53   	 386.57		
141.30   	-448.00   	 23.07   	 412.00		
 70.50   	-315.55   	 24.72   	 437.43		
  9.16   	-213.93   	 26.47   	 462.87		
-37.54   	-143.13   	 28.32   	 483.21		
-71.11   	-88.81   	 30.25   	 503.56		
-97.05   	-36.01   	 32.27   	 528.99		
-117.80   	 18.01   	 34.38   	 554.42		
-133.67   	 62.87   	 36.60   	 584.94		
-143.74   	 89.11   	 38.94   	 610.37		
-148.32   	 97.35   	 41.38   	 635.81		
-150.15   	 97.96   	 43.93   	 666.32		
-152.28   	101.62   	 46.59   	 691.76		
-155.64   	112.30   	 49.36   	 707.02		
-159.61   	126.04   	 52.19   	 722.28		
-162.96   	136.72   	 55.08   	 722.28		
-165.10   	141.91   	 57.97   	 727.36		
-166.63   	143.43   	 60.87   	 722.28		
-167.85   	144.35   	 63.76   	 701.93		
-168.46   	146.48   	 66.57   	 691.76		
-169.37   	149.54   	 69.34   	 671.41		
-170.29   	152.28   	 72.02   	 645.98		
-171.51   	154.72   	 74.61   	 630.72		
-173.03   	156.86   	 77.13   	 600.20		
-174.87   	159.00   	 79.53   	 579.86		
-177.00   	161.44   	 81.85   	 554.42		
-179.44   	163.57   	 84.07   	 534.08		
-182.50   	165.41   	 86.21   	 513.73		
-185.55   	167.24   	 88.26   	 493.39		
-189.21   	168.76   	 90.23   	 473.04		
-192.87   	170.90   	 92.13   	 457.78		
-196.23   	173.03   	 93.96   	 442.52		
-200.20   	174.87   	 95.73   	 437.43		
-204.16   	176.39   	 97.48   	 432.35		
-208.13   	177.00   	 99.21   	 432.35		
-212.10   	177.61   	100.94   	 427.26		
-216.67   	178.22   	102.64   	 427.26		
-221.86   	179.14   	104.35   	 427.26		
-228.58   	179.14   	106.06   	 422.18		
-236.82   	178.83   	107.75   	 417.09		
-245.67   	178.22   	109.42   	 412.00		
-253.30   	178.53   	111.07   	 396.74		
-259.09   	180.05   	112.65   	 376.40		
-264.28   	182.80   	114.16   	 356.05		
-269.47   	186.16   	115.58   	 335.71		
-275.27   	189.21   	116.93   	 315.36		
-281.68   	191.65   	118.19   	 289.93		
-287.48   	193.79   	119.35   	 269.58		
-291.44   	195.92   	120.43   	 254.32		
-293.27   	198.97   	121.44   	 244.15		
-293.27   	203.25   	122.42   	 233.98		
-291.14   	208.74   	123.36   	 228.89		
-287.17   	215.15   	124.27   	 218.72		
-281.37   	221.25   	125.15   	 213.63		
-273.74   	225.83   	126.00   	 208.54		
-264.89   	229.80   	126.84   	 198.37		
-254.21   	232.85   	127.63   	 193.29		
-241.39   	235.90   	128.40   	 183.11		
-226.44   	238.65   	129.13   	 167.85		
-209.05   	239.56   	129.81   	 157.68		
-190.43   	238.95   	130.44   	 137.33		
-170.90   	236.51   	130.99   	 127.16		
-150.45   	232.54   	131.49   	 101.73		
-129.09   	227.36   	131.90   	  86.47		
-107.42   	220.03   	132.25   	  55.95		
-85.75   	209.05   	132.47   	  40.69		
-64.70   	194.40   	132.63   	  10.17		
-45.47   	176.70   	132.67(S)	 -10.17		
-28.08   	159.00   	132.63   	 -30.52		
-13.12   	143.13   	132.51   	 -50.86		
 -0.92   	130.31   	132.31   	 -76.30		
  8.54   	120.54   	132.00   	 -96.64		
 15.56   	112.00   	131.62   	-116.99		
 20.75   	103.76   	131.15   	-137.33		
 25.02   	 95.21   	130.60   	-167.85		
 28.38   	 86.98   	129.93   	-183.11		
 30.52   	 79.65   	129.20   	-208.54		
 31.43   	 73.55   	128.36   	-228.89		
 30.52   	 68.05   	127.45   	-249.24		
 28.08   	 63.17   	126.45   	-274.67		
 25.02   	 58.59   	125.35   	-289.93		
 22.28   	 54.93   	124.19   	-305.19		
 20.75   	 53.10   	122.97   	-325.53		
 20.14   	 53.10   	121.67   	-330.62		
 19.53   	 53.71   	120.35   	-345.88		
 17.70   	 53.10   	118.96   	-356.05		
 14.65   	 51.27   	117.54   	-366.22		
 11.60   	 48.83   	116.07   	-386.57		
  9.46   	 47.61   	114.53   	-412.00		
  9.16   	 48.22   	112.88   	-447.61		
  9.46   	 48.83   	111.09   	-483.21		
  9.77   	 47.91   	109.16   	-528.99		
  9.16   	 44.56   	107.04   	-569.68		
  7.93   	 40.59   	104.76   	-610.37		
  6.71   	 37.23   	102.32   	-645.98		
  5.80   	 35.71   	 99.74   	-681.58		
  5.19   	 35.40   	 97.01   	-707.02		
  4.27   	 34.79   	 94.18   	-727.36		
  3.66   	 33.87   	 91.27   	-737.54		
  2.75   	 32.96   	 88.32   	-747.71		
  2.14   	 32.35   	 85.33   	-752.79		
  1.22   	 31.74   	 82.32   	-757.88		
  0.00   	 31.13   	 79.29   	-752.79		
 -1.22   	 30.21   	 76.28   	-757.88		
 -1.83   	 29.30   	 73.24   	-752.79		
 -1.83   	 29.30   	 70.23   	-747.71		
 -1.53   	 29.91   	 67.24   	-742.62		
 -1.53   	 30.82   	 64.27   	-732.45		
 -2.14   	 32.04   	 61.34   	-727.36		
 -3.36   	 33.26   	 58.43   	-717.19		
 -5.19   	 34.48   	 55.56   	-701.93		
 -7.02   	 35.40   	 52.76   	-686.67		
 -8.24   	 35.40   	 50.01   	-666.32		
 -9.46   	 34.48   	 47.34   	-651.07		
-10.38   	 33.26   	 44.74   	-630.72		
-11.60   	 32.04   	 42.22   	-610.37		
-13.12   	 31.74   	 39.78   	-595.11		
-14.65   	 32.35   	 37.40   	-569.68		
-15.26   	 33.26   	 35.12   	-554.42		
-15.26   	 34.79   	 32.90   	-534.08		
-14.65   	 36.32   	 30.76   	-513.73		
-14.34   	 37.84   	 28.71   	-493.39		
-14.34   	 39.06   	 26.73   	-478.13		
-15.26   	 39.67   	 24.82   	-452.69		
-16.17   	 39.06   	 23.01   	-427.26		
-17.40   	 37.54   	 21.30   	-406.92		
-18.01   	 35.71   	 19.67   	-386.57		
-18.01   	 34.79   	 18.13   	-356.05		
-17.40   	 35.10   	 16.70   	-335.71		
-16.17   	 36.32   	 15.36   	-310.27		
-14.95   	 37.23   	 14.12   	-284.84		
-14.04   	 37.54   	 12.98   	-264.50		
-13.12   	 36.93   	 11.92   	-239.06		
-12.82   	 36.01   	 10.97   	-218.72		
-12.51   	 36.01   	 10.09   	-203.46		
-12.21   	 36.93   	  9.28   	-183.11		
-12.51   	 37.84   	  8.55   	-167.85		
-12.51   	 38.76   	  7.87   	-152.59		
-11.90   	 39.37   	  7.26   	-137.33		
-10.99   	 39.37   	  6.71   	-127.16		
-10.07   	 39.37   	  6.21   	-111.90		
 -9.46   	 39.67   	  5.76   	 -96.64		
 -9.16   	 39.98   	  5.37   	 -91.56		
 -8.85   	 40.59   	  5.01   	 -76.30		
 -8.54   	 40.59   	  4.70   	 -71.21		
 -8.54   	 40.59   	  4.42   	 -55.95		
 -8.85   	 40.28   	  4.19   	 -45.78		
 -9.16   	 40.28   	  4.01   	 -35.61		
 -8.85   	 40.59   	  3.87   	 -30.52		
 -7.63   	 41.50   	  3.74   	 -20.35		
 -5.49   	 42.42   	  3.66   	 -15.26		
 -3.66   	 42.72   	  3.60   	  -5.09		
 -2.75   	 42.42   	  3.58   	  -5.09		
 -3.66   	 41.81   	  3.56(D)	   5.09		
 -5.19   	 41.20   	  3.58   	  10.17		
 -6.71   	 40.89   	  3.62   	  10.17		
 -7.32   	 41.81   	  3.66   	  10.17		
 -6.41   	 43.33   	  3.70   	  20.35		
 -4.88   	 45.17   	  3.78   	  15.26		
 -3.66   	 47.00   	  3.85   	  15.26		
 -2.44   	 50.96   	  3.91   	  20.35		
 -0.31   	 59.81   	  3.99   	  20.35		
  3.97   	 75.68   	  4.07   	  15.26		
  9.46   	 97.66   	  4.13   	  20.35		
 14.65   	119.93   	  4.21   	  20.35		
 17.70   	136.11   	  4.29   	  15.26		
 17.40   	143.13   	  4.35   	  20.35		
 15.56   	142.82   	  4.44   	  15.26		
 14.04   	141.30   	  4.50   	  15.26		
 14.04   	143.43   	  4.56   	  15.26		
 15.87   	149.23   	  4.62   	  15.26		
 18.31   	153.20   	  4.68   	  15.26		
 20.75   	152.28   	  4.74   	  15.26		
 23.80   	147.71   	  4.80   	  10.17		
 28.08   	142.82   	  4.84   	  10.17		
 32.96   	141.30   	  4.88   	  10.17		
 38.15   	143.13   	  4.92   	  10.17		
 42.72   	144.04   	  4.96   	  10.17		
 47.00   	138.24   	  5.01   	  10.17		
 53.10   	122.68   	  5.05   	   5.09		
 60.12   	 98.27   	  5.07   	   5.09		
 65.92   	 68.36   	  5.09   	   5.09		
 67.75   	 40.59   	  5.11   	   5.09		
 64.70   	 21.97   	  5.13   	   0.00		
 58.29   	 17.09   	  5.13   	   5.09		
 50.66   	 24.11   	  5.15   	   0.00		
 44.56   	 36.93   	  5.15   	   5.09		
 39.37   	 48.22   	  5.17   	   5.09		
 33.26   	 52.49   	  5.19   	   5.09		
 24.72   	 47.61   	  5.21   	   5.09		
 14.04   	 35.40   	  5.23   	   5.09		
  3.97   	 18.62   	  5.25   	  10.17		
 -2.75   	  2.44   	  5.29   	  15.26		
 -6.10   	 -8.54   	  5.35   	  15.26		
 -6.71   	-12.21   	  5.41   	  15.26		
 -7.02   	 -9.77   	  5.47   	  25.43		
 -7.63   	 -5.19   	  5.57   	  20.35		
 -8.85   	 -1.83   	  5.66   	  25.43		
-10.07   	 -0.92   	  5.76   	  25.43		
-11.29   	 -2.14   	  5.86   	  25.43		
-12.21   	 -3.97   	  5.96   	  25.43		
-13.12   	 -5.49   	  6.06   	  20.35		
-14.34   	 -6.41   	  6.14   	  20.35		
-15.56   	 -6.41   	  6.23   	  15.26		
-16.78   	 -5.49   	  6.29   	  15.26		
-17.40   	 -4.27   	  6.35   	  10.17		
-18.31   	 -3.97   	  6.39   	   5.09		
-19.23   	 -4.58   	  6.41   	   5.09		
-20.14   	 -5.19   	  6.43   	   5.09		
-20.45   	 -5.49   	  6.45   	   5.09		
-19.84   	 -4.58   	  6.47   	   5.09		
-18.31   	 -3.36   	  6.49   	  10.17		
-17.40   	 -2.14   	  6.53   	  20.35		
-17.40   	 -2.14   	  6.61   	  20.35		
-18.01   	 -2.14   	  6.69   	  30.52		
-18.92   	 -2.14   	  6.82   	  35.61		
-19.23   	 -1.53   	  6.96   	  45.78		
-18.92   	 -0.61   	  7.14   	  50.86		
-18.31   	  0.31   	  7.34   	  61.04		
-18.01   	  1.53   	  7.59   	  66.12		
-17.09   	  3.05   	  7.85   	  71.21		
-16.17   	  4.27   	  8.14   	  71.21		
-14.34   	  5.49   	  8.42   	  76.30		
-12.21   	  6.10   	  8.73   	  76.30		
 -9.77   	  6.71   	  9.03   	  71.21		
 -7.02   	  8.24   	  9.32   	  71.21		
 -3.97   	 11.29   	  9.60   	  55.95		
 -0.92   	 16.48   	  9.83   	  55.95		
  3.66   	 23.80   	 10.05   	  45.78		
 11.29   	 33.87   	 10.23   	  35.61		
 24.41   	 47.00   	 10.38   	  30.52		
 44.25   	 65.00   	 10.50   	  20.35		
 71.11   	 91.55   	 10.58   	  20.35		
102.84   	130.92   	 10.66   	  10.17		
137.94   	179.44   	 10.70   	  10.17		
174.87   	218.81   	 10.74   	  10.17		
211.79   	218.81   	 10.78   	   5.09		
246.28   	152.89   	 10.80   	   0.00		
275.88   	 18.62   	 10.80   	   0.00		
300.90   	-151.98   	 10.80   	   0.00		
325.62   	-307.01   	 10.80   	   0.00		
354.92   	-404.66   	 10.80   	  -5.09		
392.76   	-433.96   	 10.78   	 -10.17		
437.62   	-415.95   	 10.74   	  -5.09		
481.87   	-387.27   	 10.72   	 -10.17		
515.44   	-379.33   	 10.68   	 -10.17		
529.48(R)	-400.09   	 10.64   	  -5.09		
520.63   	-434.27   	 10.62   	 -10.17		
493.47   	-459.29   	 10.58(E)	   0.00		
458.07   	-463.26   	 10.58   	   0.00		
423.89   	-453.49   	 10.58   	   0.00		
397.95   	-452.27   	 10.58   	  10.17		
381.47   	-479.13   	 10.62   	  10.17		
374.45   	-534.36   	 10.66   	  20.35		
375.06   	-602.72   	 10.74   	  25.43		
381.16   	-665.59   	 10.84   	  35.61		
387.88   	-715.33   	 10.99   	  45.78		
390.01   	-756.23   	 11.17   	  61.04		
385.13   	-795.29   	 11.41   	  81.38		
375.98   	-835.57   	 11.74   	 101.73		
368.65   	-875.24   	 12.15   	 127.16		
367.13   	-909.12   	 12.66   	 152.59		
371.09   	-931.70   	 13.27   	 178.03		
375.67   	-938.72   	 13.98   	 218.72		
373.84   	-927.12   	 14.85   	 244.15		
360.41   	-893.86   	 15.83   	 284.84		
332.64   	-832.82   	 16.97   	 315.36		
289.00   	-739.75   	 18.23   	 350.97		
229.80   	-615.23   	 19.63   	 386.57		
159.61   	-471.80   	 21.18   	 412.00		
 86.98   	-332.64   	 22.83   	 447.61		
 21.67   	-219.42   	 24.62   	 467.95		
-29.91   	-138.24   	 26.49   	 493.39		
-67.14   	-79.04   	 28.46   	 518.82		
-94.91   	-25.94   	 30.54   	 539.16		
-116.88   	 28.69   	 32.70   	 564.60		
-134.58   	 77.51   	 34.95   	 590.03		
-146.48   	110.47   	 37.31   	 620.55		
-152.28   	123.90   	 39.80   	 645.98		
-154.42   	126.65   	 42.38   	 671.41		
-155.64   	130.00   	 45.07   	 696.84		
-158.39   	140.08   	 47.85   	 712.10		
-162.05   	154.72   	 50.70   	 732.45		
-165.41   	166.93   	 53.63   	 737.54		
-168.15   	173.34   	 56.58   	 737.54		
-170.29   	175.48   	 59.53   	 737.54		
-171.51   	176.39   	 62.48   	 722.28		
-172.73   	178.53   	 65.37   	 707.02		
-173.95   	181.58   	 68.20   	 686.67		
-175.78   	184.63   	 70.95   	 666.32		
-178.22   	186.46   	 73.61   	 635.81		
-180.97   	187.38   	 76.15   	 605.29		
-183.41   	187.99   	 78.58   	 584.94		
-184.94   	189.51   	 80.92   	 559.51		
-185.85   	191.65   	 83.15   	 539.16		
-187.07   	194.09   	 85.31   	 508.65		
-189.21   	196.53   	 87.34   	 493.39		
-191.96   	198.06   	 89.32   	 473.04		
-195.62   	198.67   	 91.21   	 462.87		
-199.89   	198.67   	 93.06   	 442.52		
-204.16   	198.67   	 94.83   	 437.43		
-208.13   	198.97   	 96.58   	 427.26		
-212.71   	199.58   	 98.29   	 427.26		
-217.59   	200.81   	100.00   	 422.18		
-223.08   	202.03   	101.69   	 422.18		
-229.19   	203.25   	103.38   	 422.18		
-235.29   	204.16   	105.07   	 427.26		
-241.09   	204.77   	106.77   	 417.09		
-246.89   	205.38   	108.44   	 412.00		
-252.99   	206.60   	110.09   	 401.83		
-259.70   	208.13   	111.70   	 386.57		
-266.72   	210.27   	113.24   	 371.31		
-273.44   	212.71   	114.73   	 340.79		
-279.24   	215.45   	116.09   	 325.53		
-284.73   	217.90   	117.40   	 295.01		
-289.92   	220.34   	118.58   	 279.75		
-294.49   	222.78   	119.69   	 259.41		
-297.85   	226.14   	120.73   	 244.15		
-298.77   	230.41   	121.71   	 233.98		
-296.94   	236.21   	122.64   	 223.80		
-292.97   	242.31   	123.54   	 223.80		
-287.48   	248.41   	124.43   	 213.63		
-281.37   	252.99   	125.29   	 208.54		
-274.35   	256.35   	126.12   	 203.46		
-266.11   	258.79   	126.94   	 188.20		
-255.13   	260.62   	127.69   	 178.03		
-241.09   	262.45   	128.40   	 162.77		
-223.39   	264.59   	129.05   	 152.59		
-203.86   	266.42   	129.66   	 137.33		
-183.41   	266.11   	130.21   	 122.07		
-162.96   	263.06   	130.70   	 106.82		
-143.13   	257.26   	131.13   	  86.47		
-122.68   	249.33   	131.47   	  76.30		
-101.93   	239.26   	131.78   	  55.95		
-81.18   	227.05   	132.00   	  40.69		
-61.34   	212.40   	132.17   	  20.35		
-43.64   	196.23   	132.25(S)	  -5.09		
-27.77   	179.75   	132.23   	 -20.35		
-14.34   	164.79   	132.15   	 -50.86		
 -3.05   	151.98   	131.94   	 -71.21		
  5.80   	141.30   	131.66   	-106.82		
 11.90   	132.14   	131.23   	-127.16		
 16.17   	123.60   	130.72   	-157.68		
 19.23   	115.66   	130.09   	-183.11		
 21.36   	108.95   	129.36   	-203.46		
 22.89   	103.45   	128.54   	-223.80		
 23.50   	 99.18   	127.65   	-239.06		
 23.19   	 95.83   	126.69   	-259.41		
 21.97   	 93.69   	125.66   	-269.58		
 20.45   	 92.16   	124.58   	-279.75		
 19.23   	 90.94   	123.46   	-300.10		
 17.70   	 90.03   	122.26   	-310.27		
 16.17   	 89.11   	121.02   	-320.45		
 14.34   	 87.59   	119.74   	-335.71		
 12.51   	 85.14   	118.39   	-350.97		
 10.68   	 82.40   	116.99   	-366.22		
  8.85   	 79.65   	115.52   	-396.74		
  7.63   	 77.51   	113.94   	-432.35		
  6.41   	 75.99   	112.21   	-462.87		
  5.80   	 74.77   	110.36   	-508.65		
  5.49   	 73.55   	108.32   	-554.42		
  5.19   	 71.72   	106.10   	-595.11		
  4.88   	 69.58   	103.72   	-630.72		
  4.58   	 67.75   	101.20   	-661.24		
  4.27   	 66.22   	 98.56   	-691.76		
  3.97   	 65.61   	 95.79   	-712.10		
  3.66   	 65.00   	 92.94   	-727.36		
  3.36   	 64.39   	 90.03   	-732.45		
  2.75   	 62.87   	 87.10   	-747.71		
  1.83   	 61.34   	 84.11   	-747.71		
  0.61   	 59.81   	 81.12   	-757.88		
 -0.92   	 58.59   	 78.09   	-757.88		
 -2.75   	 57.07   	 75.06   	-757.88		
 -4.58   	 55.54   	 72.02   	-762.97		
 -6.10   	 54.02   	 68.97   	-762.97		
 -7.02   	 53.71   	 65.92   	-757.88		
 -7.32   	 54.93   	 62.89   	-747.71		
 -7.02   	 56.46   	 59.90   	-742.62		
 -7.02   	 58.29   	 56.93   	-727.36		
 -7.63   	 59.20   	 54.02   	-712.10		
 -8.85   	 58.90   	 51.17   	-691.76		
-10.38   	 58.29   	 48.40   	-671.41		
-11.90   	 57.68   	 45.72   	-645.98		
-13.73   	 57.07   	 43.13   	-625.63		
-15.26   	 56.76   	 40.63   	-600.20		
-16.48   	 56.76   	 38.23   	-574.77		
-17.40   	 57.07   	 35.93   	-559.51		
-17.40   	 57.37   	 33.69   	-534.08		
-17.09   	 58.29   	 31.56   	-518.82		
-16.78   	 59.51   	 29.48   	-498.47		
-16.78   	 61.04   	 27.49   	-478.13		
-16.78   	 62.87   	 25.57   	-462.87		
-17.09   	 63.48   	 23.72   	-442.52		
-17.70   	 63.17   	 21.95   	-417.09		
-18.62   	 62.26   	 20.28   	-396.74		
-19.23   	 61.95   	 18.70   	-371.31		
-19.53   	 62.56   	 17.21   	-350.97		
-19.53   	 63.17   	 15.81   	-320.45		
-19.84   	 63.48   	 14.53   	-295.01		
-19.84   	 63.17   	 13.35   	-274.67		
-19.84   	 62.87   	 12.25   	-249.24		
-19.53   	 62.87   	 11.25   	-223.80		
-18.31   	 63.48   	 10.36   	-208.54		
-16.78   	 64.70   	  9.52   	-188.20		
-15.56   	 65.61   	  8.77   	-167.85		
-14.34   	 66.22   	  8.10   	-152.59		
-13.43   	 66.53   	  7.49   	-142.42		
-12.51   	 66.22   	  6.92   	-122.07		
-11.90   	 65.61   	  6.43   	-116.99		
-11.90   	 65.00   	  5.96   	-101.73		
-12.51   	 64.39   	  5.55   	 -91.56		
-13.43   	 63.78   	  5.19   	 -76.30		
-14.04   	 62.56   	  4.88   	 -71.21		
-13.73   	 61.95   	  4.60   	 -61.04		
-12.51   	 62.26   	  4.35   	 -50.86		
-10.99   	 63.48   	  4.15   	 -40.69		
 -9.16   	 65.00   	  3.99   	 -30.52		
 -7.93   	 65.92   	  3.87   	 -25.43		
 -7.63   	 65.61   	  3.76   	 -20.35		
 -7.93   	 64.39   	  3.68   	 -10.17		
 -8.54   	 63.17   	  3.64   	  -5.09		
 -9.16   	 62.56   	  3.62(D)	   0.00		
 -9.16   	 62.56   	  3.62   	   5.09		
 -7.93   	 63.17   	  3.64   	   5.09		
 -6.71   	 63.48   	  3.66   	  10.17		
 -5.80   	 63.17   	  3.70   	  10.17		
 -5.80   	 62.87   	  3.74   	  15.26		
 -6.41   	 62.26   	  3.80   	  15.26		
 -7.02   	 61.65   	  3.87   	  15.26		
 -6.71   	 61.04   	  3.93   	  15.26		
 -5.80   	 61.34   	  3.99   	  15.26		
 -4.27   	 65.00   	  4.05   	  15.26		
 -2.14   	 74.46   	  4.11   	  10.17		
  1.53   	 90.94   	  4.15   	  15.26		
  5.80   	113.22   	  4.21   	  15.26		
 10.07   	135.80   	  4.27   	  15.26		
 12.51   	152.59   	  4.33   	  15.26		
 13.12   	161.13   	  4.39   	  15.26		
 11.90   	162.96   	  4.46   	  20.35		
 10.99   	162.66   	  4.54   	  15.26		
 10.99   	165.10   	  4.60   	  15.26		
 12.21   	170.29   	  4.66   	  15.26		
 14.95   	174.56   	  4.72   	  10.17		
 18.92   	175.17   	  4.76   	  15.26		
 23.80   	171.51   	  4.82   	  15.26		
 28.99   	166.63   	  4.88   	  15.26		
 33.26   	163.27   	  4.94   	  10.17		
 36.62   	162.05   	  4.98   	  10.17		
 39.98   	160.22   	  5.03   	   5.09		
 44.56   	153.81   	  5.05   	  10.17		
 51.57   	138.85   	  5.09   	   5.09		
 59.51   	114.75   	  5.11   	   0.00		
 65.61   	 84.84   	  5.11   	   5.09		
 67.14   	 55.85   	  5.13   	   0.00		
 63.48   	 36.01   	  5.13   	   0.00		
 55.85   	 30.52   	  5.13   	   0.00		
 48.22   	 38.45   	  5.13   	   0.00		
 43.03   	 53.41   	  5.13   	   0.00		
 39.67   	 66.83   	  5.13   	   0.00		
 35.40   	 72.02   	  5.13   	   5.09		
 27.77   	 66.53   	  5.15   	   5.09		
 17.70   	 52.49   	  5.17   	   5.09		
  7.02   	 34.79   	  5.19   	  10.17		
 -0.92   	 18.31   	  5.23   	  10.17		
 -4.88   	  8.24   	  5.27   	  15.26		
 -6.41   	  5.19   	  5.33   	  20.35		
 -6.71   	  7.02   	  5.41   	  20.35		
 -7.02   	  9.46   	  5.49   	  25.43		
 -7.32   	 10.07   	  5.60   	  30.52		
 -7.63   	  8.85   	  5.72   	  25.43		
 -8.54   	  6.71   	  5.82   	  30.52		
-10.07   	  5.49   	  5.94   	  30.52		
-12.82   	  5.19   	  6.06   	  25.43		
-15.87   	  5.19   	  6.16   	  30.52		
-18.01   	  5.19   	  6.29   	  20.35		
-18.62   	  5.80   	  6.37   	  20.35		
-17.70   	  6.10   	  6.45   	  20.35		
-16.48   	  6.71   	  6.53   	  10.17		
-15.26   	  6.71   	  6.57   	  10.17		
-15.26   	  6.10   	  6.61   	  10.17		
-16.17   	  3.97   	  6.65   	  10.17		
-17.70   	  1.83   	  6.69   	  10.17		
-19.23   	  0.61   	  6.73   	  10.17		
-19.84   	  0.61   	  6.78   	  15.26		
-19.23   	  1.83   	  6.84   	  25.43		
-18.31   	  3.66   	  6.94   	  25.43		
-17.70   	  4.88   	  7.04   	  35.61		
-17.40   	  5.49   	  7.18   	  40.69		
-17.09   	  6.10   	  7.34   	  50.86		
-16.78   	  7.32   	  7.55   	  50.86		
-15.56   	  8.24   	  7.75   	  61.04		
-14.04   	  9.16   	  8.00   	  66.12		
-12.51   	  9.16   	  8.26   	  66.12		
-11.29   	  8.24   	  8.52   	  66.12		
-10.07   	  6.41   	  8.79   	  66.12		
 -8.85   	  4.88   	  9.05   	  61.04		
 -7.02   	  4.88   	  9.30   	  61.04		
 -4.27   	  7.02   	  9.54   	  50.86		
 -0.31   	 12.51   	  9.75   	  40.69		
  4.88   	 20.75   	  9.91   	  35.61		
 13.73   	 32.04   	 10.05   	  25.43		
 27.47   	 45.78   	 10.15   	  20.35		
 47.30   	 63.17   	 10.23   	  10.17		
 72.94   	 87.59   	 10.27   	   5.09		
103.15   	124.21   	 10.29   	   0.00		
136.11   	170.29   	 10.29   	 -10.17		
171.20   	208.13   	 10.25   	 -10.17		
206.60   	207.82   	 10.21   	 -15.26		
239.87   	142.21   	 10.15   	 -15.26		
269.47   	  9.16   	 10.09   	 -20.35		
296.94   	-160.52   	 10.01   	 -15.26		
325.32   	-315.25   	  9.95   	 -20.35		
358.28   	-412.60   	  9.87   	 -10.17		
397.34   	-442.20   	  9.83   	 -15.26		
440.67   	-425.11   	  9.77   	  -5.09		
481.87   	-397.64   	  9.75   	   0.00		
512.70   	-389.10   	  9.75(E)	   5.09		
526.43(R)	-407.41   	  9.77   	  10.17		
518.80   	-438.23   	  9.81   	  15.26		
493.47   	-459.90   	  9.87   	  25.43		
459.29   	-461.12   	  9.97   	  30.52		
425.11   	-449.22   	 10.09   	  40.69		
397.64   	-446.78   	 10.25   	  40.69		
379.33   	-472.72   	 10.42   	  50.86		
370.48   	-528.56   	 10.62   	  55.95		
369.87   	-598.14   	 10.84   	  66.12		
375.98   	-662.23   	 11.11   	  71.21		
383.61   	-712.28   	 11.39   	  81.38		
387.57   	-752.56   	 11.72   	  96.64		
384.22   	-791.32   	 12.11   	 111.90		
376.59   	-832.52   	 12.55   	 127.16		
369.87   	-874.33   	 13.06   	 147.51		
368.65   	-911.25   	 13.65   	 172.94		
372.31   	-936.58   	 14.34   	 193.29		
375.98   	-945.43   	 15.12   	 223.80		
373.84   	-934.45   	 16.01   	 249.24		
360.72   	-899.05   	 17.01   	 279.75		
334.47   	-835.27   	 18.13   	 305.19		
292.97   	-738.83   	 19.35   	 340.79		
235.60   	-611.57   	 20.71   	 366.22		
166.63   	-467.53   	 22.18   	 391.66		
 93.38   	-328.98   	 23.74   	 417.09		
 26.55   	-216.67   	 25.41   	 447.61		
-27.47   	-136.72   	 27.20   	 462.87		
-66.83   	-78.13   	 29.05   	 483.21		
-95.83   	-25.02   	 30.99   	 508.65		
-118.71   	 30.21   	 33.02   	 534.08		
-136.41   	 80.26   	 35.16   	 559.51		
-148.01   	113.83   	 37.40   	 584.94		
-153.50   	127.56   	 39.74   	 615.46		
-155.33   	129.70   	 42.20   	 645.98		
-156.25   	132.45   	 44.78   	 666.32		
-159.00   	142.52   	 47.45   	 686.67		
-162.66   	156.86   	 50.19   	 707.02		
-166.02   	169.07   	 53.02   	 717.19		
-168.76   	174.56   	 55.89   	 727.36		
-170.59   	175.17   	 58.80   	 727.36		
-172.12   	174.56   	 61.71   	 717.19		
-173.95   	175.48   	 64.58   	 707.02		
-175.48   	177.92   	 67.41   	 686.67		
-177.00   	180.66   	 70.15   	 666.32		
-178.22   	182.80   	 72.82   	 635.81		
-179.75   	184.63   	 75.36   	 610.37		
-180.97   	186.46   	 77.80   	 584.94		
-182.50   	188.90   	 80.14   	 564.60		
-184.33   	191.65   	 82.40   	 539.16		
-186.46   	194.40   	 84.56   	 523.90		
-189.21   	196.23   	 86.65   	 503.56		
-192.26   	197.45   	 88.67   	 493.39		
-195.92   	198.67   	 90.64   	 483.21		
-199.89   	199.89   	 92.57   	 473.04		
-204.47   	201.42   	 94.47   	 462.87		
-208.74   	203.25   	 96.32   	 457.78		
-212.40   	205.38   	 98.15   	 447.61		
-216.37   	206.91   	 99.94   	 452.69		
-221.25   	207.52   	101.75   	 442.52		
-227.05   	207.21   	103.52   	 437.43		
-234.07   	206.60   	105.27   	 437.43		
-241.39   	206.30   	107.02   	 422.18		
-248.72   	206.91   	108.71   	 412.00		
-255.43   	208.44   	110.36   	 401.83		
-262.15   	210.27   	111.96   	 376.40		
-268.25   	212.40   	113.47   	 361.14		
-274.05   	214.84   	114.91   	 335.71		
-279.54   	217.90   	116.26   	 310.27		
-284.73   	220.64   	117.50   	 289.93		
-289.31   	223.08   	118.66   	 264.50		
-293.27   	225.22   	119.71   	 254.32		
-296.33   	226.75   	120.73   	 233.98		
-297.85   	228.88   	121.67   	 223.80		
-297.85   	231.02   	122.56   	 218.72		
-296.33   	234.07   	123.44   	 213.63		
-292.66   	237.73   	124.29   	 203.46		
-287.17   	242.61   	125.11   	 203.46		
-279.24   	247.80   	125.92   	 198.37		
-268.55   	252.99   	126.71   	 188.20		
-255.43   	256.96   	127.47   	 183.11		
-239.87   	259.09   	128.20   	 167.85		
-223.39   	259.70   	128.87   	 157.68		
-206.30   	259.09   	129.50   	 137.33		
-188.90   	257.87   	130.05   	 127.16		
-170.90   	255.43   	130.56   	 106.82		
-151.37   	250.85   	130.99   	  91.56		
-130.00   	243.53   	131.35   	  71.21		
-108.34   	233.15   	131.64   	  50.86		
-86.98   	220.34   	131.84   	  40.69		
-67.14   	205.69   	132.00   	  20.35		
-49.74   	191.04   	132.08(S)	  -5.09		
-34.48   	176.39   	132.06   	 -20.35		
-21.06   	162.66   	131.98   	 -45.78		
 -9.77   	149.84   	131.80   	 -66.12		
 -0.31   	138.24   	131.54   	 -91.56		
  7.02   	127.56   	131.17   	-116.99		
 12.21   	117.80   	130.70   	-137.33		
 15.26   	108.64   	130.15   	-157.68		
 16.78   	100.71   	129.52   	-178.03		
 16.78   	 94.30   	128.81   	-193.29		
 16.48   	 90.03   	128.04   	-213.63		
 15.56   	 87.59   	127.18   	-228.89		
 14.04   	 86.36   	126.27   	-254.32		
 12.21   	 84.84   	125.25   	-269.58		
 10.38   	 83.31   	124.17   	-289.93		
  8.54   	 81.18   	123.01   	-310.27		
  7.63   	 79.65   	121.77   	-325.53		
  7.32   	 79.35   	120.47   	-345.88		
  7.32   	 79.04   	119.08   	-366.22		
  7.32   	 78.13   	117.62   	-391.66		
  6.71   	 75.99   	116.05   	-422.18		
  5.80   	 73.24   	114.36   	-457.78		
  5.19   	 70.19   	112.53   	-498.47		
  4.58   	 67.75   	110.54   	-539.16		
  3.97   	 65.92   	108.38   	-574.77		
  2.75   	 63.78   	106.08   	-615.46		
  1.22   	 60.73   	103.62   	-645.98		
 -0.61   	 57.98   	101.04   	-676.50		
 -2.14   	 55.24   	 98.33   	-696.84		
 -2.75   	 53.41   	 95.54   	-717.19		
 -2.75   	 51.88   	 92.68   	-727.36		
 -3.05   	 50.66   	 89.77   	-732.45		
 -3.97   	 49.44   	 86.84   	-742.62		
 -5.19   	 48.22   	 83.87   	-737.54		
 -6.10   	 47.61   	 80.92   	-742.62		
 -6.41   	 47.61   	 77.94   	-742.62		
 -6.41   	 47.61   	 74.97   	-737.54		
 -7.32   	 47.30   	 72.02   	-737.54		
 -8.85   	 46.69   	 69.07   	-737.54		
-10.38   	 45.78   	 66.12   	-732.45		
-10.99   	 45.47   	 63.19   	-727.36		
-10.38   	 46.39   	 60.28   	-727.36		
 -9.16   	 47.61   	 57.38   	-717.19		
 -8.54   	 48.83   	 54.51   	-707.02		
 -9.16   	 49.44   	 51.68   	-696.84		
-10.68   	 49.44   	 48.89   	-676.50		
-12.51   	 48.83   	 46.18   	-656.15		
-14.34   	 47.91   	 43.56   	-635.81		
-15.87   	 47.61   	 41.02   	-610.37		
-17.40   	 47.91   	 38.58   	-590.03		
-18.92   	 48.83   	 36.22   	-564.60		
-19.84   	 50.05   	 33.96   	-539.16		
-20.14   	 50.66   	 31.80   	-518.82		
-20.14   	 50.66   	 29.73   	-493.39		
-20.14   	 50.35   	 27.75   	-478.13		
-20.45   	 50.05   	 25.84   	-452.69		
-21.36   	 50.35   	 24.03   	-437.43		
-22.28   	 50.66   	 22.28   	-417.09		
-22.89   	 50.66   	 20.61   	-396.74		
-22.89   	 51.27   	 19.02   	-376.40		
-21.67   	 52.19   	 17.52   	-350.97		
-20.75   	 53.41   	 16.11   	-330.62		
-20.14   	 54.02   	 14.79   	-310.27		
-20.75   	 54.32   	 13.55   	-284.84		
-21.97   	 54.32   	 12.41   	-259.41		
-22.89   	 54.32   	 11.37   	-239.06		
-22.89   	 54.93   	 10.42   	-218.72		
-21.97   	 56.15   	  9.54   	-198.37		
-21.06   	 57.37   	  8.75   	-178.03		
-20.14   	 57.98   	  8.04   	-162.77		
-19.53   	 57.98   	  7.39   	-142.42		
-19.23   	 58.29   	  6.82   	-132.25		
-18.62   	 58.90   	  6.29   	-122.07		
-18.01   	 59.51   	  5.80   	-101.73		
-17.40   	 60.12   	  5.39   	 -91.56		
-17.09   	 60.12   	  5.03   	 -81.38		
-16.48   	 59.81   	  4.70   	 -71.21		
-16.17   	 58.90   	  4.42   	 -61.04		
-15.87   	 57.98   	  4.17   	 -45.78		
-15.87   	 57.98   	  3.99   	 -40.69		
-16.17   	 58.90   	  3.83   	 -30.52		
-16.17   	 60.73   	  3.70   	 -25.43		
-15.26   	 62.56   	  3.60   	 -10.17		
-14.04   	 63.78   	  3.56   	 -10.17		
-12.21   	 64.09   	  3.52   	  -5.09		
-11.29   	 64.39   	  3.50(D)	   5.09		
-10.99   	 64.70   	  3.52   	   5.09		
-11.29   	 65.61   	  3.54   	  10.17		
-12.21   	 66.53   	  3.58   	  10.17		
-12.51   	 66.83   	  3.62   	  15.26		
-12.21   	 66.22   	  3.68   	  15.26		
-11.29   	 65.92   	  3.74   	  15.26		
 -9.46   	 67.75   	  3.80   	  15.26		
 -7.02   	 73.85   	  3.87   	  20.35		
 -3.66   	 86.06   	  3.95   	  15.26		
  0.00   	104.37   	  4.01   	  20.35		
  3.66   	125.73   	  4.09   	  15.26		
  6.41   	145.26   	  4.15   	  20.35		
  7.63   	158.08   	  4.23   	  15.26		
  7.63   	163.27   	  4.29   	  15.26		
  7.32   	163.88   	  4.35   	  15.26		
  8.24   	165.41   	  4.42   	  20.35		
 10.07   	169.68   	  4.50   	  15.26		
 12.21   	174.87   	  4.56   	  15.26		
 14.34   	176.09   	  4.62   	  15.26		
 16.78   	172.12   	  4.68   	  10.17		
 19.84   	166.32   	  4.72   	  15.26		
 23.80   	163.27   	  4.78   	  15.26		
 28.69   	164.79   	  4.84   	  10.17		
 33.57   	168.46   	  4.88   	  15.26		
 39.06   	168.76   	  4.94   	  10.17		
 45.17   	160.22   	  4.98   	  10.17		
 52.49   	140.99   	  5.03   	   5.09		
 59.51   	112.92   	  5.05   	   5.09		
 63.48   	 81.79   	  5.07   	   5.09		
 62.26   	 56.46   	  5.09   	   5.09		
 55.85   	 43.33   	  5.11   	   0.00		
 47.30   	 44.25   	  5.11   	   0.00		
 39.67   	 54.93   	  5.11   	   0.00		
 35.10   	 67.14   	  5.11   	   0.00		
 31.74   	 74.77   	  5.11   	   5.09		
 26.86   	 73.24   	  5.13   	   0.00		
 18.31   	 62.87   	  5.13   	   0.00		
  7.02   	 45.78   	  5.13   	   5.09		
 -3.36   	 25.33   	  5.15   	  10.17		
-10.68   	  7.63   	  5.19   	  10.17		
-13.43   	 -2.75   	  5.23   	  15.26		
-13.73   	 -4.88   	  5.29   	  20.35		
-13.43   	 -1.53   	  5.37   	  20.35		
-13.73   	  3.05   	  5.45   	  20.35		
-14.65   	  5.19   	  5.53   	  30.52		
-15.87   	  3.97   	  5.66   	  25.43		
-17.70   	  1.83   	  5.76   	  30.52		
-19.23   	  0.92   	  5.88   	  25.43		
-20.75   	  1.53   	  5.98   	  25.43		
-21.67   	  3.97   	  6.08   	  20.35		
-21.97   	  8.54   	  6.16   	  25.43		
-21.67   	 14.95   	  6.27   	  15.26		
-21.36   	 21.36   	  6.33   	  15.26		
-21.97   	 26.55   	  6.39   	  10.17		
-23.50   	 28.38   	  6.43   	  10.17		
-24.41   	 26.55   	  6.47   	  10.17		
-24.41   	 22.89   	  6.51   	  15.26		
-23.50   	 18.92   	  6.57   	  15.26		
-22.89   	 14.95   	  6.63   	  15.26		
-22.58   	 11.60   	  6.69   	  25.43		
-23.19   	  9.77   	  6.80   	  25.43		
-23.50   	 10.07   	  6.90   	  35.61		
-23.19   	 11.90   	  7.04   	  40.69		
-21.67   	 13.73   	  7.20   	  45.78		
-20.75   	 13.73   	  7.39   	  50.86		
-20.45   	 12.82   	  7.59   	  50.86		
-21.36   	 12.82   	  7.79   	  61.04		
-21.67   	 15.56   	  8.04   	  61.04		
-21.06   	 20.45   	  8.28   	  55.95		
-18.62   	 22.89   	  8.50   	  61.04		
-15.26   	 20.75   	  8.75   	  55.95		
-12.21   	 14.95   	  8.97   	  45.78		
-10.38   	  9.46   	  9.16   	  45.78		
 -9.16   	  9.46   	  9.34   	  35.61		
 -7.02   	 17.40   	  9.48   	  25.43		
 -0.92   	 32.04   	  9.58   	  25.43		
 10.99   	 49.74   	  9.68   	  15.26		
 29.30   	 68.05   	  9.75   	  15.26		
 53.71   	 89.72   	  9.81   	  10.17		
 82.70   	121.77   	  9.85   	   5.09		
115.05   	166.02   	  9.87   	   5.09		
150.45   	210.88   	  9.89   	   0.00		
187.07   	228.88   	  9.89   	   0.00		
222.17   	189.21   	  9.89   	 -10.17		
252.69   	 78.13   	  9.85   	  -5.09		
278.93   	-84.23   	  9.83   	 -15.26		
303.65   	-251.46   	  9.77   	 -10.17		
332.64   	-375.67   	  9.73   	 -15.26		
369.26   	-433.04   	  9.66   	 -15.26		
412.90   	-433.96   	  9.60   	  -5.09		
457.46   	-410.16   	  9.58   	 -10.17		
493.77   	-393.07   	  9.54   	   0.00		
513.92(R)	-398.86   	  9.54(E)	  10.17		
512.70   	-420.84   	  9.58   	  10.17		
491.64   	-441.28   	  9.62   	  25.43		
458.07   	-446.78   	  9.73   	  30.52		
421.75   	-439.15   	  9.85   	  45.78		
390.32   	-436.71   	 10.03   	  50.86		
368.65   	-458.68   	 10.23   	  66.12		
357.06   	-509.95   	 10.50   	  71.21		
354.61   	-576.78   	 10.78   	  91.56		
358.89   	-640.56   	 11.15   	  96.64		
365.60   	-690.92   	 11.54   	 111.90		
368.96   	-731.20   	 11.98   	 127.16		
365.60   	-771.18   	 12.49   	 142.42		
357.06   	-814.82   	 13.06   	 157.68		
349.12   	-861.21   	 13.69   	 172.94		
347.90   	-903.63   	 14.38   	 193.29		
353.39   	-934.14   	 15.16   	 208.54		
360.72   	-947.88   	 15.99   	 228.89		
362.55   	-940.25   	 16.91   	 249.24		
354.00   	-908.81   	 17.90   	 269.58		
331.73   	-851.75   	 18.98   	 289.93		
294.19   	-766.91   	 20.14   	 310.27		
241.09   	-653.69   	 21.38   	 330.62		
173.95   	-519.71   	 22.71   	 350.97		
100.40   	-380.86   	 24.11   	 376.40		
 30.82   	-256.35   	 25.62   	 391.66		
-25.94   	-158.69   	 27.18   	 417.09		
-67.44   	-86.06   	 28.85   	 437.43		
-97.96   	-27.47   	 30.60   	 457.78		
-122.99   	 26.55   	 32.43   	 488.30		
-144.04   	 75.07   	 34.38   	 513.73		
-159.30   	111.08   	 36.44   	 549.34		
-167.24   	130.00   	 38.64   	 579.86		
-170.59   	136.72   	 40.96   	 615.46		
-172.42   	142.21   	 43.42   	 645.98		
-175.78   	151.98   	 46.00   	 676.50		
-180.05   	165.41   	 48.71   	 701.93		
-183.11   	176.39   	 51.52   	 717.19		
-184.02   	181.88   	 54.38   	 737.54		
-184.33   	183.41   	 57.33   	 737.54		
-184.94   	184.63   	 60.28   	 742.62		
-187.07   	186.46   	 63.26   	 732.45		
-190.73   	187.99   	 66.18   	 717.19		
-194.09   	188.29   	 69.05   	 707.02		
-196.84   	188.29   	 71.88   	 676.50		
-197.75   	189.82   	 74.59   	 656.15		
-197.45   	192.57   	 77.21   	 625.63		
-197.45   	195.62   	 79.71   	 595.11		
-198.67   	196.84   	 82.10   	 564.60		
-201.72   	194.40   	 84.35   	 534.08		
-205.69   	188.60   	 86.49   	 508.65		
-209.35   	182.50   	 88.52   	 488.30		
-212.40   	181.58   	 90.48   	 467.95		
-215.15   	189.21   	 92.35   	 457.78		
-218.51   	203.55   	 94.18   	 452.69		
-223.08   	217.90   	 95.99   	 442.52		
-228.27   	224.91   	 97.76   	 442.52		
-233.76   	221.86   	 99.53   	 442.52		
-238.65   	213.32   	101.30   	 437.43		
-243.53   	206.30   	103.05   	 432.35		
-249.02   	205.08   	104.78   	 422.18		
-256.04   	208.13   	106.47   	 412.00		
-264.28   	213.01   	108.12   	 401.83		
-272.52   	217.59   	109.72   	 381.48		
-279.24   	222.17   	111.25   	 356.05		
-285.03   	227.66   	112.68   	 335.71		
-289.92   	232.54   	114.02   	 315.36		
-295.41   	235.60   	115.28   	 289.93		
-301.82   	235.90   	116.44   	 269.58		
-308.23   	235.29   	117.52   	 249.24		
-313.42   	236.82   	118.51   	 239.06		
-316.77   	241.09   	119.47   	 233.98		
-318.60   	245.97   	120.41   	 233.98		
-318.91   	248.11   	121.34   	 228.89		
-318.30   	246.89   	122.26   	 228.89		
-316.47   	245.36   	123.17   	 233.98		
-313.11   	248.11   	124.11   	 228.89		
-307.01   	256.96   	125.02   	 228.89		
-298.16   	268.86   	125.94   	 218.72		
-286.25   	277.71   	126.82   	 208.54		
-272.22   	280.15   	127.65   	 193.29		
-256.04   	277.71   	128.42   	 172.94		
-238.34   	274.05   	129.11   	 157.68		
-219.42   	271.00   	129.75   	 137.33		
-199.58   	269.47   	130.29   	 127.16		
-179.14   	266.42   	130.80   	 101.73		
-157.78   	259.40   	131.21   	  91.56		
-135.50   	247.80   	131.58   	  76.30		
-113.53   	233.76   	131.88   	  61.04		
-92.47   	219.12   	132.13   	  40.69		
-73.55   	205.08   	132.29   	  30.52		
-57.37   	190.73   	132.41   	   5.09		
-43.95   	174.56   	132.43(S)	 -15.26		
-32.65   	156.56   	132.37   	 -35.61		
-23.19   	138.55   	132.23   	 -61.04		
-15.26   	125.73   	131.98   	 -81.38		
 -9.16   	119.63   	131.66   	-106.82		
 -4.88   	118.41   	131.23   	-127.16		
 -2.44   	117.49   	130.72   	-157.68		
 -1.22   	113.53   	130.09   	-178.03		
 -0.92   	105.90   	129.38   	-203.46		
 -1.22   	 97.96   	128.57   	-233.98		
 -2.44   	 92.77   	127.63   	-249.24		
 -4.58   	 90.33   	126.63   	-279.75		
 -7.32   	 90.33   	125.51   	-289.93		
 -9.46   	 92.16   	124.35   	-310.27		
-10.07   	 94.91   	123.11   	-320.45		
 -9.77   	 97.35   	121.83   	-330.62		
 -9.16   	 97.66   	120.51   	-345.88		
 -9.77   	 94.30   	119.12   	-356.05		
-11.29   	 88.50   	117.70   	-376.40		
-12.82   	 83.01   	116.19   	-412.00		
-13.73   	 80.57   	114.55   	-442.52		
-13.12   	 81.18   	112.78   	-483.21		
-12.51   	 82.70   	110.84   	-528.99		
-12.21   	 83.62   	108.73   	-569.68		
-12.82   	 83.01   	106.45   	-605.29		
-14.34   	 82.09   	104.03   	-645.98		
-15.26   	 80.26   	101.44   	-676.50		
-16.17   	 76.90   	 98.74   	-696.84		
-16.78   	 70.19   	 95.95   	-717.19		
-17.70   	 61.04   	 93.08   	-737.54		
-18.62   	 52.49   	 90.13   	-747.71		
-19.84   	 49.44   	 87.14   	-752.79		
-20.75   	 52.49   	 84.13   	-762.97		
-21.97   	 58.29   	 81.08   	-762.97		
-22.89   	 62.26   	 78.03   	-768.05		
-23.50   	 60.42   	 74.95   	-762.97		
-23.80   	 53.41   	 71.90   	-752.79		
-24.11   	 45.17   	 68.89   	-742.62		
-25.02   	 40.89   	 65.92   	-727.36		
-26.25   	 43.33   	 63.01   	-717.19		
-27.47   	 53.10   	 60.14   	-696.84		
-28.08   	 67.14   	 57.35   	-686.67		
-27.77   	 80.57   	 54.61   	-671.41		
-28.08   	 86.67   	 51.92   	-656.15		
-29.30   	 83.92   	 49.30   	-651.07		
-31.43   	 74.77   	 46.69   	-635.81		
-33.57   	 65.31   	 44.15   	-625.63		
-35.10   	 58.29   	 41.65   	-605.29		
-36.93   	 54.93   	 39.23   	-595.11		
-38.76   	 54.32   	 36.85   	-569.68		
-40.89   	 55.85   	 34.57   	-554.42		
-42.11   	 59.81   	 32.35   	-534.08		
-41.81   	 65.92   	 30.21   	-508.65		
-39.98   	 71.41   	 28.18   	-488.30		
-37.84   	 74.16   	 26.23   	-467.95		
-36.93   	 75.38   	 24.35   	-442.52		
-37.54   	 77.21   	 22.58   	-422.18		
-39.06   	 78.13   	 20.90   	-401.83		
-40.28   	 74.46   	 19.29   	-376.40		
-39.98   	 64.39   	 17.78   	-356.05		
-38.15   	 52.49   	 16.36   	-330.62		
-36.01   	 47.00   	 15.04   	-310.27		
-34.48   	 52.80   	 13.79   	-284.84		
-34.79   	 65.61   	 12.66   	-259.41		
-35.71   	 76.29   	 11.62   	-239.06		
-36.93   	 78.13   	 10.66   	-218.72		
-37.23   	 72.94   	  9.79   	-198.37		
-36.93   	 69.58   	  8.99   	-178.03		
-36.62   	 74.16   	  8.28   	-157.68		
-36.01   	 83.31   	  7.65   	-147.51		
-35.10   	 90.03   	  7.06   	-132.25		
-33.57   	 90.03   	  6.53   	-116.99		
-32.35   	 85.75   	  6.06   	-106.82		
-31.74   	 81.79   	  5.64   	 -86.47		
-30.82   	 81.79   	  5.29   	 -81.38		
-29.30   	 84.53   	  4.96   	 -61.04		
-26.86   	 86.98   	  4.72   	 -55.95		
-24.11   	 87.89   	  4.50   	 -35.61		
-22.89   	 88.81   	  4.35   	 -30.52		
-23.50   	 88.81   	  4.23   	 -15.26		
-25.33   	 86.67   	  4.17   	  -5.09		
-27.16   	 80.87   	  4.15   	   5.09		
-27.77   	 74.16   	  4.17   	  10.17		
-27.16   	 68.97   	  4.21   	  15.26		
-25.63   	 69.89   	  4.27   	  20.35		
-22.89   	 79.65   	  4.35   	  25.43		
-18.92   	 99.18   	  4.46   	  20.35		
-13.73   	125.73   	  4.54   	  20.35		
 -8.24   	153.81   	  4.62   	  25.43		
 -4.27   	176.09   	  4.72   	  15.26		
 -2.75   	187.07   	  4.78   	  15.26		
 -3.05   	185.85   	  4.84   	  15.26		
 -3.97   	176.39   	  4.90   	  10.17		
 -3.97   	166.02   	  4.94   	   0.00		
 -2.44   	161.13   	  4.94   	   5.09		
 -0.31   	164.79   	  4.96   	  -5.09		
  2.14   	175.48   	  4.94   	  -5.09		
  5.19   	188.60   	  4.92   	  -5.09		
  9.16   	196.84   	  4.90   	 -10.17		
 14.04   	196.23   	  4.86   	 -10.17		
 19.53   	188.60   	  4.82   	  -5.09		
 25.63   	177.92   	  4.80   	   0.00		
 31.13   	165.71   	  4.80   	   0.00		
 36.62   	150.45   	  4.80   	   5.09		
 42.11   	130.92   	  4.82   	  10.17		
 46.08   	107.73   	  4.86   	  15.26		
 48.22   	 85.45   	  4.92   	  20.35		
 47.91   	 68.97   	  5.01   	  20.35		
 45.47   	 59.20   	  5.09   	  25.43		
 41.20   	 54.32   	  5.19   	  25.43		
 36.62   	 52.19   	  5.29   	  25.43		
 30.82   	 54.32   	  5.39   	  25.43		
 24.11   	 60.12   	  5.49   	  25.43		
 15.56   	 66.53   	  5.60   	  20.35		
  6.10   	 69.27   	  5.68   	  15.26		
 -3.05   	 65.61   	  5.74   	  10.17		
-10.07   	 54.93   	  5.78   	   5.09		
-14.34   	 40.28   	  5.80   	   0.00		
-15.87   	 25.94   	  5.80   	  -5.09		
-16.48   	 13.43   	  5.78   	  -5.09		
-17.09   	  5.19   	  5.76   	 -10.17		
-18.01   	  3.97   	  5.72   	 -10.17		
-19.23   	 10.07   	  5.68   	 -15.26		
-20.14   	 20.14   	  5.62   	 -10.17		
-21.06   	 28.08   	  5.57   	 -15.26		
-21.97   	 29.30   	  5.51   	 -20.35		
-22.89   	 23.50   	  5.43   	 -40.69		
-24.11   	 15.26   	  5.27   	 -55.95		
-25.02   	  9.46   	  5.05   	 -96.64		
-25.63   	  8.85   	  4.66   	-127.16		
-26.25   	 11.60   	  4.15   	-167.85		
-26.86   	 13.73   	  3.48   	-203.46		
-27.77   	 12.82   	  2.67   	-213.63		
-28.69   	 10.07   	  1.81   	-213.63		
-28.99   	  8.54   	  0.96   	-183.11		
-28.69   	 10.07   	  0.22   	-132.25		
-28.38   	 15.26   	 -0.31   	 -61.04		
-28.08   	 19.84   	 -0.55(D)	  15.26		
-27.77   	 18.31   	 -0.49   	  96.64		
-27.16   	  8.85   	 -0.10   	 172.94		
-25.33   	 -4.58   	  0.59   	 233.98		
-23.50   	-13.73   	  1.53   	 279.75		
-22.58   	-11.60   	  2.64   	 295.01		
-23.19   	  1.83   	  3.83   	 289.93		
-24.41   	 19.84   	  4.98   	 269.58		
-25.33   	 30.21   	  6.06   	 228.89		
-24.41   	 24.41   	  6.98   	 167.85		
-21.36   	  5.80   	  7.65   	  91.56		
-17.70   	-12.21   	  8.02   	  10.17		
-14.04   	-16.48   	  8.06   	 -76.30		
-10.68   	 -1.53   	  7.75   	-152.59		
 -7.02   	 25.94   	  7.14   	-218.72		
 -1.53   	 51.57   	  6.27   	-259.41		
  7.32   	 64.70   	  5.23   	-264.50		
 21.36   	 66.83   	  4.17   	-239.06		
 40.89   	 69.27   	  3.21   	-188.20		
 66.83   	 85.75   	  2.46   	-111.90		
 97.66   	124.21   	  2.01   	 -25.43		
132.45   	176.70   	  1.91   	  66.12		
169.37   	218.51   	  2.18   	 142.42		
205.99   	217.59   	  2.75   	 223.80		
239.56   	150.45   	  3.64   	 274.67		
267.64   	 18.92   	  4.74   	 310.27		
291.75   	-146.18   	  5.98   	 335.71		
316.16   	-297.24   	  7.32   	 335.71		
345.76   	-397.03   	  8.67   	 335.71		
384.52   	-435.49   	 10.01   	 320.45		
429.38   	-429.08   	 11.29   	 289.93		
473.02   	-408.33   	 12.45   	 259.41		
504.46   	-398.25   	 13.49   	 223.80		
516.05(R)	-407.41   	 14.38   	 183.11		
504.46   	-425.42   	 15.12   	 147.51		
475.46   	-436.71   	 15.71   	 116.99		
439.45   	-433.96   	 16.17   	  96.64		
406.19   	-425.72   	 16.56   	  81.38		
381.16   	-430.60   	 16.89   	  86.47		
366.21   	-462.95   	 17.23   	  86.47		
359.80   	-521.55   	 17.58   	  91.56		
360.72   	-591.74   	 17.94   	  96.64		
366.52   	-656.13   	 18.33   	 106.82		
372.92   	-708.92   	 18.76   	 101.73		
375.37   	-754.39   	 19.17   	 106.82		
371.70   	-798.03   	 19.59   	 106.82		
365.30   	-842.29   	 20.02   	 101.73		
360.72   	-886.84   	 20.43   	 101.73		
361.94   	-926.21   	 20.83   	 101.73		
367.74   	-953.98   	 21.24   	  96.64		
372.62   	-965.88   	 21.63   	 101.73		
370.48   	-956.12   	 22.03   	  96.64		
356.75   	-915.83   	 22.42   	 111.90		
329.28   	-839.54   	 22.87   	 127.16		
286.56   	-726.62   	 23.38   	 152.59		
229.19   	-586.55   	 23.99   	 188.20		
161.13   	-441.89   	 24.74   	 239.06		
 90.33   	-318.60   	 25.70   	 284.84		
 26.55   	-229.19   	 26.84   	 340.79		
-24.11   	-166.93   	 28.20   	 396.74		
-61.65   	-112.30   	 29.79   	 437.43		
-90.33   	-53.10   	 31.54   	 467.95		
-113.53   	  7.32   	 33.41   	 493.39		
-130.92   	 55.54   	 35.38   	 498.47		
-141.30   	 82.40   	 37.38   	 498.47		
-145.57   	 92.77   	 39.37   	 488.30		
-147.40   	 99.49   	 41.32   	 478.13		
-149.84   	108.64   	 43.23   	 483.21		
-153.20   	114.75   	 45.17   	 498.47		
-156.25   	114.14   	 47.16   	 528.99		
-158.08   	112.00   	 49.28   	 574.77		
-159.30   	115.97   	 51.58   	 635.81		
-161.44   	131.23   	 54.12   	 691.76		
-164.49   	150.76   	 56.89   	 747.71		
-167.24   	161.13   	 59.88   	 788.40		
-168.46   	157.47   	 63.03   	 798.57		
-169.07   	148.62   	 66.23   	 798.57		
-170.29   	145.26   	 69.42   	 768.05		
-173.03   	152.59   	 72.49   	 727.36		
-176.70   	164.18   	 75.40   	 681.58		
-180.36   	170.90   	 78.13   	 645.98		
-183.11   	168.15   	 80.71   	 605.29		
-185.24   	160.83   	 83.13   	 579.86		
-187.07   	158.08   	 85.45   	 554.42		
-189.21   	162.66   	 87.67   	 523.90		
-191.96   	168.76   	 89.77   	 493.39		
-195.31   	168.76   	 91.74   	 467.95		
-198.36   	162.05   	 93.61   	 437.43		
-201.11   	153.20   	 95.36   	 422.18		
-204.47   	149.54   	 97.05   	 417.09		
-209.35   	154.42   	 98.72   	 422.18		
-216.67   	163.27   	100.41   	 427.26		
-225.52   	169.98   	102.12   	 447.61		
-234.38   	172.42   	103.91   	 452.69		
-242.31   	170.59   	105.72   	 467.95		
-248.41   	166.93   	107.59   	 467.95		
-253.30   	163.57   	109.46   	 467.95		
-258.18   	161.13   	111.33   	 462.87		
-263.06   	159.00   	113.18   	 442.52		
-269.17   	159.00   	114.95   	 422.18		
-275.88   	162.66   	116.64   	 412.00		
-283.81   	168.46   	118.29   	 391.66		
-291.44   	173.34   	119.86   	 386.57		
-297.24   	174.56   	121.40   	 381.48		
-299.68   	173.03   	122.93   	 386.57		
-299.07   	175.17   	124.48   	 396.74		
-296.33   	186.77   	126.06   	 406.92		
-292.36   	202.94   	127.69   	 412.00		
-287.78   	213.93   	129.34   	 401.83		
-281.68   	213.01   	130.95   	 391.66		
-273.13   	202.03   	132.51   	 361.14		
-262.15   	191.04   	133.96   	 320.45		
-249.02   	185.85   	135.24   	 264.50		
-233.46   	185.55   	136.30   	 203.46		
-216.67   	189.51   	137.11   	 142.42		
-198.97   	196.53   	137.68   	  76.30		
-181.27   	205.08   	137.99   	  15.26		
-163.27   	211.18   	138.05(S)	 -40.69		
-144.65   	207.52   	137.88   	 -91.56		
-124.21   	190.73   	137.52   	-132.25		
-101.62   	166.63   	136.99   	-172.94		
-79.04   	144.65   	136.30   	-198.37		
-58.90   	131.84   	135.50   	-223.80		
-43.03   	127.56   	134.61   	-244.15		
-30.82   	126.95   	133.63   	-259.41		
-20.75   	125.73   	132.59   	-269.58		
-10.99   	121.15   	131.52   	-274.67		
 -1.83   	110.78   	130.42   	-274.67		
  6.71   	 97.05   	129.32   	-264.50		
 12.82   	 81.18   	128.26   	-244.15		
 15.87   	 64.70   	127.28   	-213.63		
 16.78   	 50.35   	126.43   	-178.03		
 16.17   	 41.50   	125.72   	-137.33		
 15.56   	 40.59   	125.17   	-106.82		
 14.95   	 46.39   	124.74   	 -76.30		
 14.04   	 54.02   	124.43   	 -61.04		
 11.29   	 56.46   	124.19   	 -71.21		
  7.02   	 49.44   	123.91   	 -81.38		
  2.75   	 37.84   	123.58   	-111.90		
  0.31   	 29.30   	123.13   	-147.51		
  0.00   	 28.99   	122.54   	-178.03		
  1.53   	 35.40   	121.83   	-218.72		
  2.75   	 42.11   	120.96   	-254.32		
  2.75   	 43.33   	119.94   	-295.01		
  1.53   	 38.15   	118.76   	-345.88		
 -0.92   	 29.91   	117.37   	-406.92		
 -3.36   	 21.67   	115.75   	-462.87		
 -5.19   	 15.26   	113.90   	-539.16		
 -6.41   	 10.68   	111.74   	-605.29		
 -6.71   	  7.63   	109.32   	-686.67		
 -7.02   	  6.41   	106.57   	-747.71		
 -7.63   	  6.71   	103.58   	-813.83		
 -9.16   	  6.71   	100.33   	-869.78		
-10.68   	  5.19   	 96.85   	-905.39		
-11.90   	  2.44   	 93.22   	-935.91		
-12.21   	 -0.31   	 89.48   	-951.17		
-11.90   	 -1.22   	 85.68   	-956.25		
-11.60   	  0.00   	 81.85   	-946.08		
-12.21   	  0.31   	 78.07   	-925.73		
-13.43   	 -1.53   	 74.36   	-900.30		
-14.65   	 -5.19   	 70.76   	-869.78		
-15.87   	 -8.54   	 67.28   	-829.09		
-16.48   	-10.68   	 63.97   	-788.40		
-17.40   	-10.99   	 60.81   	-742.62		
-18.62   	-11.29   	 57.84   	-707.02		
-19.84   	-12.51   	 55.02   	-666.32		
-20.75   	-13.73   	 52.35   	-625.63		
-21.36   	-14.04   	 49.85   	-590.03		
-21.67   	-12.82   	 47.49   	-559.51		
-22.28   	-10.99   	 45.25   	-534.08		
-22.89   	 -9.77   	 43.11   	-508.65		
-24.11   	 -9.77   	 41.08   	-488.30		
-25.63   	-10.68   	 39.12   	-467.95		
-27.16   	-10.99   	 37.25   	-457.78		
-29.30   	-10.07   	 35.42   	-442.52		
-31.43   	 -8.24   	 33.65   	-432.35		
-32.96   	 -6.41   	 31.92   	-422.18		
-33.87   	 -5.80   	 30.23   	-412.00		
-34.18   	 -6.41   	 28.59   	-396.74		
-35.10   	 -7.02   	 27.00   	-386.57		
-36.32   	 -6.41   	 25.45   	-371.31		
-37.54   	 -4.88   	 23.97   	-361.14		
-37.84   	 -2.44   	 22.52   	  N/A		
