  I     	  II     	  AO     	  AO'		
-11.60   	449.22   	167.83   	 376.40		
 -4.88   	456.54   	169.34   	 361.14		
 -1.22   	462.65   	170.78   	 345.88		
 -2.14   	465.09   	172.17   	 335.71		
 -6.41   	462.34   	173.51   	 315.36		
-11.29   	454.10   	174.77   	 305.19		
-14.04   	441.28   	175.99   	 289.93		
-14.65   	423.89   	177.15   	 279.75		
-13.43   	402.83   	178.27   	 269.58		
-11.29   	378.42   	179.35   	 254.32		
 -8.54   	351.56   	180.37   	 239.06		
 -6.10   	321.35   	181.32   	 223.80		
 -4.88   	286.25   	182.22   	 208.54		
 -4.88   	245.97   	183.05   	 193.29		
 -5.80   	203.55   	183.82   	 172.94		
 -5.49   	162.96   	184.52   	 157.68		
 -3.36   	127.26   	185.15   	 137.33		
 -1.22   	 96.44   	185.70   	 111.90		
 -0.31   	 67.14   	186.14   	  86.47		
 -2.44   	 36.32   	186.49   	  55.95		
 -6.71   	  5.49   	186.71   	  25.43		
-11.29   	-22.89   	186.82   	  -5.09		
-14.34   	-44.86   	186.79   	 -40.69		
-16.17   	-61.04   	186.63   	 -81.38		
-17.09   	-73.24   	186.31   	-116.99		
-16.48   	-83.01   	185.84   	-157.68		
-13.43   	-90.03   	185.21   	-208.54		
 -9.46   	-93.99   	184.37   	-244.15		
 -6.41   	-96.44   	183.40   	-295.01		
 -6.41   	-99.49   	182.22   	-335.71		
-10.07   	-106.20   	180.87   	-366.22		
-14.95   	-115.36   	179.41   	-396.74		
-17.40   	-124.51   	177.82   	-417.09		
-16.48   	-129.70   	176.15   	-427.26		
-13.12   	-129.39   	174.44   	-437.43		
 -9.77   	-125.43   	172.70   	-442.52		
 -9.16   	-121.15   	170.93   	-437.43		
-10.38   	-118.71   	169.18   	-437.43		
-13.43   	-119.32   	167.43   	-427.26		
-16.78   	-121.15   	165.72   	-422.18		
-18.62   	-121.77   	164.03   	-406.92		
-19.53   	-120.24   	162.40   	-391.66		
-19.53   	-117.19   	160.83   	-381.48		
-19.23   	-114.14   	159.31   	-361.14		
-18.92   	-112.61   	157.86   	-350.97		
-18.31   	-111.69   	156.46   	-335.71		
-18.31   	-111.69   	155.12   	-320.45		
-20.14   	-112.00   	153.83   	-310.27		
-22.89   	-111.08   	152.59   	-300.10		
-25.02   	-108.03   	151.39   	-289.93		
-26.55   	-103.15   	150.23   	-279.75		
-27.16   	-98.27   	149.11   	-269.58		
-28.08   	-95.83   	148.04   	-269.58		
-28.38   	-96.13   	146.96   	-259.41		
-26.55   	-98.57   	145.92   	-259.41		
-22.28   	-101.01   	144.88   	-254.32		
-18.01   	-101.62   	143.87   	-249.24		
-17.40   	-101.32   	142.87   	-249.24		
-20.75   	-101.62   	141.87   	-249.24		
-24.72   	-101.93   	140.87   	-244.15		
-24.41   	-100.40   	139.90   	-244.15		
-20.14   	-96.74   	138.92   	-244.15		
-14.65   	-92.16   	137.94   	-239.06		
-11.60   	-87.89   	136.99   	-244.15		
-12.82   	-84.53   	136.01   	-239.06		
-15.87   	-83.92   	135.06   	-239.06		
-18.01   	-85.45   	134.10   	-233.98		
-18.01   	-89.72   	133.16   	-239.06		
-17.40   	-97.66   	132.21   	-233.98		
-17.09   	-105.90   	131.27   	-228.89		
-16.78   	-111.39   	130.36   	-228.89		
-14.65   	-111.39   	129.44   	-223.80		
-11.29   	-107.42   	128.54   	-223.80		
 -7.93   	-103.15   	127.65   	-213.63		
 -7.02   	-102.84   	126.80   	-213.63		
 -9.16   	-106.81   	125.94   	-203.46		
-12.21   	-110.78   	125.13   	-198.37		
-14.04   	-110.17   	124.33   	-193.29		
-13.43   	-100.71   	123.56   	-193.29		
-11.60   	-83.62   	122.79   	-188.20		
-10.07   	-62.56   	122.03   	-183.11		
 -9.46   	-41.20   	121.30   	-183.11		
 -8.54   	-21.97   	120.57   	-183.11		
 -5.80   	 -6.10   	119.84   	-178.03		
 -1.22   	  5.49   	119.12   	-178.03		
  2.75   	 11.29   	118.41   	-172.94		
  3.36   	 10.38   	117.72   	-172.94		
  1.83   	  4.88   	117.03   	-167.85		
  1.83   	  0.00   	116.36   	-162.77		
  6.10   	  1.83   	115.71   	-162.77		
 13.12   	  8.54   	115.06   	-152.59		
 17.40   	 13.73   	114.45   	-157.68		
 15.26   	 10.99   	113.81   	-147.51		
  9.16   	  0.00   	113.22   	-147.51		
  6.41   	-10.68   	112.63   	-142.42		
 13.73   	-10.68   	112.06   	-137.33		
 30.21   	  1.53   	111.52   	-137.33		
 47.00   	 17.09   	110.97   	-132.25		
 54.63   	 24.41   	110.44   	-127.16		
 49.44   	 17.40   	109.93   	-116.99		
 35.40   	 -1.83   	109.46   	-101.73		
 19.84   	-26.25   	109.05   	 -86.47		
  6.71   	-51.27   	108.71   	 -76.30		
 -2.75   	-77.21   	108.40   	 -61.04		
-10.07   	-105.59   	108.16   	 -61.04		
-15.87   	-134.58   	107.91   	 -61.04		
-19.84   	-159.30   	107.67   	 -76.30		
-21.06   	-174.87   	107.36   	 -91.56		
-21.36   	-181.27   	107.00   	-122.07		
-21.67   	-181.58   	106.51   	-142.42		
-21.06   	-179.75   	105.94   	-157.68		
-19.53   	-179.14   	105.31   	-178.03		
-16.48   	-179.14   	104.60   	-183.11		
-13.12   	-178.83   	103.87   	-188.20		
-12.82   	-178.53   	103.11   	-178.03		
-16.17   	-179.14   	102.40   	-167.85		
-20.14   	-180.05   	101.73   	-152.59		
-21.36   	-180.66   	101.12   	-142.42		
-19.23   	-180.36   	100.55   	-127.16		
-15.87   	-178.83   	100.04   	-106.82		
-14.65   	-177.61   	 99.61   	 -96.64		
-16.78   	-177.92   	 99.23   	 -86.47		
-20.14   	-179.14   	 98.88   	 -76.30		
-21.67   	-179.75   	 98.58   	 -66.12		
-20.45   	-178.53   	 98.31   	 -61.04		
-18.01   	-176.09   	 98.07   	 -55.95		
-16.48   	-173.95   	 97.84   	 -55.95		
-17.70   	-171.81   	 97.62   	 -55.95		
-20.75   	-169.68   	 97.40   	 -55.95		
-22.89   	-166.32   	 97.17   	 -61.04		
-22.58   	-161.74   	 96.93   	 -66.12		
-20.45   	-156.86   	 96.66   	 -66.12		
-17.70   	-153.20   	 96.40   	 -76.30		
-16.17   	-151.06   	 96.09   	 -76.30		
-15.56   	-150.15   	 95.79   	 -81.38		
-14.95   	-148.62   	 95.46   	 -86.47		
-13.43   	-145.57   	 95.12   	 -86.47		
-11.29   	-141.30   	 94.77   	 -91.56		
-10.07   	-137.33   	 94.40   	 -91.56		
 -9.77   	-133.97   	 94.04   	 -91.56		
-10.99   	-131.23   	 93.67   	 -91.56		
-13.12   	-129.09   	 93.31   	 -91.56		
-16.17   	-128.17   	 92.94   	 -91.56		
-19.84   	-128.78   	 92.57   	 -86.47		
-21.67   	-130.00   	 92.23   	 -91.56		
-20.75   	-129.39   	 91.86   	 -86.47		
-16.17   	-125.43   	 91.52   	 -86.47		
-10.68   	-118.10   	 91.17   	 -81.38		
 -6.71   	-110.78   	 90.84   	 -81.38		
 -6.10   	-106.51   	 90.52   	 -81.38		
 -8.54   	-107.42   	 90.19   	 -81.38		
-11.90   	-112.92   	 89.87   	 -71.21		
-14.04   	-120.85   	 89.58   	 -76.30		
-14.04   	-127.56   	 89.28   	 -71.21		
-13.12   	-129.09   	 88.99   	 -71.21		
-11.90   	-123.90   	 88.71   	 -71.21		
-10.68   	-112.92   	 88.42   	 -66.12		
-11.60   	-98.57   	 88.16   	 -66.12		
-17.40   	-82.09   	 87.89   	 -61.04		
-30.21   	-61.65   	 87.65   	 -61.04		
-50.35   	-33.26   	 87.41   	 -55.95		
-70.50   	 11.60   	 87.18   	 -55.95		
-80.26   	 81.18   	 86.96   	 -55.95		
-67.75   	181.27   	 86.73   	 -50.86		
-24.11   	310.67   	 86.53   	 -50.86		
 55.85   	457.76   	 86.33   	 -50.86		
171.81   	592.35   	 86.12   	 -96.64		
470.89   	638.73   	 85.74   	 -45.78		
611.57   	481.57   	 85.55   	 -45.78		
709.23   	215.45   	 85.37   	 -45.78		
741.88   	-106.81   	 85.19   	 -45.78		
700.07   	-408.02   	 85.00   	 -45.78		
592.04   	-612.79   	 84.82   	 -50.86		
440.37   	-679.02(R)	 84.62   	 -45.78		
275.88   	-607.30   	 84.44   	 -45.78		
127.56   	-440.98   	 84.25   	 -45.78		
 16.17   	-254.82   	 84.07   	 -45.78		
-49.13   	-119.93   	 83.89   	 -40.69		
-71.72   	-64.39   	 83.72   	 -40.69		
-65.61   	-68.66   	 83.56   	 -35.61		
-48.52   	-92.77   	 83.42   	 -35.61		
-35.40   	-105.29   	 83.28   	 -20.35		
-33.87   	-99.49   	 83.19   	 -10.17		
-40.89   	-85.75   	 83.15   	  10.17		
-48.22   	-75.38   	 83.19   	  25.43		
-50.66   	-71.72   	 83.30   	  61.04		
-47.30   	-70.50   	 83.54   	  86.47		
-42.72   	-68.36   	 83.89   	 127.16		
-40.59   	-64.70   	 84.39   	 157.68		
-42.11   	-58.90   	 85.03   	 183.11		
-45.17   	-53.10   	 85.76   	 213.63		
-47.00   	-50.35   	 86.61   	 233.98		
-46.69   	-53.10   	 87.55   	 254.32		
-45.17   	-58.59   	 88.57   	 274.67		
-43.64   	-61.04   	 89.66   	 295.01		
-42.72   	-57.68   	 90.84   	 315.36		
-41.81   	-48.83   	 92.11   	 340.79		
-42.11   	-38.15   	 93.47   	 371.31		
-43.03   	-29.30   	 94.95   	 391.66		
-44.56   	-23.80   	 96.52   	 422.18		
-46.39   	-23.50   	 98.21   	 437.43		
-47.00   	-28.38   	 99.96   	 462.87		
-46.08   	-34.48   	101.81   	 473.04		
-43.64   	-35.71   	103.70   	 493.39		
-40.28   	-28.38   	105.68   	 498.47		
-37.54   	-14.04   	107.67   	 513.73		
-36.01   	  0.31   	109.72   	 523.90		
-35.71   	  7.02   	111.82   	 539.16		
-36.32   	  5.49   	113.98   	 544.25		
-36.32   	  2.44   	116.15   	 559.51		
-34.18   	  5.49   	118.39   	 564.60		
-31.43   	 17.70   	120.65   	 569.68		
-29.60   	 35.71   	122.93   	 569.68		
-30.21   	 52.19   	125.21   	 559.51		
-33.57   	 64.09   	127.45   	 549.34		
-36.32   	 72.33   	129.64   	 534.08		
-35.10   	 80.26   	131.78   	 518.82		
-29.60   	 90.33   	133.86   	 503.56		
-23.80   	101.01   	135.87   	 498.47		
-21.67   	110.47   	137.86   	 483.21		
-23.80   	122.38   	139.80   	 462.87		
-27.47   	140.99   	141.65   	 442.52		
-28.38   	167.54   	143.42   	 427.26		
-25.02   	197.45   	145.13   	 412.00		
-19.23   	224.00   	146.77   	 417.09		
-14.34   	242.92   	148.44   	 427.26		
-12.82   	258.18   	150.15   	 437.43		
-13.43   	277.40   	151.90   	 452.69		
-14.34   	302.73   	153.71   	 462.87		
-13.73   	332.03   	155.56   	 467.95		
-12.21   	358.58   	157.44   	 467.95		
-10.38   	379.64   	159.31   	 462.87		
 -8.54   	395.81   	161.16   	 457.78		
 -6.41   	410.16   	162.99   	 442.52		
 -3.05   	424.19   	164.76   	 432.35		
  0.31   	437.62   	166.49   	 417.09		
  2.44   	447.08   	168.16   	 401.83		
  1.53   	451.05   	169.77   	 386.57		
 -2.44   	449.22   	171.31   	 366.22		
 -7.63   	442.81   	172.78   	 350.97		
-11.29   	433.65   	174.18   	 335.71		
-11.90   	422.06   	175.52   	 315.36		
 -8.85   	407.71   	176.78   	 300.10		
 -4.27   	388.49   	177.99   	 279.75		
 -1.83   	361.02   	179.10   	 264.50		
 -3.36   	325.01   	180.16   	 249.24		
 -7.93   	281.98   	181.16   	 233.98		
-13.12   	236.51   	182.09   	 213.63		
-15.87   	193.48   	182.95   	 188.20		
-13.73   	156.25   	183.70   	 172.94		
 -8.85   	124.82   	184.39   	 142.42		
 -4.27   	 97.96   	184.96   	 116.99		
 -3.36   	 72.63   	185.43   	  91.56		
 -7.02   	 46.39   	185.80   	  61.04		
-13.12   	 19.23   	186.04   	  30.52		
-18.01   	 -6.41   	186.16(S)	  -5.09		
-18.92   	-26.86   	186.14   	 -35.61		
-15.87   	-40.59   	186.00   	 -71.21		
-11.60   	-49.44   	185.72   	-106.82		
 -9.77   	-58.29   	185.29   	-147.51		
-12.21   	-70.50   	184.70   	-188.20		
-17.70   	-85.45   	183.95   	-233.98		
-22.58   	-98.57   	183.01   	-274.67		
-24.41   	-105.90   	181.91   	-310.27		
-23.19   	-107.12   	180.67   	-350.97		
-19.84   	-105.90   	179.27   	-371.31		
-17.40   	-105.90   	177.78   	-391.66		
-16.78   	-108.03   	176.21   	-406.92		
-17.09   	-108.95   	174.59   	-412.00		
-16.17   	-106.81   	172.94   	-417.09		
-13.73   	-101.32   	171.27   	-412.00		
-11.29   	-96.44   	169.62   	-406.92		
-10.99   	-95.52   	168.00   	-406.92		
-14.65   	-100.10   	166.37   	-391.66		
-21.67   	-107.42   	164.80   	-386.57		
-28.69   	-113.22   	163.25   	-371.31		
-31.74   	-114.44   	161.77   	-361.14		
-29.60   	-109.25   	160.32   	-350.97		
-24.72   	-100.10   	158.92   	-340.79		
-20.45   	-90.03   	157.56   	-330.62		
-19.84   	-82.40   	156.24   	-315.36		
-21.36   	-79.04   	154.97   	-315.36		
-22.58   	-79.65   	153.71   	-305.19		
-21.36   	-82.09   	152.49   	-300.10		
-18.92   	-84.84   	151.29   	-289.93		
-18.01   	-85.45   	150.13   	-289.93		
-19.23   	-83.31   	148.97   	-284.84		
-21.67   	-77.82   	147.83   	-279.75		
-22.58   	-70.50   	146.71   	-269.58		
-22.28   	-63.78   	145.64   	-269.58		
-22.28   	-61.65   	144.56   	-264.50		
-25.02   	-65.92   	143.50   	-259.41		
-29.91   	-75.38   	142.46   	-254.32		
-33.57   	-84.53   	141.44   	-249.24		
-32.65   	-88.50   	140.45   	-244.15		
-27.16   	-86.36   	139.47   	-239.06		
-20.45   	-82.40   	138.51   	-239.06		
-16.48   	-81.79   	137.56   	-228.89		
-16.78   	-85.75   	136.64   	-233.98		
-20.45   	-90.94   	135.71   	-223.80		
-23.80   	-92.47   	134.81   	-223.80		
-24.11   	-89.42   	133.92   	-218.72		
-21.06   	-85.14   	133.04   	-213.63		
-16.78   	-82.40   	132.19   	-218.72		
-14.34   	-79.96   	131.31   	-208.54		
-14.65   	-74.77   	130.48   	-208.54		
-16.48   	-63.78   	129.64   	-208.54		
-17.70   	-48.22   	128.81   	-203.46		
-17.40   	-33.26   	128.00   	-203.46		
-16.48   	-21.67   	127.18   	-198.37		
-16.48   	-13.12   	126.39   	-198.37		
-17.09   	 -3.05   	125.59   	-198.37		
-15.26   	 11.90   	124.80   	-193.29		
 -9.77   	 28.69   	124.03   	-188.20		
 -3.05   	 40.59   	123.28   	-188.20		
  1.83   	 43.03   	122.52   	-188.20		
  3.66   	 37.54   	121.77   	-178.03		
  3.05   	 31.43   	121.06   	-172.94		
  1.83   	 31.13   	120.37   	-172.94		
  1.83   	 36.32   	119.67   	-167.85		
  3.36   	 43.33   	119.00   	-167.85		
  6.71   	 48.22   	118.33   	-162.77		
 13.12   	 51.88   	117.68   	-167.85		
 21.36   	 57.68   	117.01   	-162.77		
 28.69   	 64.39   	116.36   	-162.77		
 32.65   	 68.05   	115.71   	-157.68		
 32.04   	 65.31   	115.08   	-157.68		
 28.38   	 54.63   	114.45   	-147.51		
 22.28   	 36.32   	113.86   	-147.51		
 13.43   	 11.90   	113.27   	-137.33		
  1.53   	-19.84   	112.72   	-122.07		
-11.60   	-57.68   	112.23   	-116.99		
-22.28   	-95.83   	111.76   	-101.73		
-26.86   	-126.65   	111.35   	 -96.64		
-25.02   	-144.96   	110.97   	 -81.38		
-19.84   	-150.15   	110.64   	 -66.12		
-14.65   	-146.79   	110.38   	 -61.04		
-12.21   	-140.99   	110.13   	 -45.78		
-12.51   	-137.63   	109.95   	 -50.86		
-15.26   	-139.16   	109.75   	 -45.78		
-20.75   	-145.87   	109.56   	 -66.12		
-26.25   	-154.42   	109.30   	 -86.47		
-29.30   	-159.91   	108.95   	-111.90		
-27.47   	-158.08   	108.50   	-142.42		
-22.28   	-149.23   	107.93   	-172.94		
-18.01   	-138.85   	107.24   	-188.20		
-18.01   	-134.58   	106.49   	-208.54		
-22.58   	-139.77   	105.66   	-208.54		
-28.38   	-150.45   	104.82   	-203.46		
-31.43   	-158.08   	104.01   	-198.37		
-29.60   	-155.94   	103.21   	-183.11		
-24.72   	-146.18   	102.48   	-162.77		
-20.14   	-136.11   	101.83   	-152.59		
-17.70   	-131.23   	101.22   	-132.25		
-17.09   	-131.23   	100.69   	-116.99		
-17.70   	-131.53   	100.22   	-106.82		
-17.09   	-128.78   	 99.80   	 -96.64		
-15.26   	-123.90   	 99.41   	 -86.47		
-13.12   	-120.85   	 99.06   	 -86.47		
-12.21   	-123.90   	 98.72   	 -81.38		
-13.73   	-131.23   	 98.39   	 -81.38		
-17.70   	-137.33   	 98.07   	 -81.38		
-21.36   	-137.63   	 97.74   	 -76.30		
-23.19   	-129.39   	 97.44   	 -81.38		
-21.36   	-116.58   	 97.11   	 -76.30		
-17.70   	-106.51   	 96.81   	 -81.38		
-14.04   	-104.06   	 96.48   	 -86.47		
-12.51   	-108.34   	 96.13   	 -81.38		
-12.82   	-113.83   	 95.81   	 -81.38		
-14.34   	-114.75   	 95.48   	 -81.38		
-16.17   	-111.69   	 95.16   	 -86.47		
-18.62   	-109.25   	 94.81   	 -81.38		
-20.75   	-109.86   	 94.49   	 -76.30		
-21.06   	-112.00   	 94.18   	 -81.38		
-19.53   	-111.69   	 93.86   	 -76.30		
-16.17   	-108.64   	 93.55   	 -71.21		
-13.12   	-103.76   	 93.27   	 -76.30		
-12.51   	-100.40   	 92.96   	 -71.21		
-14.65   	-97.96   	 92.68   	 -71.21		
-17.40   	-93.99   	 92.39   	 -71.21		
-18.92   	-88.81   	 92.11   	 -71.21		
-18.62   	-86.06   	 91.82   	 -71.21		
-17.40   	-88.20   	 91.54   	 -76.30		
-16.48   	-93.08   	 91.23   	 -71.21		
-16.17   	-95.21   	 90.95   	 -66.12		
-17.40   	-89.42   	 90.68   	 -66.12		
-22.28   	-75.07   	 90.42   	 -61.04		
-33.57   	-54.02   	 90.17   	 -55.95		
-51.27   	-26.55   	 89.95   	 -50.86		
-71.11   	 12.51   	 89.75   	 -50.86		
-83.31   	 71.72   	 89.54   	 -45.78		
-76.90   	159.30   	 89.36   	 -40.69		
-43.03   	277.71   	 89.20   	 -45.78		
 22.89   	420.53   	 89.01   	 -40.69		
120.85   	568.54   	 88.85   	 -91.56		
384.83   	720.83(R)	 88.48   	 -45.78		
520.32   	639.04   	 88.30   	 -50.86		
626.53   	438.23   	 88.10   	 -55.95		
679.93   	155.33   	 87.87   	 -55.95		
664.37   	-141.60   	 87.65   	 -55.95		
579.53   	-374.45   	 87.43   	 -50.86		
441.59   	-491.33   	 87.22   	 -55.95		
279.24   	-480.04   	 87.00   	 -50.86		
126.95   	-366.82   	 86.80   	 -50.86		
 12.21   	-209.66   	 86.59   	 -40.69		
-52.19   	-76.90   	 86.43   	 -40.69		
-70.80   	-10.38   	 86.27   	 -30.52		
-61.95   	 -6.71   	 86.14   	 -25.43		
-46.39   	-33.26   	 86.04   	 -20.35		
-36.93   	-55.54   	 85.96   	 -15.26		
-36.62   	-56.76   	 85.90   	  -5.09		
-40.59   	-43.03   	 85.88(D)	  10.17		
-43.95   	-28.99   	 85.92   	  15.26		
-44.86   	-22.89   	 85.98   	  40.69		
-45.17   	-23.50   	 86.14   	  55.95		
-47.30   	-25.63   	 86.37   	  91.56		
-50.35   	-26.25   	 86.73   	 111.90		
-53.10   	-25.02   	 87.18   	 142.42		
-52.80   	-22.28   	 87.75   	 167.85		
-48.83   	-19.23   	 88.42   	 183.11		
-43.64   	-17.70   	 89.16   	 198.37		
-39.98   	-16.78   	 89.95   	 218.72		
-39.67   	-15.56   	 90.82   	 233.98		
-42.42   	-12.21   	 91.76   	 254.32		
-45.78   	 -7.32   	 92.78   	 284.84		
-47.91   	 -1.22   	 93.92   	 320.45		
-46.69   	  4.27   	 95.20   	 350.97		
-43.33   	  7.93   	 96.60   	 386.57		
-40.28   	  8.54   	 98.15   	 422.18		
-37.84   	  8.24   	 99.84   	 447.61		
-35.40   	 10.07   	101.63   	 473.04		
-33.87   	 17.40   	103.52   	 503.56		
-34.48   	 28.38   	105.53   	 518.82		
-36.93   	 38.76   	107.61   	 544.25		
-41.20   	 43.64   	109.79   	 559.51		
-44.86   	 43.33   	112.02   	 559.51		
-45.47   	 42.11   	114.26   	 564.60		
-41.81   	 46.69   	116.52   	 554.42		
-36.93   	 57.37   	118.74   	 549.34		
-33.26   	 71.11   	120.94   	 544.25		
-32.35   	 82.40   	123.11   	 544.25		
-33.57   	 88.50   	125.29   	 544.25		
-34.48   	 91.55   	127.47   	 544.25		
-34.48   	 97.35   	129.64   	 539.16		
-33.26   	109.56   	131.80   	 539.16		
-32.96   	126.04   	133.96   	 544.25		
-34.18   	143.13   	136.13   	 544.25		
-34.79   	158.08   	138.31   	 539.16		
-33.26   	171.81   	140.47   	 539.16		
-29.91   	188.29   	142.62   	 534.08		
-26.25   	210.27   	144.76   	 528.99		
-23.50   	237.43   	146.88   	 523.90		
-22.89   	265.20   	148.97   	 523.90		
-23.80   	289.92   	151.07   	 513.73		
-24.72   	310.06   	153.12   	 508.65		
-23.80   	327.45   	155.16   	 503.56		
-20.45   	346.07   	157.17   	 503.56		
-15.87   	367.43   	159.19   	 493.39		
-12.82   	390.32   	161.16   	 483.21		
-13.43   	411.38   	163.09   	 467.95		
-18.31   	427.25   	164.96   	 457.78		
-23.80   	438.54   	166.79   	 437.43		
-25.94   	447.08   	168.54   	 417.09		
-23.50   	455.02   	170.21   	 391.66		
-17.70   	462.95   	171.78   	 366.22		
-12.82   	469.06   	173.24   	 340.79		
-10.99   	470.28   	174.61   	 310.27		
-11.90   	466.00   	175.85   	 284.84		
-13.73   	456.85   	176.99   	 259.41		
-15.26   	444.95   	178.03   	 239.06		
-16.17   	431.82   	178.98   	 213.63		
-17.40   	416.87   	179.84   	 203.46		
-18.01   	397.03   	180.65   	 188.20		
-16.78   	369.57   	181.40   	 178.03		
-13.73   	334.78   	182.12   	 178.03		
-10.68   	294.80   	182.83   	 172.94		
-11.90   	251.77   	183.52   	 152.59		
-17.70   	208.74   	184.13   	 137.33		
-25.02   	168.46   	184.68   	 116.99		
-29.30   	133.67   	185.15   	 101.73		
-27.16   	105.90   	185.55   	  76.30		
-20.14   	 83.01   	185.86   	  61.04		
-14.34   	 60.73   	186.10   	  40.69		
-13.73   	 36.93   	186.27   	  10.17		
-16.78   	 12.82   	186.31(S)	 -10.17		
-20.14   	 -8.24   	186.27   	 -40.69		
-21.97   	-24.11   	186.10   	 -81.38		
-22.89   	-36.62   	185.78   	-116.99		
-24.72   	-47.61   	185.31   	-162.77		
-27.47   	-57.07   	184.66   	-208.54		
-28.99   	-63.48   	183.82   	-259.41		
-28.69   	-66.83   	182.79   	-305.19		
-26.25   	-68.66   	181.57   	-340.79		
-23.50   	-70.50   	180.20   	-371.31		
-21.97   	-72.94   	178.72   	-396.74		
-21.36   	-74.16   	177.13   	-406.92		
-21.36   	-74.16   	175.50   	-417.09		
-23.19   	-73.85   	173.83   	-427.26		
-26.86   	-75.68   	172.13   	-417.09		
-30.82   	-80.87   	170.46   	-412.00		
-32.96   	-87.28   	168.81   	-396.74		
-31.13   	-92.47   	167.22   	-376.40		
-26.55   	-94.30   	165.72   	-356.05		
-22.28   	-91.86   	164.29   	-340.79		
-20.75   	-85.75   	162.93   	-320.45		
-21.97   	-78.74   	161.65   	-305.19		
-25.33   	-73.24   	160.43   	-289.93		
-27.77   	-71.41   	159.27   	-274.67		
-28.38   	-72.63   	158.17   	-259.41		
-27.77   	-74.16   	157.13   	-249.24		
-26.86   	-73.55   	156.13   	-239.06		
-25.33   	-69.27   	155.18   	-239.06		
-22.89   	-62.26   	154.22   	-233.98		
-20.75   	-55.85   	153.29   	-233.98		
-19.84   	-53.10   	152.35   	-244.15		
-21.06   	-55.24   	151.37   	-249.24		
-22.89   	-59.51   	150.38   	-259.41		
-23.80   	-61.04   	149.34   	-269.58		
-21.67   	-55.85   	148.26   	-274.67		
-17.70   	-45.17   	147.16   	-284.84		
-14.95   	-34.79   	146.02   	-295.01		
-14.95   	-29.60   	144.84   	-300.10		
-17.40   	-30.21   	143.64   	-300.10		
-20.45   	-33.87   	142.44   	-310.27		
-22.89   	-35.40   	141.20   	-310.27		
-23.19   	-33.57   	139.96   	-310.27		
-21.36   	-28.08   	138.72   	-305.19		
-18.62   	-21.67   	137.50   	-300.10		
-15.26   	-13.73   	136.30   	-295.01		
-12.21   	 -1.53   	135.12   	-284.84		
-10.68   	 15.87   	133.98   	-274.67		
-10.68   	 35.71   	132.88   	-264.50		
-11.29   	 54.32   	131.82   	-244.15		
-11.90   	 68.66   	130.84   	-233.98		
-12.21   	 77.21   	129.91   	-218.72		
-12.51   	 81.18   	129.03   	-198.37		
-11.90   	 82.09   	128.24   	-188.20		
 -9.16   	 82.40   	127.49   	-178.03		
 -4.88   	 84.53   	126.77   	-167.85		
 -1.22   	 89.42   	126.10   	-157.68		
  0.00   	 94.91   	125.47   	-152.59		
 -1.83   	 96.44   	124.86   	-147.51		
 -4.27   	 90.33   	124.27   	-147.51		
 -3.97   	 78.43   	123.68   	-152.59		
  0.31   	 68.97   	123.07   	-152.59		
  7.32   	 69.58   	122.46   	-147.51		
 15.56   	 82.40   	121.87   	-142.42		
 22.89   	100.10   	121.30   	-132.25		
 26.55   	111.08   	120.77   	-132.25		
 24.41   	105.90   	120.24   	-127.16		
 16.48   	 85.45   	119.74   	-127.16		
  4.58   	 57.07   	119.23   	-132.25		
 -6.41   	 26.86   	118.70   	-142.42		
-13.43   	 -3.05   	118.13   	-142.42		
-16.78   	-32.35   	117.56   	-157.68		
-18.01   	-60.12   	116.93   	-162.77		
-17.70   	-82.09   	116.28   	-178.03		
-16.48   	-93.99   	115.56   	-178.03		
-15.56   	-97.66   	114.85   	-193.29		
-17.09   	-98.88   	114.08   	-188.20		
-20.75   	-102.54   	113.33   	-193.29		
-25.33   	-108.34   	112.55   	-193.29		
-28.38   	-112.61   	111.78   	-183.11		
-27.77   	-113.53   	111.05   	-178.03		
-25.02   	-110.78   	110.34   	-162.77		
-22.89   	-108.03   	109.68   	-142.42		
-22.58   	-106.81   	109.11   	-122.07		
-22.28   	-106.81   	108.63   	 -96.64		
-21.36   	-107.12   	108.24   	 -71.21		
-20.45   	-107.42   	107.95   	 -35.61		
-19.53   	-106.51   	107.81   	 -15.26		
-18.92   	-103.15   	107.75   	   0.00		
-18.62   	-97.35   	107.75   	   5.09		
-18.62   	-91.55   	107.77   	   0.00		
-19.53   	-88.50   	107.77   	 -15.26		
-21.67   	-88.81   	107.71   	 -45.78		
-24.11   	-91.25   	107.53   	 -96.64		
-24.41   	-92.77   	107.14   	-147.51		
-21.97   	-91.55   	106.55   	-203.46		
-17.40   	-88.50   	105.74   	-244.15		
-14.34   	-86.06   	104.76   	-269.58		
-14.04   	-85.14   	103.68   	-279.75		
-15.56   	-85.75   	102.56   	-269.58		
-16.48   	-86.36   	101.48   	-264.50		
-15.26   	-86.06   	100.43   	-239.06		
-12.82   	-83.62   	 99.47   	-218.72		
-11.29   	-79.35   	 98.60   	-188.20		
-12.51   	-75.07   	 97.84   	-162.77		
-15.56   	-72.94   	 97.19   	-137.33		
-17.09   	-73.24   	 96.64   	-111.90		
-16.48   	-75.07   	 96.19   	-101.73		
-15.26   	-76.90   	 95.79   	 -86.47		
-15.87   	-77.82   	 95.44   	 -71.21		
-19.23   	-77.51   	 95.16   	 -61.04		
-23.50   	-76.90   	 94.91   	 -61.04		
-25.02   	-75.68   	 94.67   	 -45.78		
-21.36   	-71.72   	 94.49   	 -45.78		
-14.95   	-65.61   	 94.30   	 -35.61		
-10.07   	-60.73   	 94.16   	 -35.61		
 -9.46   	-57.68   	 94.02   	 -20.35		
-11.90   	-57.98   	 93.94   	 -15.26		
-15.87   	-61.34   	 93.88   	   0.00		
-18.62   	-64.39   	 93.88   	  15.26		
-18.92   	-65.61   	 93.94   	  30.52		
-18.01   	-65.31   	 94.06   	  45.78		
-16.17   	-64.09   	 94.24   	  50.86		
-14.04   	-61.34   	 94.45   	  61.04		
-12.82   	-58.29   	 94.69   	  66.12		
-15.26   	-54.63   	 94.95   	  71.21		
-23.19   	-48.22   	 95.24   	  71.21		
-37.84   	-34.79   	 95.52   	  66.12		
-56.15   	 -7.32   	 95.79   	  55.95		
-72.63   	 43.33   	 96.01   	  50.86		
-79.65   	126.65   	 96.22   	  30.52		
-68.97   	248.72   	 96.34   	  20.35		
-33.26   	409.85   	 96.42   	   5.09		
 33.26   	600.59   	 96.44   	 -20.35		
257.87   	937.50   	 96.36   	 -20.35		
396.12   	967.41(R)	 96.28   	 -30.52		
523.38   	839.84   	 96.15   	 -35.61		
612.79   	558.17   	 96.01   	 -45.78		
643.62   	181.58   	 95.83   	 -55.95		
607.91   	-185.24   	 95.60   	 -66.12		
512.39   	-437.62   	 95.34   	 -76.30		
378.11   	-523.68   	 95.04   	 -91.56		
233.46   	-457.15   	 94.67   	 -91.56		
106.20   	-304.87   	 94.30   	 -96.64		
 15.26   	-152.89   	 93.92   	-106.82		
-33.57   	-61.34   	 93.49   	-116.99		
-49.13   	-36.32   	 93.02   	-127.16		
-46.69   	-46.69   	 92.51   	-157.68		
-41.20   	-57.07   	 91.88   	-183.11		
-39.98   	-52.80   	 91.15   	-198.37		
-42.11   	-39.37   	 90.36   	-218.72		
-45.17   	-29.30   	 89.48   	-208.54		
-46.39   	-27.47   	 88.65   	-193.29		
-45.47   	-29.91   	 87.87   	-142.42		
-43.03   	-29.60   	 87.30   	 -71.21		
-40.89   	-25.94   	 87.02(D)	  15.26		
-39.67   	-21.67   	 87.08   	 116.99		
-40.28   	-18.62   	 87.55   	 213.63		
-42.72   	-18.62   	 88.40   	 310.27		
-45.78   	-20.14   	 89.64   	 396.74		
-46.39   	-21.36   	 91.23   	 467.95		
-44.25   	-19.84   	 93.10   	 534.08		
-40.28   	-13.43   	 95.24   	 569.68		
-36.93   	 -3.36   	 97.52   	 605.29		
-36.32   	  5.80   	 99.94   	 620.55		
-37.84   	 11.60   	102.42   	 620.55		
-40.28   	 12.82   	104.90   	 615.46		
-41.81   	 10.68   	107.36   	 590.03		
-41.50   	  7.63   	109.72   	 544.25		
-39.98   	  7.93   	111.90   	 498.47		
-38.15   	 13.73   	113.90   	 442.52		
-37.23   	 23.19   	115.67   	 386.57		
-37.84   	 31.74   	117.21   	 330.62		
-39.67   	 36.32   	118.53   	 284.84		
-40.59   	 38.15   	119.67   	 244.15		
-39.37   	 41.20   	120.65   	 223.80		
-36.93   	 48.83   	121.55   	 213.63		
-34.48   	 60.12   	122.40   	 223.80		
-34.18   	 70.80   	123.30   	 244.15		
-36.01   	 77.51   	124.27   	 274.67		
-37.54   	 81.48   	125.37   	 310.27		
-37.84   	 85.75   	126.61   	 356.05		
-37.23   	 92.47   	128.04   	 412.00		
-35.71   	102.54   	129.68   	 457.78		
-34.18   	114.44   	131.52   	 508.65		
-32.65   	127.87   	133.55   	 564.60		
-30.21   	143.74   	135.81   	 615.46		
-27.47   	162.35   	138.27   	 666.32		
-25.94   	182.19   	140.94   	 707.02		
-27.47   	200.20   	143.76   	 742.62		
-30.82   	215.45   	146.73   	 773.14		
-34.18   	229.49   	149.83   	 788.40		
-36.01   	245.67   	152.98   	 793.49		
-33.87   	267.64   	156.15   	 793.49		
-28.38   	296.02   	159.33   	 778.23		
-22.58   	327.45   	162.44   	 752.79		
-18.31   	357.36   	165.45   	 717.19		
-17.09   	383.00   	168.32   	 676.50		
-18.62   	403.14   	171.03   	 635.81		
-20.75   	417.79   	173.57   	 579.86		
-21.36   	429.08   	175.89   	 528.99		
-19.23   	439.45   	178.01   	 478.13		
-15.26   	449.83   	179.92   	 427.26		
-10.68   	460.21   	181.63   	 376.40		
 -7.02   	467.83   	183.13   	 335.71		
 -5.80   	469.97   	184.48   	 295.01		
 -6.41   	466.92   	185.66   	 249.24		
 -7.63   	460.51   	186.65   	 218.72		
 -9.77   	453.49   	187.53   	 183.11		
-12.82   	444.64   	188.26   	 157.68		
-15.87   	430.91   	188.89   	 147.51		
-17.40   	408.94   	189.48   	 132.25		
-15.87   	378.42   	190.01   	 116.99		
-11.29   	342.10   	190.48   	 106.82		
 -6.71   	303.04   	190.90   	  91.56		
 -4.58   	263.67   	191.27   	  86.47		
 -5.49   	223.08   	191.62   	  76.30		
 -8.54   	182.19   	191.92   	  71.21		
-10.38   	143.74   	192.21   	  61.04		
-10.38   	110.17   	192.45   	  50.86		
 -9.46   	 82.40   	192.65   	  35.61		
 -9.77   	 58.29   	192.80   	  20.35		
-11.60   	 35.71   	192.88(S)	  -5.09		
-14.04   	 14.04   	192.86   	 -30.52		
-16.17   	 -5.49   	192.74   	 -55.95		
-18.01   	-20.14   	192.51   	 -86.47		
-19.23   	-29.60   	192.17   	-122.07		
-20.14   	-36.32   	191.68   	-157.68		
-19.84   	-43.33   	191.05   	-198.37		
-18.31   	-50.96   	190.25   	-239.06		
-17.09   	-58.90   	189.30   	-284.84		
-17.09   	-65.00   	188.16   	-320.45		
-18.31   	-68.97   	186.88   	-340.79		
-19.84   	-70.19   	185.51   	-361.14		
-19.53   	-68.97   	184.07   	-361.14		
-17.09   	-67.14   	182.62   	-366.22		
-14.04   	-65.61   	181.16   	-356.05		
-13.43   	-66.83   	179.73   	-345.88		
-15.87   	-72.02   	178.35   	-335.71		
-20.75   	-79.35   	177.01   	-335.71		
-24.41   	-85.45   	175.67   	-330.62		
-24.72   	-87.28   	174.34   	-330.62		
-21.36   	-85.14   	173.02   	-325.53		
-17.70   	-81.48   	171.72   	-320.45		
-16.48   	-78.43   	170.44   	-305.19		
-19.53   	-77.51   	169.22   	-295.01		
-25.33   	-76.90   	168.04   	-284.84		
-30.52   	-75.07   	166.90   	-274.67		
-31.74   	-72.02   	165.80   	-269.58		
-28.69   	-68.66   	164.72   	-264.50		
-23.80   	-66.22   	163.66   	-264.50		
-21.06   	-65.61   	162.60   	-259.41		
-21.97   	-67.44   	161.57   	-264.50		
-26.86   	-68.97   	160.51   	-259.41		
-32.35   	-66.53   	159.47   	-264.50		
-35.40   	-57.07   	158.41   	-269.58		
-35.40   	-40.59   	157.33   	-274.67		
-32.35   	-18.92   	156.24   	-284.84		
-27.77   	  4.27   	155.10   	-300.10		
-23.80   	 26.55   	153.90   	-310.27		
-21.06   	 44.86   	152.65   	-330.62		
-19.53   	 57.68   	151.33   	-340.79		
-18.92   	 63.48   	149.97   	-361.14		
-18.92   	 61.65   	148.52   	-376.40		
-18.31   	 56.76   	147.02   	-381.48		
-16.48   	 53.71   	145.49   	-386.57		
-14.34   	 54.93   	143.95   	-386.57		
-12.51   	 57.68   	142.40   	-386.57		
-10.99   	 57.37   	140.85   	-371.31		
 -9.16   	 50.66   	139.37   	-356.05		
 -5.19   	 42.11   	137.94   	-340.79		
  1.53   	 39.98   	136.58   	-310.27		
 10.38   	 49.13   	135.34   	-284.84		
 19.23   	 65.92   	134.20   	-254.32		
 25.33   	 80.26   	133.18   	-223.80		
 26.86   	 83.31   	132.29   	-193.29		
 23.19   	 72.33   	131.52   	-167.85		
 15.56   	 51.88   	130.84   	-152.59		
  6.41   	 28.08   	130.23   	-127.16		
 -2.75   	  1.53   	129.72   	-116.99		
 -9.77   	-30.52   	129.26   	-101.73		
-14.65   	-66.53   	128.85   	 -96.64		
-16.78   	-100.40   	128.46   	 -86.47		
-18.01   	-125.43   	128.12   	 -86.47		
-19.53   	-137.33   	127.77   	 -81.38		
-22.28   	-140.08   	127.45   	 -81.38		
-25.94   	-140.69   	127.12   	 -86.47		
-28.69   	-141.91   	126.77   	 -86.47		
-28.69   	-144.04   	126.43   	 -96.64		
-25.94   	-144.96   	126.04   	-106.82		
-22.28   	-145.26   	125.61   	-116.99		
-20.75   	-146.79   	125.15   	-127.16		
-22.28   	-151.37   	124.64   	-137.33		
-25.94   	-156.56   	124.09   	-157.68		
-28.69   	-158.69   	123.46   	-172.94		
-28.38   	-156.56   	122.77   	-188.20		
-25.33   	-152.89   	122.01   	-203.46		
-21.97   	-150.45   	121.20   	-218.72		
-20.14   	-151.67   	120.33   	-228.89		
-21.06   	-156.25   	119.41   	-233.98		
-23.19   	-160.52   	118.47   	-233.98		
-24.11   	-161.74   	117.54   	-239.06		
-23.19   	-159.61   	116.58   	-228.89		
-20.14   	-155.33   	115.67   	-228.89		
-17.09   	-151.67   	114.75   	-218.72		
-15.56   	-149.84   	113.88   	-203.46		
-16.78   	-149.84   	113.06   	-198.37		
-19.53   	-150.15   	112.27   	-188.20		
-22.89   	-149.54   	111.52   	-172.94		
-24.41   	-147.09   	110.82   	-167.85		
-23.80   	-143.74   	110.15   	-152.59		
-22.28   	-140.08   	109.54   	-147.51		
-21.06   	-136.41   	108.95   	-137.33		
-20.45   	-131.84   	108.40   	-132.25		
-20.14   	-128.17   	107.87   	-132.25		
-20.14   	-127.26   	107.34   	-142.42		
-20.75   	-129.70   	106.77   	-142.42		
-21.67   	-133.97   	106.21   	-157.68		
-21.97   	-135.80   	105.57   	-167.85		
-21.06   	-131.84   	104.90   	-172.94		
-19.53   	-123.29   	104.21   	-172.94		
-20.14   	-114.14   	103.52   	-162.77		
-23.50   	-109.86   	102.87   	-157.68		
-28.38   	-113.22   	102.24   	-142.42		
-31.43   	-121.77   	101.67   	-132.25		
-30.21   	-130.31   	101.14   	-111.90		
-25.63   	-133.06   	100.69   	-106.82		
-21.06   	-127.87   	100.26   	 -91.56		
-18.92   	-116.58   	 99.90   	 -86.47		
-19.84   	-105.59   	 99.55   	 -86.47		
-22.58   	-100.71   	 99.21   	 -86.47		
-25.02   	-103.15   	 98.86   	 -91.56		
-26.25   	-109.25   	 98.49   	 -91.56		
-25.63   	-112.92   	 98.13   	-101.73		
-23.50   	-109.86   	 97.72   	 -96.64		
-20.75   	-100.40   	 97.33   	 -96.64		
-21.06   	-89.42   	 96.95   	 -91.56		
-28.08   	-77.21   	 96.58   	 -86.47		
-43.33   	-60.12   	 96.24   	 -76.30		
-64.39   	-31.74   	 95.93   	 -71.21		
-83.31   	 17.09   	 95.65   	 -61.04		
-91.55   	 94.91   	 95.40   	 -50.86		
-79.35   	209.05   	 95.20   	 -35.61		
-39.67   	361.94   	 95.06   	 -30.52		
 32.35   	545.65   	 94.93   	 -10.17		
136.41   	729.98   	 94.89   	   0.00		
405.27   	866.39(R)	 94.89   	  20.35		
531.01   	712.28   	 94.97   	  30.52		
617.68   	406.49   	 95.10   	  40.69		
645.45   	 14.04   	 95.26   	  45.78		
607.91   	-357.97   	 95.44   	  50.86		
512.70   	-605.77   	 95.65   	  55.95		
380.25   	-676.57   	 95.87   	  50.86		
236.51   	-587.77   	 96.07   	  40.69		
105.90   	-411.99   	 96.24   	  25.43		
  7.32   	-239.87   	 96.34   	   5.09		
-50.35   	-133.97   	 96.36   	 -15.26		
-68.97   	-99.18   	 96.30   	 -35.61		
-61.95   	-101.01   	 96.15   	 -55.95		
-47.61   	-102.84   	 95.93   	 -76.30		
-40.28   	-92.77   	 95.63   	 -91.56		
-44.86   	-79.35   	 95.26   	 -91.56		
-54.32   	-74.16   	 94.89   	 -91.56		
-60.42   	-78.43   	 94.53   	 -71.21		
-59.51   	-82.70   	 94.24   	 -50.86		
-54.63   	-79.35   	 94.04   	 -10.17		
-51.27   	-69.58   	 94.00(D)	  30.52		
-53.41   	-62.26   	 94.12   	  81.38		
-58.29   	-60.73   	 94.45   	 132.25		
-61.34   	-64.39   	 94.97   	 183.11		
-60.12   	-68.36   	 95.71   	 218.72		
-55.54   	-68.97   	 96.58   	 264.50		
-50.66   	-64.39   	 97.64   	 289.93		
-48.22   	-56.76   	 98.80   	 330.62		
-48.83   	-48.52   	100.12   	 361.14		
-50.66   	-42.11   	101.57   	 396.74		
-52.19   	-38.45   	103.15   	 422.18		
-52.80   	-37.23   	104.84   	 457.78		
-52.80   	-37.84   	106.67   	 473.04		
-53.41   	-38.15   	108.57   	 493.39		
-54.02   	-36.62   	110.54   	 498.47		
-54.32   	-32.04   	112.53   	 503.56		
-53.41   	-24.11   	114.55   	 503.56		
-51.57   	-15.26   	116.56   	 493.39		
-50.35   	 -7.93   	118.53   	 488.30		
-50.35   	 -3.66   	120.49   	 473.04		
-51.88   	 -1.22   	122.38   	 457.78		
-53.71   	  1.83   	124.21   	 437.43		
-54.93   	  7.63   	125.96   	 412.00		
-54.93   	 14.95   	127.61   	 396.74		
-54.02   	 23.50   	129.20   	 381.48		
-52.80   	 32.04   	130.72   	 391.66		
-50.96   	 40.59   	132.29   	 401.83		
-48.83   	 49.74   	133.90   	 427.26		
-47.00   	 59.20   	135.60   	 447.61		
-46.69   	 68.97   	137.40   	 473.04		
-47.91   	 79.65   	139.29   	 498.47		
-49.74   	 93.08   	141.28   	 518.82		
-51.27   	110.17   	143.36   	 539.16		
-50.66   	130.31   	145.51   	 554.42		
-47.91   	151.67   	147.73   	 559.51		
-43.95   	172.42   	149.97   	 569.68		
-39.67   	192.87   	152.25   	 564.60		
-36.32   	213.62   	154.51   	 559.51		
-34.79   	234.68   	156.74   	 544.25		
-35.71   	255.43   	158.92   	 523.90		
-37.84   	275.88   	161.02   	 518.82		
-40.59   	295.41   	163.09   	 503.56		
-41.81   	315.25   	165.11   	 493.39		
-39.67   	336.30   	167.08   	 478.13		
-34.18   	356.75   	168.99   	 457.78		
-27.47   	374.76   	170.82   	 422.18		
-22.89   	387.57   	172.51   	 396.74		
-21.67   	395.81   	174.10   	 356.05		
-22.58   	401.00   	175.52   	 320.45		
-23.50   	404.97   	176.81   	 289.93		
-23.50   	406.80   	177.96   	 254.32		
-22.89   	404.97   	178.98   	 233.98		
-22.89   	398.86   	179.92   	 208.54		
-23.50   	388.79   	180.75   	 198.37		
-23.19   	375.06   	181.55   	 193.29		
-21.97   	357.06   	182.32   	 198.37		
-20.45   	332.34   	183.11   	 203.46		
-20.14   	300.90   	183.93   	 213.63		
-21.06   	265.20   	184.78   	 223.80		
-22.58   	227.05   	185.68   	 233.98		
-24.41   	187.68   	186.61   	 244.15		
-25.63   	147.09   	187.59   	 249.24		
-25.94   	105.90   	188.59   	 249.24		
-25.63   	 66.83   	189.58   	 239.06		
-25.63   	 33.87   	190.54   	 228.89		
-26.25   	  8.24   	191.45   	 208.54		
-27.77   	-10.99   	192.29   	 178.03		
-29.30   	-26.86   	193.00   	 147.51		
-31.74   	-43.33   	193.59   	 111.90		
-34.79   	-61.65   	194.04   	  61.04		
-37.54   	-80.57   	194.28   	  10.17		
-37.84   	-96.44   	194.32(S)	 -45.78		
-34.79   	-104.98   	194.14   	-101.73		
-28.08   	-106.81   	193.73   	-167.85		
-21.97   	-105.90   	193.06   	-228.89		
-21.06   	-108.03   	192.15   	-284.84		
-25.63   	-114.75   	191.01   	-335.71		
-32.35   	-123.90   	189.66   	-376.40		
-36.93   	-130.62   	188.16   	-406.92		
-37.23   	-133.67   	186.53   	-432.35		
-35.40   	-133.67   	184.80   	-452.69		
-34.48   	-134.89   	182.99   	-452.69		
-35.71   	-138.85   	181.18   	-457.78		
-37.23   	-143.74   	179.35   	-452.69		
-36.01   	-145.26   	177.54   	-437.43		
-32.35   	-141.91   	175.79   	-417.09		
-28.38   	-133.67   	174.12   	-401.83		
-26.86   	-124.51   	172.51   	-381.48		
-29.60   	-119.93   	170.99   	-361.14		
-35.10   	-121.46   	169.54   	-345.88		
-39.37   	-124.82   	168.16   	-325.53		
-40.28   	-126.34   	166.86   	-315.36		
-38.76   	-123.90   	165.59   	-305.19		
-36.62   	-118.71   	164.37   	-300.10		
-36.62   	-114.14   	163.17   	-295.01		
-38.45   	-110.17   	161.99   	-300.10		
-41.20   	-104.98   	160.79   	-305.19		
-43.64   	-96.44   	159.57   	-310.27		
-45.78   	-84.23   	158.33   	-315.36		
-47.00   	-66.83   	157.07   	-320.45		
-45.17   	-43.64   	155.79   	-325.53		
-40.59   	-17.40   	154.49   	-325.53		
-34.18   	  5.80   	153.18   	-330.62		
-30.52   	 18.31   	151.86   	-320.45		
-31.43   	 17.70   	150.58   	-320.45		
-34.48   	  9.16   	149.30   	-315.36		
-36.32   	  3.97   	148.04   	-300.10		
-34.48   	  8.24   	146.84   	-295.01		
-29.91   	 21.06   	145.66   	-274.67		
-24.72   	 34.48   	144.56   	-264.50		
-20.75   	 41.20   	143.50   	-249.24		
-17.40   	 39.06   	142.50   	-228.89		
-13.73   	 32.35   	141.59   	-218.72		
 -9.16   	 28.08   	140.71   	-208.54		
 -3.36   	 31.13   	139.88   	-193.29		
  3.66   	 39.67   	139.10   	-183.11		
 10.07   	 47.91   	138.37   	-172.94		
 14.65   	 49.44   	137.68   	-162.77		
 14.04   	 41.20   	137.03   	-157.68		
  7.32   	 22.89   	136.40   	-157.68		
 -4.27   	 -2.75   	135.77   	-157.68		
-18.01   	-35.10   	135.14   	-157.68		
-30.82   	-71.72   	134.51   	-162.77		
-39.06   	-106.51   	133.86   	-167.85		
-40.28   	-132.45   	133.18   	-188.20		
-35.10   	-144.96   	132.43   	-193.29		
-27.47   	-146.79   	131.66   	-208.54		
-23.80   	-146.48   	130.82   	-218.72		
-27.16   	-149.84   	129.95   	-233.98		
-34.79   	-156.56   	129.01   	-239.06		
-40.59   	-161.44   	128.06   	-254.32		
-39.98   	-160.22   	127.04   	-264.50		
-34.18   	-155.94   	125.98   	-269.58		
-29.60   	-154.72   	124.90   	-274.67		
-30.52   	-159.91   	123.80   	-274.67		
-35.71   	-168.46   	122.71   	-269.58		
-40.89   	-172.42   	121.63   	-259.41		
-42.11   	-167.54   	120.59   	-244.15		
-38.76   	-156.25   	119.61   	-228.89		
-32.96   	-144.35   	118.70   	-203.46		
-28.38   	-138.55   	117.88   	-178.03		
-27.77   	-140.08   	117.17   	-147.51		
-32.35   	-148.01   	116.58   	-106.82		
-38.76   	-158.08   	116.15   	 -76.30		
-43.64   	-165.71   	115.85   	 -50.86		
-43.03   	-166.63   	115.65   	 -30.52		
-37.23   	-160.52   	115.52   	 -20.35		
-30.52   	-150.45   	115.44   	 -30.52		
-27.77   	-142.21   	115.32   	 -40.69		
-28.99   	-138.85   	115.16   	 -71.21		
-32.04   	-139.47   	114.87   	 -96.64		
-33.26   	-140.38   	114.49   	-122.07		
-32.35   	-140.38   	114.00   	-152.59		
-30.82   	-140.08   	113.39   	-167.85		
-31.13   	-139.77   	112.72   	-183.11		
-32.65   	-137.94   	111.98   	-183.11		
-33.87   	-133.97   	111.25   	-183.11		
-34.48   	-128.48   	110.52   	-172.94		
-33.57   	-124.82   	109.83   	-162.77		
-32.04   	-125.12   	109.18   	-147.51		
-29.91   	-128.17   	108.59   	-137.33		
-28.08   	-131.84   	108.04   	-116.99		
-26.25   	-134.58   	107.57   	-111.90		
-25.94   	-137.94   	107.12   	-101.73		
-27.16   	-143.43   	106.71   	 -91.56		
-29.30   	-149.23   	106.35   	 -86.47		
-32.04   	-153.50   	106.00   	 -76.30		
-34.48   	-153.81   	105.70   	 -71.21		
-35.40   	-150.45   	105.41   	 -66.12		
-34.18   	-145.57   	105.15   	 -71.21		
-31.13   	-142.21   	104.86   	 -66.12		
-27.77   	-141.30   	104.60   	 -71.21		
-25.63   	-142.82   	104.31   	 -66.12		
-25.33   	-146.18   	104.05   	 -71.21		
-27.16   	-150.45   	103.76   	 -66.12		
-28.99   	-152.59   	103.50   	 -71.21		
-30.52   	-152.28   	103.21   	 -81.38		
-31.43   	-149.54   	102.89   	 -76.30		
-31.43   	-145.26   	102.58   	 -86.47		
-32.04   	-139.47   	102.24   	 -86.47		
-36.01   	-129.09   	101.89   	-101.73		
-46.39   	-109.86   	101.48   	-106.82		
-61.95   	-76.60   	101.06   	-116.99		
-79.04   	-26.55   	100.59   	-127.16		
-88.20   	 42.42   	100.08   	-132.25		
-78.74   	133.97   	 99.55   	-142.42		
-40.89   	250.85   	 98.98   	-147.51		
 32.65   	389.40   	 98.39   	-152.59		
144.35   	530.09   	 97.78   	-300.10		
445.25   	634.46   	 96.58   	-147.51		
586.85   	505.98   	 95.99   	-142.42		
682.98   	253.30   	 95.42   	-142.42		
713.20   	-70.19   	 94.85   	-132.25		
671.69   	-378.72   	 94.32   	-132.25		
567.93   	-588.68   	 93.79   	-127.16		
422.36   	-656.74(R)	 93.29   	-122.07		
260.93   	-588.99   	 92.80   	-122.07		
112.00   	-431.82   	 92.31   	-122.07		
 -1.22   	-257.57   	 91.82   	-127.16		
-67.14   	-132.75   	 91.31   	-127.16		
-88.50   	-83.31   	 90.80   	-122.07		
-81.18   	-90.64   	 90.32   	-127.16		
-65.00   	-115.36   	 89.81   	-116.99		
-53.41   	-126.95   	 89.34   	-111.90		
-51.57   	-117.49   	 88.89   	-101.73		
-55.54   	-99.79   	 88.48   	 -76.30		
-59.51   	-88.20   	 88.18   	 -50.86		
-60.12   	-88.20   	 87.98   	 -15.26		
-57.98   	-94.91   	 87.91(D)	  25.43		
-54.93   	-99.79   	 88.02   	  76.30		
-53.71   	-97.96   	 88.32   	 132.25		
-55.24   	-89.42   	 88.85   	 183.11		
-57.37   	-76.90   	 89.58   	 233.98		
-59.20   	-65.92   	 90.52   	 269.58		
-59.20   	-61.04   	 91.60   	 305.19		
-58.90   	-62.26   	 92.82   	 335.71		
-58.29   	-65.31   	 94.16   	 361.14		
-57.98   	-66.53   	 95.60   	 391.66		
-57.98   	-64.09   	 97.17   	 422.18		
-57.68   	-59.51   	 98.86   	 447.61		
-57.07   	-53.41   	100.65   	 473.04		
-56.46   	-47.00   	102.54   	 503.56		
-56.46   	-40.89   	104.56   	 528.99		
-55.85   	-35.71   	106.67   	 559.51		
-54.63   	-31.43   	108.91   	 574.77		
-52.19   	-27.16   	111.21   	 590.03		
-49.44   	-22.28   	113.57   	 595.11		
-47.00   	-16.17   	115.95   	 595.11		
-45.78   	 -9.16   	118.33   	 584.94		
-47.00   	 -3.66   	120.67   	 579.86		
-50.66   	  0.61   	122.99   	 569.68		
-54.02   	  5.19   	125.27   	 559.51		
-55.85   	  9.77   	127.51   	 549.34		
-55.85   	 14.65   	129.70   	 539.16		
-55.24   	 19.84   	131.86   	 534.08		
-54.93   	 25.94   	134.00   	 528.99		
-54.32   	 35.71   	136.11   	 528.99		
-52.49   	 50.66   	138.23   	 528.99		
-50.35   	 68.97   	140.35   	 539.16		
-48.52   	 87.28   	142.50   	 534.08		
-48.52   	102.23   	144.64   	 534.08		
-49.74   	115.05   	146.77   	 508.65		
-49.44   	127.87   	148.81   	 493.39		
-45.78   	143.13   	150.78   	 473.04		
-39.37   	161.44   	152.67   	 452.69		
-32.96   	182.50   	154.49   	 442.52		
-28.99   	205.99   	156.26   	 452.69		
-28.69   	231.63   	158.07   	 457.78		
-29.91   	258.18   	159.90   	 432.35		
-30.52   	282.59   	161.63   	 386.57		
-29.30   	302.12   	163.17   	 335.71		
-27.47   	316.47   	164.52   	 305.19		
-26.86   	328.06   	165.74   	 295.01		
-26.55   	341.49   	166.92   	 310.27		
-24.41   	358.89   	168.16   	 310.27		
-18.62   	377.81   	169.40   	 305.19		
-10.68   	394.59   	170.62   	 300.10		
 -4.27   	404.05   	171.82   	 305.19		
 -3.36   	404.66   	173.04   	 315.36		
 -7.02   	399.17   	174.30   	 325.53		
-11.90   	391.85   	175.60   	 325.53		
-15.56   	386.05   	176.91   	 315.36		
-16.48   	381.16   	178.17   	 305.19		
-16.48   	372.92   	179.39   	 300.10		
-16.78   	355.22   	180.59   	 289.93		
-17.40   	326.54   	181.75   	 279.75		
-17.40   	289.92   	182.87   	 264.50		
-15.87   	251.46   	183.93   	 239.06		
-13.43   	215.76   	184.88   	 218.72		
-11.60   	183.11   	185.76   	 198.37		
-11.29   	150.76   	186.55   	 178.03		
-13.12   	117.19   	187.26   	 152.59		
-17.09   	 83.92   	187.87   	 132.25		
-21.06   	 53.10   	188.40   	 101.73		
-23.19   	 25.63   	188.81   	  76.30		
-22.89   	  1.22   	189.11   	  50.86		
-21.06   	-20.45   	189.32   	  25.43		
-20.45   	-38.45   	189.42(S)	  -5.09		
-21.67   	-52.80   	189.40   	 -40.69		
-24.11   	-64.39   	189.24   	 -76.30		
-25.94   	-75.07   	188.93   	-111.90		
-25.63   	-85.75   	188.48   	-152.59		
-24.11   	-97.05   	187.87   	-198.37		
-23.50   	-106.20   	187.08   	-233.98		
-25.02   	-111.69   	186.14   	-269.58		
-28.69   	-114.44   	185.07   	-295.01		
-32.65   	-116.88   	183.89   	-325.53		
-36.01   	-121.15   	182.58   	-335.71		
-37.84   	-127.26   	181.24   	-350.97		
-37.54   	-132.45   	179.84   	-361.14		
-35.71   	-132.14   	178.39   	-366.22		
-32.65   	-126.04   	176.93   	-371.31		
-29.60   	-117.19   	175.44   	-376.40		
-28.99   	-110.47   	173.94   	-381.48		
-31.74   	-108.95   	172.41   	-381.48		
-36.01   	-112.30   	170.88   	-391.66		
-39.67   	-117.49   	169.32   	-391.66		
-40.28   	-119.93   	167.75   	-396.74		
-37.54   	-117.80   	166.16   	-396.74		
-34.18   	-111.69   	164.58   	-401.83		
-32.35   	-104.68   	162.97   	-406.92		
-32.96   	-99.79   	161.34   	-401.83		
-35.10   	-97.96   	159.73   	-401.83		
-36.93   	-98.57   	158.13   	-401.83		
-37.54   	-97.35   	156.52   	-391.66		
-36.32   	-92.16   	154.95   	-391.66		
-34.18   	-83.92   	153.39   	-376.40		
-32.65   	-75.99   	151.88   	-371.31		
-32.65   	-71.41   	150.40   	-350.97		
-34.18   	-71.11   	148.99   	-330.62		
-36.32   	-72.33   	147.67   	-310.27		
-37.54   	-71.72   	146.43   	-284.84		
-36.62   	-68.66   	145.29   	-249.24		
-34.48   	-65.00   	144.29   	-218.72		
-32.35   	-62.26   	143.42   	-183.11		
-31.43   	-60.12   	142.69   	-152.59		
-31.13   	-54.63   	142.07   	-122.07		
-30.82   	-43.33   	141.59   	 -91.56		
-31.13   	-27.77   	141.22   	 -61.04		
-32.04   	-10.07   	140.98   	 -45.78		
-33.87   	  5.80   	140.79   	 -20.35		
-34.48   	 18.62   	140.71   	 -10.17		
-31.43   	 27.77   	140.67   	  -5.09		
-25.02   	 32.35   	140.65   	  -5.09		
-18.92   	 31.74   	140.63   	 -15.26		
-16.17   	 28.99   	140.57   	 -20.35		
-17.70   	 30.21   	140.49   	 -40.69		
-20.75   	 38.45   	140.32   	 -66.12		
-21.36   	 50.05   	140.06   	 -91.56		
-18.01   	 56.76   	139.69   	-116.99		
-12.51   	 52.19   	139.23   	-152.59		
 -5.19   	 41.20   	138.62   	-178.03		
  2.14   	 34.79   	137.90   	-213.63		
 10.07   	 40.28   	137.05   	-244.15		
 17.40   	 55.24   	136.07   	-269.58		
 22.58   	 68.36   	134.99   	-295.01		
 22.89   	 68.97   	133.81   	-310.27		
 17.70   	 53.10   	132.57   	-325.53		
  8.24   	 25.63   	131.27   	-330.62		
 -2.75   	 -8.24   	129.95   	-330.62		
-13.12   	-44.86   	128.63   	-325.53		
-21.36   	-82.40   	127.32   	-310.27		
-27.16   	-117.80   	126.08   	-300.10		
-31.13   	-147.40   	124.88   	-279.75		
-32.65   	-167.54   	123.76   	-259.41		
-31.74   	-176.70   	122.73   	-233.98		
-28.38   	-176.70   	121.79   	-218.72		
-25.02   	-169.68   	120.92   	-193.29		
-23.19   	-159.91   	120.14   	-172.94		
-23.50   	-151.98   	119.45   	-157.68		
-24.72   	-149.84   	118.82   	-142.42		
-25.02   	-153.20   	118.25   	-142.42		
-24.41   	-159.30   	117.68   	-137.33		
-23.50   	-163.27   	117.13   	-127.16		
-23.80   	-162.66   	116.62   	-127.16		
-25.63   	-159.61   	116.11   	-111.90		
-27.77   	-159.30   	115.67   	-111.90		
-28.08   	-163.57   	115.22   	-101.73		
-25.94   	-169.98   	114.81   	 -96.64		
-22.58   	-173.95   	114.42   	 -81.38		
-20.45   	-172.73   	114.10   	 -71.21		
-21.06   	-168.46   	113.81   	 -45.78		
-23.50   	-164.49   	113.63   	 -25.43		
-25.94   	-162.35   	113.53   	 -30.52		
-25.63   	-160.52   	113.41   	 -40.69		
-23.19   	-158.08   	113.24   	 -61.04		
-21.06   	-155.33   	113.00   	 -81.38		
-21.36   	-152.89   	112.68   	-101.73		
-23.50   	-149.84   	112.27   	-116.99		
-25.63   	-144.04   	111.80   	-116.99		
-25.33   	-135.50   	111.33   	-101.73		
-22.58   	-128.78   	110.93   	 -55.95		
-18.62   	-129.70   	110.70   	 -10.17		
-15.56   	-138.55   	110.66   	  20.35		
-14.65   	-149.23   	110.74   	  25.43		
-15.56   	-154.42   	110.84   	 -10.17		
-18.31   	-149.23   	110.80   	 -40.69		
-20.45   	-135.50   	110.64   	 -76.30		
-21.36   	-120.54   	110.34   	-111.90		
-21.97   	-111.69   	109.89   	-142.42		
-21.67   	-112.61   	109.32   	-178.03		
-21.06   	-122.07   	108.61   	-218.72		
-20.75   	-133.97   	107.73   	-249.24		
-18.92   	-140.69   	106.73   	-274.67		
-16.78   	-139.16   	105.64   	-289.93		
-15.56   	-131.23   	104.48   	-305.19		
-15.56   	-122.99   	103.25   	-295.01		
-16.17   	-118.71   	102.07   	-284.84		
-16.78   	-118.71   	100.94   	-269.58		
-16.17   	-120.24   	 99.86   	-244.15		
-14.95   	-121.46   	 98.88   	-218.72		
-14.04   	-122.99   	 98.01   	-198.37		
-13.73   	-125.12   	 97.21   	-193.29		
-13.73   	-127.87   	 96.44   	-193.29		
-13.73   	-129.09   	 95.67   	-183.11		
-13.43   	-127.87   	 94.93   	-172.94		
-13.43   	-124.51   	 94.24   	-167.85		
-16.48   	-117.80   	 93.57   	-167.85		
-25.02   	-105.29   	 92.90   	-172.94		
-38.76   	-82.09   	 92.21   	-167.85		
-54.02   	-45.78   	 91.54   	-157.68		
-65.00   	  5.19   	 90.91   	-142.42		
-66.53   	 72.94   	 90.34   	-122.07		
-52.80   	162.05   	 89.85   	-106.82		
-16.78   	279.85   	 89.42   	 -91.56		
 49.74   	423.58   	 89.05   	-178.03		
285.95   	677.80   	 88.34   	 -96.64		
433.96   	683.59(R)	 87.95   	-106.82		
568.85   	557.86   	 87.53   	-122.07		
661.01   	313.11   	 87.04   	-127.16		
689.70   	  3.66   	 86.53   	-127.16		
647.58   	-289.00   	 86.02   	-127.16		
542.30   	-489.50   	 85.51   	-116.99		
395.51   	-559.69   	 85.05   	-101.73		
237.43   	-505.37   	 84.64   	 -81.38		
 97.05   	-368.96   	 84.31   	 -66.12		
 -4.27   	-217.59   	 84.05   	 -40.69		
-59.20   	-111.39   	 83.89   	 -15.26		
-74.46   	-72.94   	 83.82(D)	   0.00		
-65.31   	-82.70   	 83.82   	  20.35		
-49.13   	-104.06   	 83.91   	  35.61		
-37.23   	-108.95   	 84.05   	  50.86		
-34.48   	-93.38   	 84.25   	  66.12		
-38.76   	-73.24   	 84.52   	  76.30		
-46.08   	-63.78   	 84.82   	 101.73		
-52.19   	-67.44   	 85.23   	 127.16		
-54.02   	-75.99   	 85.74   	 157.68		
-51.88   	-79.35   	 86.37   	 188.20		
-47.91   	-74.46   	 87.12   	 223.80		
-44.56   	-65.00   	 88.02   	 249.24		
-44.25   	-57.07   	 89.01   	 279.75		
-45.47   	-54.93   	 90.13   	 300.10		
-45.78   	-57.07   	 91.33   	 310.27		
-44.56   	-59.20   	 92.57   	 330.62		
-42.42   	-56.76   	 93.90   	 340.79		
-41.20   	-49.74   	 95.26   	 356.05		
-43.03   	-42.72   	 96.68   	 371.31		
-46.08   	-38.76   	 98.17   	 391.66		
-47.61   	-37.54   	 99.74   	 406.92		
-46.39   	-36.01   	101.36   	 432.35		
-42.72   	-32.04   	103.09   	 457.78		
-38.76   	-25.02   	104.92   	 483.21		
-36.32   	-18.01   	106.86   	 513.73		
-36.01   	-12.51   	108.91   	 559.51		
-36.32   	 -9.16   	111.15   	 600.20		
-36.62   	 -6.71   	113.55   	 645.98		
-36.93   	 -3.36   	116.13   	 681.58		
-36.93   	  3.05   	118.86   	 717.19		
-36.32   	 12.51   	121.73   	 742.62		
-35.10   	 24.41   	124.70   	 747.71		
-33.26   	 35.40   	127.69   	 737.54		
-32.65   	 43.64   	130.64   	 707.02		
-34.18   	 50.05   	133.47   	 676.50		
-38.15   	 57.07   	136.17   	 630.72		
-42.42   	 67.44   	138.70   	 595.11		
-43.95   	 79.96   	141.08   	 559.51		
-40.89   	 93.08   	143.32   	 523.90		
-34.48   	104.98   	145.41   	 493.39		
-28.08   	115.97   	147.38   	 473.04		
-24.41   	128.78   	149.28   	 447.61		
-25.33   	144.96   	151.07   	 422.18		
-28.69   	163.88   	152.76   	 412.00		
-30.52   	183.72   	154.40   	 406.92		
-28.69   	205.38   	156.03   	 401.83		
-24.41   	227.66   	157.64   	 406.92		
-20.14   	251.16   	159.27   	 412.00		
-18.01   	274.35   	160.91   	 422.18		
-18.31   	295.72   	162.60   	 432.35		
-18.31   	314.64   	164.33   	 437.43		
-15.56   	332.64   	166.08   	 437.43		
-11.90   	349.43   	167.83   	 437.43		
 -9.46   	364.69   	169.58   	 437.43		
 -9.46   	378.72   	171.33   	 432.35		
-11.29   	391.24   	173.06   	 432.35		
-13.43   	402.53   	174.79   	 417.09		
-13.43   	411.99   	176.46   	 406.92		
-12.21   	418.09   	178.09   	 391.66		
-10.38   	419.62   	179.65   	 376.40		
 -9.16   	417.18   	181.16   	 371.31		
-10.07   	411.38   	182.64   	 366.22		
-12.82   	402.53   	184.11   	 350.97		
-16.48   	388.79   	185.51   	 345.88		
-19.23   	368.04   	186.90   	 325.53		
-20.14   	339.36   	188.20   	 300.10		
-18.62   	303.34   	189.40   	 284.84		
-15.87   	264.59   	190.54   	 259.41		
-14.04   	227.05   	191.58   	 239.06		
-14.34   	192.26   	192.53   	 213.63		
-16.78   	161.13   	193.39   	 188.20		
-19.84   	131.53   	194.14   	 162.77		
-22.28   	101.01   	194.79   	 142.42		
-22.89   	 69.58   	195.36   	 111.90		
-21.67   	 38.76   	195.81   	  91.56		
-20.14   	 11.60   	196.17   	  66.12		
-18.62   	-10.07   	196.44   	  45.78		
-18.01   	-28.08   	196.62   	  15.26		
-18.62   	-44.56   	196.68(S)	 -25.43		
-19.84   	-60.73   	196.58   	 -71.21		
-21.67   	-75.38   	196.30   	-122.07		
-24.11   	-86.36   	195.81   	-178.03		
-25.63   	-93.08   	195.10   	-244.15		
-25.63   	-96.44   	194.12   	-310.27		
-23.50   	-97.66   	192.88   	-366.22		
-19.84   	-97.05   	191.41   	-422.18		
-16.78   	-95.52   	189.72   	-462.87		
-16.78   	-96.13   	187.87   	-488.30		
-20.45   	-100.71   	185.92   	-508.65		
-25.94   	-108.34   	183.89   	-513.73		
-29.91   	-114.44   	181.83   	-518.82		
-30.21   	-115.36   	179.76   	-513.73		
-26.86   	-110.78   	177.70   	-503.56		
-23.80   	-104.98   	175.69   	-488.30		
-24.11   	-101.62   	173.73   	-473.04		
-27.77   	-102.54   	171.84   	-452.69		
-32.35   	-104.98   	170.03   	-432.35		
-33.87   	-106.20   	168.30   	-412.00		
-32.35   	-104.68   	166.65   	-386.57		
-29.91   	-101.01   	165.11   	-366.22		
-29.30   	-96.13   	163.64   	-345.88		
-31.43   	-91.55   	162.26   	-325.53		
-33.87   	-87.59   	160.96   	-310.27		
-34.48   	-83.62   	159.71   	-295.01		
-32.35   	-78.74   	158.53   	-279.75		
-28.99   	-72.02   	157.42   	-264.50		
-26.55   	-64.09   	156.36   	-249.24		
-26.55   	-56.76   	155.36   	-218.72		
-27.77   	-50.05   	154.49   	-183.11		
-28.38   	-42.11   	153.75   	-142.42		
-27.77   	-29.91   	153.18   	-106.82		
-25.94   	-12.21   	152.76   	 -50.86		
-24.11   	  8.85   	152.55   	 -10.17		
-22.58   	 28.38   	152.51   	  20.35		
-21.36   	 43.33   	152.59   	  40.69		
-19.23   	 54.02   	152.76   	  35.61		
-15.87   	 61.04   	152.90   	  25.43		
-12.21   	 65.00   	153.00   	 -10.17		
 -8.54   	 65.31   	152.96   	 -91.56		
 -6.10   	 62.56   	152.59   	-198.37		
 -5.80   	 57.98   	151.80   	-295.01		
 -7.32   	 53.71   	150.62   	-376.40		
 -8.85   	 50.66   	149.11   	-417.09		
 -9.16   	 47.91   	147.45   	-437.43		
 -5.49   	 47.61   	145.70   	-422.18		
  3.05   	 53.41   	144.01   	-366.22		
 14.34   	 65.61   	142.54   	-300.10		
 24.11   	 79.35   	141.34   	-233.98		
 28.38   	 87.28   	140.41   	-178.03		
 25.02   	 83.62   	139.69   	-147.51		
 16.48   	 67.75   	139.10   	-137.33		
  5.49   	 43.64   	138.55   	-152.59		
 -4.58   	 14.04   	137.94   	-172.94		
-12.51   	-21.67   	137.25   	-193.29		
-18.62   	-61.34   	136.48   	-213.63		
-22.28   	-99.49   	135.63   	-228.89		
-23.19   	-127.56   	134.71   	-239.06		
-21.67   	-142.52   	133.75   	-254.32		
-20.14   	-147.40   	132.74   	-269.58		
-20.14   	-150.45   	131.66   	-289.93		
-22.28   	-156.25   	130.50   	-310.27		
-25.33   	-163.88   	129.26   	-330.62		
-26.86   	-167.54   	127.93   	-345.88		
-25.94   	-165.71   	126.55   	-361.14		
-23.80   	-161.13   	125.11   	-356.05		
-21.67   	-158.69   	123.68   	-345.88		
-20.75   	-159.91   	122.30   	-320.45		
-20.75   	-162.35   	121.02   	-295.01		
-21.06   	-162.35   	119.84   	-264.50		
-21.06   	-159.00   	118.78   	-233.98		
-20.75   	-155.03   	117.84   	-188.20		
-20.14   	-153.50   	117.09   	-147.51		
-19.23   	-155.03   	116.50   	-106.82		
-18.01   	-158.08   	116.07   	 -81.38		
-17.40   	-160.22   	115.75   	 -76.30		
-17.70   	-160.22   	115.44   	 -86.47		
-18.31   	-159.00   	115.10   	-122.07		
-18.31   	-158.08   	114.61   	-162.77		
-18.62   	-158.69   	113.96   	-213.63		
-19.23   	-160.83   	113.10   	-269.58		
-20.14   	-163.57   	112.02   	-320.45		
-19.23   	-164.79   	110.74   	-356.05		
-15.56   	-163.57   	109.32   	-371.31		
-10.99   	-160.52   	107.83   	-366.22		
 -8.54   	-157.47   	106.37   	-356.05		
 -9.46   	-156.86   	104.94   	-320.45		
-14.04   	-159.30   	103.66   	-284.84		
-18.62   	-162.35   	102.52   	-239.06		
-19.53   	-161.74   	101.57   	-203.46		
-16.48   	-156.25   	100.75   	-157.68		
-11.90   	-148.62   	100.12   	-122.07		
 -9.16   	-143.13   	 99.63   	 -96.64		
 -9.46   	-141.91   	 99.25   	 -66.12		
-11.60   	-144.35   	 98.98   	 -50.86		
-13.12   	-146.18   	 98.78   	 -35.61		
-12.21   	-145.26   	 98.64   	 -25.43		
 -9.46   	-140.99   	 98.53   	 -20.35		
 -7.32   	-136.11   	 98.45   	 -20.35		
 -7.32   	-132.75   	 98.37   	 -20.35		
 -8.54   	-131.84   	 98.29   	 -25.43		
 -9.77   	-132.45   	 98.19   	 -25.43		
-10.07   	-134.58   	 98.09   	 -30.52		
 -9.46   	-137.33   	 97.97   	 -35.61		
 -9.16   	-139.47   	 97.82   	 -40.69		
 -9.46   	-139.77   	 97.66   	 -40.69		
-10.38   	-137.33   	 97.50   	 -45.78		
-10.38   	-131.84   	 97.31   	 -45.78		
 -9.77   	-126.65   	 97.13   	 -40.69		
 -9.77   	-124.51   	 96.97   	 -40.69		
-10.99   	-126.65   	 96.81   	 -40.69		
-14.04   	-131.84   	 96.64   	 -30.52		
-19.23   	-134.58   	 96.52   	 -25.43		
-27.77   	-127.26   	 96.42   	 -20.35		
-39.98   	-105.29   	 96.34   	 -15.26		
-55.54   	-65.61   	 96.28   	 -10.17		
-69.58   	 -4.27   	 96.24   	   0.00		
-74.16   	 84.23   	 96.24   	   0.00		
-59.51   	206.60   	 96.24   	   5.09		
-17.09   	367.74   	 96.26   	   5.09		
 59.20   	558.17   	 96.28   	  15.26		
300.90   	870.97   	 96.34   	   0.00		
440.06   	871.28(R)	 96.34   	   0.00		
559.39   	713.20   	 96.34   	  -5.09		
632.93   	414.43   	 96.32   	 -15.26		
644.53   	 47.30   	 96.26   	 -15.26		
590.21   	-280.15   	 96.19   	 -15.26		
481.87   	-476.99   	 96.13   	 -15.26		
342.41   	-510.86   	 96.07   	 -10.17		
198.97   	-415.04   	 96.03   	  -5.09		
 76.60   	-266.42   	 96.01   	  -5.09		
 -7.63   	-145.57   	 95.99   	  -5.09		
-48.83   	-92.47   	 95.97   	 -15.26		
-55.85   	-93.99   	 95.91   	 -30.52		
-44.56   	-111.08   	 95.79   	 -40.69		
-31.43   	-114.75   	 95.63   	 -50.86		
-27.16   	-101.62   	 95.42   	 -61.04		
-32.04   	-85.45   	 95.18   	 -55.95		
-41.20   	-78.74   	 94.95   	 -45.78		
-47.61   	-80.26   	 94.77   	 -30.52		
-48.52   	-80.57   	 94.65(D)	   0.00		
-44.86   	-74.16   	 94.65   	  35.61		
-39.37   	-64.70   	 94.79   	  71.21		
-36.62   	-58.59   	 95.08   	 111.90		
-37.84   	-57.98   	 95.52   	 147.51		
-41.81   	-59.51   	 96.11   	 178.03		
-45.78   	-59.51   	 96.83   	 203.46		
-47.00   	-55.24   	 97.64   	 233.98		
-43.95   	-47.30   	 98.58   	 264.50		
-38.76   	-38.76   	 99.63   	 289.93		
-34.18   	-32.35   	100.79   	 320.45		
-32.04   	-29.30   	102.07   	 350.97		
-32.04   	-28.38   	103.48   	 386.57		
-32.35   	-26.86   	105.03   	 417.09		
-31.13   	-23.19   	106.69   	 447.61		
-29.30   	-18.01   	108.48   	 488.30		
-28.69   	-12.51   	110.44   	 518.82		
-29.60   	 -8.54   	112.51   	 554.42		
-31.74   	 -5.80   	114.73   	 584.94		
-33.26   	 -3.05   	117.07   	 605.29		
-33.57   	  2.14   	119.49   	 615.46		
-32.96   	  9.16   	121.95   	 625.63		
-32.35   	 17.09   	124.46   	 615.46		
-31.43   	 24.72   	126.92   	 605.29		
-30.52   	 32.04   	129.34   	 590.03		
-28.99   	 40.28   	131.70   	 574.77		
-27.16   	 51.27   	134.00   	 559.51		
-25.02   	 65.00   	136.24   	 559.51		
-24.11   	 78.74   	138.47   	 554.42		
-24.72   	 90.33   	140.69   	 549.34		
-26.25   	 98.88   	142.89   	 534.08		
-27.77   	105.29   	145.02   	 518.82		
-27.47   	113.22   	147.10   	 498.47		
-25.33   	126.04   	149.09   	 483.21		
-21.67   	145.57   	151.03   	 473.04		
-18.31   	168.76   	152.92   	 467.95		
-17.09   	190.43   	154.79   	 457.78		
-18.62   	206.60   	156.62   	 467.95		
-21.06   	218.81   	158.49   	 478.13		
-22.89   	231.93   	160.41   	 478.13		
-21.36   	252.08   	162.32   	 483.21		
-17.09   	278.93   	164.25   	 488.30		
-11.90   	308.23   	166.20   	 478.13		
 -8.24   	333.86   	168.12   	 467.95		
 -7.32   	352.48   	169.99   	 452.69		
 -7.93   	365.30   	171.80   	 452.69		
 -8.24   	375.06   	173.61   	 447.61		
 -6.71   	385.44   	175.40   	 452.69		
 -3.36   	397.64   	177.21   	 452.69		
  0.31   	411.07   	179.02   	 457.78		
  3.05   	422.36   	180.85   	 457.78		
  3.36   	427.55   	182.68   	 473.04		
  1.83   	425.72   	184.58   	 483.21		
  0.92   	417.79   	186.51   	 493.39		
  1.53   	407.71   	188.48   	 488.30		
  2.44   	395.81   	190.44   	 478.13		
  1.83   	379.94   	192.35   	 467.95		
 -0.31   	357.36   	194.22   	 462.87		
 -2.44   	327.76   	196.07   	 447.61		
 -2.14   	294.49   	197.86   	 432.35		
  1.22   	259.40   	199.59   	 412.00		
  4.27   	223.39   	201.24   	 386.57		
  3.66   	187.07   	202.79   	 361.14		
 -0.61   	150.45   	204.23   	 335.71		
 -5.19   	116.27   	205.57   	 305.19		
 -5.19   	 86.98   	206.79   	 264.50		
 -1.53   	 62.56   	207.85   	 218.72		
  2.14   	 39.98   	208.73   	 157.68		
  1.83   	 18.01   	209.36   	  86.47		
 -2.14   	 -2.75   	209.70(S)	 -15.26		
 -7.02   	-21.67   	209.64   	-116.99		
 -9.77   	-36.62   	209.18   	-218.72		
 -9.16   	-47.00   	208.30   	-310.27		
 -6.71   	-54.93   	207.06   	-401.83		
 -4.58   	-62.26   	205.45   	-473.04		
 -3.66   	-69.89   	203.56   	-528.99		
 -4.27   	-77.82   	201.44   	-569.68		
 -5.80   	-84.84   	199.17   	-605.29		
 -7.32   	-89.11   	196.74   	-625.63		
 -7.02   	-91.55   	194.24   	-635.81		
 -5.19   	-92.16   	191.70   	-645.98		
 -2.75   	-91.55   	189.11   	-635.81		
 -0.31   	-90.03   	186.57   	-610.37		
  1.83   	-87.59   	184.13   	-590.03		
  2.75   	-85.14   	181.77   	-564.60		
  2.14   	-84.53   	179.51   	-534.08		
 -0.92   	-86.36   	177.37   	-493.39		
 -5.80   	-88.81   	175.40   	-467.95		
-11.29   	-89.42   	173.53   	-437.43		
-13.43   	-83.01   	171.78   	-427.26		
-10.38   	-67.44   	170.07   	-417.09		
 -3.97   	-43.95   	168.40   	-412.00		
  2.14   	-17.09   	166.75   	-406.92		
  3.97   	  7.93   	165.13   	-406.92		
  0.31   	 25.94   	163.50   	-401.83		
 -5.49   	 36.01   	161.89   	-401.83		
 -8.85   	 40.89   	160.28   	-406.92		
 -7.63   	 43.64   	158.66   	-406.92		
 -2.75   	 47.00   	157.03   	-401.83		
  1.53   	 51.88   	155.42   	-401.83		
  2.14   	 57.68   	153.81   	-396.74		
 -0.61   	 61.34   	152.23   	-391.66		
 -4.58   	 60.73   	150.66   	-386.57		
 -5.80   	 56.15   	149.11   	-381.48		
 -2.44   	 51.57   	147.59   	-371.31		
  4.88   	 53.10   	146.10   	-356.05		
 13.73   	 63.78   	144.68   	-340.79		
 21.36   	 80.26   	143.32   	-330.62		
 24.72   	 95.21   	141.99   	-310.27		
 22.89   	100.71   	140.75   	-300.10		
 17.40   	 91.86   	139.55   	-279.75		
 10.38   	 71.41   	138.43   	-264.50		
  3.36   	 43.64   	137.37   	-249.24		
 -2.75   	 11.60   	136.38   	-228.89		
 -7.93   	-22.28   	135.46   	-213.63		
-12.51   	-56.46   	134.61   	-188.20		
-14.95   	-86.67   	133.86   	-178.03		
-13.43   	-107.73   	133.14   	-162.77		
 -8.85   	-118.41   	132.49   	-152.59		
 -3.97   	-122.07   	131.88   	-147.51		
 -2.44   	-124.82   	131.29   	-147.51		
 -5.80   	-129.70   	130.70   	-147.51		
-12.51   	-135.80   	130.11   	-147.51		
-17.70   	-139.16   	129.52   	-147.51		
-18.92   	-139.16   	128.93   	-152.59		
-16.48   	-137.63   	128.32   	-147.51		
-12.82   	-137.94   	127.73   	-152.59		
-10.99   	-141.91   	127.12   	-157.68		
-12.51   	-148.01   	126.49   	-152.59		
-15.26   	-152.89   	125.88   	-157.68		
-17.40   	-155.33   	125.25   	-152.59		
-17.70   	-154.72   	124.64   	-152.59		
-16.78   	-151.67   	124.03   	-157.68		
-15.26   	-148.01   	123.40   	-162.77		
-13.43   	-144.04   	122.75   	-172.94		
-11.60   	-140.99   	122.05   	-172.94		
 -9.46   	-137.63   	121.36   	-172.94		
 -7.93   	-133.06   	120.67   	-167.85		
 -7.63   	-128.48   	120.00   	-162.77		
 -9.16   	-125.12   	119.35   	-152.59		
-11.90   	-125.43   	118.74   	-142.42		
-13.73   	-130.00   	118.17   	-122.07		
-14.34   	-136.11   	117.68   	-111.90		
-13.12   	-139.16   	117.23   	-101.73		
-10.38   	-137.33   	116.83   	 -86.47		
 -8.85   	-132.14   	116.48   	 -81.38		
 -9.77   	-126.65   	116.15   	 -71.21		
-12.82   	-123.60   	115.87   	 -61.04		
-15.87   	-122.07   	115.63   	 -50.86		
-15.87   	-120.24   	115.42   	 -45.78		
-11.90   	-115.97   	115.24   	 -45.78		
 -6.41   	-111.08   	115.06   	 -50.86		
 -2.44   	-108.34   	114.85   	 -61.04		
 -2.14   	-107.42   	114.61   	 -76.30		
 -4.58   	-108.03   	114.30   	-101.73		
 -7.63   	-108.34   	113.90   	-122.07		
 -9.16   	-107.42   	113.41   	-142.42		
 -9.16   	-105.59   	112.84   	-162.77		
 -7.63   	-103.76   	112.19   	-172.94		
 -6.10   	-102.84   	111.49   	-188.20		
 -4.58   	-102.54   	110.74   	-193.29		
 -3.36   	-101.62   	109.97   	-193.29		
 -3.05   	-100.40   	109.20   	-188.20		
 -4.88   	-98.88   	108.44   	-183.11		
 -7.32   	-97.66   	107.71   	-167.85		
 -9.16   	-97.05   	107.04   	-162.77		
 -9.16   	-97.35   	106.39   	-142.42		
 -7.02   	-97.35   	105.82   	-122.07		
 -4.27   	-96.44   	105.33   	-111.90		
 -2.14   	-94.30   	104.88   	 -96.64		
 -0.92   	-91.55   	104.50   	 -76.30		
 -0.92   	-89.42   	104.19   	 -71.21		
 -1.53   	-88.81   	103.91   	 -55.95		
 -3.05   	-89.11   	103.68   	 -50.86		
 -5.80   	-87.28   	103.48   	 -40.69		
-10.99   	-79.04   	103.32   	 -35.61		
-19.84   	-61.04   	103.17   	 -35.61		
-32.96   	-29.91   	103.03   	 -35.61		
-47.30   	 18.31   	102.89   	 -35.61		
-56.46   	 90.94   	102.75   	 -40.69		
-50.35   	198.06   	102.58   	 -40.69		
-19.53   	346.37   	102.42   	 -50.86		
 42.72   	532.84   	102.22   	 -55.95		
137.63   	731.20   	101.99   	-137.33		
395.51   	932.31(R)	101.44   	 -81.38		
522.77   	815.73   	101.12   	 -91.56		
616.15   	537.41   	100.75   	-101.73		
655.21   	155.03   	100.35   	-101.73		
630.19   	-224.61   	 99.94   	-106.82		
545.65   	-491.64   	 99.51   	-111.90		
419.31   	-585.33   	 99.06   	-106.82		
276.49   	-516.05   	 98.64   	-101.73		
144.65   	-353.09   	 98.23   	-101.73		
 44.86   	-189.51   	 97.82   	 -86.47		
-12.51   	-90.33   	 97.48   	 -81.38		
-31.43   	-64.09   	 97.15   	 -71.21		
-27.47   	-75.38   	 96.87   	 -66.12		
-19.23   	-84.84   	 96.60   	 -50.86		
-17.70   	-76.60   	 96.40   	 -35.61		
-23.50   	-57.68   	 96.26   	 -25.43		
-30.21   	-42.42   	 96.15(D)	   5.09		
-32.96   	-37.84   	 96.17   	  30.52		
-31.13   	-39.67   	 96.30   	  76.30		
-28.69   	-41.81   	 96.60   	 132.25		
-28.99   	-41.81   	 97.13   	 188.20		
-29.91   	-41.50   	 97.88   	 259.41		
-29.91   	-39.98   	 98.92   	 310.27		
-27.77   	-36.32   	100.16   	 345.88		
-24.72   	-29.91   	101.55   	 361.14		
-23.50   	-23.19   	102.99   	 361.14		
-24.41   	-18.62   	104.43   	 356.05		
-27.47   	-17.40   	105.86   	 345.88		
-30.52   	-18.31   	107.24   	 340.79		
-31.13   	-18.92   	108.61   	 330.62		
-28.38   	-17.09   	109.93   	 330.62		
-22.89   	-11.60   	111.25   	 335.71		
-17.40   	 -4.58   	112.59   	 340.79		
-15.56   	  0.92   	113.96   	 366.22		
-18.62   	  3.66   	115.42   	 412.00		
-24.72   	  4.88   	117.07   	 457.78		
-30.21   	  6.71   	118.90   	 503.56		
-31.74   	 10.68   	120.92   	 539.16		
-28.38   	 16.78   	123.07   	 549.34		
-22.28   	 25.02   	125.27   	 544.25		
-17.40   	 33.87   	127.45   	 528.99		
-16.48   	 41.50   	129.56   	 508.65		
-20.14   	 45.47   	131.60   	 493.39		
-25.02   	 47.00   	133.57   	 488.30		
-27.77   	 49.44   	135.52   	 483.21		
-25.94   	 57.68   	137.46   	 488.30		
-21.36   	 72.02   	139.41   	 498.47		
-17.09   	 89.11   	141.40   	 513.73		
-15.56   	104.37   	143.46   	 528.99		
-17.09   	115.66   	145.57   	 539.16		
-19.23   	125.73   	147.73   	 549.34		
-20.14   	138.24   	149.93   	 554.42		
-18.62   	155.64   	152.15   	 559.51		
-15.87   	177.00   	154.38   	 549.34		
-13.43   	198.06   	156.58   	 549.34		
-12.51   	216.06   	158.78   	 549.34		
-13.43   	230.41   	160.98   	 544.25		
-14.65   	243.53   	163.15   	 534.08		
-14.34   	260.62   	165.29   	 508.65		
-11.60   	282.59   	167.32   	 467.95		
 -7.32   	307.92   	169.20   	 427.26		
 -3.36   	331.73   	170.90   	 366.22		
 -2.14   	350.65   	172.37   	 295.01		
 -3.97   	364.69   	173.55   	 233.98		
 -7.02   	375.37   	174.49   	 178.03		
 -8.85   	385.74   	175.20   	 137.33		
 -7.93   	396.12   	175.75   	 111.90		
 -3.97   	405.88   	176.19   	 101.73		
  1.53   	414.12   	176.60   	  91.56		
  6.41   	419.31   	176.97   	 101.73		
  9.46   	421.45   	177.37   	 101.73		
  9.16   	419.92   	177.78   	 122.07		
  6.71   	414.73   	178.27   	 142.42		
  3.66   	404.66   	178.84   	 172.94		
  1.22   	388.49   	179.53   	 198.37		
  0.31   	365.60   	180.32   	 208.54		
  1.22   	336.61   	181.16   	 213.63		
  2.75   	301.82   	182.01   	 198.37		
  3.36   	262.45   	182.81   	 188.20		
  1.83   	220.34   	183.56   	  N/A		
