  I     	  II     	  AOp     	  AOp'		
 18.31   	 25.02   	 99.15   	-111.90		
 15.87   	 27.16   	 98.70   	 -50.86		
 13.73   	 28.99   	 98.49   	   5.09		
 12.51   	 29.91   	 98.51   	  55.95		
 10.07   	 29.60   	 98.74   	  81.38		
  6.71   	 28.08   	 99.06   	 111.90		
  1.83   	 25.94   	 99.51   	 111.90		
 -2.75   	 25.02   	 99.96   	  96.64		
 -5.19   	 27.16   	100.35   	  76.30		
 -5.19   	 33.87   	100.65   	  30.52		
 -2.44   	 44.25   	100.77   	 -25.43		
  1.53   	 55.54   	100.67   	 -91.56		
  5.49   	 63.17   	100.30   	-157.68		
  9.16   	 65.61   	 99.67   	-223.80		
 12.21   	 64.09   	 98.78   	-295.01		
 15.56   	 62.56   	 97.60   	-361.14		
 19.23   	 64.70   	 96.15   	-417.09		
 22.58   	 70.19   	 94.49   	-478.13		
 24.41   	 72.94   	 92.57   	-513.73		
 23.50   	 67.75   	 90.52   	-528.99		
 20.14   	 56.15   	 88.40   	-508.65		
 16.17   	 45.17   	 86.37   	-457.78		
 13.12   	 42.72   	 84.54   	-376.40		
 11.29   	 50.66   	 83.03   	-274.67		
 12.21   	 63.78   	 81.93   	-162.77		
 16.17   	 75.38   	 81.28   	 -50.86		
 23.80   	 83.31   	 81.08   	  50.86		
 33.57   	 90.03   	 81.28   	 147.51		
 42.42   	 97.96   	 81.87   	 218.72		
 48.22   	107.73   	 82.75   	 264.50		
 52.49   	120.54   	 83.80   	 289.93		
 59.81   	137.33   	 84.96   	 284.84		
 74.46   	158.39   	 86.10   	 274.67		
 95.83   	179.14   	 87.20   	 249.24		
118.71   	190.43   	 88.20   	 218.72		
137.33   	183.72   	 89.07   	 467.95		
154.72   	 90.64   	 90.95   	 320.45		
138.24   	 42.11   	 92.23   	  96.64		
115.97   	 32.35   	 92.61   	  91.56		
 81.79   	 20.14   	 92.98   	  81.38		
 39.06   	  3.66   	 93.31   	  66.12		
 -3.66   	-16.17   	 93.57   	  50.86		
-37.54   	-38.45   	 93.77   	  25.43		
-55.85   	-58.29   	 93.88   	  20.35		
-58.90   	-70.80   	 93.96   	  20.35		
-52.80   	-72.94   	 94.04   	  40.69		
-44.86   	-68.05   	 94.20   	  81.38		
-40.59   	-62.56   	 94.53   	 132.25		
-40.28   	-60.73   	 95.06   	 193.29		
-40.59   	-61.65   	 95.83   	 249.24		
-39.06   	-62.26   	 96.83   	 284.84		
-35.10   	-60.42   	 97.97   	 284.84		
-31.74   	-56.76   	 99.10   	 259.41		
-30.52   	-54.02   	100.14   	 193.29		
-32.35   	-53.71   	100.92   	 111.90		
-34.48   	-55.24   	101.36   	  15.26		
-34.79   	-55.85   	101.42   	 -50.86		
-32.96   	-54.32   	101.22   	-106.82		
-29.91   	-50.35   	100.79   	-116.99		
-27.77   	-44.86   	100.33   	-106.82		
-30.82   	-35.71   	 99.90   	 -66.12		
-40.89   	-18.01   	 99.63   	 -15.26		
-56.46   	 11.60   	 99.57   	  55.95		
-68.05   	 52.19   	 99.80   	 116.99		
-59.20   	 97.66   	100.26   	 157.68		
-12.51   	139.47   	100.89   	 183.11		
 81.79   	176.09   	101.63   	 157.68		
221.86   	216.37   	102.26   	 106.82		
396.42   	271.91   	102.69   	  10.17		
594.79   	342.71   	102.73   	-116.99		
813.90   	411.38   	102.26   	-264.50		
1050.42   	431.82(R)	101.20   	-422.18		
1284.18   	346.98   	 99.51   	-579.86		
1458.74   	145.87   	 97.19   	-717.19		
1498.72   	-107.12   	 94.32   	-829.09		
1355.59   	-300.29   	 91.01   	-910.47		
1047.67   	-336.00   	 87.36   	-951.17		
663.45   	-212.10   	 83.56   	-951.17		
314.64   	-31.13   	 79.76   	-940.99		
 74.77   	 80.57   	 75.99   	-900.30		
-50.66   	 72.02   	 72.39   	-859.61		
-102.84   	-10.38   	 68.95   	-824.00		
-123.60   	-81.18   	 65.66   	-793.49		
-132.45   	-91.86   	 62.48   	-773.14		
-133.67   	-56.76   	 59.39   	-752.79		
-129.39   	-20.45   	 56.38   	-732.45		
-125.43   	-11.29   	 53.45   	-701.93		
-126.04   	-23.80   	 50.64   	-645.98		
-129.39   	-38.15   	 48.06   	-564.60		
-131.84   	-43.33   	 45.80   	-462.87		
-130.62   	-40.59   	 43.95   	-320.45		
-128.17   	-35.71   	 42.67   	-172.94		
-127.56   	-32.35   	 41.97   	 -15.26		
-128.78   	-31.74   	 41.91   	 142.42		
-130.31   	-32.65   	 42.48   	 279.75		
-131.53   	-34.18   	 43.60   	 386.57		
-131.84   	-34.79   	 45.15   	 478.13		
-132.14   	-34.79   	 47.06   	 523.90		
-131.84   	-35.40   	 49.16   	 554.42		
-131.84   	-36.62   	 51.37   	 554.42		
-132.75   	-37.84   	 53.59   	 523.90		
-134.28   	-36.62   	 55.69   	 488.30		
-135.19   	-32.96   	 57.64   	 437.43		
-135.50   	-27.16   	 59.39   	 386.57		
-135.50   	-21.06   	 60.94   	 340.79		
-135.50   	-16.48   	 62.30   	 310.27		
-135.50   	-14.95   	 63.54   	 289.93		
-135.80   	-16.78   	 64.70   	 284.84		
-136.41   	-19.23   	 65.84   	 289.93		
-136.72   	-20.75   	 67.00   	 310.27		
-137.02   	-19.23   	 68.24   	 335.71		
-137.63   	-14.95   	 69.58   	 366.22		
-138.55   	-10.07   	 71.05   	 391.66		
-140.38   	 -6.71   	 72.61   	 422.18		
-142.52   	 -5.49   	 74.30   	 442.52		
-144.96   	 -6.10   	 76.07   	 457.78		
-147.40   	 -6.41   	 77.90   	 462.87		
-150.76   	 -6.41   	 79.76   	 478.13		
-155.94   	 -6.71   	 81.67   	 473.04		
-162.96   	 -7.93   	 83.56   	 478.13		
-171.20   	 -9.46   	 85.47   	 483.21		
-179.14   	-10.38   	 87.41   	 483.21		
-186.46   	-10.07   	 89.34   	 488.30		
-194.09   	 -8.85   	 91.29   	 493.39		
-203.55   	 -8.24   	 93.27   	 498.47		
-215.76   	 -8.85   	 95.26   	 503.56		
-230.41   	-10.38   	 97.27   	 503.56		
-246.28   	-11.29   	 99.29   	 503.56		
-261.54   	-10.38   	101.30   	 493.39		
-275.88   	 -8.54   	103.28   	 483.21		
-288.39   	 -7.32   	105.21   	 462.87		
-298.46   	 -7.32   	107.06   	 427.26		
-305.79   	 -9.16   	108.77   	 391.66		
-309.75   	-10.68   	110.34   	 345.88		
-309.75   	 -9.77   	111.72   	 295.01		
-306.40   	 -5.19   	112.90   	 244.15		
-299.38   	  3.97   	113.88   	 198.37		
-288.70   	 16.17   	114.67   	 147.51		
-274.05   	 29.60   	115.26   	 101.73		
-255.43   	 42.42   	115.67   	  55.95		
-232.24   	 52.19   	115.89   	  20.35		
-205.69   	 57.37   	115.97   	 -15.26		
-178.22   	 57.07   	115.91   	 -50.86		
-152.28   	 53.10   	115.71   	 -76.30		
-128.17   	 46.69   	115.40   	-101.73		
-105.59   	 40.59   	114.99   	-132.25		
-84.23   	 35.71   	114.47   	-147.51		
-63.48   	 32.96   	113.88   	-167.85		
-44.56   	 31.74   	113.20   	-183.11		
-28.38   	 31.43   	112.47   	-188.20		
-14.95   	 29.91   	111.72   	-198.37		
 -4.27   	 26.55   	110.93   	-193.29		
  4.27   	 21.67   	110.15   	-188.20		
 10.38   	 15.56   	109.40   	-162.77		
 14.65   	 10.68   	108.75   	-137.33		
 18.01   	  7.63   	108.20   	 -96.64		
 21.36   	  6.10   	107.81   	 -50.86		
 24.72   	  6.10   	107.61   	   0.00		
 28.08   	  7.02   	107.61   	  55.95		
 31.13   	  8.54   	107.83   	 111.90		
 32.65   	  8.85   	108.28   	 147.51		
 33.26   	  7.63   	108.87   	 157.68		
 32.65   	  3.66   	109.50   	 152.59		
 31.74   	 -0.92   	110.11   	 116.99		
 30.21   	 -3.97   	110.58   	  76.30		
 28.69   	 -4.27   	110.88   	  35.61		
 26.55   	 -1.53   	111.03   	  -5.09		
 24.72   	  2.75   	111.01   	 -35.61		
 23.50   	  7.02   	110.86   	 -50.86		
 22.58   	 10.07   	110.66   	 -66.12		
 22.58   	 11.90   	110.40   	 -71.21		
 22.28   	 12.82   	110.11   	 -71.21		
 21.36   	 13.73   	109.83   	 -61.04		
 18.92   	 14.04   	109.58   	 -50.86		
 14.65   	 12.82   	109.38   	 -30.52		
  9.46   	 10.07   	109.26   	  -5.09		
  3.97   	  7.32   	109.24   	  20.35		
  0.61   	  7.32   	109.32   	  45.78		
 -0.92   	 12.51   	109.50   	  61.04		
  0.31   	 22.89   	109.75   	  66.12		
  2.44   	 35.10   	110.01   	  71.21		
  5.19   	 44.86   	110.29   	  61.04		
  7.63   	 48.22   	110.54   	  50.86		
 11.29   	 46.08   	110.74   	  35.61		
 15.56   	 42.72   	110.88   	  30.52		
 20.75   	 42.72   	111.01   	  25.43		
 26.25   	 47.30   	111.11   	  10.17		
 29.91   	 52.19   	111.15   	  -5.09		
 30.52   	 50.96   	111.13   	 -30.52		
 27.47   	 43.03   	111.01   	 -66.12		
 21.97   	 33.57   	110.74   	-122.07		
 15.87   	 29.91   	110.25   	-183.11		
 10.99   	 36.32   	109.52   	-254.32		
  9.16   	 48.83   	108.50   	-325.53		
 11.60   	 60.73   	107.20   	-391.66		
 18.62   	 68.36   	105.64   	-457.78		
 28.08   	 74.46   	103.80   	-508.65		
 36.93   	 81.48   	101.77   	-554.42		
 41.81   	 91.86   	 99.55   	-600.20		
 44.56   	105.29   	 97.15   	-625.63		
 50.05   	122.38   	 94.65   	-651.07		
 63.17   	141.60   	 92.04   	-666.32		
 83.62   	159.91   	 89.38   	-666.32		
107.42   	170.29   	 86.71   	-651.07		
128.48   	166.02   	 84.11   	-620.55		
143.43   	145.57   	 81.63   	-569.68		
151.98   	115.36   	 79.35   	-503.56		
155.64   	 84.84   	 77.33   	-412.00		
155.64   	 60.42   	 75.69   	-310.27		
151.06   	 43.03   	 74.45   	-188.20		
139.16   	 28.99   	 73.69   	 -66.12		
117.49   	 15.87   	 73.43   	  66.12		
 85.14   	  3.97   	 73.69   	 183.11		
 44.86   	 -7.93   	 74.42   	 295.01		
  4.27   	-20.75   	 75.60   	 386.57		
-28.38   	-37.54   	 77.15   	 457.78		
-47.00   	-58.29   	 78.98   	 503.56		
-51.27   	-79.04   	 81.00   	 528.99		
-45.47   	-92.16   	 83.11   	 528.99		
-37.23   	-92.77   	 85.23   	 503.56		
-32.04   	-83.62   	 87.24   	 457.78		
-31.13   	-71.11   	 89.07   	 396.74		
-32.96   	-62.56   	 90.66   	 320.45		
-34.79   	-61.95   	 91.94   	 239.06		
-36.01   	-66.83   	 92.90   	 152.59		
-36.32   	-72.94   	 93.51   	  61.04		
-36.01   	-75.38   	 93.75   	 -20.35		
-35.10   	-72.33   	 93.67   	-106.82		
-32.96   	-65.00   	 93.24   	-183.11		
-29.91   	-57.37   	 92.51   	-249.24		
-27.16   	-51.88   	 91.52   	-310.27		
-25.02   	-49.44   	 90.27   	-366.22		
-23.19   	-48.83   	 88.81   	-412.00		
-23.80   	-44.25   	 87.16   	-442.52		
-29.91   	-29.60   	 85.39   	-467.95		
-42.11   	 -0.31   	 83.52   	-478.13		
-55.24   	 41.81   	 81.61   	-473.04		
-54.63   	 87.89   	 79.71   	-452.69		
-20.45   	127.56   	 77.90   	-422.18		
 61.95   	158.69   	 76.22   	-371.31		
193.48   	191.35   	 74.73   	-300.10		
362.24   	241.09   	 73.53   	-228.89		
552.98   	314.33   	 72.61   	-142.42		
758.36   	399.48   	 72.04   	 -45.78		
977.48   	458.98(R)	 71.86   	  40.69		
1200.26   	432.43   	 72.02   	 137.33		
1385.50   	285.95   	 72.57   	 213.63		
1460.57   	 57.37   	 73.43   	 279.75		
1363.83   	-157.78   	 74.55   	 335.71		
1093.14   	-256.04   	 75.89   	 371.31		
721.74   	-200.50   	 77.38   	 386.57		
362.85   	-59.51   	 78.92   	 381.48		
104.98   	 49.13   	 80.45   	 356.05		
-32.04   	 58.29   	 81.87   	 315.36		
-85.45   	 -7.32   	 83.13   	 264.50		
-103.76   	-74.16   	 84.19   	 198.37		
-113.53   	-91.55   	 84.98   	 127.16		
-118.71   	-65.00   	 85.49   	  55.95		
-117.49   	-34.18   	 85.72   	 -15.26		
-112.92   	-25.94   	 85.66   	 -86.47		
-110.17   	-36.32   	 85.31   	-142.42		
-110.78   	-47.00   	 84.74   	-203.46		
-111.69   	-47.61   	 83.93   	-244.15		
-111.08   	-43.03   	 82.95   	-284.84		
-110.78   	-39.67   	 81.81   	-310.27		
-112.00   	-39.06   	 80.57   	-325.53		
-114.75   	-38.45   	 79.27   	-340.79		
-116.88   	-37.23   	 77.90   	-340.79		
-118.10   	-35.40   	 76.54   	-335.71		
-119.02   	-33.87   	 75.20   	-320.45		
-120.54   	-33.57   	 73.92   	-289.93		
-121.15   	-34.18   	 72.76   	-264.50		
-120.85   	-34.79   	 71.70   	-213.63		
-119.32   	-34.48   	 70.84   	-167.85		
-118.71   	-32.65   	 70.17   	-106.82		
-119.93   	-29.91   	 69.75   	 -50.86		
-122.68   	-27.47   	 69.54   	  20.35		
-125.73   	-25.94   	 69.62   	  86.47		
-127.26   	-25.02   	 69.97   	 147.51		
-126.95   	-24.41   	 70.56   	 208.54		
-125.73   	-22.58   	 71.39   	 259.41		
-124.51   	-18.31   	 72.43   	 310.27		
-124.51   	-11.90   	 73.67   	 340.79		
-125.43   	 -6.71   	 75.04   	 371.31		
-127.26   	 -5.49   	 76.52   	 386.57		
-130.00   	 -8.24   	 78.07   	 391.66		
-133.36   	-11.60   	 79.63   	 396.74		
-136.41   	-10.99   	 81.22   	 386.57		
-138.85   	 -6.10   	 82.77   	 381.48		
-141.30   	  0.31   	 84.29   	 361.14		
-143.74   	  3.36   	 85.74   	 345.88		
-147.40   	  2.14   	 87.12   	 320.45		
-152.89   	 -2.44   	 88.40   	 305.19		
-159.61   	 -6.41   	 89.62   	 279.75		
-166.63   	 -7.02   	 90.74   	 259.41		
-173.95   	 -4.27   	 91.78   	 244.15		
-181.88   	  0.00   	 92.76   	 228.89		
-191.65   	  2.75   	 93.67   	 223.80		
-203.86   	  1.53   	 94.57   	 218.72		
-218.51   	 -3.97   	 95.44   	 218.72		
-233.46   	-11.60   	 96.32   	 233.98		
-247.19   	-18.01   	 97.25   	 239.06		
-259.09   	-19.84   	 98.21   	 249.24		
-270.08   	-16.17   	 99.21   	 264.50		
-280.46   	 -7.93   	100.26   	 274.67		
-290.83   	  0.61   	101.36   	 279.75		
-298.77   	  6.10   	102.48   	 279.75		
-301.51   	  7.02   	103.60   	 269.58		
-298.46   	  5.80   	104.68   	 254.32		
-290.22   	  5.80   	105.70   	 239.06		
-278.63   	 10.68   	106.65   	 218.72		
-264.89   	 20.45   	107.53   	 203.46		
-249.02   	 31.13   	108.34   	 188.20		
-230.10   	 38.76   	109.09   	 172.94		
-208.74   	 40.59   	109.79   	 152.59		
-186.16   	 36.62   	110.40   	 137.33		
-164.18   	 30.52   	110.95   	 116.99		
-142.82   	 25.33   	111.41   	  86.47		
-121.15   	 22.89   	111.76   	  66.12		
-98.88   	 22.58   	112.02   	  40.69		
-77.21   	 23.50   	112.19   	  15.26		
-57.68   	 23.50   	112.25   	  -5.09		
-41.20   	 22.28   	112.23   	 -30.52		
-28.38   	 19.53   	112.11   	 -61.04		
-18.01   	 15.87   	111.86(S)	 -91.56		
 -9.16   	 11.60   	111.49   	-122.07		
 -1.22   	  7.93   	111.01   	-162.77		
  5.49   	  5.19   	110.36   	-188.20		
 10.99   	  3.36   	109.60   	-218.72		
 14.95   	  1.22   	108.73   	-239.06		
 17.40   	 -2.14   	107.77   	-244.15		
 18.92   	 -6.71   	106.80   	-244.15		
 19.23   	-11.29   	105.82   	-239.06		
 19.23   	-13.43   	104.86   	-223.80		
 19.23   	-11.60   	103.97   	-213.63		
 19.84   	 -6.71   	103.11   	-193.29		
 21.06   	 -0.92   	102.34   	-183.11		
 21.97   	  3.05   	101.61   	-167.85		
 21.67   	  3.66   	100.94   	-157.68		
 19.84   	  0.92   	100.30   	-157.68		
 17.40   	 -2.75   	 99.67   	-147.51		
 14.65   	 -5.19   	 99.08   	-152.59		
 12.51   	 -5.49   	 98.47   	-152.59		
 10.99   	 -3.66   	 97.86   	-157.68		
  9.77   	 -1.53   	 97.23   	-172.94		
  7.63   	  0.31   	 96.54   	-188.20		
  4.27   	  1.53   	 95.79   	-213.63		
  0.31   	  1.53   	 94.93   	-233.98		
 -3.66   	  1.22   	 94.00   	-249.24		
 -6.41   	  0.92   	 93.00   	-249.24		
 -7.63   	  1.53   	 92.00   	-228.89		
 -7.93   	  4.88   	 91.09   	-188.20		
 -7.32   	 10.68   	 90.34   	-137.33		
 -6.10   	 18.31   	 89.79   	 -76.30		
 -3.66   	 25.02   	 89.48   	 -20.35		
 -0.31   	 27.47   	 89.40   	  30.52		
  3.66   	 24.72   	 89.52   	  66.12		
  7.93   	 18.92   	 89.79   	  81.38		
 11.60   	 14.95   	 90.11   	  76.30		
 15.26   	 17.09   	 90.42   	  55.95		
 18.01   	 24.11   	 90.64   	  10.17		
 19.84   	 30.21   	 90.68   	 -30.52		
 19.23   	 30.82   	 90.56   	 -81.38		
 17.09   	 26.25   	 90.23   	-116.99		
 13.73   	 22.28   	 89.77   	-147.51		
 10.38   	 25.02   	 89.18   	-157.68		
  8.85   	 35.40   	 88.54   	-157.68		
 10.07   	 47.91   	 87.91   	-147.51		
 15.26   	 57.68   	 87.32   	-132.25		
 23.19   	 63.17   	 86.80   	-106.82		
 31.74   	 66.83   	 86.37   	 -81.38		
 38.76   	 72.63   	 86.04   	 -50.86		
 43.95   	 82.70   	 85.84   	 -20.35		
 50.35   	 99.18   	 85.76   	   5.09		
 61.65   	120.24   	 85.78   	  35.61		
 79.04   	141.60   	 85.92   	  50.86		
 99.79   	155.33   	 86.12   	  55.95		
119.02   	153.50   	 86.35   	  40.69		
133.06   	133.67   	 86.51   	  10.17		
140.38   	101.32   	 86.55   	 -40.69		
143.43   	 67.14   	 86.39   	-106.82		
144.04   	 40.59   	 85.96   	-167.85		
142.52   	 24.41   	 85.29   	-223.80		
135.80   	 15.87   	 84.39   	-264.50		
119.63   	  9.46   	 83.34   	-289.93		
 92.16   	  0.31   	 82.18   	-295.01		
 54.93   	-13.73   	 81.00   	-284.84		
 14.65   	-33.26   	 79.86   	-249.24		
-20.14   	-55.85   	 78.86   	-218.72		
-42.72   	-78.74   	 77.99   	-172.94		
-51.27   	-96.13   	 77.29   	-132.25		
-49.13   	-104.06   	 76.76   	-101.73		
-42.72   	-102.54   	 76.36   	 -66.12		
-38.45   	-96.44   	 76.09   	 -45.78		
-37.84   	-91.86   	 75.91   	 -15.26		
-39.98   	-91.86   	 75.85   	   5.09		
-41.81   	-94.30   	 75.87   	  20.35		
-40.89   	-96.13   	 75.95   	  40.69		
-37.54   	-94.60   	 76.11   	  45.78		
-33.26   	-90.33   	 76.30   	  45.78		
-30.52   	-85.45   	 76.48   	  30.52		
-30.21   	-82.70   	 76.60   	  15.26		
-31.74   	-81.79   	 76.66   	 -10.17		
-33.87   	-81.48   	 76.62   	 -45.78		
-34.79   	-80.57   	 76.44   	 -81.38		
-34.48   	-77.51   	 76.11   	-122.07		
-34.18   	-71.41   	 75.63   	-157.68		
-38.15   	-57.98   	 74.99   	-198.37		
-48.83   	-33.87   	 74.20   	-233.98		
-63.17   	  2.44   	 73.27   	-269.58		
-70.19   	 47.00   	 72.19   	-305.19		
-50.96   	 91.86   	 70.97   	-335.71		
 11.90   	132.14   	 69.62   	-356.05		
124.51   	173.34   	 68.20   	-376.40		
279.85   	227.66   	 66.69   	-376.40		
463.56   	303.04   	 65.19   	-381.48		
665.89   	392.46   	 63.66   	-366.22		
884.70   	466.61   	 62.20   	-350.97		
1114.81   	469.97(R)	 60.79   	-320.45		
1324.46   	354.92   	 59.51   	-295.01		
1447.75   	135.80   	 58.33   	-269.58		
1414.80   	-105.29   	 57.25   	-233.98		
1201.78   	-256.96   	 56.32   	-208.54		
858.15   	-249.94   	 55.48   	-172.94		
487.37   	-120.24   	 54.79   	-147.51		
190.12   	 16.17   	 54.20   	-116.99		
  9.77   	 60.42   	 53.73   	 -81.38		
-74.46   	  3.05   	 53.41   	 -50.86		
-108.64   	-86.98   	 53.20   	 -15.26		
-124.21   	-136.11   	 53.14   	  15.26		
-130.92   	-123.90   	 53.20   	  35.61		
-128.78   	-83.62   	 53.35   	  55.95		
-121.77   	-58.29   	 53.57   	  61.04		
-116.88   	-61.95   	 53.81   	  61.04		
-118.41   	-78.74   	 54.06   	  50.86		
-123.29   	-89.42   	 54.26   	  30.52		
-126.34   	-88.81   	 54.38   	   5.09		
-126.65   	-82.70   	 54.40   	 -30.52		
-125.43   	-78.43   	 54.28   	 -61.04		
-124.51   	-77.82   	 54.04   	 -86.47		
-123.90   	-79.35   	 53.69   	-106.82		
-123.90   	-81.18   	 53.27   	-111.90		
-124.51   	-80.87   	 52.82   	-106.82		
-126.04   	-78.13   	 52.39   	 -86.47		
-127.87   	-75.38   	 52.04   	 -55.95		
-129.09   	-74.46   	 51.82   	 -15.26		
-130.00   	-75.38   	 51.76   	  40.69		
-131.23   	-76.60   	 51.92   	  96.64		
-132.14   	-76.29   	 52.31   	 162.77		
-132.14   	-74.46   	 52.96   	 233.98		
-131.84   	-71.41   	 53.90   	 315.36		
-131.23   	-68.36   	 55.16   	 412.00		
-131.23   	-65.92   	 56.81   	 518.82		
-131.84   	-64.39   	 58.88   	 625.63		
-132.45   	-63.48   	 61.38   	 722.28		
-133.36   	-62.26   	 64.27   	 783.31		
-134.28   	-60.42   	 67.41   	 788.40		
-135.80   	-58.59   	 70.56   	 691.76		
-138.24   	-57.07   	 73.33   	 523.90		
-140.99   	-55.85   	 75.42   	 320.45		
-143.13   	-54.02   	 76.70   	 183.11		
-144.96   	-51.57   	 77.44   	 167.85		
-146.79   	-49.44   	 78.11   	 295.01		
-149.23   	-47.91   	 79.29   	 523.90		
-153.50   	-48.52   	 81.38   	 773.14		
-159.30   	-50.05   	 84.48   	1007.12		
-166.63   	-51.88   	 88.50   	1159.71		
-174.56   	-52.49   	 93.14   	1205.49		
-182.80   	-52.80   	 97.97   	1154.62		
-191.65   	-52.49   	102.58   	1022.38		
-201.42   	-53.10   	106.67   	 854.52		
-212.71   	-54.32   	110.09   	 722.28		
-224.91   	-56.15   	112.98   	 671.41		
-238.04   	-57.68   	115.67   	 727.36		
-251.77   	-59.20   	118.58   	 905.39		
-265.81   	-60.42   	122.20   	1149.54		
-279.85   	-61.04   	126.80   	1429.29		
-292.05   	-61.34   	132.51   	1673.44		
-302.12   	-60.42   	139.21   	1826.04		
-308.84   	-58.29   	146.51   	1851.47		
-311.89   	-55.54   	153.92   	1754.83		
-311.58   	-52.19   	160.94   	1520.85		
-307.31   	-47.00   	167.02   	1195.32		
-298.77   	-39.98   	171.80   	 798.57		
-285.64   	-31.43   	174.99   	 371.31		
-268.25   	-22.28   	176.48   	 -45.78		
-247.19   	-13.73   	176.30   	-422.18		
-224.30   	 -7.63   	174.61   	-732.45		
-200.81   	 -3.66   	171.68   	-981.68		
-177.31   	 -1.83   	167.75   	-1154.62		
-154.11   	 -1.83   	163.13   	-1256.35		
-130.31   	 -3.05   	158.11   	-1291.96		
-105.59   	 -4.88   	152.94   	-1286.87		
-81.18   	 -7.63   	147.79   	-1236.01		
-59.20   	-10.38   	142.85   	-1164.80		
-41.50   	-13.43   	138.19   	-1068.15		
-28.08   	-16.48   	133.92   	-976.60		
-18.01   	-19.84   	130.01   	-879.96		
 -9.46   	-22.89   	126.49   	-788.40		
 -1.83   	-25.33   	123.34   	-701.93		
  5.19   	-27.47   	120.53   	-625.63		
 10.99   	-29.91   	118.03   	-559.51		
 15.56   	-32.35   	115.79   	-493.39		
 19.53   	-34.79   	113.81   	-437.43		
 23.19   	-36.01   	112.06   	-376.40		
 26.25   	-36.01   	110.56   	-315.36		
 27.77   	-35.71   	109.30   	-259.41		
 28.08   	-35.40   	108.26   	-208.54		
 27.47   	-36.01   	107.43   	-157.68		
 26.25   	-36.62   	106.80   	-116.99		
 25.33   	-36.62   	106.33   	-101.73		
 24.72   	-36.01   	105.92   	 -81.38		
 23.80   	-35.10   	105.59   	 -71.21		
 22.28   	-34.18   	105.31   	 -66.12		
 20.45   	-33.57   	105.05   	 -61.04		
 18.01   	-32.65   	104.80   	 -50.86		
 15.87   	-31.74   	104.60   	 -50.86		
 14.04   	-30.82   	104.39   	 -55.95		
 11.90   	-29.91   	104.17   	 -76.30		
  9.16   	-29.60   	103.87   	-111.90		
  6.10   	-29.91   	103.42   	-142.42		
  2.44   	-30.52   	102.85   	-178.03		
 -1.53   	-31.43   	102.14   	-203.46		
 -4.88   	-31.43   	101.32   	-218.72		
 -7.32   	-29.91   	100.45   	-218.72		
 -8.24   	-25.94   	 99.57   	-218.72		
 -7.93   	-18.92   	 98.70   	-208.54		
 -6.10   	-10.68   	 97.86   	-198.37		
 -3.05   	 -3.97   	 97.07   	-188.20		
  0.92   	 -0.61   	 96.32   	-183.11		
  4.88   	 -0.61   	 95.58   	-172.94		
  8.85   	 -1.53   	 94.89   	-172.94		
 13.12   	  0.31   	 94.20   	-162.77		
 16.78   	  5.19   	 93.55   	-152.59		
 19.53   	  8.85   	 92.94   	-137.33		
 20.14   	  6.71   	 92.39   	-122.07		
 18.31   	 -2.14   	 91.90   	 -86.47		
 15.26   	-11.90   	 91.56   	 -66.12		
 12.21   	-14.65   	 91.29   	 -30.52		
 10.68   	 -7.93   	 91.17   	  -5.09		
 11.60   	  5.19   	 91.15   	  15.26		
 15.87   	 17.40   	 91.21   	  35.61		
 22.89   	 25.63   	 91.35   	  40.69		
 32.04   	 31.43   	 91.52   	  40.69		
 39.98   	 37.84   	 91.68   	  30.52		
 45.47   	 46.69   	 91.80   	  15.26		
 49.74   	 59.81   	 91.86   	 -15.26		
 56.46   	 77.82   	 91.80   	 -35.61		
 70.50   	 99.49   	 91.66   	 -71.21		
 91.86   	119.93   	 91.37   	 -96.64		
115.66   	131.53   	 90.99   	-122.07		
135.80   	125.73   	 90.50   	-142.42		
148.01   	101.93   	 89.93   	-157.68		
152.59   	 67.75   	 89.30   	-172.94		
153.50   	 35.10   	 88.61   	-172.94		
153.50   	 11.29   	 87.91   	-172.94		
151.37   	 -3.05   	 87.22   	-162.77		
142.21   	-12.82   	 86.57   	-142.42		
121.15   	-23.19   	 86.00   	-127.16		
 86.67   	-36.62   	 85.49   	-111.90		
 43.03   	-54.02   	 85.05   	 -96.64		
  0.00   	-74.16   	 84.66   	 -86.47		
-32.96   	-95.52   	 84.31   	 -76.30		
-50.96   	-115.36   	 84.01   	 -81.38		
-54.63   	-128.17   	 83.68   	 -81.38		
-49.44   	-131.23   	 83.36   	 -96.64		
-43.03   	-126.34   	 82.97   	-116.99		
-39.98   	-120.24   	 82.50   	-137.33		
-41.50   	-117.19   	 81.95   	-157.68		
-45.17   	-118.41   	 81.32   	-183.11		
-47.30   	-121.15   	 80.59   	-203.46		
-46.69   	-121.46   	 79.78   	-223.80		
-43.03   	-119.02   	 78.88   	-233.98		
-39.06   	-115.36   	 77.94   	-244.15		
-36.01   	-112.00   	 76.97   	-233.98		
-34.48   	-109.86   	 76.03   	-223.80		
-34.18   	-108.03   	 75.14   	-193.29		
-33.87   	-105.90   	 74.36   	-167.85		
-32.96   	-103.15   	 73.69   	-132.25		
-32.65   	-99.18   	 73.16   	 -91.56		
-34.48   	-91.25   	 72.80   	 -50.86		
-41.81   	-73.85   	 72.59   	 -15.26		
-54.32   	-43.64   	 72.53   	  20.35		
-65.31   	 -1.83   	 72.61   	  55.95		
-59.51   	 44.86   	 72.84   	  81.38		
-18.62   	 87.89   	 73.16   	 106.82		
 70.19   	126.34   	 73.59   	 116.99		
207.21   	169.98   	 74.06   	 122.07		
381.47   	231.02   	 74.55   	 122.07		
579.53   	309.14   	 75.04   	 111.90		
796.81   	385.44   	 75.48   	 101.73		
1030.58   	414.73(R)	 75.89   	  76.30		
1263.73   	340.27   	 76.20   	  55.95		
1443.79   	148.32   	 76.42   	  35.61		
1495.36   	-103.76   	 76.56   	   0.00		
1365.97   	-307.92   	 76.56   	 -20.35		
1068.73   	-364.99   	 76.48   	 -45.78		
688.48   	-262.45   	 76.30   	 -66.12		
337.22   	-92.16   	 76.03   	 -81.38		
 91.86   	 21.36   	 75.71   	 -96.64		
-39.37   	 20.45   	 75.32   	-101.73		
-95.52   	-57.98   	 74.91   	 -96.64		
-118.71   	-132.14   	 74.53   	 -91.56		
-129.09   	-150.45   	 74.16   	 -76.30		
-130.62   	-120.24   	 73.86   	 -66.12		
-125.12   	-83.62   	 73.59   	 -40.69		
-118.41   	-70.50   	 73.43   	 -25.43		
-116.58   	-78.74   	 73.33   	  -5.09		
-119.32   	-90.94   	 73.31   	  20.35		
-122.68   	-95.21   	 73.39   	  35.61		
-124.21   	-93.08   	 73.53   	  55.95		
-124.51   	-88.81   	 73.75   	  66.12		
-124.82   	-85.75   	 74.02   	  76.30		
-125.12   	-84.84   	 74.32   	  76.30		
-124.82   	-85.75   	 74.63   	  76.30		
-124.82   	-87.28   	 74.93   	  61.04		
-125.43   	-87.59   	 75.18   	  55.95		
-126.65   	-86.98   	 75.40   	  35.61		
-126.95   	-85.75   	 75.54   	  15.26		
-126.34   	-84.84   	 75.60   	   0.00		
-125.43   	-84.23   	 75.60   	 -20.35		
-125.12   	-82.70   	 75.52   	 -30.52		
-126.04   	-80.87   	 75.40   	 -45.78		
-128.48   	-78.43   	 75.22   	 -55.95		
-131.84   	-76.29   	 74.99   	 -55.95		
-134.89   	-73.85   	 74.77   	 -45.78		
-136.11   	-71.72   	 74.59   	 -40.69		
-135.19   	-68.66   	 74.42   	 -20.35		
-133.06   	-65.31   	 74.34   	  10.17		
-131.84   	-61.95   	 74.38   	  35.61		
-132.14   	-59.20   	 74.53   	  81.38		
-134.28   	-57.37   	 74.85   	 122.07		
-137.33   	-56.46   	 75.34   	 162.77		
-139.77   	-55.54   	 75.99   	 213.63		
-142.21   	-54.32   	 76.85   	 259.41		
-144.65   	-53.71   	 77.88   	 305.19		
-148.32   	-53.10   	 79.10   	 340.79		
-152.59   	-52.49   	 80.47   	 376.40		
-157.17   	-51.88   	 81.97   	 406.92		
-162.05   	-50.66   	 83.60   	 427.26		
-167.54   	-50.35   	 85.31   	 442.52		
-174.26   	-50.66   	 87.08   	 452.69		
-182.19   	-51.88   	 88.89   	 462.87		
-191.65   	-53.10   	 90.74   	 457.78		
-202.64   	-54.32   	 92.57   	 452.69		
-214.54   	-54.93   	 94.38   	 442.52		
-227.66   	-55.24   	 96.15   	 427.26		
-241.39   	-56.15   	 97.86   	 406.92		
-256.04   	-57.68   	 99.49   	 376.40		
-270.69   	-58.90   	101.00   	 356.05		
-284.12   	-59.20   	102.42   	 330.62		
-295.10   	-58.29   	103.74   	 305.19		
-302.43   	-55.24   	104.96   	 289.93		
-306.70   	-50.96   	106.12   	 274.67		
-308.23   	-45.78   	107.22   	 264.50		
-306.70   	-39.98   	108.28   	 254.32		
-301.82   	-32.96   	109.30   	 249.24		
-292.66   	-25.02   	110.29   	 249.24		
-278.32   	-15.87   	111.29   	 239.06		
-259.70   	 -6.71   	112.25   	 228.89		
-237.12   	  0.92   	113.16   	 213.63		
-211.49   	  7.02   	114.02   	 172.94		
-184.63   	 10.38   	114.71   	 127.16		
-158.39   	 10.99   	115.22   	  61.04		
-133.97   	  9.16   	115.46(S)	   0.00		
-112.30   	  5.80   	115.46   	 -71.21		
-92.16   	  1.53   	115.18   	-137.33		
-72.63   	 -2.14   	114.63   	-183.11		
-53.10   	 -5.19   	113.90   	-228.89		
-35.40   	 -7.63   	112.98   	-239.06		
-20.75   	-10.68   	112.02   	-244.15		
-10.07   	-14.04   	111.05   	-233.98		
 -1.83   	-17.40   	110.11   	-223.80		
  5.49   	-20.75   	109.22   	-208.54		
 11.90   	-23.50   	108.38   	-203.46		
 17.70   	-26.25   	107.57   	-198.37		
 22.28   	-28.99   	106.77   	-213.63		
 25.63   	-31.74   	105.92   	-223.80		
 28.38   	-33.57   	105.03   	-233.98		
 30.82   	-34.18   	104.09   	-249.24		
 32.96   	-33.87   	103.09   	-249.24		
 33.87   	-33.87   	102.10   	-254.32		
 33.57   	-34.18   	101.08   	-244.15		
 32.35   	-35.40   	100.10   	-223.80		
 30.52   	-36.32   	 99.21   	-208.54		
 29.30   	-35.71   	 98.37   	-178.03		
 28.38   	-33.57   	 97.66   	-147.51		
 27.16   	-31.74   	 97.07   	-111.90		
 24.41   	-31.13   	 96.62   	 -81.38		
 20.75   	-31.74   	 96.30   	 -55.95		
 16.78   	-32.65   	 96.07   	 -20.35		
 13.12   	-33.26   	 95.99   	  -5.09		
 10.07   	-32.96   	 95.97   	  15.26		
  7.32   	-32.35   	 96.03   	  20.35		
  4.88   	-32.04   	 96.11   	  25.43		
  2.44   	-31.74   	 96.22   	  20.35		
  0.00   	-32.35   	 96.30   	   5.09		
 -2.44   	-32.65   	 96.32   	 -15.26		
 -4.58   	-32.35   	 96.26   	 -40.69		
 -5.80   	-29.30   	 96.09   	 -71.21		
 -5.19   	-23.19   	 95.81   	-106.82		
 -2.44   	-14.65   	 95.38   	-132.25		
  1.83   	 -7.02   	 94.85   	-167.85		
  6.41   	 -3.36   	 94.18   	-188.20		
 10.99   	 -4.58   	 93.43   	-213.63		
 14.65   	 -7.63   	 92.57   	-218.72		
 18.01   	 -7.63   	 91.70   	-223.80		
 20.45   	 -3.36   	 90.80   	-213.63		
 21.67   	  1.83   	 89.95   	-198.37		
 21.06   	  1.53   	 89.16   	-172.94		
 19.53   	 -5.80   	 88.46   	-142.42		
 17.70   	-16.48   	 87.89   	-111.90		
 15.87   	-22.89   	 87.45   	 -76.30		
 14.34   	-20.14   	 87.14   	 -50.86		
 13.73   	 -9.77   	 86.94   	 -20.35		
 15.26   	  1.53   	 86.86   	 -10.17		
 20.45   	 10.07   	 86.82   	   5.09		
 28.08   	 16.78   	 86.84   	   5.09		
 36.32   	 23.50   	 86.86   	   0.00		
 42.42   	 32.96   	 86.86   	 -10.17		
 47.61   	 46.08   	 86.82   	 -25.43		
 55.85   	 64.70   	 86.71   	 -45.78		
 70.50   	 87.89   	 86.53   	 -61.04		
 92.47   	111.39   	 86.29   	 -81.38		
116.88   	126.65   	 85.96   	 -96.64		
137.63   	125.43   	 85.57   	-106.82		
150.76   	104.98   	 85.15   	-111.90		
155.94   	 72.33   	 84.70   	-111.90		
156.25   	 37.84   	 84.25   	-106.82		
154.72   	 10.68   	 83.82   	 -86.47		
151.37   	 -7.63   	 83.48   	 -76.30		
143.43   	-19.23   	 83.17   	 -55.95		
125.73   	-28.99   	 82.95   	 -40.69		
 94.91   	-39.67   	 82.79   	 -15.26		
 53.71   	-54.02   	 82.73   	   0.00		
  9.16   	-72.94   	 82.73   	  10.17		
-27.77   	-95.83   	 82.77   	  20.35		
-50.35   	-119.32   	 82.85   	  25.43		
-56.76   	-137.02   	 82.95   	  20.35		
-52.19   	-144.35   	 83.03   	  15.26		
-45.17   	-141.30   	 83.09   	  10.17		
-41.20   	-134.28   	 83.13   	  -5.09		
-42.11   	-128.78   	 83.11   	 -15.26		
-44.86   	-128.17   	 83.05   	 -30.52		
-45.78   	-129.70   	 82.93   	 -40.69		
-43.33   	-129.70   	 82.77   	 -55.95		
-39.06   	-126.65   	 82.54   	 -61.04		
-36.01   	-122.07   	 82.30   	 -71.21		
-35.10   	-118.41   	 82.01   	 -76.30		
-35.40   	-116.88   	 81.71   	 -76.30		
-35.40   	-116.27   	 81.40   	 -76.30		
-33.57   	-114.44   	 81.10   	 -76.30		
-29.91   	-110.78   	 80.79   	 -71.21		
-27.16   	-105.90   	 80.51   	 -71.21		
-27.77   	-98.88   	 80.22   	 -61.04		
-36.01   	-85.75   	 79.98   	 -66.12		
-50.96   	-61.34   	 79.71   	 -55.95		
-66.22   	-24.72   	 79.49   	 -55.95		
-67.44   	 19.23   	 79.27   	 -55.95		
-36.62   	 62.56   	 79.04   	 -55.95		
 41.50   	101.32   	 78.82   	 -61.04		
169.07   	141.91   	 78.58   	 -61.04		
337.22   	196.53   	 78.33   	 -61.04		
531.92   	268.55   	 78.09   	 -71.21		
746.46   	345.46   	 77.80   	 -71.21		
977.78   	390.93(R)	 77.52   	 -76.30		
1213.68   	347.90   	 77.21   	 -76.30		
1411.44   	186.46   	 76.91   	 -81.38		
1498.11   	-53.71   	 76.58   	 -86.47		
1412.05   	-274.66   	 76.24   	 -81.38		
1148.68   	-369.57   	 75.91   	 -81.38		
776.67   	-299.68   	 75.58   	 -81.38		
407.10   	-135.50   	 75.26   	 -81.38		
130.31   	 -2.14   	 74.93   	 -76.30		
-27.16   	 22.58   	 74.63   	 -76.30		
-96.13   	-43.03   	 74.32   	 -71.21		
-122.38   	-121.15   	 74.04   	 -71.21		
-132.45   	-150.15   	 73.75   	 -66.12		
-134.58   	-126.34   	 73.49   	 -55.95		
-129.39   	-88.20   	 73.27   	 -55.95		
-122.07   	-69.89   	 73.04   	 -50.86		
-118.10   	-75.07   	 72.84   	 -40.69		
-120.24   	-87.28   	 72.68   	 -40.69		
-124.21   	-92.77   	 72.51   	 -25.43		
-126.65   	-90.64   	 72.41   	 -20.35		
-126.95   	-86.06   	 72.33   	 -15.26		
-126.34   	-82.70   	 72.27   	  -5.09		
-126.04   	-81.48   	 72.25   	  -5.09		
-125.43   	-82.70   	 72.23   	   5.09		
-124.82   	-84.84   	 72.25   	   0.00		
-125.12   	-85.75   	 72.25   	   5.09		
-126.34   	-85.14   	 72.27   	  -5.09		
-127.87   	-83.62   	 72.25   	   0.00		
-129.09   	-82.70   	 72.25   	 -10.17		
-130.31   	-83.01   	 72.21   	 -10.17		
-131.23   	-84.23   	 72.17   	 -20.35		
-131.84   	-84.84   	 72.09   	 -20.35		
-131.84   	-83.92   	 72.00   	 -20.35		
-132.14   	-81.18   	 71.92   	 -15.26		
-132.45   	-76.60   	 71.86   	 -15.26		
-133.06   	-72.02   	 71.80(D)	   0.00		
-133.67   	-69.27   	 71.80   	  10.17		
-134.89   	-68.66   	 71.84   	  40.69		
-136.11   	-69.27   	 72.00   	 157.68		
-138.55   	-66.22   	 72.63   	 137.33		
-140.38   	-62.56   	 73.18   	 172.94		
-142.82   	-59.20   	 73.88   	 223.80		
-146.18   	-57.37   	 74.77   	 259.41		
-149.54   	-57.07   	 75.81   	 310.27		
-152.59   	-57.68   	 77.05   	 340.79		
-155.64   	-58.29   	 78.41   	 381.48		
-159.91   	-57.98   	 79.94   	 412.00		
-165.41   	-57.37   	 81.59   	 437.43		
-171.51   	-56.15   	 83.34   	 457.78		
-179.14   	-55.54   	 85.17   	 473.04		
-187.99   	-56.76   	 87.06   	 483.21		
-198.67   	-59.51   	 88.99   	 488.30		
-211.18   	-62.56   	 90.95   	 488.30		
-223.69   	-64.70   	 92.90   	 488.30		
-236.21   	-65.00   	 94.85   	 478.13		
-247.80   	-63.78   	 96.76   	 467.95		
-260.01   	-62.26   	 98.64   	 447.61		
-272.83   	-61.65   	100.43   	 427.26		
-285.34   	-61.34   	102.14   	 401.83		
-296.33   	-61.34   	103.74   	 366.22		
-304.87   	-60.42   	105.21   	 340.79		
-310.06   	-59.20   	106.57   	 300.10		
-312.19   	-56.76   	107.77   	 269.58		
-311.28   	-52.49   	108.85   	 228.89		
-306.09   	-45.47   	109.77   	 198.37		
-295.72   	-34.48   	110.56   	 157.68		
-280.46   	-21.06   	111.19   	 132.25		
-261.23   	 -8.85   	111.72   	  91.56		
-239.56   	 -0.61   	112.09   	  66.12		
-216.98   	  2.75   	112.35   	  35.61		
-193.18   	  3.05   	112.49   	   5.09		
-168.46   	  2.75   	112.51(S)	 -25.43		
-142.82   	  2.44   	112.41   	 -50.86		
-117.19   	  1.53   	112.21   	 -76.30		
-92.77   	 -1.22   	111.90   	-106.82		
-70.80   	 -5.49   	111.47   	-132.25		
-52.19   	 -9.46   	110.95   	-152.59		
-36.62   	-11.90   	110.34   	-172.94		
-23.50   	-13.43   	109.64   	-198.37		
-12.82   	-15.56   	108.85   	-213.63		
 -4.58   	-19.53   	108.00   	-228.89		
  1.53   	-25.02   	107.08   	-244.15		
  6.41   	-30.52   	106.10   	-249.24		
 10.68   	-34.79   	105.11   	-254.32		
 15.26   	-36.62   	104.09   	-254.32		
 19.53   	-36.62   	103.07   	-244.15		
 23.19   	-35.10   	102.10   	-228.89		
 25.02   	-32.65   	101.18   	-218.72		
 24.72   	-29.91   	100.30   	-203.46		
 22.58   	-28.69   	 99.49   	-178.03		
 19.84   	-28.99   	 98.78   	-162.77		
 18.62   	-31.13   	 98.13   	-137.33		
 18.92   	-33.57   	 97.58   	-127.16		
 20.45   	-35.10   	 97.07   	-106.82		
 21.06   	-35.40   	 96.64   	 -96.64		
 19.84   	-34.48   	 96.26   	 -86.47		
 16.48   	-33.87   	 95.91   	 -81.38		
 13.12   	-33.26   	 95.58   	 -71.21		
 11.29   	-31.74   	 95.30   	 -71.21		
 10.99   	-27.77   	 95.01   	 -71.21		
 10.99   	-22.28   	 94.73   	 -71.21		
  8.85   	-17.40   	 94.45   	 -76.30		
  4.27   	-15.26   	 94.14   	 -71.21		
 -1.53   	-17.40   	 93.86   	 -76.30		
 -6.41   	-21.97   	 93.55   	 -81.38		
 -9.77   	-26.86   	 93.22   	 -76.30		
-11.60   	-29.91   	 92.92   	 -86.47		
-12.82   	-29.60   	 92.57   	 -86.47		
-12.82   	-24.72   	 92.23   	 -86.47		
-11.90   	-15.87   	 91.88   	 -91.56		
 -8.85   	 -4.88   	 91.52   	 -86.47		
 -4.58   	  5.19   	 91.17   	 -91.56		
 -0.31   	 11.29   	 90.80   	 -91.56		
  3.05   	 12.82   	 90.44   	 -86.47		
  5.49   	 11.90   	 90.09   	 -86.47		
  7.63   	 11.60   	 89.75   	 -81.38		
 10.68   	 12.51   	 89.42   	 -86.47		
 13.73   	 12.51   	 89.07   	 -81.38		
 15.26   	  7.93   	 88.75   	 -81.38		
 14.65   	 -0.31   	 88.42   	 -86.47		
 12.51   	 -7.93   	 88.08   	 -81.38		
  9.46   	 -8.85   	 87.75   	 -86.47		
  7.63   	 -0.92   	 87.41   	 -86.47		
  7.02   	 11.90   	 87.06   	 -91.56		
  9.16   	 23.19   	 86.69   	 -91.56		
 14.34   	 29.91   	 86.33   	 -91.56		
 22.28   	 33.57   	 85.96   	 -91.56		
 31.13   	 39.06   	 85.59   	 -96.64		
 38.76   	 49.74   	 85.21   	 -91.56		
 44.86   	 66.53   	 84.84   	 -91.56		
 52.49   	 89.11   	 84.48   	 -81.38		
 65.31   	113.83   	 84.15   	 -76.30		
 84.23   	134.28   	 83.85   	 -76.30		
106.51   	142.52   	 83.54   	 -61.04		
126.34   	133.36   	 83.30   	 -61.04		
140.08   	108.95   	 83.05   	 -50.86		
147.09   	 78.13   	 82.85   	 -40.69		
149.84   	 50.05   	 82.69   	 -30.52		
149.54   	 28.99   	 82.56   	 -30.52		
146.18   	 13.12   	 82.44   	 -20.35		
135.80   	 -1.53   	 82.36   	 -20.35		
115.05   	-16.17   	 82.28   	 -30.52		
 83.31   	-30.52   	 82.16   	 -35.61		
 43.64   	-44.56   	 82.01   	 -55.95		
  3.36   	-60.12   	 81.79   	 -61.04		
-28.69   	-79.04   	 81.55   	 -81.38		
-47.61   	-99.49   	 81.22   	 -86.47		
-52.80   	-115.05   	 80.87   	 -86.47		
-48.52   	-120.24   	 80.53   	 -86.47		
-41.81   	-114.75   	 80.18   	 -76.30		
-38.15   	-104.98   	 79.88   	 -66.12		
-37.84   	-98.57   	 79.61   	 -45.78		
-38.76   	-98.88   	 79.43   	 -30.52		
-37.84   	-103.76   	 79.31   	 -10.17		
-34.79   	-108.03   	 79.27   	   0.00		
-31.43   	-109.25   	 79.27   	   5.09		
-30.21   	-106.81   	 79.29   	  -5.09		
-31.13   	-103.15   	 79.27   	 -20.35		
-32.35   	-99.79   	 79.19   	 -35.61		
-31.74   	-97.05   	 79.04   	 -55.95		
-29.91   	-94.91   	 78.82   	 -81.38		
-27.77   	-92.47   	 78.49   	 -96.64		
-26.86   	-88.81   	 78.11   	-111.90		
-28.38   	-81.48   	 77.66   	-111.90		
-34.18   	-65.92   	 77.21   	-111.90		
-45.17   	-38.45   	 76.76   	-106.82		
-56.76   	 -0.31   	 76.34   	 -86.47		
-55.85   	 43.64   	 75.99   	 -71.21		
-23.80   	 85.75   	 75.71   	 -55.95		
 55.54   	124.21   	 75.48   	 -35.61		
184.94   	166.32   	 75.34   	 -20.35		
354.92   	224.30   	 75.26   	 -10.17		
549.32   	300.90   	 75.22   	  -5.09		
758.36   	384.22   	 75.20   	 -10.17		
979.31   	438.54(R)	 75.16   	 -15.26		
1201.78   	407.41   	 75.10   	 -25.43		
1385.50   	260.01   	 74.99   	 -40.69		
1461.49   	 33.26   	 74.83   	 -55.95		
1368.71   	-178.83   	 74.61   	 -71.21		
1103.21   	-275.57   	 74.32   	 -81.38		
733.95   	-222.47   	 74.00   	 -96.64		
372.31   	-86.36   	 73.61   	-101.73		
108.34   	 16.78   	 73.20   	-106.82		
-34.79   	 20.14   	 72.78   	-101.73		
-91.55   	-50.66   	 72.37   	 -91.56		
-109.56   	-120.54   	 72.00   	 -81.38		
-117.19   	-137.02   	 71.68   	 -66.12		
-120.54   	-105.59   	 71.41   	 -45.78		
-119.02   	-67.14   	 71.23   	 -15.26		
-114.44   	-52.49   	 71.17   	  10.17		
-112.30   	-60.42   	 71.21   	  40.69		
-113.83   	-71.72   	 71.37   	  55.95		
-116.27   	-75.07   	 71.60   	  71.21		
-117.49   	-72.02   	 71.88   	  66.12		
-118.10   	-68.97   	 72.15   	  45.78		
-119.02   	-68.05   	 72.33   	  25.43		
-119.93   	-68.66   	 72.43   	 -15.26		
-119.93   	-69.27   	 72.37   	 -45.78		
-118.71   	-69.58   	 72.19   	 -91.56		
-117.80   	-69.27   	 71.82   	-116.99		
-118.10   	-69.58   	 71.35   	-142.42		
-119.32   	-71.41   	 70.78   	-147.51		
-120.85   	-73.24   	 70.19   	-147.51		
-122.07   	-72.94   	 69.60   	-137.33		
-122.38   	-68.36   	 69.05   	-111.90		
-120.85   	-61.65   	 68.61   	 -81.38		
-119.63   	-56.15   	 68.28   	 -50.86		
-119.63   	-54.93   	 68.08   	 -20.35		
-120.85   	-57.07   	 68.00   	  10.17		
-122.07   	-59.81   	 68.04(D)	  40.69		
-122.68   	-59.20   	 68.20   	  61.04		
-122.68   	-53.41   	 68.44   	  86.47		
-123.90   	-44.56   	 68.79   	 111.90		
-126.65   	-36.32   	 69.24   	 132.25		
-130.31   	-32.35   	 69.77   	 152.59		
-133.06   	-33.26   	 70.38   	 172.94		
-133.67   	-37.54   	 71.07   	 198.37		
-133.36   	-41.50   	 71.86   	 213.63		
-133.97   	-42.42   	 72.72   	 239.06		
-136.41   	-40.59   	 73.67   	 254.32		
-140.99   	-37.54   	 74.69   	 284.84		
-146.79   	-35.10   	 75.83   	 300.10		
-152.59   	-33.26   	 77.03   	 325.53		
-159.30   	-32.35   	 78.33   	 345.88		
-166.93   	-32.04   	 79.71   	 366.22		
-176.39   	-32.65   	 81.18   	 386.57		
-187.68   	-33.87   	 82.73   	 406.92		
-198.97   	-36.01   	 84.35   	 422.18		
-210.27   	-39.06   	 86.04   	 432.35		
-220.95   	-42.11   	 87.77   	 437.43		
-232.24   	-44.86   	 89.52   	 437.43		
-244.14   	-45.47   	 91.27   	 437.43		
-256.96   	-43.64   	 93.02   	 427.26		
-269.17   	-39.98   	 94.73   	 417.09		
-279.54   	-37.54   	 96.40   	 401.83		
-287.48   	-37.54   	 98.01   	 386.57		
-292.97   	-39.37   	 99.55   	 366.22		
-295.72   	-39.98   	101.02   	 335.71		
-294.80   	-36.01   	102.36   	 310.27		
-289.92   	-27.16   	103.60   	 274.67		
-280.76   	-15.56   	104.70   	 228.89		
-267.64   	 -3.97   	105.62   	 193.29		
-250.85   	  4.88   	106.39   	 147.51		
-231.32   	 11.29   	106.98   	 106.82		
-209.96   	 14.65   	107.41   	  55.95		
-186.77   	 15.87   	107.63   	  15.26		
-162.96   	 14.95   	107.69   	 -20.35		
-138.55   	 13.43   	107.61   	 -61.04		
-114.44   	 11.90   	107.36   	 -86.47		
-91.86   	 10.68   	107.02   	-116.99		
-72.33   	  9.46   	106.55   	-142.42		
-56.76   	  7.02   	105.98   	-162.77		
-44.86   	  2.75   	105.33   	-183.11		
-34.79   	 -2.44   	104.60   	-198.37		
-25.02   	 -7.32   	103.80   	-213.63		
-14.95   	-11.90   	102.95   	-223.80		
 -4.88   	-15.56   	102.05   	-233.98		
  4.27   	-18.92   	101.12   	-239.06		
 11.60   	-21.67   	100.16   	-239.06		
 16.48   	-22.89   	 99.21   	-233.98		
 19.23   	-22.58   	 98.27   	-223.80		
 20.75   	-21.36   	 97.37   	-218.72		
 21.97   	-20.45   	 96.50   	-203.46		
 23.19   	-21.06   	 95.69   	-183.11		
 24.41   	-22.89   	 94.95   	-172.94		
 25.33   	-23.80   	 94.26   	-152.59		
 25.33   	-22.89   	 93.65   	-142.42		
 24.11   	-20.14   	 93.08   	-122.07		
 22.28   	-17.40   	 92.59   	-116.99		
 19.53   	-16.17   	 92.13   	-101.73		
 17.09   	-18.01   	 91.72   	 -96.64		
 14.95   	-21.97   	 91.33   	 -86.47		
 12.82   	-26.25   	 90.99   	 -81.38		
 10.68   	-29.91   	 90.66   	 -81.38		
  8.85   	-31.74   	 90.34   	 -81.38		
  6.71   	-31.43   	 90.01   	 -81.38		
  4.58   	-29.91   	 89.68   	 -81.38		
  1.53   	-27.16   	 89.36   	 -81.38		
 -2.75   	-25.33   	 89.03   	 -86.47		
 -7.93   	-24.41   	 88.69   	 -86.47		
-11.90   	-24.41   	 88.34   	 -86.47		
-14.04   	-24.11   	 88.00   	 -81.38		
-14.65   	-22.28   	 87.67   	 -81.38		
-13.43   	-18.01   	 87.34   	 -71.21		
-11.60   	-12.51   	 87.06   	 -71.21		
 -9.46   	 -6.41   	 86.77   	 -71.21		
 -7.63   	 -2.14   	 86.49   	 -71.21		
 -6.10   	 -0.92   	 86.21   	 -66.12		
 -4.58   	 -3.36   	 85.94   	 -61.04		
 -2.14   	 -7.32   	 85.70   	 -55.95		
  1.83   	 -9.77   	 85.47   	 -45.78		
  7.02   	 -7.02   	 85.29   	 -30.52		
 12.82   	 -0.31   	 85.17   	 -20.35		
 17.40   	  5.49   	 85.09   	 -15.26		
 19.53   	  5.19   	 85.03   	  -5.09		
 19.23   	 -0.92   	 85.00   	  -5.09		
 16.48   	 -7.02   	 84.98   	  -5.09		
 13.12   	 -6.71   	 84.96   	 -15.26		
 10.38   	  2.14   	 84.90   	 -20.35		
  9.77   	 15.26   	 84.82   	 -35.61		
 12.82   	 26.55   	 84.68   	 -45.78		
 20.14   	 33.26   	 84.50   	 -50.86		
 30.21   	 37.84   	 84.29   	 -61.04		
 39.67   	 42.72   	 84.05   	 -66.12		
 47.00   	 50.35   	 83.78   	 -71.21		
 52.80   	 63.48   	 83.50   	 -71.21		
 60.73   	 82.40   	 83.21   	 -71.21		
 73.85   	105.59   	 82.93   	 -71.21		
 92.77   	126.04   	 82.64   	 -71.21		
113.83   	133.97   	 82.36   	 -66.12		
133.67   	123.60   	 82.10   	 -71.21		
147.40   	 96.44   	 81.81   	 -71.21		
154.11   	 62.26   	 81.53   	 -71.21		
154.72   	 32.35   	 81.24   	 -66.12		
151.37   	 12.21   	 80.98   	 -71.21		
144.35   	  0.61   	 80.69   	 -71.21		
130.92   	 -7.32   	 80.41   	 -66.12		
108.03   	-16.17   	 80.14   	 -61.04		
 74.46   	-28.38   	 79.90   	 -55.95		
 34.18   	-45.17   	 79.67   	 -40.69		
 -3.66   	-65.61   	 79.51   	 -30.52		
-30.21   	-86.98   	 79.39   	 -20.35		
-41.81   	-105.59   	 79.31   	 -15.26		
-41.20   	-115.97   	 79.25   	  -5.09		
-34.79   	-116.88   	 79.23   	 -10.17		
-29.60   	-111.69   	 79.19   	 -15.26		
-28.08   	-105.59   	 79.12   	 -20.35		
-29.60   	-102.84   	 79.04   	 -35.61		
-31.13   	-102.54   	 78.90   	 -50.86		
-31.13   	-103.15   	 78.70   	 -86.47		
-29.30   	-101.93   	 78.35   	-137.33		
-28.08   	-99.49   	 77.80   	-198.37		
-28.38   	-97.05   	 77.01   	-274.67		
-30.52   	-95.83   	 75.91   	-356.05		
-32.35   	-94.91   	 74.49   	-432.35		
-31.74   	-93.08   	 72.76   	-503.56		
-28.99   	-90.03   	 70.74   	-549.34		
-25.63   	-86.36   	 68.55   	-579.86		
-24.41   	-82.09   	 66.23   	-590.03		
-28.38   	-73.85   	 63.87   	-579.86		
-38.45   	-55.24   	 61.55   	-549.34		
-52.19   	-23.50   	 59.35   	-513.73		
-60.42   	 19.84   	 57.29   	-473.04		
-47.30   	 66.83   	 55.40   	-417.09		
  3.97   	109.25   	 53.73   	-376.40		
102.84   	147.09   	 52.23   	-330.62		
245.67   	192.26   	 50.91   	-284.84		
418.40   	256.65   	 49.77   	-249.24		
608.83   	340.88   	 48.77   	-213.63		
813.90   	426.03   	 47.91   	-178.03		
1033.94   	464.78(R)	 47.20   	-142.42		
1250.61   	400.70   	 46.63   	-122.07		
1409.30   	222.47   	 46.14   	 -91.56		
1434.33   	-10.38   	 45.78   	 -71.21		
1279.60   	-193.48   	 45.49   	 -50.86		
968.32   	-240.17   	 45.29   	 -40.69		
592.35   	-151.37   	 45.13   	 -30.52		
263.37   	-21.67   	 45.00   	 -20.35		
 48.22   	 41.81   	 44.92   	 -15.26		
-55.24   	  7.32   	 44.86   	  -5.09		
-92.77   	-72.33   	 44.84   	   0.00		
-106.20   	-124.21   	 44.84   	  10.17		
-113.53   	-118.41   	 44.88   	  15.26		
-116.88   	-80.87   	 44.94   	  30.52		
-116.27   	-53.71   	 45.07   	  40.69		
-114.75   	-54.32   	 45.23   	  45.78		
-115.36   	-69.58   	 45.41   	  50.86		
-116.88   	-79.65   	 45.62   	  50.86		
-116.58   	-78.74   	 45.82   	  40.69		
-114.14   	-72.63   	 45.98   	  35.61		
-113.22   	-67.75   	 46.12   	  20.35		
-114.14   	-65.61   	 46.21   	  10.17		
-116.27   	-65.61   	 46.25   	   5.09		
-117.49   	-67.14   	 46.27   	  -5.09		
-118.41   	-68.97   	 46.25   	  -5.09		
-119.93   	-70.19   	 46.23   	   5.09		
-122.07   	-70.50   	 46.25   	  10.17		
-124.82   	-70.19   	 46.29   	  25.43		
-126.65   	-68.97   	 46.39   	  45.78		
-127.56   	-66.53   	 46.57   	  71.21		
-126.95   	-63.17   	 46.86   	  86.47		
-125.43   	-60.73   	 47.20   	 122.07		
-123.90   	-60.12   	 47.69   	 152.59		
-123.29   	-61.04   	 48.30   	 198.37		
-123.90   	-61.04   	 49.09   	 233.98		
-125.12   	-58.90   	 50.03   	 274.67		
-126.34   	-54.93   	 51.13   	 305.19		
-126.65   	-50.35   	 52.35   	 330.62		
-126.65   	-46.39   	 53.67   	 335.71		
-126.65   	-43.95   	 55.02   	 335.71		
-127.26   	-42.42   	 56.36   	 320.45		
-129.70   	-41.20   	 57.64   	 289.93		
-133.67   	-39.67   	 58.80   	 249.24		
-138.85   	-38.15   	 59.80   	 218.72		
-143.74   	-36.62   	 60.67   	 188.20		
-147.09   	-35.71   	 61.42   	 178.03		
-149.54   	-34.79   	 62.14   	 183.11		
-152.59   	-34.48   	 62.87   	 213.63		
-158.08   	-35.10   	 63.72   	 249.24		
-165.71   	-36.62   	 64.72   	 305.19		
-175.17   	-38.45   	 65.94   	 371.31		
-185.24   	-39.98   	 67.43   	 447.61		
-195.01   	-41.20   	 69.22   	 523.90		
-205.08   	-41.81   	 71.31   	 615.46		
-216.37   	-42.72   	 73.77   	 691.76		
-228.88   	-43.95   	 76.54   	 757.88		
-242.31   	-46.08   	 79.57   	 798.57		
-255.74   	-47.61   	 82.77   	 818.92		
-268.55   	-48.83   	 86.04   	 813.83		
-279.54   	-49.13   	 89.30   	 778.23		
-289.00   	-48.83   	 92.41   	 727.36		
-296.02   	-47.61   	 95.32   	 661.24		
-300.29   	-46.08   	 97.97   	 595.11		
-301.51   	-42.72   	100.35   	 518.82		
-299.38   	-37.84   	102.42   	 452.69		
-293.27   	-31.13   	104.23   	 381.48		
-282.90   	-23.19   	105.76   	 325.53		
-268.25   	-14.34   	107.06   	 274.67		
-249.94   	 -5.49   	108.16   	 228.89		
-228.88   	  2.14   	109.07   	 193.29		
-205.08   	  7.63   	109.85   	 167.85		
-179.75   	 10.68   	110.52   	 142.42		
-153.20   	 11.29   	111.09   	 116.99		
-127.87   	 10.07   	111.56   	  96.64		
-104.98   	  7.93   	111.94   	  71.21		
-85.45   	  5.19   	112.23   	  50.86		
-68.05   	  2.75   	112.43   	  25.43		
-51.27   	  0.92   	112.53   	   0.00		
-35.10   	 -0.31   	112.53   	 -30.52		
-20.45   	 -1.53   	112.41   	 -61.04		
 -8.85   	 -3.66   	112.17   	 -96.64		
 -0.61   	 -7.32   	111.78   	-127.16		
  5.19   	-11.29   	111.27   	-157.68		
  9.46   	-15.26   	110.64   	-183.11		
 13.43   	-18.01   	109.91   	-208.54		
 17.40   	-19.53   	109.07   	-223.80		
 20.75   	-20.45   	108.18   	-233.98		
 23.19   	-21.36   	107.24   	-223.80		
 24.72   	-22.89   	106.35   	-208.54		
 25.63   	-24.72   	105.51   	-178.03		
 25.94   	-26.55   	104.80   	-157.68		
 25.63   	-27.77   	104.17   	-122.07		
 25.02   	-28.08   	103.68   	-106.82		
 23.80   	-27.77   	103.25   	 -91.56		
 22.28   	-26.25   	102.89   	 -86.47		
 20.45   	-24.72   	102.54   	 -71.21		
 18.31   	-23.19   	102.26   	 -50.86		
 16.17   	-22.28   	102.05   	  15.26		
 14.04   	-21.97   	102.12   	 106.82		
 11.90   	-22.28   	102.54   	 223.80		
 10.07   	-21.97   	103.44   	 350.97		
  9.16   	-21.06   	104.84   	 442.52		
  7.93   	-19.23   	106.61   	 473.04		
  5.19   	-17.70   	108.50   	 447.61		
  0.61   	-17.09   	110.29   	 371.31		
 -5.19   	-18.31   	111.78   	 259.41		
-10.38   	-20.45   	112.82   	 132.25		
-13.43   	-22.89   	113.35   	  15.26		
-14.65   	-24.72   	113.41   	 -81.38		
-14.95   	-24.72   	113.08   	-162.77		
-15.56   	-21.97   	112.43   	-218.72		
-15.87   	-16.17   	111.56   	-249.24		
-14.34   	 -9.16   	110.56   	-254.32		
-11.29   	 -3.36   	109.54   	-244.15		
 -7.02   	 -0.92   	108.57   	-223.80		
 -2.44   	 -2.14   	107.67   	-193.29		
  2.14   	 -3.66   	106.90   	-183.11		
  6.41   	 -1.53   	106.16   	-167.85		
 10.68   	  4.27   	105.49   	-167.85		
 13.12   	  8.54   	104.82   	-172.94		
 13.43   	  5.80   	104.13   	-188.20		
 11.29   	 -3.36   	103.38   	-198.37		
  8.54   	-12.82   	102.58   	-203.46		
  5.80   	-15.56   	101.77   	-203.46		
  3.97   	 -8.54   	100.96   	-183.11		
  3.66   	  3.66   	100.22   	-162.77		
  7.02   	 14.04   	 99.57   	-132.25		
 14.95   	 21.06   	 99.04   	 -96.64		
 26.25   	 27.77   	 98.66   	 -61.04		
 37.23   	 36.93   	 98.41   	 -35.61		
 44.56   	 49.13   	 98.27   	 -20.35		
 48.52   	 63.78   	 98.19   	 -10.17		
 55.24   	 81.79   	 98.15   	 -10.17		
 69.58   	102.54   	 98.11   	 -20.35		
 91.86   	122.99   	 98.03   	 -35.61		
116.58   	134.28   	 97.88   	 -55.95		
136.41   	127.87   	 97.66   	 -71.21		
147.09   	103.15   	 97.37   	 -86.47		
150.45   	 67.14   	 97.03   	 -96.64		
150.15   	 32.35   	 96.64   	-101.73		
149.23   	  6.71   	 96.24   	-101.73		
145.57   	 -8.54   	 95.83   	-101.73		
134.58   	-18.01   	 95.42   	 -91.56		
112.30   	-26.25   	 95.06   	 -86.47		
 77.21   	-37.23   	 94.71   	 -76.30		
 34.48   	-53.10   	 94.40   	 -81.38		
 -6.71   	-73.24   	 94.08   	 -76.30		
-37.54   	-95.52   	 93.77   	 -76.30		
-52.80   	-115.66   	 93.47   	 -76.30		
-54.02   	-127.87   	 93.16   	 -55.95		
-47.61   	-130.00   	 92.94   	 -30.52		
-41.20   	-125.73   	 92.82   	   0.00		
-39.37   	-120.24   	 92.82   	  35.61		
-40.89   	-118.10   	 92.96   	  66.12		
-43.03   	-119.02   	 93.22   	  86.47		
-42.72   	-120.24   	 93.57   	 101.73		
-40.59   	-119.32   	 93.98   	  91.56		
-37.84   	-115.66   	 94.34   	  71.21		
-36.32   	-112.00   	 94.63   	  35.61		
-35.71   	-109.56   	 94.77   	 -15.26		
-35.40   	-108.64   	 94.71   	 -66.12		
-34.18   	-107.73   	 94.45   	-122.07		
-32.65   	-105.90   	 93.96   	-172.94		
-32.35   	-102.54   	 93.27   	-218.72		
-33.57   	-97.96   	 92.39   	-239.06		
-37.84   	-89.42   	 91.43   	-259.41		
-47.00   	-71.72   	 90.40   	-254.32		
-60.42   	-41.81   	 89.38   	-239.06		
-71.41   	 -0.92   	 88.42   	-208.54		
-64.70   	 44.86   	 87.59   	-178.03		
-21.36   	 88.20   	 86.88   	-137.33		
 71.11   	128.78   	 86.33   	-101.73		
212.71   	176.39   	 85.92   	 -71.21		
391.24   	242.61   	 85.64   	 -45.78		
592.96   	325.62   	 85.45   	 -30.52		
812.07   	405.58   	 85.33   	 -30.52		
1045.23   	433.96(R)	 85.21   	 -35.61		
1273.80   	354.31   	 85.07   	 -40.69		
1445.62   	156.25   	 84.90   	 -50.86		
1486.82   	-96.74   	 84.70   	 -45.78		
1347.96   	-293.58   	 84.52   	 -45.78		
1045.23   	-339.36   	 84.33   	 -30.52		
664.98   	-229.80   	 84.21   	 -15.26		
317.99   	-63.17   	 84.15   	   0.00		
 78.43   	 38.15   	 84.15   	  20.35		
-47.30   	 24.72   	 84.23   	  30.52		
-98.88   	-58.59   	 84.35   	  40.69		
-118.71   	-130.00   	 84.52   	  40.69		
-126.95   	-141.91   	 84.68   	  35.61		
-127.87   	-108.03   	 84.82   	  25.43		
-124.51   	-72.63   	 84.92   	  10.17		
-120.85   	-64.09   	 84.96   	 -10.17		
-121.15   	-76.60   	 84.92   	 -25.43		
-123.29   	-90.33   	 84.82   	 -50.86		
-123.60   	-92.77   	 84.62   	 -66.12		
-120.85   	-86.67   	 84.35   	 -81.38		
-118.41   	-79.04   	 84.03   	 -86.47		
-118.41   	-74.77   	 83.68   	 -91.56		
-120.54   	-75.07   	 83.32   	 -91.56		
-123.60   	-78.43   	 82.95   	 -86.47		
-126.65   	-81.48   	 82.60   	 -81.38		
-129.39   	-81.79   	 82.28   	 -71.21		
-130.92   	-79.04   	 81.99   	 -71.21		
-130.92   	-75.68   	 81.71   	 -76.30		
-129.39   	-72.94   	 81.40   	 -76.30		
-127.87   	-72.33   	 81.10   	 -91.56		
-128.17   	-72.33   	 80.73   	 -96.64		
-129.70   	-72.63   	 80.35   	-122.07		
-131.23   	-71.41   	 79.86   	-132.25		
-132.45   	-68.66   	 79.33   	-147.51		
-133.06   	-65.31   	 78.74   	-167.85		
-133.97   	-61.95   	 78.07   	-178.03		
-134.89   	-60.12   	 77.35   	-188.20		
-135.80   	-59.20   	 76.60   	-203.46		
-136.72   	-58.59   	 75.79   	-203.46		
-137.63   	-57.07   	 74.97   	-208.54		
-138.85   	-54.02   	 74.14   	-208.54		
-140.38   	-50.05   	 73.31   	-193.29		
-142.21   	-46.39   	 72.53   	-188.20		
-144.04   	-43.95   	 71.78   	-167.85		
-146.48   	-42.72   	 71.11   	-147.51		
-149.23   	-42.42   	 70.52   	-116.99		
-152.59   	-41.81   	 70.05   	 -71.21		
-155.94   	-39.98   	 69.77   	 -15.26		
-159.91   	-38.45   	 69.70   	  50.86		
-166.02   	-37.84   	 69.91   	 137.33		
-174.87   	-38.76   	 70.46   	 218.72		
-186.16   	-40.89   	 71.33   	 320.45		
-198.67   	-42.72   	 72.61   	 412.00		
-210.88   	-44.25   	 74.26   	 503.56		
-221.86   	-45.47   	 76.28   	 584.94		
-232.85   	-47.30   	 78.62   	 656.15		
-244.45   	-49.44   	 81.24   	 701.93		
-257.57   	-50.96   	 84.05   	 742.62		
-271.30   	-51.88   	 87.02   	 752.79		
-284.73   	-51.57   	 90.03   	 757.88		
-295.72   	-50.35   	 93.06   	 737.54		
-303.96   	-48.22   	 96.01   	 717.19		
-308.53   	-44.86   	 98.88   	 686.67		
-309.14   	-40.28   	101.63   	 656.15		
-305.48   	-33.87   	104.25   	 615.46		
-297.85   	-25.94   	106.71   	 584.94		
-286.56   	-17.40   	109.05   	 544.25		
-272.52   	 -8.85   	111.23   	 508.65		
-255.74   	 -0.92   	113.27   	 478.13		
-235.90   	  6.41   	115.18   	 447.61		
-213.32   	 12.21   	116.97   	 412.00		
-188.29   	 15.87   	118.62   	 386.57		
-161.74   	 16.78   	120.16   	 356.05		
-135.19   	 15.56   	121.59   	 320.45		
-109.86   	 12.82   	122.87   	 295.01		
-86.98   	  9.16   	124.05   	 259.41		
-67.14   	  4.88   	125.09   	 223.80		
-51.27   	  0.31   	125.98   	 178.03		
-38.76   	 -4.58   	126.69   	 137.33		
-27.77   	 -7.93   	127.24   	  91.56		
-17.40   	 -9.77   	127.61   	  45.78		
 -6.10   	-10.38   	127.79   	  -5.09		
  4.88   	-10.68   	127.77   	 -50.86		
 13.43   	-12.21   	127.57   	 -96.64		
 18.62   	-15.87   	127.18   	-147.51		
 21.36   	-20.45   	126.59   	-183.11		
 22.58   	-23.80   	125.86   	-223.80		
 23.80   	-25.94   	124.96   	-254.32		
 25.02   	-26.55   	123.95   	-284.84		
 25.94   	-26.86   	122.81   	-305.19		
 26.25   	-27.16   	121.59   	-330.62		
 25.63   	-26.86   	120.26   	-345.88		
 24.72   	-26.55   	118.88   	-356.05		
 23.19   	-26.55   	117.46   	-361.14		
 20.75   	-27.16   	116.01   	-366.22		
 17.70   	-28.38   	114.55   	-366.22		
 14.34   	-29.30   	113.08   	-361.14		
 12.21   	-28.99   	111.64   	-366.22		
 10.99   	-27.47   	110.17   	-361.14		
 10.68   	-25.63   	108.73   	-356.05		
  9.77   	-24.41   	107.30   	-356.05		
  7.02   	-24.41   	105.88   	-350.97		
  2.75   	-25.33   	104.48   	-340.79		
 -2.14   	-25.94   	103.11   	-335.71		
 -6.41   	-25.63   	101.77   	-330.62		
 -9.77   	-24.72   	100.45   	-320.45		
-12.51   	-24.41   	 99.17   	-310.27		
-14.65   	-25.33   	 97.92   	-305.19		
-17.09   	-27.77   	 96.70   	-300.10		
-19.84   	-29.91   	 95.50   	-295.01		
-22.28   	-30.21   	 94.32   	-284.84		
-23.80   	-27.16   	 93.18   	-284.84		
-23.80   	-20.14   	 92.04   	-274.67		
-21.67   	-10.68   	 90.95   	-264.50		
-16.78   	 -1.83   	 89.89   	-254.32		
-10.38   	  3.66   	 88.87   	-244.15		
 -3.36   	  5.19   	 87.89   	-228.89		
  3.66   	  5.49   	 86.98   	-203.46		
 10.07   	  7.93   	 86.16   	-188.20		
 15.87   	 14.34   	 85.41   	-167.85		
 19.53   	 21.67   	 84.74   	-152.59		
 20.45   	 23.80   	 84.13   	-132.25		
 18.62   	 17.70   	 83.60   	-116.99		
 14.95   	  6.71   	 83.13   	-106.82		
 11.60   	 -1.83   	 82.71   	 -91.56		
  9.46   	 -0.61   	 82.34   	 -81.38		
 10.38   	 10.68   	 82.01   	 -71.21		
 14.04   	 25.94   	 81.73   	 -50.86		
 21.06   	 38.45   	 81.53   	 -30.52		
 30.82   	 47.30   	 81.40   	 -10.17		
 40.59   	 54.63   	 81.36   	   5.09		
 47.61   	 62.87   	 81.38   	  30.52		
 50.96   	 74.16   	 81.51   	  40.69		
 54.32   	 89.11   	 81.67   	  61.04		
 62.87   	108.64   	 81.91   	  76.30		
 81.48   	130.62   	 82.22   	  81.38		
107.12   	148.93   	 82.54   	  86.47		
133.36   	154.72   	 82.89   	  86.47		
152.28   	141.60   	 83.23   	  91.56		
161.13   	 76.29   	 83.60   	  81.38		
159.00   	 44.86   	 83.93   	  76.30		
156.25   	 23.50   	 84.23   	  66.12		
150.15   	 10.68   	 84.50   	  61.04		
134.89   	  2.14   	 84.74   	  50.86		
107.12   	 -6.41   	 84.94   	  45.78		
 67.44   	-18.92   	 85.13   	  45.78		
 23.19   	-37.23   	 85.31   	  45.78		
-16.78   	-60.42   	 85.49   	  40.69		
-43.95   	-84.23   	 85.66   	  35.61		
-55.54   	-101.62   	 85.80   	  30.52		
-53.41   	-107.12   	 85.92   	  30.52		
-45.47   	-101.62   	 86.04   	  15.26		
-38.76   	-92.16   	 86.10   	 -10.17		
-36.62   	-85.75   	 86.06   	 -50.86		
-37.84   	-86.06   	 85.86   	-116.99		
-39.37   	-90.03   	 85.39   	-193.29		
-38.76   	-93.38   	 84.62   	-284.84		
-36.32   	-92.77   	 83.48   	-386.57		
-33.26   	-88.50   	 81.93   	-483.21		
-31.13   	-83.92   	 80.00   	-564.60		
-30.52   	-80.57   	 77.74   	-630.72		
-31.13   	-79.35   	 75.22   	-671.41		
-32.04   	-79.65   	 72.53   	-681.58		
-32.96   	-79.35   	 69.81   	-666.32		
-32.96   	-77.21   	 67.14   	-630.72		
-33.57   	-70.80   	 64.62   	-579.86		
-38.15   	-56.46   	 62.30   	-513.73		
-49.13   	-30.52   	 60.24   	-447.61		
-62.26   	  7.63   	 58.45   	-391.66		
-65.61   	 52.80   	 56.89   	-340.79		
-40.59   	 97.35   	 55.52   	-310.27		
 28.69   	136.41   	 54.28   	-289.93		
147.71   	175.78   	 53.12   	-289.93		
308.84   	228.27   	 51.96   	-284.84		
498.35   	299.99   	 50.82   	-284.84		
707.09   	381.47   	 49.68   	-289.93		
931.40   	440.06(R)	 48.52   	-279.75		
1162.72   	418.70   	 47.41   	-274.67		
1367.19   	276.79   	 46.31   	-269.58		
1477.97   	 41.81   	 45.23   	-269.58		
1428.53   	-193.18   	 44.15   	-269.58		
1199.34   	-316.47   	 43.07   	-269.58		
843.51   	-272.22   	 41.99   	-274.67		
466.92   	-114.44   	 40.90   	-274.67		
169.37   	 31.74   	 39.80   	-269.58		
 -8.24   	 73.24   	 38.72   	-269.58		
-87.59   	 13.43   	 37.64   	-264.50		
-115.66   	-72.63   	 36.58   	-254.32		
-125.12   	-115.05   	 35.56   	-249.24		
-126.95   	-99.49   	 34.57   	-233.98		
-124.21   	-60.73   	 33.63   	-233.98		
-119.63   	-37.54   	 32.70   	-223.80		
-119.02   	-39.37   	 31.80   	-218.72		
-123.60   	-50.96   	 30.93   	-208.54		
-128.17   	-57.37   	 30.09   	-208.54		
-128.78   	-56.15   	 29.26   	-198.37		
-126.04   	-51.88   	 28.46   	-188.20		
-123.90   	-48.22   	 27.71   	-188.20		
-124.21   	-45.78   	 26.96   	-183.11		
-125.73   	-44.86   	 26.23   	-172.94		
-126.65   	-45.78   	 25.53   	-172.94		
-126.65   	-47.00   	 24.84   	-162.77		
-126.04   	-47.61   	 24.19   	-152.59		
-125.73   	-47.61   	 23.58   	-147.51		
-125.73   	-46.69   	 22.99   	-137.33		
-126.95   	-44.25   	 22.44   	-127.16		
-129.09   	-40.28   	 21.93   	-122.07		
-130.92   	-36.01   	 21.44   	-101.73		
-132.14   	-33.26   	 21.04   	 -91.56		
-131.53   	-32.04   	 20.67   	 -71.21		
-129.39   	-30.82   	 20.39   	 -50.86		
-126.95   	-28.99   	 20.18   	 -35.61		
-126.04   	-25.94   	 20.04   	 -15.26		
-128.48   	-22.89   	 19.98   	   0.00		
-133.36   	-20.14   	 19.98   	  10.17		
-138.55   	-18.31   	 20.02   	  20.35		
-141.30   	-16.78   	 20.10   	  30.52		
-141.30   	-14.95   	 20.22   	  40.69		
-140.38   	-13.12   	 20.39   	  50.86		
-140.69   	-11.29   	 20.59   	  61.04		
-142.82   	-11.29   	 20.83   	  81.38		
-146.79   	-12.51   	 21.16   	  91.56		
-151.67   	-14.34   	 21.53   	 111.90		
-156.25   	-14.65   	 21.97   	 122.07		
-161.13   	-11.90   	 22.46   	 137.33		
-166.32   	 -6.41   	 23.01   	 152.59		
-172.73   	 -0.92   	 23.62   	 167.85		
-180.36   	  2.14   	 24.29   	 183.11		
-188.90   	  1.83   	 25.03   	 203.46		
-198.36   	 -1.53   	 25.84   	 233.98		
-209.05   	 -6.71   	 26.78   	 254.32		
-220.95   	-11.60   	 27.79   	 284.84		
-234.38   	-15.26   	 28.93   	 310.27		
-248.72   	-17.40   	 30.17   	 330.62		
-263.06   	-17.70   	 31.50   	 345.88		
-275.57   	-17.70   	 32.88   	 361.14		
-285.95   	-17.70   	 34.32   	 361.14		
-294.49   	-18.31   	 35.77   	 361.14		
-300.60   	-18.31   	 37.21   	 345.88		
-303.65   	-15.87   	 38.60   	 330.62		
-302.43   	 -9.77   	 39.92   	 315.36		
-297.24   	 -0.61   	 41.18   	 289.93		
-288.70   	 10.38   	 42.34   	 259.41		
-278.02   	 21.67   	 43.38   	 233.98		
-264.89   	 30.21   	 44.31   	 208.54		
-248.11   	 35.40   	 45.15   	 178.03		
-227.66   	 37.54   	 45.86   	 147.51		
-203.55   	 38.45   	 46.45   	 122.07		
-176.70   	 41.20   	 46.94   	  91.56		
-149.23   	 46.08   	 47.30   	  66.12		
-122.68   	 51.27   	 47.57   	  35.61		
-98.57   	 52.80   	 47.71   	   0.00		
-77.82   	 49.13   	 47.71   	 -40.69		
-60.42   	 42.42   	 47.55   	 -81.38		
-46.08   	 36.01   	 47.22   	-116.99		
-34.48   	 32.96   	 46.75   	-162.77		
-24.41   	 32.96   	 46.10   	-193.29		
-15.56   	 33.87   	 45.33   	-223.80		
 -6.71   	 33.26   	 44.44   	-244.15		
  1.22   	 30.82   	 43.46   	-269.58		
  8.24   	 27.16   	 42.38   	-279.75		
 12.51   	 23.80   	 41.26   	-289.93		
 14.65   	 20.75   	 40.10   	-295.01		
 14.95   	 18.31   	 38.92   	-289.93		
 15.26   	 16.48   	 37.76   	-289.93		
 16.17   	 15.87   	 36.60   	-279.75		
 17.70   	 16.48   	 35.48   	-269.58		
 18.62   	 17.70   	 34.40   	-254.32		
 18.01   	 18.31   	 33.39   	-244.15		
 15.87   	 18.31   	 32.41   	-223.80		
 13.73   	 18.01   	 31.52   	-213.63		
 12.82   	 18.62   	 30.66   	-188.20		
 12.51   	 21.06   	 29.91   	-172.94		
 11.90   	 24.41   	 29.22   	-147.51		
 10.07   	 26.86   	 28.63   	-132.25		
  7.02   	 27.47   	 28.10   	-101.73		
  3.97   	 25.63   	 27.69   	 -86.47		
  2.14   	 22.28   	 27.34   	 -61.04		
  0.31   	 19.23   	 27.10   	 -50.86		
 -1.53   	 18.92   	 26.90   	 -30.52		
 -4.58   	 21.67   	 26.78   	 -20.35		
 -8.24   	 26.86   	 26.69   	 -20.35		
-11.29   	 30.82   	 26.61   	 -10.17		
-13.43   	 31.74   	 26.57   	 -15.26		
-15.56   	 28.08   	 26.51   	 -10.17		
-18.31   	 22.58   	 26.47   	 -15.26		
-22.28   	 17.70   	 26.41   	 -15.26		
-26.55   	 16.78   	 26.35   	 -15.26		
-29.60   	 19.84   	 26.29   	 -20.35		
-29.60   	 25.63   	 26.21   	 -20.35		
-26.55   	 33.26   	 26.12   	 -25.43		
-21.06   	 40.59   	 26.02   	 -30.52		
-15.56   	 44.56   	 25.90   	 -25.43		
-10.68   	 44.25   	 25.80   	 -30.52		
 -6.71   	 40.28   	 25.68   	 -35.61		
 -2.75   	 36.32   	 25.53   	 -30.52		
  1.22   	 35.71   	 25.41   	 -40.69		
  3.97   	 39.06   	 25.25   	 -40.69		
  4.58   	 42.42   	 25.09   	 -45.78		
  3.36   	 42.11   	 24.90   	 -45.78		
  2.14   	 39.37   	 24.72   	 -50.86		
  1.83   	 38.76   	 24.52   	 -61.04		
  1.83   	 44.86   	 24.27   	 -61.04		
  2.75   	 57.07   	 24.03   	 -71.21		
  4.88   	 69.89   	 23.74   	 -81.38		
 10.38   	 79.04   	 23.42   	 -81.38		
 19.53   	 84.84   	 23.09   	 -91.56		
 30.21   	 89.72   	 22.73   	 -91.56		
 39.06   	 97.35   	 22.36   	-101.73		
 44.86   	110.78   	 21.95   	-106.82		
 50.66   	131.23   	 21.53   	-106.82		
 61.34   	157.47   	 21.10   	-116.99		
 79.04   	181.88   	 20.63   	-122.07		
101.01   	194.40   	 20.14   	-122.07		
122.07   	185.85   	 19.65   	-132.25		
137.33   	156.25   	 19.13   	-132.25		
145.26   	116.58   	 18.60   	-142.42		
147.71   	 81.48   	 18.03   	-142.42		
146.79   	 59.20   	 17.46   	-142.42		
143.13   	 47.91   	 16.89   	-142.42		
134.28   	 39.98   	 16.32   	-142.42		
116.88   	 28.38   	 15.75   	-147.51		
 89.11   	 13.43   	 15.16   	-142.42		
 51.57   	 -2.75   	 14.59   	-137.33		
 11.29   	-18.92   	 14.04   	-142.42		
-22.89   	-35.40   	 13.47   	-132.25		
-43.64   	-54.02   	 12.94   	-127.16		
-49.44   	-71.11   	 12.43   	-122.07		
-44.25   	-80.87   	 11.94   	-106.82		
-36.32   	-80.57   	 11.52   	 -96.64		
-32.96   	-74.16   	 11.13   	 -81.38		
-35.10   	-68.36   	 10.80   	 -61.04		
-39.98   	-67.75   	 10.56   	 -40.69		
-43.03   	-72.02   	 10.40   	 -25.43		
-42.11   	-76.60   	 10.29   	  -5.09		
-39.37   	-77.21   	 10.27   	  10.17		
-36.93   	-72.63   	 10.32   	  20.35		
-36.01   	-64.39   	 10.40   	  35.61		
-35.71   	-56.46   	 10.54   	  40.69		
-34.48   	-51.27   	 10.70   	  45.78		
-32.04   	-50.66   	 10.89   	  55.95		
-29.91   	-54.02   	 11.11   	  55.95		
-29.91   	-57.68   	 11.33   	  66.12		
-32.96   	-57.07   	 11.60   	  76.30		
-39.98   	-44.56   	 11.90   	  76.30		
-50.66   	-16.17   	 12.21   	  81.38		
-60.42   	 26.86   	 12.53   	  86.47		
-58.90   	 75.68   	 12.88   	  86.47		
-29.30   	118.10   	 13.22   	  86.47		
 42.72   	150.76   	 13.57   	  86.47		
163.27   	184.33   	 13.92   	  71.21		
324.40   	237.12   	 14.20   	  61.04		
510.56   	318.30   	 14.45   	  40.69		
710.14   	417.79   	 14.61   	  35.61		
921.02   	498.35(R)	 14.75   	  15.26		
1138.31   	498.35   	 14.81   	   0.00		
1330.87   	375.67   	 14.81   	 -20.35		
1432.50   	155.33   	 14.73   	 -50.86		
1375.12   	-73.24   	 14.53   	 -76.30		
1138.92   	-204.47   	 14.22   	 -96.64		
780.64   	-186.46   	 13.84   	-111.90		
410.46   	-69.27   	 13.39   	-116.99		
129.39   	 35.10   	 12.92   	-111.90		
-25.63   	 50.35   	 12.47   	-101.73		
-85.45   	-11.60   	 12.07   	 -81.38		
-101.93   	-82.40   	 11.74   	 -55.95		
-109.56   	-108.03   	 11.52   	 -40.69		
-116.88   	-87.59   	 11.35   	 -15.26		
-119.93   	-57.37   	 11.29   	  -5.09		
-119.02   	-47.30   	 11.27   	  10.17		
-118.41   	-57.07   	 11.31   	  15.26		
-120.24   	-68.97   	 11.37   	  25.43		
-122.38   	-71.72   	 11.48   	  30.52		
-122.07   	-68.66   	 11.60   	  35.61		
-120.54   	-65.31   	 11.74   	  45.78		
-119.63   	-64.39   	 11.92   	  55.95		
-119.93   	-64.70   	 12.15   	  66.12		
-119.63   	-65.31   	 12.41   	  81.38		
-118.41   	-65.92   	 12.74   	  91.56		
-117.80   	-65.61   	 13.10   	 101.73		
-119.02   	-65.00   	 13.51   	 101.73		
-122.07   	-64.39   	 13.92   	 101.73		
-124.82   	-63.48   	 14.32   	  91.56		
-126.04   	-61.65   	 14.69   	  86.47		
-125.12   	-57.98   	 15.04   	  71.21		
-123.29   	-53.41   	 15.32   	  50.86		
-122.07   	-49.74   	 15.52   	  30.52		
-121.77   	-47.61   	 15.65   	   5.09		
-122.38   	-46.08   	 15.67   	 -25.43		
-123.90   	-44.86   	 15.56   	 -55.95		
-125.43   	-43.64   	 15.34   	 -86.47		
-127.26   	-42.42   	 14.99   	-111.90		
-128.78   	-40.89   	 14.55   	-147.51		
-130.00   	-37.84   	 13.96   	-162.77		
-130.92   	-33.87   	 13.31   	-183.11		
-131.84   	-30.21   	 12.57   	-198.37		
-133.06   	-27.77   	 11.78   	-198.37		
-134.58   	-26.55   	 10.99   	-208.54		
-136.41   	-26.25   	 10.15   	-198.37		
-138.85   	-25.94   	  9.36   	-198.37		
-141.91   	-25.33   	  8.57   	-188.20		
-146.18   	-25.33   	  7.81   	-183.11		
-151.67   	-25.63   	  7.08   	-167.85		
-158.08   	-26.25   	  6.41   	-172.94		
-164.79   	-26.25   	  5.72   	-178.03		
-171.81   	-25.33   	  5.01   	-183.11		
-179.14   	-24.72   	  4.27   	-203.46		
-187.38   	-24.41   	  3.46   	-213.63		
-197.45   	-24.11   	  2.60   	-223.80		
-209.66   	-24.41   	  1.71   	-213.63		
-224.00   	-25.63   	  0.85   	-198.37		
-239.26   	-27.77   	  0.06   	-178.03		
-253.91   	-31.13   	 -0.65   	-137.33		
-266.72   	-33.87   	 -1.20   	 -96.64		
-277.71   	-34.79   	 -1.59   	 -61.04		
-286.56   	-33.26   	 -1.83   	 -25.43		
-293.58   	-29.30   	 -1.93   	  10.17		
-297.55   	-24.72   	 -1.89   	  35.61		
-298.16   	-20.14   	 -1.75   	  61.04		
-294.49   	-15.87   	 -1.51   	  71.21		
-286.56   	-10.68   	 -1.22   	  86.47		
-275.27   	 -3.97   	 -0.87   	  96.64		
-260.62   	  4.27   	 -0.49   	 106.82		
-242.92   	 12.51   	 -0.06   	 111.90		
-221.86   	 18.92   	  0.39   	 116.99		
-197.75   	 23.19   	  0.85   	 127.16		
-172.42   	 25.02   	  1.36   	 137.33		
-148.32   	 24.41   	  1.91   	 137.33		
-126.65   	 22.28   	  2.46   	 152.59		
-107.42   	 18.92   	  3.07   	 157.68		
-89.72   	 15.87   	  3.70   	 162.77		
-71.41   	 13.43   	  4.35   	 167.85		
-53.10   	 11.60   	  5.03   	 172.94		
-36.32   	  9.46   	  5.72   	 172.94		
-22.89   	  6.71   	  6.41   	 172.94		
-13.12   	  3.05   	  7.10   	 167.85		
 -6.41   	 -0.61   	  7.77   	 162.77		
 -1.53   	 -3.97   	  8.42   	 147.51		
  2.44   	 -6.71   	  9.01   	 132.25		
  5.80   	 -9.16   	  9.54   	 116.99		
  7.93   	-10.99   	 10.01   	  91.56		
 10.68   	-11.90   	 10.38   	  71.21		
 13.73   	-12.51   	 10.66   	  50.86		
 17.09   	-13.12   	 10.86   	  25.43		
 19.84   	-14.04   	 10.97   	   5.09		
 20.75   	-14.65   	 10.99   	 -10.17		
 19.23   	-14.65   	 10.95   	 -35.61		
 16.48   	-14.04   	 10.80   	 -50.86		
 13.73   	-12.82   	 10.60   	 -61.04		
 11.90   	-12.21   	 10.36   	 -76.30		
 11.60   	-12.82   	 10.05   	 -86.47		
 11.29   	-13.73   	  9.70   	 -91.56		
 10.99   	-14.34   	  9.34   	-101.73		
  9.77   	-14.04   	  8.93   	-101.73		
  7.93   	-12.51   	  8.52   	-111.90		
  4.88   	-11.29   	  8.08   	-111.90		
  0.00   	-10.99   	  7.63   	-111.90		
 -5.49   	-12.21   	  7.18   	-106.82		
-10.68   	-14.34   	  6.75   	  N/A		
