  I     	  II     	  AO     	  AO'		
-20.45   	-76.60   	100.63   	 -86.47		
-14.65   	-75.07   	100.28   	 -91.56		
 -9.77   	-77.21   	 99.92   	 -96.64		
-10.07   	-82.40   	 99.53   	-101.73		
-15.56   	-88.20   	 99.12   	-106.82		
-22.89   	-90.03   	 98.70   	-106.82		
-26.25   	-86.67   	 98.27   	-111.90		
-24.11   	-79.96   	 97.82   	-116.99		
-19.23   	-74.77   	 97.35   	-122.07		
-16.17   	-72.33   	 96.87   	-116.99		
-16.48   	-72.94   	 96.40   	-116.99		
-18.92   	-74.16   	 95.93   	-111.90		
-21.06   	-74.77   	 95.48   	-111.90		
-20.75   	-74.77   	 95.04   	-106.82		
-18.62   	-75.38   	 94.61   	-101.73		
-15.26   	-75.99   	 94.20   	 -96.64		
-11.60   	-76.29   	 93.81   	 -96.64		
 -8.54   	-77.51   	 93.43   	 -91.56		
 -6.10   	-79.65   	 93.06   	 -86.47		
 -3.97   	-82.70   	 92.72   	 -91.56		
 -3.66   	-86.36   	 92.35   	 -81.38		
 -5.80   	-90.03   	 92.02   	 -86.47		
-11.60   	-93.38   	 91.68   	 -81.38		
-19.23   	-95.83   	 91.35   	 -81.38		
-24.11   	-98.27   	 91.03   	 -81.38		
-23.19   	-100.71   	 90.70   	 -81.38		
-17.09   	-103.45   	 90.38   	 -81.38		
-10.38   	-106.20   	 90.05   	 -81.38		
 -7.93   	-109.56   	 89.72   	 -81.38		
-10.07   	-112.61   	 89.40   	 -86.47		
-13.12   	-115.36   	 89.05   	 -86.47		
-13.73   	-117.80   	 88.71   	 -91.56		
-10.38   	-120.85   	 88.34   	 -91.56		
 -6.41   	-123.60   	 87.98   	 -96.64		
 -5.49   	-125.12   	 87.59   	-101.73		
 -8.54   	-125.73   	 87.18   	 -96.64		
-12.21   	-124.51   	 86.80   	-106.82		
-12.51   	-121.77   	 86.37   	-101.73		
 -7.63   	-117.19   	 85.96   	-101.73		
  0.61   	-112.61   	 85.55   	-101.73		
  6.71   	-110.17   	 85.15   	-101.73		
  7.63   	-111.08   	 84.74   	-101.73		
  2.75   	-115.36   	 84.33   	-101.73		
 -4.27   	-120.85   	 83.93   	 -96.64		
 -8.85   	-124.51   	 83.54   	 -96.64		
 -9.16   	-125.43   	 83.15   	 -91.56		
 -7.02   	-124.51   	 82.79   	 -86.47		
 -4.27   	-123.60   	 82.44   	 -86.47		
 -2.44   	-121.46   	 82.10   	 -76.30		
 -0.61   	-117.19   	 81.79   	 -81.38		
  1.22   	-111.08   	 81.46   	 -71.21		
  2.44   	-106.51   	 81.18   	 -71.21		
  1.22   	-107.12   	 80.89   	 -71.21		
 -2.14   	-114.44   	 80.61   	 -66.12		
 -5.80   	-125.12   	 80.35   	 -66.12		
 -6.41   	-131.53   	 80.08   	 -66.12		
 -1.22   	-128.78   	 79.82   	 -61.04		
  6.41   	-119.63   	 79.57   	 -66.12		
 10.68   	-112.61   	 79.31   	 -66.12		
  7.63   	-113.83   	 79.04   	 -61.04		
 -2.14   	-122.99   	 78.80   	 -61.04		
-10.38   	-133.06   	 78.56   	 -61.04		
-10.38   	-135.19   	 78.31   	 -55.95		
 -1.83   	-129.09   	 78.09   	 -61.04		
  8.85   	-121.15   	 77.84   	 -55.95		
 13.12   	-117.80   	 77.62   	 -55.95		
  9.16   	-119.93   	 77.40   	 -50.86		
  1.22   	-123.60   	 77.19   	 -50.86		
 -4.88   	-123.90   	 76.99   	 -50.86		
 -6.10   	-120.54   	 76.79   	 -50.86		
 -2.75   	-115.05   	 76.58   	 -45.78		
  3.05   	-110.17   	 76.40   	 -45.78		
  9.77   	-106.51   	 76.22   	 -40.69		
 15.56   	-103.76   	 76.05   	 -45.78		
 17.09   	-102.23   	 75.87   	 -50.86		
 12.21   	-103.45   	 75.67   	 -45.78		
  2.14   	-107.42   	 75.48   	 -50.86		
 -6.41   	-112.30   	 75.28   	 -55.95		
 -7.32   	-115.36   	 75.06   	 -55.95		
  0.00   	-114.44   	 74.83   	 -55.95		
 10.38   	-111.08   	 74.61   	 -61.04		
 16.48   	-107.42   	 74.36   	 -55.95		
 14.95   	-105.29   	 74.14   	 -55.95		
  8.54   	-103.76   	 73.92   	 -50.86		
  4.58   	-100.40   	 73.71   	 -45.78		
  6.71   	-93.08   	 73.53   	 -45.78		
 13.73   	-85.14   	 73.35   	 -35.61		
 19.84   	-81.79   	 73.20   	 -35.61		
 20.14   	-85.75   	 73.06   	 -25.43		
 13.43   	-94.91   	 72.96   	 -25.43		
  3.36   	-103.76   	 72.86   	 -25.43		
 -3.97   	-106.20   	 72.76   	 -15.26		
 -4.88   	-101.01   	 72.70   	 -20.35		
 -1.22   	-92.77   	 72.61   	 -20.35		
  3.36   	-86.36   	 72.53   	 -20.35		
  7.02   	-83.62   	 72.45   	 -25.43		
  8.85   	-84.23   	 72.35   	 -25.43		
  8.85   	-86.67   	 72.25   	 -30.52		
  8.54   	-89.72   	 72.13   	 -35.61		
  6.71   	-93.69   	 71.98   	 -40.69		
  2.44   	-99.49   	 71.82   	 -40.69		
 -3.66   	-105.59   	 71.66   	 -45.78		
 -9.46   	-108.34   	 71.47   	 -45.78		
-10.99   	-106.51   	 71.29   	 -45.78		
 -7.32   	-100.71   	 71.11   	 -50.86		
  0.00   	-94.91   	 70.91   	 -45.78		
  7.32   	-92.77   	 70.72   	 -45.78		
 12.82   	-95.52   	 70.54   	 -45.78		
 14.95   	-98.57   	 70.36   	 -40.69		
 14.65   	-97.05   	 70.19   	 -40.69		
 12.51   	-91.55   	 70.03   	 -40.69		
  8.54   	-85.75   	 69.87   	 -35.61		
  4.27   	-83.92   	 69.73   	 -40.69		
  3.05   	-85.14   	 69.56   	 -35.61		
  7.02   	-84.84   	 69.42   	 -35.61		
 14.34   	-79.65   	 69.28   	 -40.69		
 20.45   	-71.72   	 69.11   	 -35.61		
 20.45   	-66.53   	 68.97   	 -40.69		
 13.73   	-67.44   	 68.81   	 -40.69		
  4.88   	-72.63   	 68.65   	 -40.69		
 -1.22   	-76.60   	 68.48   	 -45.78		
 -1.53   	-76.29   	 68.30   	 -45.78		
  2.44   	-72.02   	 68.12   	 -50.86		
  8.24   	-65.61   	 67.91   	 -45.78		
 14.34   	-56.76   	 67.73   	 -45.78		
 19.84   	-45.47   	 67.55   	 -45.78		
 24.72   	-32.35   	 67.36   	 -45.78		
 28.38   	-19.23   	 67.18   	 -40.69		
 28.99   	 -9.16   	 67.02   	 -35.61		
 28.08   	 -3.36   	 66.88   	 -35.61		
 29.30   	  0.61   	 66.73   	 -30.52		
 35.10   	  4.27   	 66.61   	 -25.43		
 43.95   	  5.49   	 66.51   	 -25.43		
 51.57   	  0.31   	 66.41   	 -25.43		
 51.88   	-14.04   	 66.31   	 -20.35		
 43.64   	-36.93   	 66.23   	 -20.35		
 33.87   	-61.34   	 66.14   	 -20.35		
 29.30   	-79.65   	 66.06   	 -20.35		
 32.04   	-89.11   	 65.98   	 -25.43		
 37.23   	-90.33   	 65.88   	 -25.43		
 39.98   	-86.06   	 65.78   	 -25.43		
 37.54   	-80.87   	 65.68   	 -25.43		
 32.65   	-78.74   	 65.57   	 -30.52		
 30.21   	-79.35   	 65.45   	 -35.61		
 31.13   	-82.09   	 65.31   	 -30.52		
 32.96   	-85.14   	 65.19   	 -35.61		
 32.04   	-86.67   	 65.05   	 -35.61		
 27.16   	-84.23   	 64.90   	 -35.61		
 18.62   	-79.96   	 64.76   	 -30.52		
  9.16   	-76.29   	 64.64   	 -35.61		
  0.61   	-77.21   	 64.50   	 -35.61		
 -4.88   	-84.23   	 64.35   	 -30.52		
 -7.93   	-95.52   	 64.23   	 -30.52		
 -7.32   	-106.81   	 64.11   	 -30.52		
 -3.97   	-113.53   	 63.99   	 -30.52		
  2.44   	-113.53   	 63.87   	 -25.43		
 10.99   	-107.42   	 63.76   	 -25.43		
 19.23   	-98.27   	 63.66   	 -20.35		
 23.50   	-90.03   	 63.58   	 -25.43		
 21.06   	-85.45   	 63.48   	 -20.35		
 13.43   	-85.75   	 63.40   	 -20.35		
  4.27   	-90.64   	 63.32   	 -20.35		
 -3.05   	-97.35   	 63.23   	 -20.35		
 -8.24   	-102.84   	 63.15   	 -20.35		
-12.21   	-105.90   	 63.07   	 -20.35		
-15.26   	-106.51   	 62.99   	 -25.43		
-15.26   	-105.90   	 62.89   	 -20.35		
-10.38   	-107.73   	 62.81   	 -25.43		
 -2.75   	-116.88   	 62.71   	 -25.43		
  5.80   	-132.45   	 62.60   	 -25.43		
 13.43   	-144.35   	 62.50   	 -25.43		
 19.23   	-134.58   	 62.40   	 -20.35		
 25.02   	-77.51   	 62.32   	 -25.43		
 36.93   	 51.57   	 62.22   	 -20.35		
 62.26   	268.55   	 62.14   	 -20.35		
108.03   	578.31   	 62.05   	 -20.35		
176.70   	968.93   	 61.97   	 -20.35		
258.79   	1405.94   	 61.89   	 -20.35		
338.13   	1824.65   	 61.81   	 -45.78		
428.47   	2212.83(R)	 61.63   	 -30.52		
423.89   	2016.60   	 61.51   	 -25.43		
385.44   	1562.81   	 61.40   	 -30.52		
319.21   	969.85   	 61.28   	 -35.61		
237.73   	407.71   	 61.14   	 -30.52		
158.08   	 14.04   	 61.02   	 -35.61		
 96.13   	-170.59   	 60.87   	 -30.52		
 57.68   	-200.81   	 60.75   	 -35.61		
 38.76   	-169.07   	 60.61   	 -30.52		
 29.30   	-144.96   	 60.49   	 -35.61		
 20.75   	-146.48   	 60.35   	 -25.43		
 10.68   	-154.11   	 60.24   	 -25.43		
  0.00   	-147.09   	 60.14   	 -25.43		
 -9.16   	-125.12   	 60.04   	 -20.35		
-15.56   	-101.32   	 59.96   	 -10.17		
-19.84   	-88.81   	 59.92   	   0.00		
-23.50   	-89.72   	 59.92   	  10.17		
-28.08   	-99.49   	 59.96   	  25.43		
-33.87   	-109.25   	 60.06   	  45.78		
-38.45   	-112.92   	 60.24   	  76.30		
-40.28   	-108.64   	 60.55   	 111.90		
-39.37   	-100.10   	 61.00   	 147.51		
-38.15   	-92.16   	 61.59   	 188.20		
-39.67   	-87.59   	 62.34   	 233.98		
-43.33   	-86.98   	 63.28   	 279.75		
-46.08   	-87.59   	 64.39   	 325.53		
-45.17   	-86.36   	 65.70   	 366.22		
-39.67   	-81.48   	 67.16   	 401.83		
-32.35   	-73.55   	 68.77   	 427.26		
-25.63   	-64.39   	 70.48   	 447.61		
-21.97   	-55.24   	 72.27   	 457.78		
-21.67   	-47.30   	 74.10   	 462.87		
-23.50   	-41.20   	 75.95   	 452.69		
-26.25   	-36.62   	 77.76   	 442.52		
-27.47   	-32.96   	 79.53   	 417.09		
-26.86   	-28.69   	 81.20   	 391.66		
-26.86   	-23.50   	 82.77   	 356.05		
-28.08   	-16.78   	 84.19   	 330.62		
-30.82   	 -9.46   	 85.51   	 310.27		
-32.96   	 -2.44   	 86.75   	 289.93		
-31.13   	  3.97   	 87.91   	 295.01		
-24.41   	 10.68   	 89.09   	 305.19		
-15.87   	 19.23   	 90.32   	 325.53		
-11.60   	 29.30   	 91.62   	 350.97		
-14.04   	 39.98   	 93.02   	 386.57		
-20.45   	 49.44   	 94.57   	 412.00		
-25.02   	 57.68   	 96.22   	 432.35		
-23.19   	 66.83   	 97.94   	 452.69		
-16.48   	 77.82   	 99.76   	 457.78		
-11.90   	 89.72   	101.59   	 462.87		
-14.04   	101.01   	103.44   	 457.78		
-20.75   	110.78   	105.27   	 447.61		
-24.41   	122.38   	107.06   	 437.43		
-18.92   	139.77   	108.81   	 422.18		
 -5.19   	163.57   	110.50   	 401.83		
  7.63   	188.90   	112.11   	 386.57		
 11.90   	210.27   	113.65   	 361.14		
  5.80   	225.52   	115.10   	 340.79		
 -4.27   	238.34   	116.46   	 315.36		
 -9.46   	254.52   	117.72   	 295.01		
 -6.41   	277.10   	118.90   	 274.67		
  1.22   	303.04   	120.00   	 249.24		
  7.32   	325.93   	121.00   	 228.89		
  6.71   	342.10   	121.91   	 198.37		
  0.92   	351.87   	122.71   	 178.03		
 -5.80   	358.89   	123.42   	 142.42		
 -7.93   	365.91   	123.99   	 116.99		
 -3.97   	372.92   	124.46   	  81.38		
  4.58   	378.11   	124.78   	  55.95		
 11.90   	378.42   	125.00   	  25.43		
 13.43   	372.31   	125.11(S)	  -5.09		
  7.93   	361.94   	125.09   	 -30.52		
  0.31   	350.34   	124.96   	 -55.95		
 -2.75   	340.27   	124.74   	 -81.38		
  0.00   	331.42   	124.41   	-111.90		
  5.49   	320.43   	123.97   	-147.51		
  8.24   	304.26   	123.38   	-172.94		
  6.10   	282.29   	122.69   	-213.63		
  0.31   	255.43   	121.83   	-239.06		
 -4.27   	226.44   	120.87   	-269.58		
 -4.27   	198.67   	119.80   	-284.84		
  0.31   	172.42   	118.66   	-289.93		
  6.10   	147.40   	117.50   	-284.84		
  9.77   	122.07   	116.36   	-274.67		
  9.46   	 95.21   	115.26   	-254.32		
  4.58   	 66.53   	114.24   	-233.98		
 -2.14   	 39.06   	113.31   	-213.63		
 -6.41   	 15.87   	112.45   	-188.20		
 -7.02   	 -2.14   	111.70   	-167.85		
 -5.49   	-18.01   	111.03   	-147.51		
 -3.97   	-34.79   	110.44   	-142.42		
 -4.58   	-53.10   	109.87   	-127.16		
 -7.32   	-71.72   	109.36   	-122.07		
-10.68   	-88.20   	108.87   	-111.90		
-14.34   	-100.71   	108.42   	-106.82		
-18.62   	-110.47   	108.00   	-101.73		
-23.50   	-118.41   	107.59   	 -91.56		
-26.55   	-125.43   	107.22   	 -91.56		
-25.63   	-130.31   	106.86   	 -86.47		
-19.84   	-132.45   	106.51   	 -81.38		
-11.29   	-131.53   	106.18   	 -76.30		
 -4.58   	-129.09   	105.88   	 -81.38		
 -2.44   	-126.65   	105.55   	 -76.30		
 -3.97   	-125.73   	105.25   	 -81.38		
 -6.41   	-126.95   	104.92   	 -81.38		
 -8.54   	-129.70   	104.60   	 -81.38		
-10.68   	-131.84   	104.27   	 -76.30		
-13.43   	-132.75   	103.97   	 -76.30		
-15.87   	-131.84   	103.66   	 -76.30		
-16.17   	-129.39   	103.36   	 -71.21		
-13.73   	-127.56   	103.07   	 -71.21		
-10.68   	-127.56   	102.79   	 -76.30		
-10.07   	-128.17   	102.48   	 -71.21		
-12.51   	-127.87   	102.20   	 -76.30		
-15.56   	-125.12   	101.89   	 -86.47		
-18.31   	-120.24   	101.55   	 -91.56		
-20.45   	-114.75   	101.18   	-101.73		
-22.89   	-110.78   	100.77   	-101.73		
-24.41   	-108.64   	100.37   	-116.99		
-21.67   	-107.12   	 99.90   	-111.90		
-14.34   	-105.29   	 99.45   	-122.07		
 -5.19   	-103.15   	 98.96   	-116.99		
  0.61   	-102.54   	 98.49   	-111.90		
 -0.31   	-103.76   	 98.05   	-111.90		
 -4.88   	-105.29   	 97.60   	-106.82		
 -8.24   	-105.90   	 97.17   	-106.82		
 -7.93   	-104.37   	 96.74   	 -96.64		
 -4.27   	-102.23   	 96.36   	 -91.56		
 -1.22   	-101.32   	 95.99   	 -96.64		
 -3.05   	-102.54   	 95.60   	 -86.47		
-10.38   	-105.90   	 95.26   	 -86.47		
-18.62   	-108.95   	 94.91   	 -86.47		
-21.97   	-110.78   	 94.57   	 -81.38		
-16.78   	-112.00   	 94.24   	 -81.38		
 -5.49   	-113.83   	 93.92   	 -76.30		
  4.88   	-116.58   	 93.61   	 -71.21		
  7.02   	-120.54   	 93.33   	 -71.21		
  0.00   	-123.60   	 93.04   	 -66.12		
 -9.16   	-125.12   	 92.78   	 -71.21		
-13.12   	-125.73   	 92.49   	 -66.12		
-10.07   	-126.65   	 92.23   	 -71.21		
 -3.36   	-128.17   	 91.94   	 -71.21		
  1.22   	-129.70   	 91.66   	 -71.21		
  0.61   	-130.62   	 91.37   	 -76.30		
 -2.75   	-130.92   	 91.07   	 -81.38		
 -6.71   	-131.84   	 90.74   	 -76.30		
 -9.77   	-133.97   	 90.44   	 -81.38		
-11.90   	-137.63   	 90.11   	 -81.38		
-12.51   	-141.30   	 89.79   	 -81.38		
 -9.77   	-143.43   	 89.46   	 -81.38		
 -2.75   	-144.04   	 89.13   	 -81.38		
  5.80   	-144.04   	 88.81   	 -81.38		
 10.99   	-144.35   	 88.48   	 -81.38		
  8.24   	-145.26   	 88.16   	 -81.38		
 -0.61   	-146.18   	 87.83   	 -76.30		
 -9.77   	-147.09   	 87.53   	 -81.38		
-11.29   	-148.01   	 87.20   	 -76.30		
 -3.05   	-148.93   	 86.90   	 -76.30		
 10.38   	-149.84   	 86.59   	 -81.38		
 21.06   	-150.76   	 86.27   	 -71.21		
 22.28   	-151.37   	 85.98   	 -76.30		
 14.65   	-151.67   	 85.68   	 -76.30		
  4.58   	-151.98   	 85.37   	 -76.30		
 -0.92   	-152.89   	 85.07   	 -71.21		
 -0.31   	-154.42   	 84.78   	 -76.30		
  3.36   	-155.94   	 84.48   	 -71.21		
  5.49   	-157.17   	 84.19   	 -71.21		
  3.97   	-157.17   	 83.91   	 -66.12		
  0.31   	-155.94   	 83.64   	 -71.21		
 -1.53   	-154.42   	 83.36   	 -71.21		
  0.31   	-152.59   	 83.07   	 -66.12		
  4.27   	-151.06   	 82.81   	 -71.21		
  6.10   	-150.15   	 82.52   	 -71.21		
  4.88   	-149.54   	 82.24   	 -71.21		
  2.44   	-149.84   	 81.95   	 -66.12		
  1.83   	-150.76   	 81.69   	 -71.21		
  4.27   	-151.98   	 81.40   	 -71.21		
  6.71   	-152.59   	 81.12   	 -66.12		
  5.80   	-152.89   	 80.85   	 -66.12		
  1.83   	-152.28   	 80.59   	 -61.04		
 -0.92   	-151.37   	 80.35   	 -61.04		
  0.31   	-149.84   	 80.10   	 -55.95		
  3.36   	-148.01   	 79.88   	 -61.04		
  3.05   	-146.48   	 79.63   	 -50.86		
 -3.05   	-145.57   	 79.43   	 -55.95		
 -9.77   	-145.87   	 79.21   	 -50.86		
-10.68   	-146.48   	 79.00   	 -50.86		
 -3.05   	-146.79   	 78.80   	 -50.86		
  7.32   	-147.09   	 78.60   	 -50.86		
 10.99   	-147.09   	 78.39   	 -45.78		
  2.75   	-147.09   	 78.21   	 -45.78		
-11.90   	-147.09   	 78.03   	 -45.78		
-21.06   	-146.18   	 77.84   	 -40.69		
-15.87   	-144.04   	 77.68   	 -45.78		
  2.44   	-141.30   	 77.50   	 -40.69		
 22.58   	-138.55   	 77.33   	 -35.61		
 32.35   	-136.72   	 77.19   	 -40.69		
 28.38   	-136.11   	 77.03   	 -40.69		
 16.48   	-136.72   	 76.87   	 -35.61		
  6.10   	-137.94   	 76.72   	 -40.69		
  1.83   	-138.55   	 76.56   	 -35.61		
  3.05   	-138.55   	 76.42   	 -35.61		
  5.49   	-138.24   	 76.28   	 -40.69		
  7.02   	-137.02   	 76.11   	 -40.69		
  7.63   	-135.80   	 75.95   	 -35.61		
  8.24   	-134.58   	 75.81   	 -40.69		
  8.85   	-133.67   	 75.65   	 -40.69		
  7.32   	-133.67   	 75.48   	 -40.69		
  3.05   	-133.97   	 75.32   	 -45.78		
 -2.44   	-133.67   	 75.14   	 -40.69		
 -5.80   	-132.45   	 74.97   	 -40.69		
 -3.97   	-129.70   	 74.81   	 -45.78		
  1.53   	-126.95   	 74.63   	 -40.69		
  6.71   	-125.12   	 74.47   	 -45.78		
  7.93   	-124.82   	 74.28   	 -45.78		
  4.88   	-125.43   	 74.10   	 -40.69		
  1.83   	-126.34   	 73.94   	 -45.78		
  3.05   	-126.65   	 73.75   	 -40.69		
  8.54   	-126.34   	 73.59   	 -40.69		
 12.82   	-126.04   	 73.43   	 -40.69		
 10.38   	-125.73   	 73.27   	 -40.69		
  1.53   	-125.12   	 73.10   	 -40.69		
 -7.32   	-124.21   	 72.94   	 -40.69		
 -8.24   	-122.38   	 72.78   	 -35.61		
  1.53   	-120.85   	 72.63   	 -35.61		
 16.78   	-119.02   	 72.49   	 -35.61		
 27.77   	-117.80   	 72.35   	 -35.61		
 26.55   	-116.88   	 72.21   	 -35.61		
 14.34   	-116.58   	 72.06   	 -30.52		
  0.00   	-117.19   	 71.94   	 -35.61		
 -7.02   	-118.10   	 71.80   	 -30.52		
 -3.36   	-119.02   	 71.68   	 -35.61		
  6.10   	-119.63   	 71.54   	 -35.61		
 12.21   	-119.32   	 71.39   	 -30.52		
 11.29   	-118.10   	 71.27   	 -35.61		
  6.71   	-115.05   	 71.13   	 -35.61		
  6.41   	-110.17   	 70.99   	 -30.52		
 12.82   	-104.06   	 70.86   	 -35.61		
 20.75   	-98.57   	 70.72   	 -35.61		
 21.06   	-95.83   	 70.58   	 -35.61		
 10.38   	-96.13   	 70.44   	 -30.52		
 -1.83   	-96.13   	 70.32   	 -35.61		
 -3.36   	-91.55   	 70.17   	 -35.61		
 10.99   	-80.26   	 70.03   	 -35.61		
 33.57   	-64.70   	 69.89   	 -35.61		
 50.66   	-49.13   	 69.75   	 -30.52		
 53.10   	-38.15   	 69.62   	 -35.61		
 44.56   	-31.74   	 69.48   	 -30.52		
 34.18   	-29.30   	 69.36   	 -35.61		
 28.08   	-29.60   	 69.22   	 -30.52		
 26.86   	-31.43   	 69.09   	 -30.52		
 28.99   	-35.10   	 68.97   	 -30.52		
 34.48   	-39.06   	 68.85   	 -30.52		
 44.86   	-43.95   	 68.73   	 -30.52		
 57.68   	-52.19   	 68.61   	 -25.43		
 67.14   	-66.22   	 68.50   	 -30.52		
 68.05   	-84.23   	 68.38   	 -25.43		
 60.73   	-101.32   	 68.28   	 -30.52		
 49.44   	-111.69   	 68.16   	 -30.52		
 40.59   	-112.30   	 68.04   	 -25.43		
 38.45   	-105.90   	 67.93   	 -30.52		
 40.89   	-97.66   	 67.81   	 -30.52		
 44.86   	-91.86   	 67.69   	 -25.43		
 47.00   	-89.42   	 67.59   	 -30.52		
 46.39   	-88.81   	 67.47   	 -30.52		
 44.86   	-87.59   	 67.34   	 -30.52		
 43.95   	-83.92   	 67.22   	 -30.52		
 42.72   	-78.74   	 67.10   	 -30.52		
 39.06   	-74.77   	 66.98   	 -30.52		
 32.35   	-76.90   	 66.86   	 -30.52		
 24.41   	-87.59   	 66.73   	 -30.52		
 17.40   	-105.29   	 66.61   	 -30.52		
 12.21   	-123.60   	 66.49   	 -30.52		
  8.54   	-135.50   	 66.37   	 -30.52		
  3.66   	-137.33   	 66.25   	 -30.52		
 -1.83   	-132.14   	 66.12   	 -30.52		
 -5.80   	-125.73   	 66.00   	 -25.43		
 -2.75   	-119.93   	 65.90   	 -30.52		
  9.77   	-114.14   	 65.78   	 -25.43		
 30.21   	-105.29   	 65.68   	 -20.35		
 48.22   	-95.83   	 65.59   	 -25.43		
 52.49   	-90.64   	 65.49   	 -20.35		
 38.76   	-93.69   	 65.41   	 -25.43		
 13.12   	-103.45   	 65.31   	 -20.35		
-10.07   	-113.22   	 65.23   	 -25.43		
-17.70   	-117.19   	 65.13   	 -20.35		
 -9.16   	-117.80   	 65.05   	 -30.52		
  7.63   	-123.60   	 64.92   	 -25.43		
 21.06   	-137.02   	 64.82   	 -25.43		
 26.55   	-147.40   	 64.72   	 -30.52		
 27.47   	-130.00   	 64.60   	 -30.52		
 32.96   	-55.24   	 64.48   	 -30.52		
 50.96   	 97.96   	 64.35   	 -35.61		
 86.67   	335.08   	 64.21   	 -30.52		
141.91   	648.80   	 64.09   	 -30.52		
213.32   	1021.73   	 63.97   	 -30.52		
294.49   	1420.90   	 63.85   	 -35.61		
372.92   	1786.50   	 63.70   	 -66.12		
461.73   	2027.89(R)	 63.44   	 -30.52		
446.47   	1752.93   	 63.32   	 -35.61		
388.18   	1244.20   	 63.17   	 -30.52		
300.29   	646.67   	 63.05   	 -35.61		
205.38   	138.85   	 62.91   	 -35.61		
127.87   	-164.18   	 62.77   	 -35.61		
 81.48   	-261.23   	 62.62   	 -30.52		
 62.56   	-236.21   	 62.50   	 -35.61		
 55.54   	-187.07   	 62.36   	 -35.61		
 46.69   	-164.18   	 62.22   	 -30.52		
 31.43   	-164.49   	 62.10   	 -35.61		
 15.56   	-161.74   	 61.95   	 -30.52		
  4.58   	-143.13   	 61.83   	 -25.43		
  0.61   	-117.19   	 61.73   	 -20.35		
  0.00   	-99.18   	 61.65   	 -10.17		
 -1.22   	-95.83   	 61.61   	  -5.09		
 -3.05   	-100.71   	 61.59(D)	  15.26		
 -4.58   	-105.59   	 61.65   	  35.61		
 -5.80   	-105.29   	 61.79   	  55.95		
 -8.54   	-99.79   	 62.01   	  91.56		
-13.43   	-93.69   	 62.38   	 127.16		
-18.92   	-89.72   	 62.89   	 167.85		
-20.75   	-88.20   	 63.56   	 208.54		
-17.09   	-86.36   	 64.39   	 254.32		
-10.38   	-83.01   	 65.41   	 300.10		
 -4.58   	-77.51   	 66.61   	 350.97		
 -3.05   	-71.11   	 68.02   	 386.57		
 -6.10   	-65.92   	 69.56   	 417.09		
-10.99   	-61.95   	 71.23   	 452.69		
-15.26   	-57.98   	 73.04   	 462.87		
-18.01   	-53.10   	 74.89   	 478.13		
-18.62   	-46.69   	 76.81   	 467.95		
-15.87   	-39.37   	 78.68   	 462.87		
-10.07   	-32.35   	 80.53   	 442.52		
 -4.27   	-26.25   	 82.30   	 417.09		
 -2.14   	-21.36   	 83.97   	 381.48		
 -6.41   	-16.48   	 85.49   	 345.88		
-13.73   	-10.68   	 86.88   	 315.36		
-18.31   	 -3.66   	 88.14   	 284.84		
-16.48   	  4.27   	 89.28   	 279.75		
 -9.77   	 11.90   	 90.40   	 274.67		
 -3.36   	 19.23   	 91.50   	 295.01		
 -0.92   	 25.63   	 92.68   	 320.45		
 -2.75   	 32.96   	 93.96   	 350.97		
 -5.80   	 41.81   	 95.36   	 386.57		
 -6.41   	 52.49   	 96.91   	 412.00		
 -3.97   	 65.00   	 98.56   	 432.35		
  0.92   	 79.04   	100.28   	 452.69		
  5.80   	 93.08   	102.10   	 452.69		
  8.85   	106.20   	103.91   	 457.78		
  8.85   	118.10   	105.74   	 452.69		
  6.10   	129.70   	107.55   	 447.61		
  3.66   	143.13   	109.34   	 427.26		
  3.97   	159.91   	111.05   	 412.00		
  7.32   	178.83   	112.70   	 401.83		
 12.21   	198.06   	114.30   	 376.40		
 15.26   	217.29   	115.81   	 361.14		
 15.26   	236.51   	117.25   	 335.71		
 12.51   	257.87   	118.60   	 315.36		
  8.85   	280.46   	119.86   	 295.01		
  6.41   	303.04   	121.04   	 269.58		
  7.02   	323.49   	122.12   	 244.15		
 11.60   	341.19   	123.09   	 223.80		
 19.84   	355.83   	123.99   	 188.20		
 28.08   	368.04   	124.74   	 162.77		
 31.74   	376.89   	125.39   	 132.25		
 28.38   	381.77   	125.92   	 101.73		
 20.75   	383.30   	126.33   	  71.21		
 15.26   	383.30   	126.61   	  30.52		
 14.65   	382.39   	126.73(S)	  -5.09		
 18.01   	380.25   	126.71   	 -40.69		
 21.06   	375.67   	126.55   	 -76.30		
 21.06   	367.13   	126.25   	-111.90		
 19.23   	354.61   	125.80   	-147.51		
 18.31   	339.05   	125.21   	-172.94		
 18.92   	321.35   	124.52   	-203.46		
 19.84   	301.21   	123.70   	-223.80		
 19.84   	279.24   	122.81   	-244.15		
 18.62   	255.13   	121.83   	-249.24		
 15.87   	229.19   	120.83   	-259.41		
 10.38   	202.94   	119.80   	-254.32		
  3.05   	176.70   	118.78   	-254.32		
 -3.05   	151.98   	117.76   	-239.06		
 -3.97   	128.17   	116.81   	-228.89		
  1.53   	104.98   	115.89   	-213.63		
  9.16   	 80.87   	115.04   	-198.37		
 12.51   	 55.54   	114.24   	-178.03		
  9.46   	 29.30   	113.53   	-157.68		
  2.14   	  3.36   	112.90   	-147.51		
 -4.27   	-19.84   	112.31   	-132.25		
 -7.93   	-39.67   	111.78   	-122.07		
 -9.77   	-55.85   	111.29   	-122.07		
-13.12   	-69.27   	110.80   	-111.90		
-17.70   	-80.57   	110.36   	-106.82		
-22.28   	-90.33   	109.93   	-111.90		
-24.41   	-99.18   	109.48   	-106.82		
-23.50   	-106.51   	109.05   	-106.82		
-20.45   	-112.61   	108.63   	-106.82		
-17.70   	-117.49   	108.20   	-106.82		
-16.48   	-122.07   	107.77   	-101.73		
-18.31   	-125.73   	107.36   	 -96.64		
-23.80   	-128.48   	106.98   	 -96.64		
-31.13   	-129.70   	106.59   	 -91.56		
-36.01   	-128.78   	106.23   	 -91.56		
-34.48   	-126.65   	105.86   	 -86.47		
-27.47   	-125.12   	105.51   	 -86.47		
-19.84   	-125.12   	105.17   	 -86.47		
-18.01   	-126.04   	104.82   	 -81.38		
-24.11   	-126.65   	104.50   	 -81.38		
-33.26   	-126.04   	104.17   	 -81.38		
-38.15   	-123.29   	103.84   	 -86.47		
-36.32   	-119.93   	103.50   	 -81.38		
-30.52   	-116.88   	103.17   	 -86.47		
-26.55   	-115.05   	102.83   	 -91.56		
-26.86   	-113.83   	102.46   	 -91.56		
-30.82   	-113.22   	102.10   	 -96.64		
-35.71   	-112.92   	101.71   	-101.73		
-39.06   	-112.61   	101.30   	-101.73		
-39.98   	-112.00   	100.89   	-106.82		
-38.76   	-110.47   	100.47   	-106.82		
-34.79   	-107.73   	100.04   	-111.90		
-29.91   	-104.98   	 99.59   	-111.90		
-25.94   	-103.45   	 99.15   	-116.99		
-25.33   	-103.76   	 98.68   	-106.82		
-27.77   	-105.90   	 98.25   	-111.90		
-32.65   	-108.34   	 97.80   	-106.82		
-38.15   	-110.78   	 97.37   	-101.73		
-40.59   	-112.61   	 96.97   	-106.82		
-38.45   	-114.14   	 96.54   	 -96.64		
-31.74   	-115.05   	 96.15   	-101.73		
-23.50   	-115.05   	 95.75   	 -96.64		
-18.31   	-114.75   	 95.36   	 -91.56		
-19.53   	-115.66   	 94.99   	 -96.64		
-25.63   	-118.71   	 94.61   	 -91.56		
-32.35   	-123.29   	 94.24   	 -91.56		
-36.32   	-128.17   	 93.88   	 -86.47		
-36.32   	-133.36   	 93.53   	 -91.56		
-34.48   	-138.24   	 93.16   	 -86.47		
-31.74   	-142.82   	 92.82   	 -86.47		
-29.30   	-146.48   	 92.47   	 -86.47		
-26.55   	-149.54   	 92.13   	 -86.47		
-24.41   	-151.37   	 91.78   	 -81.38		
-24.11   	-152.59   	 91.45   	 -86.47		
-27.47   	-153.20   	 91.11   	 -81.38		
-32.65   	-153.50   	 90.78   	 -81.38		
-36.01   	-153.50   	 90.46   	 -81.38		
-35.10   	-153.81   	 90.13   	 -81.38		
-28.99   	-155.64   	 89.81   	 -81.38		
-19.84   	-159.61   	 89.48   	 -81.38		
-13.12   	-165.41   	 89.16   	 -81.38		
-12.21   	-172.12   	 88.83   	 -81.38		
-16.78   	-177.31   	 88.50   	 -81.38		
-23.19   	-180.66   	 88.18   	 -81.38		
-27.47   	-180.66   	 87.85   	 -81.38		
-28.38   	-178.53   	 87.53   	 -81.38		
-28.08   	-176.70   	 87.20   	 -81.38		
-29.60   	-177.00   	 86.88   	 -81.38		
-32.65   	-179.14   	 86.55   	 -81.38		
-33.87   	-180.97   	 86.23   	 -81.38		
-31.13   	-180.66   	 85.90   	 -86.47		
-25.33   	-177.31   	 85.55   	 -81.38		
-19.84   	-173.03   	 85.23   	 -81.38		
-18.01   	-170.29   	 84.90   	 -81.38		
-18.31   	-169.37   	 84.58   	 -81.38		
-17.70   	-168.46   	 84.25   	 -76.30		
-14.04   	-166.02   	 83.95   	 -76.30		
 -9.16   	-162.66   	 83.64   	 -81.38		
 -7.63   	-160.52   	 83.32   	 -71.21		
-10.68   	-162.05   	 83.03   	 -76.30		
-16.48   	-166.63   	 82.73   	 -71.21		
-21.97   	-171.51   	 82.44   	 -71.21		
-25.63   	-173.65   	 82.16   	 -66.12		
-28.08   	-171.81   	 81.89   	 -71.21		
-29.60   	-167.54   	 81.61   	 -66.12		
-28.38   	-164.18   	 81.34   	 -66.12		
-23.80   	-163.88   	 81.08   	 -61.04		
-16.48   	-166.93   	 80.83   	 -61.04		
-10.07   	-171.20   	 80.59   	 -61.04		
 -9.16   	-173.65   	 80.35   	 -61.04		
-13.43   	-171.81   	 80.10   	 -61.04		
-18.92   	-165.71   	 79.86   	 -55.95		
-21.67   	-158.69   	 79.63   	 -55.95		
-20.75   	-154.42   	 79.41   	 -61.04		
-19.23   	-155.64   	 79.17   	 -55.95		
-20.14   	-160.83   	 78.94   	 -55.95		
-22.58   	-165.41   	 78.72   	 -55.95		
-24.41   	-166.63   	 78.49   	 -50.86		
-22.58   	-163.57   	 78.29   	 -55.95		
-17.70   	-159.00   	 78.07   	 -55.95		
-13.12   	-155.03   	 77.84   	 -55.95		
-12.51   	-152.59   	 77.62   	 -50.86		
-16.48   	-151.06   	 77.42   	 -50.86		
-21.67   	-148.93   	 77.21   	 -50.86		
-23.19   	-146.18   	 77.01   	 -45.78		
-19.53   	-142.52   	 76.83   	 -50.86		
-13.12   	-139.47   	 76.62   	 -45.78		
 -8.85   	-138.85   	 76.44   	 -45.78		
 -9.46   	-140.99   	 76.26   	 -45.78		
-12.82   	-145.57   	 76.07   	 -40.69		
-14.95   	-150.76   	 75.91   	 -40.69		
-14.04   	-154.11   	 75.75   	 -40.69		
-13.73   	-154.72   	 75.58   	 -45.78		
-15.87   	-151.67   	 75.40   	 -40.69		
-19.53   	-145.87   	 75.24   	 -45.78		
-21.36   	-139.47   	 75.06   	 -45.78		
-18.31   	-134.28   	 74.87   	 -45.78		
-11.60   	-131.53   	 74.69   	 -45.78		
 -6.10   	-131.53   	 74.51   	 -45.78		
 -6.10   	-133.97   	 74.32   	 -45.78		
-10.38   	-137.33   	 74.14   	 -45.78		
-14.65   	-139.77   	 73.96   	 -50.86		
-15.26   	-139.16   	 73.75   	 -40.69		
-11.29   	-135.19   	 73.59   	 -45.78		
 -6.41   	-129.09   	 73.41   	 -45.78		
 -4.88   	-124.21   	 73.22   	 -40.69		
 -8.24   	-122.38   	 73.06   	 -45.78		
-14.34   	-122.99   	 72.88   	 -40.69		
-19.23   	-122.99   	 72.72   	 -40.69		
-19.53   	-119.93   	 72.55   	 -40.69		
-14.34   	-114.75   	 72.39   	 -40.69		
 -6.41   	-111.39   	 72.23   	 -40.69		
 -0.31   	-112.30   	 72.06   	 -40.69		
  1.53   	-117.19   	 71.90   	 -45.78		
 -2.44   	-122.99   	 71.72   	 -40.69		
 -9.16   	-125.73   	 71.56   	 -40.69		
-14.04   	-123.60   	 71.39   	 -40.69		
-13.43   	-116.88   	 71.23   	 -40.69		
 -9.16   	-109.56   	 71.07   	 -40.69		
 -4.88   	-103.45   	 70.91   	 -40.69		
 -3.97   	-100.71   	 70.74   	 -40.69		
 -6.41   	-100.40   	 70.58   	 -40.69		
 -9.16   	-99.79   	 70.42   	 -35.61		
 -9.16   	-97.96   	 70.27   	 -40.69		
 -6.71   	-95.52   	 70.11   	 -35.61		
 -3.05   	-92.47   	 69.97   	 -35.61		
  1.83   	-85.75   	 69.83   	 -40.69		
  6.71   	-72.94   	 69.66   	 -35.61		
  9.77   	-54.63   	 69.52   	 -35.61		
  9.16   	-36.62   	 69.38   	 -30.52		
  6.41   	-25.63   	 69.26   	 -35.61		
  6.41   	-24.11   	 69.11   	 -35.61		
 13.12   	-27.77   	 68.97   	 -30.52		
 24.41   	-30.52   	 68.85   	 -35.61		
 33.57   	-28.99   	 68.71   	 -30.52		
 35.10   	-26.25   	 68.59   	 -30.52		
 32.04   	-27.47   	 68.46   	 -30.52		
 31.74   	-36.32   	 68.34   	 -30.52		
 37.23   	-54.32   	 68.22   	 -30.52		
 43.64   	-78.43   	 68.10   	 -30.52		
 43.33   	-101.93   	 67.98   	 -25.43		
 33.87   	-117.49   	 67.87   	 -35.61		
 21.06   	-120.85   	 67.73   	 -30.52		
 14.34   	-112.00   	 67.61   	 -30.52		
 17.09   	-97.66   	 67.49   	 -30.52		
 24.72   	-86.06   	 67.36   	 -30.52		
 30.82   	-81.18   	 67.24   	 -30.52		
 31.43   	-80.57   	 67.12   	 -30.52		
 27.77   	-79.65   	 67.00   	 -30.52		
 23.19   	-76.29   	 66.88   	 -30.52		
 18.62   	-71.11   	 66.75   	 -25.43		
 13.43   	-67.44   	 66.65   	 -30.52		
  7.32   	-68.97   	 66.53   	 -30.52		
  1.53   	-75.68   	 66.41   	 -30.52		
 -2.75   	-86.98   	 66.29   	 -25.43		
 -5.49   	-100.40   	 66.18   	 -30.52		
 -7.32   	-112.92   	 66.06   	 -30.52		
 -8.24   	-121.15   	 65.94   	 -25.43		
 -8.54   	-123.90   	 65.84   	 -30.52		
 -6.41   	-122.38   	 65.72   	 -30.52		
 -3.05   	-119.63   	 65.59   	 -25.43		
 -0.92   	-118.41   	 65.49   	 -30.52		
 -2.14   	-118.41   	 65.37   	 -25.43		
 -4.88   	-116.88   	 65.27   	 -30.52		
 -7.32   	-112.61   	 65.15   	 -25.43		
 -7.63   	-106.51   	 65.05   	 -30.52		
 -5.80   	-100.71   	 64.92   	 -30.52		
 -3.05   	-96.44   	 64.80   	 -25.43		
 -0.61   	-94.30   	 64.70   	 -30.52		
 -0.31   	-96.74   	 64.58   	 -35.61		
 -3.05   	-107.73   	 64.44   	 -30.52		
 -7.93   	-126.95   	 64.31   	 -35.61		
-11.60   	-144.35   	 64.17   	 -30.52		
 -9.46   	-138.55   	 64.05   	 -35.61		
  3.36   	-81.79   	 63.91   	 -40.69		
 29.30   	 48.83   	 63.74   	 -35.61		
 66.83   	260.31   	 63.60   	 -35.61		
112.92   	546.88   	 63.46   	 -35.61		
164.18   	894.17   	 63.32   	 -35.61		
217.29   	1278.38   	 63.17   	 -30.52		
267.94   	1658.02   	 63.05   	 -66.12		
340.58   	2053.22(R)	 62.79   	 -30.52		
343.02   	1874.08   	 62.67   	 -25.43		
310.97   	1419.07   	 62.56   	 -30.52		
248.41   	806.88   	 62.44   	 -30.52		
170.59   	227.97   	 62.32   	 -30.52		
100.40   	-158.39   	 62.20   	 -30.52		
 53.41   	-307.62   	 62.08   	 -30.52		
 31.13   	-288.70   	 61.95   	 -30.52		
 23.19   	-213.62   	 61.83   	 -30.52		
 17.70   	-161.13   	 61.71   	 -30.52		
  9.46   	-148.01   	 61.59   	 -30.52		
  0.92   	-151.37   	 61.46   	 -25.43		
 -5.19   	-147.40   	 61.36   	 -25.43		
 -8.24   	-131.53   	 61.26   	 -20.35		
-10.38   	-112.00   	 61.18   	 -15.26		
-12.82   	-97.66   	 61.12   	  -5.09		
-15.87   	-91.25   	 61.10(D)	   5.09		
-18.92   	-91.86   	 61.12   	  20.35		
-22.89   	-95.83   	 61.20   	  40.69		
-27.47   	-98.27   	 61.36   	  66.12		
-31.13   	-97.35   	 61.63   	 101.73		
-29.60   	-92.77   	 62.03   	 137.33		
-21.97   	-86.36   	 62.58   	 178.03		
-12.51   	-80.87   	 63.30   	 223.80		
 -6.41   	-77.21   	 64.19   	 269.58		
 -7.63   	-74.77   	 65.27   	 320.45		
-13.73   	-72.02   	 66.55   	 361.14		
-18.31   	-67.44   	 68.00   	 401.83		
-17.09   	-58.59   	 69.60   	 437.43		
-10.07   	-45.78   	 71.35   	 462.87		
 -2.75   	-31.74   	 73.20   	 478.13		
  0.61   	-20.14   	 75.12   	 488.30		
 -0.92   	-14.34   	 77.07   	 478.13		
 -6.10   	-14.34   	 78.98   	 467.95		
-10.68   	-16.48   	 80.85   	 442.52		
-11.90   	-15.87   	 82.62   	 412.00		
 -9.16   	-10.07   	 84.27   	 376.40		
 -4.88   	 -1.22   	 85.78   	 345.88		
 -0.92   	  7.63   	 87.16   	 315.36		
  0.61   	 14.34   	 88.42   	 300.10		
  0.00   	 19.23   	 89.62   	 295.01		
 -0.61   	 24.72   	 90.80   	 305.19		
  1.22   	 32.35   	 92.02   	 320.45		
  5.49   	 42.11   	 93.31   	 350.97		
 11.60   	 53.10   	 94.71   	 381.48		
 18.31   	 64.09   	 96.24   	 406.92		
 23.19   	 75.68   	 97.86   	 427.26		
 25.02   	 87.59   	 99.57   	 442.52		
 22.28   	 97.96   	101.34   	 447.61		
 15.26   	106.51   	103.13   	 442.52		
  6.41   	114.14   	104.90   	 432.35		
  0.92   	124.51   	106.63   	 417.09		
  3.97   	140.69   	108.30   	 396.74		
 16.48   	162.35   	109.89   	 376.40		
 32.04   	185.55   	111.39   	 356.05		
 40.59   	205.69   	112.82   	 330.62		
 37.23   	221.25   	114.14   	 315.36		
 26.25   	235.29   	115.40   	 295.01		
 17.09   	251.16   	116.58   	 279.75		
 17.09   	271.30   	117.70   	 264.50		
 25.63   	294.19   	118.76   	 239.06		
 35.40   	316.77   	119.71   	 228.89		
 40.28   	337.22   	120.63   	 203.46		
 38.76   	354.31   	121.44   	 183.11		
 34.18   	368.04   	122.18   	 157.68		
 29.91   	378.72   	122.81   	 132.25		
 27.77   	386.96   	123.34   	 106.82		
 27.16   	392.76   	123.76   	  76.30		
 27.47   	395.81   	124.07   	  50.86		
 28.38   	395.81   	124.27   	  15.26		
 30.21   	393.07   	124.33(S)	 -10.17		
 32.96   	389.10   	124.29   	 -40.69		
 36.93   	384.22   	124.13   	 -66.12		
 39.98   	377.20   	123.87   	-101.73		
 40.59   	365.60   	123.46   	-127.16		
 39.06   	349.12   	122.95   	-147.51		
 36.62   	328.67   	122.36   	-172.94		
 35.71   	308.23   	121.67   	-188.20		
 38.15   	290.22   	120.92   	-198.37		
 40.89   	272.83   	120.12   	-208.54		
 39.98   	251.16   	119.29   	-208.54		
 33.57   	222.78   	118.45   	-208.54		
 23.19   	188.29   	117.62   	-203.46		
 14.34   	153.20   	116.81   	-188.20		
 10.68   	122.68   	116.05   	-183.11		
 11.90   	 98.88   	115.32   	-162.77		
 13.73   	 78.43   	114.67   	-157.68		
 12.82   	 56.46   	114.04   	-137.33		
  9.77   	 32.04   	113.49   	-132.25		
  7.32   	  6.71   	112.96   	-122.07		
  8.24   	-15.56   	112.47   	-111.90		
 10.99   	-33.26   	112.02   	-111.90		
 12.51   	-47.00   	111.58   	-106.82		
 10.07   	-58.59   	111.15   	-106.82		
  4.58   	-69.89   	110.72   	-106.82		
 -1.53   	-79.96   	110.29   	-111.90		
 -5.80   	-87.28   	109.85   	-106.82		
 -7.93   	-92.77   	109.42   	-111.90		
 -8.24   	-96.74   	108.97   	-111.90		
 -7.02   	-100.10   	108.52   	-111.90		
 -3.66   	-102.84   	108.08   	-111.90		
  1.22   	-103.76   	107.63   	-101.73		
  5.49   	-102.54   	107.22   	-101.73		
  6.10   	-99.79   	106.82   	 -96.64		
  2.44   	-97.66   	106.43   	 -91.56		
 -3.05   	-97.05   	106.06   	 -81.38		
 -6.41   	-97.96   	105.74   	 -86.47		
 -5.19   	-98.57   	105.39   	 -76.30		
 -0.31   	-97.66   	105.09   	 -81.38		
  4.88   	-94.91   	104.76   	 -81.38		
  7.63   	-91.86   	104.43   	 -81.38		
  6.10   	-89.42   	104.11   	 -86.47		
  1.53   	-88.50   	103.76   	 -91.56		
 -3.97   	-87.89   	103.40   	 -96.64		
 -9.16   	-85.75   	103.01   	-106.82		
-12.21   	-82.09   	102.58   	-106.82		
-11.90   	-77.51   	102.16   	-111.90		
 -7.32   	-74.16   	101.71   	-116.99		
  0.92   	-72.02   	101.24   	-127.16		
  8.85   	-71.41   	100.73   	-127.16		
 12.21   	-70.80   	100.22   	-127.16		
  9.46   	-69.89   	 99.71   	-132.25		
  3.97   	-68.66   	 99.19   	-137.33		
  0.61   	-67.75   	 98.64   	-132.25		
  2.14   	-67.75   	 98.11   	-132.25		
  6.41   	-68.97   	 97.58   	-127.16		
  8.24   	-72.02   	 97.07   	-122.07		
  5.49   	-75.38   	 96.58   	-122.07		
  0.00   	-77.82   	 96.09   	-111.90		
 -3.66   	-79.04   	 95.65   	-111.90		
 -3.36   	-79.35   	 95.20   	-101.73		
 -0.61   	-79.96   	 94.79   	 -96.64		
  1.83   	-81.79   	 94.40   	 -91.56		
  1.22   	-83.92   	 94.04   	 -86.47		
 -1.83   	-86.98   	 93.69   	 -81.38		
 -5.80   	-91.25   	 93.37   	 -76.30		
-10.38   	-96.74   	 93.06   	 -71.21		
-15.87   	-102.84   	 92.78   	 -66.12		
-21.97   	-108.64   	 92.51   	 -66.12		
-25.63   	-112.30   	 92.25   	 -66.12		
-23.50   	-114.75   	 91.98   	 -61.04		
-14.04   	-116.58   	 91.74   	 -61.04		
 -1.22   	-118.71   	 91.50   	 -55.95		
  7.63   	-121.77   	 91.27   	 -55.95		
  6.71   	-126.04   	 91.05   	 -55.95		
 -3.36   	-131.84   	 90.82   	 -61.04		
-15.87   	-137.94   	 90.58   	 -55.95		
-24.11   	-143.13   	 90.36   	 -61.04		
-24.11   	-145.87   	 90.11   	 -61.04		
-18.62   	-146.79   	 89.87   	 -66.12		
-13.12   	-147.09   	 89.60   	 -66.12		
-11.60   	-148.93   	 89.34   	 -66.12		
-13.73   	-152.59   	 89.07   	 -71.21		
-16.48   	-155.94   	 88.79   	 -66.12		
-17.40   	-158.08   	 88.52   	 -76.30		
-16.48   	-158.08   	 88.22   	 -71.21		
-15.87   	-158.39   	 87.93   	 -76.30		
-18.31   	-160.22   	 87.63   	 -76.30		
-23.80   	-162.96   	 87.32   	 -76.30		
-29.30   	-164.49   	 87.02   	 -76.30		
-30.82   	-164.49   	 86.71   	 -76.30		
-26.55   	-162.96   	 86.41   	 -81.38		
-20.14   	-161.74   	 86.08   	 -81.38		
-14.65   	-160.52   	 85.76   	 -81.38		
-13.12   	-158.69   	 85.43   	 -76.30		
-14.04   	-156.25   	 85.13   	 -81.38		
-15.26   	-154.11   	 84.80   	 -81.38		
-15.87   	-154.42   	 84.48   	 -76.30		
-18.31   	-157.47   	 84.17   	 -76.30		
-23.50   	-161.74   	 83.87   	 -76.30		
-29.60   	-164.79   	 83.56   	 -76.30		
-31.13   	-165.10   	 83.26   	 -66.12		
-26.25   	-162.35   	 82.99   	 -71.21		
-17.70   	-157.78   	 82.71   	 -66.12		
-10.99   	-153.81   	 82.44   	 -66.12		
-11.90   	-151.98   	 82.18   	 -66.12		
-19.53   	-152.89   	 81.91   	 -61.04		
-29.60   	-155.64   	 81.67   	 -55.95		
-36.62   	-157.47   	 81.44   	 -61.04		
-36.93   	-156.86   	 81.20   	 -55.95		
-30.82   	-153.81   	 80.98   	 -61.04		
-21.36   	-149.23   	 80.73   	 -55.95		
-14.04   	-145.57   	 80.51   	 -55.95		
-12.51   	-143.13   	 80.28   	 -50.86		
-16.48   	-141.91   	 80.08   	 -55.95		
-21.97   	-140.99   	 79.86   	 -50.86		
-25.02   	-139.77   	 79.65   	 -50.86		
-23.80   	-137.94   	 79.45   	 -45.78		
-20.14   	-135.80   	 79.27   	 -50.86		
-16.48   	-133.67   	 79.06   	 -45.78		
-14.34   	-131.84   	 78.88   	 -45.78		
-14.65   	-130.62   	 78.70   	 -50.86		
-17.09   	-130.31   	 78.49   	 -45.78		
-19.84   	-129.70   	 78.31   	 -50.86		
-20.45   	-128.17   	 78.11   	 -50.86		
-15.87   	-125.12   	 77.90   	 -45.78		
 -6.41   	-121.15   	 77.72   	 -55.95		
  3.05   	-117.19   	 77.50   	 -50.86		
  8.24   	-113.83   	 77.29   	 -45.78		
  7.63   	-111.39   	 77.11   	 -50.86		
  3.05   	-110.17   	 76.91   	 -50.86		
 -2.14   	-110.78   	 76.70   	 -45.78		
 -7.02   	-113.83   	 76.52   	 -40.69		
-10.99   	-118.10   	 76.36   	 -45.78		
-14.04   	-121.15   	 76.17   	 -40.69		
-15.26   	-120.85   	 76.01   	 -40.69		
-14.65   	-116.88   	 75.85   	 -40.69		
-13.43   	-111.69   	 75.69   	 -40.69		
-13.43   	-108.03   	 75.52   	 -45.78		
-14.04   	-108.03   	 75.34   	 -40.69		
-12.51   	-109.25   	 75.18   	 -40.69		
 -5.80   	-109.56   	 75.01   	 -40.69		
  5.49   	-106.51   	 74.85   	 -40.69		
 16.48   	-101.62   	 74.69   	 -40.69		
 21.36   	-97.66   	 74.53   	 -40.69		
 18.01   	-96.44   	 74.36   	 -40.69		
  9.16   	-97.66   	 74.20   	 -40.69		
  0.92   	-98.88   	 74.04   	 -45.78		
 -2.14   	-97.35   	 73.86   	 -40.69		
  0.31   	-92.47   	 73.69   	 -40.69		
  4.27   	-86.06   	 73.53   	 -40.69		
  7.32   	-80.26   	 73.37   	 -40.69		
  8.24   	-76.90   	 73.20   	 -45.78		
  7.63   	-75.07   	 73.02   	 -35.61		
  7.32   	-73.85   	 72.88   	 -40.69		
  5.80   	-71.41   	 72.72   	 -35.61		
  3.05   	-65.92   	 72.57   	 -35.61		
  0.31   	-55.85   	 72.43   	 -35.61		
 -0.61   	-42.42   	 72.29   	 -35.61		
  3.97   	-28.99   	 72.15   	 -35.61		
 13.12   	-19.84   	 72.00   	 -30.52		
 23.80   	-17.70   	 71.88   	 -35.61		
 29.91   	-20.75   	 71.74   	 -35.61		
 29.30   	-24.72   	 71.60   	 -30.52		
 24.41   	-25.63   	 71.47   	 -35.61		
 21.06   	-23.80   	 71.33   	 -30.52		
 23.80   	-23.19   	 71.21   	 -35.61		
 31.13   	-29.30   	 71.07   	 -35.61		
 37.23   	-44.56   	 70.93   	 -35.61		
 36.93   	-66.53   	 70.78   	 -35.61		
 28.08   	-88.20   	 70.64   	 -40.69		
 15.56   	-102.84   	 70.48   	 -35.61		
  5.80   	-106.51   	 70.34   	 -40.69		
  3.36   	-101.32   	 70.17   	 -35.61		
  7.63   	-93.08   	 70.03   	 -40.69		
 14.34   	-86.98   	 69.87   	 -40.69		
 18.01   	-85.75   	 69.70   	 -35.61		
 14.65   	-87.89   	 69.56   	 -40.69		
  5.19   	-89.42   	 69.40   	 -35.61		
 -4.58   	-88.20   	 69.26   	 -40.69		
-10.38   	-84.23   	 69.09   	 -35.61		
-10.38   	-80.26   	 68.95   	 -35.61		
 -8.24   	-80.87   	 68.81   	 -35.61		
 -8.85   	-88.20   	 68.67   	 -30.52		
-14.34   	-101.62   	 68.55   	 -35.61		
-23.19   	-117.19   	 68.40   	 -30.52		
-30.52   	-129.39   	 68.28   	 -35.61		
-33.26   	-134.89   	 68.14   	 -30.52		
-31.74   	-133.67   	 68.02   	 -30.52		
-28.99   	-129.70   	 67.89   	 -30.52		
-28.99   	-126.34   	 67.77   	 -30.52		
-32.04   	-124.21   	 67.65   	 -25.43		
-35.10   	-123.29   	 67.55   	 -30.52		
-34.18   	-122.68   	 67.43   	 -25.43		
-28.99   	-121.15   	 67.32   	 -25.43		
-23.80   	-120.24   	 67.22   	 -20.35		
-23.19   	-119.32   	 67.14   	 -25.43		
-28.69   	-118.41   	 67.04   	 -25.43		
-36.93   	-116.58   	 66.94   	 -30.52		
-42.42   	-116.27   	 66.82   	 -25.43		
-42.42   	-121.77   	 66.71   	 -25.43		
-38.45   	-134.28   	 66.61   	 -30.52		
-32.04   	-145.26   	 66.49   	 -30.52		
-24.72   	-136.72   	 66.37   	 -30.52		
-14.95   	-83.62   	 66.25   	 -30.52		
 -0.31   	 35.71   	 66.12   	 -35.61		
 22.58   	231.32   	 65.98   	 -30.52		
 56.46   	501.71   	 65.86   	 -30.52		
103.15   	835.27   	 65.74   	 -30.52		
160.83   	1211.85   	 65.62   	 -30.52		
221.56   	1589.36   	 65.49   	 -61.04		
305.79   	1993.10(R)	 65.25   	 -35.61		
303.96   	1823.73   	 65.11   	 -30.52		
266.42   	1381.84   	 64.98   	 -30.52		
201.72   	783.08   	 64.86   	 -30.52		
127.87   	215.76   	 64.74   	 -35.61		
 64.09   	-162.66   	 64.60   	 -35.61		
 21.97   	-309.14   	 64.46   	 -35.61		
  0.61   	-292.66   	 64.31   	 -30.52		
 -9.46   	-222.78   	 64.19   	 -35.61		
-16.48   	-175.17   	 64.05   	 -35.61		
-22.58   	-162.66   	 63.91   	 -35.61		
-25.33   	-161.44   	 63.76   	 -35.61		
-23.80   	-149.54   	 63.62   	 -30.52		
-19.84   	-127.87   	 63.50   	 -25.43		
-18.31   	-108.95   	 63.40   	 -25.43		
-21.36   	-101.01   	 63.30   	 -10.17		
-27.16   	-102.23   	 63.26(D)	   0.00		
-32.65   	-106.51   	 63.26   	  15.26		
-36.32   	-107.73   	 63.32   	  35.61		
-38.15   	-104.68   	 63.46   	  61.04		
-39.67   	-98.57   	 63.70   	  96.64		
-41.50   	-93.08   	 64.09   	 132.25		
-43.64   	-90.33   	 64.62   	 167.85		
-45.17   	-89.72   	 65.29   	 218.72		
-45.47   	-87.89   	 66.16   	 254.32		
-44.56   	-83.31   	 67.18   	 305.19		
-44.25   	-76.29   	 68.40   	 345.88		
-46.39   	-68.66   	 69.79   	 381.48		
-49.44   	-61.34   	 71.31   	 412.00		
-50.05   	-55.54   	 72.96   	 437.43		
-44.25   	-50.35   	 74.71   	 452.69		
-33.87   	-45.47   	 76.52   	 457.78		
-24.11   	-40.59   	 78.35   	 457.78		
-20.75   	-36.01   	 80.18   	 447.61		
-24.41   	-30.52   	 81.97   	 432.35		
-31.43   	-24.41   	 83.70   	 401.83		
-36.62   	-18.01   	 85.31   	 366.22		
-37.84   	-11.60   	 86.77   	 335.71		
-37.23   	 -5.49   	 88.12   	 310.27		
-36.62   	  0.31   	 89.36   	 289.93		
-36.01   	  6.71   	 90.52   	 284.84		
-33.87   	 14.65   	 91.66   	 289.93		
-29.60   	 24.11   	 92.82   	 310.27		
-24.72   	 33.87   	 94.06   	 335.71		
-22.58   	 43.64   	 95.40   	 366.22		
-24.41   	 53.10   	 96.87   	 401.83		
-29.91   	 61.34   	 98.47   	 427.26		
-35.10   	 69.27   	100.18   	 442.52		
-36.01   	 78.43   	101.95   	 457.78		
-29.91   	 90.03   	103.78   	 462.87		
-18.92   	104.68   	105.64   	 452.69		
 -9.16   	121.46   	107.45   	 452.69		
 -6.10   	139.47   	109.26   	 437.43		
 -9.46   	157.78   	111.01   	 422.18		
-13.43   	176.39   	112.70   	 401.83		
-12.51   	195.31   	114.30   	 386.57		
 -5.80   	214.23   	115.85   	 371.31		
  1.83   	233.76   	117.33   	 350.97		
  5.49   	253.30   	118.74   	 335.71		
  4.27   	273.74   	120.08   	 310.27		
  1.83   	295.10   	121.32   	 295.01		
  0.92   	316.47   	122.50   	 269.58		
  1.53   	335.69   	123.58   	 249.24		
  1.53   	351.56   	124.58   	 228.89		
 -0.31   	364.69   	125.49   	 203.46		
 -2.14   	375.06   	126.31   	 178.03		
 -0.61   	383.00   	127.02   	 152.59		
  5.19   	389.10   	127.63   	 127.16		
 12.51   	392.76   	128.14   	  96.64		
 17.09   	393.98   	128.52   	  66.12		
 16.48   	392.76   	128.79   	  35.61		
 12.21   	388.49   	128.93   	   5.09		
  8.54   	380.55   	128.95(S)	 -35.61		
  7.93   	368.96   	128.81   	 -66.12		
 10.07   	354.00   	128.54   	-101.73		
 10.99   	336.91   	128.14   	-137.33		
  9.16   	317.99   	127.59   	-172.94		
  3.97   	296.63   	126.90   	-198.37		
 -2.14   	272.52   	126.10   	-218.72		
 -6.71   	245.67   	125.23   	-244.15		
 -9.16   	217.29   	124.25   	-254.32		
-10.38   	188.90   	123.23   	-259.41		
-10.38   	161.74   	122.20   	-259.41		
-10.07   	135.50   	121.16   	-254.32		
 -9.77   	109.86   	120.14   	-244.15		
-10.07   	 83.62   	119.17   	-233.98		
-11.29   	 57.37   	118.23   	-213.63		
-13.73   	 32.35   	117.37   	-198.37		
-17.40   	  8.54   	116.58   	-183.11		
-22.58   	-13.43   	115.85   	-167.85		
-28.38   	-33.87   	115.18   	-152.59		
-33.87   	-52.80   	114.57   	-142.42		
-38.45   	-69.27   	114.00   	-132.25		
-40.89   	-83.31   	113.47   	-127.16		
-41.20   	-94.91   	112.96   	-116.99		
-39.98   	-104.06   	112.49   	-116.99		
-38.76   	-111.39   	112.02   	-116.99		
-38.76   	-116.58   	111.56   	-111.90		
-39.37   	-120.85   	111.11   	-111.90		
-41.81   	-125.43   	110.66   	-106.82		
-46.69   	-130.62   	110.23   	-106.82		
-54.02   	-136.41   	109.81   	-106.82		
-60.42   	-141.30   	109.38   	-101.73		
-61.04   	-143.43   	108.97   	-101.73		
-54.32   	-143.43   	108.57   	 -96.64		
-44.25   	-142.21   	108.18   	 -96.64		
-37.84   	-141.60   	107.79   	 -96.64		
-40.59   	-142.21   	107.41   	 -96.64		
-50.05   	-143.43   	107.02   	 -91.56		
-58.90   	-143.74   	106.65   	 -91.56		
-62.56   	-143.13   	106.29   	 -91.56		
-61.65   	-141.91   	105.92   	 -91.56		
-60.42   	-140.99   	105.55   	 -91.56		
-61.65   	-140.08   	105.19   	 -96.64		
-63.17   	-138.55   	104.80   	 -96.64		
-62.56   	-136.11   	104.41   	-101.73		
-58.90   	-132.45   	104.01   	-101.73		
-54.93   	-128.78   	103.60   	-106.82		
-54.32   	-125.73   	103.17   	-111.90		
-57.07   	-123.60   	102.73   	-111.90		
-61.95   	-121.15   	102.28   	-116.99		
-64.39   	-119.02   	101.81   	-122.07		
-62.26   	-116.58   	101.32   	-122.07		
-55.24   	-114.14   	100.83   	-116.99		
-46.39   	-112.61   	100.37   	-116.99		
-40.28   	-112.00   	 99.90   	-116.99		
-40.59   	-112.92   	 99.43   	-111.90		
-47.30   	-114.75   	 98.98   	-106.82		
-55.54   	-115.97   	 98.56   	-101.73		
-60.42   	-116.58   	 98.15   	-106.82		
-58.29   	-115.97   	 97.72   	 -96.64		
-50.66   	-115.05   	 97.33   	-101.73		
-42.11   	-115.05   	 96.93   	 -96.64		
-36.93   	-115.66   	 96.54   	 -96.64		
-37.54   	-117.80   	 96.15   	 -96.64		
-41.50   	-121.15   	 95.77   	 -96.64		
-46.39   	-126.34   	 95.38   	 -91.56		
-49.44   	-132.14   	 95.01   	 -91.56		
-50.96   	-137.63   	 94.65   	 -86.47		
-51.27   	-140.99   	 94.30   	 -86.47		
-50.96   	-142.21   	 93.96   	 -81.38		
-49.44   	-141.91   	 93.63   	 -81.38		
-46.69   	-141.91   	 93.31   	 -76.30		
-42.72   	-142.82   	 93.00   	 -71.21		
-39.06   	-144.04   	 92.72   	 -76.30		
-37.54   	-144.35   	 92.41   	 -76.30		
-37.54   	-143.74   	 92.11   	 -76.30		
-38.15   	-142.82   	 91.80   	 -76.30		
-37.84   	-142.82   	 91.50   	 -81.38		
-37.23   	-144.65   	 91.17   	 -76.30		
-37.54   	-148.32   	 90.86   	 -81.38		
-39.37   	-151.67   	 90.54   	 -81.38		
-42.11   	-153.50   	 90.21   	 -81.38		
-43.95   	-153.50   	 89.89   	 -81.38		
-42.42   	-152.59   	 89.56   	 -81.38		
-36.93   	-151.98   	 89.24   	 -76.30		
-30.52   	-151.98   	 88.93   	 -81.38		
-26.55   	-151.98   	 88.61   	 -81.38		
-26.25   	-151.06   	 88.28   	 -81.38		
-28.69   	-148.93   	 87.95   	 -81.38		
-30.52   	-145.57   	 87.63   	 -76.30		
-29.60   	-142.52   	 87.32   	 -81.38		
-26.25   	-140.08   	 87.00   	 -81.38		
-23.19   	-139.16   	 86.67   	 -76.30		
-23.19   	-139.77   	 86.37   	 -81.38		
-26.55   	-141.60   	 86.04   	 -81.38		
-30.21   	-143.43   	 85.72   	 -76.30		
-31.43   	-144.04   	 85.41   	 -81.38		
-27.77   	-143.13   	 85.09   	 -76.30		
-21.06   	-140.99   	 84.78   	 -76.30		
-14.65   	-139.16   	 84.48   	 -71.21		
-11.60   	-138.55   	 84.19   	 -76.30		
-13.43   	-139.16   	 83.89   	 -71.21		
-18.92   	-140.38   	 83.60   	 -71.21		
-25.63   	-140.99   	 83.32   	 -71.21		
-31.13   	-140.38   	 83.03   	 -71.21		
-33.87   	-138.24   	 82.75   	 -66.12		
-32.04   	-135.50   	 82.48   	 -66.12		
-26.86   	-133.06   	 82.22   	 -66.12		
-19.84   	-131.53   	 81.95   	 -66.12		
-14.95   	-131.23   	 81.69   	 -66.12		
-14.95   	-131.84   	 81.42   	 -61.04		
-18.62   	-131.84   	 81.18   	 -61.04		
-23.19   	-131.23   	 80.94   	 -61.04		
-25.94   	-130.00   	 80.69   	 -61.04		
-26.86   	-129.09   	 80.45   	 -55.95		
-26.86   	-128.48   	 80.22   	 -55.95		
-26.55   	-128.48   	 80.00   	 -50.86		
-25.63   	-127.87   	 79.80   	 -55.95		
-23.50   	-126.04   	 79.57   	 -50.86		
-20.45   	-122.99   	 79.37   	 -50.86		
-18.31   	-119.93   	 79.17   	 -50.86		
-18.62   	-118.10   	 78.96   	 -45.78		
-21.06   	-118.71   	 78.78   	 -45.78		
-24.72   	-120.24   	 78.60   	 -45.78		
-27.47   	-121.77   	 78.41   	 -45.78		
-27.77   	-122.07   	 78.23   	 -45.78		
-25.33   	-121.77   	 78.05   	 -45.78		
-21.36   	-120.54   	 77.86   	 -40.69		
-18.62   	-119.02   	 77.70   	 -40.69		
-20.14   	-116.88   	 77.54   	 -45.78		
-23.50   	-114.75   	 77.35   	 -40.69		
-25.02   	-114.14   	 77.19   	 -40.69		
-21.36   	-115.05   	 77.03   	 -45.78		
-14.04   	-117.19   	 76.85   	 -40.69		
 -8.85   	-119.63   	 76.68   	 -40.69		
-10.07   	-121.15   	 76.52   	 -45.78		
-17.09   	-121.15   	 76.34   	 -40.69		
-24.72   	-120.24   	 76.17   	 -40.69		
-28.38   	-118.41   	 76.01   	 -45.78		
-26.86   	-116.27   	 75.83   	 -40.69		
-23.19   	-113.53   	 75.67   	 -45.78		
-20.75   	-111.39   	 75.48   	 -40.69		
-21.67   	-110.17   	 75.32   	 -45.78		
-24.11   	-110.17   	 75.14   	 -40.69		
-25.63   	-110.78   	 74.97   	 -35.61		
-23.80   	-111.08   	 74.83   	 -40.69		
-19.23   	-109.86   	 74.67   	 -40.69		
-14.34   	-108.34   	 74.51   	 -35.61		
-11.90   	-106.81   	 74.36   	 -40.69		
-13.43   	-106.20   	 74.20   	 -40.69		
-17.09   	-105.90   	 74.04   	 -45.78		
-20.75   	-104.68   	 73.86   	 -45.78		
-23.80   	-101.62   	 73.67   	 -50.86		
-26.25   	-97.66   	 73.47   	 -50.86		
-27.47   	-93.38   	 73.27   	 -45.78		
-25.63   	-90.33   	 73.08   	 -50.86		
-19.84   	-88.50   	 72.88   	 -50.86		
-12.21   	-87.28   	 72.68   	 -50.86		
 -6.41   	-85.45   	 72.47   	 -40.69		
 -4.88   	-82.70   	 72.31   	 -45.78		
 -6.71   	-77.51   	 72.13   	 -40.69		
 -7.32   	-68.66   	 71.96   	 -40.69		
 -5.19   	-55.24   	 71.80   	 -35.61		
 -1.83   	-39.98   	 71.66   	 -35.61		
 -0.31   	-26.86   	 71.52   	 -35.61		
 -2.14   	-19.53   	 71.37   	 -35.61		
 -5.49   	-18.31   	 71.23   	 -35.61		
 -6.10   	-19.23   	 71.09   	 -35.61		
 -1.53   	-19.23   	 70.95   	 -35.61		
  7.93   	-17.40   	 70.80   	 -35.61		
 19.84   	-16.78   	 70.66   	 -35.61		
 29.30   	-21.97   	 70.52   	 -40.69		
 32.96   	-35.71   	 70.36   	 -40.69		
 31.43   	-56.46   	 70.19   	 -40.69		
 26.25   	-77.21   	 70.03   	 -50.86		
 21.06   	-91.55   	 69.83   	 -45.78		
 16.78   	-94.91   	 69.64   	 -55.95		
 14.04   	-88.20   	 69.42   	 -50.86		
 11.60   	-78.13   	 69.22   	 -55.95		
 10.68   	-70.19   	 68.99   	 -61.04		
 13.12   	-67.75   	 68.75   	 -66.12		
 18.62   	-68.97   	 68.48   	 -66.12		
 24.11   	-69.58   	 68.22   	 -76.30		
 25.33   	-66.83   	 67.91   	 -76.30		
 19.53   	-60.73   	 67.61   	 -81.38		
  9.16   	-54.02   	 67.28   	 -86.47		
 -2.14   	-51.27   	 66.94   	 -86.47		
-10.68   	-55.85   	 66.59   	 -81.38		
-17.09   	-68.05   	 66.27   	 -76.30		
-21.97   	-83.92   	 65.96   	 -66.12		
-24.11   	-97.66   	 65.70   	 -55.95		
-21.97   	-104.68   	 65.47   	 -40.69		
-15.26   	-103.45   	 65.31   	 -25.43		
 -6.41   	-97.35   	 65.21   	 -15.26		
 -1.53   	-90.33   	 65.15   	  -5.09		
 -3.05   	-85.45   	 65.13   	   5.09		
 -9.16   	-82.70   	 65.15   	  20.35		
-14.65   	-80.57   	 65.23   	  25.43		
-15.87   	-78.43   	 65.33   	  30.52		
-12.82   	-75.99   	 65.45   	  45.78		
 -8.24   	-72.94   	 65.64   	  50.86		
 -5.19   	-69.89   	 65.84   	  61.04		
 -5.49   	-66.83   	 66.08   	  71.21		
 -9.46   	-65.92   	 66.37   	  86.47		
-16.17   	-70.19   	 66.71   	 101.73		
-21.97   	-81.48   	 67.12   	 101.73		
-24.11   	-93.69   	 67.53   	 106.82		
-19.53   	-92.47   	 67.95   	  96.64		
 -8.24   	-56.46   	 68.34   	  86.47		
  9.46   	 36.01   	 68.69   	  66.12		
 33.87   	198.06   	 68.95   	  40.69		
 68.36   	432.13   	 69.11   	  20.35		
116.88   	730.59   	 69.20   	  -5.09		
177.61   	1077.27   	 69.18   	 -20.35		
242.00   	1439.21   	 69.09   	 -91.56		
328.37   	1906.13(R)	 68.73   	 -55.95		
330.20   	1809.69   	 68.50   	 -66.12		
300.60   	1437.68   	 68.24   	 -66.12		
245.97   	877.69   	 67.98   	 -66.12		
179.75   	307.31   	 67.71   	 -76.30		
117.19   	-99.49   	 67.41   	 -86.47		
 71.11   	-271.91   	 67.06   	-101.73		
 45.17   	-263.98   	 66.65   	-111.90		
 32.04   	-188.90   	 66.21   	-127.16		
 21.97   	-133.97   	 65.70   	-142.42		
 10.99   	-120.85   	 65.13   	-142.42		
  2.14   	-123.29   	 64.56   	-147.51		
  0.00   	-113.53   	 63.97   	-147.51		
  2.75   	-86.98   	 63.38   	-137.33		
  5.19   	-58.29   	 62.83   	-127.16		
  4.58   	-38.45   	 62.32   	-122.07		
  2.44   	-29.91   	 61.83   	-106.82		
  3.66   	-28.08   	 61.40   	 -81.38		
  8.24   	-28.69   	 61.08   	 -61.04		
 12.21   	-28.69   	 60.83   	 -20.35		
 10.68   	-26.86   	 60.75   	  25.43		
  4.58   	-23.19   	 60.85   	  76.30		
 -0.92   	-18.62   	 61.16   	 137.33		
 -2.75   	-13.73   	 61.71   	 198.37		
 -1.22   	 -9.77   	 62.50   	 264.50		
  0.00   	 -7.32   	 63.56   	 325.53		
 -0.31   	 -5.19   	 64.86   	 381.48		
 -0.92   	 -2.14   	 66.39   	 437.43		
  0.00   	  3.05   	 68.14   	 483.21		
  2.44   	  9.46   	 70.07   	 518.82		
  3.66   	 15.26   	 72.15   	 539.16		
  1.83   	 18.62   	 74.30   	 559.51		
 -1.53   	 20.14   	 76.54   	 564.60		
 -4.27   	 22.58   	 78.80   	 559.51		
 -5.19   	 27.16   	 81.04   	 549.34		
 -5.19   	 34.18   	 83.23   	 528.99		
 -4.88   	 41.81   	 85.35   	 493.39		
 -5.19   	 49.44   	 87.32   	 467.95		
 -4.88   	 56.76   	 89.20   	 432.35		
 -3.05   	 65.00   	 90.93   	 401.83		
 -0.31   	 73.85   	 92.53   	 376.40		
  1.83   	 82.09   	 94.04   	 361.14		
  1.53   	 87.89   	 95.48   	 345.88		
 -1.83   	 91.25   	 96.87   	 350.97		
 -5.80   	 93.99   	 98.27   	 345.88		
 -7.02   	 99.18   	 99.65   	 350.97		
 -3.05   	108.34   	101.06   	 350.97		
  5.49   	120.24   	102.46   	 350.97		
 14.95   	133.36   	103.87   	 340.79		
 20.14   	147.09   	105.23   	 330.62		
 18.31   	161.13   	106.55   	 300.10		
 13.73   	177.61   	107.75   	 223.80		
 15.26   	200.50   	108.65   	  76.30		
 29.30   	230.71   	108.95(S)	-162.77		
 53.41   	265.50   	108.30   	-493.39		
 78.13   	299.07   	106.33   	-890.13		
 91.25   	324.40   	102.77   	-1302.13		
 88.81   	339.97   	 97.56   	-1703.96		
 77.82   	350.95   	 90.74   	-2034.58		
 68.66   	363.77   	 82.60   	-2278.73		
 67.14   	381.77   	 73.49   	-2395.72		
 70.80   	403.14   	 63.91   	-2390.63		
 73.55   	423.28   	 54.34   	-2263.47		
 72.63   	438.84   	 45.29   	-2044.75		
 69.58   	451.05   	 37.11   	-1759.91		
 68.36   	460.82   	 30.07   	-1459.81		
 70.19   	469.36   	 24.23   	-1169.88		
 72.63   	475.16   	 19.55   	-935.91		
 72.94   	477.29   	 15.81   	-757.88		
 70.80   	475.77   	 12.78   	-651.07		
 67.44   	471.80   	 10.17   	-610.37		
 65.31   	466.00   	  7.73   	-635.81		
 65.31   	457.46   	  5.19   	-696.84		
 65.92   	446.17   	  2.40   	-788.40		
 64.70   	432.13   	 -0.75   	-895.22		
 61.04   	414.43   	 -4.33   	-1012.20		
 55.85   	393.37   	 -8.38   	-1129.19		
 51.57   	369.87   	-12.90   	-1256.35		
 50.35   	345.15   	-17.92   	-1383.51		
 51.57   	320.13   	-23.46   	-1520.85		
 53.41   	296.33   	-29.54   	-1653.10		
 53.41   	273.13   	-36.15   	-1785.34		
 50.66   	249.33   	-43.30   	-1897.25		
 45.78   	222.78   	-50.88   	-1978.63		
 39.67   	193.79   	-58.80   	-2019.32		
 33.57   	163.27   	-66.88   	-2024.41		
 28.38   	133.36   	-74.97   	-1983.72		
 25.02   	105.90   	-82.91   	-1912.51		
 22.89   	 82.09   	-90.56   	-1810.78		
 20.75   	 60.73   	-97.80   	-1688.70		
 17.40   	 41.50   	-104.56   	-1551.37		
 12.21   	 23.80   	-110.76   	-1403.86		
  6.71   	  8.24   	-116.38   	-1230.92		
  2.44   	 -3.97   	-121.30   	-1047.81		
  0.00   	-14.34   	-125.49   	-839.26		
 -2.44   	-23.80   	-128.85   	-620.55		
 -7.02   	-33.87   	-131.33   	-391.66		
-12.51   	-43.95   	-132.90   	-162.77		
-15.87   	-51.88   	-133.55   	  55.95		
-14.95   	-56.15   	-133.33   	 259.41		
 -9.16   	-57.68   	-132.29   	 437.43		
 -3.05   	-58.29   	-130.54   	 595.11		
 -0.61   	-59.51   	-128.16   	 717.19		
 -3.97   	-61.65   	-125.29   	 813.83		
-11.90   	-63.78   	-122.03   	 869.78		
-19.23   	-65.31   	-118.55   	 885.04		
-22.28   	-66.53   	-115.01   	 839.26		
-19.23   	-67.75   	-111.66   	 732.45		
-11.60   	-68.36   	-108.73   	 539.16		
 -3.97   	-67.75   	-106.57   	 305.19		
 -1.22   	-64.39   	-105.35   	  61.04		
 -4.58   	-59.51   	-105.11   	-106.82		
-11.29   	-55.54   	-105.53   	-188.20		
-16.78   	-54.02   	-106.29   	-147.51		
-19.23   	-55.54   	-106.88   	 -20.35		
-19.23   	-58.29   	-106.96   	 188.20		
-19.53   	-59.51   	-106.21   	 437.43		
-20.45   	-58.29   	-104.46   	 701.93		
-21.36   	-54.93   	-101.65   	 951.17		
-20.75   	-50.35   	-97.84   	1174.97		
-18.62   	-47.00   	-93.14   	1342.82		
-16.78   	-44.86   	-87.77   	1464.90		
-15.87   	-44.25   	-81.91   	1536.11		
-16.48   	-45.47   	-75.77   	1551.37		
-17.40   	-47.61   	-69.56   	1531.02		
-18.92   	-50.05   	-63.44   	1475.07		
-20.45   	-51.57   	-57.54   	1393.69		
-22.28   	-51.88   	-51.96   	1297.04		
-22.89   	-51.57   	-46.77   	1195.32		
-21.97   	-51.27   	-41.99   	1093.59		
-20.45   	-52.49   	-37.62   	 991.86		
-19.84   	-55.85   	-33.65   	 895.22		
-21.67   	-60.42   	-30.07   	 813.83		
-24.11   	-65.00   	-26.82   	 742.62		
-25.33   	-68.36   	-23.85   	 686.67		
-24.11   	-69.27   	-21.10   	 630.72		
-22.28   	-68.66   	-18.58   	 595.11		
-23.50   	-68.36   	-16.20   	 569.68		
-29.30   	-70.50   	-13.92   	 544.25		
-36.62   	-75.38   	-11.74   	 534.08		
-39.67   	-81.18   	 -9.60   	 528.99		
-35.10   	-85.75   	 -7.49   	 518.82		
-25.33   	-87.89   	 -5.41   	 518.82		
-15.87   	-88.81   	 -3.34   	 513.73		
-12.82   	-89.42   	 -1.28   	 508.65		
-16.78   	-92.16   	  0.75   	 493.39		
-24.72   	-97.35   	  2.73   	 488.30		
-30.82   	-104.06   	  4.68   	 467.95		
-32.65   	-110.78   	  6.55   	 457.78		
-30.52   	-115.36   	  8.38   	 437.43		
-27.47   	-116.27   	 10.13   	 417.09		
-25.63   	-114.75   	 11.80   	 401.83		
-26.86   	-113.22   	 13.41   	 381.48		
-29.60   	-113.53   	 14.93   	 366.22		
-33.57   	-116.27   	 16.40   	 345.88		
-36.62   	-120.54   	 17.78   	 315.36		
-38.15   	-124.51   	 19.04   	 295.01		
-36.62   	-126.65   	 20.22   	 254.32		
-33.26   	-127.26   	 21.24   	 218.72		
-29.91   	-127.26   	 22.12   	 178.03		
-28.99   	-128.17   	 22.83   	 122.07		
-29.91   	-130.62   	 23.32   	  71.21		
-31.13   	-134.28   	 23.60   	  15.26		
-30.21   	-138.24   	 23.66   	 -45.78		
-27.47   	-140.69   	 23.48   	-101.73		
-25.63   	-141.30   	 23.07   	-157.68		
-27.16   	-140.69   	 22.44   	-218.72		
-30.82   	-139.77   	 21.57   	-264.50		
-34.79   	-140.08   	 20.51   	-305.19		
-36.32   	-140.99   	 19.29   	-345.88		
-35.10   	-142.82   	 17.90   	-376.40		
-32.96   	-144.35   	 16.40   	-396.74		
-30.82   	-145.26   	 14.81   	-412.00		
-29.91   	-145.26   	 13.16   	-412.00		
-30.21   	-144.65   	 11.52   	-412.00		
-30.52   	-143.43   	  9.87   	-401.83		
-30.52   	-142.21   	  8.26   	-381.48		
-31.13   	-140.69   	  6.73   	-361.14		
-32.96   	-140.08   	  5.29   	-325.53		
-36.62   	-139.77   	  3.99   	-295.01		
-38.76   	-139.77   	  2.81   	-259.41		
-36.32   	-138.55   	  1.77   	-218.72		
-28.08   	-134.28   	  0.90   	-172.94		
-17.70   	-127.87   	  0.20   	-132.25		
-10.38   	-120.85   	 -0.33   	 -91.56		
 -9.77   	-116.88   	 -0.69   	 -50.86		
-13.12   	-116.88   	 -0.90   	 -15.26		
-16.17   	-119.32   	 -0.96   	  25.43		
-16.17   	-120.54   	 -0.85   	  55.95		
-14.04   	-118.71   	 -0.63   	  86.47		
-12.21   	-115.36   	 -0.28   	 111.90		
-12.51   	-112.30   	  0.16   	 132.25		
-14.04   	-111.08   	  0.69   	 147.51		
-16.48   	-111.39   	  1.28   	 167.85		
-18.31   	-110.78   	  1.95   	 172.94		
-18.92   	-108.34   	  2.64   	 178.03		
-18.62   	-104.98   	  3.36   	 183.11		
-17.09   	-102.23   	  4.09   	 183.11		
-16.17   	-101.32   	  4.82   	 178.03		
-16.17   	-102.54   	  5.53   	 172.94		
-18.01   	-104.68   	  6.23   	 167.85		
-20.75   	-106.51   	  6.90   	 152.59		
-22.58   	-107.12   	  7.51   	 142.42		
-22.89   	-106.20   	  8.08   	 127.16		
-21.36   	-103.76   	  8.59   	 116.99		
-19.23   	-101.62   	  9.05   	  96.64		
-18.01   	-101.62   	  9.44   	  86.47		
-18.01   	-103.76   	  9.79   	  66.12		
-19.23   	-107.12   	 10.05   	  55.95		
-20.45   	-109.25   	 10.27   	  35.61		
-21.36   	-108.03   	 10.42   	  20.35		
-22.58   	-103.76   	 10.50   	   5.09		
-25.63   	-98.57   	 10.52   	  -5.09		
-29.91   	-95.21   	 10.50   	 -15.26		
-31.13   	-93.99   	 10.44   	 -30.52		
-25.94   	-94.91   	 10.32   	 -35.61		
-15.56   	-96.74   	 10.17   	 -50.86		
 -5.80   	-98.27   	  9.97   	 -50.86		
 -2.44   	-98.88   	  9.77   	 -61.04		
 -7.32   	-97.35   	  9.52   	 -66.12		
-15.56   	-93.69   	  9.26   	 -66.12		
-21.06   	-87.89   	  8.99   	 -71.21		
-21.67   	-81.48   	  8.71   	 -71.21		
-19.23   	-76.60   	  8.42   	 -71.21		
-18.01   	-75.38   	  8.14   	 -71.21		
-20.14   	-77.82   	  7.85   	 -61.04		
-24.11   	-82.40   	  7.61   	 -66.12		
-25.33   	-85.45   	  7.34   	 -55.95		
-21.06   	-83.62   	  7.12   	 -50.86		
-12.21   	-74.16   	  6.92   	 -45.78		
 -2.75   	-58.29   	  6.73   	 -40.69		
  2.44   	-40.28   	  6.57   	 -30.52		
  2.14   	-26.25   	  6.45   	 -25.43		
 -0.92   	-19.53   	  6.35   	 -20.35		
 -3.36   	-19.23   	  6.27   	 -10.17		
 -1.83   	-20.45   	  6.23   	  -5.09		
  2.75   	-19.53   	  6.21   	   5.09		
  9.46   	-17.09   	  6.23   	   5.09		
 15.87   	-17.40   	  6.25   	  15.26		
 20.75   	-26.55   	  6.31   	  20.35		
 21.97   	-45.17   	  6.39   	  20.35		
 18.62   	-68.66   	  6.47   	  30.52		
 11.29   	-88.81   	  6.59   	  30.52		
  3.36   	-99.18   	  6.71   	  30.52		
  0.00   	-97.35   	  6.84   	  35.61		
  3.66   	-87.28   	  6.98   	  35.61		
 12.82   	-75.68   	  7.12   	  35.61		
 21.36   	-68.36   	  7.26   	  30.52		
 23.80   	-67.44   	  7.39   	  35.61		
 17.70   	-70.19   	  7.53   	  35.61		
  6.71   	-72.33   	  7.67   	  30.52		
 -3.66   	-71.11   	  7.79   	  30.52		
-10.07   	-66.53   	  7.91   	  25.43		
-12.51   	-61.34   	  8.02   	  20.35		
-14.34   	-60.73   	  8.10   	  20.35		
-17.09   	-67.75   	  8.18   	  15.26		
-21.36   	-81.48   	  8.24   	  15.26		
-25.63   	-97.66   	  8.30   	  10.17		
-28.69   	-110.47   	  8.34   	   5.09		
-30.82   	-116.27   	  8.36   	   0.00		
-32.65   	-115.36   	  8.36   	   0.00		
-34.18   	-111.69   	  8.36   	  -5.09		
-33.87   	-108.03   	  8.34   	  -5.09		
-30.21   	-105.59   	  8.32   	 -15.26		
-24.11   	-102.84   	  8.26   	 -10.17		
-18.62   	-99.49   	  8.22   	 -15.26		
-17.40   	-95.52   	  8.16   	 -15.26		
-22.89   	-91.55   	  8.10   	 -15.26		
-31.13   	-88.20   	  8.04   	 -20.35		
-36.01   	-85.75   	  7.96   	 -20.35		
-33.26   	-84.84   	  7.87   	 -15.26		
-25.02   	-87.89   	  7.81   	 -20.35		
-17.40   	-98.57   	  7.73   	 -15.26		
-16.17   	-114.75   	  7.67   	 -15.26		
-21.97   	-125.12   	  7.61   	 -15.26		
-27.47   	-111.08   	  7.55   	 -15.26		
-24.11   	-49.13   	  7.49   	 -15.26		
 -7.32   	 78.43   	  7.43   	  -5.09		
 23.50   	276.79   	  7.41   	 -10.17		
 65.92   	541.08   	  7.37   	  -5.09		
115.05   	860.29   	  7.34   	  -5.09		
167.24   	1215.82   	  7.32   	  -5.09		
216.98   	1567.08   	  7.30   	   0.00		
276.49   	1889.34(R)	  7.30   	   5.09		
267.33   	1668.70   	  7.32   	   5.09		
228.58   	1186.83   	  7.34   	   5.09		
169.07   	581.05   	  7.37   	   5.09		
105.90   	 48.52   	  7.39   	   5.09		
 56.15   	-265.20   	  7.41   	  10.17		
 27.47   	-343.93   	  7.45   	   5.09		
 14.34   	-280.15   	  7.47   	  10.17		
  6.10   	-190.43   	  7.51   	  10.17		
 -3.36   	-142.21   	  7.55   	   5.09		
-14.65   	-136.11   	  7.57   	  10.17		
-25.63   	-140.38   	  7.61   	  10.17		
-32.96   	-132.45   	  7.65   	   5.09		
-35.71   	-111.39   	  7.67   	  10.17		
-32.35   	-88.50   	  7.71   	   5.09		
-22.58   	-72.33   	  7.73   	   5.09		
 -8.85   	-64.09   	  7.75   	   5.09		
  3.05   	-61.04   	  7.77   	   5.09		
  7.02   	-59.81   	  7.79   	   0.00		
  2.14   	-57.07   	  7.79   	   5.09		
 -7.32   	-52.19   	  7.81   	   0.00		
-15.87   	-47.30   	  7.81   	   0.00		
-20.75   	-44.56   	  7.81   	   0.00		
-21.97   	-43.95   	  7.81   	  -5.09		
-21.06   	-42.72   	  7.79   	   0.00		
-18.01   	-39.67   	  7.79   	  -5.09		
-13.12   	-33.87   	  7.77   	   0.00		
 -8.24   	-27.16   	  7.77   	  -5.09		
 -5.19   	-20.14   	  7.75   	  -5.09		
 -5.80   	-13.43   	  7.73   	   0.00		
 -8.85   	 -7.93   	  7.73   	  -5.09		
-12.82   	 -3.05   	  7.71   	  -5.09		
-15.56   	  0.61   	  7.69   	  -5.09		
-18.62   	  3.97   	  7.67   	   0.00		
-21.67   	  7.63   	  7.67   	  -5.09		
-23.50   	 12.51   	  7.65   	   0.00		
-22.28   	 18.31   	  7.65   	  -5.09		
-16.48   	 24.72   	  7.63   	   0.00		
 -8.54   	 30.52   	  7.63   	  -5.09		
 -3.05   	 36.32   	  7.61   	   0.00		
 -3.97   	 41.81   	  7.61   	   0.00		
 -9.46   	 47.30   	  7.61   	   0.00		
-15.56   	 52.80   	  7.61   	   0.00		
-18.01   	 57.98   	  7.61   	   0.00		
-16.17   	 63.48   	  7.61   	   0.00		
-12.82   	 69.89   	  7.61   	   0.00		
-10.68   	 77.51   	  7.61   	   0.00		
-10.68   	 86.06   	  7.61   	   5.09		
-12.21   	 94.30   	  7.63   	   0.00		
-13.73   	103.15   	  7.63   	   0.00		
-13.73   	114.14   	  7.63   	   0.00		
-12.21   	128.17   	  7.63   	   0.00		
 -9.46   	145.26   	  7.63   	   0.00		
 -5.80   	164.18   	  7.63   	   0.00		
 -2.44   	183.11   	  7.63   	   5.09		
 -0.31   	201.11   	  7.65   	   0.00		
  0.31   	218.20   	  7.65   	   0.00		
  0.00   	234.68   	  7.65   	   0.00		
 -0.92   	251.46   	  7.65   	   0.00		
 -1.83   	269.17   	  7.65   	   0.00		
 -3.05   	288.39   	  7.65   	   0.00		
 -4.27   	309.45   	  7.65   	   0.00		
 -4.27   	330.81   	  7.65   	   0.00		
 -0.61   	351.26   	  7.65   	   0.00		
  6.71   	368.35   	  7.65   	   0.00		
 15.56   	381.16   	  7.65   	   0.00		
 21.67   	388.79   	  7.65   	   0.00		
 21.36   	392.15   	  7.65   	   0.00		
 13.73   	392.15   	  7.65   	  -5.09		
  1.83   	389.10   	  7.63   	   0.00		
 -7.93   	383.30   	  7.63   	   0.00		
-10.07   	375.98   	  7.63   	   0.00		
 -2.75   	367.13   	  7.63   	   0.00		
 10.99   	357.06   	  7.63   	   0.00		
 23.50   	345.46   	  7.63   	   0.00		
 27.16   	331.42   	  7.63   	   0.00		
 21.06   	313.42   	  7.63   	   0.00		
  8.85   	290.22   	  7.63   	   0.00		
 -2.44   	261.84   	  7.63   	   0.00		
 -8.54   	231.02   	  7.63   	   5.09		
-10.07   	200.20   	  7.65   	   0.00		
 -9.16   	172.12   	  7.65   	   0.00		
 -8.85   	147.09   	  7.65   	   0.00		
-10.68   	122.99   	  7.65   	   0.00		
-13.73   	 98.27   	  7.65   	   0.00		
-18.31   	 71.72   	  7.65   	   0.00		
-23.50   	 44.86   	  7.65   	   0.00		
-29.30   	 19.84   	  7.65   	   0.00		
-34.79   	 -2.44   	  7.65   	   5.09		
-39.67   	-21.97   	  7.67   	   0.00		
-42.72   	-39.37   	  7.67   	   0.00		
-43.95   	-54.63   	  7.67   	   0.00		
-42.42   	-67.44   	  7.67   	   5.09		
-39.67   	-77.82   	  7.69   	   0.00		
-36.93   	-85.45   	  7.69   	   0.00		
-36.32   	-91.86   	  7.69   	   5.09		
-38.15   	-99.18   	  7.71   	   0.00		
-43.03   	-108.03   	  7.71   	   0.00		
-49.13   	-118.10   	  7.71   	   0.00		
-54.32   	-126.34   	  7.71   	   0.00		
-56.76   	-130.31   	  7.71   	   0.00		
-55.85   	-129.70   	  7.71   	   0.00		
-51.88   	-126.65   	  7.71   	   0.00		
-46.08   	-122.99   	  7.71   	   0.00		
-39.67   	-120.85   	  7.71   	   0.00		
-34.48   	-119.32   	  7.71   	   0.00		
-32.65   	-117.80   	  7.71   	   0.00		
-34.48   	-116.27   	  7.71   	   0.00		
-39.06   	-115.36   	  7.71   	  -5.09		
-43.64   	-115.36   	  7.69   	   0.00		
-46.08   	-115.36   	  7.69   	   0.00		
-47.30   	-114.75   	  7.69   	   0.00		
-49.44   	-112.61   	  7.69   	   0.00		
-52.49   	-109.56   	  7.69   	  -5.09		
-53.41   	-106.51   	  7.67   	   0.00		
-49.44   	-104.37   	  7.67   	   0.00		
-39.98   	-102.84   	  7.67   	  -5.09		
-28.69   	-100.71   	  7.65   	   0.00		
-22.58   	-97.35   	  7.65   	   0.00		
-24.41   	-93.69   	  7.65   	  -5.09		
-31.13   	-90.94   	  7.63   	   0.00		
-38.45   	-90.64   	  7.63   	   0.00		
-42.42   	-93.08   	  7.63   	  -5.09		
-43.95   	-96.44   	  7.61   	   0.00		
-44.25   	-98.27   	  7.61   	   0.00		
-44.25   	-98.27   	  7.61   	   0.00		
-42.72   	-96.74   	  7.61   	  -5.09		
-38.76   	-94.91   	  7.59   	   0.00		
-34.48   	-94.60   	  7.59   	   0.00		
-31.74   	-95.21   	  7.59   	   0.00		
-31.43   	-95.52   	  7.59   	   0.00		
-32.65   	-95.21   	  7.59   	  -5.09		
-33.26   	-94.91   	  7.57   	  N/A		
