  I     	  II     	  AO     	  AO'		
 -4.27   	-22.58   	 84.31   	-106.82		
  8.24   	-10.38   	 83.89   	-122.07		
 20.45   	  0.00   	 83.40   	-122.07		
 28.38   	 10.38   	 82.91   	 -81.38		
 32.35   	 23.50   	 82.58   	 -50.86		
 37.54   	 42.42   	 82.38   	 -45.78		
 49.74   	 65.92   	 82.20   	 -20.35		
 70.80   	 88.50   	 82.12   	 -10.17		
 95.83   	100.40   	 82.07   	 -25.43		
117.19   	 92.77   	 81.97   	 -40.69		
129.39   	 65.00   	 81.81   	 -91.56		
132.75   	 26.86   	 81.44   	-137.33		
131.84   	 -8.24   	 80.89   	-147.51		
130.31   	-31.13   	 80.30   	-142.42		
127.26   	-41.50   	 79.74   	-132.25		
117.19   	-45.47   	 79.21   	 -61.04		
 94.60   	-50.05   	 78.96   	  -5.09		
 58.29   	-60.73   	 78.94   	  40.69		
 14.34   	-80.26   	 79.10   	  61.04		
-26.55   	-106.51   	 79.35   	  66.12		
-54.63   	-134.28   	 79.61   	  61.04		
-66.22   	-155.94   	 79.86   	  71.21		
-63.78   	-164.18   	 80.14   	  15.26		
-54.93   	-159.00   	 80.20   	-147.51		
-47.61   	-147.40   	 79.61   	-300.10		
-45.47   	-137.94   	 78.41   	-350.97		
-47.91   	-134.58   	 77.01   	-223.80		
-51.27   	-135.19   	 76.11   	  86.47		
-52.19   	-135.19   	 76.46   	 320.45		
-49.13   	-131.84   	 77.74   	 315.36		
-43.03   	-126.34   	 79.00   	 162.77		
-37.54   	-122.07   	 79.65   	  45.78		
-33.87   	-121.15   	 79.84   	 -81.38		
-33.57   	-121.77   	 79.51   	-259.41		
-35.10   	-120.54   	 78.47   	-305.19		
-36.32   	-116.58   	 77.25   	-239.06		
-35.71   	-109.86   	 76.30   	-167.85		
-33.26   	-102.54   	 75.63   	 -81.38		
-32.35   	-93.69   	 75.30   	 -10.17		
-37.84   	-77.82   	 75.26   	   5.09		
-50.96   	-50.05   	 75.28   	  45.78		
-64.09   	-10.38   	 75.46   	 111.90		
-60.12   	 35.71   	 75.91   	 157.68		
-18.31   	 80.57   	 76.54   	 147.51		
 74.16   	122.38   	 77.13   	  81.38		
215.15   	169.37   	 77.46   	 -45.78		
389.10   	231.63   	 77.27   	-167.85		
580.14   	308.53   	 76.60   	-259.41		
783.39   	382.08   	 75.56   	-310.27		
999.76   	405.88(R)	 74.32   	-310.27		
1213.07   	325.62   	 73.08   	-269.58		
1369.32   	137.63   	 72.00   	-198.37		
1392.82   	-91.25   	 71.21   	-106.82		
1235.96   	-254.21   	 70.78   	 -30.52		
921.94   	-270.39   	 70.66   	  25.43		
544.74   	-151.98   	 70.76   	  35.61		
219.12   	 -5.19   	 70.91   	  25.43		
 12.82   	 62.56   	 71.01   	  15.26		
-77.82   	 25.63   	 71.07   	  10.17		
-101.93   	-56.76   	 71.11   	   5.09		
-104.98   	-108.64   	 71.13   	 -10.17		
-106.51   	-101.01   	 71.09   	   0.00		
-107.73   	-61.04   	 71.09   	  45.78		
-106.20   	-32.65   	 71.27   	  71.21		
-102.84   	-32.35   	 71.56   	 122.07		
-101.62   	-46.69   	 72.04   	 188.20		
-102.84   	-57.07   	 72.80   	 147.51		
-104.68   	-57.07   	 73.39   	  55.95		
-106.51   	-51.88   	 73.61   	  -5.09		
-108.34   	-46.69   	 73.59   	 -76.30		
-109.56   	-43.03   	 73.29   	-157.68		
-109.25   	-39.98   	 72.65   	-157.68		
-107.12   	-36.62   	 72.02   	-137.33		
-105.90   	-31.74   	 71.47   	 -96.64		
-106.81   	-26.86   	 71.09   	 -35.61		
-109.86   	-24.41   	 70.95   	  76.30		
-113.22   	-26.55   	 71.25   	 233.98		
-115.66   	-31.13   	 72.19   	 391.66		
-116.88   	-34.48   	 73.75   	 503.56		
-117.19   	-32.65   	 75.77   	 544.25		
-116.88   	-25.63   	 77.94   	 528.99		
-116.88   	-15.56   	 80.06   	 442.52		
-117.19   	 -6.71   	 81.83   	 366.22		
-118.10   	 -1.53   	 83.30   	 315.36		
-118.71   	  0.00   	 84.56   	 320.45		
-118.71   	  0.31   	 85.84   	 340.79		
-118.41   	  2.14   	 87.20   	 249.24		
-118.41   	  6.10   	 88.20   	  91.56		
-119.32   	 10.38   	 88.57   	 -35.61		
-122.07   	 12.21   	 88.42   	-111.90		
-126.34   	 10.99   	 87.98   	-116.99		
-130.92   	  8.54   	 87.51   	 -76.30		
-136.11   	  9.16   	 87.20   	 -25.43		
-140.69   	 14.04   	 87.10   	  40.69		
-144.96   	 21.97   	 87.26   	 116.99		
-149.84   	 28.99   	 87.73   	 167.85		
-155.03   	 33.57   	 88.40   	 198.37		
-162.05   	 36.32   	 89.20   	 203.46		
-170.90   	 39.67   	 90.01   	 167.85		
-180.97   	 44.86   	 90.68   	 116.99		
-192.57   	 50.35   	 91.15   	  61.04		
-205.08   	 53.10   	 91.39   	   5.09		
-218.20   	 52.19   	 91.41   	 -45.78		
-232.54   	 49.13   	 91.23   	 -71.21		
-248.11   	 47.91   	 90.95   	 -66.12		
-264.59   	 50.96   	 90.68   	 -35.61		
-280.76   	 57.37   	 90.54   	 -20.35		
-294.80   	 65.31   	 90.46   	 -15.26		
-306.40   	 71.41   	 90.40   	 -20.35		
-314.33   	 75.38   	 90.32   	 -35.61		
-318.30   	 77.51   	 90.17   	 -61.04		
-318.30   	 80.26   	 89.93   	 -76.30		
-314.03   	 84.23   	 89.62   	 -96.64		
-304.87   	 89.11   	 89.24   	-132.25		
-290.83   	 94.60   	 88.71   	-167.85		
-272.83   	 99.49   	 88.04   	-208.54		
-251.16   	103.76   	 87.20   	-259.41		
-227.05   	106.20   	 86.16   	-300.10		
-202.03   	105.90   	 84.96   	-320.45		
-175.48   	102.54   	 83.68   	-249.24		
-148.01   	 95.83   	 82.69   	 -96.64		
-120.54   	 86.36   	 82.30   	 137.33		
-94.91   	 75.99   	 82.85   	 391.66		
-72.94   	 66.53   	 84.41   	 462.87		
-55.24   	 59.81   	 86.27   	 376.40		
-40.59   	 56.76   	 87.77   	 284.84		
-27.47   	 56.46   	 88.91   	 152.59		
-15.56   	 56.46   	 89.52   	 -61.04		
 -4.88   	 54.63   	 89.28   	-244.15		
  3.36   	 50.96   	 88.30   	-305.19		
  9.46   	 46.39   	 87.08   	-274.67		
 13.73   	 42.72   	 85.98   	-188.20		
 17.40   	 40.28   	 85.23   	-127.16		
 20.14   	 37.84   	 84.72   	-106.82		
 22.28   	 34.48   	 84.29   	 -71.21		
 23.19   	 30.21   	 84.01   	 -15.26		
 22.89   	 26.55   	 83.95   	  15.26		
 21.67   	 25.33   	 84.01   	   0.00		
 20.75   	 26.86   	 84.01   	 -35.61		
 19.53   	 29.91   	 83.87   	 -76.30		
 18.92   	 32.65   	 83.56   	-101.73		
 18.92   	 34.48   	 83.15   	-106.82		
 18.92   	 35.40   	 82.73   	 -71.21		
 18.31   	 35.71   	 82.44   	 -30.52		
 15.87   	 35.71   	 82.32   	 -10.17		
 12.21   	 36.01   	 82.28   	  -5.09		
  8.54   	 36.93   	 82.26   	 -10.17		
  6.10   	 39.37   	 82.22   	 -25.43		
  6.10   	 42.72   	 82.12   	 -50.86		
  7.02   	 47.00   	 81.91   	 -50.86		
  7.63   	 49.74   	 81.71   	 -61.04		
  6.10   	 49.44   	 81.46   	 -66.12		
  2.44   	 46.69   	 81.20   	 -76.30		
 -1.22   	 43.33   	 80.89   	 -66.12		
 -2.44   	 42.72   	 80.63   	 -55.95		
 -1.22   	 46.69   	 80.41   	 -55.95		
  2.14   	 54.32   	 80.18   	 -30.52		
  5.49   	 63.48   	 80.06   	 -25.43		
  7.63   	 70.19   	 79.96   	 -20.35		
 10.07   	 72.33   	 79.88   	 -15.26		
 13.12   	 69.58   	 79.82   	 -15.26		
 17.70   	 65.31   	 79.76   	 -15.26		
 23.19   	 64.09   	 79.69   	 -20.35		
 28.99   	 68.36   	 79.61   	 -30.52		
 34.79   	 76.90   	 79.49   	 -35.61		
 38.76   	 83.92   	 79.35   	 -35.61		
 40.28   	 85.75   	 79.21   	 -35.61		
 39.06   	 83.31   	 79.06   	 -30.52		
 35.10   	 82.09   	 78.94   	 -35.61		
 30.21   	 86.36   	 78.80   	 -30.52		
 26.86   	 96.44   	 78.68   	 -35.61		
 27.77   	108.03   	 78.53   	 -40.69		
 33.87   	116.58   	 78.37   	 -50.86		
 44.25   	123.29   	 78.17   	 -61.04		
 55.24   	131.23   	 77.92   	 -50.86		
 63.48   	143.13   	 77.72   	 -35.61		
 69.58   	161.74   	 77.58   	 -10.17		
 76.90   	186.46   	 77.54   	   0.00		
 89.42   	212.71   	 77.54   	   0.00		
107.73   	232.85   	 77.54   	 -25.43		
128.17   	237.43   	 77.44   	 -76.30		
145.26   	221.56   	 77.13   	-111.90		
155.64   	188.29   	 76.68   	-116.99		
159.61   	149.54   	 76.22   	-127.16		
159.61   	117.80   	 75.71   	-122.07		
157.78   	 98.27   	 75.22   	 -25.43		
152.28   	 88.20   	 75.12   	 152.59		
138.55   	 80.26   	 75.73   	 157.68		
112.30   	 69.27   	 76.36   	  30.52		
 73.24   	 53.41   	 76.48   	  10.17		
 27.16   	 32.65   	 76.52   	  10.17		
-14.65   	 10.07   	 76.56   	 -81.38		
-41.81   	-11.60   	 76.24   	-147.51		
-51.27   	-27.47   	 75.65   	-137.33		
-47.00   	-33.26   	 75.10   	-111.90		
-38.45   	-28.69   	 74.65   	-101.73		
-32.96   	-19.84   	 74.24   	 -25.43		
-32.65   	-12.82   	 74.14   	  25.43		
-35.10   	-10.38   	 74.24   	  20.35		
-36.32   	-11.29   	 74.32   	  -5.09		
-35.40   	-11.90   	 74.30   	 -15.26		
-33.26   	 -9.77   	 74.24   	 -30.52		
-31.74   	 -6.41   	 74.12   	 -40.69		
-32.35   	 -3.36   	 73.96   	 -61.04		
-33.57   	 -1.53   	 73.71   	 -61.04		
-34.48   	  0.31   	 73.47   	 -61.04		
-33.87   	  3.05   	 73.22   	 -76.30		
-32.04   	  7.02   	 72.92   	 -96.64		
-29.60   	 12.21   	 72.53   	 -91.56		
-28.99   	 18.62   	 72.17   	 -61.04		
-32.65   	 28.69   	 71.92   	 -30.52		
-43.03   	 47.30   	 71.80   	 -10.17		
-58.29   	 77.21   	 71.76   	  20.35		
-68.05   	116.58   	 71.84   	  45.78		
-54.32   	159.00   	 72.02   	  50.86		
  1.83   	199.89   	 72.23   	  30.52		
109.56   	242.31   	 72.35   	   0.00		
262.15   	296.02   	 72.35   	 -30.52		
443.73   	367.13   	 72.23   	 -50.86		
642.09   	448.00   	 72.02   	 -71.21		
855.71   	510.86(R)	 71.74   	 -81.38		
1080.32   	500.49   	 71.41   	 -71.21		
1284.18   	377.20   	 71.13   	 -61.04		
1398.93   	164.49   	 70.88   	 -50.86		
1353.76   	-50.66   	 70.68   	 -30.52		
1127.62   	-162.05   	 70.56   	 -10.17		
776.67   	-118.10   	 70.52   	   0.00		
410.77   	 26.55   	 70.52   	   0.00		
130.62   	151.67   	 70.52   	  -5.09		
-27.16   	171.81   	 70.50   	 -10.17		
-90.33   	 97.35   	 70.46   	  -5.09		
-108.34   	  6.71   	 70.44   	 -25.43		
-115.36   	-32.35   	 70.34   	 -40.69		
-121.15   	-10.99   	 70.17   	 -15.26		
-124.51   	 30.21   	 70.11(D)	  15.26		
-124.21   	 51.57   	 70.17   	  55.95		
-122.99   	 45.17   	 70.40   	 152.59		
-122.07   	 30.21   	 71.01   	 239.06		
-121.46   	 23.50   	 71.96   	 208.54		
-119.93   	 26.86   	 72.80   	 111.90		
-119.02   	 33.26   	 73.24   	  66.12		
-120.24   	 37.54   	 73.51   	  91.56		
-122.68   	 37.84   	 73.88   	 218.72		
-124.21   	 36.01   	 74.75   	 356.05		
-125.12   	 33.87   	 76.17   	 442.52		
-126.34   	 33.87   	 77.94   	 478.13		
-127.87   	 36.62   	 79.86   	 523.90		
-129.39   	 40.28   	 81.95   	 605.29		
-130.62   	 42.42   	 84.37   	 651.07		
-131.53   	 43.64   	 86.98   	 600.20		
-132.45   	 44.25   	 89.38   	 457.78		
-133.36   	 46.08   	 91.21   	 289.93		
-133.06   	 49.44   	 92.37   	 162.77		
-132.14   	 54.02   	 93.02   	  50.86		
-130.92   	 58.59   	 93.22   	  -5.09		
-130.92   	 62.26   	 93.20   	 -20.35		
-133.06   	 64.09   	 93.12   	 -10.17		
-136.41   	 64.70   	 93.08   	   0.00		
-139.47   	 65.61   	 93.08   	  10.17		
-141.60   	 67.75   	 93.12   	  55.95		
-142.82   	 71.11   	 93.35   	 137.33		
-143.74   	 75.07   	 93.90   	 218.72		
-145.26   	 79.35   	 94.77   	 228.89		
-147.71   	 83.62   	 95.69   	 152.59		
-150.15   	 87.89   	 96.30   	  66.12		
-152.59   	 91.86   	 96.56   	  40.69		
-155.64   	 94.91   	 96.72   	  35.61		
-160.22   	 96.74   	 96.87   	  55.95		
-166.93   	 97.66   	 97.09   	  81.38		
-175.17   	 98.57   	 97.42   	  96.64		
-184.63   	 99.49   	 97.80   	 116.99		
-195.01   	100.40   	 98.27   	 132.25		
-205.38   	101.93   	 98.80   	 132.25		
-216.67   	103.45   	 99.33   	 101.73		
-228.88   	104.98   	 99.74   	  55.95		
-242.31   	106.20   	 99.96(S)	  -5.09		
-256.35   	107.42   	 99.94   	 -35.61		
-270.08   	109.86   	 99.80   	 -45.78		
-283.20   	113.22   	 99.61   	 -40.69		
-294.80   	117.80   	 99.45   	 -35.61		
-303.65   	123.29   	 99.31   	 -35.61		
-308.84   	128.48   	 99.17   	 -71.21		
-309.14   	133.36   	 98.88   	-132.25		
-304.26   	138.85   	 98.35   	-178.03		
-295.10   	145.57   	 97.64   	-228.89		
-282.29   	153.20   	 96.72   	-249.24		
-265.81   	160.52   	 95.73   	-218.72		
-245.97   	165.41   	 94.85   	-218.72		
-223.69   	167.24   	 93.98   	-198.37		
-198.97   	165.71   	 93.18   	 -30.52		
-172.42   	162.05   	 93.06   	 198.37		
-144.96   	156.86   	 93.86   	 366.22		
-118.41   	151.37   	 95.32   	 417.09		
-93.99   	144.65   	 96.99   	 345.88		
-72.94   	137.02   	 98.37   	 183.11		
-54.63   	130.00   	 99.10   	-142.42		
-39.06   	123.90   	 98.53   	-569.68		
-25.63   	119.32   	 96.26   	-488.30		
-13.73   	115.36   	 94.30   	  45.78		
 -4.27   	111.39   	 94.49   	 371.31		
  3.05   	107.12   	 95.97   	 274.67		
  7.93   	103.15   	 97.07   	 218.72		
 10.38   	 99.79   	 97.94   	 330.62		
 11.60   	 97.66   	 99.27   	 106.82		
 12.82   	 95.52   	 99.69   	-417.09		
 14.65   	 93.99   	 98.03   	-615.46		
 17.09   	 92.47   	 95.56   	-554.42		
 18.92   	 91.86   	 93.35   	-523.90		
 19.53   	 91.25   	 91.25   	-356.05		
 19.53   	 90.94   	 89.83   	 -55.95		
 18.92   	 90.33   	 89.60   	 137.33		
 18.31   	 89.72   	 90.15   	 178.03		
 18.01   	 90.03   	 90.86   	 122.07		
 17.40   	 91.55   	 91.35   	  30.52		
 16.17   	 93.08   	 91.47   	 -61.04		
 13.43   	 93.69   	 91.23   	-122.07		
  9.77   	 93.38   	 90.74   	-142.42		
  5.49   	 92.47   	 90.17   	-157.68		
  1.53   	 92.77   	 89.54   	-147.51		
 -1.22   	 93.69   	 88.95   	-116.99		
 -2.75   	 95.21   	 88.48   	 -71.21		
 -4.58   	 96.13   	 88.20   	 -45.78		
 -7.32   	 95.83   	 88.02   	 -20.35		
-10.07   	 95.52   	 87.93   	  -5.09		
-12.21   	 97.05   	 87.91   	 -30.52		
-12.82   	100.71   	 87.79   	 -81.38		
-11.90   	107.73   	 87.47   	-132.25		
-10.07   	117.19   	 86.94   	-157.68		
 -8.24   	126.34   	 86.31   	-147.51		
 -6.41   	133.06   	 85.72   	-111.90		
 -4.27   	135.50   	 85.27   	 -66.12		
 -1.22   	134.89   	 85.00   	 -20.35		
  3.05   	134.58   	 84.92   	  20.35		
  8.24   	137.94   	 85.00   	  35.61		
 12.82   	144.04   	 85.15   	  40.69		
 14.65   	147.71   	 85.31   	  35.61		
 12.82   	144.35   	 85.45   	  15.26		
  7.63   	136.11   	 85.51   	 -20.35		
  2.14   	128.78   	 85.43   	 -50.86		
 -1.53   	129.70   	 85.23   	 -76.30		
 -1.53   	139.47   	 84.92   	 -81.38		
  2.14   	152.59   	 84.60   	 -96.64		
  8.24   	162.96   	 84.21   	 -86.47		
 15.87   	169.68   	 83.87   	 -76.30		
 23.50   	176.09   	 83.56   	 -55.95		
 30.21   	185.55   	 83.34   	 -25.43		
 36.32   	200.20   	 83.23   	 -10.17		
 44.56   	221.56   	 83.19   	  -5.09		
 58.29   	246.89   	 83.17   	 -10.17		
 78.74   	271.61   	 83.13   	 -20.35		
102.84   	286.56   	 83.05   	 -35.61		
125.12   	283.81   	 82.91   	 -40.69		
140.69   	260.93   	 82.75   	 -55.95		
147.71   	225.83   	 82.52   	 -66.12		
148.62   	189.82   	 82.26   	 -61.04		
146.18   	162.66   	 82.01   	 -50.86		
140.99   	145.57   	 81.81   	 -45.78		
129.39   	134.58   	 81.63   	 -30.52		
106.81   	124.82   	 81.51   	 -20.35		
 71.41   	111.69   	 81.42   	 -25.43		
 26.86   	 93.69   	 81.32   	 -15.26		
-16.78   	 70.80   	 81.26   	 -25.43		
-49.13   	 45.78   	 81.16   	 -40.69		
-65.00   	 24.41   	 81.00   	 -45.78		
-65.31   	 13.12   	 80.81   	 -45.78		
-57.07   	 14.34   	 80.63   	 -61.04		
-49.13   	 22.89   	 80.39   	 -66.12		
-45.78   	 31.43   	 80.12   	 -81.38		
-47.30   	 34.18   	 79.80   	 -81.38		
-50.05   	 31.43   	 79.47   	 -86.47		
-51.57   	 27.47   	 79.12   	 -81.38		
-50.96   	 26.25   	 78.80   	 -81.38		
-49.44   	 29.30   	 78.47   	 -76.30		
-47.91   	 34.48   	 78.17   	 -61.04		
-46.08   	 39.37   	 77.92   	 -40.69		
-43.95   	 43.03   	 77.76   	 -25.43		
-41.50   	 45.78   	 77.66   	 -10.17		
-39.98   	 47.91   	 77.62   	   0.00		
-39.37   	 50.05   	 77.62   	 -10.17		
-40.59   	 53.10   	 77.58   	 -10.17		
-44.25   	 60.12   	 77.54   	 -20.35		
-52.80   	 76.60   	 77.46   	 -35.61		
-65.61   	106.20   	 77.31   	 -40.69		
-75.68   	148.32   	 77.15   	 -50.86		
-67.75   	196.23   	 76.95   	 -61.04		
-21.97   	242.00   	 76.70   	 -55.95		
 73.85   	284.42   	 76.48   	 -45.78		
218.51   	332.03   	 76.30   	 -45.78		
398.86   	393.07   	 76.11   	 -50.86		
600.59   	464.78   	 75.91   	 -55.95		
818.48   	523.99(R)	 75.69   	 -45.78		
1047.97   	520.32   	 75.50   	 -61.04		
1264.04   	405.27   	 75.26   	 -71.21		
1406.56   	189.82   	 74.97   	 -66.12		
1402.59   	-45.17   	 74.71   	 -55.95		
1216.74   	-187.07   	 74.49   	 -35.61		
886.54   	-163.57   	 74.34   	 -30.52		
511.17   	 -9.16   	 74.22   	 -30.52		
197.75   	155.03   	 74.10   	 -30.52		
  1.83   	219.42   	 73.98   	 -35.61		
-88.20   	168.15   	 73.83   	 -25.43		
-117.80   	 71.41   	 73.73   	  -5.09		
-125.12   	 11.60   	 73.71   	  -5.09		
-126.34   	 19.23   	 73.69(D)	  10.17		
-123.60   	 63.48   	 73.73   	  35.61		
-119.02   	 97.05   	 73.88   	  61.04		
-116.58   	100.71   	 74.12   	  96.64		
-118.71   	 85.75   	 74.51   	 147.51		
-123.60   	 73.24   	 75.10   	 167.85		
-127.26   	 71.11   	 75.77   	  96.64		
-128.17   	 76.60   	 76.15   	 -20.35		
-127.87   	 83.92   	 76.07   	 -96.64		
-126.95   	 89.11   	 75.69   	-101.73		
-126.04   	 90.64   	 75.28   	 -61.04		
-125.73   	 89.72   	 75.04   	  61.04		
-127.26   	 88.50   	 75.28   	 203.46		
-129.39   	 88.81   	 76.09   	 335.71		
-130.92   	 91.25   	 77.44   	 406.92		
-130.62   	 93.99   	 79.06   	 447.61		
-129.09   	 96.74   	 80.85   	 493.39		
-128.48   	 98.27   	 82.83   	 513.73		
-129.39   	 98.88   	 84.88   	 488.30		
-130.92   	 98.88   	 86.84   	 442.52		
-132.14   	 99.49   	 88.61   	 417.09		
-132.14   	101.93   	 90.27   	 356.05		
-131.84   	105.90   	 91.70   	 223.80		
-132.14   	109.56   	 92.59   	  91.56		
-134.28   	112.00   	 92.96   	 -10.17		
-137.02   	113.53   	 92.92   	 -61.04		
-139.16   	115.36   	 92.68   	 -71.21		
-139.47   	118.10   	 92.39   	 -45.78		
-138.55   	121.77   	 92.21   	  20.35		
-137.94   	124.51   	 92.29   	  76.30		
-140.38   	125.43   	 92.59   	 137.33		
-146.18   	124.82   	 93.14   	 172.94		
-155.03   	123.90   	 93.83   	 208.54		
-165.41   	124.21   	 94.67   	 208.54		
-174.87   	126.04   	 95.50   	 167.85		
-181.58   	129.39   	 96.17   	 122.07		
-187.07   	133.97   	 96.66   	  96.64		
-193.18   	137.94   	 97.05   	  71.21		
-201.11   	140.69   	 97.33   	  45.78		
-211.79   	141.60   	 97.52   	  40.69		
-224.91   	141.30   	 97.68   	  45.78		
-240.17   	140.38   	 97.86   	  30.52		
-256.35   	140.99   	 97.99   	  15.26		
-272.83   	142.82   	 98.05(S)	   0.00		
-288.09   	145.87   	 98.05   	 -10.17		
-301.21   	148.93   	 98.01   	 -30.52		
-312.81   	150.76   	 97.88   	 -61.04		
-322.57   	150.45   	 97.64   	 -91.56		
-331.12   	149.54   	 97.27   	-111.90		
-336.91   	150.15   	 96.83   	-127.16		
-338.44   	154.42   	 96.32   	-132.25		
-333.56   	162.96   	 95.79   	-157.68		
-321.66   	173.34   	 95.16   	-198.37		
-302.43   	182.80   	 94.36   	-233.98		
-278.02   	189.51   	 93.43   	-228.89		
-251.46   	192.26   	 92.51   	-188.20		
-224.91   	191.35   	 91.76   	-157.68		
-198.36   	187.68   	 91.13   	-132.25		
-172.42   	181.88   	 90.60   	 -20.35		
-145.87   	174.87   	 90.52   	 188.20		
-119.32   	166.93   	 91.27   	 325.53		
-94.30   	158.08   	 92.57   	 345.88		
-72.02   	147.71   	 93.96   	 320.45		
-53.71   	136.11   	 95.24   	 233.98		
-39.06   	125.12   	 96.17   	  71.21		
-27.47   	117.49   	 96.46   	-127.16		
-17.70   	114.75   	 95.95   	-228.89		
 -9.16   	115.97   	 95.04   	-223.80		
 -1.53   	117.80   	 94.14   	-198.37		
  5.19   	117.19   	 93.35   	-178.03		
  9.46   	112.30   	 92.63   	-162.77		
 11.60   	104.68   	 91.98   	-116.99		
 11.90   	 96.74   	 91.52   	 -66.12		
 11.60   	 92.47   	 91.25   	 -20.35		
 12.51   	 93.08   	 91.17   	 -25.43		
 14.65   	 97.05   	 91.07   	 -50.86		
 17.40   	101.32   	 90.86   	 -81.38		
 18.62   	103.45   	 90.54   	-116.99		
 18.01   	102.23   	 90.07   	-116.99		
 15.87   	 98.88   	 89.60   	 -96.64		
 13.73   	 95.52   	 89.22   	 -81.38		
 12.51   	 92.77   	 88.89   	 -71.21		
 12.21   	 90.94   	 88.61   	 -55.95		
 11.29   	 89.11   	 88.38   	 -55.95		
  9.77   	 88.50   	 88.16   	 -66.12		
  8.54   	 90.33   	 87.89   	 -76.30		
  7.93   	 94.60   	 87.59   	 -86.47		
  7.63   	100.40   	 87.24   	 -91.56		
  6.10   	104.68   	 86.88   	 -96.64		
  2.14   	104.68   	 86.49   	 -86.47		
 -3.97   	 99.49   	 86.14   	 -86.47		
-10.07   	 92.16   	 85.80   	 -71.21		
-13.43   	 88.20   	 85.51   	 -55.95		
-11.90   	 91.86   	 85.29   	 -45.78		
 -6.10   	103.45   	 85.11   	 -35.61		
  1.83   	118.10   	 84.96   	 -35.61		
  9.16   	129.39   	 84.82   	 -40.69		
 14.95   	133.06   	 84.66   	 -40.69		
 19.23   	130.31   	 84.50   	 -35.61		
 23.19   	126.95   	 84.35   	 -30.52		
 27.77   	127.56   	 84.23   	 -30.52		
 32.35   	131.53   	 84.11   	 -30.52		
 34.48   	133.36   	 83.99   	 -30.52		
 33.26   	128.48   	 83.87   	 -20.35		
 28.99   	119.02   	 83.78   	 -20.35		
 23.50   	112.30   	 83.70   	 -10.17		
 18.92   	114.14   	 83.66   	 -10.17		
 17.40   	124.82   	 83.62   	  -5.09		
 21.06   	138.24   	 83.60   	 -10.17		
 29.60   	148.93   	 83.56   	 -25.43		
 40.89   	156.56   	 83.46   	 -35.61		
 51.57   	164.49   	 83.32   	 -40.69		
 58.90   	175.78   	 83.15   	 -40.69		
 62.56   	191.35   	 82.99   	 -50.86		
 66.83   	211.18   	 82.79   	 -50.86		
 77.21   	233.46   	 82.58   	 -50.86		
 96.13   	253.91   	 82.38   	 -55.95		
120.24   	265.20   	 82.16   	 -55.95		
143.74   	259.70   	 81.93   	 -55.95		
160.22   	236.21   	 81.71   	 -55.95		
167.24   	201.42   	 81.48   	 -61.04		
166.93   	167.85   	 81.24   	 -71.21		
162.66   	143.43   	 80.96   	 -61.04		
155.33   	128.48   	 80.71   	 -35.61		
141.91   	117.19   	 80.57   	 -15.26		
118.41   	104.06   	 80.51   	  20.35		
 82.70   	 86.98   	 80.59   	  40.69		
 38.76   	 66.53   	 80.75   	  45.78		
 -3.36   	 44.56   	 80.94   	  10.17		
-33.26   	 22.58   	 80.98   	 -40.69		
-46.08   	  4.27   	 80.81   	 -76.30		
-44.25   	 -5.49   	 80.51   	-122.07		
-36.01   	 -4.58   	 80.02   	-162.77		
-30.21   	  3.05   	 79.37   	-162.77		
-30.21   	 10.68   	 78.72   	-152.59		
-33.87   	 12.21   	 78.11   	-152.59		
-37.84   	  7.93   	 77.50   	-147.51		
-38.45   	  0.92   	 76.91   	-178.03		
-35.71   	 -4.27   	 76.20   	-228.89		
-31.13   	 -4.88   	 75.28   	-239.06		
-26.25   	 -2.14   	 74.32   	-203.46		
-23.19   	  3.36   	 73.51   	-172.94		
-22.58   	 10.07   	 72.82   	-116.99		
-23.19   	 18.31   	 72.35   	  -5.09		
-24.41   	 26.86   	 72.33(D)	 122.07		
-24.72   	 34.18   	 72.82   	 208.54		
-23.50   	 39.06   	 73.65   	 254.32		
-24.11   	 44.86   	 74.67   	 244.15		
-29.91   	 58.29   	 75.65   	 167.85		
-41.81   	 84.84   	 76.32   	  91.56		
-51.88   	124.21   	 76.68   	  10.17		
-43.33   	169.07   	 76.72   	 -81.38		
  4.58   	212.40   	 76.40   	-178.03		
103.76   	253.91   	 75.69   	-213.63		
251.77   	303.34   	 74.83   	-183.11		
431.82   	368.65   	 74.10   	-137.33		
628.05   	446.47   	 73.55   	 -86.47		
835.27   	514.22   	 73.20   	 -40.69		
1051.33   	522.46(R)	 73.04   	  -5.09		
1254.58   	423.89   	 73.02   	  15.26		
1386.11   	228.88   	 73.08   	  20.35		
1372.38   	 12.82   	 73.16   	  10.17		
1178.28   	-121.46   	 73.20   	   5.09		
842.90   	-109.86   	 73.22   	   5.09		
470.58   	 12.82   	 73.24   	   0.00		
169.98   	136.11   	 73.24   	   5.09		
 -6.41   	168.76   	 73.27   	  -5.09		
-77.82   	108.34   	 73.24   	  10.17		
-95.83   	 24.41   	 73.29   	  40.69		
-100.71   	-15.26   	 73.45   	  35.61		
-105.59   	  2.44   	 73.59   	  55.95		
-108.34   	 42.11   	 73.81   	  81.38		
-106.51   	 63.78   	 74.14   	  86.47		
-103.45   	 58.29   	 74.49   	 132.25		
-103.15   	 43.33   	 75.01   	 172.94		
-105.90   	 35.10   	 75.71   	  91.56		
-109.56   	 36.32   	 76.07   	 -66.12		
-112.61   	 41.81   	 75.81   	-137.33		
-115.05   	 47.30   	 75.26   	-132.25		
-115.05   	 51.88   	 74.73   	-106.82		
-112.92   	 54.02   	 74.30   	  -5.09		
-110.78   	 52.80   	 74.28   	 142.42		
-111.39   	 48.52   	 74.85   	 274.67		
-114.75   	 43.95   	 75.95   	 386.57		
-118.71   	 40.89   	 77.50   	 452.69		
-121.15   	 39.37   	 79.31   	 462.87		
-121.15   	 39.67   	 81.16   	 467.95		
-119.63   	 42.42   	 83.03   	 513.73		
-118.10   	 47.61   	 85.09   	 564.60		
-116.88   	 54.32   	 87.34   	 539.16		
-117.49   	 60.42   	 89.50   	 417.09		
-119.02   	 64.70   	 91.17   	 269.58		
-121.15   	 66.22   	 92.25   	 132.25		
-122.38   	 65.31   	 92.78   	  -5.09		
-122.07   	 64.39   	 92.76   	-101.73		
-121.46   	 65.31   	 92.35   	 -91.56		
-121.15   	 68.97   	 91.98   	 -30.52		
-121.46   	 74.16   	 91.86   	  35.61		
-122.68   	 79.96   	 92.00   	  91.56		
-125.12   	 84.23   	 92.37   	 147.51		
-129.70   	 86.98   	 92.96   	 223.80		
-135.19   	 89.11   	 93.86   	 244.15		
-140.08   	 90.94   	 94.83   	 218.72		
-143.74   	 92.47   	 95.71   	 188.20		
-146.48   	 92.77   	 96.46   	 162.77		
-151.06   	 91.55   	 97.11   	 116.99		
-159.61   	 89.72   	 97.58   	  81.38		
-171.81   	 88.20   	 97.90   	  61.04		
-184.94   	 89.11   	 98.15   	  40.69		
-196.53   	 92.47   	 98.31   	  15.26		
-205.69   	 97.35   	 98.37   	  15.26		
-214.23   	103.15   	 98.43   	  15.26		
-225.22   	108.03   	 98.49   	   5.09		
-239.56   	111.08   	 98.51(S)	   0.00		
-255.74   	111.39   	 98.51   	  -5.09		
-270.39   	110.17   	 98.49   	 -10.17		
-281.68   	108.95   	 98.45   	 -20.35		
-289.31   	109.25   	 98.37   	 -30.52		
-293.88   	112.61   	 98.25   	 -50.86		
-295.72   	119.32   	 98.05   	 -76.30		
-293.58   	128.17   	 97.74   	-111.90		
-286.25   	136.41   	 97.29   	-152.59		
-273.13   	141.91   	 96.68   	-203.46		
-255.43   	144.04   	 95.87   	-259.41		
-235.60   	144.04   	 94.83   	-274.67		
-214.23   	144.65   	 93.73   	-274.67		
-191.65   	146.79   	 92.63   	-254.32		
-167.54   	148.62   	 91.62   	-122.07		
-142.21   	147.09   	 91.13   	 142.42		
-116.58   	140.38   	 91.70   	 361.14		
-92.47   	130.00   	 93.14   	 381.48		
-70.80   	119.02   	 94.67   	 289.93		
-51.27   	109.86   	 95.83   	 203.46		
-34.48   	102.84   	 96.64   	  81.38		
-20.45   	 97.35   	 96.97   	-106.82		
-10.07   	 92.77   	 96.54   	-203.46		
 -3.05   	 88.20   	 95.73   	-152.59		
  1.83   	 83.92   	 95.12   	 -91.56		
  6.10   	 80.57   	 94.75   	 -91.56		
 11.29   	 78.43   	 94.38   	-106.82		
 17.09   	 78.13   	 93.96   	-106.82		
 21.97   	 79.35   	 93.53   	 -86.47		
 24.11   	 81.48   	 93.18   	 -91.56		
 24.41   	 83.92   	 92.82   	 -96.64		
 24.11   	 85.14   	 92.43   	-111.90		
 25.33   	 85.14   	 91.98   	-122.07		
 28.08   	 83.01   	 91.50   	-122.07		
 29.91   	 79.96   	 91.01   	 -86.47		
 29.30   	 77.51   	 90.66   	 -45.78		
 25.63   	 76.90   	 90.48   	 -15.26		
 21.36   	 79.04   	 90.42   	  -5.09		
 18.31   	 82.40   	 90.40   	  -5.09		
 17.40   	 85.14   	 90.38   	 -25.43		
 17.09   	 86.67   	 90.27   	 -50.86		
 15.26   	 87.28   	 90.07   	 -61.04		
 12.51   	 88.20   	 89.83   	 -71.21		
  9.16   	 89.42   	 89.54   	 -76.30		
  6.71   	 90.64   	 89.24   	 -76.30		
  5.19   	 91.25   	 88.93   	 -66.12		
  3.66   	 90.03   	 88.67   	 -66.12		
  1.53   	 87.89   	 88.40   	 -55.95		
 -1.53   	 85.75   	 88.18   	 -50.86		
 -4.27   	 84.84   	 87.98   	 -45.78		
 -5.80   	 86.98   	 87.79   	 -55.95		
 -6.10   	 92.16   	 87.57   	 -50.86		
 -4.58   	100.10   	 87.36   	 -45.78		
 -2.75   	107.73   	 87.18   	 -55.95		
  0.00   	111.69   	 86.96   	 -50.86		
  2.44   	110.78   	 86.75   	 -40.69		
  5.80   	107.42   	 86.59   	 -40.69		
 10.99   	106.81   	 86.43   	 -35.61		
 17.40   	111.69   	 86.29   	 -30.52		
 21.97   	118.71   	 86.16   	 -35.61		
 23.19   	122.38   	 86.02   	 -35.61		
 19.53   	118.71   	 85.88   	 -35.61		
 12.82   	111.69   	 85.74   	 -35.61		
  6.41   	108.64   	 85.59   	 -35.61		
  2.75   	114.44   	 85.45   	 -35.61		
  3.36   	127.87   	 85.31   	 -35.61		
  7.63   	140.99   	 85.17   	 -40.69		
 14.95   	148.93   	 85.00   	 -40.69		
 24.11   	153.20   	 84.84   	 -40.69		
 32.35   	157.47   	 84.68   	 -45.78		
 39.37   	166.63   	 84.50   	 -40.69		
 45.78   	184.02   	 84.33   	 -40.69		
 55.85   	208.74   	 84.17   	 -45.78		
 72.02   	234.99   	 83.99   	 -45.78		
 93.38   	254.21   	 83.80   	 -45.78		
115.97   	256.35   	 83.62   	 -45.78		
133.97   	237.43   	 83.44   	 -45.78		
144.65   	203.55   	 83.26   	 -40.69		
148.01   	166.63   	 83.09   	 -35.61		
147.09   	137.63   	 82.95   	 -35.61		
142.82   	119.63   	 82.81   	 -35.61		
134.28   	108.64   	 82.66   	 -40.69		
117.80   	 98.88   	 82.50   	 -30.52		
 90.64   	 87.59   	 82.38   	 -25.43		
 54.02   	 72.33   	 82.28   	 -30.52		
 13.73   	 53.41   	 82.16   	 -20.35		
-21.36   	 30.82   	 82.07   	 -30.52		
-43.03   	  8.24   	 81.95   	 -25.43		
-48.52   	 -8.24   	 81.85   	 -30.52		
-42.72   	-14.34   	 81.73   	 -40.69		
-34.48   	-10.07   	 81.57   	 -40.69		
-30.82   	 -2.75   	 81.40   	 -45.78		
-33.26   	  1.53   	 81.22   	 -61.04		
-38.45   	  0.61   	 80.98   	 -61.04		
-42.11   	 -3.66   	 80.73   	 -61.04		
-41.81   	 -6.10   	 80.49   	 -66.12		
-39.06   	 -4.88   	 80.22   	 -50.86		
-35.71   	 -1.22   	 80.02   	 -40.69		
-33.26   	  3.05   	 79.86   	 -30.52		
-31.74   	  6.10   	 79.74   	 -10.17		
-30.82   	  7.93   	 79.69   	   0.00		
-30.82   	  9.16   	 79.69   	   5.09		
-31.43   	 10.68   	 79.71   	   0.00		
-32.65   	 13.12   	 79.71   	   0.00		
-34.79   	 18.62   	 79.71   	  -5.09		
-41.50   	 31.74   	 79.69   	  -5.09		
-53.41   	 56.46   	 79.67   	 -20.35		
-65.92   	 93.99   	 79.59   	 -40.69		
-66.83   	140.08   	 79.43   	 -66.12		
-36.62   	187.07   	 79.17   	 -71.21		
 39.37   	231.02   	 78.88   	 -61.04		
164.18   	277.40   	 78.64   	 -61.04		
328.06   	336.00   	 78.39   	 -40.69		
516.05   	410.46   	 78.23   	 -35.61		
721.44   	487.67   	 78.09   	 -40.69		
942.38   	528.26(R)	 77.92   	 -61.04		
1165.16   	476.07   	 77.68   	 -71.21		
1343.38   	310.97   	 77.40   	 -61.04		
1403.50   	 83.31   	 77.15   	 -40.69		
1290.28   	-105.90   	 76.99   	 -15.26		
1010.44   	-161.74   	 76.93   	 -10.17		
643.62   	-69.58   	 76.89   	 -10.17		
300.90   	 82.40   	 76.85   	 -55.95		
 61.65   	174.56   	 76.62   	-167.85		
-61.95   	154.42   	 75.95   	-193.29		
-107.42   	 63.78   	 75.18   	 -45.78		
-118.71   	-14.04   	 74.99(D)	  91.56		
-119.93   	-28.99   	 75.36   	 152.59		
-118.41   	  5.80   	 75.97   	 193.29		
-115.66   	 43.95   	 76.74   	 188.20		
-114.14   	 54.32   	 77.50   	 162.77		
-116.27   	 41.20   	 78.15   	 147.51		
-120.24   	 25.94   	 78.74   	 106.82		
-122.38   	 21.97   	 79.17   	 -25.43		
-121.77   	 26.86   	 79.06   	-162.77		
-120.54   	 33.26   	 78.41   	-208.54		
-121.15   	 36.62   	 77.58   	-162.77		
-122.99   	 36.01   	 76.93   	 -66.12		
-125.12   	 32.35   	 76.66   	  91.56		
-126.65   	 30.21   	 77.03   	 218.72		
-127.56   	 31.43   	 77.90   	 310.27		
-126.65   	 36.32   	 79.15   	 366.22		
-125.12   	 41.81   	 80.61   	 391.66		
-123.60   	 45.17   	 82.18   	 381.48		
-123.90   	 45.47   	 83.70   	 361.14		
-126.04   	 44.86   	 85.15   	 356.05		
-129.09   	 44.86   	 86.57   	 396.74		
-131.53   	 46.39   	 88.16   	 488.30		
-133.06   	 49.13   	 90.11   	 518.82		
-133.97   	 51.57   	 92.19   	 442.52		
-134.58   	 53.71   	 93.96   	 330.62		
-136.11   	 55.24   	 95.28   	 208.54		
-137.63   	 57.37   	 96.11   	  55.95		
-138.85   	 60.12   	 96.34   	 -86.47		
-139.77   	 63.48   	 95.99   	-116.99		
-140.38   	 66.83   	 95.52   	 -35.61		
-142.21   	 69.58   	 95.38   	  76.30		
-145.26   	 72.02   	 95.69   	 122.07		
-148.93   	 74.16   	 96.17   	 106.82		
-152.89   	 76.60   	 96.60   	 111.90		
-156.86   	 79.04   	 97.05   	 162.77		
-161.74   	 81.79   	 97.70   	 167.85		
-167.54   	 84.53   	 98.37   	 111.90		
-174.26   	 86.98   	 98.82   	  86.47		
-182.50   	 89.42   	 99.17   	  91.56		
-192.26   	 91.25   	 99.53   	  50.86		
-203.55   	 92.77   	 99.74   	  40.69		
-216.67   	 93.38   	 99.90   	  55.95		
-231.32   	 94.60   	100.12   	  71.21		
-245.67   	 96.44   	100.41   	  61.04		
-259.09   	 99.79   	100.65   	  61.04		
-272.52   	104.06   	100.89   	  45.78		
-286.87   	107.42   	101.08   	  25.43		
-302.43   	108.95   	101.18(S)	  -5.09		
-317.08   	109.25   	101.16   	 -40.69		
-327.76   	110.47   	101.00   	 -61.04		
-331.42   	114.14   	100.75   	 -76.30		
-328.37   	120.24   	100.45   	 -96.64		
-320.43   	127.56   	100.06   	-142.42		
-310.06   	134.89   	 99.49   	-183.11		
-296.94   	140.69   	 98.76   	-213.63		
-279.85   	145.57   	 97.90   	-244.15		
-257.57   	148.62   	 96.93   	-269.58		
-231.02   	149.23   	 95.85   	-259.41		
-202.33   	147.71   	 94.81   	-193.29		
-173.65   	143.74   	 94.04   	 -96.64		
-146.79   	137.63   	 93.65   	 101.73		
-122.38   	130.62   	 94.06   	 335.71		
-99.49   	122.99   	 95.40   	 442.52		
-79.04   	115.66   	 97.17   	 391.66		
-61.34   	108.64   	 98.74   	 279.75		
-46.08   	103.15   	 99.86   	 111.90		
-32.65   	 98.88   	100.30   	-106.82		
-20.75   	 95.83   	 99.88   	-269.58		
-10.07   	 93.99   	 98.80   	-295.01		
 -1.22   	 91.86   	 97.62   	-213.63		
  5.19   	 88.81   	 96.76   	-122.07		
  9.16   	 85.14   	 96.28   	-122.07		
 11.60   	 81.18   	 95.79   	-137.33		
 14.65   	 78.43   	 95.24   	 -71.21		
 18.01   	 77.21   	 94.95   	   0.00		
 20.75   	 77.51   	 94.95   	  10.17		
 21.67   	 77.82   	 94.99   	 -30.52		
 20.14   	 77.21   	 94.87   	 -50.86		
 17.40   	 75.68   	 94.67   	 -50.86		
 15.56   	 73.85   	 94.47   	 -55.95		
 15.26   	 72.94   	 94.24   	 -66.12		
 16.17   	 73.55   	 93.98   	 -76.30		
 16.17   	 75.07   	 93.67   	 -76.30		
 14.34   	 75.99   	 93.37   	 -71.21		
 10.68   	 76.60   	 93.08   	 -71.21		
  7.02   	 76.29   	 92.80   	 -86.47		
  4.27   	 76.29   	 92.45   	 -96.64		
  2.14   	 75.99   	 92.06   	-106.82		
  0.00   	 75.99   	 91.64   	-111.90		
 -2.44   	 75.38   	 91.19   	-101.73		
 -4.88   	 75.07   	 90.78   	 -81.38		
 -7.63   	 74.46   	 90.46   	 -71.21		
-10.38   	 74.77   	 90.17   	 -61.04		
-12.82   	 75.99   	 89.93   	 -50.86		
-14.95   	 79.65   	 89.72   	 -45.78		
-14.65   	 86.67   	 89.54   	 -55.95		
-11.29   	 95.83   	 89.32   	 -61.04		
 -4.88   	105.90   	 89.07   	 -55.95		
  3.36   	112.92   	 88.85   	 -55.95		
 10.38   	115.36   	 88.63   	 -50.86		
 15.26   	115.05   	 88.42   	 -45.78		
 18.01   	115.36   	 88.24   	 -30.52		
 19.53   	118.71   	 88.12   	 -25.43		
 21.06   	122.99   	 88.02   	 -20.35		
 21.67   	123.29   	 87.93   	 -25.43		
 21.06   	117.49   	 87.83   	 -25.43		
 18.01   	109.56   	 87.73   	 -35.61		
 13.43   	105.90   	 87.59   	 -40.69		
  8.54   	111.39   	 87.43   	 -50.86		
  7.02   	124.21   	 87.22   	 -61.04		
 10.68   	138.24   	 86.98   	 -55.95		
 20.14   	149.23   	 86.75   	 -50.86		
 32.96   	156.86   	 86.55   	 -55.95		
 43.95   	163.88   	 86.33   	 -50.86		
 50.35   	173.34   	 86.12   	 -45.78		
 54.02   	188.60   	 85.94   	 -35.61		
 60.73   	210.27   	 85.80   	 -40.69		
 75.07   	234.68   	 85.64   	 -45.78		
 97.05   	254.21   	 85.45   	 -40.69		
120.85   	259.09   	 85.29   	 -45.78		
139.47   	244.14   	 85.11   	 -45.78		
149.54   	213.01   	 84.92   	 -50.86		
152.59   	177.00   	 84.72   	 -45.78		
152.28   	147.09   	 84.54   	 -40.69		
150.15   	127.87   	 84.37   	 -40.69		
143.74   	115.97   	 84.21   	 -35.61		
127.26   	106.20   	 84.07   	 -35.61		
 97.05   	 93.69   	 83.93   	 -35.61		
 54.32   	 76.60   	 83.78   	 -35.61		
  7.32   	 55.24   	 83.64   	 -35.61		
-32.65   	 32.35   	 83.50   	 -35.61		
-57.07   	 10.99   	 83.36   	 -45.78		
-63.78   	 -3.97   	 83.17   	 -40.69		
-58.29   	 -9.16   	 83.01   	 -50.86		
-49.74   	 -5.49   	 82.81   	 -50.86		
-43.95   	  1.53   	 82.60   	 -55.95		
-42.72   	  6.71   	 82.38   	 -55.95		
-44.25   	  8.24   	 82.16   	 -61.04		
-45.78   	  7.02   	 81.91   	 -61.04		
-46.69   	  5.49   	 81.67   	 -61.04		
-47.00   	  5.80   	 81.42   	 -66.12		
-46.39   	  7.63   	 81.16   	 -50.86		
-44.56   	 10.38   	 80.96   	 -35.61		
-41.50   	 13.43   	 80.81   	 -20.35		
-38.76   	 17.09   	 80.73   	 -20.35		
-37.23   	 20.45   	 80.65   	  -5.09		
-36.62   	 23.80   	 80.63   	  -5.09		
-36.93   	 27.16   	 80.61   	 -10.17		
-39.37   	 32.35   	 80.57   	 -15.26		
-46.69   	 44.56   	 80.51   	 -25.43		
-59.51   	 68.97   	 80.41   	 -30.52		
-71.72   	107.73   	 80.28   	 -40.69		
-69.58   	156.25   	 80.12   	 -50.86		
-33.57   	206.60   	 79.92   	 -45.78		
 49.74   	252.99   	 79.74   	 -61.04		
180.66   	299.38   	 79.49   	 -61.04		
348.51   	354.92   	 79.25   	 -55.95		
540.16   	422.06   	 79.02   	 -61.04		
750.43   	486.45   	 78.78   	 -66.12		
977.17   	506.90(R)	 78.51   	 -55.95		
1202.70   	429.38   	 78.29   	 -45.78		
1375.43   	241.70   	 78.11   	 -50.86		
1420.90   	  4.88   	 77.90   	 -40.69		
1289.06   	-174.87   	 77.74   	 -30.52		
995.18   	-205.99   	 77.62   	 -30.52		
624.08   	-86.36   	 77.50   	 -30.52		
285.34   	 84.23   	 77.38   	 -40.69		
 51.88   	183.11   	 77.21   	 -55.95		
-68.05   	163.57   	 76.99   	 -45.78		
-113.53   	 73.85   	 76.81   	 -20.35		
-126.04   	 -0.31   	 76.72   	 -20.35		
-127.87   	-10.07   	 76.64(D)	   0.00		
-125.73   	 28.69   	 76.64   	  35.61		
-122.07   	 68.05   	 76.79   	  66.12		
-119.93   	 78.43   	 77.05   	 101.73		
-121.46   	 64.70   	 77.46   	 162.77		
-124.82   	 49.13   	 78.11   	 178.03		
-127.26   	 44.56   	 78.82   	 101.73		
-127.26   	 50.35   	 79.23   	 -15.26		
-126.65   	 58.29   	 79.17   	 -86.47		
-127.26   	 62.87   	 78.82   	 -91.56		
-128.48   	 62.56   	 78.45   	 -15.26		
-129.09   	 59.20   	 78.39   	 127.16		
-129.70   	 55.85   	 78.90   	 284.84		
-130.62   	 55.54   	 80.04   	 417.09		
-131.53   	 58.29   	 81.71   	 498.47		
-132.45   	 61.65   	 83.70   	 528.99		
-132.75   	 64.09   	 85.82   	 544.25		
-132.45   	 65.92   	 88.00   	 549.34		
-131.23   	 67.14   	 90.19   	 534.08		
-129.70   	 68.05   	 92.33   	 457.78		
-129.39   	 68.66   	 94.16   	 371.31		
-131.23   	 69.89   	 95.65   	 279.75		
-134.58   	 71.41   	 96.76   	 188.20		
-137.94   	 74.46   	 97.52   	  81.38		
-139.16   	 77.51   	 97.84   	  -5.09		
-138.55   	 79.96   	 97.82   	 -35.61		
-137.02   	 81.18   	 97.68   	 -30.52		
-136.72   	 82.40   	 97.56   	 -15.26		
-138.24   	 84.53   	 97.50   	  25.43		
-140.99   	 88.20   	 97.60   	  66.12		
-144.04   	 92.47   	 97.86   	 142.42		
-147.40   	 94.91   	 98.43   	 233.98		
-151.37   	 95.21   	 99.37   	 259.41		
-156.56   	 93.99   	100.41   	 228.89		
-162.96   	 92.77   	101.32   	 172.94		
-169.68   	 93.69   	102.01   	 122.07		
-176.39   	 96.74   	102.50   	  81.38		
-183.72   	100.40   	102.83   	  91.56		
-192.26   	102.54   	103.19   	 122.07		
-203.55   	102.54   	103.68   	 101.73		
-216.98   	101.01   	104.09   	  76.30		
-231.93   	100.10   	104.39   	  66.12		
-246.58   	101.93   	104.66   	  40.69		
-260.62   	106.51   	104.82   	  25.43		
-274.35   	112.61   	104.92   	   5.09		
-287.78   	118.41   	104.94(S)	 -25.43		
-300.29   	122.38   	104.84   	 -55.95		
-310.36   	125.43   	104.62   	 -61.04		
-317.08   	127.87   	104.37   	 -81.38		
-319.52   	130.31   	104.05   	-116.99		
-318.60   	133.06   	103.58   	-152.59		
-313.72   	137.02   	102.97   	-188.20		
-303.96   	142.82   	102.22   	-213.63		
-288.39   	151.06   	101.36   	-233.98		
-267.64   	159.61   	100.43   	-259.41		
-242.92   	165.71   	 99.39   	-239.06		
-217.29   	167.54   	 98.43   	-208.54		
-191.04   	165.10   	 97.60   	-178.03		
-164.79   	159.30   	 96.89   	 -86.47		
-137.94   	152.28   	 96.54   	 132.25		
-112.00   	144.65   	 97.07   	 335.71		
-87.89   	137.02   	 98.41   	 412.00		
-66.53   	128.78   	100.06   	 376.40		
-48.83   	120.85   	101.57   	 259.41		
-33.87   	112.92   	102.60   	  76.30		
-21.06   	106.51   	102.91   	-152.59		
-10.07   	101.93   	102.30   	-274.67		
 -1.22   	100.10   	101.20   	-254.32		
  5.19   	 99.79   	100.18   	-218.72		
 10.07   	 99.79   	 99.31   	-188.20		
 13.43   	 98.88   	 98.56   	-152.59		
 16.78   	 96.44   	 97.94   	-111.90		
 19.84   	 92.77   	 97.50   	 -50.86		
 21.97   	 87.89   	 97.29   	  -5.09		
 22.58   	 83.01   	 97.27   	 -20.35		
 22.28   	 79.04   	 97.19   	 -61.04		
 21.36   	 77.21   	 96.95   	 -81.38		
 21.36   	 78.43   	 96.62   	 -86.47		
 22.28   	 82.70   	 96.28   	 -81.38		
 23.80   	 88.20   	 95.95   	 -81.38		
 25.33   	 92.77   	 95.63   	 -76.30		
 25.94   	 94.91   	 95.32   	 -81.38		
 25.63   	 94.30   	 94.99   	 -76.30		
 23.19   	 93.08   	 94.69   	 -81.38		
 19.23   	 93.08   	 94.36   	 -81.38		
 14.34   	 93.99   	 94.04   	 -86.47		
  9.46   	 94.91   	 93.69   	 -76.30		
  6.10   	 93.38   	 93.39   	 -91.56		
  4.58   	 90.03   	 93.02   	 -91.56		
  4.27   	 86.98   	 92.65   	 -91.56		
  3.66   	 86.36   	 92.29   	 -96.64		
  1.83   	 89.11   	 91.90   	 -96.64		
 -1.53   	 93.69   	 91.52   	 -76.30		
 -4.58   	 98.27   	 91.21   	 -66.12		
 -4.58   	103.15   	 90.95   	 -50.86		
 -0.61   	109.25   	 90.74   	 -50.86		
  5.80   	116.58   	 90.54   	 -45.78		
 12.51   	122.99   	 90.36   	 -40.69		
 16.78   	126.34   	 90.19   	 -40.69		
 18.31   	127.26   	 90.03   	 -45.78		
 19.23   	126.95   	 89.85   	 -40.69		
 20.75   	127.87   	 89.68   	 -40.69		
 22.89   	128.17   	 89.52   	 -45.78		
 24.41   	126.04   	 89.34   	 -40.69		
 24.41   	122.68   	 89.18   	 -25.43		
 22.58   	121.46   	 89.07   	 -25.43		
 19.53   	125.73   	 88.97   	 -35.61		
 16.17   	135.19   	 88.83   	 -61.04		
 15.56   	145.57   	 88.59   	 -71.21		
 19.23   	151.98   	 88.30   	 -55.95		
 27.16   	154.72   	 88.08   	 -66.12		
 37.23   	157.78   	 87.81   	 -66.12		
 45.78   	165.10   	 87.55   	 -55.95		
 50.96   	179.14   	 87.32   	 -55.95		
 55.54   	200.50   	 87.10   	 -71.21		
 64.39   	227.97   	 86.82   	 -40.69		
 79.96   	255.43   	 86.65   	 -45.78		
101.32   	272.52   	 86.47   	 -55.95		
123.90   	269.47   	 86.25   	 -45.78		
141.60   	242.92   	 86.06   	 -61.04		
150.76   	202.33   	 85.82   	 -66.12		
152.28   	162.35   	 85.55   	 -81.38		
148.93   	134.58   	 85.23   	 -71.21		
143.13   	119.93   	 84.94   	 -40.69		
133.97   	111.39   	 84.78   	 -50.86		
116.58   	102.54   	 84.58   	 -45.78		
 86.98   	 90.64   	 84.39   	 -50.86		
 45.78   	 75.99   	 84.19   	 -55.95		
  1.83   	 58.90   	 83.97   	 -71.21		
-33.57   	 39.67   	 83.68   	 -76.30		
-52.19   	 19.53   	 83.38   	 -86.47		
-53.71   	  3.66   	 83.03   	-116.99		
-45.47   	 -2.44   	 82.56   	-116.99		
-36.93   	  0.00   	 82.10   	 -86.47		
-33.87   	  5.80   	 81.75   	 -50.86		
-35.40   	  8.54   	 81.55   	   5.09		
-38.15   	  6.41   	 81.57   	  71.21		
-39.06   	  3.66   	 81.85   	  66.12		
-36.32   	  5.19   	 82.12   	  25.43		
-32.04   	 11.90   	 82.22   	  10.17		
-28.38   	 19.84   	 82.26   	 -15.26		
-26.86   	 24.41   	 82.20   	 -71.21		
-28.38   	 23.50   	 81.91   	 -86.47		
-30.82   	 20.45   	 81.57   	-101.73		
-32.96   	 18.62   	 81.16   	-127.16		
-32.65   	 20.14   	 80.65   	-127.16		
-30.52   	 24.41   	 80.14   	-127.16		
-29.30   	 32.04   	 79.63   	-127.16		
-32.96   	 47.91   	 79.12   	 -81.38		
-43.64   	 75.38   	 78.80   	  -5.09		
-55.24   	113.83   	 78.78   	  35.61		
-51.57   	156.86   	 78.92   	  30.52		
-13.43   	196.84   	 79.04   	  71.21		
 73.85   	233.15   	 79.33   	  50.86		
209.96   	276.49   	 79.53   	 -40.69		
381.16   	338.75   	 79.37   	 -61.04		
571.59   	418.40   	 79.12   	 -20.35		
773.93   	495.91   	 79.04   	 -30.52		
986.94   	525.51(R)	 78.92   	 -50.86		
1195.37   	455.32   	 78.72   	 -10.17		
1348.88   	280.76   	 78.68   	   5.09		
1374.21   	 63.48   	 78.70   	 -61.04		
1224.06   	-97.35   	 78.45   	 -96.64		
918.27   	-125.12   	 78.07   	-101.73		
547.18   	-28.99   	 77.66   	-122.07		
223.08   	 96.44   	 77.17   	-116.99		
 15.87   	151.06   	 76.70   	 -61.04		
-76.90   	110.78   	 76.46(D)	   5.09		
-101.93   	 30.82   	 76.48   	  50.86		
-104.98   	-19.23   	 76.68   	  71.21		
-107.42   	-13.43   	 76.97   	  96.64		
-111.08   	 22.28   	 77.35   	 116.99		
-112.30   	 47.91   	 77.82   	 116.99		
-110.78   	 49.13   	 78.29   	 147.51		
-109.25   	 38.45   	 78.88   	 178.03		
-108.34   	 33.26   	 79.59   	 116.99		
-107.42   	 36.62   	 80.06   	 -30.52		
-107.73   	 41.50   	 79.94   	-152.59		
-109.56   	 42.72   	 79.33   	-188.20		
-112.92   	 40.89   	 78.58   	-178.03		
-114.75   	 39.06   	 77.86   	-101.73		
-114.14   	 38.76   	 77.46   	  -5.09		
-112.30   	 40.28   	 77.44   	  40.69		
-111.08   	 42.11   	 77.60   	 101.73		
-111.39   	 43.03   	 78.01   	 239.06		
-112.61   	 42.11   	 78.96   	 366.22		
-113.22   	 41.20   	 80.43   	 442.52		
-113.53   	 41.81   	 82.20   	 523.90		
-112.92   	 44.56   	 84.29   	 554.42		
-112.92   	 47.91   	 86.51   	 549.34		
-114.14   	 49.74   	 88.71   	 503.56		
-117.19   	 49.74   	 90.72   	 391.66		
-120.24   	 48.83   	 92.29   	 249.24		
-122.07   	 48.52   	 93.29   	 172.94		
-122.07   	 49.74   	 93.98   	 101.73		
-121.77   	 52.19   	 94.38   	   5.09		
-122.38   	 55.24   	 94.40   	 -50.86		
-123.29   	 58.59   	 94.20   	 -35.61		
-124.21   	 62.56   	 94.06   	  45.78		
-124.21   	 67.44   	 94.24   	  86.47		
-124.51   	 72.33   	 94.59   	 111.90		
-127.26   	 75.68   	 95.04   	 162.77		
-133.36   	 76.29   	 95.69   	 203.46		
-140.99   	 74.46   	 96.50   	 223.80		
-148.01   	 71.72   	 97.40   	 188.20		
-153.81   	 69.89   	 98.15   	 122.07		
-159.30   	 69.27   	 98.64   	  81.38		
-167.24   	 70.19   	 98.96   	  86.47		
-177.61   	 71.41   	 99.31   	  86.47		
-190.12   	 72.02   	 99.65   	  71.21		
-203.25   	 71.41   	 99.94   	  55.95		
-215.76   	 71.11   	100.16   	  10.17		
-228.27   	 72.02   	100.20(S)	 -10.17		
-241.09   	 75.38   	100.16   	   0.00		
-255.13   	 79.96   	100.16   	 -10.17		
-269.78   	 83.92   	100.12   	  -5.09		
-283.81   	 86.36   	100.10   	   0.00		
-295.10   	 87.59   	100.10   	 -15.26		
-302.73   	 89.42   	100.04   	 -35.61		
-305.18   	 92.47   	 99.90   	 -91.56		
-303.04   	 95.52   	 99.53   	-152.59		
-296.02   	 97.96   	 98.92   	-183.11		
-284.42   	 99.49   	 98.19   	-203.46		
-268.86   	101.62   	 97.37   	-244.15		
-249.63   	104.68   	 96.40   	-284.84		
-227.05   	108.03   	 95.26   	-269.58		
-202.64   	109.56   	 94.18   	-259.41		
-176.70   	107.12   	 93.14   	-223.80		
-150.15   	101.01   	 92.25   	-106.82		
-124.51   	 92.77   	 91.82   	  50.86		
-100.71   	 83.92   	 92.02   	 274.67		
-79.65   	 75.99   	 93.12   	 396.74		
-61.65   	 69.27   	 94.71   	 361.14		
-46.08   	 63.78   	 96.15   	 279.75		
-32.04   	 58.90   	 97.27   	 178.03		
-19.23   	 54.63   	 97.99   	 -20.35		
 -8.24   	 50.35   	 97.90   	-152.59		
  0.00   	 46.39   	 97.29   	-122.07		
  5.49   	 43.64   	 96.81   	 -71.21		
  9.46   	 41.81   	 96.52   	 -66.12		
 12.82   	 40.89   	 96.26   	 -86.47		
 16.48   	 39.67   	 95.91   	-162.77		
 20.14   	 37.23   	 95.26   	-157.68		
 22.28   	 32.96   	 94.63   	-106.82		
 22.89   	 28.69   	 94.20   	-101.73		
 22.89   	 26.25   	 93.79   	-122.07		
 22.89   	 26.86   	 93.31   	-101.73		
 23.50   	 29.60   	 92.90   	 -81.38		
 23.80   	 32.65   	 92.57   	 -50.86		
 23.19   	 33.87   	 92.37   	 -30.52		
 22.28   	 32.65   	 92.25   	  -5.09		
 21.67   	 30.52   	 92.23   	   0.00		
 21.67   	 28.69   	 92.23   	 -30.52		
 21.36   	 28.08   	 92.11   	 -71.21		
 19.53   	 27.77   	 91.82   	 -91.56		
 15.26   	 27.16   	 91.45   	-101.73		
 10.38   	 25.63   	 91.05   	 -96.64		
  6.10   	 24.41   	 90.66   	 -81.38		
  3.97   	 24.11   	 90.34   	 -76.30		
  3.05   	 24.41   	 90.03   	 -55.95		
  2.44   	 24.72   	 89.81   	 -45.78		
  1.22   	 25.02   	 89.62   	 -20.35		
  0.00   	 26.55   	 89.54   	 -15.26		
  0.61   	 31.43   	 89.48   	 -20.35		
  3.36   	 39.06   	 89.40   	 -15.26		
  7.32   	 46.69   	 89.34   	 -20.35		
 10.99   	 49.74   	 89.26   	 -45.78		
 13.12   	 47.00   	 89.07   	 -55.95		
 14.95   	 40.89   	 88.85   	 -50.86		
 17.70   	 38.15   	 88.65   	 -40.69		
 22.28   	 42.11   	 88.48   	 -40.69		
 27.16   	 50.05   	 88.32   	 -45.78		
 29.30   	 55.24   	 88.14   	 -30.52		
 28.69   	 53.41   	 88.02   	 -15.26		
 25.94   	 47.61   	 87.95   	 -20.35		
 23.19   	 44.25   	 87.87   	 -25.43		
 21.06   	 48.83   	 87.77   	 -25.43		
 20.14   	 59.81   	 87.67   	 -20.35		
 21.36   	 72.02   	 87.59   	 -25.43		
 25.94   	 80.57   	 87.49   	 -40.69		
 33.57   	 85.45   	 87.32   	 -35.61		
 42.42   	 88.81   	 87.18   	 -40.69		
 50.35   	 94.60   	 87.02   	 -35.61		
 56.46   	106.20   	 86.88   	 -30.52		
 64.39   	125.73   	 86.75   	 -30.52		
 77.21   	150.15   	 86.63   	 -45.78		
 95.83   	172.12   	 86.45   	 -45.78		
117.49   	180.66   	 86.27   	 -40.69		
136.72   	167.85   	 86.10   	 -50.86		
149.23   	135.19   	 85.90   	 -40.69		
153.50   	 94.91   	 85.74   	 -40.69		
151.98   	 59.51   	 85.57   	 -35.61		
146.48   	 36.62   	 85.43   	 -35.61		
138.55   	 25.02   	 85.29   	 -35.61		
125.12   	 18.31   	 85.15   	 -35.61		
102.23   	 10.68   	 85.00   	 -35.61		
 68.36   	 -1.53   	 84.86   	 -30.52		
 27.47   	-19.84   	 84.74   	 -35.61		
-10.99   	-43.33   	 84.60   	 -40.69		
-38.15   	-68.36   	 84.44   	 -40.69		
-49.44   	-88.81   	 84.27   	 -40.69		
-47.61   	-98.88   	 84.11   	 -45.78		
-40.28   	-97.66   	 83.93   	 -50.86		
-34.79   	-90.33   	 83.72   	 -50.86		
-33.87   	-84.23   	 83.52   	 -61.04		
-36.32   	-83.62   	 83.28   	 -66.12		
-38.76   	-87.28   	 83.01   	 -66.12		
-39.37   	-91.55   	 82.75   	 -71.21		
-37.84   	-91.86   	 82.46   	 -55.95		
-36.01   	-88.81   	 82.24   	 -45.78		
-35.71   	-84.23   	 82.05   	 -25.43		
-36.62   	-80.87   	 81.95   	 -15.26		
-37.23   	-78.43   	 81.89   	 -10.17		
-36.32   	-76.60   	 81.85   	   0.00		
-34.48   	-74.77   	 81.85   	  -5.09		
-33.26   	-72.33   	 81.83   	 -10.17		
-34.79   	-68.66   	 81.79   	 -15.26		
-40.59   	-59.51   	 81.73   	 -30.52		
-51.57   	-39.06   	 81.61   	 -30.52		
-64.09   	 -5.19   	 81.48   	 -40.69		
-68.36   	 38.45   	 81.32   	 -45.78		
-47.00   	 83.92   	 81.14   	 -55.95		
 15.56   	125.43   	 80.92   	 -50.86		
126.95   	168.76   	 80.71   	 -50.86		
281.07   	225.52   	 80.51   	 -50.86		
463.56   	300.60   	 80.30   	 -55.95		
665.89   	383.91   	 80.08   	 -61.04		
885.93   	441.89(R)	 79.84   	 -10.17		
1113.28   	418.40   	 79.80   	 132.25		
1309.20   	279.85   	 80.33   	  55.95		
1403.50   	 60.12   	 80.55   	  50.86		
1332.70   	-150.45   	 80.75   	  45.78		
1088.56   	-249.02   	 80.94   	 -61.04		
735.78   	-195.62   	 80.69   	-162.77		
381.77   	-52.49   	 80.04   	-279.75		
115.97   	 60.73   	 78.92   	-310.27		
-35.10   	 68.97   	 77.68   	-239.06		
-100.40   	-10.07   	 76.72   	-208.54		
-122.38   	-97.96   	 75.89   	 -50.86		
-128.78   	-131.53   	 75.69(D)	 122.07		
-128.48   	-106.81   	 76.17   	 142.42		
-124.51   	-64.70   	 76.74   	 228.89		
-120.24   	-43.33   	 77.66   	 279.75		
-119.63   	-48.83   	 78.78   	 284.84		
-122.38   	-63.48   	 79.92   	 274.67		
-124.82   	-70.80   	 81.02   	 137.33		
-125.12   	-68.97   	 81.57   	 -35.61		
-123.90   	-63.78   	 81.42   	-127.16		
-124.21   	-59.81   	 80.92   	-157.68		
-125.43   	-58.90   	 80.28   	-127.16		
-126.65   	-60.42   	 79.78   	 -25.43		
-127.56   	-61.95   	 79.67   	 142.42		
-128.17   	-61.65   	 80.24   	 300.10		
-129.09   	-59.81   	 81.44   	 518.82		
-130.00   	-57.68   	 83.52   	 752.79		
-130.62   	-56.76   	 86.53   	 661.24		
-130.92   	-56.46   	 89.18   	 651.07		
-132.14   	-55.85   	 91.78   	 605.29		
-133.97   	-54.63   	 94.20   	 401.83		
-136.11   	-52.80   	 95.81   	 198.37		
-137.94   	-50.35   	 96.60   	  61.04		
-138.85   	-47.00   	 96.85   	  91.56		
-136.72   	-36.62   	 97.21   	  61.04		
-137.94   	-34.79   	 97.46   	 106.82		
-140.08   	-32.96   	 97.88   	 147.51		
-143.13   	-31.13   	 98.47   	 167.85		
-146.48   	-29.30   	 99.15   	 183.11		
-150.45   	-27.77   	 99.88   	 167.85		
-154.11   	-25.94   	100.55   	 162.77		
-156.86   	-23.80   	101.20   	 178.03		
-159.30   	-21.06   	101.91   	 183.11		
-162.35   	-18.31   	102.64   	 157.68		
-167.24   	-15.87   	103.28   	 152.59		
-174.26   	-14.04   	103.89   	 106.82		
-183.11   	-12.51   	104.31   	  40.69		
-192.57   	-11.60   	104.48   	  20.35		
-203.55   	-10.68   	104.56   	  61.04		
-216.37   	 -9.46   	104.80   	  81.38		
-231.02   	 -8.54   	105.13   	  96.64		
-247.19   	 -7.02   	105.51   	  96.64		
-263.06   	 -4.88   	105.90   	  81.38		
-277.40   	 -1.83   	106.23   	  45.78		
-290.53   	  1.22   	106.41   	  40.69		
-302.73   	  3.97   	106.57   	  35.61		
-313.72   	  6.10   	106.71   	  20.35		
-322.88   	  8.24   	106.80(S)	 -20.35		
-328.67   	 10.99   	106.71   	 -61.04		
-329.90   	 14.95   	106.47   	-101.73		
-326.54   	 19.23   	106.06   	-137.33		
-318.91   	 24.41   	105.51   	-157.68		
-307.01   	 30.21   	104.88   	-167.85		
-290.22   	 36.32   	104.21   	-198.37		
-267.33   	 42.11   	103.42   	-239.06		
-239.26   	 46.08   	102.46   	-279.75		
-208.13   	 47.00   	101.34   	-305.19		
-177.61   	 44.25   	100.12   	-239.06		
-149.84   	 38.15   	 99.17   	 -40.69		
-125.12   	 30.52   	 99.00   	 233.98		
-102.84   	 22.89   	 99.94   	 432.35		
-82.09   	 16.17   	101.67   	 457.78		
-63.17   	 10.38   	103.50   	 350.97		
-47.61   	  5.19   	104.90   	 172.94		
-35.40   	  0.61   	105.59   	 -45.78		
-25.94   	 -3.97   	105.41   	-249.24		
-18.01   	 -7.93   	104.41   	-310.27		
-10.99   	-11.90   	103.17   	-244.15		
 -3.97   	-14.95   	102.20   	-193.29		
  2.75   	-17.09   	101.42   	-167.85		
  8.54   	-17.70   	100.75   	-218.72		
 12.82   	-17.40   	 99.88   	-432.35		
 15.56   	-17.70   	 98.15   	-356.05		
 16.48   	-18.92   	 96.72   	-569.68		
 16.17   	-21.06   	 94.45   	-864.70		
 15.87   	-23.19   	 90.99   	 239.06		
 15.87   	-24.72   	 91.94   	1286.87		
 16.48   	-25.33   	 97.09   	1093.59		
 17.09   	-24.72   	101.46   	 559.51		
 17.40   	-23.80   	103.70   	 208.54		
 15.56   	-22.28   	104.54   	-183.11		
 11.60   	-20.45   	103.80   	-493.39		
  6.71   	-19.23   	101.83   	-635.81		
  2.75   	-18.62   	 99.29   	-635.81		
  0.92   	-18.31   	 96.74   	-462.87		
  0.92   	-18.31   	 94.89   	-152.59		
  0.92   	-18.01   	 94.28   	  45.78		
 -0.31   	-17.70   	 94.47   	  71.21		
 -2.75   	-17.70   	 94.75   	  55.95		
 -5.80   	-18.01   	 94.97   	  15.26		
 -8.54   	-18.62   	 95.04   	 -66.12		
-10.99   	-18.01   	 94.77   	-147.51		
-12.51   	-14.95   	 94.18   	-208.54		
-13.12   	 -8.54   	 93.35   	-203.46		
-11.90   	  0.00   	 92.53   	-162.77		
 -9.16   	  8.54   	 91.88   	-111.90		
 -5.19   	 14.04   	 91.43   	 -71.21		
 -0.61   	 15.56   	 91.15   	   0.00		
  3.97   	 15.26   	 91.15   	  86.47		
  8.54   	 17.40   	 91.50   	 132.25		
 11.90   	 22.58   	 92.02   	  96.64		
 14.04   	 27.77   	 92.41   	  55.95		
 14.95   	 27.77   	 92.63   	  50.86		
 14.34   	 21.06   	 92.84   	  35.61		
 12.21   	 12.21   	 92.98   	 -10.17		
  8.54   	  8.54   	 92.94   	 -45.78		
  4.58   	 14.04   	 92.76   	 -45.78		
  2.14   	 25.94   	 92.57   	  -5.09		
  4.27   	 37.84   	 92.55   	 -15.26		
 11.29   	 45.78   	 92.49   	 -50.86		
 20.75   	 51.27   	 92.29   	 -91.56		
 28.99   	 57.68   	 91.92   	-132.25		
 34.79   	 68.36   	 91.39   	-142.42		
 40.59   	 85.45   	 90.82   	-147.51		
 51.88   	108.95   	 90.23   	-137.33		
 71.11   	135.50   	 89.68   	 -71.21		
 96.13   	157.17   	 89.40   	 -55.95		
120.24   	164.18   	 89.18   	 -66.12		
137.33   	150.15   	 88.91   	 -76.30		
144.96   	118.41   	 88.61   	 -61.04		
145.87   	 80.57   	 88.36   	 -40.69		
144.35   	 48.83   	 88.20   	 -35.61		
141.91   	 28.08   	 88.06   	 -20.35		
135.19   	 15.87   	 87.98   	 -20.35		
118.71   	  6.10   	 87.89   	 -25.43		
 88.81   	 -6.10   	 87.79   	 -35.61		
 46.69   	-22.89   	 87.65   	 -35.61		
  0.31   	-43.95   	 87.51   	 -20.35		
-38.76   	-66.53   	 87.43   	  15.26		
-62.56   	-87.28   	 87.49   	  30.52		
-68.97   	-100.71   	 87.61   	  10.17		
-63.17   	-103.76   	 87.65   	 -10.17		
-54.32   	-98.88   	 87.61   	 -81.38		
-49.44   	-92.16   	 87.28   	-137.33		
-50.35   	-89.42   	 86.73   	-147.51		
-53.10   	-90.94   	 86.14   	-152.59		
-54.02   	-93.99   	 85.53   	-122.07		
-51.27   	-94.60   	 85.05   	 -61.04		
-47.91   	-91.55   	 84.80   	 -15.26		
-46.69   	-86.67   	 84.74   	   0.00		
-48.52   	-82.70   	 84.74   	 -40.69		
-51.88   	-79.96   	 84.58   	 -76.30		
-52.80   	-78.13   	 84.27   	 -71.21		
-49.74   	-75.07   	 83.99   	 -50.86		
-44.25   	-71.11   	 83.78   	 -40.69		
-39.67   	-66.22   	 83.62   	 -15.26		
-39.37   	-59.51   	 83.56   	  20.35		
-46.69   	-47.00   	 83.64   	  30.52		
-61.04   	-24.11   	 83.76   	  20.35		
-75.99   	 11.29   	 83.85   	  -5.09		
-77.21   	 55.85   	 83.82   	 -40.69		
-44.86   	102.84   	 83.66   	 -61.04		
 35.71   	149.54   	 83.42   	 -76.30		
167.24   	200.20   	 83.11   	 -91.56		
337.83   	263.37   	 82.75   	 -91.56		
532.23   	337.52   	 82.38   	 -76.30		
743.10   	406.80   	 82.07   	 -35.61		
968.32   	430.60(R)	 81.93   	 -15.26		
1192.93   	356.75   	 81.87   	  10.17		
1366.88   	173.34   	 81.91   	   5.09		
1417.54   	-61.95   	 81.93   	 -20.35		
1292.72   	-245.97   	 81.85   	 -20.35		
1004.33   	-287.78   	 81.77   	 -35.61		
634.16   	-180.66   	 81.63   	 -55.95		
291.75   	-17.70   	 81.40   	 -71.21		
 53.10   	 82.70   	 81.12   	-111.90		
-71.72   	 69.89   	 80.67   	-157.68		
-119.02   	-12.82   	 80.04   	-198.37		
-129.39   	-83.62   	 79.25   	-218.72		
-126.95   	-93.69   	 78.37   	-122.07		
-120.85   	-56.76   	 77.88   	  45.78		
-115.05   	-17.09   	 78.07   	 147.51		
-114.14   	 -5.19   	 78.66   	 147.51		
-118.71   	-16.78   	 79.25   	  81.38		
-124.82   	-31.74   	 79.57   	 -20.35		
-126.65   	-36.32   	 79.49   	-167.85		
-124.21   	-31.43   	 78.82   	-284.84		
-120.54   	-24.72   	 77.68   	-249.24		
-119.93   	-20.14   	 76.68   	 -66.12		
-122.07   	-19.84   	 76.42(D)	 132.25		
-124.82   	-22.89   	 76.95   	 295.01		
-126.34   	-25.63   	 78.13   	 401.83		
-126.65   	-25.94   	 79.74   	 493.39		
-126.34   	-23.50   	 81.71   	 528.99		
-126.34   	-20.14   	 83.82   	 513.73		
-127.87   	-16.48   	 85.88   	 493.39		
-130.00   	-12.82   	 87.85   	 467.95		
-131.23   	 -8.54   	 89.72   	 427.26		
-130.31   	 -4.88   	 91.43   	 371.31		
-128.78   	 -3.36   	 92.92   	 295.01		
-128.78   	 -4.88   	 94.10   	 233.98		
-131.84   	 -7.63   	 95.04   	 193.29		
-135.80   	 -9.46   	 95.81   	 147.51		
-138.55   	 -7.63   	 96.40   	 111.90		
-138.55   	 -2.44   	 96.85   	  76.30		
-137.02   	  3.66   	 97.15   	  40.69		
-135.80   	  8.54   	 97.31   	  45.78		
-137.63   	 10.07   	 97.50   	  81.38		
-141.60   	  9.77   	 97.82   	  96.64		
-146.18   	  8.85   	 98.21   	 127.16		
-150.45   	  9.46   	 98.72   	 152.59		
-153.81   	 12.51   	 99.33   	 178.03		
-157.78   	 17.70   	100.04   	 162.77		
-163.27   	 23.50   	100.69   	 137.33		
-170.29   	 28.38   	101.24   	 147.51		
-178.22   	 31.74   	101.83   	 198.37		
-187.07   	 33.26   	102.62   	 183.11		
-196.53   	 34.18   	103.36   	 132.25		
-207.82   	 35.40   	103.89   	 127.16		
-221.56   	 36.62   	104.39   	  81.38		
-236.82   	 38.45   	104.72   	  -5.09		
-252.38   	 41.20   	104.70   	 -20.35		
-267.03   	 45.47   	104.62   	  55.95		
-281.07   	 50.05   	104.84   	 167.85		
-294.80   	 54.02   	105.51   	 233.98		
-308.53   	 56.46   	106.45   	 198.37		
-320.74   	 57.68   	107.24   	  96.64		
-329.28   	 59.20   	107.63(S)	 -96.64		
-331.73   	 62.56   	107.24   	-412.00		
-328.98   	 68.36   	105.59   	-559.51		
-321.04   	 76.29   	103.36   	-366.22		
-309.75   	 85.14   	101.89   	 -10.17		
-295.10   	 93.38   	101.85   	 167.85		
-276.79   	 99.49   	102.52   	 122.07		
-255.13   	102.23   	103.01   	 -30.52		
-229.80   	101.93   	102.89   	-172.94		
-201.42   	 99.18   	102.20   	-249.24		
-171.81   	 95.52   	101.20   	-254.32		
-142.21   	 91.25   	100.18   	-132.25		
-114.75   	 86.36   	 99.65   	  91.56		
-90.33   	 80.87   	100.02   	 259.41		
-69.27   	 75.07   	101.06   	 289.93		
-51.57   	 69.27   	102.22   	 218.72		
-37.23   	 62.56   	103.09   	   5.09		
-25.94   	 54.93   	103.11   	-264.50		
-16.78   	 47.61   	102.05   	-330.62		
 -8.54   	 42.11   	100.73   	-116.99		
 -0.31   	 39.98   	100.26   	 142.42		
  6.71   	 40.28   	100.83   	 208.54		
 11.29   	 39.37   	101.67   	 127.16		
 13.12   	 35.71   	102.18   	   0.00		
 12.82   	 29.60   	102.18   	-101.73		
 13.43   	 23.80   	101.77   	-137.33		
 15.26   	 22.28   	101.22   	-152.59		
 18.62   	 25.33   	100.61   	-244.15		
 22.28   	 31.43   	 99.63   	-300.10		
 25.33   	 37.23   	 98.43   	-218.72		
 27.47   	 39.98   	 97.56   	-122.07		
 28.99   	 39.98   	 97.07   	 -55.95		
 28.38   	 37.54   	 96.85   	 -20.35		
 25.33   	 34.18   	 96.76   	  20.35		
 19.53   	 30.82   	 96.85   	  15.26		
 13.73   	 28.99   	 96.91   	 -35.61		
  9.46   	 28.99   	 96.76   	 -81.38		
  7.93   	 30.52   	 96.44   	 -96.64		
  8.24   	 32.35   	 96.05   	-106.82		
  8.24   	 33.26   	 95.63   	 -91.56		
  6.41   	 33.26   	 95.26   	 -61.04		
  2.75   	 33.87   	 95.01   	 -25.43		
 -2.14   	 35.71   	 94.91   	  20.35		
 -6.71   	 38.15   	 94.99   	  40.69		
 -9.46   	 40.28   	 95.16   	  30.52		
 -9.46   	 42.72   	 95.28   	  10.17		
 -6.41   	 46.39   	 95.32   	 -35.61		
 -1.83   	 52.49   	 95.18   	-132.25		
  2.44   	 60.12   	 94.65   	-193.29		
  5.80   	 65.61   	 93.88   	-228.89		
  8.24   	 66.53   	 92.96   	-259.41		
 10.99   	 64.09   	 91.92   	-254.32		
 14.65   	 62.26   	 90.91   	-203.46		
 18.92   	 64.39   	 90.09   	-137.33		
 22.89   	 69.58   	 89.54   	 -76.30		
 25.33   	 72.94   	 89.24   	  -5.09		
 26.55   	 72.02   	 89.22   	  30.52		
 27.47   	 68.66   	 89.34   	  45.78		
 27.47   	 68.05   	 89.52   	  66.12		
 25.63   	 74.16   	 89.79   	  96.64		
 23.19   	 86.06   	 90.17   	  71.21		
 22.58   	 98.27   	 90.46   	  15.26		
 26.55   	107.12   	 90.52   	 -30.52		
 35.71   	112.92   	 90.40   	 -86.47		
 47.30   	118.10   	 90.05   	-111.90		
 57.07   	126.04   	 89.60   	-122.07		
 63.78   	139.47   	 89.11   	-106.82		
 71.41   	159.61   	 88.69   	 -61.04		
 84.84   	183.72   	 88.44   	 -30.52		
104.37   	204.16   	 88.32   	  -5.09		
126.34   	210.88   	 88.30   	  20.35		
144.65   	198.36   	 88.38   	  40.69		
155.33   	169.37   	 88.54   	  35.61		
158.69   	134.58   	 88.69   	  10.17		
157.17   	104.98   	 88.73   	   0.00		
152.89   	 84.84   	 88.73   	 -35.61		
145.26   	 70.80   	 88.59   	 -66.12		
131.23   	 59.20   	 88.32   	 -86.47		
107.12   	 47.61   	 87.98   	-111.90		
 71.41   	 34.79   	 87.53   	-132.25		
 29.60   	 19.53   	 87.00   	-132.25		
 -8.85   	  0.61   	 86.47   	-137.33		
-34.18   	-20.75   	 85.92   	-137.33		
-42.72   	-38.45   	 85.37   	-116.99		
-38.76   	-46.39   	 84.90   	-101.73		
-31.43   	-43.33   	 84.50   	 -81.38		
-27.77   	-35.40   	 84.17   	 -35.61		
-28.69   	-30.21   	 84.03   	   0.00		
-31.74   	-30.52   	 84.03   	  25.43		
-32.65   	-34.48   	 84.13   	  20.35		
-30.82   	-36.93   	 84.21   	  10.17		
-28.69   	-35.40   	 84.25   	   0.00		
-28.08   	-31.13   	 84.25   	 -25.43		
-28.99   	-26.25   	 84.15   	 -61.04		
-30.21   	-22.58   	 83.91   	 -81.38		
-29.60   	-19.23   	 83.58   	-111.90		
-27.77   	-15.26   	 83.13   	-116.99		
-25.33   	-11.29   	 82.66   	 -91.56		
-24.41   	 -8.54   	 82.30   	 -66.12		
-26.25   	 -6.71   	 82.03   	 -30.52		
-32.35   	 -1.83   	 81.91   	   0.00		
-43.64   	 12.82   	 81.91   	   5.09		
-56.15   	 43.03   	 81.93   	  -5.09		
-58.29   	 87.89   	 81.91   	 -20.35		
-32.35   	139.16   	 81.83   	 -30.52		
 38.15   	189.21   	 81.71   	 -40.69		
158.39   	238.65   	 81.55   	 -35.61		
318.30   	295.41   	 81.40   	 -45.78		
501.71   	365.30   	 81.22   	-111.90		
698.24   	440.98   	 80.77   	-132.25		
907.29   	492.55(R)	 80.24   	-106.82		
1121.52   	465.09   	 79.82   	 -86.47		
1304.02   	328.06   	 79.47   	 -81.38		
1385.80   	116.27   	 79.15   	 -55.95		
1303.41   	-80.57   	 78.92   	 -40.69		
1049.80   	-166.32   	 78.76   	 -35.61		
692.44   	-109.25   	 78.62   	 -20.35		
342.41   	 23.50   	 78.53   	 -30.52		
 89.42   	119.63   	 78.41   	 -55.95		
-43.03   	116.88   	 78.19   	 -71.21		
-90.64   	 42.42   	 77.90   	 -45.78		
-102.54   	-29.60   	 77.72   	 -25.43		
-108.03   	-48.52   	 77.62(D)	   0.00		
-112.30   	-19.84   	 77.62   	  45.78		
-112.61   	 16.48   	 77.80   	  76.30		
-109.86   	 30.82   	 78.11   	 116.99		
-108.34   	 24.41   	 78.58   	 193.29		
-109.56   	 15.87   	 79.35   	 157.68		
-111.69   	 15.87   	 79.98   	   5.09		
-112.00   	 21.67   	 80.00   	-142.42		
-111.39   	 25.94   	 79.43   	-162.77		
-112.61   	 25.02   	 78.78   	-142.42		
-115.36   	 20.75   	 78.21   	 -66.12		
-118.41   	 16.17   	 77.94   	  61.04		
-120.54   	 14.34   	 78.19   	 188.20		
-121.46   	 16.78   	 78.94   	 289.93		
-121.15   	 21.06   	 80.10   	 371.31		
-120.24   	 23.80   	 81.59   	 457.78		
-120.24   	 25.02   	 83.42   	 554.42		
-120.54   	 26.25   	 85.64   	 574.77		
-120.54   	 29.60   	 87.93   	 544.25		
-119.93   	 35.10   	 90.11   	 518.82		
-118.41   	 40.89   	 92.19   	 447.61		
-117.80   	 44.86   	 93.98   	 350.97		
-118.71   	 46.69   	 95.38   	 259.41		
-120.85   	 46.69   	 96.42   	 172.94		
-123.60   	 45.47   	 97.11   	 111.90		
-125.43   	 43.95   	 97.56   	  35.61		
-125.73   	 44.25   	 97.70   	 -45.78		
-126.04   	 47.61   	 97.52   	 -66.12		
-127.26   	 53.41   	 97.25   	  -5.09		
-130.92   	 58.90   	 97.23   	  86.47		
-136.72   	 61.95   	 97.58   	 178.03		
-143.13   	 62.56   	 98.29   	 259.41		
-148.01   	 62.26   	 99.33   	 315.36		
-151.06   	 63.78   	100.59   	 279.75		
-152.89   	 67.44   	101.71   	 188.20		
-156.56   	 72.33   	102.46   	 157.68		
-162.96   	 76.29   	103.09   	 122.07		
-171.51   	 78.74   	103.58   	  71.21		
-181.58   	 80.26   	103.87   	  55.95		
-191.96   	 81.79   	104.09   	  55.95		
-203.55   	 83.62   	104.31   	  40.69		
-216.06   	 85.75   	104.48   	  30.52		
-229.49   	 87.28   	104.60   	  40.69		
-243.84   	 87.89   	104.76   	  55.95		
-258.48   	 87.59   	104.98   	  45.78		
-272.52   	 86.67   	105.17   	   5.09		
-285.64   	 86.98   	105.19   	 -25.43		
-296.94   	 89.72   	105.09   	 -55.95		
-305.18   	 95.21   	104.86   	 -61.04		
-309.75   	102.23   	104.62   	 -81.38		
-310.36   	109.25   	104.29   	-132.25		
-306.70   	115.36   	103.76   	-172.94		
-298.16   	119.93   	103.07   	-198.37		
-285.64   	122.38   	102.28   	-244.15		
-269.17   	123.29   	101.30   	-274.67		
-248.11   	124.51   	100.20   	-279.75		
-222.17   	126.95   	 99.08   	-249.24		
-192.26   	130.92   	 98.09   	-188.20		
-160.52   	133.67   	 97.33   	-111.90		
-130.62   	132.14   	 96.89   	  50.86		
-106.20   	124.21   	 97.09   	 279.75		
-87.89   	112.30   	 98.21   	 361.14		
-73.55   	101.01   	 99.65   	 310.27		
-60.42   	 93.08   	100.89   	 254.32		
-46.39   	 88.50   	101.91   	 162.77		
-32.35   	 85.45   	102.56   	 -20.35		
-20.14   	 81.48   	102.48   	-127.16		
-11.29   	 76.90   	101.97   	 -86.47		
 -5.80   	 72.63   	101.63   	 -40.69		
 -1.22   	 69.58   	101.46   	 -40.69		
  3.97   	 68.36   	101.30   	 -76.30		
  9.16   	 67.75   	101.00   	-142.42		
 13.12   	 67.44   	100.43   	-157.68		
 15.26   	 66.53   	 99.80   	-157.68		
 15.87   	 66.22   	 99.17   	-152.59		
 16.17   	 65.92   	 98.56   	-162.77		
 16.78   	 66.22   	 97.90   	-167.85		
 17.70   	 65.92   	 97.23   	-132.25		
 18.01   	 65.31   	 96.70   	 -86.47		
 16.78   	 64.09   	 96.36   	 -35.61		
 14.95   	 63.78   	 96.22   	   0.00		
 13.12   	 65.31   	 96.22   	  15.26		
 11.29   	 68.97   	 96.28   	  10.17		
 10.07   	 72.94   	 96.32   	 -30.52		
  8.54   	 75.68   	 96.19   	 -55.95		
  7.02   	 75.68   	 95.97   	 -66.12		
  5.80   	 73.85   	 95.71   	 -81.38		
  5.49   	 72.02   	 95.38   	-111.90		
  5.49   	 71.41   	 94.93   	-116.99		
  5.19   	 71.72   	 94.47   	 -91.56		
  3.97   	 72.02   	 94.10   	 -55.95		
  0.31   	 71.41   	 93.88   	 -45.78		
 -4.58   	 70.80   	 93.69   	 -66.12		
 -9.77   	 71.41   	 93.43   	 -61.04		
-13.12   	 74.77   	 93.18   	 -50.86		
-13.73   	 81.48   	 92.98   	 -55.95		
-11.60   	 89.11   	 92.76   	 -55.95		
 -8.24   	 95.21   	 92.53   	 -55.95		
 -4.88   	 97.35   	 92.31   	 -55.95		
 -1.53   	 95.52   	 92.09   	 -40.69		
  2.75   	 93.38   	 91.92   	 -35.61		
  7.93   	 94.30   	 91.78   	 -66.12		
 13.12   	 99.18   	 91.52   	 -71.21		
 16.48   	104.06   	 91.23   	 -50.86		
 16.78   	105.90   	 91.03   	 -30.52		
 13.73   	103.15   	 90.91   	 -35.61		
  8.54   	 99.79   	 90.76   	 -35.61		
  3.36   	100.40   	 90.62   	 -40.69		
  0.92   	107.42   	 90.46   	 -45.78		
  2.75   	119.02   	 90.27   	 -61.04		
  9.46   	130.92   	 90.03   	 -71.21		
 18.92   	141.30   	 89.75   	 -45.78		
 27.77   	149.23   	 89.56   	 -35.61		
 33.87   	156.56   	 89.42   	 -35.61		
 37.54   	166.93   	 89.28   	 -35.61		
 43.33   	184.02   	 89.13   	 -20.35		
 55.24   	207.52   	 89.05   	 -20.35		
 74.46   	231.32   	 88.97   	 -50.86		
 97.96   	244.45   	 88.77   	 -66.12		
119.02   	237.73   	 88.50   	 -50.86		
132.14   	210.57   	 88.30   	 -50.86		
136.72   	172.42   	 88.10   	 -45.78		
134.58   	137.02   	 87.91   	 -40.69		
130.00   	112.30   	 87.75   	 -25.43		
123.29   	 98.57   	 87.65   	 -30.52		
111.08   	 89.42   	 87.53   	 -40.69		
 88.81   	 80.26   	 87.36   	 -45.78		
 53.71   	 66.83   	 87.18   	 -35.61		
 10.68   	 48.52   	 87.04   	 -25.43		
-29.30   	 26.55   	 86.94   	 -20.35		
-56.76   	  3.66   	 86.86   	 -20.35		
-67.44   	-15.26   	 86.77   	 -20.35		
-64.39   	-25.02   	 86.69   	 -30.52		
-56.46   	-25.02   	 86.57   	 -40.69		
-50.66   	-18.62   	 86.41   	 -50.86		
-50.05   	-12.51   	 86.21   	 -55.95		
-52.19   	-10.38   	 85.98   	 -76.30		
-53.71   	-11.60   	 85.68   	 -76.30		
-53.10   	-13.43   	 85.37   	 -71.21		
-50.96   	-12.51   	 85.09   	 -71.21		
-49.13   	 -9.77   	 84.80   	 -55.95		
-49.74   	 -6.41   	 84.58   	 -25.43		
-51.57   	 -3.66   	 84.48   	 -15.26		
-52.80   	 -0.92   	 84.41   	   5.09		
-52.49   	  2.75   	 84.44   	   5.09		
-50.35   	  7.32   	 84.46   	   5.09		
-48.22   	 11.90   	 84.48   	  -5.09		
-48.22   	 16.48   	 84.46   	 -15.26		
-52.19   	 25.33   	 84.39   	 -20.35		
-61.95   	 44.56   	 84.31   	 -35.61		
-74.46   	 77.21   	 84.17   	 -45.78		
-80.57   	120.85   	 83.99   	 -55.95		
-63.78   	168.15   	 83.76   	 -55.95		
 -6.41   	213.32   	 83.54   	 -61.04		
100.40   	259.40   	 83.30   	 -50.86		
251.77   	317.38   	 83.09   	 -45.78		
432.74   	392.76   	 82.91   	 -50.86		
632.02   	476.07   	 82.71   	 -50.86		
846.86   	536.80   	 82.50   	 -55.95		
1070.56   	520.02   	 82.28   	  N/A		
