  I     	  II     	  PW     	  PW'		
 25.63   	-32.04   	 13.63   	 -55.95		
 12.82   	-32.96   	 13.41   	 -45.78		
  0.00   	-42.11   	 13.22   	 -35.61		
-10.68   	-55.24   	 13.08   	 -30.52		
-17.40   	-69.27   	 12.96   	 -25.43		
-20.45   	-81.18   	 12.86   	 -20.35		
-21.36   	-89.72   	 12.78   	 -25.43		
-21.36   	-93.69   	 12.68   	 -30.52		
-21.06   	-92.47   	 12.55   	 -30.52		
-20.75   	-88.50   	 12.43   	 -30.52		
-21.06   	-84.53   	 12.31   	 -25.43		
-21.97   	-83.62   	 12.21   	 -10.17		
-24.11   	-85.75   	 12.17   	  15.26		
-26.86   	-88.81   	 12.23   	  45.78		
-29.30   	-89.72   	 12.41   	  86.47		
-30.21   	-87.28   	 12.76   	 116.99		
-29.30   	-82.70   	 13.22   	 142.42		
-27.16   	-78.43   	 13.79   	 162.77		
-25.33   	-76.90   	 14.45   	 167.85		
-26.55   	-81.48   	 15.12   	 167.85		
-34.48   	-96.74   	 15.79   	 147.51		
-50.66   	-126.34   	 16.38   	 132.25		
-75.07   	-170.29   	 16.91   	 116.99		
-101.32   	-218.81   	 17.38   	 101.73		
-117.19   	-252.69   	 17.78   	  86.47		
-105.29   	-247.80   	 18.13   	  71.21		
-49.13   	-186.46   	 18.41   	  61.04		
 59.51   	-66.83   	 18.66   	  50.86		
215.15   	 99.18   	 18.86   	  40.69		
395.51   	297.24   	 19.02   	  35.61		
562.74   	524.60   	 19.17   	  25.43		
674.74   	781.56   	 19.27   	  20.35		
696.72   	1035.46   	 19.35   	  15.26		
463.56   	1233.22(R)	 19.41(A)	   0.00		
279.54   	1062.93   	 19.41   	  -5.09		
116.27   	751.95   	 19.39   	  -5.09		
  0.31   	418.09   	 19.37   	 -10.17		
-69.89   	170.90   	 19.33   	 -15.26		
-112.92   	 48.22   	 19.27   	 -10.17		
-143.13   	 19.84   	 19.23   	 -20.35		
-161.44   	 30.82   	 19.15   	 -15.26		
-161.44   	 41.81   	 19.08   	 -15.26		
-141.60   	 39.37   	 19.02   	 -20.35		
-109.86   	 23.80   	 18.94   	 -20.35		
-78.74   	 -3.66   	 18.86   	 -10.17		
-56.46   	-40.89   	 18.82   	  -5.09		
-45.47   	-78.74   	 18.80   	  -5.09		
-43.03   	-104.98   	 18.78   	   5.09		
-44.56   	-113.53   	 18.80   	   0.00		
-45.17   	-109.86   	 18.80   	   0.00		
-43.03   	-103.76   	 18.80   	 -10.17		
-37.54   	-101.32   	 18.76   	 -25.43		
-31.13   	-103.15   	 18.66   	 -35.61		
-26.55   	-106.81   	 18.51   	 -45.78		
-26.25   	-110.78   	 18.33   	 -50.86		
-28.69   	-113.53   	 18.13   	 -45.78		
-32.65   	-115.97   	 17.94   	 -40.69		
-35.40   	-117.49   	 17.78   	 -25.43		
-36.62   	-117.49   	 17.68   	 -10.17		
-36.01   	-115.36   	 17.64   	  10.17		
-35.10   	-112.92   	 17.68   	  25.43		
-34.18   	-112.00   	 17.78   	  35.61		
-32.96   	-113.22   	 17.92   	  45.78		
-30.82   	-114.75   	 18.11   	  45.78		
-28.08   	-115.05   	 18.29   	  45.78		
-26.25   	-113.83   	 18.47   	  30.52		
-25.33   	-112.30   	 18.60   	  20.35		
-25.33   	-111.69   	 18.68   	  10.17		
-24.11   	-111.39   	 18.72   	 -10.17		
-21.06   	-110.47   	 18.68   	 -20.35		
-17.09   	-108.03   	 18.60   	 -30.52		
-14.95   	-105.59   	 18.47   	 -40.69		
-15.56   	-104.37   	 18.31   	 -45.78		
-18.31   	-104.37   	 18.13   	 -45.78		
-20.14   	-103.76   	 17.94   	 -45.78		
-18.92   	-101.93   	 17.76   	 -45.78		
-16.17   	-98.57   	 17.58   	 -40.69		
-13.43   	-95.52   	 17.42   	 -30.52		
-12.51   	-93.69   	 17.29   	 -30.52		
-12.82   	-93.38   	 17.17   	 -25.43		
-12.82   	-91.86   	 17.07   	 -25.43		
-11.29   	-88.20   	 16.97   	 -20.35		
 -8.24   	-82.70   	 16.89   	 -20.35		
 -5.19   	-76.90   	 16.81   	 -20.35		
 -3.36   	-71.72   	 16.72   	 -20.35		
 -2.75   	-66.83   	 16.64   	 -20.35		
 -1.22   	-59.81   	 16.56   	 -20.35		
  2.44   	-49.74   	 16.48   	 -25.43		
  7.93   	-37.84   	 16.38   	 -25.43		
 11.29   	-28.69   	 16.28   	 -25.43		
 11.29   	-23.19   	 16.17   	 -25.43		
  8.54   	-19.53   	 16.07   	 -30.52		
  6.10   	-13.43   	 15.95   	 -20.35		
  5.80   	 -3.36   	 15.87   	 -25.43		
  7.02   	  9.16   	 15.77   	 -25.43		
  8.24   	 20.14   	 15.67   	 -20.35		
  7.93   	 28.08   	 15.58   	 -20.35		
  7.93   	 34.48   	 15.50   	 -20.35		
  9.16   	 43.33   	 15.42   	 -15.26		
 10.99   	 55.54   	 15.36   	 -15.26		
 12.82   	 68.36   	 15.30   	 -15.26		
 13.73   	 77.82   	 15.24   	 -10.17		
 14.65   	 81.18   	 15.20   	 -10.17		
 16.78   	 79.65   	 15.16   	 -10.17		
 20.14   	 76.60   	 15.12   	 -10.17		
 24.11   	 75.07   	 15.08   	 -10.17		
 27.47   	 74.16   	 15.04   	 -10.17		
 29.30   	 70.19   	 14.99   	 -10.17		
 27.47   	 58.59   	 14.95   	 -10.17		
 21.06   	 38.76   	 14.91   	 -10.17		
 11.29   	 15.56   	 14.87   	  -5.09		
  0.61   	 -4.27   	 14.85   	 -10.17		
 -7.32   	-16.48   	 14.81   	 -10.17		
-11.60   	-21.97   	 14.77   	  -5.09		
-13.43   	-25.63   	 14.75   	 -10.17		
-15.56   	-31.43   	 14.71   	 -10.17		
-17.40   	-39.37   	 14.67   	 -10.17		
-18.31   	-46.69   	 14.63   	 -10.17		
-16.78   	-50.05   	 14.59   	 -10.17		
-14.04   	-50.05   	 14.55   	 -10.17		
-12.21   	-48.52   	 14.51   	 -10.17		
-14.04   	-49.44   	 14.47   	 -15.26		
-18.92   	-53.10   	 14.40   	 -10.17		
-24.72   	-58.59   	 14.36   	 -10.17		
-28.38   	-62.87   	 14.32   	 -15.26		
-28.69   	-63.78   	 14.26   	 -15.26		
-26.25   	-60.73   	 14.20   	 -15.26		
-23.19   	-55.85   	 14.14   	 -20.35		
-21.36   	-50.96   	 14.06   	 -25.43		
-21.36   	-48.52   	 13.96   	 -30.52		
-23.19   	-48.83   	 13.84   	 -40.69		
-24.41   	-50.96   	 13.67   	 -35.61		
-24.41   	-53.10   	 13.53   	 -45.78		
-23.50   	-54.32   	 13.35   	 -35.61		
-23.19   	-53.71   	 13.20   	 -35.61		
-23.80   	-50.96   	 13.06   	 -25.43		
-24.41   	-46.69   	 12.96   	 -15.26		
-23.80   	-42.72   	 12.90   	   0.00		
-21.97   	-40.89   	 12.90   	  10.17		
-20.75   	-41.50   	 12.94   	  25.43		
-21.36   	-42.11   	 13.04   	  30.52		
-24.11   	-40.89   	 13.16   	  40.69		
-28.08   	-37.84   	 13.33   	  35.61		
-31.43   	-34.79   	 13.47   	  40.69		
-32.96   	-34.18   	 13.63   	  30.52		
-32.04   	-36.32   	 13.75   	  30.52		
-28.69   	-38.76   	 13.88   	  25.43		
-24.11   	-39.67   	 13.98   	  20.35		
-19.84   	-38.45   	 14.06   	  15.26		
-17.40   	-36.32   	 14.12   	  15.26		
-17.40   	-34.48   	 14.18   	  15.26		
-17.40   	-34.18   	 14.24   	  10.17		
-16.48   	-34.79   	 14.28   	  15.26		
-14.65   	-36.32   	 14.34   	   5.09		
-14.95   	-38.15   	 14.36   	  10.17		
-19.23   	-40.59   	 14.40   	   5.09		
-26.25   	-42.42   	 14.43   	   5.09		
-31.43   	-43.95   	 14.45   	   5.09		
-32.04   	-45.78   	 14.47   	   0.00		
-28.08   	-48.52   	 14.47   	   0.00		
-23.19   	-51.88   	 14.47   	   0.00		
-19.84   	-54.02   	 14.47   	   0.00		
-18.31   	-54.02   	 14.47   	  -5.09		
-16.78   	-51.27   	 14.45   	  -5.09		
-15.56   	-48.52   	 14.43   	 -10.17		
-15.87   	-47.61   	 14.38   	 -10.17		
-19.23   	-48.83   	 14.34   	 -10.17		
-24.41   	-50.96   	 14.30   	 -20.35		
-28.38   	-53.41   	 14.22   	 -20.35		
-28.08   	-56.15   	 14.14   	 -25.43		
-24.11   	-60.12   	 14.04   	 -25.43		
-19.84   	-64.39   	 13.94   	 -35.61		
-17.09   	-67.75   	 13.79   	 -30.52		
-16.48   	-67.14   	 13.67   	 -40.69		
-17.40   	-61.95   	 13.51   	 -35.61		
-18.62   	-54.93   	 13.37   	 -40.69		
-19.53   	-50.35   	 13.20   	 -45.78		
-20.45   	-51.57   	 13.02   	 -40.69		
-21.06   	-57.68   	 12.86   	 -40.69		
-21.36   	-64.39   	 12.70   	 -45.78		
-21.06   	-68.36   	 12.51   	 -45.78		
-21.67   	-68.66   	 12.33   	 -40.69		
-22.58   	-68.66   	 12.17   	 -45.78		
-24.41   	-69.89   	 11.98   	 -40.69		
-25.33   	-72.33   	 11.82   	 -40.69		
-24.72   	-72.94   	 11.66   	 -45.78		
-23.19   	-70.80   	 11.48   	 -40.69		
-21.67   	-66.53   	 11.31   	 -40.69		
-21.67   	-62.56   	 11.15   	 -40.69		
-22.28   	-60.12   	 10.99   	 -40.69		
-22.58   	-57.98   	 10.82   	 -40.69		
-20.45   	-53.41   	 10.66   	 -40.69		
-15.87   	-44.25   	 10.50   	 -40.69		
-10.07   	-30.21   	 10.34   	 -40.69		
 -5.49   	-14.95   	 10.17   	 -35.61		
 -3.36   	 -1.53   	 10.03   	 -40.69		
 -2.14   	  7.02   	  9.87   	 -35.61		
 -0.31   	 10.07   	  9.73   	 -30.52		
  3.97   	 10.07   	  9.60   	 -35.61		
 10.07   	 10.99   	  9.46   	 -35.61		
 15.56   	 14.34   	  9.32   	 -30.52		
 19.53   	 21.06   	  9.20   	 -35.61		
 22.89   	 30.52   	  9.05   	 -30.52		
 27.77   	 40.28   	  8.93   	 -35.61		
 34.48   	 46.08   	  8.79   	 -30.52		
 42.42   	 43.95   	  8.67   	 -25.43		
 48.83   	 31.13   	  8.57   	 -30.52		
 51.57   	  7.93   	  8.44   	 -30.52		
 50.66   	-19.53   	  8.32   	 -25.43		
 48.22   	-43.03   	  8.22   	 -30.52		
 46.08   	-55.24   	  8.10   	 -30.52		
 44.25   	-55.24   	  7.98   	 -30.52		
 39.98   	-47.61   	  7.85   	 -30.52		
 30.21   	-40.59   	  7.73   	 -30.52		
 13.43   	-40.59   	  7.61   	 -30.52		
 -7.32   	-49.74   	  7.49   	 -30.52		
-24.41   	-64.39   	  7.37   	 -25.43		
-32.04   	-79.04   	  7.26   	 -20.35		
-30.52   	-90.94   	  7.18   	 -25.43		
-25.63   	-98.57   	  7.08   	 -20.35		
-24.72   	-101.62   	  7.00   	 -20.35		
-29.30   	-101.32   	  6.92   	 -20.35		
-36.32   	-98.27   	  6.84   	 -25.43		
-39.67   	-94.30   	  6.73   	 -25.43		
-37.23   	-90.33   	  6.63   	 -25.43		
-31.43   	-87.28   	  6.53   	 -25.43		
-26.55   	-86.06   	  6.43   	 -25.43		
-25.94   	-86.36   	  6.33   	 -20.35		
-28.99   	-88.20   	  6.25   	 -15.26		
-33.87   	-90.33   	  6.19   	 -10.17		
-38.15   	-90.94   	  6.14   	   0.00		
-39.67   	-90.94   	  6.14   	   0.00		
-39.98   	-93.38   	  6.14   	   5.09		
-42.72   	-103.45   	  6.16   	  10.17		
-53.41   	-125.12   	  6.21   	  15.26		
-74.77   	-160.52   	  6.27   	  20.35		
-103.76   	-203.55   	  6.35   	  20.35		
-128.48   	-240.78   	  6.43   	  25.43		
-130.92   	-252.08   	  6.53   	  25.43		
-93.38   	-218.81   	  6.63   	  25.43		
 -3.36   	-130.62   	  6.73   	  25.43		
138.55   	  9.77   	  6.84   	  25.43		
315.86   	192.87   	  6.94   	  20.35		
494.38   	411.99   	  7.02   	  25.43		
628.97   	664.06   	  7.12   	  15.26		
680.24   	921.33   	  7.18   	  35.61		
489.81   	1177.06(R)	  7.32   	  15.26		
308.53   	1057.43   	  7.39   	  15.26		
137.63   	788.88   	  7.45   	  10.17		
 10.68   	469.36   	  7.49   	  15.26		
-68.36   	206.91   	  7.55   	  10.17		
-116.58   	 52.80   	  7.59   	  10.17		
-151.98   	 -6.41   	  7.63   	   5.09		
-179.75   	-11.60   	  7.65   	   5.09		
-191.35   	  0.31   	  7.67   	   0.00		
-179.44   	 11.29   	  7.67   	  -5.09		
-147.09   	 14.04   	  7.65   	   0.00		
-108.03   	  1.53   	  7.65   	  -5.09		
-76.60   	-28.69   	  7.63   	  -5.09		
-59.20   	-69.27   	  7.61   	   0.00		
-53.71   	-104.06   	  7.61   	   0.00		
-52.80   	-121.46   	  7.61   	   0.00		
-51.27   	-122.38   	  7.61   	 -10.17		
-48.52   	-117.19   	  7.57   	 -10.17		
-45.17   	-115.36   	  7.53   	 -15.26		
-42.11   	-119.63   	  7.47   	 -20.35		
-39.98   	-127.26   	  7.39   	 -15.26		
-38.76   	-133.06   	  7.32   	 -15.26		
-39.37   	-133.67   	  7.26   	   0.00		
-40.89   	-130.00   	  7.26   	   5.09		
-42.11   	-125.73   	  7.28   	  20.35		
-41.20   	-124.82   	  7.37   	  25.43		
-37.84   	-128.17   	  7.47   	  35.61		
-33.87   	-133.67   	  7.61   	  35.61		
-31.74   	-137.33   	  7.75   	  30.52		
-32.65   	-135.50   	  7.87   	  25.43		
-36.01   	-129.70   	  7.98   	  20.35		
-39.37   	-123.90   	  8.06   	   5.09		
-39.98   	-122.68   	  8.08(A)	   0.00		
-37.84   	-127.26   	  8.08   	 -10.17		
-33.57   	-134.28   	  8.04   	 -20.35		
-29.30   	-137.94   	  7.96   	 -25.43		
-26.86   	-134.58   	  7.85   	 -30.52		
-25.33   	-125.43   	  7.73   	 -35.61		
-23.80   	-114.44   	  7.59   	 -35.61		
-21.06   	-105.90   	  7.45   	 -40.69		
-17.09   	-102.23   	  7.28   	 -45.78		
-14.65   	-104.37   	  7.10   	 -50.86		
-15.87   	-110.78   	  6.90   	 -50.86		
-19.84   	-116.88   	  6.69   	 -50.86		
-23.80   	-117.49   	  6.49   	 -55.95		
-23.80   	-111.39   	  6.27   	 -50.86		
-18.01   	-101.32   	  6.06   	 -50.86		
 -8.24   	-92.77   	  5.86   	 -50.86		
  0.61   	-88.50   	  5.66   	 -45.78		
  4.88   	-87.28   	  5.47   	 -40.69		
  3.66   	-84.84   	  5.31   	 -35.61		
 -0.92   	-79.96   	  5.17   	 -30.52		
 -3.97   	-73.85   	  5.05   	 -30.52		
 -2.14   	-68.97   	  4.92   	 -30.52		
  3.97   	-66.22   	  4.80   	 -20.35		
 10.99   	-63.78   	  4.72   	 -20.35		
 14.65   	-58.90   	  4.64   	 -20.35		
 12.51   	-51.88   	  4.56   	 -10.17		
  6.71   	-44.25   	  4.52   	 -15.26		
  0.92   	-37.54   	  4.46   	  -5.09		
 -1.53   	-32.35   	  4.44   	  -5.09		
  0.00   	-27.16   	  4.42   	  -5.09		
  2.44   	-20.75   	  4.39   	  -5.09		
  4.58   	-11.90   	  4.37   	  -5.09		
  5.80   	 -1.83   	  4.35   	  -5.09		
  6.71   	  8.85   	  4.33   	 -10.17		
  8.54   	 18.92   	  4.29   	 -10.17		
 10.68   	 28.08   	  4.25   	 -10.17		
 13.12   	 35.71   	  4.21   	 -15.26		
 15.56   	 40.59   	  4.15   	 -10.17		
 18.62   	 40.89   	  4.11   	 -15.26		
 20.14   	 36.93   	  4.05   	 -15.26		
 19.53   	 32.35   	  3.99   	 -10.17		
 16.17   	 30.21   	  3.95   	 -15.26		
 11.90   	 30.82   	  3.89   	 -10.17		
  8.54   	 30.52   	  3.85   	 -15.26		
  6.71   	 24.72   	  3.78   	 -10.17		
  5.19   	 11.29   	  3.74   	 -10.17		
  3.05   	 -5.49   	  3.70   	 -10.17		
 -0.92   	-20.75   	  3.66   	 -10.17		
 -5.49   	-31.43   	  3.62   	 -10.17		
-10.68   	-39.06   	  3.58   	 -10.17		
-16.78   	-45.17   	  3.54   	 -10.17		
-23.80   	-50.05   	  3.50   	  -5.09		
-30.21   	-52.49   	  3.48   	  -5.09		
-33.87   	-50.96   	  3.46   	  -5.09		
-33.57   	-47.61   	  3.44   	  -5.09		
-30.21   	-45.47   	  3.42   	   0.00		
-26.25   	-47.61   	  3.42   	  -5.09		
-24.11   	-53.71   	  3.40   	   0.00		
-25.02   	-60.12   	  3.40   	 -10.17		
-26.55   	-62.56   	  3.36   	 -15.26		
-27.77   	-60.73   	  3.30   	 -15.26		
-28.38   	-57.37   	  3.23   	 -25.43		
-29.91   	-55.54   	  3.13   	 -30.52		
-32.04   	-55.85   	  3.01   	 -30.52		
-32.65   	-54.63   	  2.89   	 -25.43		
-29.91   	-48.83   	  2.79   	 -25.43		
-24.72   	-39.37   	  2.69   	 -15.26		
-20.14   	-31.13   	  2.62   	 -10.17		
-19.23   	-28.99   	  2.58   	  -5.09		
-22.89   	-32.96   	  2.56   	   5.09		
-28.99   	-39.98   	  2.58   	   5.09		
-33.57   	-45.17   	  2.60   	  15.26		
-34.79   	-45.47   	  2.67   	  10.17		
-32.96   	-40.89   	  2.71   	  15.26		
-29.60   	-35.10   	  2.77   	  20.35		
-26.86   	-30.82   	  2.85   	  15.26		
-25.94   	-29.30   	  2.91   	  15.26		
-27.16   	-29.91   	  2.97   	  15.26		
-28.69   	-29.30   	  3.03   	  20.35		
-28.69   	-25.94   	  3.11   	  20.35		
-26.55   	-22.58   	  3.19   	  20.35		
-23.80   	-23.50   	  3.28   	  20.35		
-21.97   	-29.30   	  3.36   	  20.35		
-23.19   	-37.23   	  3.44   	  15.26		
-25.63   	-40.89   	  3.50   	  15.26		
-26.86   	-37.54   	  3.56   	  10.17		
-25.63   	-30.21   	  3.60   	   0.00		
-22.58   	-26.25   	  3.60   	   0.00		
-20.75   	-31.13   	  3.60   	   0.00		
-21.67   	-43.03   	  3.60   	   0.00		
-24.11   	-55.85   	  3.60   	  -5.09		
-26.55   	-62.26   	  3.58   	   0.00		
-28.38   	-60.42   	  3.58   	   5.09		
-30.52   	-52.80   	  3.60   	   0.00		
-33.26   	-45.47   	  3.60   	   5.09		
-35.40   	-42.72   	  3.62   	   0.00		
-33.57   	-44.86   	  3.62   	   5.09		
-28.08   	-49.13   	  3.64   	   5.09		
-21.36   	-52.19   	  3.66   	  10.17		
-18.92   	-52.49   	  3.70   	   5.09		
-22.89   	-53.10   	  3.72   	  10.17		
-31.13   	-57.07   	  3.76   	  15.26		
-38.15   	-64.39   	  3.83   	  10.17		
-39.67   	-70.80   	  3.87   	  15.26		
-36.01   	-72.02   	  3.93   	  10.17		
-30.82   	-67.14   	  3.97   	  10.17		
-28.08   	-61.04   	  4.01   	  15.26		
-28.99   	-58.29   	  4.07   	  10.17		
-31.43   	-60.73   	  4.11   	  10.17		
-32.65   	-66.22   	  4.15   	  10.17		
-32.35   	-72.02   	  4.19   	  10.17		
-30.82   	-75.99   	  4.23   	  10.17		
-29.91   	-77.21   	  4.27   	  10.17		
-30.82   	-75.68   	  4.31   	  10.17		
-32.65   	-70.19   	  4.35   	  15.26		
-33.87   	-62.26   	  4.42   	  10.17		
-33.26   	-53.71   	  4.46   	  15.26		
-31.43   	-49.44   	  4.52   	  15.26		
-29.30   	-51.27   	  4.58   	  10.17		
-28.38   	-58.29   	  4.62   	  15.26		
-29.30   	-66.53   	  4.68   	  10.17		
-30.52   	-70.19   	  4.72   	  10.17		
-30.52   	-65.92   	  4.76   	  10.17		
-29.30   	-53.41   	  4.80   	  10.17		
-28.38   	-35.10   	  4.84   	   5.09		
-26.86   	-15.87   	  4.86   	  10.17		
-23.19   	  0.00   	  4.90   	   5.09		
-16.78   	 10.38   	  4.92   	   5.09		
 -8.85   	 13.73   	  4.94   	   0.00		
 -2.14   	 10.68   	  4.94   	   5.09		
  0.61   	  4.88   	  4.96   	   5.09		
 -0.92   	  0.00   	  4.98   	   5.09		
 -4.58   	  0.92   	  5.01   	   0.00		
 -6.41   	  9.16   	  5.01   	   5.09		
 -2.75   	 24.41   	  5.03   	   5.09		
  6.71   	 40.28   	  5.05   	   5.09		
 19.53   	 49.13   	  5.07   	   5.09		
 31.43   	 43.64   	  5.09   	   5.09		
 38.15   	 22.58   	  5.11   	  10.17		
 39.06   	 -8.24   	  5.15   	  10.17		
 36.01   	-37.54   	  5.19   	  15.26		
 32.04   	-55.24   	  5.25   	  15.26		
 26.86   	-58.59   	  5.31   	  20.35		
 18.62   	-50.96   	  5.39   	  15.26		
  6.10   	-40.89   	  5.45   	  25.43		
 -9.16   	-36.32   	  5.55   	  15.26		
-23.50   	-41.81   	  5.62   	  20.35		
-32.96   	-57.07   	  5.70   	  20.35		
-36.62   	-77.51   	  5.78   	  15.26		
-36.01   	-95.52   	  5.84   	  20.35		
-35.40   	-104.98   	  5.92   	  15.26		
-36.93   	-104.98   	  5.98   	  20.35		
-40.89   	-99.18   	  6.06   	  15.26		
-45.17   	-93.69   	  6.12   	  20.35		
-46.69   	-91.25   	  6.21   	  20.35		
-44.25   	-91.86   	  6.29   	  20.35		
-39.98   	-93.08   	  6.37   	  15.26		
-38.15   	-94.30   	  6.43   	  20.35		
-41.20   	-95.52   	  6.51   	  20.35		
-48.22   	-97.05   	  6.59   	  20.35		
-55.24   	-97.66   	  6.67   	  25.43		
-57.68   	-96.13   	  6.78   	  25.43		
-55.24   	-93.08   	  6.88   	  35.61		
-52.49   	-92.77   	  7.02   	  35.61		
-54.32   	-100.10   	  7.16   	  40.69		
-65.31   	-120.54   	  7.32   	  45.78		
-85.14   	-156.25   	  7.51   	  50.86		
-109.86   	-203.55   	  7.71   	  55.95		
-130.92   	-247.50   	  7.93   	  55.95		
-135.50   	-267.64   	  8.16   	  66.12		
-108.95   	-242.61   	  8.42   	  66.12		
-36.93   	-162.05   	  8.69   	  66.12		
 85.14   	-27.47   	  8.95   	  66.12		
246.58   	152.89   	  9.22   	  55.95		
415.95   	372.01   	  9.44   	  55.95		
548.71   	628.66   	  9.66   	  45.78		
604.25   	902.10   	  9.85   	  71.21		
436.40   	1226.81(R)	 10.13   	  25.43		
267.33   	1140.75   	 10.23   	  25.43		
104.68   	885.01   	 10.34   	  20.35		
-17.70   	553.59   	 10.42   	  25.43		
-93.38   	265.20   	 10.52   	  20.35		
-135.80   	 89.11   	 10.60   	  25.43		
-164.49   	 19.53   	 10.70   	  30.52		
-187.07   	 10.38   	 10.82   	  30.52		
-199.89   	 16.78   	 10.95   	  30.52		
-195.92   	 18.92   	 11.07   	  35.61		
-173.95   	 14.34   	 11.21   	  35.61		
-140.69   	  2.44   	 11.35   	  35.61		
-105.90   	-19.84   	 11.50   	  35.61		
-77.82   	-51.27   	 11.64   	  30.52		
-60.42   	-83.01   	 11.76   	  30.52		
-53.41   	-105.29   	 11.88   	  20.35		
-54.02   	-115.36   	 11.96   	  20.35		
-57.98   	-117.49   	 12.04   	  20.35		
-60.73   	-117.19   	 12.13   	  15.26		
-59.81   	-116.27   	 12.19   	  20.35		
-54.93   	-114.75   	 12.27   	  20.35		
-48.52   	-114.44   	 12.35   	  25.43		
-44.86   	-116.58   	 12.45   	  30.52		
-44.86   	-121.77   	 12.57   	  40.69		
-47.30   	-127.26   	 12.74   	  40.69		
-49.44   	-130.00   	 12.90   	  45.78		
-48.83   	-127.26   	 13.08   	  50.86		
-45.78   	-121.15   	 13.29   	  45.78		
-41.20   	-115.97   	 13.47   	  40.69		
-37.84   	-115.66   	 13.63   	  40.69		
-36.93   	-120.24   	 13.79   	  35.61		
-38.45   	-126.34   	 13.94   	  25.43		
-40.89   	-130.31   	 14.04   	  20.35		
-43.33   	-129.70   	 14.12   	  15.26		
-43.03   	-124.51   	 14.18   	   5.09		
-39.67   	-116.88   	 14.20   	   5.09		
-34.48   	-108.95   	 14.22(A)	 -10.17		
-30.21   	-102.54   	 14.18   	 -10.17		
-28.99   	-98.57   	 14.14   	 -20.35		
-29.91   	-97.35   	 14.06   	 -25.43		
-31.43   	-97.05   	 13.96   	 -30.52		
-31.13   	-96.13   	 13.84   	 -30.52		
-28.99   	-94.30   	 13.71   	 -40.69		
-26.86   	-92.47   	 13.55   	 -35.61		
-27.16   	-91.86   	 13.41   	 -35.61		
-28.38   	-91.86   	 13.27   	 -30.52		
-28.38   	-92.77   	 13.14   	 -25.43		
-25.94   	-93.38   	 13.04   	 -20.35		
-20.75   	-92.47   	 12.96   	 -15.26		
-15.56   	-89.42   	 12.90   	 -15.26		
-12.82   	-84.53   	 12.84   	 -10.17		
-13.12   	-79.04   	 12.80   	 -10.17		
-14.04   	-74.46   	 12.76   	  -5.09		
-13.73   	-71.41   	 12.74   	 -10.17		
-12.21   	-69.58   	 12.70   	 -10.17		
-10.38   	-66.83   	 12.66   	  -5.09		
 -9.77   	-62.26   	 12.63   	  -5.09		
-10.07   	-56.76   	 12.61   	   0.00		
 -9.77   	-49.74   	 12.61   	   0.00		
 -7.63   	-41.20   	 12.61   	   0.00		
 -3.36   	-31.74   	 12.61   	  10.17		
  0.31   	-21.06   	 12.66   	  10.17		
  0.92   	-11.90   	 12.70   	  10.17		
 -2.75   	 -5.80   	 12.74   	  10.17		
-10.07   	 -2.44   	 12.78   	  10.17		
-17.09   	  1.22   	 12.82   	  10.17		
-20.75   	  8.24   	 12.86   	   5.09		
-18.62   	 19.84   	 12.88   	   5.09		
-12.51   	 33.57   	 12.90   	   0.00		
 -4.88   	 45.47   	 12.90   	  -5.09		
  1.53   	 52.80   	 12.88   	   0.00		
  6.10   	 56.15   	 12.88   	  -5.09		
  8.85   	 57.37   	 12.86   	   0.00		
 10.38   	 57.98   	 12.86   	  -5.09		
  9.46   	 55.85   	 12.84   	   0.00		
  3.97   	 48.83   	 12.84   	   0.00		
 -4.88   	 38.15   	 12.84   	   0.00		
-13.73   	 27.16   	 12.84   	   5.09		
-16.48   	 20.45   	 12.86   	   0.00		
-12.21   	 18.31   	 12.86   	   0.00		
 -5.80   	 17.40   	 12.86   	   5.09		
 -3.97   	 12.82   	 12.88   	   5.09		
-10.68   	  3.97   	 12.90   	   0.00		
-22.58   	 -6.41   	 12.90   	   5.09		
-32.96   	-15.87   	 12.92   	  10.17		
-37.54   	-22.58   	 12.96   	   5.09		
-37.23   	-26.86   	 12.98   	  10.17		
-34.79   	-28.99   	 13.02   	   5.09		
-32.65   	-27.77   	 13.04   	   5.09		
-30.52   	-23.19   	 13.06   	   0.00		
-28.99   	-17.70   	 13.06   	   0.00		
-29.30   	-14.95   	 13.06   	  -5.09		
-32.96   	-17.40   	 13.04   	 -10.17		
-37.84   	-23.80   	 13.00   	 -15.26		
-41.50   	-30.21   	 12.94   	 -10.17		
-42.11   	-32.65   	 12.90   	 -15.26		
-40.59   	-29.91   	 12.84   	  -5.09		
-39.06   	-22.89   	 12.82   	  -5.09		
-39.06   	-13.73   	 12.80   	   5.09		
-38.76   	 -6.10   	 12.82   	   5.09		
-37.23   	 -2.44   	 12.84   	  10.17		
-35.10   	 -3.05   	 12.88   	  15.26		
-32.35   	 -4.88   	 12.94   	  20.35		
-28.38   	 -3.97   	 13.02   	  15.26		
-23.50   	  0.92   	 13.08   	  20.35		
-19.53   	  6.41   	 13.16   	  20.35		
-20.14   	  8.24   	 13.25   	  15.26		
-25.63   	  4.88   	 13.31   	  20.35		
-33.26   	 -0.61   	 13.39   	  15.26		
-37.54   	 -3.05   	 13.45   	  15.26		
-36.01   	 -0.92   	 13.51   	  20.35		
-31.13   	  3.05   	 13.59   	  25.43		
-27.16   	  5.80   	 13.69   	  30.52		
-26.55   	  5.19   	 13.81   	  40.69		
-28.38   	  3.05   	 13.98   	  45.78		
-29.91   	  1.53   	 14.16   	  55.95		
-29.30   	  2.75   	 14.38   	  55.95		
-27.16   	  5.49   	 14.61   	  61.04		
-24.41   	  6.71   	 14.85   	  50.86		
-22.58   	  5.49   	 15.06   	  50.86		
-21.97   	  1.22   	 15.26   	  45.78		
-23.19   	 -3.66   	 15.44   	  30.52		
-24.41   	 -7.02   	 15.56   	  30.52		
-25.02   	 -7.63   	 15.69   	  20.35		
-24.41   	 -7.63   	 15.77   	  20.35		
-24.11   	 -9.46   	 15.85   	  15.26		
-25.63   	-14.34   	 15.91   	  10.17		
-29.30   	-21.06   	 15.95   	  10.17		
-33.26   	-26.86   	 15.99   	  10.17		
-35.10   	-28.69   	 16.03   	   5.09		
-34.18   	-26.55   	 16.05   	   5.09		
-31.13   	-21.97   	 16.07   	   5.09		
-28.08   	-17.09   	 16.09   	   5.09		
-25.63   	-13.43   	 16.11   	   5.09		
-25.02   	-11.90   	 16.13   	   5.09		
-26.55   	-13.43   	 16.15   	   5.09		
-30.21   	-17.09   	 16.17   	  10.17		
-34.18   	-20.75   	 16.22   	   5.09		
-36.32   	-22.28   	 16.24   	   5.09		
-34.79   	-21.36   	 16.26   	   0.00		
-30.82   	-19.23   	 16.26   	   5.09		
-26.55   	-18.31   	 16.28(V)	   0.00		
-24.72   	-20.45   	 16.28   	  -5.09		
-26.55   	-24.41   	 16.26   	  -5.09		
-31.74   	-29.60   	 16.24   	  -5.09		
-37.84   	-35.10   	 16.22   	 -10.17		
-43.33   	-39.98   	 16.17   	 -10.17		
-46.39   	-43.03   	 16.13   	  -5.09		
-46.39   	-43.33   	 16.11   	 -10.17		
-43.64   	-41.20   	 16.07   	  -5.09		
-39.67   	-37.23   	 16.05   	 -10.17		
-35.71   	-33.26   	 16.01   	 -10.17		
-31.74   	-30.21   	 15.97   	  -5.09		
-28.08   	-28.38   	 15.95   	 -10.17		
-25.63   	-28.08   	 15.91   	  -5.09		
-25.94   	-28.08   	 15.89   	 -10.17		
-28.38   	-26.86   	 15.85   	  -5.09		
-31.43   	-21.67   	 15.83   	  -5.09		
-32.04   	-11.60   	 15.81   	 -10.17		
-28.69   	  4.27   	 15.77   	  -5.09		
-22.58   	 23.50   	 15.75   	  -5.09		
-15.56   	 41.81   	 15.73   	 -10.17		
 -9.46   	 55.24   	 15.69   	  -5.09		
 -4.88   	 59.51   	 15.67   	  -5.09		
 -3.05   	 54.63   	 15.65   	  -5.09		
 -3.66   	 44.56   	 15.63   	  -5.09		
 -4.88   	 35.71   	 15.61   	  -5.09		
 -3.97   	 35.10   	 15.58   	 -10.17		
  1.53   	 46.08   	 15.54   	  -5.09		
 11.90   	 65.31   	 15.52   	  -5.09		
 24.41   	 81.18   	 15.50   	 -10.17		
 34.18   	 82.40   	 15.46   	 -10.17		
 39.06   	 63.48   	 15.42   	  -5.09		
 38.76   	 29.30   	 15.40   	 -15.26		
 35.40   	 -6.41   	 15.34   	 -10.17		
 30.21   	-29.30   	 15.30   	 -10.17		
 24.72   	-32.96   	 15.26   	 -15.26		
 18.62   	-21.97   	 15.20   	 -15.26		
 10.38   	 -6.41   	 15.14   	 -15.26		
 -0.31   	  3.05   	 15.08   	 -15.26		
-13.12   	  1.22   	 15.02   	 -10.17		
-25.33   	-11.29   	 14.97   	 -10.17		
-34.18   	-30.52   	 14.93   	 -10.17		
-37.54   	-50.35   	 14.89   	 -10.17		
-36.93   	-66.22   	 14.85   	  -5.09		
-35.10   	-73.85   	 14.83   	 -10.17		
-34.79   	-73.55   	 14.79   	 -15.26		
-36.32   	-68.05   	 14.73   	 -10.17		
-38.45   	-61.95   	 14.69   	 -15.26		
-39.06   	-58.59   	 14.63   	 -15.26		
-38.15   	-58.29   	 14.57   	 -15.26		
-36.93   	-58.90   	 14.51   	 -10.17		
-36.62   	-57.98   	 14.47   	  -5.09		
-37.84   	-55.54   	 14.45   	  -5.09		
-39.67   	-53.41   	 14.43   	   5.09		
-40.89   	-54.02   	 14.45   	  10.17		
-41.81   	-57.07   	 14.49   	  10.17		
-43.95   	-62.56   	 14.53   	  20.35		
-48.83   	-71.11   	 14.61   	  25.43		
-57.68   	-85.75   	 14.71   	  35.61		
-71.72   	-110.78   	 14.85   	  40.69		
-90.33   	-147.71   	 15.02   	  45.78		
-109.86   	-189.51   	 15.20   	  55.95		
-121.77   	-219.12   	 15.42   	  61.04		
-112.00   	-215.76   	 15.67   	  66.12		
-63.17   	-160.83   	 15.93   	  66.12		
 37.23   	-48.22   	 16.20   	  61.04		
186.46   	115.05   	 16.44   	  61.04		
362.55   	315.55   	 16.68   	  50.86		
527.34   	548.71   	 16.89   	  45.78		
636.90   	812.99   	 17.07   	  30.52		
658.26   	1076.36   	 17.19   	  45.78		
434.88   	1302.80(R)	 17.38   	  15.26		
257.87   	1142.88   	 17.44   	   5.09		
 97.35   	829.16   	 17.46   	   0.00		
-20.45   	479.13   	 17.46   	   5.09		
-93.99   	208.74   	 17.48   	   0.00		
-137.94   	 65.61   	 17.48   	   0.00		
-166.32   	 25.94   	 17.48   	   0.00		
-182.80   	 35.10   	 17.48   	   5.09		
-183.41   	 49.13   	 17.50   	  10.17		
-166.02   	 51.88   	 17.54   	  20.35		
-135.19   	 42.11   	 17.62   	  20.35		
-101.32   	 19.53   	 17.70   	  25.43		
-73.55   	-14.04   	 17.80   	  25.43		
-57.07   	-50.96   	 17.90   	  30.52		
-52.49   	-78.43   	 18.03   	  20.35		
-54.32   	-90.33   	 18.11   	  15.26		
-57.98   	-92.16   	 18.17   	   5.09		
-59.51   	-93.38   	 18.19   	   0.00		
-57.98   	-97.05   	 18.19   	 -15.26		
-54.63   	-100.10   	 18.13   	 -15.26		
-50.96   	-99.49   	 18.07   	 -20.35		
-47.30   	-94.60   	 17.99   	 -15.26		
-43.95   	-90.33   	 17.92   	 -10.17		
-42.72   	-90.94   	 17.88   	   0.00		
-44.25   	-96.13   	 17.88   	  15.26		
-47.00   	-101.62   	 17.94   	  30.52		
-48.22   	-103.76   	 18.07   	  40.69		
-46.08   	-101.32   	 18.23   	  50.86		
-41.20   	-96.44   	 18.43   	  55.95		
-36.62   	-93.38   	 18.66   	  55.95		
-35.40   	-92.77   	 18.88   	  45.78		
-37.23   	-92.77   	 19.06   	  40.69		
-40.89   	-92.16   	 19.23   	  20.35		
-43.95   	-90.94   	 19.31   	  10.17		
-45.47   	-90.03   	 19.35(A)	 -10.17		
-43.95   	-90.64   	 19.31   	 -25.43		
-40.89   	-91.55   	 19.21   	 -35.61		
-36.01   	-90.64   	 19.06   	 -50.86		
-31.13   	-87.59   	 18.86   	 -50.86		
-28.38   	-83.01   	 18.66   	 -55.95		
-28.38   	-79.65   	 18.43   	 -61.04		
-30.52   	-78.74   	 18.19   	 -55.95		
-33.57   	-79.96   	 17.97   	 -50.86		
-34.79   	-81.48   	 17.76   	 -50.86		
-32.65   	-80.87   	 17.56   	 -45.78		
-27.16   	-76.90   	 17.38   	 -40.69		
-21.06   	-70.50   	 17.21   	 -35.61		
-16.17   	-65.00   	 17.07   	 -30.52		
-13.73   	-61.95   	 16.95   	 -25.43		
-12.51   	-61.65   	 16.85   	 -25.43		
-10.68   	-61.04   	 16.74   	 -25.43		
 -8.24   	-57.68   	 16.64   	 -25.43		
 -5.49   	-51.88   	 16.54   	 -30.52		
 -5.19   	-45.47   	 16.42   	 -25.43		
 -7.02   	-40.59   	 16.32   	 -25.43		
 -9.77   	-36.93   	 16.22   	 -30.52		
-11.90   	-33.26   	 16.09   	 -25.43		
-11.90   	-27.16   	 15.99   	 -25.43		
-10.07   	-19.23   	 15.89   	 -30.52		
 -7.32   	-10.38   	 15.77   	 -20.35		
 -5.49   	 -2.44   	 15.69   	 -25.43		
 -5.19   	  4.58   	 15.58   	 -25.43		
 -5.19   	 12.21   	 15.48   	 -15.26		
 -5.19   	 21.97   	 15.42   	 -20.35		
 -4.27   	 34.48   	 15.34   	 -20.35		
 -3.97   	 47.30   	 15.26   	 -15.26		
 -3.97   	 57.68   	 15.20   	 -10.17		
 -3.05   	 65.00   	 15.16   	 -15.26		
  0.31   	 69.89   	 15.10   	 -15.26		
  6.71   	 74.77   	 15.04   	 -10.17		
 13.43   	 79.65   	 14.99   	 -15.26		
 16.48   	 82.70   	 14.93   	 -10.17		
 14.04   	 81.48   	 14.89   	 -10.17		
  7.32   	 74.77   	 14.85   	 -10.17		
  0.31   	 64.39   	 14.81   	  -5.09		
 -3.97   	 51.88   	 14.79   	  -5.09		
 -4.88   	 38.76   	 14.77   	  -5.09		
 -3.05   	 26.25   	 14.75   	  -5.09		
 -0.92   	 14.04   	 14.73   	   0.00		
  0.31   	  3.05   	 14.73   	  -5.09		
 -0.61   	 -5.49   	 14.71   	   0.00		
 -4.27   	-12.82   	 14.71   	   0.00		
-10.99   	-19.23   	 14.71   	  -5.09		
-19.53   	-25.94   	 14.69   	   0.00		
-27.47   	-32.04   	 14.69   	   0.00		
-32.65   	-36.93   	 14.69   	   5.09		
-33.87   	-40.59   	 14.71   	   0.00		
-31.74   	-42.72   	 14.71   	   0.00		
-28.99   	-43.95   	 14.71   	   5.09		
-26.86   	-44.56   	 14.73   	   5.09		
-25.63   	-44.25   	 14.75   	   0.00		
-24.72   	-42.72   	 14.75   	   5.09		
-23.80   	-40.59   	 14.77   	   0.00		
-23.80   	-38.76   	 14.77   	   0.00		
-25.02   	-36.93   	 14.77   	 -10.17		
-27.77   	-35.10   	 14.73   	 -10.17		
-31.43   	-33.57   	 14.69   	 -20.35		
-33.57   	-32.96   	 14.61   	 -20.35		
-33.26   	-32.35   	 14.53   	 -30.52		
-30.82   	-31.13   	 14.40   	 -25.43		
-27.47   	-28.38   	 14.30   	 -30.52		
-24.41   	-23.80   	 14.18   	 -25.43		
-21.97   	-19.53   	 14.08   	 -20.35		
-21.97   	-18.62   	 14.00   	 -10.17		
-24.41   	-21.67   	 13.96   	  -5.09		
-28.69   	-26.25   	 13.94   	   5.09		
-32.04   	-28.69   	 13.96   	  20.35		
-31.13   	-26.86   	 14.04   	  25.43		
-25.94   	-20.45   	 14.14   	  40.69		
-19.23   	-13.43   	 14.30   	  40.69		
-16.17   	-10.38   	 14.47   	  45.78		
-18.31   	-13.12   	 14.65   	  45.78		
-23.50   	-19.53   	 14.83   	  45.78		
-27.47   	-25.02   	 15.02   	  45.78		
-28.08   	-25.94   	 15.20   	  35.61		
-26.55   	-22.28   	 15.34   	  35.61		
-25.02   	-17.09   	 15.48   	  25.43		
-25.02   	-13.43   	 15.58   	  25.43		
-25.63   	-12.51   	 15.69   	  20.35		
-26.25   	-13.12   	 15.77   	  20.35		
-25.94   	-14.65   	 15.85   	  15.26		
-25.63   	-17.70   	 15.91   	  15.26		
-25.33   	-21.36   	 15.97   	  15.26		
-25.33   	-25.63   	 16.03   	  15.26		
-25.02   	-28.38   	 16.09   	  10.17		
-24.41   	-29.30   	 16.13   	  15.26		
-24.11   	-29.91   	 16.20   	  10.17		
-24.72   	-30.82   	 16.24   	  15.26		
-25.33   	-32.35   	 16.30   	  10.17		
-24.72   	-32.96   	 16.34   	  10.17		
-22.58   	-33.26   	 16.38   	  10.17		
-20.14   	-33.87   	 16.42   	  10.17		
-19.84   	-36.32   	 16.46   	  10.17		
-22.89   	-40.28   	 16.50   	  10.17		
-28.08   	-43.33   	 16.54   	  10.17		
-31.43   	-43.03   	 16.58   	   5.09		
-30.82   	-39.67   	 16.60   	   5.09		
-26.55   	-35.71   	 16.62   	   5.09		
-21.97   	-33.57   	 16.64   	   0.00		
-21.06   	-34.48   	 16.64   	   5.09		
-25.02   	-38.45   	 16.66(V)	  -5.09		
-32.04   	-43.33   	 16.64   	   0.00		
-37.84   	-47.91   	 16.64   	   0.00		
-39.06   	-49.74   	 16.64   	  -5.09		
-36.01   	-49.13   	 16.62   	  -5.09		
-31.74   	-46.39   	 16.60   	  -5.09		
-28.69   	-43.95   	 16.58   	 -10.17		
-28.38   	-42.72   	 16.54   	  -5.09		
-28.08   	-43.03   	 16.52   	 -10.17		
-26.25   	-43.33   	 16.48   	  -5.09		
-22.89   	-42.11   	 16.46   	 -10.17		
-20.45   	-40.28   	 16.42   	 -10.17		
-20.75   	-39.06   	 16.38   	 -10.17		
-24.11   	-39.98   	 16.34   	 -10.17		
-28.08   	-42.72   	 16.30   	 -10.17		
-31.13   	-46.69   	 16.26   	 -10.17		
-32.35   	-50.05   	 16.22   	 -10.17		
-32.35   	-52.49   	 16.17   	 -15.26		
-32.65   	-51.57   	 16.11   	 -10.17		
-32.04   	-45.47   	 16.07   	 -10.17		
-29.91   	-34.18   	 16.03   	 -10.17		
-25.63   	-19.23   	 15.99   	 -10.17		
-19.84   	 -2.14   	 15.95   	 -10.17		
-13.43   	 13.73   	 15.91   	 -10.17		
 -8.24   	 26.86   	 15.87   	 -15.26		
 -4.58   	 36.62   	 15.81   	 -10.17		
 -2.14   	 41.50   	 15.77   	 -10.17		
 -0.92   	 41.20   	 15.73   	 -15.26		
  0.31   	 36.93   	 15.67   	 -10.17		
  1.83   	 31.74   	 15.63   	 -10.17		
  3.66   	 30.52   	 15.58   	 -15.26		
  7.32   	 36.62   	 15.52   	 -10.17		
 13.43   	 50.05   	 15.48   	 -15.26		
 22.28   	 64.70   	 15.42   	 -10.17		
 32.96   	 70.50   	 15.38   	 -10.17		
 42.72   	 60.73   	 15.34   	 -15.26		
 48.83   	 35.10   	 15.28   	 -10.17		
 50.66   	  2.44   	 15.24   	 -15.26		
 48.83   	-23.80   	 15.18   	 -15.26		
 44.56   	-34.79   	 15.12   	 -15.26		
 37.84   	-31.43   	 15.06   	 -20.35		
 28.38   	-22.28   	 14.97   	 -15.26		
 15.56   	-17.09   	 14.91   	 -15.26		
 -0.31   	-20.75   	 14.85   	 -10.17		
-16.17   	-31.74   	 14.81   	 -10.17		
-28.99   	-46.08   	 14.77   	  -5.09		
-35.10   	-58.90   	 14.75   	  -5.09		
-34.48   	-67.75   	 14.73   	  -5.09		
-28.69   	-71.72   	 14.71   	  -5.09		
-21.97   	-71.72   	 14.69   	 -10.17		
-18.92   	-69.58   	 14.65   	 -15.26		
-21.97   	-67.75   	 14.59   	 -20.35		
-29.60   	-66.22   	 14.51   	 -30.52		
-37.84   	-65.00   	 14.38   	 -30.52		
-42.11   	-64.70   	 14.26   	 -25.43		
-41.81   	-65.00   	 14.16   	 -25.43		
-39.37   	-66.53   	 14.06   	 -20.35		
-38.76   	-68.36   	 13.98   	 -15.26		
-40.89   	-68.97   	 13.92   	  -5.09		
-44.25   	-68.97   	 13.90   	   5.09		
-45.78   	-69.58   	 13.92   	  15.26		
-45.17   	-73.85   	 13.98   	  20.35		
-46.39   	-84.84   	 14.06   	  25.43		
-54.02   	-104.98   	 14.16   	  35.61		
-72.02   	-137.02   	 14.30   	  45.78		
-98.27   	-178.53   	 14.49   	  50.86		
-123.29   	-217.59   	 14.69   	  55.95		
-130.00   	-233.15   	 14.91   	  61.04		
-99.18   	-203.25   	 15.16   	  55.95		
-18.01   	-115.66   	 15.38   	  55.95		
116.27   	 25.33   	 15.61   	  45.78		
288.70   	205.38   	 15.79   	  40.69		
469.06   	414.43   	 15.95   	  30.52		
615.84   	654.60   	 16.07   	  25.43		
688.78   	916.75   	 16.17   	  30.52		
540.47   	1268.01(R)	 16.30   	  15.26		
361.02   	1209.11   	 16.36   	  10.17		
176.70   	969.24   	 16.40   	  10.17		
 30.82   	633.54   	 16.44   	  15.26		
-61.04   	325.93   	 16.50   	   5.09		
-111.39   	129.70   	 16.52   	  10.17		
-141.91   	 50.05   	 16.56   	  10.17		
-166.32   	 40.59   	 16.60   	   5.09		
-181.27   	 50.66   	 16.62   	   5.09		
-177.31   	 53.41   	 16.64   	  10.17		
-152.59   	 46.39   	 16.68   	  10.17		
-115.36   	 31.74   	 16.72   	  15.26		
-79.96   	  8.54   	 16.79   	  20.35		
-56.76   	-22.89   	 16.87   	  25.43		
-47.91   	-54.02   	 16.97   	  30.52		
-47.30   	-74.77   	 17.09   	  25.43		
-48.52   	-83.01   	 17.19   	  20.35		
-48.52   	-84.23   	 17.27   	   5.09		
-47.61   	-85.14   	 17.29   	  -5.09		
-47.30   	-88.81   	 17.27   	 -15.26		
-47.91   	-94.30   	 17.21   	 -30.52		
-48.83   	-99.49   	 17.09   	 -30.52		
-48.22   	-102.84   	 16.97   	 -30.52		
-46.39   	-103.76   	 16.85   	 -20.35		
-44.25   	-102.54   	 16.76   	 -10.17		
-42.72   	-99.49   	 16.72   	   5.09		
-42.42   	-95.21   	 16.74   	  25.43		
-43.03   	-91.25   	 16.85   	  40.69		
-44.25   	-89.42   	 17.01   	  50.86		
-45.17   	-89.72   	 17.21   	  55.95		
-44.25   	-91.55   	 17.44   	  55.95		
-40.89   	-92.47   	 17.66   	  45.78		
-36.01   	-91.86   	 17.84   	  40.69		
-30.82   	-90.33   	 18.01   	  20.35		
-27.77   	-88.20   	 18.09   	   5.09		
-28.08   	-85.75   	 18.11(A)	 -15.26		
-29.91   	-83.01   	 18.05   	 -25.43		
-31.74   	-80.26   	 17.94   	 -35.61		
-32.65   	-79.04   	 17.80   	 -40.69		
-32.35   	-79.96   	 17.64   	 -50.86		
-31.13   	-82.40   	 17.44   	 -45.78		
-29.60   	-84.23   	 17.25   	 -50.86		
-28.38   	-83.01   	 17.05   	 -50.86		
-26.86   	-79.04   	 16.85   	 -40.69		
-24.72   	-73.85   	 16.68   	 -45.78		
-21.67   	-69.27   	 16.50   	 -40.69		
-18.01   	-66.22   	 16.34   	 -35.61		
-14.34   	-62.87   	 16.20   	 -35.61		
-10.68   	-58.29   	 16.05   	 -35.61		
 -7.63   	-52.80   	 15.91   	 -30.52		
 -5.19   	-47.61   	 15.79   	 -30.52		
 -3.66   	-45.47   	 15.67   	 -30.52		
 -3.36   	-46.69   	 15.54   	 -30.52		
 -3.36   	-48.83   	 15.42   	 -30.52		
 -2.75   	-47.00   	 15.30   	 -30.52		
 -1.53   	-40.59   	 15.18   	 -30.52		
 -0.92   	-30.82   	 15.06   	 -30.52		
 -0.92   	-21.97   	 14.93   	 -25.43		
 -2.14   	-16.48   	 14.83   	 -25.43		
 -3.36   	-13.73   	 14.73   	 -30.52		
 -3.36   	-10.99   	 14.61   	 -20.35		
 -2.14   	 -5.49   	 14.53   	 -25.43		
 -0.92   	  3.05   	 14.43   	 -20.35		
 -0.92   	 13.12   	 14.34   	 -20.35		
 -2.14   	 24.41   	 14.26   	 -20.35		
 -3.66   	 35.71   	 14.18   	 -15.26		
 -4.27   	 47.61   	 14.12   	 -15.26		
 -3.05   	 59.51   	 14.06   	 -15.26		
  0.00   	 70.80   	 14.00   	 -10.17		
  3.97   	 80.57   	 13.96   	 -15.26		
  7.63   	 87.28   	 13.90   	 -10.17		
 10.38   	 89.72   	 13.86   	 -10.17		
 12.82   	 87.89   	 13.81   	 -10.17		
 15.26   	 82.40   	 13.77   	 -10.17		
 17.09   	 75.68   	 13.73   	 -10.17		
 16.78   	 68.66   	 13.69   	  -5.09		
 13.12   	 61.04   	 13.67   	  -5.09		
  7.02   	 51.27   	 13.65   	 -10.17		
  0.61   	 38.15   	 13.61   	   0.00		
 -4.27   	 23.19   	 13.61   	  -5.09		
 -7.63   	  8.85   	 13.59   	   0.00		
-10.38   	 -2.75   	 13.59   	   5.09		
-14.34   	-10.99   	 13.61   	   0.00		
-19.53   	-16.17   	 13.61   	   5.09		
-24.41   	-19.53   	 13.63   	   5.09		
-26.86   	-21.97   	 13.65   	   5.09		
-27.16   	-24.41   	 13.67   	   5.09		
-25.02   	-27.47   	 13.69   	   5.09		
-21.97   	-31.13   	 13.71   	   5.09		
-19.23   	-35.10   	 13.73   	   5.09		
-17.70   	-38.45   	 13.75   	   5.09		
-17.40   	-39.37   	 13.77   	   5.09		
-18.92   	-37.84   	 13.79(V)	   0.00		
-21.36   	-34.79   	 13.79   	 -10.17		
-24.11   	-31.43   	 13.75   	 -15.26		
-26.55   	-28.38   	 13.69   	 -20.35		
-28.08   	-27.16   	 13.61   	 -30.52		
-27.77   	-28.08   	 13.49   	 -30.52		
-25.63   	-30.52   	 13.37   	 -40.69		
-22.58   	-33.26   	 13.20   	 -35.61		
-19.84   	-34.18   	 13.06   	 -35.61		
-18.62   	-31.43   	 12.92   	 -25.43		
-19.53   	-26.25   	 12.82   	 -15.26		
-21.36   	-21.97   	 12.76   	 -10.17		
-22.58   	-20.45   	 12.72   	   5.09		
-22.28   	-21.97   	 12.74   	  15.26		
-20.75   	-24.41   	 12.80   	  25.43		
-18.62   	-24.41   	 12.90   	  35.61		
-16.48   	-21.67   	 13.04   	  35.61		
-15.56   	-17.09   	 13.18   	  35.61		
-15.26   	-12.82   	 13.33   	  35.61		
-15.87   	-10.68   	 13.47   	  35.61		
-16.48   	-11.29   	 13.61   	  25.43		
-17.09   	-14.04   	 13.71   	  25.43		
-18.92   	-18.01   	 13.81   	  25.43		
-22.28   	-21.36   	 13.92   	  20.35		
-25.94   	-23.50   	 14.00   	  15.26		
-28.38   	-24.72   	 14.06   	  15.26		
-27.77   	-25.33   	 14.12   	  10.17		
-23.50   	-25.02   	 14.16   	  15.26		
-17.40   	-24.11   	 14.22   	  10.17		
-11.90   	-23.50   	 14.26   	  10.17		
 -9.46   	-22.89   	 14.30   	   5.09		
 -9.77   	-23.80   	 14.32   	  10.17		
-12.21   	-26.55   	 14.36   	   5.09		
-15.56   	-30.21   	 14.38   	  10.17		
-18.31   	-34.18   	 14.43   	  10.17		
-20.75   	-36.93   	 14.47   	  10.17		
-21.67   	-37.23   	 14.51   	  10.17		
-20.45   	-35.10   	 14.55   	  10.17		
-17.70   	-32.04   	 14.59   	  10.17		
-15.56   	-30.82   	 14.63   	  10.17		
-15.87   	-32.04   	 14.67   	  10.17		
-19.23   	-36.01   	 14.71   	  10.17		
-24.11   	-39.98   	 14.75   	   5.09		
-27.47   	-42.11   	 14.77   	   5.09		
-27.16   	-42.11   	 14.79   	   5.09		
-23.80   	-41.81   	 14.81   	   5.09		
-18.92   	-43.03   	 14.83   	   0.00		
-14.95   	-45.47   	 14.83   	   0.00		
-13.12   	-47.91   	 14.83   	   0.00		
-15.26   	-49.44   	 14.83   	   0.00		
-20.75   	-50.05   	 14.83   	   0.00		
-26.55   	-50.05   	 14.83   	  -5.09		
-29.91   	-50.66   	 14.81   	   0.00		
-28.99   	-50.96   	 14.81   	   0.00		
-25.63   	-51.27   	 14.81   	  -5.09		
-23.50   	-51.27   	 14.79   	   0.00		
-24.72   	-51.57   	 14.79   	   0.00		
-28.69   	-52.49   	 14.79   	  -5.09		
-32.04   	-53.71   	 14.77   	   0.00		
-32.04   	-54.32   	 14.77   	  -5.09		
-28.69   	-52.80   	 14.75   	  -5.09		
-22.89   	-49.74   	 14.73   	   0.00		
-18.01   	-45.78   	 14.73   	  -5.09		
-16.17   	-43.33   	 14.71   	  -5.09		
-18.62   	-43.64   	 14.69   	  -5.09		
-23.50   	-46.39   	 14.67   	   0.00		
-28.08   	-49.13   	 14.67   	  -5.09		
-28.99   	-49.13   	 14.65   	 -10.17		
-25.63   	-44.56   	 14.61   	  -5.09		
-18.62   	-35.40   	 14.59   	  -5.09		
-11.90   	-23.80   	 14.57   	  -5.09		
 -7.63   	-11.60   	 14.55   	 -10.17		
 -6.41   	  0.92   	 14.51   	  -5.09		
 -5.19   	 13.12   	 14.49   	 -10.17		
 -2.75   	 24.41   	 14.45   	 -10.17		
  1.53   	 32.65   	 14.40   	  -5.09		
  6.10   	 35.40   	 14.38   	 -10.17		
  8.54   	 31.74   	 14.34   	  -5.09		
  7.32   	 23.19   	 14.32   	 -10.17		
  4.58   	 15.56   	 14.28   	  -5.09		
  4.88   	 15.56   	 14.26   	 -10.17		
 11.60   	 27.77   	 14.22   	 -10.17		
 24.41   	 47.91   	 14.18   	  -5.09		
 39.06   	 65.92   	 14.16   	 -10.17		
 50.96   	 69.27   	 14.12   	 -10.17		
 57.07   	 51.88   	 14.08   	 -10.17		
 57.07   	 18.01   	 14.04   	 -10.17		
 53.10   	-18.01   	 14.00   	 -15.26		
 48.22   	-41.20   	 13.94   	 -15.26		
 44.25   	-44.86   	 13.88   	 -15.26		
 40.89   	-34.48   	 13.81   	 -15.26		
 34.48   	-21.67   	 13.75   	 -15.26		
 21.97   	-17.40   	 13.69   	 -10.17		
  3.36   	-24.72   	 13.65   	 -10.17		
-16.17   	-39.98   	 13.61   	 -10.17		
-28.99   	-55.54   	 13.57   	  -5.09		
-30.52   	-67.44   	 13.55   	  -5.09		
-24.11   	-75.07   	 13.53   	  -5.09		
-16.78   	-79.35   	 13.51   	  -5.09		
-14.95   	-80.87   	 13.49   	  -5.09		
-18.92   	-81.18   	 13.47   	 -15.26		
-25.33   	-81.18   	 13.41   	 -20.35		
-31.13   	-81.48   	 13.33   	 -20.35		
-34.18   	-82.70   	 13.25   	 -20.35		
-34.79   	-83.31   	 13.16   	 -25.43		
-33.87   	-81.48   	 13.06   	 -20.35		
-32.35   	-77.51   	 12.98   	 -10.17		
-31.43   	-73.24   	 12.94   	 -10.17		
-31.13   	-70.19   	 12.90   	   5.09		
-31.74   	-70.19   	 12.92   	  10.17		
-32.96   	-72.63   	 12.96   	  20.35		
-35.71   	-79.04   	 13.04   	  25.43		
-41.81   	-92.16   	 13.14   	  30.52		
-54.32   	-116.58   	 13.27   	  40.69		
-74.46   	-154.72   	 13.43   	  40.69		
-99.49   	-201.11   	 13.59   	  50.86		
-121.46   	-240.78   	 13.79   	  50.86		
-124.82   	-252.08   	 14.00   	  45.78		
-91.25   	-215.15   	 14.18   	  50.86		
 -6.10   	-122.38   	 14.38   	  45.78		
133.67   	 21.06   	 14.57   	  35.61		
312.50   	203.86   	 14.71   	  30.52		
495.00   	419.62   	 14.83   	  25.43		
635.68   	669.25   	 14.93   	  25.43		
693.66   	933.53   	 15.04   	  30.52		
514.53   	1240.54(R)	 15.16   	  10.17		
333.56   	1150.82   	 15.20   	  15.26		
158.39   	896.91   	 15.26   	  10.17		
 24.11   	572.51   	 15.30   	  10.17		
-61.65   	291.14   	 15.34   	   5.09		
-113.83   	116.58   	 15.36   	   5.09		
-149.54   	 44.56   	 15.38   	   5.09		
-175.17   	 32.96   	 15.40   	   0.00		
-184.94   	 39.98   	 15.40   	   0.00		
-173.03   	 44.25   	 15.40   	   0.00		
-143.13   	 39.37   	 15.40   	  10.17		
-106.51   	 23.19   	 15.44   	  15.26		
-74.46   	 -5.80   	 15.50   	  20.35		
-54.63   	-42.72   	 15.58   	  20.35		
-47.30   	-75.99   	 15.67   	  25.43		
-47.30   	-96.74   	 15.77   	  20.35		
-49.44   	-103.45   	 15.85   	   5.09		
-48.83   	-101.93   	 15.87   	 -10.17		
-45.17   	-98.57   	 15.83   	 -20.35		
-40.89   	-97.05   	 15.75   	 -30.52		
-38.76   	-98.27   	 15.63   	 -40.69		
-38.76   	-101.01   	 15.46   	 -35.61		
-40.28   	-104.06   	 15.32   	 -30.52		
-41.81   	-106.81   	 15.20   	 -15.26		
-42.72   	-109.25   	 15.14   	   5.09		
-43.03   	-111.69   	 15.16   	  25.43		
-42.72   	-113.22   	 15.26   	  40.69		
-39.98   	-112.92   	 15.42   	  61.04		
-35.40   	-110.47   	 15.67   	  66.12		
-29.91   	-107.42   	 15.93   	  71.21		
-26.86   	-105.29   	 16.22   	  61.04		
-27.77   	-104.06   	 16.46   	  50.86		
-32.96   	-103.45   	 16.66   	  30.52		
-39.37   	-102.54   	 16.79   	  15.26		
-42.42   	-100.71   	 16.85(A)	  -5.09		
-39.06   	-98.27   	 16.83   	 -20.35		
-30.82   	-96.13   	 16.74   	 -35.61		
-22.28   	-94.30   	 16.60   	 -40.69		
-17.70   	-93.08   	 16.44   	 -45.78		
-17.70   	-92.16   	 16.26   	 -45.78		
-19.84   	-92.47   	 16.07   	 -50.86		
-20.45   	-92.77   	 15.87   	 -45.78		
-19.23   	-91.86   	 15.69   	 -40.69		
-16.78   	-88.50   	 15.52   	 -45.78		
-14.65   	-83.31   	 15.34   	 -40.69		
-13.12   	-77.51   	 15.18   	 -40.69		
-12.21   	-73.24   	 15.02   	 -35.61		
-10.99   	-70.80   	 14.87   	 -35.61		
 -8.54   	-68.97   	 14.73   	 -35.61		
 -6.10   	-67.14   	 14.59   	 -35.61		
 -4.27   	-65.61   	 14.45   	 -30.52		
 -3.66   	-64.39   	 14.32   	 -35.61		
 -3.66   	-63.78   	 14.18   	 -35.61		
 -3.97   	-62.26   	 14.04   	 -30.52		
 -3.36   	-57.98   	 13.92   	 -30.52		
 -1.53   	-50.66   	 13.79   	 -25.43		
  1.22   	-41.50   	 13.69   	 -30.52		
  3.97   	-32.65   	 13.57   	 -20.35		
  5.80   	-24.41   	 13.49   	 -25.43		
  5.80   	-17.70   	 13.39   	 -20.35		
  3.05   	-12.21   	 13.31   	 -20.35		
 -1.53   	 -8.54   	 13.22   	 -15.26		
 -5.49   	 -6.10   	 13.16   	 -15.26		
 -7.32   	 -2.75   	 13.10   	 -20.35		
 -6.10   	  4.27   	 13.02   	 -15.26		
 -3.36   	 16.17   	 12.96   	 -10.17		
  0.00   	 30.82   	 12.92   	 -15.26		
  2.75   	 44.56   	 12.86   	 -10.17		
  5.49   	 54.93   	 12.82   	  -5.09		
  8.85   	 62.26   	 12.80   	 -10.17		
 13.43   	 68.36   	 12.76   	 -10.17		
 18.62   	 74.46   	 12.72   	  -5.09		
 22.28   	 78.13   	 12.70   	  -5.09		
 23.19   	 76.90   	 12.68   	  -5.09		
 20.14   	 69.58   	 12.66   	  -5.09		
 14.65   	 58.29   	 12.63   	  -5.09		
  9.77   	 46.69   	 12.61   	  -5.09		
  7.32   	 36.62   	 12.59   	   0.00		
  6.71   	 27.77   	 12.59   	   0.00		
  5.80   	 18.62   	 12.59   	   0.00		
  3.66   	  7.93   	 12.59   	   5.09		
  0.00   	 -2.75   	 12.61   	   0.00		
 -4.27   	-12.82   	 12.61   	   5.09		
 -7.32   	-20.75   	 12.63   	   5.09		
 -9.16   	-25.94   	 12.66   	   5.09		
-10.99   	-29.30   	 12.68   	  10.17		
-13.73   	-31.13   	 12.72   	   5.09		
-17.09   	-32.96   	 12.74   	   5.09		
-20.45   	-35.10   	 12.76   	   5.09		
-22.28   	-37.54   	 12.78   	   0.00		
-20.75   	-39.67   	 12.78(V)	   0.00		
-16.17   	-39.98   	 12.78   	 -10.17		
-11.29   	-38.76   	 12.74   	 -10.17		
 -9.46   	-37.23   	 12.70   	 -25.43		
-12.21   	-37.23   	 12.59   	 -25.43		
-18.62   	-38.15   	 12.49   	 -30.52		
-24.72   	-38.45   	 12.37   	 -30.52		
-26.86   	-36.32   	 12.25   	 -25.43		
-23.19   	-32.65   	 12.15   	 -25.43		
-15.87   	-29.60   	 12.04   	 -20.35		
 -8.54   	-28.99   	 11.96   	 -15.26		
 -5.80   	-30.52   	 11.90   	 -10.17		
 -8.54   	-31.13   	 11.86   	  -5.09		
-14.34   	-28.38   	 11.84   	   0.00		
-18.92   	-23.50   	 11.84   	   5.09		
-19.84   	-19.53   	 11.86   	  10.17		
-17.40   	-18.01   	 11.90   	  20.35		
-14.34   	-18.92   	 11.98   	  25.43		
-13.12   	-21.36   	 12.09   	  30.52		
-13.73   	-24.41   	 12.21   	  30.52		
-14.65   	-26.55   	 12.33   	  35.61		
-15.26   	-28.69   	 12.47   	  30.52		
-15.56   	-30.21   	 12.59   	  30.52		
-15.26   	-29.91   	 12.72   	  25.43		
-13.73   	-27.47   	 12.82   	  20.35		
-10.38   	-23.19   	 12.90   	  20.35		
 -6.10   	-18.92   	 12.98   	  10.17		
 -3.05   	-17.09   	 13.02   	  15.26		
 -4.58   	-20.75   	 13.08   	  10.17		
-10.38   	-28.99   	 13.12   	  10.17		
-18.31   	-37.84   	 13.16   	   5.09		
-23.80   	-43.64   	 13.18   	  10.17		
-25.02   	-43.95   	 13.22   	   5.09		
-21.97   	-40.89   	 13.25   	  10.17		
-18.31   	-38.15   	 13.29   	   5.09		
-15.26   	-38.15   	 13.31   	  10.17		
-13.73   	-40.89   	 13.35   	   5.09		
-12.51   	-44.86   	 13.37   	  10.17		
-11.90   	-47.91   	 13.41   	  10.17		
-12.21   	-49.74   	 13.45   	   5.09		
-14.65   	-51.57   	 13.47   	  10.17		
-18.62   	-54.02   	 13.51   	  10.17		
-21.97   	-56.15   	 13.55   	   5.09		
-22.89   	-57.98   	 13.57   	   5.09		
-21.36   	-57.98   	 13.59   	   0.00		
-18.92   	-56.76   	 13.59   	   0.00		
-17.09   	-55.85   	 13.59   	   0.00		
-17.40   	-56.46   	 13.59   	   0.00		
-19.23   	-58.29   	 13.59   	   0.00		
-20.14   	-59.81   	 13.59   	   0.00		
-19.23   	-59.81   	 13.59   	   0.00		
-17.09   	-57.68   	 13.59   	  -5.09		
-16.48   	-55.54   	 13.57   	   0.00		
-18.62   	-55.24   	 13.57   	   0.00		
-23.19   	-57.68   	 13.57   	   5.09		
-27.77   	-61.65   	 13.59   	   0.00		
-30.21   	-65.31   	 13.59   	   0.00		
-28.69   	-66.83   	 13.59   	   0.00		
-24.41   	-66.22   	 13.59   	  -5.09		
-19.23   	-64.39   	 13.57   	   0.00		
-14.95   	-62.87   	 13.57   	   0.00		
-13.12   	-61.65   	 13.57   	   0.00		
-14.34   	-61.04   	 13.57   	  -5.09		
-17.09   	-60.12   	 13.55   	  -5.09		
-19.84   	-58.59   	 13.53   	   0.00		
-21.06   	-57.98   	 13.53   	  -5.09		
-20.45   	-58.29   	 13.51   	  -5.09		
-19.53   	-60.42   	 13.49   	   0.00		
-18.31   	-62.87   	 13.49   	  -5.09		
-16.78   	-63.48   	 13.47   	  -5.09		
-15.56   	-61.95   	 13.45   	   0.00		
-14.34   	-59.51   	 13.45   	  -5.09		
-14.04   	-57.68   	 13.43   	  -5.09		
-14.95   	-57.07   	 13.41   	  -5.09		
-16.78   	-55.85   	 13.39   	   0.00		
-17.40   	-50.96   	 13.39   	  -5.09		
-15.87   	-40.59   	 13.37   	  -5.09		
-10.99   	-24.11   	 13.35   	  -5.09		
 -3.66   	 -5.19   	 13.33   	  -5.09		
  2.75   	 12.51   	 13.31   	  -5.09		
  6.71   	 25.02   	 13.29   	  -5.09		
  7.63   	 31.13   	 13.27   	  -5.09		
  6.71   	 30.21   	 13.25   	  -5.09		
  6.41   	 25.02   	 13.22   	  -5.09		
  9.16   	 19.53   	 13.20   	  -5.09		
 14.34   	 17.70   	 13.18   	  -5.09		
 21.36   	 22.89   	 13.16   	  -5.09		
 29.30   	 35.40   	 13.14   	  -5.09		
 38.15   	 51.57   	 13.12   	  -5.09		
 47.91   	 62.87   	 13.10   	  -5.09		
 58.29   	 61.34   	 13.08   	  -5.09		
 67.44   	 43.64   	 13.06   	  -5.09		
 71.11   	 12.51   	 13.04   	 -10.17		
 68.36   	-21.06   	 13.00   	 -10.17		
 60.73   	-44.25   	 12.96   	 -10.17		
 51.57   	-49.74   	 12.92   	 -10.17		
 43.33   	-39.67   	 12.88   	 -10.17		
 34.48   	-25.02   	 12.84   	 -15.26		
 22.89   	-18.31   	 12.78   	 -10.17		
  8.54   	-25.02   	 12.74   	  -5.09		
 -5.80   	-41.50   	 12.72   	  -5.09		
-15.87   	-60.12   	 12.70   	  -5.09		
-21.36   	-74.16   	 12.68   	   0.00		
-24.72   	-82.40   	 12.68   	   0.00		
-27.47   	-84.84   	 12.68   	   0.00		
-29.60   	-83.92   	 12.68   	  -5.09		
-28.38   	-80.57   	 12.66   	  -5.09		
-23.50   	-76.29   	 12.63   	 -10.17		
-18.01   	-73.55   	 12.59   	 -20.35		
-17.09   	-74.16   	 12.51   	 -15.26		
-22.58   	-76.60   	 12.45   	 -20.35		
-30.21   	-77.82   	 12.37   	 -15.26		
-35.10   	-76.29   	 12.31   	 -10.17		
-34.48   	-73.24   	 12.27   	  -5.09		
-30.82   	-70.80   	 12.25   	   0.00		
-28.38   	-70.80   	 12.25   	  10.17		
-29.60   	-73.24   	 12.29   	  20.35		
-34.18   	-78.13   	 12.37   	  20.35		
-40.28   	-87.28   	 12.45   	  30.52		
-48.22   	-104.06   	 12.57   	  35.61		
-61.34   	-133.97   	 12.72   	  40.69		
-81.18   	-176.09   	 12.88   	  40.69		
-103.76   	-219.73   	 13.04   	  40.69		
-115.05   	-245.97   	 13.20   	  40.69		
-95.52   	-231.93   	 13.37   	  40.69		
-26.55   	-162.35   	 13.53   	  40.69		
 99.18   	-34.48   	 13.69   	  35.61		
271.61   	142.21   	 13.84   	  30.52		
459.90   	357.36   	 13.96   	  25.43		
617.98   	605.47   	 14.06   	  25.43		
699.77   	871.58   	 14.16   	  40.69		
561.22   	1228.94(R)	 14.32   	  20.35		
385.44   	1187.13   	 14.40   	  20.35		
204.77   	975.34   	 14.49   	  15.26		
 59.51   	666.20   	 14.55   	  10.17		
-37.84   	369.57   	 14.59   	  10.17		
-97.96   	163.27   	 14.63   	   5.09		
-139.16   	 59.51   	 14.65   	   5.09		
-169.37   	 26.86   	 14.67   	   0.00		
-184.02   	 26.25   	 14.67   	   0.00		
-176.70   	 32.04   	 14.67   	   0.00		
-148.93   	 33.26   	 14.67   	   5.09		
-112.00   	 23.80   	 14.69   	  15.26		
-78.43   	 -0.92   	 14.75   	  15.26		
-57.37   	-37.23   	 14.81   	  20.35		
-48.52   	-72.94   	 14.89   	  20.35		
-47.00   	-95.52   	 14.97   	  10.17		
-46.39   	-102.23   	 15.02   	   5.09		
-43.33   	-99.49   	 15.04   	 -10.17		
-38.45   	-94.91   	 14.99   	 -25.43		
-33.57   	-92.77   	 14.89   	 -30.52		
-30.21   	-93.69   	 14.77   	 -40.69		
-29.30   	-96.74   	 14.61   	 -35.61		
-30.52   	-101.32   	 14.47   	 -25.43		
-32.65   	-105.59   	 14.36   	 -15.26		
-33.87   	-108.34   	 14.30   	  10.17		
-32.65   	-108.95   	 14.34   	  25.43		
-29.30   	-107.42   	 14.45   	  50.86		
-24.72   	-104.68   	 14.65   	  61.04		
-20.75   	-102.23   	 14.89   	  71.21		
-17.40   	-100.10   	 15.18   	  71.21		
-15.56   	-98.88   	 15.46   	  66.12		
-15.26   	-98.57   	 15.73   	  45.78		
-18.31   	-99.18   	 15.91   	  30.52		
-24.11   	-100.71   	 16.03   	   5.09		
-29.30   	-101.93   	 16.05(A)	  -5.09		
-29.91   	-102.23   	 16.03   	 -25.43		
-25.63   	-101.01   	 15.93   	 -35.61		
-18.92   	-98.57   	 15.79   	 -40.69		
-14.34   	-95.83   	 15.63   	 -45.78		
-13.12   	-93.08   	 15.44   	 -45.78		
-13.43   	-90.94   	 15.26   	 -45.78		
-13.12   	-89.72   	 15.08   	 -40.69		
-10.68   	-89.11   	 14.91   	 -40.69		
 -7.02   	-87.28   	 14.75   	 -40.69		
 -3.97   	-83.92   	 14.59   	 -40.69		
 -1.83   	-78.74   	 14.43   	 -35.61		
 -0.61   	-72.94   	 14.28   	 -40.69		
  0.00   	-68.66   	 14.12   	 -35.61		
  0.00   	-67.14   	 13.98   	 -35.61		
  0.00   	-67.14   	 13.84   	 -35.61		
  0.31   	-66.83   	 13.69   	 -35.61		
  1.53   	-65.31   	 13.55   	 -30.52		
  2.75   	-62.26   	 13.43   	 -35.61		
  3.66   	-59.20   	 13.29   	 -25.43		
  4.88   	-56.46   	 13.18   	 -30.52		
  6.41   	-52.80   	 13.06   	 -25.43		
  8.85   	-47.61   	 12.96   	 -25.43		
 11.29   	-40.28   	 12.86   	 -25.43		
 11.60   	-32.35   	 12.76   	 -20.35		
 10.07   	-24.72   	 12.68   	 -20.35		
  7.02   	-18.31   	 12.59   	 -20.35		
  3.66   	-13.43   	 12.51   	 -20.35		
  0.31   	 -8.85   	 12.43   	 -20.35		
 -2.14   	 -3.66   	 12.35   	 -15.26		
 -3.36   	  3.66   	 12.29   	 -15.26		
 -2.75   	 14.04   	 12.23   	 -15.26		
 -0.61   	 26.55   	 12.17   	 -10.17		
  1.22   	 38.45   	 12.13   	 -15.26		
  2.14   	 47.30   	 12.07   	  -5.09		
  2.75   	 53.10   	 12.04   	 -10.17		
  5.49   	 57.07   	 12.00   	  -5.09		
 12.21   	 60.73   	 11.98   	  -5.09		
 21.06   	 64.39   	 11.96   	  -5.09		
 28.69   	 66.83   	 11.94   	  -5.09		
 32.65   	 66.53   	 11.92   	   0.00		
 32.65   	 64.09   	 11.92   	  -5.09		
 30.52   	 59.81   	 11.90   	  -5.09		
 26.86   	 53.71   	 11.88   	   0.00		
 22.58   	 45.78   	 11.88   	   0.00		
 17.70   	 36.01   	 11.88   	   0.00		
 12.21   	 25.63   	 11.88   	   0.00		
  8.54   	 15.87   	 11.88   	   0.00		
  6.71   	  8.24   	 11.88   	   5.09		
  5.80   	  2.44   	 11.90   	   0.00		
  3.05   	 -2.75   	 11.90   	   0.00		
 -2.44   	 -8.85   	 11.90   	   0.00		
-10.07   	-15.26   	 11.90   	  -5.09		
-15.56   	-20.45   	 11.88   	   0.00		
-16.48   	-22.28   	 11.88   	 -10.17		
-10.99   	-20.14   	 11.84   	 -10.17		
 -2.44   	-17.09   	 11.80   	 -15.26		
  4.27   	-15.87   	 11.74   	 -25.43		
  4.88   	-17.70   	 11.64   	 -30.52		
 -1.83   	-21.36   	 11.52   	 -30.52		
-10.68   	-23.50   	 11.39   	 -35.61		
-16.48   	-22.58   	 11.25   	 -40.69		
-15.87   	-18.92   	 11.09   	 -30.52		
-10.99   	-15.26   	 10.97   	 -30.52		
 -6.71   	-13.73   	 10.84   	 -25.43		
 -6.71   	-13.73   	 10.74   	 -20.35		
-10.99   	-13.73   	 10.66   	 -15.26		
-15.26   	-12.21   	 10.60   	 -10.17		
-17.40   	-10.38   	 10.56   	  -5.09		
-16.17   	 -9.46   	 10.54   	  -5.09		
-13.43   	 -9.77   	 10.52   	  -5.09		
-10.07   	 -9.16   	 10.50   	   0.00		
 -6.41   	 -5.80   	 10.50   	   0.00		
 -1.53   	  0.00   	 10.50   	   5.09		
  2.14   	  4.88   	 10.52   	   5.09		
  3.66   	  5.49   	 10.54   	   5.09		
  1.22   	  0.92   	 10.56   	  10.17		
 -3.66   	 -6.10   	 10.60   	  10.17		
 -8.85   	-12.21   	 10.64   	   5.09		
-10.99   	-14.04   	 10.66   	   5.09		
 -9.77   	-11.90   	 10.68   	   5.09		
 -5.80   	 -8.54   	 10.70(V)	  -5.09		
 -1.22   	 -6.71   	 10.68   	  -5.09		
  2.14   	 -8.54   	 10.66   	 -10.17		
  3.97   	-12.51   	 10.62   	 -10.17		
  3.97   	-16.78   	 10.58   	 -15.26		
  2.75   	-18.92   	 10.52   	 -10.17		
  0.92   	-19.53   	 10.48   	 -15.26		
 -1.53   	-20.14   	 10.42   	 -15.26		
 -2.75   	-21.67   	 10.36   	 -15.26		
 -2.75   	-23.80   	 10.29   	 -20.35		
 -2.44   	-24.72   	 10.21   	 -20.35		
 -2.75   	-24.72   	 10.13   	 -20.35		
 -4.27   	-24.72   	 10.05   	 -20.35		
 -5.19   	-26.86   	  9.97   	 -20.35		
 -4.58   	-31.13   	  9.89   	 -25.43		
 -2.75   	-35.71   	  9.79   	 -20.35		
 -1.83   	-39.06   	  9.70   	 -20.35		
 -4.27   	-40.59   	  9.62   	 -25.43		
-10.07   	-41.20   	  9.52   	 -20.35		
-15.56   	-42.11   	  9.44   	 -25.43		
-16.78   	-43.03   	  9.34   	 -20.35		
-12.51   	-43.64   	  9.26   	 -25.43		
 -5.80   	-43.03   	  9.16   	 -20.35		
 -1.22   	-42.11   	  9.07   	 -25.43		
 -1.22   	-42.42   	  8.97   	 -25.43		
 -4.88   	-44.86   	  8.87   	 -20.35		
 -9.46   	-48.83   	  8.79   	 -25.43		
-12.82   	-52.19   	  8.69   	 -20.35		
-13.73   	-53.41   	  8.61   	 -25.43		
-12.51   	-51.27   	  8.50   	 -20.35		
 -9.77   	-47.30   	  8.42   	 -20.35		
 -5.80   	-43.33   	  8.34   	 -20.35		
 -2.44   	-42.11   	  8.26   	 -25.43		
 -1.22   	-44.86   	  8.16   	 -20.35		
 -3.05   	-50.66   	  8.08   	 -20.35		
 -7.32   	-57.37   	  8.00   	 -20.35		
-12.51   	-62.56   	  7.91   	 -20.35		
-15.26   	-64.09   	  7.83   	 -25.43		
-14.95   	-62.26   	  7.73   	 -20.35		
-11.60   	-58.90   	  7.65   	 -20.35		
 -7.63   	-56.76   	  7.57   	 -20.35		
 -5.80   	-57.68   	  7.49   	 -20.35		
 -7.32   	-60.73   	  7.41   	 -20.35		
-10.38   	-62.87   	  7.32   	 -20.35		
-12.21   	-61.95   	  7.24   	 -20.35		
-11.90   	-57.37   	  7.16   	 -25.43		
-11.29   	-52.19   	  7.06   	 -20.35		
-11.60   	-48.83   	  6.98   	 -20.35		
-13.12   	-48.52   	  6.90   	 -20.35		
-14.34   	-50.96   	  6.82   	 -15.26		
-13.73   	-54.32   	  6.75   	 -20.35		
-11.29   	-56.46   	  6.67   	 -15.26		
 -8.85   	-55.24   	  6.61   	 -20.35		
 -6.10   	-49.44   	  6.53   	 -15.26		
 -2.75   	-39.37   	  6.47   	 -20.35		
  1.83   	-27.16   	  6.39   	 -15.26		
  5.80   	-15.26   	  6.33   	 -20.35		
  7.93   	 -4.58   	  6.25   	 -15.26		
  8.24   	  4.27   	  6.19   	 -20.35		
  8.24   	 12.21   	  6.10   	 -15.26		
 10.07   	 18.92   	  6.04   	 -20.35		
 14.34   	 22.58   	  5.96   	 -15.26		
 19.23   	 22.28   	  5.90   	 -15.26		
 23.50   	 19.53   	  5.84   	 -10.17		
 26.86   	 18.62   	  5.80   	 -15.26		
 30.52   	 24.72   	  5.74   	 -15.26		
 36.01   	 38.76   	  5.68   	 -10.17		
 43.95   	 56.15   	  5.64   	 -10.17		
 52.49   	 66.53   	  5.60   	 -15.26		
 61.04   	 61.34   	  5.53   	 -10.17		
 67.14   	 39.37   	  5.49   	  -5.09		
 69.89   	  7.93   	  5.47   	 -10.17		
 67.14   	-20.75   	  5.43   	 -10.17		
 60.42   	-36.01   	  5.39   	 -10.17		
 51.27   	-36.93   	  5.35   	 -10.17		
 42.72   	-29.60   	  5.31   	  -5.09		
 34.18   	-22.89   	  5.29   	 -15.26		
 23.19   	-24.41   	  5.23   	 -10.17		
  8.85   	-35.40   	  5.19   	 -10.17		
 -6.71   	-51.88   	  5.15   	 -15.26		
-18.62   	-68.05   	  5.09   	 -10.17		
-23.50   	-80.26   	  5.05   	 -15.26		
-21.67   	-85.75   	  4.98   	 -10.17		
-16.48   	-85.75   	  4.94   	  -5.09		
-12.21   	-81.79   	  4.92   	   0.00		
-10.68   	-77.21   	  4.92   	   5.09		
-11.90   	-75.38   	  4.94   	   5.09		
-14.65   	-76.29   	  4.96   	   5.09		
-18.01   	-78.43   	  4.98   	  10.17		
-21.97   	-78.74   	  5.03   	  10.17		
-26.86   	-76.60   	  5.07   	   5.09		
-31.74   	-73.85   	  5.09   	  10.17		
-35.10   	-73.55   	  5.13   	  10.17		
-35.40   	-76.60   	  5.17   	  10.17		
-31.74   	-80.57   	  5.21   	  15.26		
-26.55   	-82.40   	  5.27   	  20.35		
-23.50   	-81.79   	  5.35   	  25.43		
-26.55   	-83.92   	  5.45   	  25.43		
-38.15   	-97.05   	  5.55   	  30.52		
-58.59   	-126.95   	  5.68   	  30.52		
-83.62   	-171.51   	  5.80   	  25.43		
-106.20   	-217.90   	  5.90   	  30.52		
-113.53   	-243.84   	  6.02   	  30.52		
-90.33   	-228.58   	  6.14   	  30.52		
-21.67   	-159.00   	  6.27   	  30.52		
100.10   	-33.87   	  6.39   	  35.61		
266.72   	141.60   	  6.53   	  35.61		
448.00   	360.72   	  6.67   	  35.61		
597.84   	619.20   	  6.82   	  35.61		
670.78   	893.25   	  6.96   	  66.12		
518.49   	1228.94(R)	  7.22   	  20.35		
345.76   	1164.55   	  7.30   	  20.35		
174.87   	941.77   	  7.39   	  10.17		
 41.50   	641.17   	  7.43   	  10.17		
-46.08   	364.99   	  7.47   	   0.00		
-100.40   	174.26   	  7.47   	   0.00		
-139.16   	 71.11   	  7.47   	   5.09		
-169.37   	 25.94   	  7.49   	   0.00		
-186.16   	 11.29   	  7.49   	  10.17		
-181.88   	 11.60   	  7.53   	  10.17		
-156.56   	 18.01   	  7.57   	  10.17		
-119.93   	 17.70   	  7.61   	  15.26		
-84.84   	  0.31   	  7.67   	  10.17		
-59.20   	-33.26   	  7.71   	  10.17		
-45.78   	-69.89   	  7.75   	   5.09		
-40.28   	-94.91   	  7.77   	   0.00		
-37.54   	-103.45   	  7.77   	  -5.09		
-34.48   	-100.10   	  7.75   	 -10.17		
-29.91   	-93.99   	  7.71   	 -10.17		
-25.33   	-90.64   	  7.67   	 -15.26		
-22.58   	-92.47   	  7.61   	  -5.09		
-22.28   	-98.57   	  7.59   	   0.00		
-25.02   	-106.20   	  7.59   	   5.09		
-28.99   	-112.30   	  7.61   	  20.35		
-31.43   	-115.05   	  7.69   	  25.43		
-30.52   	-114.14   	  7.79   	  30.52		
-27.16   	-111.69   	  7.91   	  35.61		
-21.67   	-108.95   	  8.06   	  30.52		
-16.17   	-107.12   	  8.18   	  20.35		
-12.82   	-107.12   	  8.26   	  20.35		
-11.90   	-109.25   	  8.34   	   5.09		
-13.73   	-112.00   	  8.36(A)	   0.00		
-17.40   	-114.14   	  8.36   	 -10.17		
-21.06   	-114.44   	  8.32   	 -15.26		
-22.28   	-112.00   	  8.26   	 -20.35		
-20.14   	-107.42   	  8.18   	 -15.26		
-14.34   	-101.32   	  8.12   	 -20.35		
 -7.32   	-95.52   	  8.04   	 -25.43		
 -1.83   	-91.86   	  7.93   	 -20.35		
  0.00   	-91.55   	  7.85   	 -30.52		
 -1.22   	-93.99   	  7.73   	 -30.52		
 -3.36   	-97.05   	  7.61   	 -40.69		
 -4.88   	-99.49   	  7.45   	 -45.78		
 -5.19   	-100.71   	  7.26   	 -50.86		
 -4.88   	-100.40   	  7.06   	 -50.86		
 -4.58   	-99.79   	  6.86   	 -55.95		
 -3.66   	-97.35   	  6.63   	 -55.95		
 -0.61   	-93.38   	  6.41   	 -50.86		
  4.88   	-88.20   	  6.21   	 -45.78		
 10.99   	-83.92   	  6.02   	 -35.61		
 14.65   	-82.40   	  5.88   	 -35.61		
 14.65   	-81.48   	  5.74   	 -30.52		
 12.82   	-79.35   	  5.62   	 -20.35		
 12.51   	-73.24   	  5.53   	 -15.26		
 14.34   	-63.78   	  5.47   	 -15.26		
 17.09   	-54.63   	  5.41   	  -5.09		
 18.62   	-50.05   	  5.39   	 -10.17		
 17.09   	-51.57   	  5.35   	   0.00		
 13.12   	-57.68   	  5.35   	  -5.09		
  8.85   	-63.48   	  5.33   	  -5.09		
  5.49   	-64.70   	  5.31   	  -5.09		
  3.66   	-60.73   	  5.29   	   0.00		
  3.97   	-51.57   	  5.29   	  -5.09		
  7.02   	-39.06   	  5.27   	  -5.09		
 11.60   	-25.02   	  5.25   	  -5.09		
 15.87   	-10.68   	  5.23   	   0.00		
 18.31   	  2.44   	  5.23   	  -5.09		
 19.84   	 13.12   	  5.21   	   0.00		
 20.75   	 22.28   	  5.21   	   0.00		
 23.50   	 31.13   	  5.21   	   0.00		
 28.08   	 40.28   	  5.21   	   0.00		
 32.96   	 48.83   	  5.21   	   0.00		
 37.23   	 55.85   	  5.21   	   0.00		
 39.98   	 59.51   	  5.21   	   0.00		
 39.67   	 59.51   	  5.21   	  -5.09		
 35.71   	 57.37   	  5.19   	  -5.09		
 29.60   	 52.49   	  5.17   	  -5.09		
 22.89   	 45.17   	  5.15   	  -5.09		
 17.40   	 36.32   	  5.13   	  -5.09		
 14.04   	 27.16   	  5.11   	   0.00		
 11.90   	 18.01   	  5.11   	  -5.09		
  9.77   	  9.77   	  5.09   	   0.00		
  7.32   	  2.75   	  5.09   	  -5.09		
  3.66   	 -4.27   	  5.07   	  -5.09		
 -1.83   	-11.90   	  5.05   	  -5.09		
 -9.16   	-19.23   	  5.03   	 -10.17		
-14.95   	-24.11   	  4.98   	 -15.26		
-17.09   	-24.41   	  4.92   	 -20.35		
-14.34   	-21.06   	  4.84   	 -15.26		
 -9.46   	-16.48   	  4.78   	 -20.35		
 -7.32   	-13.12   	  4.70   	 -15.26		
 -9.77   	-12.21   	  4.64   	 -10.17		
-14.34   	-12.82   	  4.60   	  -5.09		
-16.78   	-13.73   	  4.58   	   0.00		
-15.56   	-14.65   	  4.58   	   5.09		
-12.51   	-16.17   	  4.60   	  10.17		
-10.68   	-15.87   	  4.64   	  10.17		
-11.90   	-13.12   	  4.68   	  15.26		
-14.95   	 -7.63   	  4.74   	  15.26		
-17.40   	 -1.83   	  4.80   	  15.26		
-17.70   	  1.53   	  4.86   	  15.26		
-15.87   	  1.22   	  4.92   	  10.17		
-14.04   	 -1.53   	  4.96   	  20.35		
-14.34   	 -4.58   	  5.05   	  15.26		
-15.87   	 -6.41   	  5.11   	  25.43		
-17.70   	 -6.71   	  5.21   	  25.43		
-18.01   	 -6.10   	  5.31   	  25.43		
-17.70   	 -5.49   	  5.41   	  30.52		
-17.09   	 -5.19   	  5.53   	  20.35		
-15.56   	 -5.49   	  5.62   	  15.26		
-12.82   	 -5.19   	  5.68   	   5.09		
 -7.93   	 -4.58   	  5.70(V)	   0.00		
 -3.36   	 -4.27   	  5.70   	 -10.17		
 -2.75   	 -6.71   	  5.66   	  -5.09		
 -7.32   	-11.60   	  5.64   	   0.00		
-14.34   	-17.70   	  5.64   	   5.09		
-18.92   	-21.97   	  5.66   	  20.35		
-19.53   	-22.89   	  5.74   	  30.52		
-16.48   	-22.28   	  5.86   	  30.52		
-13.12   	-21.36   	  5.98   	  35.61		
-12.21   	-21.36   	  6.12   	  35.61		
-14.65   	-22.89   	  6.27   	  30.52		
-18.62   	-25.63   	  6.39   	  25.43		
-23.19   	-29.30   	  6.49   	  20.35		
-26.55   	-33.26   	  6.57   	  10.17		
-27.16   	-36.62   	  6.61   	  10.17		
-24.72   	-37.54   	  6.65   	   5.09		
-20.45   	-36.93   	  6.67   	   0.00		
-16.48   	-36.93   	  6.67   	   0.00		
-13.73   	-38.15   	  6.67   	   0.00		
-12.82   	-39.67   	  6.67   	   0.00		
-13.43   	-39.98   	  6.67   	   0.00		
-16.48   	-39.37   	  6.67   	   5.09		
-22.58   	-39.06   	  6.69   	   0.00		
-31.43   	-41.50   	  6.69   	   0.00		
-38.76   	-45.78   	  6.69   	   5.09		
-40.59   	-49.13   	  6.71   	   5.09		
-35.10   	-49.13   	  6.73   	   5.09		
-25.94   	-46.69   	  6.75   	  10.17		
-18.01   	-43.95   	  6.80   	  10.17		
-14.65   	-42.72   	  6.84   	  15.26		
-16.48   	-43.64   	  6.90   	  15.26		
-21.36   	-45.17   	  6.96   	  20.35		
-25.63   	-45.78   	  7.04   	  15.26		
-28.08   	-46.08   	  7.10   	  15.26		
-28.69   	-47.30   	  7.16   	  15.26		
-28.08   	-48.83   	  7.22   	  15.26		
-27.16   	-50.05   	  7.28   	  10.17		
-26.25   	-49.44   	  7.32   	  10.17		
-24.72   	-46.69   	  7.37   	  10.17		
-22.28   	-42.42   	  7.41   	  10.17		
-20.45   	-38.76   	  7.45   	   5.09		
-21.06   	-37.23   	  7.47   	  10.17		
-24.41   	-37.54   	  7.51   	  10.17		
-28.08   	-38.45   	  7.55   	   5.09		
-30.21   	-39.98   	  7.57   	  10.17		
-30.21   	-41.81   	  7.61   	   5.09		
-28.69   	-43.64   	  7.63   	   5.09		
-28.08   	-45.47   	  7.65   	  10.17		
-27.77   	-45.78   	  7.69   	   5.09		
-26.55   	-44.25   	  7.71   	   5.09		
-22.89   	-41.20   	  7.73   	  10.17		
-19.23   	-38.45   	  7.77   	   5.09		
-18.01   	-36.93   	  7.79   	  10.17		
-19.53   	-35.40   	  7.83   	  10.17		
-21.97   	-31.74   	  7.87   	  10.17		
-22.58   	-24.11   	  7.91   	   5.09		
-19.23   	-12.51   	  7.93   	  10.17		
-12.21   	  2.14   	  7.98   	  10.17		
 -4.58   	 17.09   	  8.02   	   5.09		
  0.31   	 29.60   	  8.04   	  10.17		
  2.44   	 37.54   	  8.08   	  10.17		
  2.44   	 38.45   	  8.12   	  10.17		
  3.05   	 34.18   	  8.16   	  10.17		
  5.80   	 28.69   	  8.20   	  15.26		
 10.38   	 26.55   	  8.26   	  10.17		
 15.87   	 32.96   	  8.30   	  10.17		
 20.45   	 47.30   	  8.34   	  10.17		
 24.72   	 65.00   	  8.38   	  10.17		
 29.91   	 75.68   	  8.42   	  10.17		
 36.01   	 72.33   	  8.46   	  10.17		
 42.11   	 52.49   	  8.50   	  10.17		
 46.39   	 23.19   	  8.55   	  10.17		
 47.91   	 -3.66   	  8.59   	  10.17		
 47.30   	-18.01   	  8.63   	   5.09		
 44.86   	-18.01   	  8.65   	  10.17		
 39.37   	 -9.77   	  8.69   	   5.09		
 28.69   	 -3.36   	  8.71   	  10.17		
 14.65   	 -5.19   	  8.75   	   5.09		
  0.00   	-15.87   	  8.77   	  10.17		
-10.99   	-32.96   	  8.81   	  10.17		
-17.09   	-51.27   	  8.85   	  15.26		
-20.75   	-67.14   	  8.91   	  15.26		
-24.41   	-78.13   	  8.97   	  20.35		
-28.38   	-82.09   	  9.05   	  25.43		
-30.52   	-79.96   	  9.16   	  20.35		
-29.30   	-74.77   	  9.24   	  25.43		
-25.63   	-69.58   	  9.34   	  15.26		
-22.58   	-66.22   	  9.40   	  15.26		
-22.89   	-65.61   	  9.46   	  15.26		
-27.16   	-66.53   	  9.52   	  10.17		
-32.65   	-66.83   	  9.56   	  15.26		
-35.71   	-65.92   	  9.62   	  15.26		
-35.71   	-63.78   	  9.68   	  20.35		
-33.87   	-61.65   	  9.77   	  N/A		
