  I     	  II     	  LVp     	  LVp'		
 -8.85   	 38.76   	 48.69   	-742.62		
 -8.24   	 41.81   	 45.72   	-712.10		
 -7.32   	 43.03   	 42.87   	-686.67		
 -7.32   	 40.59   	 40.12   	-661.24		
 -8.24   	 36.62   	 37.48   	-625.63		
 -9.77   	 34.79   	 34.97   	-600.20		
-10.99   	 37.54   	 32.57   	-559.51		
-11.29   	 43.33   	 30.34   	-528.99		
-11.60   	 47.30   	 28.22   	-488.30		
-11.60   	 46.69   	 26.27   	-452.69		
-11.90   	 43.03   	 24.46   	-406.92		
-11.29   	 40.28   	 22.83   	-371.31		
-10.07   	 40.28   	 21.34   	-325.53		
 -8.54   	 42.11   	 20.04   	-289.93		
 -7.32   	 43.64   	 18.88   	-249.24		
 -7.32   	 43.03   	 17.88   	-213.63		
 -8.54   	 40.59   	 17.03   	-172.94		
-10.07   	 37.84   	 16.34   	-147.51		
-10.68   	 36.01   	 15.75   	-116.99		
 -9.46   	 34.18   	 15.28   	 -96.64		
 -7.32   	 31.43   	 14.89   	 -71.21		
 -5.49   	 28.38   	 14.61   	 -50.86		
 -4.58   	 26.25   	 14.40   	 -40.69		
 -5.49   	 25.94   	 14.24   	 -25.43		
 -7.02   	 27.77   	 14.14   	 -15.26		
 -8.24   	 30.82   	 14.08   	 -10.17		
 -8.24   	 34.18   	 14.04   	  -5.09		
 -6.41   	 38.76   	 14.02   	   5.09		
 -3.05   	 46.08   	 14.04   	   0.00		
  1.53   	 57.68   	 14.04   	  10.17		
  6.71   	 75.68   	 14.08   	   5.09		
 11.29   	 99.79   	 14.10   	  10.17		
 14.04   	126.65   	 14.14   	  10.17		
 15.26   	151.98   	 14.18   	  10.17		
 15.26   	170.90   	 14.22   	  10.17		
 14.95   	182.19   	 14.26   	  15.26		
 14.04   	187.38   	 14.32   	  10.17		
 12.51   	191.04   	 14.36   	  10.17		
  9.46   	195.01   	 14.40   	  15.26		
  6.41   	197.14   	 14.47   	  15.26		
  4.88   	195.01   	 14.53   	  10.17		
  6.71   	187.38   	 14.57   	  15.26		
 12.21   	175.78   	 14.63   	  10.17		
 20.45   	164.18   	 14.67   	  10.17		
 28.69   	154.72   	 14.71   	  10.17		
 35.10   	146.48   	 14.75   	  15.26		
 38.76   	135.19   	 14.81   	  10.17		
 40.28   	118.71   	 14.85   	   5.09		
 41.81   	 97.66   	 14.87   	  10.17		
 45.17   	 76.60   	 14.91   	  10.17		
 50.96   	 59.51   	 14.95   	  15.26		
 57.07   	 48.22   	 15.02   	  10.17		
 59.20   	 39.67   	 15.06   	  10.17		
 53.41   	 31.43   	 15.10   	  10.17		
 38.15   	 22.28   	 15.14   	  15.26		
 17.40   	 13.12   	 15.20   	  15.26		
 -3.05   	  3.97   	 15.26   	  20.35		
-17.40   	 -7.63   	 15.34   	  20.35		
-24.41   	-23.19   	 15.42   	  20.35		
-25.33   	-41.50   	 15.50   	  25.43		
-23.50   	-57.98   	 15.61   	  30.52		
-21.67   	-67.44   	 15.73   	  30.52		
-21.06   	-68.66   	 15.85   	  30.52		
-21.67   	-65.00   	 15.97   	  40.69		
-22.58   	-61.04   	 16.13   	  45.78		
-22.89   	-59.20   	 16.32   	  50.86		
-22.89   	-59.51   	 16.52   	  55.95		
-21.97   	-61.04   	 16.74   	  61.04		
-21.06   	-63.17   	 16.99   	  71.21		
-19.84   	-65.00   	 17.27   	  76.30		
-19.23   	-66.22   	 17.58   	  91.56		
-19.23   	-66.53   	 17.94   	  91.56		
-19.84   	-65.92   	 18.31   	 106.82		
-20.45   	-64.09   	 18.74   	 116.99		
-20.75   	-60.42   	 19.21   	 116.99		
-20.75   	-54.63   	 19.67   	 132.25		
-21.97   	-46.69   	 20.20   	 137.33		
-26.25   	-39.37   	 20.75   	 137.33		
-32.96   	-35.71   	 21.30   	 142.42		
-39.37   	-35.40   	 21.87   	 142.42		
-40.28   	-32.35   	 22.44   	 142.42		
-29.60   	-14.95   	 23.01   	 137.33		
 -1.83   	 27.77   	 23.56   	 137.33		
 42.11   	102.84   	 24.11   	 127.16		
 95.83   	214.54   	 24.62   	 116.99		
147.71   	359.50   	 25.09   	 111.90		
188.29   	514.53   	 25.53   	 188.20		
227.97   	658.26(R)	 26.29(E)	  81.38		
231.93   	558.17   	 26.61   	  71.21		
227.05   	348.82   	 26.90   	  66.12		
211.18   	 94.91   	 27.16   	  55.95		
184.33   	-129.70   	 27.39   	  50.86		
150.15   	-280.46   	 27.59   	  50.86		
114.14   	-353.70   	 27.79   	  50.86		
 78.74   	-364.99   	 28.00   	  50.86		
 43.95   	-331.42   	 28.20   	  61.04		
 11.60   	-266.72   	 28.44   	  61.04		
-15.26   	-190.12   	 28.69   	  76.30		
-33.57   	-128.78   	 28.99   	  91.56		
-42.11   	-102.54   	 29.36   	 101.73		
-43.64   	-111.08   	 29.77   	 127.16		
-42.42   	-134.89   	 30.27   	 152.59		
-40.89   	-151.37   	 30.88   	 183.11		
-39.67   	-152.28   	 31.62   	 218.72		
-39.06   	-144.04   	 32.49   	 254.32		
-39.06   	-137.33   	 33.51   	 310.27		
-39.37   	-137.33   	 34.75   	 361.14		
-39.67   	-142.82   	 36.20   	 427.26		
-39.98   	-149.23   	 37.90   	 503.56		
-40.28   	-153.20   	 39.92   	 584.94		
-41.20   	-153.81   	 42.26   	 676.50		
-42.11   	-152.59   	 44.96   	 757.88		
-42.72   	-150.76   	 48.00   	 849.44		
-42.72   	-149.84   	 51.39   	 930.82		
-42.11   	-149.84   	 55.12   	1002.03		
-40.89   	-150.45   	 59.12   	1052.90		
-39.98   	-150.76   	 63.34   	1078.33		
-39.06   	-151.06   	 67.65   	1098.67		
-38.45   	-151.06   	 72.04   	1083.41		
-38.45   	-151.37   	 76.38   	1063.07		
-39.37   	-152.89   	 80.63   	1027.46		
-40.28   	-154.72   	 84.74   	 976.60		
-41.20   	-157.17   	 88.65   	 930.82		
-41.81   	-159.00   	 92.37   	 874.87		
-41.81   	-159.61   	 95.87   	 829.09		
-41.20   	-158.39   	 99.19   	 773.14		
-40.59   	-155.94   	102.28   	 727.36		
-40.59   	-153.81   	105.19   	 681.58		
-40.89   	-152.89   	107.91   	 640.89		
-41.81   	-153.20   	110.48   	 600.20		
-42.11   	-154.42   	112.88   	 569.68		
-42.11   	-155.03   	115.16   	 528.99		
-41.50   	-154.42   	117.27   	 503.56		
-41.20   	-152.28   	119.29   	 478.13		
-41.81   	-149.23   	121.20   	 452.69		
-43.33   	-146.48   	123.01   	 432.35		
-45.17   	-144.96   	124.74   	 417.09		
-46.39   	-144.04   	126.41   	 396.74		
-46.69   	-143.43   	128.00   	 386.57		
-46.69   	-141.30   	129.54   	 376.40		
-46.69   	-137.63   	131.05   	 366.22		
-47.00   	-132.75   	132.51   	 350.97		
-47.61   	-126.95   	133.92   	 350.97		
-47.61   	-120.85   	135.32   	 335.71		
-46.69   	-113.83   	136.66   	 325.53		
-45.47   	-105.90   	137.96   	 320.45		
-43.64   	-96.74   	139.25   	 305.19		
-42.11   	-86.67   	140.47   	 295.01		
-40.28   	-75.38   	141.65   	 284.84		
-37.84   	-63.17   	142.79   	 274.67		
-35.10   	-51.57   	143.89   	 259.41		
-32.65   	-41.20   	144.92   	 244.15		
-30.82   	-31.74   	145.90   	 233.98		
-29.30   	-21.97   	146.84   	 223.80		
-28.08   	-10.38   	147.73   	 208.54		
-25.94   	  3.05   	148.57   	 193.29		
-22.58   	 17.40   	149.34   	 188.20		
-18.92   	 30.21   	150.09   	 172.94		
-14.34   	 41.20   	150.78   	 157.68		
-10.07   	 50.35   	151.41   	 152.59		
 -6.10   	 57.68   	152.02   	 137.33		
 -2.44   	 63.78   	152.57   	 122.07		
  0.31   	 67.75   	153.06   	 111.90		
  2.44   	 69.27   	153.51   	  96.64		
  3.97   	 68.36   	153.90   	  81.38		
  5.19   	 66.83   	154.22   	  61.04		
  5.80   	 65.61   	154.47   	  45.78		
  6.10   	 64.70   	154.65   	  25.43		
  5.80   	 62.87   	154.75(S)	   0.00		
  5.19   	 59.51   	154.75   	 -15.26		
  4.58   	 53.71   	154.69   	 -40.69		
  4.27   	 46.39   	154.53   	 -66.12		
  3.66   	 39.98   	154.26   	 -91.56		
  3.05   	 35.10   	153.90   	-111.90		
  1.53   	 32.04   	153.45   	-137.33		
  0.31   	 30.21   	152.90   	-162.77		
 -0.31   	 28.69   	152.25   	-193.29		
  0.00   	 26.55   	151.47   	-208.54		
  0.61   	 24.11   	150.64   	-239.06		
  0.92   	 21.67   	149.68   	-264.50		
  0.61   	 19.23   	148.63   	-295.01		
  0.00   	 17.70   	147.45   	-330.62		
 -0.31   	 16.78   	146.12   	-371.31		
  0.00   	 16.48   	144.64   	-417.09		
  0.31   	 17.40   	142.97   	-467.95		
  0.92   	 18.31   	141.10   	-523.90		
  1.22   	 18.62   	139.00   	-569.68		
  0.92   	 16.78   	136.72   	-620.55		
  0.31   	 13.43   	134.24   	-661.24		
 -0.31   	  9.77   	131.60   	-701.93		
 -0.92   	  7.02   	128.79   	-737.54		
 -0.92   	  6.10   	125.84   	-768.05		
 -0.61   	  4.88   	122.77   	-798.57		
 -0.61   	  1.83   	119.57   	-824.00		
 -0.31   	 -2.75   	116.28   	-849.44		
 -0.61   	 -6.71   	112.88   	-869.78		
 -1.22   	 -7.93   	109.40   	-895.22		
 -2.14   	 -7.02   	105.82   	-910.47		
 -3.36   	 -6.71   	102.18   	-925.73		
 -4.58   	 -8.24   	 98.47   	-930.82		
 -5.49   	-10.99   	 94.75   	-946.08		
 -6.41   	-13.43   	 90.97   	-940.99		
 -7.32   	-14.34   	 87.20   	-940.99		
 -7.93   	-14.34   	 83.44   	-930.82		
 -8.85   	-14.95   	 79.71   	-925.73		
 -9.46   	-16.48   	 76.01   	-900.30		
-10.07   	-19.53   	 72.41   	-890.13		
-10.07   	-22.28   	 68.85   	-859.61		
 -9.46   	-22.89   	 65.41   	-844.35		
 -8.85   	-21.06   	 62.03   	-808.75		
 -8.85   	-17.40   	 58.80   	-788.40		
 -8.85   	-14.65   	 55.65   	-757.88		
 -9.16   	-14.95   	 52.61   	-727.36		
 -9.16   	-18.01   	 49.70   	-696.84		
 -9.16   	-21.36   	 46.92   	-666.32		
-10.07   	-22.28   	 44.25   	-635.81		
-11.29   	-20.45   	 41.71   	-600.20		
-12.82   	-17.70   	 39.31   	-564.60		
-14.34   	-15.56   	 37.05   	-534.08		
-14.65   	-14.65   	 34.91   	-493.39		
-14.65   	-14.04   	 32.94   	-457.78		
-14.65   	-12.82   	 31.11   	-417.09		
-14.65   	-12.21   	 29.44   	-381.48		
-14.65   	-12.51   	 27.91   	-340.79		
-14.34   	-13.43   	 26.55   	-300.10		
-12.82   	-13.43   	 25.35   	-264.50		
-10.68   	-11.60   	 24.29   	-228.89		
 -8.54   	 -7.93   	 23.38   	-193.29		
 -7.32   	 -4.88   	 22.60   	-162.77		
 -6.71   	 -3.36   	 21.95   	-137.33		
 -7.32   	 -4.27   	 21.40   	-106.82		
 -7.93   	 -6.71   	 20.98   	 -86.47		
 -8.54   	 -8.54   	 20.63   	 -61.04		
 -8.85   	 -9.16   	 20.39   	 -50.86		
 -8.54   	 -9.16   	 20.18   	 -35.61		
 -8.24   	 -9.16   	 20.04   	 -25.43		
 -7.93   	 -9.77   	 19.94   	 -15.26		
 -7.63   	-10.99   	 19.88   	 -10.17		
 -7.32   	-10.68   	 19.84   	  -5.09		
 -6.41   	 -7.02   	 19.82(D)	   5.09		
 -4.27   	  2.75   	 19.84   	   0.00		
 -1.22   	 18.62   	 19.84   	   5.09		
  2.75   	 39.98   	 19.86   	  10.17		
  7.02   	 63.78   	 19.90   	   5.09		
 10.68   	 87.59   	 19.92   	  10.17		
 13.73   	109.56   	 19.96   	  15.26		
 16.17   	128.17   	 20.02   	  10.17		
 18.01   	142.21   	 20.06   	  10.17		
 18.31   	151.67   	 20.10   	  15.26		
 16.78   	157.17   	 20.16   	  10.17		
 13.43   	160.52   	 20.20   	  15.26		
  9.46   	161.74   	 20.26   	  15.26		
  7.02   	159.30   	 20.33   	  15.26		
  8.24   	151.98   	 20.39   	  10.17		
 12.51   	141.30   	 20.43   	  15.26		
 18.92   	129.39   	 20.49   	  10.17		
 25.02   	119.93   	 20.53   	  10.17		
 30.21   	112.00   	 20.57   	  10.17		
 33.87   	101.62   	 20.61   	  10.17		
 36.32   	 84.84   	 20.65   	   5.09		
 39.06   	 63.48   	 20.67   	  10.17		
 43.03   	 43.64   	 20.71   	   5.09		
 49.13   	 30.82   	 20.73   	   5.09		
 56.15   	 26.55   	 20.75   	   5.09		
 60.73   	 25.33   	 20.77   	  10.17		
 57.98   	 19.53   	 20.81   	   5.09		
 44.86   	  6.71   	 20.83   	  10.17		
 23.50   	 -9.77   	 20.87   	  10.17		
  0.31   	-25.33   	 20.92   	  10.17		
-18.31   	-38.15   	 20.96   	  10.17		
-28.38   	-50.96   	 21.00   	  15.26		
-30.21   	-66.53   	 21.06   	  15.26		
-28.38   	-84.23   	 21.12   	  20.35		
-26.25   	-97.96   	 21.20   	  25.43		
-25.63   	-103.76   	 21.30   	  25.43		
-26.25   	-101.32   	 21.40   	  25.43		
-26.86   	-95.83   	 21.51   	  35.61		
-26.86   	-92.47   	 21.65   	  40.69		
-25.94   	-93.38   	 21.81   	  45.78		
-25.02   	-96.44   	 21.99   	  50.86		
-24.72   	-98.57   	 22.20   	  55.95		
-24.72   	-97.66   	 22.42   	  66.12		
-25.02   	-94.91   	 22.69   	  76.30		
-25.02   	-92.47   	 22.99   	  81.38		
-24.41   	-91.25   	 23.32   	  91.56		
-23.50   	-90.94   	 23.68   	 101.73		
-22.89   	-90.03   	 24.09   	 106.82		
-22.89   	-88.20   	 24.52   	 116.99		
-24.11   	-85.14   	 24.98   	 122.07		
-27.16   	-81.18   	 25.47   	 127.16		
-32.96   	-76.60   	 25.98   	 132.25		
-39.67   	-71.41   	 26.51   	 132.25		
-44.56   	-63.17   	 27.04   	 132.25		
-42.72   	-47.91   	 27.57   	 127.16		
-27.77   	-18.62   	 28.08   	 127.16		
  3.66   	 32.65   	 28.59   	 122.07		
 50.35   	113.22   	 29.07   	 116.99		
104.06   	228.27   	 29.54   	 106.82		
154.42   	371.40   	 29.97   	  96.64		
192.87   	513.61   	 30.36   	 172.94		
231.32   	592.35(R)	 31.05(E)	  71.21		
236.21   	462.65   	 31.33   	  66.12		
231.63   	250.24   	 31.60   	  55.95		
214.23   	 22.28   	 31.82   	  55.95		
184.02   	-161.44   	 32.04   	  45.78		
145.87   	-279.24   	 32.23   	  50.86		
106.20   	-337.83   	 32.43   	  45.78		
 67.75   	-349.12   	 32.61   	  45.78		
 32.35   	-316.77   	 32.80   	  50.86		
  1.53   	-250.24   	 33.00   	  61.04		
-21.97   	-173.95   	 33.25   	  66.12		
-36.01   	-121.15   	 33.51   	  76.30		
-40.89   	-110.17   	 33.81   	  86.47		
-40.59   	-131.84   	 34.16   	 111.90		
-38.15   	-159.61   	 34.61   	 132.25		
-36.01   	-171.51   	 35.14   	 157.68		
-35.10   	-165.71   	 35.77   	 203.46		
-34.79   	-153.81   	 36.58   	 244.15		
-34.79   	-147.40   	 37.56   	 310.27		
-34.48   	-149.54   	 38.80   	 376.40		
-33.57   	-155.94   	 40.31   	 457.78		
-32.65   	-161.74   	 42.14   	 544.25		
-32.04   	-164.18   	 44.31   	 635.81		
-32.04   	-162.96   	 46.86   	 732.45		
-32.96   	-160.83   	 49.79   	 829.09		
-34.18   	-159.30   	 53.10   	 905.39		
-35.10   	-159.30   	 56.72   	 981.68		
-35.71   	-160.52   	 60.65   	1042.72		
-36.32   	-162.05   	 64.82   	1078.33		
-36.32   	-162.96   	 69.14   	1103.76		
-36.32   	-162.66   	 73.55   	1098.67		
-36.32   	-161.74   	 77.94   	1078.33		
-36.32   	-160.22   	 82.26   	1052.90		
-36.32   	-159.00   	 86.47   	1002.03		
-36.62   	-159.00   	 90.48   	 956.25		
-37.23   	-159.91   	 94.30   	 900.30		
-37.84   	-162.35   	 97.90   	 839.26		
-38.76   	-164.79   	101.26   	 788.40		
-40.28   	-166.32   	104.41   	 737.54		
-41.20   	-165.71   	107.36   	 686.67		
-41.50   	-163.27   	110.11   	 640.89		
-40.59   	-160.52   	112.68   	 595.11		
-39.37   	-158.39   	115.06   	 564.60		
-38.45   	-157.47   	117.31   	 528.99		
-38.45   	-156.86   	119.43   	 498.47		
-39.37   	-155.64   	121.42   	 473.04		
-40.28   	-153.81   	123.32   	 452.69		
-41.50   	-152.28   	125.13   	 437.43		
-42.72   	-151.06   	126.88   	 417.09		
-43.33   	-149.23   	128.54   	 406.92		
-43.64   	-145.57   	130.17   	 391.66		
-43.95   	-140.69   	131.74   	 386.57		
-43.64   	-136.11   	133.29   	 376.40		
-43.33   	-131.84   	134.79   	 366.22		
-43.03   	-127.56   	136.26   	 361.14		
-43.03   	-122.07   	137.70   	 350.97		
-43.33   	-115.05   	139.10   	 345.88		
-43.33   	-107.12   	140.49   	 330.62		
-43.33   	-99.18   	141.81   	 325.53		
-42.42   	-91.55   	143.11   	 310.27		
-40.89   	-83.62   	144.35   	 300.10		
-38.45   	-75.07   	145.55   	 289.93		
-36.01   	-64.39   	146.71   	 274.67		
-32.96   	-51.57   	147.81   	 264.50		
-29.60   	-36.93   	148.87   	 249.24		
-26.25   	-21.97   	149.87   	 233.98		
-23.19   	 -8.54   	150.80   	 223.80		
-20.75   	  2.44   	151.70   	 213.63		
-18.31   	 12.82   	152.55   	 198.37		
-15.56   	 23.80   	153.35   	 183.11		
-11.60   	 35.10   	154.08   	 167.85		
 -7.32   	 46.69   	154.75   	 157.68		
 -2.44   	 56.76   	155.38   	 147.51		
  1.83   	 65.31   	155.97   	 132.25		
  4.88   	 71.72   	156.50   	 111.90		
  6.71   	 75.38   	156.95   	 101.73		
  7.32   	 75.99   	157.35   	  86.47		
  7.32   	 72.94   	157.70   	  71.21		
  7.93   	 68.05   	157.99   	  50.86		
  8.85   	 63.78   	158.19   	  30.52		
 10.07   	 61.95   	158.31   	  15.26		
 10.99   	 62.87   	158.37(S)	  -5.09		
 11.29   	 63.48   	158.35   	 -30.52		
 10.99   	 61.04   	158.23   	 -50.86		
 10.07   	 54.93   	158.03   	 -76.30		
  9.16   	 47.30   	157.72   	-101.73		
  8.54   	 41.81   	157.31   	-122.07		
  7.93   	 39.67   	156.83   	-152.59		
  7.02   	 39.37   	156.22   	-178.03		
  5.80   	 39.06   	155.50   	-198.37		
  4.88   	 37.23   	154.71   	-223.80		
  4.27   	 34.48   	153.81   	-249.24		
  4.58   	 32.65   	152.82   	-274.67		
  5.19   	 31.43   	151.72   	-305.19		
  5.80   	 29.30   	150.50   	-340.79		
  6.41   	 26.86   	149.13   	-381.48		
  6.41   	 24.11   	147.61   	-432.35		
  6.10   	 21.97   	145.88   	-483.21		
  5.80   	 19.84   	143.95   	-539.16		
  5.19   	 18.01   	141.79   	-595.11		
  4.58   	 16.48   	139.41   	-635.81		
  4.58   	 16.48   	136.87   	-681.58		
  5.19   	 18.01   	134.14   	-712.10		
  6.41   	 20.45   	131.29   	-742.62		
  7.63   	 21.67   	128.32   	-773.14		
  8.24   	 21.06   	125.23   	-793.49		
  7.32   	 18.31   	122.05   	-818.92		
  5.49   	 14.65   	118.78   	-844.35		
  3.66   	 11.90   	115.40   	-864.70		
  3.05   	 10.68   	111.94   	-885.04		
  3.97   	 11.29   	108.40   	-910.47		
  6.10   	 12.21   	104.76   	-925.73		
  7.32   	 12.21   	101.06   	-935.91		
  7.02   	 10.07   	 97.31   	-951.17		
  5.49   	  6.41   	 93.51   	-956.25		
  3.05   	  3.97   	 89.68   	-951.17		
  1.22   	  3.05   	 85.88   	-940.99		
  0.92   	  3.36   	 82.12   	-935.91		
  0.92   	  3.66   	 78.37   	-915.56		
  0.92   	  3.05   	 74.71   	-900.30		
  0.61   	  2.14   	 71.11   	-874.87		
  0.00   	  2.14   	 67.61   	-849.44		
 -0.92   	  3.36   	 64.21   	-824.00		
 -1.83   	  3.97   	 60.92   	-798.57		
 -3.05   	  3.36   	 57.72   	-773.14		
 -4.88   	  3.05   	 54.63   	-747.71		
 -6.41   	  3.66   	 51.64   	-712.10		
 -7.32   	  5.49   	 48.79   	-686.67		
 -8.24   	  7.63   	 46.04   	-656.15		
 -8.54   	  9.16   	 43.42   	-625.63		
 -8.85   	  9.46   	 40.92   	-595.11		
 -9.46   	  9.77   	 38.53   	-554.42		
 -9.77   	 12.21   	 36.32   	-523.90		
 -9.77   	 16.17   	 34.22   	-483.21		
 -9.46   	 19.84   	 32.29   	-447.61		
 -9.16   	 21.97   	 30.50   	-406.92		
 -9.16   	 22.28   	 28.87   	-366.22		
 -9.46   	 21.67   	 27.41   	-330.62		
-10.38   	 21.97   	 26.08   	-289.93		
-10.68   	 24.11   	 24.92   	-249.24		
-10.68   	 26.86   	 23.93   	-213.63		
-10.07   	 28.69   	 23.07   	-178.03		
 -8.85   	 28.38   	 22.36   	-147.51		
 -7.63   	 27.16   	 21.77   	-116.99		
 -6.71   	 25.94   	 21.30   	 -96.64		
 -5.80   	 26.25   	 20.92   	 -71.21		
 -5.80   	 27.77   	 20.63   	 -50.86		
 -5.80   	 29.30   	 20.43   	 -40.69		
 -5.80   	 30.52   	 20.26   	 -20.35		
 -5.80   	 32.35   	 20.18   	 -15.26		
 -5.19   	 36.32   	 20.12   	 -10.17		
 -3.97   	 43.03   	 20.08(D)	   0.00		
 -2.14   	 52.19   	 20.08   	   5.09		
  0.61   	 62.87   	 20.10   	   0.00		
  4.27   	 76.60   	 20.10   	  10.17		
  8.24   	 94.60   	 20.14   	   5.09		
 11.90   	118.41   	 20.16   	  10.17		
 14.95   	146.18   	 20.20   	   5.09		
 17.09   	172.42   	 20.22   	  10.17		
 18.01   	191.96   	 20.26   	  10.17		
 18.31   	202.33   	 20.31   	  10.17		
 18.01   	206.60   	 20.35   	  10.17		
 16.17   	209.35   	 20.39   	  10.17		
 12.82   	213.01   	 20.43   	  15.26		
  9.46   	215.45   	 20.49   	  10.17		
  7.63   	213.01   	 20.53   	  10.17		
  9.16   	204.47   	 20.57   	  10.17		
 14.34   	192.87   	 20.61   	  10.17		
 21.97   	181.88   	 20.65   	  10.17		
 29.60   	173.65   	 20.69   	  10.17		
 35.40   	166.02   	 20.73   	   5.09		
 39.06   	154.42   	 20.75   	   5.09		
 41.20   	137.63   	 20.77   	   5.09		
 43.03   	117.80   	 20.79   	   5.09		
 47.00   	 99.79   	 20.81   	   5.09		
 54.02   	 87.59   	 20.83   	   5.09		
 61.95   	 81.48   	 20.85   	   0.00		
 67.14   	 76.90   	 20.85   	   5.09		
 63.78   	 69.89   	 20.87   	   5.09		
 49.44   	 58.59   	 20.90   	   5.09		
 27.16   	 44.56   	 20.92   	   5.09		
  3.36   	 30.82   	 20.94   	  10.17		
-14.34   	 17.70   	 20.98   	  10.17		
-22.89   	  3.05   	 21.02   	  15.26		
-23.50   	-14.04   	 21.08   	  10.17		
-21.06   	-31.43   	 21.12   	  20.35		
-19.23   	-44.86   	 21.20   	  20.35		
-19.84   	-51.27   	 21.28   	  25.43		
-21.97   	-51.57   	 21.38   	  25.43		
-23.80   	-49.74   	 21.49   	  30.52		
-24.41   	-49.13   	 21.61   	  35.61		
-23.50   	-49.44   	 21.75   	  45.78		
-21.36   	-49.44   	 21.93   	  45.78		
-19.23   	-47.91   	 22.12   	  55.95		
-17.70   	-45.78   	 22.34   	  61.04		
-17.40   	-44.56   	 22.58   	  71.21		
-18.31   	-44.56   	 22.87   	  81.38		
-19.84   	-44.86   	 23.19   	  86.47		
-20.75   	-44.25   	 23.54   	  96.64		
-21.36   	-43.03   	 23.93   	 106.82		
-21.36   	-41.20   	 24.35   	 111.90		
-22.28   	-38.45   	 24.80   	 122.07		
-24.41   	-34.18   	 25.29   	 122.07		
-28.99   	-28.69   	 25.78   	 132.25		
-35.71   	-23.50   	 26.31   	 127.16		
-41.81   	-18.62   	 26.82   	 132.25		
-42.72   	 -9.16   	 27.34   	 127.16		
-31.74   	 13.12   	 27.85   	 122.07		
 -3.66   	 59.20   	 28.34   	 116.99		
 41.20   	137.02   	 28.81   	 111.90		
 96.44   	251.16   	 29.26   	 101.73		
149.84   	394.90   	 29.66   	  96.64		
192.57   	539.86   	 30.05   	 162.77		
237.43   	629.58(R)	 30.70(E)	  66.12		
244.14   	504.76   	 30.97   	  61.04		
240.17   	293.58   	 31.21   	  55.95		
223.08   	 65.61   	 31.43   	  45.78		
191.65   	-117.80   	 31.62   	  45.78		
151.67   	-234.07   	 31.80   	  40.69		
109.56   	-292.05   	 31.96   	  40.69		
 69.58   	-305.79   	 32.13   	  45.78		
 33.87   	-279.24   	 32.31   	  45.78		
  3.36   	-216.98   	 32.49   	  50.86		
-20.14   	-140.69   	 32.70   	  61.04		
-36.01   	-83.01   	 32.94   	  71.21		
-43.64   	-66.53   	 33.22   	  86.47		
-44.86   	-84.84   	 33.57   	 101.73		
-42.72   	-112.00   	 33.98   	 122.07		
-39.98   	-125.43   	 34.47   	 152.59		
-37.84   	-121.77   	 35.08   	 193.29		
-36.93   	-111.08   	 35.85   	 233.98		
-37.23   	-104.68   	 36.79   	 300.10		
-37.54   	-105.29   	 37.99   	 366.22		
-37.84   	-109.25   	 39.45   	 447.61		
-37.23   	-112.61   	 41.24   	 534.08		
-36.93   	-113.83   	 43.38   	 625.63		
-36.32   	-113.53   	 45.88   	 722.28		
-36.01   	-113.53   	 48.77   	 813.83		
-35.71   	-113.83   	 52.02   	 900.30		
-35.71   	-115.05   	 55.63   	 966.43		
-36.62   	-116.58   	 59.49   	1032.55		
-37.54   	-117.80   	 63.62   	1063.07		
-38.15   	-118.41   	 67.87   	1088.50		
-37.84   	-118.71   	 72.23   	1093.59		
-36.93   	-119.02   	 76.60   	1073.24		
-36.62   	-119.02   	 80.89   	1042.72		
-37.54   	-119.02   	 85.07   	1007.12		
-39.06   	-119.32   	 89.09   	 956.25		
-40.89   	-119.93   	 92.92   	 900.30		
-41.81   	-121.15   	 96.52   	 849.44		
-42.42   	-122.07   	 99.92   	 793.49		
-42.72   	-121.77   	103.09   	 737.54		
-43.03   	-120.54   	106.04   	 691.76		
-44.25   	-118.71   	108.81   	 640.89		
-45.47   	-117.19   	111.37   	 590.03		
-46.39   	-115.66   	113.73   	 554.42		
-46.69   	-115.05   	115.95   	 518.82		
-46.69   	-114.44   	118.03   	 488.30		
-46.69   	-113.53   	119.98   	 457.78		
-46.69   	-111.69   	121.81   	 432.35		
-47.00   	-108.95   	123.54   	 417.09		
-47.30   	-106.20   	125.21   	 401.83		
-48.22   	-104.06   	126.82   	 386.57		
-48.83   	-102.23   	128.36   	 376.40		
-49.74   	-100.10   	129.87   	 371.31		
-50.35   	-96.74   	131.35   	 361.14		
-50.35   	-91.86   	132.80   	 350.97		
-50.05   	-86.67   	134.20   	 345.88		
-49.13   	-81.18   	135.58   	 340.79		
-48.22   	-75.38   	136.95   	 330.62		
-47.61   	-68.97   	138.27   	 325.53		
-47.00   	-61.34   	139.57   	 310.27		
-46.69   	-52.19   	140.81   	 300.10		
-46.08   	-41.81   	142.01   	 289.93		
-44.56   	-30.52   	143.17   	 279.75		
-42.11   	-18.01   	144.29   	 269.58		
-39.06   	 -4.88   	145.37   	 254.32		
-35.10   	  7.93   	146.39   	 239.06		
-30.52   	 20.45   	147.34   	 228.89		
-25.63   	 32.35   	148.26   	 218.72		
-21.36   	 43.64   	149.13   	 203.46		
-18.31   	 54.02   	149.95   	 188.20		
-16.48   	 64.39   	150.70   	 178.03		
-14.65   	 74.77   	151.41   	 167.85		
-12.21   	 85.14   	152.08   	 152.59		
 -8.85   	 95.52   	152.70   	 137.33		
 -4.88   	103.76   	153.24   	 127.16		
 -1.83   	108.95   	153.75   	 111.90		
  0.00   	112.00   	154.20   	  91.56		
  0.92   	113.53   	154.57   	  81.38		
  1.53   	114.75   	154.89   	  61.04		
  2.44   	115.36   	155.14   	  45.78		
  4.27   	114.75   	155.32   	  30.52		
  6.41   	112.30   	155.44   	   5.09		
  7.93   	108.34   	155.46(S)	 -10.17		
  8.54   	104.68   	155.42   	 -35.61		
  7.93   	101.62   	155.28   	 -61.04		
  7.02   	 99.49   	155.03   	 -76.30		
  6.71   	 97.66   	154.73   	-106.82		
  7.02   	 94.60   	154.30   	-132.25		
  7.93   	 90.94   	153.77   	-152.59		
  8.24   	 86.67   	153.16   	-178.03		
  7.63   	 82.70   	152.45   	-208.54		
  6.41   	 79.65   	151.62   	-228.89		
  5.49   	 77.82   	150.70   	-249.24		
  4.58   	 77.51   	149.70   	-284.84		
  3.36   	 77.82   	148.57   	-305.19		
  2.14   	 77.82   	147.34   	-345.88		
  1.22   	 76.90   	145.96   	-391.66		
  1.22   	 75.07   	144.39   	-432.35		
  2.14   	 72.02   	142.66   	-488.30		
  3.05   	 68.36   	140.71   	-539.16		
  3.05   	 65.00   	138.55   	-590.03		
  1.83   	 62.87   	136.19   	-645.98		
  0.61   	 62.26   	133.61   	-686.67		
  0.00   	 63.78   	130.86   	-727.36		
  0.92   	 66.22   	127.95   	-762.97		
  1.83   	 68.05   	124.90   	-798.57		
  2.44   	 67.75   	121.71   	-834.18		
  1.53   	 64.39   	118.37   	-854.52		
  0.31   	 59.51   	114.95   	-885.04		
  0.00   	 56.15   	111.41   	-910.47		
  0.31   	 55.85   	107.77   	-925.73		
  1.53   	 57.98   	104.07   	-946.08		
  1.83   	 60.42   	100.28   	-956.25		
  0.61   	 60.12   	 96.46   	-971.51		
 -1.53   	 57.07   	 92.57   	-966.43		
 -3.66   	 53.41   	 88.71   	-971.51		
 -4.58   	 50.96   	 84.82   	-961.34		
 -4.27   	 51.27   	 80.98   	-951.17		
 -3.36   	 52.49   	 77.17   	-935.91		
 -2.75   	 52.80   	 73.43   	-915.56		
 -3.36   	 52.49   	 69.77   	-895.22		
 -4.58   	 52.19   	 66.18   	-869.78		
 -6.41   	 53.41   	 62.71   	-839.26		
 -8.24   	 56.15   	 59.35   	-818.92		
 -9.16   	 58.90   	 56.07   	-788.40		
 -9.77   	 60.12   	 52.92   	-762.97		
 -9.77   	 58.90   	 49.87   	-737.54		
 -9.77   	 55.24   	 46.92   	-707.02		
-10.38   	 51.27   	 44.09   	-681.58		
-10.99   	 49.44   	 41.36   	-651.07		
-11.29   	 50.66   	 38.76   	-625.63		
-11.29   	 55.24   	 36.26   	-595.11		
-10.68   	 60.42   	 33.88   	-564.60		
-10.99   	 63.48   	 31.62   	-528.99		
-12.51   	 63.78   	 29.50   	-498.47		
-14.34   	 61.95   	 27.51   	-462.87		
-15.87   	 60.73   	 25.66   	-422.18		
-16.48   	 61.04   	 23.97   	-386.57		
-15.26   	 61.95   	 22.42   	-340.79		
-13.43   	 61.04   	 21.06   	-305.19		
-11.60   	 57.37   	 19.84   	-264.50		
-10.99   	 52.19   	 18.78   	-228.89		
-11.60   	 48.22   	 17.86   	-188.20		
-12.82   	 48.22   	 17.11   	-162.77		
-13.12   	 51.88   	 16.46   	-127.16		
-12.51   	 56.46   	 15.95   	 -96.64		
-10.99   	 57.98   	 15.56   	 -81.38		
 -9.46   	 55.54   	 15.24   	 -55.95		
 -8.54   	 50.35   	 15.02   	 -40.69		
 -8.24   	 45.47   	 14.85   	 -25.43		
 -8.54   	 43.95   	 14.75   	 -20.35		
 -8.24   	 46.39   	 14.67   	  -5.09		
 -7.02   	 52.19   	 14.65   	  -5.09		
 -4.58   	 59.81   	 14.63(D)	   0.00		
 -1.53   	 68.97   	 14.63   	   5.09		
  2.14   	 81.18   	 14.65   	  10.17		
  6.10   	 97.66   	 14.69   	   5.09		
  9.46   	119.63   	 14.71   	   5.09		
 12.51   	145.57   	 14.73   	  10.17		
 14.95   	171.51   	 14.77   	   5.09		
 17.40   	193.48   	 14.79   	  10.17		
 19.23   	208.13   	 14.83   	   5.09		
 19.53   	215.76   	 14.85   	  10.17		
 17.70   	218.51   	 14.89   	  10.17		
 14.04   	217.90   	 14.93   	   5.09		
 10.68   	214.23   	 14.95   	  10.17		
  9.46   	205.99   	 14.99   	   5.09		
 11.29   	195.01   	 15.02   	  10.17		
 16.78   	184.02   	 15.06   	   5.09		
 24.41   	176.39   	 15.08   	   5.09		
 32.04   	172.42   	 15.10   	  10.17		
 38.15   	168.76   	 15.14   	   5.09		
 41.20   	159.91   	 15.16   	   5.09		
 42.72   	144.65   	 15.18   	   5.09		
 44.25   	125.43   	 15.20   	   5.09		
 48.52   	107.12   	 15.22   	   0.00		
 55.85   	 92.77   	 15.22   	   5.09		
 63.78   	 82.70   	 15.24   	   5.09		
 66.83   	 74.16   	 15.26   	   5.09		
 60.73   	 65.00   	 15.28   	  10.17		
 43.95   	 55.54   	 15.32   	   5.09		
 20.45   	 46.39   	 15.34   	  10.17		
 -3.05   	 37.23   	 15.38   	  10.17		
-20.14   	 26.25   	 15.42   	  15.26		
-27.47   	 10.07   	 15.48   	  10.17		
-26.86   	-10.38   	 15.52   	  20.35		
-22.28   	-30.52   	 15.61   	  15.26		
-18.62   	-44.25   	 15.67   	  20.35		
-18.31   	-47.91   	 15.75   	  25.43		
-21.06   	-43.95   	 15.85   	  25.43		
-24.11   	-37.54   	 15.95   	  35.61		
-25.63   	-33.87   	 16.09   	  35.61		
-25.02   	-34.18   	 16.24   	  35.61		
-22.89   	-37.23   	 16.38   	  50.86		
-20.75   	-39.67   	 16.58   	  50.86		
-18.92   	-39.06   	 16.79   	  55.95		
-18.31   	-35.10   	 17.01   	  66.12		
-18.31   	-29.60   	 17.27   	  71.21		
-18.92   	-24.41   	 17.56   	  81.38		
-19.23   	-22.58   	 17.88   	  91.56		
-19.53   	-23.80   	 18.25   	  96.64		
-19.84   	-25.94   	 18.64   	 106.82		
-21.06   	-25.63   	 19.06   	 116.99		
-24.41   	-21.06   	 19.53   	 122.07		
-30.52   	-13.73   	 20.02   	 127.16		
-37.23   	 -7.02   	 20.53   	 127.16		
-39.98   	  0.00   	 21.04   	 132.25		
-33.57   	 12.82   	 21.57   	 127.16		
-12.82   	 40.89   	 22.08   	 127.16		
 25.33   	 96.13   	 22.58   	 122.07		
 76.60   	187.68   	 23.07   	 111.90		
132.14   	319.21   	 23.52   	 101.73		
180.66   	477.29   	 23.93   	 178.03		
236.21   	690.61(R)	 24.64(E)	  76.30		
244.45   	638.43   	 24.94   	  61.04		
241.70   	461.43   	 25.19   	  55.95		
227.66   	212.10   	 25.41   	  50.86		
202.03   	-30.52   	 25.62   	  40.69		
167.85   	-208.13   	 25.78   	  35.61		
131.23   	-304.87   	 25.92   	  40.69		
 94.91   	-334.17   	 26.08   	  35.61		
 59.81   	-314.33   	 26.23   	  40.69		
 26.25   	-256.96   	 26.39   	  45.78		
 -3.97   	-178.22   	 26.57   	  55.95		
-26.55   	-104.37   	 26.80   	  66.12		
-39.37   	-61.65   	 27.06   	  86.47		
-43.95   	-58.90   	 27.41   	  96.64		
-43.95   	-81.79   	 27.79   	 127.16		
-43.33   	-104.98   	 28.30   	 147.51		
-43.03   	-112.61   	 28.89   	 188.20		
-43.03   	-106.20   	 29.64   	 218.72		
-43.03   	-96.13   	 30.52   	 269.58		
-42.72   	-89.72   	 31.60   	 320.45		
-41.81   	-88.20   	 32.88   	 381.48		
-40.28   	-89.42   	 34.40   	 457.78		
-38.76   	-91.86   	 36.24   	 534.08		
-37.54   	-94.60   	 38.37   	 620.55		
-37.54   	-98.88   	 40.85   	 712.10		
-37.84   	-104.98   	 43.70   	 798.57		
-37.54   	-112.00   	 46.90   	 890.13		
-35.71   	-117.80   	 50.46   	 966.43		
-32.96   	-120.54   	 54.32   	1032.55		
-30.21   	-121.15   	 58.45   	1078.33		
-28.08   	-120.54   	 62.77   	1103.76		
-27.77   	-121.77   	 67.18   	1108.85		
-28.69   	-125.43   	 71.62   	1098.67		
-30.21   	-131.23   	 76.01   	1068.15		
-31.74   	-136.41   	 80.28   	1022.38		
-32.65   	-140.08   	 84.37   	 976.60		
-33.57   	-140.99   	 88.28   	 925.73		
-34.18   	-139.77   	 91.98   	 864.70		
-34.48   	-137.63   	 95.44   	 813.83		
-34.79   	-134.89   	 98.70   	 762.97		
-35.40   	-132.14   	101.75   	 717.19		
-36.62   	-130.62   	104.62   	 671.41		
-38.15   	-130.00   	107.30   	 625.63		
-40.28   	-130.62   	109.81   	 595.11		
-42.11   	-130.92   	112.19   	 559.51		
-43.33   	-130.00   	114.42   	 528.99		
-43.64   	-128.17   	116.54   	 498.47		
-43.64   	-125.73   	118.53   	 473.04		
-43.95   	-124.21   	120.43   	 452.69		
-44.86   	-123.29   	122.24   	 432.35		
-45.78   	-122.07   	123.97   	 417.09		
-46.08   	-119.63   	125.64   	 396.74		
-45.78   	-115.05   	127.22   	 386.57		
-46.08   	-109.25   	128.77   	 371.31		
-46.69   	-102.54   	130.25   	 356.05		
-47.91   	-96.13   	131.68   	 350.97		
-49.13   	-90.33   	133.08   	 335.71		
-49.44   	-84.23   	134.42   	 325.53		
-48.83   	-77.21   	135.73   	 310.27		
-47.61   	-68.05   	136.97   	 305.19		
-46.39   	-56.46   	138.19   	 289.93		
-45.47   	-43.33   	139.35   	 279.75		
-44.56   	-30.21   	140.47   	 269.58		
-43.03   	-18.31   	141.55   	 259.41		
-40.28   	 -7.32   	142.58   	 244.15		
-36.62   	  3.05   	143.56   	 239.06		
-32.65   	 14.04   	144.52   	 223.80		
-28.99   	 25.63   	145.41   	 213.63		
-26.55   	 37.84   	146.27   	 208.54		
-24.11   	 50.66   	147.10   	 193.29		
-21.06   	 64.09   	147.87   	 183.11		
-16.78   	 77.21   	148.61   	 178.03		
-12.21   	 88.81   	149.32   	 162.77		
 -8.24   	 97.96   	149.97   	 147.51		
 -5.80   	104.37   	150.56   	 142.42		
 -4.58   	108.03   	151.13   	 122.07		
 -3.36   	109.86   	151.62   	 116.99		
 -1.83   	109.86   	152.08   	  96.64		
  0.31   	108.64   	152.47   	  76.30		
  2.44   	106.81   	152.78   	  66.12		
  3.66   	105.59   	153.04   	  45.78		
  3.97   	104.68   	153.22   	  25.43		
  3.05   	103.76   	153.33(S)	   0.00		
  1.83   	101.62   	153.33   	 -15.26		
  0.92   	 98.57   	153.26   	 -40.69		
  0.61   	 95.52   	153.10   	 -66.12		
  0.61   	 93.08   	152.84   	 -91.56		
  0.31   	 90.64   	152.47   	-111.90		
 -0.31   	 88.50   	152.02   	-142.42		
 -0.31   	 85.75   	151.45   	-167.85		
  0.00   	 82.70   	150.78   	-188.20		
  0.92   	 79.35   	150.03   	-218.72		
  2.14   	 76.90   	149.16   	-233.98		
  3.05   	 75.38   	148.22   	-259.41		
  3.66   	 74.16   	147.18   	-289.93		
  3.66   	 72.94   	146.02   	-325.53		
  3.66   	 70.80   	144.72   	-361.14		
  3.36   	 68.05   	143.28   	-417.09		
  2.75   	 64.70   	141.61   	-467.95		
  1.53   	 61.04   	139.73   	-528.99		
  0.31   	 57.68   	137.62   	-584.94		
 -0.31   	 54.93   	135.28   	-630.72		
  0.00   	 52.80   	132.76   	-681.58		
  1.22   	 51.57   	130.03   	-722.28		
  2.75   	 51.27   	127.14   	-752.79		
  3.66   	 50.66   	124.13   	-788.40		
  3.36   	 50.05   	120.98   	-813.83		
  2.44   	 48.83   	117.72   	-834.18		
  0.92   	 47.00   	114.38   	-864.70		
  0.00   	 44.56   	110.93   	-879.96		
 -0.31   	 41.50   	107.41   	-900.30		
  0.00   	 38.45   	103.80   	-920.65		
 -0.31   	 35.10   	100.12   	-935.91		
 -0.92   	 32.04   	 96.38   	-940.99		
 -2.44   	 28.99   	 92.61   	-956.25		
 -3.66   	 25.94   	 88.79   	-951.17		
 -4.27   	 23.19   	 84.98   	-956.25		
 -4.58   	 20.45   	 81.16   	-940.99		
 -4.58   	 18.31   	 77.40   	-935.91		
 -4.88   	 16.17   	 73.65   	-920.65		
 -5.80   	 14.34   	 69.97   	-900.30		
 -6.41   	 14.04   	 66.37   	-879.96		
 -6.71   	 15.56   	 62.85   	-849.44		
 -7.02   	 17.70   	 59.45   	-829.09		
 -7.02   	 19.53   	 56.13   	-793.49		
 -7.63   	 19.53   	 52.96   	-768.05		
 -8.54   	 17.70   	 49.89   	-737.54		
 -9.46   	 15.56   	 46.94   	-696.84		
-10.07   	 15.26   	 44.15   	-666.32		
-10.38   	 17.09   	 41.49   	-635.81		
-10.38   	 20.14   	 38.94   	-595.11		
-10.38   	 22.58   	 36.56   	-559.51		
-10.38   	 23.80   	 34.32   	-523.90		
-10.38   	 24.11   	 32.23   	-483.21		
-10.38   	 24.41   	 30.29   	-442.52		
-10.07   	 25.63   	 28.52   	-406.92		
-10.07   	 27.16   	 26.90   	-366.22		
-10.68   	 28.38   	 25.43   	-320.45		
-11.29   	 28.99   	 24.15   	-289.93		
-12.21   	 29.30   	 22.99   	-249.24		
-12.51   	 29.30   	 21.99   	-213.63		
-12.21   	 29.30   	 21.14   	-183.11		
-11.29   	 29.30   	 20.41   	-152.59		
-10.68   	 29.91   	 19.80   	-132.25		
-10.07   	 30.82   	 19.27   	-101.73		
-10.68   	 31.74   	 18.86   	 -86.47		
-11.60   	 32.04   	 18.51   	 -71.21		
-12.82   	 31.43   	 18.23   	 -50.86		
-13.12   	 30.21   	 18.03   	 -45.78		
-12.82   	 28.69   	 17.84   	 -30.52		
-11.29   	 27.77   	 17.72   	 -20.35		
 -9.77   	 27.47   	 17.64   	 -20.35		
 -8.24   	 28.99   	 17.56   	 -10.17		
 -6.41   	 33.26   	 17.52   	  -5.09		
 -3.66   	 42.11   	 17.50   	  -5.09		
 -0.31   	 56.15   	 17.48(D)	   0.00		
  3.97   	 74.46   	 17.48   	   0.00		
  7.63   	 96.74   	 17.48   	  10.17		
 10.38   	121.46   	 17.52   	   5.09		
 12.21   	144.35   	 17.54   	  15.26		
 13.43   	162.05   	 17.60   	  10.17		
 14.65   	172.12   	 17.64   	  20.35		
 15.56   	175.78   	 17.72   	  20.35		
 15.26   	176.70   	 17.80   	  25.43		
 13.43   	176.70   	 17.90   	  25.43		
 10.68   	175.17   	 18.01   	  25.43		
  8.54   	169.07   	 18.11   	  30.52		
  9.77   	158.08   	 18.23   	  30.52		
 14.65   	144.65   	 18.35   	  25.43		
 22.58   	132.75   	 18.45   	  30.52		
 31.13   	122.99   	 18.58   	  30.52		
 37.84   	112.61   	 18.70   	  25.43		
 41.20   	 97.05   	 18.80   	  30.52		
 43.03   	 77.21   	 18.92   	  30.52		
 44.56   	 56.76   	 19.04   	  35.61		
 48.52   	 41.20   	 19.19   	  40.69		
 54.93   	 31.74   	 19.35   	  45.78		
 61.34   	 25.63   	 19.53   	  50.86		
 63.48   	 16.78   	 19.74   	  55.95		
 57.37   	  4.27   	 19.96   	  66.12		
 42.42   	 -9.46   	 20.22   	  71.21		
 21.06   	-20.75   	 20.51   	  81.38		
  0.00   	-28.69   	 20.83   	  81.38		
-16.17   	-37.23   	 21.16   	  86.47		
-24.41   	-50.05   	 21.51   	  91.56		
-26.25   	-67.75   	 21.87   	  91.56		
-25.02   	-85.75   	 22.24   	  96.64		
-23.80   	-97.66   	 22.62   	 101.73		
-23.80   	-100.71   	 23.03   	 101.73		
-24.72   	-97.05   	 23.44   	 106.82		
-25.33   	-91.55   	 23.87   	 101.73		
-25.02   	-88.20   	 24.27   	 101.73		
-24.11   	-88.50   	 24.68   	  86.47		
-23.50   	-90.33   	 25.03   	  71.21		
-22.89   	-91.25   	 25.31   	  55.95		
-22.58   	-90.33   	 25.53   	  25.43		
-21.97   	-87.59   	 25.64   	  -5.09		
-21.36   	-85.45   	 25.62   	 -25.43		
-20.75   	-84.53   	 25.51   	 -50.86		
-20.45   	-85.45   	 25.31   	 -66.12		
-21.06   	-85.75   	 25.05   	 -76.30		
-22.58   	-83.62   	 24.74   	 -71.21		
-25.02   	-77.51   	 24.46   	 -61.04		
-29.30   	-68.36   	 24.21   	 -45.78		
-35.40   	-59.51   	 24.03   	 -15.26		
-41.50   	-53.71   	 23.97   	  15.26		
-43.95   	-48.22   	 24.03(E)	  45.78		
-37.54   	-35.40   	 24.21   	  71.21		
-17.09   	 -3.36   	 24.50   	 101.73		
 20.45   	 56.76   	 24.90   	 122.07		
 70.80   	152.28   	 25.39   	 132.25		
124.51   	282.90   	 25.92   	 142.42		
170.59   	433.96   	 26.49   	 264.50		
221.25   	622.86(R)	 27.55   	 122.07		
229.49   	563.66   	 28.04   	 101.73		
229.19   	389.71   	 28.44   	  86.47		
218.81   	153.20   	 28.79   	  76.30		
195.62   	-72.63   	 29.09   	  66.12		
162.05   	-235.60   	 29.36   	  55.95		
124.21   	-324.40   	 29.58   	  61.04		
 86.06   	-352.17   	 29.83   	  61.04		
 49.44   	-334.17   	 30.07   	  71.21		
 15.26   	-280.46   	 30.36   	  76.30		
-14.65   	-206.30   	 30.66   	  91.56		
-36.32   	-138.55   	 31.03   	 101.73		
-47.91   	-102.84   	 31.43   	 116.99		
-50.66   	-104.98   	 31.90   	 122.07		
-48.22   	-129.39   	 32.39   	 127.16		
-44.86   	-151.67   	 32.90   	 142.42		
-43.03   	-159.00   	 33.47   	 147.51		
-42.72   	-154.42   	 34.06   	 172.94		
-43.64   	-147.09   	 34.75   	 203.46		
-44.56   	-143.43   	 35.56   	 249.24		
-44.86   	-144.04   	 36.56   	 310.27		
-44.86   	-146.18   	 37.80   	 396.74		
-44.25   	-148.32   	 39.39   	 493.39		
-43.64   	-149.23   	 41.36   	 600.20		
-43.33   	-149.84   	 43.76   	 717.19		
-43.33   	-150.45   	 46.63   	 834.18		
-43.33   	-150.76   	 49.97   	 946.08		
-43.33   	-150.15   	 53.75   	1052.90		
-43.33   	-148.62   	 57.97   	1139.36		
-43.33   	-146.48   	 62.52   	1205.49		
-43.64   	-144.96   	 67.34   	1236.01		
-44.25   	-144.65   	 72.29   	1241.09		
-45.78   	-145.26   	 77.25   	1220.75		
-47.30   	-145.87   	 82.14   	1164.80		
-48.22   	-145.87   	 86.80   	1088.50		
-47.91   	-145.26   	 91.15   	1007.12		
-46.69   	-144.65   	 95.18   	 910.47		
-44.86   	-144.04   	 98.82   	 813.83		
-43.33   	-144.04   	102.07   	 722.28		
-42.42   	-144.65   	104.96   	 645.98		
-42.42   	-145.87   	107.55   	 579.86		
-42.42   	-147.40   	109.87   	 528.99		
-42.11   	-148.93   	111.98   	 498.47		
-41.20   	-150.15   	113.98   	 478.13		
-39.98   	-151.06   	115.89   	 473.04		
-39.06   	-151.37   	117.78   	 473.04		
-38.76   	-151.06   	119.67   	 488.30		
-39.06   	-150.76   	121.63   	 488.30		
-39.37   	-150.15   	123.58   	 498.47		
-39.67   	-149.23   	125.57   	 493.39		
-39.37   	-148.01   	127.55   	 478.13		
-39.37   	-146.48   	129.46   	 462.87		
-39.98   	-144.04   	131.31   	 432.35		
-40.89   	-140.99   	133.04   	 406.92		
-42.11   	-137.63   	134.67   	 376.40		
-42.72   	-133.67   	136.17   	 350.97		
-42.72   	-128.48   	137.58   	 320.45		
-42.42   	-121.77   	138.86   	 310.27		
-42.42   	-113.22   	140.10   	 300.10		
-41.81   	-103.76   	141.30   	 289.93		
-41.20   	-94.30   	142.46   	 295.01		
-39.67   	-85.14   	143.64   	 295.01		
-38.15   	-75.68   	144.82   	 289.93		
-36.62   	-65.61   	145.98   	 284.84		
-35.10   	-53.71   	147.12   	 274.67		
-33.57   	-40.89   	148.22   	 259.41		
-31.13   	-28.08   	149.26   	 239.06		
-28.38   	-16.17   	150.21   	 218.72		
-25.63   	 -4.88   	151.09   	 198.37		
-22.89   	  6.10   	151.88   	 172.94		
-19.53   	 17.40   	152.57   	 147.51		
-15.87   	 29.30   	153.16   	 132.25		
-10.99   	 40.59   	153.69   	 111.90		
 -6.41   	 50.05   	154.14   	 101.73		
 -2.75   	 55.85   	154.55   	  86.47		
  0.00   	 58.29   	154.89   	  66.12		
  1.53   	 58.29   	155.16   	  61.04		
  2.44   	 57.68   	155.40   	  40.69		
  3.05   	 58.29   	155.56   	  25.43		
  3.97   	 59.51   	155.67   	   5.09		
  4.58   	 59.81   	155.69(S)	  -5.09		
  5.80   	 57.68   	155.67   	 -20.35		
  7.02   	 53.41   	155.58   	 -30.52		
  7.93   	 48.52   	155.46   	 -50.86		
  7.93   	 44.86   	155.26   	 -66.12		
  7.32   	 42.72   	154.99   	 -76.30		
  6.10   	 40.89   	154.69   	 -96.64		
  4.88   	 38.15   	154.30   	-116.99		
  4.27   	 33.87   	153.83   	-137.33		
  3.66   	 30.21   	153.29   	-157.68		
  3.36   	 28.08   	152.65   	-183.11		
  3.05   	 27.47   	151.92   	-213.63		
  2.75   	 27.77   	151.07   	-239.06		
  3.05   	 27.16   	150.11   	-264.50		
  3.05   	 25.33   	149.05   	-300.10		
  3.05   	 23.19   	147.85   	-340.79		
  2.44   	 21.06   	146.49   	-386.57		
  1.83   	 19.84   	144.94   	-432.35		
  0.92   	 18.92   	143.21   	-478.13		
  0.61   	 18.31   	141.30   	-534.08		
  0.92   	 17.70   	139.17   	-584.94		
  1.22   	 16.78   	136.83   	-625.63		
  1.22   	 16.17   	134.32   	-666.32		
  1.53   	 15.26   	131.66   	-707.02		
  1.53   	 14.95   	128.83   	-742.62		
  0.92   	 14.95   	125.86   	-773.14		
  0.31   	 14.65   	122.77   	-803.66		
 -0.92   	 13.43   	119.55   	-829.09		
 -1.83   	 10.99   	116.24   	-859.61		
 -2.44   	  7.02   	112.80   	-879.96		
 -2.44   	  2.75   	109.28   	-905.39		
 -2.75   	 -0.61   	105.66   	-920.65		
 -3.36   	 -2.14   	101.97   	-935.91		
 -3.97   	 -1.53   	 98.23   	-940.99		
 -4.58   	 -0.31   	 94.47   	-951.17		
 -5.19   	  0.31   	 90.66   	-951.17		
 -5.49   	 -0.31   	 86.86   	-946.08		
 -5.80   	 -3.05   	 83.07   	-935.91		
 -6.10   	 -6.41   	 79.33   	-925.73		
 -6.10   	 -9.46   	 75.63   	-910.47		
 -5.80   	-10.99   	 71.98   	-895.22		
 -5.49   	-10.99   	 68.40   	-874.87		
 -5.19   	 -9.77   	 64.90   	-854.52		
 -5.80   	 -8.54   	 61.49   	-829.09		
 -6.71   	 -8.24   	 58.17   	-798.57		
 -7.93   	 -8.24   	 54.97   	-773.14		
 -8.24   	 -7.32   	 51.88   	-742.62		
 -8.24   	 -5.49   	 48.91   	-707.02		
 -8.24   	 -3.05   	 46.08   	-676.50		
 -8.24   	 -1.53   	 43.38   	-635.81		
 -8.54   	 -1.83   	 40.83   	-605.29		
 -9.16   	 -3.05   	 38.41   	-564.60		
 -9.77   	 -3.97   	 36.15   	-528.99		
-10.68   	 -3.05   	 34.04   	-493.39		
-11.90   	 -0.31   	 32.06   	-452.69		
-12.82   	  2.75   	 30.25   	-412.00		
-13.12   	  4.27   	 28.61   	-376.40		
-12.82   	  3.66   	 27.10   	-330.62		
-12.21   	  1.53   	 25.78   	-300.10		
-11.90   	 -0.31   	 24.58   	-259.41		
-11.90   	 -0.92   	 23.54   	-223.80		
-11.60   	  0.00   	 22.64   	-188.20		
-10.99   	  1.83   	 21.89   	-152.59		
 -9.77   	  2.75   	 21.28   	-127.16		
 -9.16   	  2.14   	 20.77   	-101.73		
 -9.16   	  0.00   	 20.37   	 -76.30		
 -9.46   	 -3.66   	 20.06   	 -61.04		
 -9.77   	 -6.10   	 19.82   	 -40.69		
 -9.16   	 -6.71   	 19.65   	 -25.43		
 -8.24   	 -5.49   	 19.55   	 -20.35		
 -7.02   	 -3.36   	 19.47   	 -15.26		
 -6.41   	 -1.53   	 19.41   	  -5.09		
 -6.10   	 -0.31   	 19.39   	   0.00		
 -5.19   	  3.66   	 19.39   	  -5.09		
 -3.05   	 12.82   	 19.37(D)	   0.00		
  0.61   	 28.69   	 19.37   	   0.00		
  4.88   	 49.74   	 19.37   	   0.00		
  8.85   	 73.85   	 19.37   	   0.00		
 11.60   	 98.27   	 19.37   	   0.00		
 13.12   	120.54   	 19.37   	   5.09		
 14.04   	138.55   	 19.39   	   5.09		
 14.65   	150.76   	 19.41   	   5.09		
 14.65   	158.08   	 19.43   	   5.09		
 12.82   	161.74   	 19.45   	  10.17		
  9.77   	163.57   	 19.49   	  15.26		
  6.41   	163.27   	 19.55   	  10.17		
  3.97   	159.30   	 19.59   	  15.26		
  4.58   	151.37   	 19.65   	  15.26		
  8.54   	141.91   	 19.72   	  20.35		
 14.95   	133.06   	 19.80   	  15.26		
 22.28   	126.34   	 19.86   	  10.17		
 29.30   	119.32   	 19.90   	  15.26		
 33.87   	107.73   	 19.96   	  15.26		
 36.93   	 90.03   	 20.02   	  15.26		
 39.37   	 69.27   	 20.08   	  10.17		
 43.64   	 50.66   	 20.12   	  15.26		
 50.05   	 37.84   	 20.18   	  10.17		
 57.68   	 30.21   	 20.22   	  15.26		
 61.04   	 24.41   	 20.28   	  15.26		
 55.85   	 16.48   	 20.35   	  10.17		
 39.67   	  5.80   	 20.39   	  15.26		
 16.17   	 -7.02   	 20.45   	  15.26		
 -7.63   	-20.45   	 20.51   	  20.35		
-24.72   	-35.71   	 20.59   	  15.26		
-32.04   	-52.49   	 20.65   	  20.35		
-32.04   	-69.89   	 20.73   	  20.35		
-29.30   	-84.84   	 20.81   	  20.35		
-27.47   	-93.69   	 20.90   	  25.43		
-28.38   	-95.83   	 21.00   	  25.43		
-29.91   	-93.69   	 21.10   	  25.43		
-30.82   	-90.33   	 21.20   	  35.61		
-29.91   	-88.20   	 21.34   	  40.69		
-28.38   	-87.28   	 21.51   	  40.69		
-26.55   	-86.98   	 21.67   	  50.86		
-25.33   	-86.06   	 21.87   	  55.95		
-25.02   	-84.53   	 22.10   	  66.12		
-25.33   	-82.70   	 22.36   	  71.21		
-25.33   	-81.79   	 22.64   	  86.47		
-25.33   	-82.09   	 22.99   	  91.56		
-25.33   	-83.62   	 23.36   	 101.73		
-25.33   	-84.84   	 23.76   	 106.82		
-26.25   	-83.92   	 24.19   	 122.07		
-27.47   	-79.96   	 24.68   	 122.07		
-29.60   	-72.94   	 25.17   	 127.16		
-34.18   	-65.00   	 25.68   	 132.25		
-40.28   	-58.29   	 26.21   	 137.33		
-45.47   	-50.66   	 26.75   	 127.16		
-44.56   	-35.71   	 27.26   	 132.25		
-30.21   	 -5.49   	 27.79   	 122.07		
  1.83   	 48.83   	 28.28   	 122.07		
 50.05   	132.75   	 28.77   	 111.90		
105.90   	250.24   	 29.22   	 101.73		
157.17   	393.98   	 29.62   	  91.56		
195.31   	532.84   	 29.99   	 162.77		
231.63   	592.04(R)	 30.64(E)	  66.12		
234.99   	450.44   	 30.91   	  55.95		
228.27   	231.63   	 31.13   	  55.95		
208.74   	  6.10   	 31.35   	  45.78		
177.31   	-168.76   	 31.54   	  40.69		
139.16   	-275.27   	 31.70   	  40.69		
100.10   	-323.79   	 31.86   	  35.61		
 62.26   	-327.45   	 32.00   	  45.78		
 26.86   	-290.53   	 32.19   	  45.78		
 -4.27   	-221.86   	 32.37   	  50.86		
-28.38   	-147.71   	 32.57   	  61.04		
-42.72   	-100.10   	 32.82   	  71.21		
-48.52   	-93.99   	 33.10   	  91.56		
-48.52   	-117.49   	 33.47   	 106.82		
-46.69   	-142.82   	 33.90   	 137.33		
-44.86   	-151.67   	 34.45   	 167.85		
-43.95   	-144.65   	 35.12   	 208.54		
-43.64   	-133.97   	 35.95   	 259.41		
-43.95   	-129.39   	 36.99   	 320.45		
-44.86   	-131.53   	 38.27   	 391.66		
-45.47   	-136.11   	 39.84   	 467.95		
-45.78   	-139.47   	 41.71   	 554.42		
-45.47   	-140.69   	 43.93   	 645.98		
-44.25   	-140.38   	 46.51   	 737.54		
-42.72   	-139.77   	 49.46   	 829.09		
-41.20   	-139.47   	 52.78   	 905.39		
-41.20   	-139.16   	 56.40   	 981.68		
-42.11   	-139.16   	 60.33   	1027.46		
-43.64   	-138.55   	 64.44   	1068.15		
-44.25   	-137.63   	 68.71   	1083.41		
-43.64   	-136.72   	 73.04   	1083.41		
-42.42   	-135.80   	 77.38   	1068.15		
-41.20   	-134.58   	 81.65   	1032.55		
-40.59   	-133.67   	 85.78   	 991.86		
-40.28   	-132.45   	 89.75   	 951.17		
-40.59   	-131.84   	 93.55   	 895.22		
-40.59   	-131.53   	 97.13   	 844.35		
-40.89   	-131.53   	100.51   	 793.49		
-41.20   	-131.84   	103.68   	 737.54		
-41.50   	-131.23   	106.63   	 691.76		
-41.50   	-129.70   	109.40   	 640.89		
-40.89   	-127.56   	111.96   	 600.20		
-40.28   	-124.82   	114.36   	 559.51		
-39.98   	-122.68   	116.60   	 518.82		
-40.59   	-121.77   	118.68   	 493.39		
-41.50   	-121.15   	120.65   	 462.87		
-42.42   	-119.93   	122.50   	 442.52		
-42.72   	-117.49   	124.27   	 422.18		
-42.42   	-113.83   	125.96   	 412.00		
-42.11   	-109.86   	127.61   	 396.74		
-42.11   	-105.90   	129.20   	 386.57		
-43.03   	-102.54   	130.74   	 376.40		
-43.95   	-99.18   	132.25   	 371.31		
-44.56   	-95.21   	133.73   	 366.22		
-44.86   	-90.33   	135.20   	 356.05		
-44.56   	-84.23   	136.62   	 345.88		
-44.86   	-76.60   	138.01   	 340.79		
-44.86   	-68.05   	139.37   	 330.62		
-44.56   	-58.59   	140.69   	 320.45		
-43.64   	-47.61   	141.97   	 310.27		
-41.81   	-36.01   	143.21   	 295.01		
-39.67   	-24.11   	144.39   	 289.93		
-37.54   	-12.51   	145.55   	 269.58		
-35.71   	 -1.22   	146.63   	 259.41		
-33.57   	  9.77   	147.67   	 249.24		
-31.43   	 21.97   	148.67   	 239.06		
-28.38   	 35.40   	149.62   	 223.80		
-25.02   	 50.05   	150.52   	 208.54		
-21.36   	 65.00   	151.35   	 203.46		
-17.40   	 79.35   	152.17   	 188.20		
-13.43   	 92.47   	152.92   	 172.94		
 -9.46   	104.06   	153.61   	 162.77		
 -5.19   	113.53   	154.26   	 152.59		
 -0.92   	120.85   	154.87   	 132.25		
  2.75   	126.95   	155.40   	 122.07		
  5.19   	130.92   	155.89   	 101.73		
  7.02   	133.97   	156.30   	  86.47		
  7.63   	136.11   	156.64   	  71.21		
  7.63   	137.33   	156.93   	  50.86		
  8.24   	137.94   	157.13   	  30.52		
  9.46   	137.94   	157.25   	  10.17		
 11.29   	136.72   	157.29(S)	 -15.26		
 12.82   	134.89   	157.23   	 -30.52		
 13.73   	132.45   	157.11   	 -55.95		
 14.04   	129.70   	156.89   	 -81.38		
 13.43   	127.26   	156.56   	-101.73		
 13.12   	125.12   	156.15   	-122.07		
 12.82   	122.99   	155.67   	-152.59		
 12.51   	120.85   	155.06   	-172.94		
 12.21   	119.32   	154.36   	-198.37		
 11.60   	118.41   	153.57   	-223.80		
 10.68   	117.80   	152.67   	-244.15		
  9.77   	117.19   	151.70   	-274.67		
  9.16   	116.27   	150.60   	-305.19		
  9.16   	115.05   	149.38   	-340.79		
 10.07   	113.22   	148.02   	-386.57		
 10.68   	110.78   	146.47   	-432.35		
 10.99   	108.95   	144.74   	-483.21		
 10.68   	106.81   	142.81   	-539.16		
 10.07   	105.29   	140.65   	-590.03		
  9.46   	104.06   	138.29   	-635.81		
  9.16   	103.45   	135.75   	-681.58		
  9.77   	102.84   	133.02   	-722.28		
 10.68   	101.62   	130.13   	-757.88		
 10.99   	 99.79   	127.10   	-788.40		
 10.68   	 97.35   	123.95   	-818.92		
  9.46   	 94.60   	120.67   	-844.35		
  8.24   	 91.86   	117.29   	-869.78		
  7.93   	 89.72   	113.81   	-890.13		
  8.24   	 88.20   	110.25   	-905.39		
  8.85   	 86.06   	106.63   	-930.82		
  8.85   	 83.92   	102.91   	-935.91		
  7.93   	 81.79   	 99.17   	-946.08		
  6.71   	 80.87   	 95.38   	-956.25		
  5.80   	 80.87   	 91.56   	-951.17		
  5.19   	 81.18   	 87.75   	-946.08		
  5.19   	 80.57   	 83.97   	-940.99		
  4.88   	 78.74   	 80.20   	-925.73		
  4.27   	 76.29   	 76.50   	-915.56		
  3.36   	 74.16   	 72.84   	-895.22		
  2.75   	 72.94   	 69.26   	-874.87		
  2.14   	 72.63   	 65.76   	-849.44		
  1.53   	 71.72   	 62.36   	-834.18		
  0.61   	 70.80   	 59.02   	-803.66		
 -0.31   	 69.89   	 55.81   	-773.14		
 -1.53   	 69.58   	 52.72   	-752.79		
 -1.83   	 71.11   	 49.70   	-717.19		
 -2.44   	 73.24   	 46.84   	-686.67		
 -2.75   	 75.68   	 44.09   	-651.07		
 -3.36   	 77.51   	 41.49   	-620.55		
 -4.58   	 78.74   	 39.00   	-584.94		
 -5.49   	 79.35   	 36.66   	-549.34		
 -6.10   	 79.96   	 34.47   	-508.65		
 -6.10   	 80.57   	 32.43   	-473.04		
 -5.49   	 81.48   	 30.54   	-432.35		
 -4.58   	 82.40   	 28.81   	-391.66		
 -3.66   	 83.62   	 27.24   	-350.97		
 -2.44   	 84.53   	 25.84   	-315.36		
 -1.53   	 85.14   	 24.58   	-274.67		
 -0.61   	 84.53   	 23.48   	-239.06		
 -0.31   	 83.01   	 22.52   	-203.46		
 -0.31   	 81.48   	 21.71   	-172.94		
 -0.61   	 80.26   	 21.02   	-142.42		
 -0.61   	 79.65   	 20.45   	-111.90		
 -0.61   	 79.35   	 20.00   	 -91.56		
 -0.92   	 78.74   	 19.63   	 -71.21		
 -1.22   	 76.90   	 19.35   	 -50.86		
 -1.53   	 74.77   	 19.15   	 -35.61		
 -1.83   	 72.63   	 19.00   	 -25.43		
 -2.14   	 71.41   	 18.90   	 -10.17		
 -2.44   	 70.19   	 18.86   	 -10.17		
 -2.44   	 70.19   	 18.82   	  -5.09		
 -1.22   	 72.33   	 18.80(D)	   5.09		
  1.22   	 78.13   	 18.82   	   5.09		
  4.27   	 90.33   	 18.84   	   5.09		
  7.93   	108.64   	 18.86   	   5.09		
 11.29   	131.84   	 18.88   	   5.09		
 14.04   	157.47   	 18.90   	  10.17		
 16.17   	182.19   	 18.94   	  10.17		
 18.62   	202.33   	 18.98   	  10.17		
 21.06   	216.67   	 19.02   	  10.17		
 22.89   	225.22   	 19.06   	  10.17		
 22.58   	229.19   	 19.10   	  10.17		
 20.14   	230.10   	 19.15   	  10.17		
 16.48   	227.97   	 19.19   	  15.26		
 13.43   	222.47   	 19.25   	  10.17		
 13.12   	213.62   	 19.29   	  10.17		
 16.48   	203.86   	 19.33   	  15.26		
 22.89   	195.62   	 19.39   	  10.17		
 30.82   	189.51   	 19.43   	   5.09		
 37.84   	183.72   	 19.45   	  10.17		
 42.72   	173.95   	 19.49   	  10.17		
 45.47   	158.08   	 19.53   	   5.09		
 47.30   	139.16   	 19.55   	   5.09		
 50.66   	120.85   	 19.57   	   5.09		
 57.07   	107.73   	 19.59   	   5.09		
 65.31   	100.10   	 19.61   	   5.09		
 71.72   	 94.91   	 19.63   	   5.09		
 70.80   	 87.59   	 19.65   	   5.09		
 58.90   	 76.29   	 19.67   	  10.17		
 37.54   	 62.26   	 19.72   	   5.09		
 12.51   	 47.00   	 19.74   	  10.17		
 -8.24   	 32.04   	 19.78   	  10.17		
-20.14   	 16.17   	 19.82   	  15.26		
-23.50   	 -1.22   	 19.88   	  15.26		
-21.67   	-18.62   	 19.94   	  15.26		
-19.84   	-32.96   	 20.00   	  25.43		
-19.84   	-41.50   	 20.10   	  25.43		
-21.06   	-44.25   	 20.20   	  25.43		
-22.28   	-43.03   	 20.31   	  35.61		
-22.28   	-40.59   	 20.45   	  35.61		
-21.36   	-38.76   	 20.59   	  40.69		
-20.14   	-37.54   	 20.75   	  50.86		
-19.53   	-36.62   	 20.96   	  55.95		
-19.53   	-35.71   	 21.18   	  61.04		
-20.14   	-35.10   	 21.42   	  71.21		
-20.75   	-34.48   	 21.71   	  81.38		
-20.75   	-33.87   	 22.03   	  86.47		
-20.75   	-33.26   	 22.38   	  96.64		
-20.14   	-32.65   	 22.77   	 101.73		
-20.45   	-31.74   	 23.17   	 111.90		
-21.06   	-28.99   	 23.62   	 116.99		
-22.89   	-24.11   	 24.09   	 122.07		
-26.86   	-16.78   	 24.58   	 127.16		
-32.96   	 -9.46   	 25.09   	 127.16		
-39.37   	 -1.83   	 25.60   	 127.16		
-41.81   	  8.85   	 26.10   	 122.07		
-33.87   	 29.91   	 26.59   	 122.07		
 -9.46   	 70.19   	 27.08   	 116.99		
 32.96   	137.33   	 27.55   	 111.90		
 87.89   	237.73   	 28.00   	 101.73		
143.74   	370.48   	 28.40   	  96.64		
189.51   	516.66   	 28.79   	 167.85		
240.17   	659.79(R)	 29.46(E)	  71.21		
249.02   	569.15   	 29.75   	  66.12		
247.80   	376.28   	 30.01   	  61.04		
233.15   	143.13   	 30.25   	  50.86		
204.16   	-61.04   	 30.46   	  50.86		
165.10   	-199.58   	 30.66   	  45.78		
123.60   	-273.44   	 30.84   	  45.78		
 84.53   	-296.94   	 31.03   	  45.78		
 49.13   	-278.63   	 31.21   	  45.78		
 17.40   	-222.47   	 31.39   	  50.86		
 -8.54   	-145.57   	 31.60   	  50.86		
-27.16   	-79.65   	 31.80   	  61.04		
-37.23   	-51.57   	 32.04   	  76.30		
-39.67   	-63.17   	 32.35   	  91.56		
-38.45   	-91.86   	 32.72   	 122.07		
-36.01   	-112.00   	 33.20   	 157.68		
-34.48   	-114.14   	 33.84   	 193.29		
-34.18   	-105.59   	 34.61   	 244.15		
-34.79   	-98.27   	 35.58   	 305.19		
-35.10   	-97.66   	 36.81   	 366.22		
-35.10   	-101.01   	 38.27   	 437.43		
-34.48   	-104.06   	 40.02   	 513.73		
-33.87   	-104.98   	 42.08   	 595.11		
-33.57   	-104.37   	 44.46   	 686.67		
-33.57   	-103.45   	 47.20   	 768.05		
-33.26   	-103.15   	 50.27   	 849.44		
-32.65   	-103.76   	 53.67   	 920.65		
-32.35   	-105.29   	 57.35   	 986.77		
-32.65   	-107.42   	 61.30   	1032.55		
-33.26   	-109.86   	 65.43   	1057.98		
-34.18   	-112.00   	 69.66   	1068.15		
-34.79   	-113.53   	 73.94   	1068.15		
-35.71   	-114.14   	 78.21   	1042.72		
-36.32   	-114.44   	 82.38   	1017.29		
-36.93   	-113.83   	 86.45   	 971.51		
-37.23   	-112.92   	 90.34   	 925.73		
-37.54   	-111.08   	 94.04   	 869.78		
-37.84   	-108.95   	 97.52   	 813.83		
-38.76   	-107.12   	100.77   	 757.88		
-39.37   	-106.51   	103.80   	 701.93		
-39.67   	-107.12   	106.61   	 645.98		
-39.67   	-107.73   	109.20   	 590.03		
-39.37   	-107.73   	111.56   	 539.16		
-39.37   	-106.20   	113.71   	 503.56		
-39.67   	-103.15   	115.73   	 462.87		
-40.59   	-100.40   	117.58   	 432.35		
-41.20   	-98.27   	119.31   	 422.18		
-41.50   	-96.44   	121.00   	 412.00		
-41.50   	-95.21   	122.64   	 417.09		
-41.81   	-93.38   	124.31   	 427.26		
-42.42   	-91.25   	126.02   	 442.52		
-43.33   	-88.50   	127.79   	 457.78		
-43.64   	-84.84   	129.62   	 483.21		
-43.64   	-80.26   	131.56   	 498.47		
-43.33   	-75.38   	133.55   	 518.82		
-43.03   	-70.19   	135.63   	 534.08		
-43.03   	-64.39   	137.76   	 544.25		
-43.33   	-57.37   	139.94   	 549.34		
-43.03   	-49.13   	142.14   	 549.34		
-41.81   	-39.98   	144.33   	 554.42		
-39.98   	-30.52   	146.55   	 549.34		
-38.15   	-20.75   	148.75   	 539.16		
-36.01   	-10.99   	150.90   	 523.90		
-34.18   	 -0.61   	153.00   	 508.65		
-31.74   	 11.60   	155.03   	 483.21		
-28.69   	 25.02   	156.97   	 452.69		
-25.63   	 38.15   	158.78   	 417.09		
-22.58   	 50.66   	160.45   	 371.31		
-19.53   	 62.56   	161.93   	 325.53		
-15.87   	 74.46   	163.23   	 269.58		
-11.60   	 86.36   	164.31   	 198.37		
 -7.02   	 97.05   	165.11   	 127.16		
 -2.75   	105.59   	165.61   	  45.78		
  1.22   	111.39   	165.80(S)	 -35.61		
  4.27   	114.44   	165.66   	-116.99		
  6.71   	115.97   	165.19   	-208.54		
  9.16   	116.27   	164.35   	-295.01		
 11.29   	116.27   	163.17   	-376.40		
 13.43   	115.97   	161.67   	-452.69		
 14.95   	115.66   	159.86   	-523.90		
 15.87   	114.44   	157.76   	-584.94		
 15.87   	112.00   	155.42   	-630.72		
 15.56   	108.03   	152.90   	-661.24		
 14.95   	103.45   	150.25   	-671.41		
 14.65   	 99.18   	147.57   	-671.41		
 14.04   	 95.52   	144.88   	-651.07		
 13.73   	 92.16   	142.28   	-610.37		
 13.12   	 88.81   	139.84   	-564.60		
 12.51   	 85.14   	137.58   	-508.65		
 11.90   	 81.18   	135.54   	-442.52		
 10.99   	 77.51   	133.77   	-386.57		
 10.07   	 74.46   	132.23   	-325.53		
  9.46   	 72.63   	130.93   	-279.75		
  9.16   	 71.72   	129.81   	-249.24		
  9.77   	 70.80   	128.81   	-228.89		
 10.07   	 69.58   	127.89   	-228.89		
 10.07   	 66.83   	126.98   	-244.15		
  9.46   	 63.48   	126.00   	-279.75		
  8.85   	 60.12   	124.88   	-315.36		
  8.24   	 57.68   	123.62   	-366.22		
  8.24   	 56.76   	122.16   	-412.00		
  7.93   	 56.46   	120.51   	-452.69		
  7.63   	 56.46   	118.70   	-498.47		
  6.71   	 55.54   	116.70   	-534.08		
  6.41   	 53.71   	114.57   	-564.60		
  5.80   	 50.66   	112.31   	-584.94		
  5.80   	 47.91   	109.97   	-600.20		
  6.10   	 45.78   	107.57   	-610.37		
  6.10   	 44.86   	105.13   	-610.37		
  6.10   	 44.56   	102.69   	-610.37		
  6.41   	 44.86   	100.24   	-595.11		
  6.41   	 44.86   	 97.86   	-579.86		
  6.41   	 44.86   	 95.54   	-544.25		
  5.80   	 44.25   	 93.37   	-518.82		
  4.58   	 43.64   	 91.29   	-488.30		
  3.05   	 42.72   	 89.34   	-457.78		
  1.53   	 40.89   	 87.51   	-432.35		
  0.00   	 38.76   	 85.78   	-417.09		
 -0.92   	 36.01   	 84.11   	-412.00		
 -1.22   	 34.18   	 82.46   	-427.26		
 -0.31   	 33.57   	 80.75   	-447.61		
  0.61   	 34.48   	 78.96   	-483.21		
  0.92   	 36.62   	 77.03   	-534.08		
 -0.31   	 38.76   	 74.89   	-579.86		
 -3.05   	 40.28   	 72.57   	-640.89		
 -5.49   	 41.81   	 70.01   	-696.84		
 -7.02   	 43.03   	 67.22   	-747.71		
 -6.71   	 43.95   	 64.23   	-798.57		
 -5.80   	 43.64   	 61.04   	-834.18		
 -5.49   	 43.03   	 57.70   	-864.70		
 -6.10   	 43.03   	 54.24   	-885.04		
 -7.63   	 44.86   	 50.70   	-890.13		
 -8.54   	 48.52   	 47.14   	-885.04		
 -9.16   	 52.49   	 43.60   	-864.70		
 -8.85   	 55.24   	 40.14   	-829.09		
 -8.24   	 55.24   	 36.83   	-793.49		
 -7.32   	 53.10   	 33.65   	-737.54		
 -6.71   	 50.35   	 30.70   	-681.58		
 -6.41   	 49.13   	 27.98   	-620.55		
 -6.41   	 50.35   	 25.49   	-549.34		
 -6.71   	 53.41   	 23.30   	-473.04		
 -6.71   	 57.07   	 21.40   	-401.83		
 -6.41   	 58.59   	 19.80   	-325.53		
 -6.10   	 57.37   	 18.49   	-254.32		
 -5.49   	 54.63   	 17.48   	-193.29		
 -4.58   	 51.27   	 16.70   	-127.16		
 -3.66   	 49.13   	 16.20   	 -86.47		
 -2.44   	 48.22   	 15.85   	 -45.78		
 -1.53   	 47.30   	 15.67   	 -15.26		
 -0.31   	 46.39   	 15.61   	   0.00		
  0.92   	 46.08   	 15.61   	   5.09		
  2.14   	 47.00   	 15.63   	   5.09		
  3.05   	 49.13   	 15.65   	   0.00		
  3.66   	 53.10   	 15.65   	 -15.26		
  4.27   	 60.12   	 15.58   	 -20.35		
  6.41   	 71.41   	 15.50   	 -40.69		
  9.46   	 88.81   	 15.34   	 -50.86		
 12.82   	112.00   	 15.14   	 -55.95		
 15.56   	137.63   	 14.91   	 -66.12		
 17.40   	162.05   	 14.65   	 -71.21		
 18.92   	180.97   	 14.36   	 -71.21		
 21.06   	193.79   	 14.08   	 -66.12		
 22.58   	202.33   	 13.81   	 -55.95		
 22.58   	208.74   	 13.59   	 -55.95		
 19.53   	214.84   	 13.37   	 -40.69		
 14.95   	217.59   	 13.20   	 -30.52		
 11.90   	214.23   	 13.08   	 -20.35		
 12.51   	203.86   	 13.00   	 -10.17		
 17.09   	189.51   	 12.96   	   0.00		
 24.11   	177.31   	 12.96   	  15.26		
 31.43   	170.59   	 13.02   	  20.35		
 37.54   	167.85   	 13.10   	  35.61		
 41.81   	163.27   	 13.25   	  40.69		
 44.56   	151.98   	 13.41   	  45.78		
 47.30   	133.97   	 13.59   	  55.95		
 51.27   	113.22   	 13.81   	  61.04		
 57.37   	 95.52   	 14.06   	  71.21		
 64.70   	 83.01   	 14.34   	  71.21		
 68.97   	 74.46   	 14.63   	  76.30		
 65.61   	 66.53   	 14.93   	  81.38		
 51.88   	 57.37   	 15.26   	  86.47		
 29.60   	 47.30   	 15.61   	  91.56		
  5.19   	 35.71   	 15.97   	  96.64		
-13.73   	 21.36   	 16.36   	  96.64		
-23.19   	  2.44   	 16.74   	  96.64		
-24.11   	-19.23   	 17.13   	 101.73		
-21.36   	-39.06   	 17.54   	 106.82		
-19.23   	-51.57   	 17.97   	 106.82		
-19.84   	-53.41   	 18.39   	 106.82		
-22.28   	-47.00   	 18.82   	 106.82		
-24.11   	-37.23   	 19.25   	 111.90		
-24.41   	-30.21   	 19.69   	 106.82		
-23.19   	-28.69   	 20.12   	 111.90		
-21.06   	-31.43   	 20.57   	 106.82		
-19.23   	-35.10   	 21.00   	 101.73		
-17.70   	-36.01   	 21.40   	  91.56		
-17.09   	-33.26   	 21.77   	  66.12		
-16.48   	-28.38   	 22.03   	  30.52		
-16.17   	-25.33   	 22.16   	 -15.26		
-16.48   	-25.94   	 22.10   	 -86.47		
-17.09   	-28.99   	 21.75   	-178.03		
-18.31   	-31.13   	 21.04   	-295.01		
-20.45   	-29.60   	 19.86   	-432.35		
-24.11   	-23.80   	 18.13   	-584.94		
-29.60   	-16.48   	 15.79   	-737.54		
-36.01   	-10.38   	 12.84   	-885.04		
-40.89   	 -5.80   	  9.30   	-1022.38		
-39.67   	  3.05   	  5.21   	-1124.11		
-26.25   	 24.11   	  0.71   	-1195.32		
  4.27   	 67.44   	 -4.07   	-1215.66		
 51.57   	140.69   	 -8.93   	-1195.32		
109.25   	249.94   	-13.71   	-1144.45		
165.10   	391.24   	-18.29   	-1052.90		
209.96   	538.64   	-22.50   	-1754.83		
253.30   	642.70(R)	-29.52   	-691.76		
255.74   	520.02   	-32.29   	-569.68		
246.89   	302.43   	-34.57   	-483.21		
225.83   	 60.73   	-36.50   	-422.18		
193.79   	-135.80   	-38.19   	-401.83		
156.25   	-256.96   	-39.80   	-417.09		
117.80   	-309.45   	-41.46   	-462.87		
 80.57   	-311.89   	-43.32   	-534.08		
 43.64   	-275.88   	-45.45   	-610.37		
  9.46   	-209.96   	-47.89   	-671.41		
-18.62   	-133.36   	-50.58   	-712.10		
-36.62   	-75.68   	-53.43   	-712.10		
-44.25   	-56.46   	-56.28   	-666.32		
-44.56   	-72.02   	-58.94   	-569.68		
-41.81   	-99.49   	-61.22   	-432.35		
-39.06   	-117.19   	-62.95   	-244.15		
-37.84   	-118.10   	-63.93   	 -25.43		
-37.54   	-110.47   	-64.03   	 218.72		
-38.15   	-104.37   	-63.15   	 493.39		
-38.45   	-104.37   	-61.18   	 762.97		
-37.84   	-108.34   	-58.13   	1032.55		
-37.23   	-112.00   	-54.00   	1271.61		
-37.23   	-114.14   	-48.91   	1490.33		
-37.84   	-114.44   	-42.95   	1678.53		
-38.76   	-113.53   	-36.24   	1836.21		
-39.67   	-112.92   	-28.89   	1978.63		
-39.67   	-112.30   	-20.98   	2095.62		
-39.67   	-112.61   	-12.59   	2207.52		
-39.37   	-112.61   	 -3.76   	2299.08		
-39.37   	-111.69   	  5.43   	2380.46		
-39.98   	-110.17   	 14.95   	2441.50		
-41.20   	-108.03   	 24.72   	2492.36		
-42.72   	-106.81   	 34.69   	2527.97		
-43.64   	-106.20   	 44.80   	2548.31		
-43.33   	-106.20   	 54.99   	2563.57		
-42.11   	-106.51   	 65.25   	2563.57		
-40.28   	-106.81   	 75.50   	2548.31		
-39.06   	-108.34   	 85.70   	2522.88		
-38.76   	-110.47   	 95.79   	2466.93		
-39.67   	-111.69   	105.66   	2390.63		
-40.59   	-110.78   	115.22   	2299.08		
-41.50   	-108.64   	124.41   	2187.17		
-42.11   	-107.42   	133.16   	2070.19		
-42.42   	-109.25   	141.44   	1948.11		
-43.33   	-113.53   	149.24   	1820.95		
-44.25   	-117.49   	156.52   	1698.87		
-45.17   	-118.71   	163.32   	1576.80		
-45.47   	-116.27   	169.62   	1475.07		
-45.17   	-111.69   	175.52   	1388.60		
-44.56   	-106.81   	181.08   	1322.48		
-43.95   	-102.84   	186.37   	1291.96		
-43.95   	-98.57   	191.54   	1276.70		
-44.56   	-93.99   	196.64   	1297.04		
-44.86   	-88.20   	201.83   	1322.48		
-44.56   	-82.40   	207.12   	1368.26		
-43.64   	-76.90   	212.59   	1398.77		
-42.42   	-71.41   	218.19   	1398.77		
-41.50   	-65.31   	223.78   	1342.82		
-40.89   	-58.29   	229.15   	1215.66		
-40.59   	-50.35   	234.02   	1017.29		
-39.98   	-41.81   	238.09   	 742.62		
-38.76   	-32.65   	241.06   	 417.09		
-37.23   	-22.58   	242.73   	  45.78		
-35.40   	-11.29   	242.91   	-335.71		
-33.57   	  0.31   	241.57   	-701.93		
-31.74   	 12.21   	238.76   	-1027.46		
-29.60   	 24.11   	234.65   	-1312.30		
-27.47   	 36.01   	229.40   	-1515.76		
-24.72   	 48.22   	223.34   	-1653.10		
-21.36   	 61.04   	216.72   	-1719.22		
-16.78   	 74.46   	209.85   	-1714.13		
-11.29   	 87.28   	202.99   	-1658.18		
 -6.10   	 98.27   	196.36   	-1551.37		
 -2.14   	106.20   	190.15   	-1414.03		
  0.31   	110.47   	184.50   	-1261.44		
  2.44   	112.00   	179.45   	-1098.67		
  4.58   	112.00   	175.06   	-930.82		
  6.71   	111.69   	171.33   	-768.05		
  8.24   	111.39   	168.26   	-630.72		
  9.16   	110.47   	165.74   	-498.47		
  9.77   	108.95   	163.74   	-381.48		
 10.38   	105.90   	162.22   	-279.75		
 11.29   	101.93   	161.10   	-198.37		
 12.21   	 97.35   	160.30   	-116.99		
 12.82   	 93.38   	159.84   	 -50.86		
 12.82   	 90.33   	159.63   	  -5.09		
 12.51   	 88.20   	159.61   	  25.43		
 11.60   	 85.45   	159.71   	  40.69		
 10.99   	 82.09   	159.88   	  30.52		
 10.07   	 77.82   	160.00   	  -5.09		
  9.46   	 73.24   	159.98   	 -55.95		
  9.16   	 69.58   	159.76   	-122.07		
  9.16   	 67.44   	159.27   	-193.29		
  9.46   	 66.83   	158.49   	-269.58		
 10.07   	 67.44   	157.42   	-335.71		
 10.68   	 67.75   	156.07   	-401.83		
 10.99   	 66.83   	154.47   	-447.61		
 10.68   	 64.70   	152.67   	-488.30		
 10.07   	 61.65   	150.72   	-503.56		
  9.46   	 58.90   	148.71   	-513.73		
  8.85   	 56.46   	146.65   	-498.47		
  8.85   	 54.63   	144.66   	-478.13		
  9.16   	 53.41   	142.75   	-447.61		
  9.77   	 52.19   	140.96   	-396.74		
  9.77   	 51.27   	139.37   	-356.05		
  9.77   	 50.35   	137.94   	-300.10		
  9.16   	 48.83   	136.74   	-244.15		
  8.24   	 46.39   	135.77   	-193.29		
  7.63   	 43.03   	134.99   	-152.59		
  7.63   	 39.37   	134.38   	-111.90		
  7.63   	 36.32   	133.94   	 -81.38		
  7.63   	 34.18   	133.61   	 -61.04		
  7.02   	 32.65   	133.37   	 -55.95		
  6.10   	 31.43   	133.14   	 -61.04		
  5.19   	 30.21   	132.90   	 -76.30		
  4.88   	 28.69   	132.59   	 -96.64		
  4.88   	 27.47   	132.21   	-122.07		
  4.88   	 26.25   	131.72   	-152.59		
  4.27   	 25.02   	131.11   	-183.11		
  3.66   	 23.50   	130.38   	-213.63		
  3.05   	 22.58   	129.52   	-239.06		
  2.44   	 21.67   	128.57   	-259.41		
  2.14   	 21.67   	127.53   	-274.67		
  2.14   	 21.36   	126.43   	-274.67		
  2.44   	 21.36   	125.33   	-279.75		
  2.44   	 21.67   	124.21   	-274.67		
  2.14   	 21.97   	123.11   	-264.50		
  1.22   	 22.58   	122.05   	-249.24		
  0.00   	 23.50   	121.06   	-233.98		
 -0.61   	 25.02   	120.12   	-218.72		
 -0.92   	 27.16   	119.25   	-203.46		
 -0.92   	 29.30   	118.43   	-188.20		
 -0.61   	 31.13   	117.68   	-167.85		
 -0.61   	 32.65   	117.01   	-157.68		
 -0.31   	 33.87   	116.38   	-147.51		
 -0.31   	 34.48   	115.79   	-132.25		
 -0.31   	 34.48   	115.26   	-127.16		
 -0.61   	 34.18   	114.75   	-116.99		
 -0.92   	 33.87   	114.28   	-106.82		
 -0.92   	 34.18   	113.86   	-101.73		
 -0.31   	 34.48   	113.45   	 -91.56		
  0.31   	 34.79   	113.08   	 -86.47		
  1.22   	 34.48   	112.74   	 -81.38		
  1.83   	 33.87   	112.41   	 -81.38		
  2.14   	 33.57   	112.09   	 -71.21		
  2.14   	 32.96   	111.80   	 -66.12		
  2.14   	 32.65   	111.54   	 -66.12		
  1.83   	 32.96   	111.27   	 -61.04		
  1.83   	 32.96   	111.03   	 -61.04		
  1.53   	 32.96   	110.78   	 -55.95		
  1.53   	 32.35   	110.56   	 -55.95		
  1.83   	 31.43   	110.34   	 -55.95		
  2.75   	 31.43   	110.11   	 -55.95		
  4.27   	 34.18   	109.89   	 -55.95		
  6.41   	 41.20   	109.66   	 -55.95		
  9.16   	 53.41   	109.44   	 -55.95		
 12.82   	 71.41   	109.22   	 -61.04		
 16.78   	 94.60   	108.97   	 -55.95		
 20.45   	119.93   	108.75   	 -66.12		
 22.58   	144.04   	108.48   	 -66.12		
 23.50   	162.96   	108.22   	 -71.21		
 23.19   	175.17   	107.93   	 -71.21		
 22.58   	181.58   	107.65   	 -76.30		
 20.75   	185.55   	107.34   	 -81.38		
 17.70   	188.60   	107.02   	 -86.47		
 14.04   	189.51   	106.67   	 -81.38		
 12.21   	186.16   	106.35   	 -91.56		
 13.43   	178.22   	105.98   	 -86.47		
 18.92   	167.54   	105.64   	 -96.64		
 27.16   	157.78   	105.25   	 -91.56		
 35.10   	149.84   	104.88   	  N/A		
