  I     	  II     	  AO     	  AO'		
 24.11   	 71.41   	107.24   	   5.09		
 24.41   	 70.19   	107.26   	  10.17		
 23.50   	 68.05   	107.30   	   5.09		
 19.53   	 64.39   	107.32   	   5.09		
 11.90   	 58.29   	107.34   	   0.00		
  3.97   	 50.96   	107.34   	   5.09		
  0.31   	 45.17   	107.36   	   0.00		
  3.05   	 43.03   	107.36   	   0.00		
  8.85   	 44.56   	107.36   	   0.00		
 12.51   	 47.61   	107.36   	   0.00		
  9.16   	 49.74   	107.36   	   0.00		
  1.22   	 48.83   	107.36   	  -5.09		
 -4.58   	 46.39   	107.34   	   0.00		
 -3.97   	 44.86   	107.34   	  -5.09		
  3.05   	 44.25   	107.32   	   0.00		
 10.38   	 43.64   	107.32   	  -5.09		
 11.60   	 41.20   	107.30   	  -5.09		
  4.58   	 37.54   	107.28   	  -5.09		
 -6.10   	 34.48   	107.26   	   0.00		
-13.73   	 35.71   	107.26   	   0.00		
-14.04   	 40.59   	107.26   	  -5.09		
 -8.24   	 46.69   	107.24   	   0.00		
 -1.22   	 49.44   	107.24   	   0.00		
  1.53   	 46.69   	107.24   	   0.00		
 -0.92   	 39.06   	107.24   	   5.09		
 -7.02   	 30.52   	107.26   	   0.00		
-13.73   	 24.72   	107.26   	   5.09		
-19.53   	 23.19   	107.28   	   5.09		
-22.89   	 25.02   	107.30   	   0.00		
-24.72   	 27.16   	107.30   	   5.09		
-24.72   	 27.77   	107.32   	   5.09		
-23.19   	 26.86   	107.34   	   5.09		
-22.89   	 25.63   	107.36   	   5.09		
-24.41   	 25.63   	107.39   	   0.00		
-27.16   	 26.25   	107.39   	   5.09		
-28.08   	 26.55   	107.41   	   0.00		
-25.63   	 25.94   	107.41   	  -5.09		
-19.84   	 25.02   	107.39   	   0.00		
-14.34   	 25.33   	107.39   	  -5.09		
-11.90   	 27.16   	107.36   	  -5.09		
-13.12   	 29.91   	107.34   	  -5.09		
-16.78   	 31.74   	107.32   	   0.00		
-21.06   	 31.13   	107.32   	  -5.09		
-24.72   	 26.55   	107.30   	  -5.09		
-27.47   	 18.92   	107.28   	  -5.09		
-28.38   	 11.60   	107.26   	  -5.09		
-27.16   	  8.24   	107.24   	  -5.09		
-24.41   	 10.99   	107.22   	  -5.09		
-21.06   	 18.62   	107.20   	   0.00		
-19.53   	 27.47   	107.20   	   0.00		
-18.92   	 33.26   	107.20   	  -5.09		
-17.09   	 36.01   	107.18   	   0.00		
-12.21   	 36.93   	107.18   	   0.00		
 -5.49   	 37.23   	107.18   	   0.00		
 -0.92   	 37.23   	107.18   	   0.00		
 -0.61   	 36.32   	107.18   	  -5.09		
 -3.97   	 34.48   	107.16   	   0.00		
 -7.93   	 33.26   	107.16   	   0.00		
 -9.16   	 35.10   	107.16   	  -5.09		
 -6.41   	 42.11   	107.14   	   0.00		
 -0.31   	 55.85   	107.14   	  -5.09		
  8.85   	 77.51   	107.12   	  -5.09		
 19.23   	106.81   	107.10   	   0.00		
 27.77   	140.99   	107.10   	  -5.09		
 32.04   	175.17   	107.08   	  -5.09		
 32.35   	203.55   	107.06   	  -5.09		
 32.35   	222.47   	107.04   	  -5.09		
 37.54   	231.63   	107.02   	  -5.09		
 50.05   	232.85   	107.00   	  -5.09		
 66.83   	229.19   	106.98   	  -5.09		
 81.18   	224.30   	106.96   	  -5.09		
 86.67   	220.34   	106.94   	  -5.09		
 81.18   	216.67   	106.92   	   0.00		
 68.36   	209.66   	106.92   	   0.00		
 54.93   	196.23   	106.92   	   0.00		
 47.91   	176.09   	106.92   	   0.00		
 49.44   	153.50   	106.92   	   5.09		
 57.07   	134.89   	106.94   	   5.09		
 65.00   	122.68   	106.96   	   0.00		
 64.70   	112.92   	106.96   	   5.09		
 51.27   	 99.49   	106.98   	   5.09		
 24.72   	 79.35   	107.00   	   5.09		
 -8.54   	 54.32   	107.02   	   5.09		
-37.54   	 31.13   	107.04   	   5.09		
-52.19   	 17.40   	107.06   	   0.00		
-49.13   	 15.87   	107.06   	   5.09		
-33.26   	 22.28   	107.08   	   5.09		
-15.87   	 29.60   	107.10   	   5.09		
 -6.41   	 32.04   	107.12   	   5.09		
 -8.24   	 28.08   	107.14   	   5.09		
-17.09   	 21.06   	107.16   	   0.00		
-26.25   	 14.04   	107.16   	   5.09		
-32.35   	  8.54   	107.18   	   5.09		
-35.10   	  2.75   	107.20   	   5.09		
-37.54   	 -3.97   	107.22   	   0.00		
-40.89   	-11.29   	107.22   	   0.00		
-45.78   	-17.40   	107.22   	   0.00		
-50.05   	-20.14   	107.22   	   0.00		
-51.57   	-19.23   	107.22   	   0.00		
-49.74   	-15.56   	107.22   	  -5.09		
-44.56   	-10.07   	107.20   	   0.00		
-38.15   	 -4.27   	107.20   	  -5.09		
-33.26   	 -0.31   	107.18   	   0.00		
-33.57   	  0.31   	107.18   	  -5.09		
-38.76   	 -2.44   	107.16   	   0.00		
-45.17   	 -6.10   	107.16   	   0.00		
-48.83   	 -9.46   	107.16   	   0.00		
-46.69   	-10.99   	107.16   	   0.00		
-40.89   	-10.99   	107.16   	   5.09		
-35.10   	 -8.85   	107.18   	   0.00		
-31.74   	  0.31   	107.18   	   0.00		
-25.02   	 24.72   	107.18   	   5.09		
 -4.58   	 70.50   	107.20   	   0.00		
 39.98   	138.55   	107.20   	  -5.09		
109.56   	220.03   	107.18   	   0.00		
191.65   	300.90   	107.18   	  -5.09		
263.67   	369.57   	107.16   	  -5.09		
305.79   	423.28   	107.14   	 -10.17		
311.89(R)	467.22   	107.10   	 -10.17		
291.44   	497.44   	107.06   	 -10.17		
263.37   	497.74   	107.02   	 -15.26		
246.89   	454.10   	106.96   	 -10.17		
256.65   	372.92   	106.92   	 -15.26		
294.80   	292.66   	106.86   	 -15.26		
348.82   	265.50   	106.80   	 -20.35		
397.03   	320.43   	106.71   	 -15.26		
416.26   	437.62   	106.65   	 -20.35		
397.64   	560.00   	106.57   	 -20.35		
352.78   	626.83   	106.49   	 -25.43		
303.96   	608.83   	106.39   	 -20.35		
269.47   	516.66   	106.31   	 -25.43		
252.38   	388.18   	106.21   	 -20.35		
243.53   	265.20   	106.12   	 -20.35		
231.63   	171.20   	106.04   	 -20.35		
214.23   	109.56   	105.96   	 -20.35		
193.79   	 67.44   	105.88   	 -10.17		
174.87   	 27.77   	105.84   	 -10.17		
159.00   	-18.01   	105.80   	  -5.09		
143.13   	-69.27   	105.78   	   5.09		
122.68   	-119.63   	105.80   	  10.17		
 95.52   	-164.49   	105.84   	  20.35		
 63.17   	-203.25   	105.92   	  25.43		
 31.43   	-234.99   	106.02   	  30.52		
  7.02   	-257.87   	106.14   	  35.61		
 -7.02   	-266.11   	106.29   	  40.69		
-12.82   	-255.74   	106.45   	  40.69		
-17.40   	-227.66   	106.61   	  45.78		
-27.47   	-188.29   	106.80   	  40.69		
-44.25   	-147.40   	106.96   	  40.69		
-64.09   	-113.83   	107.12   	  35.61		
-81.18   	-92.77   	107.26   	  25.43		
-93.08   	-84.53   	107.36   	  20.35		
-99.49   	-83.62   	107.45   	   5.09		
-102.23   	-83.62   	107.47   	 -10.17		
-102.84   	-80.87   	107.43   	 -20.35		
-102.23   	-75.07   	107.34   	 -40.69		
-101.62   	-70.19   	107.18   	 -45.78		
-102.23   	-69.27   	107.00   	 -50.86		
-105.90   	-73.24   	106.80   	 -45.78		
-111.69   	-77.51   	106.61   	 -30.52		
-117.19   	-78.13   	106.49   	 -10.17		
-118.71   	-73.55   	106.45   	  15.26		
-114.75   	-64.39   	106.51   	  40.69		
-106.81   	-54.32   	106.67   	  55.95		
-98.57   	-46.39   	106.90   	  66.12		
-91.86   	-41.20   	107.16   	  71.21		
-87.28   	-37.84   	107.45   	  66.12		
-83.92   	-35.40   	107.71   	  55.95		
-80.87   	-32.96   	107.93   	  45.78		
-80.87   	-31.43   	108.12   	  30.52		
-84.53   	-32.04   	108.24   	  20.35		
-90.94   	-36.32   	108.32   	  10.17		
-97.05   	-43.33   	108.36   	   5.09		
-99.18   	-49.44   	108.38   	   0.00		
-97.05   	-51.88   	108.38   	  -5.09		
-92.16   	-49.44   	108.36   	 -15.26		
-87.59   	-42.42   	108.30   	 -10.17		
-84.53   	-33.87   	108.26   	 -20.35		
-82.70   	-26.55   	108.18   	 -25.43		
-81.79   	-21.67   	108.08   	 -30.52		
-81.79   	-20.14   	107.95   	 -30.52		
-82.40   	-20.14   	107.83   	 -40.69		
-83.92   	-20.14   	107.67   	 -40.69		
-84.53   	-18.31   	107.51   	 -50.86		
-83.62   	-14.65   	107.30   	 -50.86		
-82.09   	-10.68   	107.10   	 -50.86		
-81.79   	 -9.16   	106.90   	 -50.86		
-83.62   	-12.21   	106.69   	 -50.86		
-87.89   	-19.23   	106.49   	 -50.86		
-93.99   	-26.86   	106.29   	 -45.78		
-99.18   	-31.74   	106.10   	 -40.69		
-103.15   	-32.35   	105.94   	 -30.52		
-104.68   	-29.60   	105.82   	 -30.52		
-103.76   	-25.02   	105.70   	 -20.35		
-100.71   	-19.84   	105.62   	 -10.17		
-97.66   	-14.95   	105.57   	  -5.09		
-97.05   	-11.29   	105.55   	   0.00		
-99.18   	-10.38   	105.55   	   5.09		
-104.06   	-12.21   	105.57   	  15.26		
-109.25   	-15.56   	105.64   	  15.26		
-112.92   	-18.92   	105.70   	  20.35		
-114.44   	-21.36   	105.78   	  20.35		
-115.05   	-22.89   	105.86   	  25.43		
-116.58   	-23.80   	105.96   	  25.43		
-119.63   	-24.11   	106.06   	  25.43		
-124.21   	-24.41   	106.16   	  25.43		
-129.39   	-25.33   	106.27   	  20.35		
-132.45   	-26.55   	106.35   	  25.43		
-130.00   	-26.25   	106.45   	  20.35		
-120.54   	-21.67   	106.53   	  15.26		
-106.20   	-12.21   	106.59   	  15.26		
-90.03   	 -0.31   	106.65   	  10.17		
-76.90   	 10.68   	106.69   	   0.00		
-67.75   	 18.01   	106.69   	  -5.09		
-61.34   	 23.50   	106.67   	 -25.43		
-54.63   	 30.52   	106.57   	 -40.69		
-45.47   	 40.89   	106.41   	 -71.21		
-34.48   	 52.49   	106.12   	-106.82		
-24.11   	 61.95   	105.70   	-137.33		
-15.87   	 67.44   	105.15   	-162.77		
-10.07   	 70.80   	104.50   	-188.20		
 -4.58   	 75.68   	103.74   	-198.37		
  3.36   	 85.14   	102.95   	-213.63		
 13.43   	 97.35   	102.10   	-213.63		
 22.58   	107.12   	101.24   	-208.54		
 27.77   	109.25   	100.41   	-203.46		
 28.99   	103.76   	 99.59   	-188.20		
 28.99   	 95.52   	 98.84   	-167.85		
 30.82   	 90.33   	 98.17   	-147.51		
 32.96   	 90.33   	 97.58   	-122.07		
 33.57   	 92.16   	 97.09   	 -86.47		
 30.52   	 91.25   	 96.74   	 -61.04		
 25.94   	 86.36   	 96.50   	 -20.35		
 23.19   	 78.43   	 96.42   	   5.09		
 23.80   	 70.50   	 96.44   	  40.69		
 26.55   	 65.31   	 96.60   	  71.21		
 27.77   	 62.26   	 96.89   	 111.90		
 24.72   	 61.34   	 97.33   	 142.42		
 17.70   	 60.73   	 97.90   	 188.20		
  9.77   	 59.51   	 98.66   	 228.89		
  3.66   	 55.54   	 99.57   	 269.58		
  0.31   	 49.13   	100.65   	 305.19		
 -2.14   	 40.59   	101.87   	 345.88		
 -6.71   	 32.35   	103.25   	 376.40		
-13.73   	 25.63   	104.76   	 396.74		
-21.06   	 21.36   	106.35   	 412.00		
-24.72   	 18.62   	108.00   	 422.18		
-22.89   	 17.40   	109.68   	 417.09		
-18.01   	 16.78   	111.35   	 406.92		
-13.43   	 16.17   	112.98   	 386.57		
-12.82   	 16.78   	114.53   	 356.05		
-16.78   	 19.23   	115.95   	 315.36		
-22.28   	 23.50   	117.21   	 269.58		
-26.25   	 28.38   	118.29   	 223.80		
-26.25   	 32.65   	119.19   	 162.77		
-23.19   	 36.01   	119.84   	 106.82		
-19.23   	 39.67   	120.26   	  45.78		
-17.40   	 42.72   	120.45   	 -15.26		
-18.31   	 44.25   	120.39   	 -71.21		
-18.92   	 43.64   	120.10   	-132.25		
-17.40   	 42.42   	119.57   	-183.11		
-13.12   	 43.33   	118.84   	-228.89		
 -7.93   	 47.30   	117.92   	-274.67		
 -5.19   	 51.88   	116.83   	-310.27		
 -6.71   	 53.10   	115.58   	-335.71		
-12.21   	 49.44   	114.24   	-361.14		
-18.31   	 42.72   	112.80   	-371.31		
-22.58   	 36.32   	111.31   	-376.40		
-24.11   	 32.96   	109.81   	-376.40		
-23.19   	 33.26   	108.30   	-366.22		
-21.67   	 36.32   	106.84   	-345.88		
-21.67   	 39.06   	105.45   	-320.45		
-22.89   	 40.59   	104.17   	-295.01		
-23.50   	 39.98   	102.99   	-264.50		
-23.19   	 37.54   	101.93   	-223.80		
-22.89   	 33.87   	101.04   	-183.11		
-23.19   	 29.60   	100.30   	-147.51		
-23.80   	 25.33   	 99.71   	-106.82		
-24.11   	 21.97   	 99.29   	 -61.04		
-23.19   	 20.14   	 99.04   	 -25.43		
-22.28   	 19.84   	 98.94   	  10.17		
-22.58   	 20.14   	 98.98   	  40.69		
-24.72   	 19.84   	 99.15   	  76.30		
-28.38   	 18.01   	 99.45   	  96.64		
-31.13   	 15.26   	 99.84   	 122.07		
-32.96   	 13.12   	100.33   	 142.42		
-33.26   	 12.51   	100.89   	 152.59		
-31.43   	 14.34   	101.51   	 162.77		
-27.47   	 19.23   	102.16   	 172.94		
-21.06   	 25.02   	102.85   	 172.94		
-14.04   	 29.91   	103.54   	 178.03		
 -9.16   	 31.74   	104.25   	 167.85		
 -8.54   	 30.82   	104.92   	 167.85		
-11.90   	 28.38   	105.59   	 157.68		
-16.78   	 26.25   	106.23   	 147.51		
-19.53   	 26.25   	106.82   	 137.33		
-18.62   	 28.69   	107.36   	 116.99		
-13.73   	 35.40   	107.83   	 106.82		
 -6.71   	 49.44   	108.26   	  86.47		
  0.61   	 73.55   	108.61   	  66.12		
  7.32   	108.03   	108.87   	  50.86		
 12.82   	147.40   	109.07   	  30.52		
 17.40   	183.72   	109.20   	  10.17		
 21.06   	210.88   	109.24   	 -10.17		
 25.02   	226.75   	109.20   	 -25.43		
 31.74   	233.46   	109.09   	 -40.69		
 42.42   	234.38   	108.93   	 -55.95		
 54.02   	230.41   	108.71   	 -71.21		
 62.56   	222.78   	108.42   	 -86.47		
 62.26   	211.49   	108.08   	 -91.56		
 50.96   	198.06   	107.71   	-101.73		
 32.96   	183.11   	107.30   	-111.90		
 17.70   	168.15   	106.86   	-116.99		
 13.73   	153.20   	106.39   	-116.99		
 23.50   	139.77   	105.92   	-116.99		
 40.89   	128.48   	105.45   	-116.99		
 56.46   	118.41   	104.98   	-111.90		
 59.20   	107.73   	104.54   	-101.73		
 44.56   	 94.60   	104.13   	 -96.64		
 15.56   	 78.13   	103.74   	 -86.47		
-19.84   	 59.20   	103.40   	 -71.21		
-50.96   	 41.50   	103.11   	 -55.95		
-68.97   	 28.08   	102.89   	 -45.78		
-70.50   	 19.84   	102.71   	 -25.43		
-60.12   	 15.56   	102.60   	 -10.17		
-46.08   	 12.51   	102.56   	   5.09		
-37.23   	  9.46   	102.58   	  25.43		
-36.32   	  6.10   	102.69   	  30.52		
-41.20   	  3.36   	102.81   	  50.86		
-45.47   	  1.83   	103.01   	  55.95		
-45.17   	  0.92   	103.23   	  71.21		
-40.89   	 -0.61   	103.52   	  76.30		
-36.62   	 -2.75   	103.82   	  81.38		
-36.32   	 -5.80   	104.15   	  86.47		
-40.89   	 -9.77   	104.50   	  86.47		
-46.69   	-13.73   	104.84   	  86.47		
-48.83   	-17.09   	105.19   	  86.47		
-46.39   	-18.31   	105.53   	  76.30		
-40.89   	-16.78   	105.84   	  76.30		
-36.93   	-12.82   	106.14   	  66.12		
-36.32   	 -9.46   	106.41   	  55.95		
-38.76   	 -8.85   	106.63   	  45.78		
-42.42   	-11.90   	106.82   	  35.61		
-45.17   	-16.78   	106.96   	  30.52		
-46.39   	-20.75   	107.08   	  15.26		
-46.08   	-21.97   	107.14   	   5.09		
-44.25   	-20.14   	107.16   	   0.00		
-40.59   	-15.56   	107.16   	 -15.26		
-34.48   	 -7.63   	107.10   	 -20.35		
-25.33   	  8.24   	107.02   	 -25.43		
 -8.54   	 41.20   	106.92   	 -30.52		
 22.28   	 97.05   	106.80   	 -35.61		
 71.72   	174.26   	106.65   	 -35.61		
137.02   	261.54   	106.51   	 -35.61		
205.08   	342.41   	106.37   	 -35.61		
256.96   	404.97   	106.23   	 -30.52		
277.40(R)	448.30   	106.10   	 -30.52		
266.11   	472.11   	105.98   	 -30.52		
237.73   	465.09   	105.86   	 -20.35		
216.06   	415.95   	105.78   	 -20.35		
221.25   	326.54   	105.70   	 -15.26		
260.01   	227.36   	105.64   	 -10.17		
320.74   	169.37   	105.59   	 -10.17		
378.72   	190.43   	105.55   	  -5.09		
408.63   	287.17   	105.53   	  -5.09		
397.95   	414.73   	105.51   	  -5.09		
355.22   	511.17   	105.49   	   0.00		
302.43   	533.14   	105.49   	  -5.09		
259.40   	473.94   	105.47   	  -5.09		
233.46   	358.89   	105.45   	   0.00		
215.45   	230.10   	105.45   	  -5.09		
194.70   	123.60   	105.43   	  -5.09		
167.85   	 53.41   	105.41   	  -5.09		
139.77   	 10.68   	105.39   	 -10.17		
117.19   	-24.72   	105.35   	  -5.09		
103.15   	-68.97   	105.33   	  -5.09		
 93.69   	-122.99   	105.31   	  -5.09		
 82.40   	-177.92   	105.29   	   0.00		
 64.70   	-223.08   	105.29   	  -5.09		
 40.28   	-253.30   	105.27   	   5.09		
 11.60   	-270.39   	105.29   	   0.00		
-16.17   	-277.10   	105.29   	  10.17		
-36.93   	-274.96   	105.33   	  10.17		
-47.91   	-262.76   	105.37   	  15.26		
-49.74   	-240.17   	105.43   	  20.35		
-48.22   	-209.66   	105.51   	  20.35		
-50.05   	-175.17   	105.59   	  20.35		
-58.59   	-141.60   	105.68   	  25.43		
-72.33   	-112.61   	105.78   	  25.43		
-87.28   	-91.25   	105.88   	  25.43		
-97.66   	-78.13   	105.98   	  25.43		
-100.71   	-71.72   	106.08   	  25.43		
-97.66   	-68.36   	106.18   	  25.43		
-92.77   	-65.31   	106.29   	  25.43		
-90.33   	-60.42   	106.39   	  25.43		
-91.55   	-54.02   	106.49   	  20.35		
-93.69   	-48.22   	106.57   	  20.35		
-93.38   	-43.64   	106.65   	  15.26		
-89.42   	-39.37   	106.71   	  20.35		
-83.92   	-34.79   	106.80   	  10.17		
-79.65   	-30.82   	106.84   	  15.26		
-77.51   	-27.77   	106.90   	  10.17		
-76.90   	-25.94   	106.94   	   5.09		
-76.90   	-24.11   	106.96   	   5.09		
-76.60   	-21.67   	106.98   	  -5.09		
-76.90   	-18.31   	106.96   	   0.00		
-77.82   	-14.34   	106.96   	 -10.17		
-78.43   	 -9.77   	106.92   	 -15.26		
-77.21   	 -5.80   	106.86   	 -20.35		
-74.46   	 -3.36   	106.77   	 -25.43		
-71.72   	 -3.36   	106.67   	 -25.43		
-70.50   	 -4.88   	106.57   	 -35.61		
-70.80   	 -6.71   	106.43   	 -35.61		
-72.02   	 -7.02   	106.29   	 -35.61		
-71.72   	 -5.49   	106.14   	 -30.52		
-69.89   	 -2.44   	106.02   	 -35.61		
-67.75   	  1.22   	105.88   	 -30.52		
-66.53   	  4.27   	105.76   	 -25.43		
-68.36   	  6.41   	105.66   	 -25.43		
-72.33   	  6.10   	105.55   	 -15.26		
-76.90   	  4.58   	105.49   	 -10.17		
-80.26   	  2.44   	105.45   	  -5.09		
-80.26   	  1.53   	105.43   	   5.09		
-77.82   	  2.14   	105.45   	  10.17		
-74.77   	  2.44   	105.49   	  15.26		
-73.85   	  1.22   	105.55   	  25.43		
-76.29   	 -1.53   	105.66   	  30.52		
-80.26   	 -4.88   	105.78   	  35.61		
-82.09   	 -5.49   	105.92   	  40.69		
-79.96   	 -3.05   	106.08   	  35.61		
-75.68   	  1.53   	106.23   	  40.69		
-72.33   	  6.10   	106.39   	  40.69		
-72.02   	  8.85   	106.55   	  30.52		
-75.07   	  8.85   	106.67   	  30.52		
-79.35   	  6.41   	106.80   	  15.26		
-84.23   	  1.53   	106.86   	  15.26		
-89.42   	 -4.58   	106.92   	   0.00		
-94.60   	 -9.46   	106.92   	 -10.17		
-97.35   	-10.38   	106.88   	 -15.26		
-96.44   	 -7.63   	106.82   	 -20.35		
-93.38   	 -4.27   	106.73   	 -30.52		
-91.86   	 -4.58   	106.61   	 -25.43		
-94.91   	-10.07   	106.51   	 -25.43		
-101.01   	-18.01   	106.41   	  -5.09		
-105.59   	-24.11   	106.39   	   5.09		
-104.98   	-25.02   	106.41   	  25.43		
-99.18   	-20.75   	106.51   	  55.95		
-90.94   	-13.43   	106.73   	 147.51		
-83.62   	 -4.88   	107.32   	 320.45		
-76.90   	  3.36   	108.61   	 579.86		
-68.66   	 11.29   	110.93   	 890.13		
-57.68   	 18.92   	114.49   	1205.49		
-45.17   	 25.94   	119.31   	1475.07		
-32.65   	 32.96   	125.21   	1637.84		
-21.67   	 40.28   	131.76   	1683.61		
-12.21   	 48.22   	138.49   	1607.32		
 -3.05   	 56.15   	144.92   	1429.29		
  5.80   	 64.09   	150.64   	1180.06		
 14.34   	 71.11   	155.36   	 915.56		
 21.36   	 77.82   	159.02   	 645.98		
 26.55   	 83.92   	161.61   	 412.00		
 30.21   	 89.42   	163.25   	 223.80		
 33.26   	 94.60   	164.15   	  91.56		
 36.01   	 98.57   	164.52(S)	  -5.09		
 37.84   	101.62   	164.50   	 -55.95		
 39.37   	103.15   	164.27   	 -91.56		
 39.37   	101.32   	163.91   	-111.90		
 38.45   	 95.21   	163.46   	-127.16		
 36.01   	 86.98   	162.95   	-147.51		
 32.35   	 79.04   	162.36   	-178.03		
 27.47   	 74.46   	161.65   	-208.54		
 21.36   	 72.94   	160.81   	-254.32		
 14.34   	 72.02   	159.80   	-295.01		
  7.32   	 68.36   	158.62   	-340.79		
  1.53   	 62.26   	157.25   	-371.31		
 -1.83   	 55.85   	155.77   	-396.74		
 -2.44   	 52.80   	154.18   	-417.09		
 -1.83   	 54.02   	152.51   	-427.26		
 -1.53   	 57.07   	150.80   	-427.26		
 -1.83   	 58.90   	149.09   	-422.18		
 -3.05   	 57.98   	147.41   	-412.00		
 -3.66   	 55.24   	145.76   	-381.48		
 -4.27   	 52.19   	144.23   	-350.97		
 -5.49   	 49.74   	142.83   	-315.36		
 -8.85   	 46.39   	141.57   	-274.67		
-14.65   	 41.81   	140.47   	-239.06		
-21.36   	 36.32   	139.51   	-208.54		
-27.16   	 32.35   	138.68   	-183.11		
-31.13   	 30.82   	137.94   	-172.94		
-32.96   	 30.82   	137.25   	-162.77		
-32.96   	 30.82   	136.60   	-162.77		
-30.82   	 30.52   	135.95   	-162.77		
-26.86   	 30.21   	135.30   	-162.77		
-23.19   	 30.21   	134.65   	-162.77		
-21.36   	 30.21   	134.00   	-167.85		
-22.89   	 29.91   	133.33   	-167.85		
-26.25   	 29.30   	132.65   	-167.85		
-29.30   	 28.99   	131.98   	-167.85		
-30.82   	 29.60   	131.31   	-157.68		
-32.04   	 30.82   	130.68   	-152.59		
-34.18   	 30.52   	130.07   	-147.51		
-37.84   	 27.47   	129.48   	-137.33		
-41.81   	 21.36   	128.93   	-137.33		
-46.39   	 13.12   	128.38   	-132.25		
-51.27   	  4.88   	127.85   	-137.33		
-55.54   	 -0.31   	127.30   	-137.33		
-58.59   	 -0.31   	126.75   	-137.33		
-57.98   	  3.97   	126.20   	-152.59		
-53.10   	  9.77   	125.59   	-157.68		
-46.08   	 12.82   	124.96   	-167.85		
-40.89   	 10.99   	124.29   	-178.03		
-39.67   	  5.49   	123.58   	-188.20		
-42.72   	 -1.53   	122.83   	-188.20		
-48.22   	 -7.02   	122.07   	-193.29		
-52.80   	 -8.85   	121.30   	-183.11		
-53.71   	 -6.10   	120.57   	-183.11		
-49.74   	  0.00   	119.84   	-167.85		
-43.33   	  7.32   	119.17   	-162.77		
-37.84   	 12.51   	118.51   	-147.51		
-36.93   	 13.43   	117.92   	-132.25		
-40.59   	  9.77   	117.40   	-122.07		
-47.00   	  4.58   	116.91   	-111.90		
-52.80   	  0.31   	116.46   	-106.82		
-55.54   	 -2.44   	116.03   	 -96.64		
-55.24   	 -3.66   	115.65   	 -91.56		
-52.49   	 -3.97   	115.28   	 -86.47		
-50.05   	 -2.75   	114.93   	 -81.38		
-48.22   	  0.61   	114.61   	 -81.38		
-45.47   	  6.10   	114.28   	 -81.38		
-41.20   	 11.90   	113.96   	 -76.30		
-36.01   	 16.17   	113.65   	 -76.30		
-32.96   	 18.01   	113.35   	 -81.38		
-33.87   	 18.62   	113.02   	 -81.38		
-38.45   	 18.92   	112.70   	 -91.56		
-42.42   	 20.14   	112.33   	 -91.56		
-40.89   	 23.19   	111.96   	 -96.64		
-32.65   	 27.47   	111.58   	 -96.64		
-20.45   	 33.26   	111.19   	 -96.64		
 -9.46   	 43.33   	110.80   	 -91.56		
 -2.75   	 61.95   	110.44   	 -81.38		
  0.31   	 91.25   	110.11   	 -76.30		
  4.27   	130.31   	109.81   	 -66.12		
 10.38   	172.12   	109.54   	 -55.95		
 18.62   	207.21   	109.32   	 -55.95		
 26.55   	229.19   	109.09   	 -45.78		
 32.96   	236.82   	108.91   	 -50.86		
 38.76   	234.68   	108.71   	 -45.78		
 45.78   	229.19   	108.52   	 -55.95		
 54.63   	225.52   	108.30   	 -55.95		
 62.26   	223.69   	108.08   	 -66.12		
 63.48   	220.64   	107.81   	 -81.38		
 55.54   	212.10   	107.49   	 -86.47		
 40.89   	196.23   	107.14   	-101.73		
 26.86   	174.87   	106.73   	-116.99		
 20.45   	151.37   	106.27   	-127.16		
 23.50   	130.92   	105.76   	-142.42		
 32.04   	114.75   	105.19   	-152.59		
 38.15   	103.15   	104.58   	-167.85		
 34.18   	 93.08   	103.91   	-183.11		
 18.01   	 81.48   	103.17   	-188.20		
 -7.32   	 68.05   	102.42   	-188.20		
-34.79   	 53.71   	101.67   	-188.20		
-55.24   	 41.81   	100.92   	-172.94		
-61.95   	 35.40   	100.22   	-152.59		
-55.24   	 34.18   	 99.61   	-127.16		
-42.72   	 33.26   	 99.10   	 -91.56		
-34.18   	 27.77   	 98.74   	 -66.12		
-35.40   	 16.17   	 98.47   	 -40.69		
-44.86   	  2.14   	 98.31   	 -25.43		
-56.15   	 -8.54   	 98.21   	 -10.17		
-62.87   	-12.51   	 98.17   	  -5.09		
-63.48   	-10.07   	 98.15   	   0.00		
-60.12   	 -5.80   	 98.15   	  -5.09		
-56.46   	 -3.97   	 98.13   	   0.00		
-54.93   	 -5.80   	 98.13   	   0.00		
-56.76   	 -9.46   	 98.13   	  10.17		
-61.04   	-12.51   	 98.17   	  20.35		
-66.83   	-14.04   	 98.25   	  25.43		
-73.24   	-14.34   	 98.35   	  45.78		
-78.43   	-15.56   	 98.53   	  50.86		
-80.87   	-17.40   	 98.74   	  55.95		
-79.65   	-18.31   	 98.96   	  61.04		
-75.38   	-16.48   	 99.21   	  55.95		
-70.50   	-12.21   	 99.43   	  45.78		
-68.97   	 -8.24   	 99.61   	  35.61		
-71.72   	 -7.02   	 99.76   	  15.26		
-76.90   	 -7.63   	 99.82   	   0.00		
-79.65   	 -7.93   	 99.82   	 -20.35		
-75.68   	 -3.36   	 99.74   	 -35.61		
-64.39   	  9.16   	 99.59   	 -55.95		
-46.39   	 34.48   	 99.37   	 -71.21		
-20.75   	 78.43   	 99.08   	 -86.47		
 18.01   	144.35   	 98.74   	 -96.64		
 74.46   	228.27   	 98.35   	-106.82		
145.57   	317.99   	 97.92   	-116.99		
215.76   	397.03   	 97.46   	-127.16		
263.06   	458.37   	 96.95   	-132.25		
273.13(R)	505.07   	 96.42   	-137.33		
248.11   	532.23   	 95.87   	-142.42		
207.82   	523.99   	 95.30   	-137.33		
179.75   	464.48   	 94.75   	-127.16		
184.33   	358.89   	 94.24   	-127.16		
226.44   	247.50   	 93.73   	-106.82		
292.97   	190.12   	 93.31   	 -96.64		
359.50   	222.47   	 92.92   	 -86.47		
398.86   	327.15   	 92.57   	 -66.12		
396.12   	446.47   	 92.31   	 -55.95		
357.06   	518.19   	 92.09   	 -45.78		
303.04   	510.86   	 91.90   	 -35.61		
256.35   	433.35   	 91.76   	 -30.52		
226.75   	320.74   	 91.64   	 -30.52		
207.52   	211.18   	 91.52   	 -30.52		
186.46   	127.56   	 91.39   	 -30.52		
158.69   	 70.80   	 91.27   	 -40.69		
128.78   	 27.77   	 91.11   	 -40.69		
104.68   	-19.23   	 90.95   	 -50.86		
 90.94   	-76.90   	 90.74   	 -45.78		
 84.53   	-139.16   	 90.56   	 -35.61		
 75.68   	-194.70   	 90.42   	 -25.43		
 57.68   	-237.73   	 90.32   	  -5.09		
 29.60   	-269.17   	 90.29   	  10.17		
 -3.97   	-291.75   	 90.34   	  20.35		
-34.79   	-306.70   	 90.42   	  25.43		
-57.68   	-310.36   	 90.52   	  30.52		
-71.41   	-299.99   	 90.64   	  25.43		
-79.65   	-276.79   	 90.74   	  10.17		
-85.75   	-245.67   	 90.78   	 -15.26		
-90.03   	-210.57   	 90.72   	 -50.86		
-93.38   	-174.26   	 90.52   	 -91.56		
-95.83   	-139.16   	 90.15   	-122.07		
-97.05   	-108.95   	 89.66   	-132.25		
-96.44   	-85.75   	 89.13   	-132.25		
-93.38   	-70.19   	 88.61   	-106.82		
-90.03   	-61.65   	 88.18   	 -61.04		
-88.81   	-58.90   	 87.93(D)	   5.09		
-90.33   	-59.81   	 87.95   	  76.30		
-93.08   	-62.26   	 88.26   	 162.77		
-94.91   	-64.39   	 88.91   	 244.15		
-94.30   	-64.09   	 89.89   	 320.45		
-91.86   	-61.34   	 91.17   	 381.48		
-88.81   	-56.15   	 92.70   	 427.26		
-85.14   	-50.05   	 94.40   	 452.69		
-80.57   	-43.33   	 96.22   	 462.87		
-77.21   	-37.23   	 98.07   	 462.87		
-76.29   	-33.57   	 99.92   	 452.69		
-77.51   	-32.04   	101.73   	 437.43		
-77.51   	-30.21   	103.48   	 427.26		
-75.38   	-26.55   	105.19   	 417.09		
-71.72   	-21.67   	106.86   	 406.92		
-69.27   	-18.31   	108.48   	 412.00		
-69.27   	-17.40   	110.13   	 422.18		
-70.80   	-18.31   	111.82   	 442.52		
-71.72   	-18.92   	113.59   	 447.61		
-71.72   	-18.62   	115.38   	 457.78		
-71.72   	-19.23   	117.21   	 447.61		
-72.33   	-21.67   	119.00   	 432.35		
-72.94   	-24.11   	120.73   	 422.18		
-71.72   	-24.41   	122.42   	 406.92		
-68.66   	-21.06   	124.05   	 401.83		
-65.61   	-16.17   	125.66   	 412.00		
-63.78   	-11.90   	127.30   	 422.18		
-64.09   	 -9.46   	128.99   	 452.69		
-65.61   	 -8.54   	130.80   	 483.21		
-67.44   	 -8.85   	132.74   	 503.56		
-69.58   	-10.68   	134.75   	 503.56		
-72.02   	-14.34   	136.76   	 488.30		
-73.85   	-18.31   	138.72   	 457.78		
-73.55   	-19.53   	140.55   	 417.09		
-70.50   	-18.01   	142.22   	 381.48		
-67.44   	-15.56   	143.74   	 356.05		
-66.53   	-15.87   	145.17   	 345.88		
-70.50   	-21.06   	146.55   	 340.79		
-78.13   	-28.08   	147.91   	 340.79		
-86.67   	-34.18   	149.28   	 345.88		
-91.86   	-36.01   	150.66   	 340.79		
-92.47   	-34.48   	152.02   	 335.71		
-89.72   	-32.65   	153.37   	 320.45		
-86.36   	-31.13   	154.65   	 310.27		
-84.84   	-30.21   	155.89   	 295.01		
-85.75   	-29.91   	157.07   	 279.75		
-87.89   	-30.82   	158.19   	 269.58		
-90.33   	-33.57   	159.27   	 269.58		
-91.25   	-38.76   	160.35   	 269.58		
-91.25   	-43.64   	161.42   	 264.50		
-90.94   	-47.30   	162.48   	 259.41		
-90.64   	-48.22   	163.52   	 239.06		
-88.50   	-46.39   	164.48   	 208.54		
-83.01   	-42.72   	165.31   	 183.11		
-73.85   	-37.54   	166.04   	 157.68		
-61.65   	-31.43   	166.67   	 132.25		
-50.66   	-25.63   	167.20   	 111.90		
-43.33   	-21.36   	167.65   	  91.56		
-40.28   	-18.01   	168.02   	  76.30		
-38.15   	-14.34   	168.32   	  45.78		
-32.35   	 -7.32   	168.50   	  20.35		
-21.36   	  4.27   	168.59(S)	 -10.17		
 -6.71   	 20.14   	168.54   	 -40.69		
  7.93   	 37.54   	168.38   	 -61.04		
 19.23   	 53.71   	168.14   	 -86.47		
 26.25   	 65.61   	167.79   	 -96.64		
 31.43   	 73.55   	167.41   	-116.99		
 35.71   	 77.51   	166.94   	-127.16		
 39.06   	 80.26   	166.43   	-147.51		
 40.59   	 82.40   	165.84   	-162.77		
 40.59   	 83.31   	165.19   	-198.37		
 39.98   	 82.40   	164.39   	-244.15		
 40.28   	 79.65   	163.42   	-305.19		
 40.89   	 75.68   	162.20   	-366.22		
 39.98   	 71.41   	160.73   	-417.09		
 35.40   	 68.66   	159.06   	-432.35		
 27.77   	 68.05   	157.33   	-417.09		
 19.84   	 69.89   	155.67   	-371.31		
 14.65   	 72.63   	154.18   	-310.27		
 13.73   	 75.07   	152.94   	-244.15		
 16.17   	 74.46   	151.96   	-188.20		
 19.23   	 71.11   	151.21   	-152.59		
 19.23   	 65.31   	150.60   	-152.59		
 15.26   	 57.07   	149.99   	-172.94		
  7.93   	 48.22   	149.30   	-213.63		
  0.31   	 40.89   	148.44   	-254.32		
 -4.58   	 39.06   	147.43   	-295.01		
 -6.10   	 43.95   	146.25   	-320.45		
 -6.10   	 51.57   	144.96   	-335.71		
 -7.02   	 55.24   	143.62   	-330.62		
 -9.77   	 50.66   	142.30   	-320.45		
-14.65   	 38.76   	141.02   	-305.19		
-21.06   	 26.25   	139.80   	-284.84		
-27.47   	 19.23   	138.66   	-259.41		
-31.43   	 19.53   	137.62   	-233.98		
-31.74   	 25.02   	136.68   	-213.63		
-27.16   	 32.65   	135.83   	-193.29		
-20.14   	 39.37   	135.06   	-178.03		
-14.34   	 42.11   	134.34   	-167.85		
-14.04   	 38.45   	133.67   	-172.94		
-18.92   	 30.21   	132.98   	-183.11		
-25.63   	 22.89   	132.25   	-188.20		
-30.82   	 22.58   	131.49   	-208.54		
-32.04   	 29.60   	130.66   	-213.63		
-29.60   	 38.76   	129.81   	-218.72		
-26.25   	 41.50   	128.93   	-213.63		
-25.02   	 36.01   	128.08   	-208.54		
-27.16   	 26.86   	127.24   	-198.37		
-30.82   	 22.28   	126.45   	-183.11		
-34.18   	 25.02   	125.72   	-172.94		
-35.71   	 29.91   	125.02   	-157.68		
-36.01   	 29.30   	124.39   	-142.42		
-36.93   	 19.53   	123.82   	-142.42		
-38.76   	  5.19   	123.25   	-132.25		
-39.98   	 -3.66   	122.73   	-132.25		
-38.45   	  0.00   	122.20   	-132.25		
-34.48   	 14.34   	121.67   	-132.25		
-29.91   	 30.21   	121.14   	-142.42		
-27.16   	 36.93   	120.57   	-142.42		
-25.94   	 31.74   	120.00   	-152.59		
-26.25   	 19.84   	119.39   	-157.68		
-28.38   	 10.68   	118.76   	-162.77		
-32.65   	  9.77   	118.11   	-167.85		
-39.37   	 16.17   	117.44   	-162.77		
-47.00   	 24.11   	116.78   	-167.85		
-51.57   	 26.86   	116.11   	-162.77		
-49.74   	 22.58   	115.46   	-162.77		
-43.03   	 13.73   	114.81   	-162.77		
-35.10   	  6.10   	114.16   	-157.68		
-30.82   	  4.27   	113.53   	-157.68		
-30.82   	  9.16   	112.90   	-152.59		
-34.79   	 15.87   	112.29   	-147.51		
-40.89   	 18.92   	111.70   	-137.33		
-46.08   	 16.78   	111.15   	-122.07		
-49.13   	 12.51   	110.66   	-116.99		
-49.13   	 11.29   	110.19   	-101.73		
-45.17   	 14.65   	109.79   	-101.73		
-38.15   	 21.36   	109.38   	 -91.56		
-30.21   	 28.38   	109.01   	 -96.64		
-22.28   	 36.62   	108.63   	 -96.64		
-14.65   	 50.05   	108.24   	-101.73		
 -5.80   	 72.94   	107.83   	-101.73		
  4.58   	106.51   	107.43   	-106.82		
 14.65   	146.79   	107.00   	-106.82		
 22.58   	185.85   	106.57   	 -91.56		
 25.33   	214.54   	106.21   	 -76.30		
 23.80   	228.27   	105.90   	 -61.04		
 21.06   	227.36   	105.66   	 -35.61		
 23.19   	216.98   	105.51   	 -25.43		
 33.26   	204.16   	105.41   	 -20.35		
 49.13   	195.01   	105.33   	 -20.35		
 64.09   	191.65   	105.25   	 -30.52		
 69.27   	193.79   	105.13   	 -45.78		
 61.95   	198.36   	104.94   	 -61.04		
 46.08   	200.20   	104.70   	 -81.38		
 30.82   	194.70   	104.37   	 -86.47		
 24.72   	179.44   	104.03   	 -86.47		
 29.60   	158.08   	103.68   	 -91.56		
 41.20   	136.11   	103.32   	 -86.47		
 49.44   	118.41   	102.97   	 -91.56		
 44.25   	105.29   	102.60   	 -91.56		
 21.97   	 92.77   	102.24   	 -91.56		
-12.51   	 75.68   	101.87   	 -86.47		
-48.52   	 53.71   	101.53   	 -81.38		
-72.63   	 33.57   	101.20   	 -66.12		
-78.13   	 21.97   	100.94   	 -61.04		
-68.05   	 20.14   	100.69   	 -55.95		
-51.57   	 22.58   	100.47   	 -55.95		
-39.37   	 21.06   	100.24   	 -61.04		
-35.10   	 11.90   	100.00   	 -66.12		
-37.23   	 -0.92   	 99.74   	 -71.21		
-40.28   	 -9.77   	 99.45   	 -81.38		
-42.42   	-10.38   	 99.12   	 -81.38		
-43.95   	 -6.10   	 98.80   	 -81.38		
-47.91   	 -2.14   	 98.47   	 -91.56		
-54.32   	 -3.36   	 98.11   	 -96.64		
-61.95   	-10.07   	 97.72   	 -96.64		
-66.83   	-20.45   	 97.33   	-106.82		
-66.83   	-30.52   	 96.91   	 -96.64		
-61.65   	-35.40   	 96.52   	 -91.56		
-54.32   	-32.96   	 96.15   	 -76.30		
-49.13   	-22.89   	 95.85   	 -61.04		
-49.13   	-10.68   	 95.60   	 -50.86		
-54.32   	 -4.27   	 95.40   	 -30.52		
-61.65   	 -7.63   	 95.28   	 -20.35		
-66.83   	-18.62   	 95.20   	 -10.17		
-68.05   	-31.13   	 95.16   	   5.09		
-65.92   	-37.54   	 95.18   	  10.17		
-61.65   	-34.48   	 95.22   	  15.26		
-56.76   	-23.50   	 95.28   	   0.00		
-51.27   	-10.07   	 95.28   	 -15.26		
-43.64   	  2.75   	 95.22   	 -40.69		
-31.13   	 17.40   	 95.06   	 -61.04		
 -9.16   	 42.72   	 94.81   	 -81.38		
 28.38   	 89.42   	 94.49   	 -91.56		
 86.06   	160.22   	 94.12   	 -91.56		
160.52   	247.19   	 93.75   	 -86.47		
238.65   	334.78   	 93.41   	 -81.38		
298.46   	411.38   	 93.08   	 -76.30		
321.66(R)	477.60   	 92.78   	 -76.30		
303.34   	536.80   	 92.47   	 -76.30		
254.21   	579.83   	 92.17   	 -91.56		
197.45   	586.85   	 91.80   	 -96.64		
158.08   	545.04   	 91.41   	-106.82		
154.42   	470.58   	 90.99   	-122.07		
188.29   	410.77   	 90.50   	-132.25		
245.67   	415.95   	 89.97   	-127.16		
302.73   	496.83   	 89.46   	-122.07		
335.39   	612.79   	 88.97   	 -96.64		
333.86   	700.38   	 88.59   	 -66.12		
306.70   	711.36   	 88.32   	 -30.52		
272.83   	639.95   	 88.20   	   0.00		
248.41   	517.58   	 88.20   	  35.61		
234.99   	387.88   	 88.34   	  50.86		
224.00   	282.59   	 88.54   	  66.12		
207.52   	210.88   	 88.81   	  71.21		
184.63   	165.10   	 89.09   	  61.04		
160.52   	130.00   	 89.34   	  55.95		
142.52   	 92.47   	 89.56   	  30.52		
133.36   	 47.61   	 89.68   	  20.35		
130.92   	 -3.05   	 89.77   	 -10.17		
132.45   	-58.29   	 89.72   	 -25.43		
134.58   	-119.93   	 89.62   	 -50.86		
133.67   	-186.46   	 89.42   	 -66.12		
124.82   	-248.72   	 89.16   	 -86.47		
105.29   	-290.83   	 88.81   	-101.73		
 74.16   	-301.51   	 88.40   	-111.90		
 34.79   	-284.73   	 87.95   	-122.07		
 -7.63   	-257.57   	 87.47   	-127.16		
-48.22   	-236.51   	 86.96   	-137.33		
-82.40   	-226.14   	 86.41   	-142.42		
-107.42   	-217.29   	 85.84   	-147.51		
-122.38   	-199.28   	 85.25   	-147.51		
-126.95   	-171.81   	 84.66   	-147.51		
-122.68   	-143.74   	 84.07   	-137.33		
-112.61   	-123.90   	 83.52   	-122.07		
-102.54   	-115.05   	 83.03   	-101.73		
-96.13   	-113.53   	 82.62   	 -76.30		
-94.91   	-114.44   	 82.32   	 -30.52		
-96.74   	-114.75   	 82.20   	  15.26		
-98.57   	-114.75   	 82.26   	  91.56		
-99.49   	-115.05   	 82.62   	 183.11		
-99.79   	-115.36   	 83.36   	 284.84		
-101.01   	-114.44   	 84.50   	 396.74		
-101.62   	-110.17   	 86.08   	 498.47		
-99.49   	-102.54   	 88.08   	 584.94		
-93.69   	-93.38   	 90.42   	 645.98		
-85.75   	-85.75   	 93.00   	 666.32		
-79.35   	-83.01   	 95.67   	 656.15		
-76.60   	-85.14   	 98.29   	 625.63		
-77.21   	-88.50   	100.79   	 574.77		
-78.74   	-90.33   	103.09   	 528.99		
-79.04   	-89.72   	105.21   	 493.39		
-77.82   	-87.59   	107.18   	 478.13		
-76.29   	-85.75   	109.09   	 467.95		
-75.38   	-84.23   	110.97   	 483.21		
-75.07   	-83.31   	112.90   	 508.65		
-75.68   	-83.31   	114.93   	 528.99		
-76.90   	-84.53   	117.05   	 559.51		
-78.74   	-85.75   	119.29   	 584.94		
-80.57   	-84.84   	121.63   	 600.20		
-79.96   	-80.57   	124.03   	 620.55		
-75.07   	-72.94   	126.51   	 625.63		
-67.44   	-64.39   	129.01   	 610.37		
-61.04   	-58.59   	131.45   	 559.51		
-59.81   	-56.76   	133.69   	 483.21		
-63.48   	-59.51   	135.63   	 376.40		
-68.97   	-64.09   	137.13   	 274.67		
-72.02   	-67.75   	138.23   	 188.20		
-71.11   	-68.97   	138.98   	 137.33		
-67.44   	-67.14   	139.53   	 127.16		
-63.78   	-62.56   	140.04   	 147.51		
-62.87   	-57.68   	140.63   	 188.20		
-64.70   	-55.54   	141.38   	 233.98		
-68.66   	-57.68   	142.32   	 269.58		
-72.94   	-63.17   	143.40   	 279.75		
-75.68   	-68.05   	144.52   	 284.84		
-75.68   	-68.97   	145.66   	 274.67		
-72.94   	-65.92   	146.75   	 264.50		
-70.50   	-62.26   	147.81   	 269.58		
-71.11   	-62.56   	148.89   	 264.50		
-75.99   	-66.53   	149.95   	 264.50		
-81.48   	-70.80   	151.01   	 259.41		
-83.62   	-70.80   	152.04   	 239.06		
-79.35   	-66.22   	153.00   	 218.72		
-70.80   	-60.73   	153.88   	 183.11		
-62.87   	-57.98   	154.61   	 132.25		
-60.42   	-59.81   	155.14   	  96.64		
-62.87   	-62.87   	155.52   	  55.95		
-66.53   	-63.17   	155.75   	  35.61		
-66.53   	-59.51   	155.89   	  25.43		
-61.04   	-53.71   	155.99   	  30.52		
-50.66   	-48.22   	156.11   	  45.78		
-39.06   	-43.03   	156.30   	  66.12		
-27.77   	-37.23   	156.56   	  91.56		
-17.40   	-29.30   	156.93   	 106.82		
 -7.63   	-19.84   	157.35   	 116.99		
  1.83   	-11.29   	157.82   	 127.16		
 11.29   	 -4.58   	158.33   	 127.16		
 20.14   	  1.22   	158.84   	 127.16		
 27.77   	  7.63   	159.35   	 127.16		
 33.57   	 15.26   	159.86   	 116.99		
 36.01   	 23.50   	160.32   	  96.64		
 35.71   	 30.21   	160.71   	  81.38		
 34.79   	 36.01   	161.04   	  50.86		
 36.01   	 40.89   	161.24   	  15.26		
 41.81   	 46.69   	161.30(S)	 -25.43		
 49.44   	 53.41   	161.20   	 -66.12		
 53.41   	 58.59   	160.94   	-111.90		
 50.96   	 59.51   	160.49   	-157.68		
 44.25   	 56.76   	159.86   	-198.37		
 37.84   	 52.49   	159.06   	-233.98		
 35.40   	 49.74   	158.13   	-264.50		
 36.32   	 49.74   	157.07   	-289.93		
 36.62   	 50.66   	155.91   	-300.10		
 34.48   	 49.44   	154.71   	-310.27		
 29.60   	 45.78   	153.47   	-315.36		
 24.72   	 40.59   	152.21   	-320.45		
 22.28   	 36.32   	150.93   	-325.53		
 21.97   	 35.10   	149.62   	-335.71		
 21.67   	 36.32   	148.28   	-350.97		
 19.23   	 38.45   	146.88   	-356.05		
 13.43   	 39.37   	145.45   	-356.05		
  6.10   	 38.15   	144.03   	-356.05		
 -0.31   	 35.40   	142.60   	-340.79		
 -3.97   	 32.35   	141.24   	-320.45		
 -5.19   	 31.13   	139.96   	-305.19		
 -4.88   	 32.04   	138.74   	-284.84		
 -4.58   	 34.48   	137.60   	-274.67		
 -4.88   	 35.71   	136.50   	-264.50		
 -6.41   	 33.57   	135.44   	-259.41		
 -9.16   	 27.77   	134.40   	-254.32		
-11.90   	 21.06   	133.39   	-223.80		
-13.12   	 16.78   	132.49   	-188.20		
-11.90   	 17.70   	131.74   	-162.77		
 -8.85   	 22.58   	131.09   	-167.85		
 -6.10   	 29.30   	130.42   	-193.29		
 -5.19   	 33.87   	129.64   	-244.15		
 -6.41   	 35.71   	128.67   	-279.75		
 -7.32   	 34.79   	127.55   	-300.10		
 -8.24   	 32.65   	126.35   	-295.01		
 -9.46   	 30.82   	125.17   	-264.50		
-11.29   	 30.21   	124.11   	-208.54		
-12.82   	 31.13   	123.28   	-152.59		
-12.51   	 31.74   	122.66   	 -96.64		
-10.68   	 31.13   	122.28   	 -61.04		
 -9.16   	 28.69   	122.03   	 -40.69		
 -9.46   	 24.72   	121.87   	 -66.12		
-11.90   	 20.45   	121.61   	-106.82		
-16.78   	 16.78   	121.18   	-172.94		
-21.67   	 14.04   	120.49   	-233.98		
-25.94   	 11.60   	119.55   	-284.84		
-27.47   	  8.54   	118.41   	-305.19		
-27.16   	  5.19   	117.19   	-289.93		
-25.94   	  1.83   	116.03   	-239.06		
-26.25   	 -0.92   	115.08   	-167.85		
-28.08   	 -0.92   	114.40   	 -76.30		
-30.21   	  1.22   	114.10   	  10.17		
-29.91   	  5.19   	114.14   	  71.21		
-26.86   	  9.16   	114.42   	 101.73		
-21.97   	 11.60   	114.83   	 101.73		
-18.62   	 12.21   	115.24   	  71.21		
-18.62   	 10.68   	115.52   	  15.26		
-22.28   	  7.32   	115.58   	 -45.78		
-27.77   	  3.05   	115.40   	-106.82		
-32.35   	 -0.61   	114.97   	-152.59		
-33.57   	 -0.92   	114.36   	-193.29		
-31.43   	  2.44   	113.59   	-208.54		
-27.47   	  6.71   	112.76   	-218.72		
-22.89   	  8.54   	111.88   	-213.63		
-19.84   	  7.32   	111.03   	-203.46		
-18.92   	  3.05   	110.21   	-188.20		
-19.84   	 -1.83   	109.46   	-167.85		
-22.28   	 -5.49   	108.79   	-147.51		
-24.72   	 -6.71   	108.20   	-122.07		
-25.33   	 -4.27   	107.71   	-106.82		
-23.50   	  2.75   	107.28   	 -96.64		
-20.75   	 13.12   	106.90   	 -91.56		
-17.40   	 25.33   	106.53   	-101.73		
-12.82   	 39.06   	106.12   	-122.07		
 -5.80   	 56.46   	105.64   	-147.51		
  4.27   	 79.96   	105.05   	-172.94		
 13.73   	110.17   	104.35   	-193.29		
 19.53   	143.43   	103.58   	-208.54		
 21.36   	173.65   	102.75   	-208.54		
 21.06   	195.31   	101.91   	-193.29		
 23.80   	206.91   	101.14   	-172.94		
 31.74   	209.96   	100.45   	-147.51		
 44.86   	207.21   	 99.86   	-111.90		
 59.51   	202.03   	 99.41   	 -76.30		
 69.89   	196.23   	 99.10   	 -55.95		
 72.02   	189.51   	 98.88   	 -40.69		
 64.39   	180.05   	 98.72   	 -35.61		
 50.66   	165.41   	 98.58   	 -45.78		
 37.23   	144.96   	 98.39   	 -66.12		
 29.91   	122.07   	 98.13   	 -91.56		
 30.82   	102.54   	 97.76   	-116.99		
 36.62   	 90.64   	 97.29   	-132.25		
 40.28   	 84.84   	 96.76   	-142.42		
 36.01   	 78.74   	 96.19   	-127.16		
 21.06   	 65.00   	 95.69   	 -96.64		
 -4.58   	 42.72   	 95.30   	 -55.95		
-33.57   	 17.40   	 95.08   	 -15.26		
-56.46   	 -2.75   	 95.01   	  25.43		
-65.00   	-12.21   	 95.12   	  50.86		
-58.29   	-12.51   	 95.32   	  50.86		
-42.72   	 -9.77   	 95.52   	  45.78		
-30.52   	-11.29   	 95.71   	  20.35		
-28.08   	-19.23   	 95.79   	 -15.26		
-33.26   	-29.30   	 95.73   	 -55.95		
-39.37   	-36.93   	 95.50   	-106.82		
-41.81   	-39.67   	 95.08   	-152.59		
-41.20   	-39.98   	 94.47   	-198.37		
-41.50   	-41.50   	 93.67   	-239.06		
-45.78   	-46.69   	 92.72   	-259.41		
-52.49   	-54.63   	 91.68   	-259.41		
-57.07   	-61.65   	 90.64   	-239.06		
-57.07   	-64.39   	 89.68   	-188.20		
-54.02   	-61.95   	 88.93   	-122.07		
-50.66   	-57.07   	 88.44   	 -45.78		
-49.13   	-52.19   	 88.26   	  15.26		
-50.35   	-50.35   	 88.32   	  61.04		
-52.49   	-50.96   	 88.57   	  71.21		
-53.41   	-51.88   	 88.85   	  61.04		
-51.88   	-51.57   	 89.09   	  61.04		
-48.52   	-50.05   	 89.34   	  50.86		
-45.47   	-48.52   	 89.54   	  20.35		
-44.86   	-48.83   	 89.62   	-147.51		
-46.69   	-50.35   	 89.03   	-523.90		
-49.74   	-51.57   	 86.94   	-1129.19		
-50.66   	-49.13   	 82.42   	-1907.42		
-45.17   	-38.76   	 74.79   	-2756.86		
-28.69   	-12.21   	 63.76   	-3575.77		
  3.97   	 38.15   	 49.46   	-4292.96		
 57.07   	114.44   	 32.29   	-4832.13		
128.17   	209.35   	 12.96   	-5157.66		
203.25   	305.79   	 -7.67   	-5203.44		
260.31   	387.27   	-28.48   	-4964.38		
280.76(R)	450.44   	-48.34   	-4409.95		
261.84   	497.13   	-65.98   	-3545.26		
218.81   	518.19   	-80.16   	-2375.37		
176.09   	494.08   	-89.66   	-981.68		
155.03   	412.60   	-93.59   	 488.30		
165.71   	290.22   	-91.64   	1841.29		
205.69   	181.88   	-84.27   	2863.67		
260.93   	147.09   	-72.82   	3372.32		
310.67   	204.77   	-59.33   	3260.41		
334.47   	317.99   	-46.29   	2553.40		
321.35   	419.31   	-36.07   	1449.64		
279.85   	455.32   	-30.27   	 198.37		
231.93   	415.34   	-29.48   	-915.56		
197.45   	325.01   	-33.14   	-1668.36		
179.14   	223.39   	-39.82   	-1917.59		
165.41   	138.24   	-47.49   	-1688.70		
142.52   	 77.82   	-54.24   	-1078.33		
107.12   	 33.87   	-58.56   	-264.50		
 68.36   	 -7.63   	-59.61   	 666.32		
 39.98   	-58.29   	-56.95   	1592.06		
 25.94   	-118.41   	-50.58   	2461.84		
 21.06   	-180.97   	-40.73   	3234.98		
 15.26   	-237.73   	-27.79   	3870.79		
  2.75   	-286.56   	-12.31   	4384.52		
-16.17   	-328.06   	  5.23   	4781.26		
-35.10   	-361.94   	 24.35   	5122.06		
-49.44   	-381.47   	 44.84   	5544.23		
-58.59   	-379.94   	 67.02   	6174.95		
-65.31   	-357.67   	 91.72   	6993.87		
-72.33   	-323.79   	119.69   	7873.82		
-78.43   	-290.22   	151.19   	8631.71		
-82.70   	-261.84   	185.72   	9114.92		
-84.84   	-235.60   	222.18   	9135.26		
-87.59   	-208.13   	258.72   	8463.85		
-92.47   	-181.27   	292.57   	7009.13		
-98.57   	-160.83   	320.61   	4893.16		
-102.23   	-150.76   	340.18   	2365.20		
-101.62   	-148.93   	349.64   	-259.41		
-96.44   	-148.01   	348.60   	-2700.90		
-89.72   	-142.52   	337.80   	-4725.31		
-84.23   	-131.84   	318.90   	-6180.04		
-80.87   	-120.24   	294.18   	-7019.30		
-79.35   	-110.47   	266.10   	-7248.19		
-78.43   	-103.45   	237.11   	-6937.92		
-76.90   	-98.57   	209.36   	-6215.64		
-75.38   	-95.52   	184.50   	-5213.61		
-73.85   	-93.99   	163.64   	-4099.68		
-72.02   	-93.69   	147.24   	-3036.61		
-69.89   	-93.69   	135.10   	-2131.22		
-67.44   	-92.77   	126.57   	-1444.55		
-65.61   	-91.55   	120.79   	-1002.03		
-65.31   	-90.64   	116.78   	-762.97		
-66.53   	-91.25   	113.73   	-681.58		
-67.44   	-92.77   	111.01   	-701.93		
-65.31   	-92.47   	108.20   	-752.79		
-60.12   	-88.50   	105.19   	-798.57		
-55.24   	-81.18   	101.99   	-788.40		
-53.71   	-74.16   	 98.84   	-722.28		
-57.07   	-69.89   	 95.95   	-590.03		
-62.87   	-70.50   	 93.59   	-391.66		
-67.44   	-73.24   	 92.02   	-157.68		
-69.58   	-76.60   	 91.39   	 116.99		
-70.19   	-78.74   	 91.86   	 391.66		
-71.41   	-79.96   	 93.43   	 651.07		
-73.55   	-80.57   	 96.03   	 869.78		
-74.16   	-79.04   	 99.51   	1027.46		
-71.72   	-73.55   	103.62   	1124.11		
-66.53   	-65.31   	108.12   	1159.71		
-61.95   	-57.98   	112.76   	1139.36		
-61.04   	-54.63   	117.31   	1088.50		
-64.09   	-55.85   	121.67   	1012.20		
-67.44   	-58.59   	125.72   	 940.99		
-67.75   	-60.12   	129.48   	 879.96		
-64.70   	-60.42   	133.00   	 859.61		
-61.04   	-61.34   	136.44   	 879.96		
-60.42   	-64.09   	139.96   	 935.91		
-64.09   	-66.53   	143.70   	1032.55		
-69.89   	-67.44   	147.83   	1139.36		
-73.85   	-66.83   	152.39   	1230.92		
-74.16   	-67.14   	157.31   	1281.79		
-72.33   	-70.80   	162.44   	1271.61		
-71.72   	-76.90   	167.53   	1190.23		
-74.16   	-81.79   	172.29   	1047.81		
-77.51   	-82.70   	176.48   	 859.61		
-78.74   	-79.96   	179.92   	 651.07		
-76.90   	-77.21   	182.52   	 447.61		
-72.94   	-76.90   	184.31   	 254.32		
-68.66   	-79.65   	185.33   	  81.38		
-65.00   	-82.70   	185.66   	 -50.86		
-61.65   	-83.62   	185.45   	-157.68		
-57.37   	-81.18   	184.82   	-228.89		
-52.80   	-75.99   	183.91   	-274.67		
-48.83   	-69.58   	182.81   	-295.01		
-45.17   	-62.87   	181.63   	-305.19		
-39.67   	-56.76   	180.41   	-300.10		
-31.74   	-50.05   	179.21   	-300.10		
-21.06   	-43.03   	178.01   	-305.19		
 -7.32   	-33.57   	176.78   	-320.45		
  7.93   	-21.06   	175.50   	-350.97		
 23.50   	 -6.10   	174.10   	-396.74		
 38.15   	  8.54   	172.51   	-432.35		
 49.44   	 19.84   	170.78   	-473.04		
 56.15   	 25.94   	168.89   	-503.56		
 59.20   	 28.99   	166.88   	-518.82		
 61.65   	 32.04   	164.80   	-518.82		
 64.09   	 37.84   	162.73   	-498.47		
 65.92   	 45.17   	160.73   	-457.78		
 64.70   	 51.57   	158.90   	-412.00		
 61.95   	 54.63   	157.25   	-350.97		
 61.04   	 56.46   	155.85   	-289.93		
 64.09   	 58.90   	154.69   	-223.80		
 68.97   	 63.48   	153.79   	-162.77		
 72.33   	 70.50   	153.14   	-111.90		
 72.94   	 81.18   	152.70   	 -81.38		
 73.85   	 97.66   	152.37   	 -66.12		
 77.82   	120.24   	152.11   	 -71.21		
 83.92   	143.43   	151.82   	 -86.47		
 86.98   	158.39   	151.47   	-122.07		
 83.31   	158.08   	150.99   	-142.42		
 74.46   	144.65   	150.42   	-178.03		
 66.53   	126.34   	149.70   	-193.29		
 60.73   	110.47   	148.93   	-208.54		
 55.54   	 99.79   	148.10   	-218.72		
 49.13   	 92.77   	147.22   	-208.54		
 40.59   	 86.36   	146.39   	-198.37		
 32.96   	 80.26   	145.59   	-167.85		
 29.30   	 75.38   	144.92   	-137.33		
 29.30   	 72.33   	144.37   	-106.82		
 31.43   	 70.19   	143.95   	 -91.56		
 33.57   	 68.05   	143.58   	-111.90		
 34.48   	 65.00   	143.13   	-157.68		
 33.26   	 62.26   	142.50   	-233.98		
 29.60   	 60.12   	141.57   	-325.53		
 23.80   	 59.20   	140.26   	-417.09		
 17.09   	 58.29   	138.60   	-478.13		
 12.51   	 54.93   	136.68   	-518.82		
  9.77   	 48.52   	134.61   	-518.82		
  8.54   	 39.98   	132.53   	-483.21		
  6.41   	 32.04   	130.60   	-432.35		
  2.44   	 26.55   	128.87   	-356.05		
 -3.36   	 23.80   	127.45   	-289.93		
 -9.46   	 21.97   	126.29   	-239.06		
-13.43   	 20.14   	125.33   	-203.46		
-13.12   	 18.92   	124.52   	-172.94		
 -7.93   	 19.84   	123.82   	-157.68		
  0.31   	 22.58   	123.19   	-132.25		
  7.32   	 24.72   	122.66   	 -76.30		
  8.54   	 24.72   	122.36   	  40.69		
  3.36   	 22.28   	122.52   	 188.20		
 -3.36   	 20.14   	123.28   	 325.53		
 -7.32   	 20.14   	124.58   	 437.43		
 -6.71   	 21.97   	126.33   	 503.56		
 -3.36   	 22.58   	128.34   	 528.99		
 -1.22   	 18.92   	130.46   	 534.08		
 -2.14   	 11.60   	132.59   	 518.82		
 -5.19   	  3.05   	134.67   	 488.30		
 -9.46   	 -3.36   	136.62   	 391.66		
-14.34   	 -6.10   	138.19   	 198.37		
-19.23   	 -6.71   	138.98   	-111.90		
-23.19   	 -7.63   	138.53   	-493.39		
-26.25   	-10.07   	136.56   	-895.22		
-28.38   	-14.34   	132.98   	-1291.96		
-28.99   	-18.92   	127.81   	-1632.75		
-28.69   	-21.06   	121.28   	-1912.51		
-27.47   	-20.75   	113.63   	-2085.44		
-25.94   	-19.53   	105.29   	-2126.14		
-25.63   	-19.84   	 96.78   	-2024.41		
-26.55   	-20.75   	 88.69   	-1770.08		
-28.08   	-22.28   	 81.61   	-1393.69		
-28.38   	-22.58   	 76.03   	-930.82		
-26.25   	-21.06   	 72.31   	-452.69		
-23.19   	-18.62   	 70.50   	 -35.61		
-20.14   	-17.40   	 70.36   	 254.32		
-18.62   	-17.40   	 71.37   	 391.66		
-18.31   	-18.01   	 72.94   	 381.48		
-19.53   	-17.70   	 74.47   	 239.06		
-21.36   	-15.87   	 75.42   	  15.26		
-22.28   	-10.68   	 75.48   	-233.98		
-20.14   	 -0.31   	 74.55   	-473.04		
-13.43   	 17.09   	 72.65   	-651.07		
 -3.05   	 43.03   	 70.05   	-768.05		
  7.32   	 76.29   	 66.98   	-803.66		
 14.04   	112.00   	 63.76   	-757.88		
 16.78   	143.43   	 60.73   	-651.07		
 18.31   	165.41   	 58.13   	-513.73		
 21.97   	175.78   	 56.07   	-350.97		
 29.60   	177.92   	 54.67   	-203.46		
 41.20   	175.17   	 53.86   	 -81.38		
 54.02   	171.20   	 53.53   	  20.35		
 65.61   	168.46   	 53.61   	 106.82		
 71.72   	167.54   	 54.04   	 172.94		
 68.97   	166.63   	 54.73   	 223.80		
 57.07   	162.66   	 55.63   	 259.41		
 41.20   	150.76   	 56.66   	 284.84		
 29.60   	129.70   	 57.80   	 305.19		
 29.30   	104.68   	 59.02   	 335.71		
 39.06   	 82.09   	 60.37   	 330.62		
 50.66   	 66.53   	 61.69   	 300.10		
 53.71   	 55.24   	 62.89   	 239.06		
 40.59   	 42.11   	 63.85   	 152.59		
 11.90   	 22.89   	 64.46   	  86.47		
-23.80   	 -0.61   	 64.80   	  40.69		
-54.32   	-21.06   	 64.96   	  30.52		
-68.66   	-32.04   	 65.09   	  66.12		
-64.09   	-33.57   	 65.35   	 137.33		
-48.52   	-30.21   	 65.90   	 233.98		
-34.48   	-29.91   	 66.84   	 330.62		
-31.74   	-37.84   	 68.16   	 386.57		
-41.50   	-52.49   	 69.70   	 396.74		
-56.46   	-68.36   	 71.29   	 361.14		
-67.44   	-79.96   	 72.74   	 295.01		
-71.41   	-85.75   	 73.92   	 239.06		
-70.19   	-88.20   	 74.87   	 183.11		
-68.36   	-90.33   	 75.60   	 147.51		
-68.97   	-93.69   	 76.20   	 127.16		
-71.11   	-96.74   	 76.70   	 106.82		
-74.16   	-99.18   	 77.13   	 101.73		
-76.90   	-101.62   	 77.54   	  86.47		
-79.65   	-104.68   	 77.88   	  45.78		
-80.87   	-106.81   	 78.07   	   0.00		
-79.65   	-105.29   	 78.07   	 -61.04		
-75.07   	-100.10   	 77.82   	-122.07		
-69.89   	-93.38   	 77.33   	-167.85		
-66.83   	-90.03   	 76.66   	-178.03		
-66.53   	-90.94   	 75.95   	-152.59		
-67.14   	-93.08   	 75.34   	 -76.30		
-65.92   	-92.16   	 75.04   	  50.86		
-64.09   	-87.59   	 75.24   	 111.90		
-63.78   	-82.70   	 75.69   	 101.73		
-65.61   	-79.96   	 76.09   	  -5.09		
-63.78   	-73.55   	 76.07   	-142.42		
-49.74   	-50.96   	 75.50   	-284.84		
-15.87   	  0.00   	 74.36   	-412.00		
 39.06   	 80.26   	 72.72   	-508.65		
108.64   	177.92   	 70.68   	-549.34		
180.66   	273.13   	 68.48   	-508.65		
239.26   	348.82   	 66.45   	-381.48		
270.39(R)	403.75   	 64.92   	-142.42		
268.25   	447.39   	 64.35   	 178.03		
239.87   	477.29   	 65.07   	 534.08		
203.55   	474.85   	 67.20   	 854.52		
179.44   	420.23   	 70.62   	1088.50		
183.41   	315.55   	 74.97   	1225.83		
218.51   	202.03   	 79.88   	1236.01		
273.44   	140.69   	 84.82   	1144.45		
326.54   	167.24   	 89.40   	 966.43		
354.61   	265.81   	 93.27   	 732.45		
346.07   	379.64   	 96.19   	 457.78		
307.01   	448.00   	 98.03   	 178.03		
256.65   	441.59   	 98.74   	 -91.56		
213.62   	370.79   	 98.37   	-310.27		
184.02   	270.08   	 97.13   	-452.69		
160.83   	173.95   	 95.32   	-523.90		
135.19   	 99.49   	 93.22   	-523.90		
104.06   	 46.69   	 91.13   	-467.95		
 72.94   	  3.66   	 89.26   	-381.48		
 49.44   	-42.72   	 87.73   	-264.50		
 36.93   	-96.44   	 86.67   	-127.16		
 31.74   	-152.28   	 86.16   	  20.35		
 27.16   	-203.86   	 86.25   	 178.03		
 17.70   	-248.72   	 86.96   	 335.71		
  2.14   	-288.09   	 88.30   	 473.04		
-15.87   	-323.79   	 90.19   	 590.03		
-32.65   	-350.65   	 92.55   	 645.98		
-45.47   	-361.94   	 95.14   	 666.32		
-54.02   	-353.09   	 97.80   	 661.24		
-60.12   	-327.76   	100.45   	 640.89		
-65.92   	-293.88   	103.01   	 569.68		
-73.24   	-258.79   	105.29   	 427.26		
-81.79   	-224.61   	107.00   	 335.71		
-90.64   	-191.35   	108.34   	 325.53		
-96.74   	-161.13   	109.64   	 279.75		
-96.74   	-137.63   	110.76   	 111.90		
-92.16   	-124.82   	111.21   	-157.68		
-87.28   	-122.38   	110.58   	-473.04		
-85.14   	-125.73   	108.69   	-762.97		
-86.67   	-128.78   	105.64   	-971.51		
-89.42   	-128.17   	101.75   	-1063.07		
-90.64   	-124.51   	 97.50   	-1032.55		
-91.55   	-120.54   	 93.37   	-910.47		
-93.38   	-117.80   	 89.72   	-742.62		
-96.13   	-115.66   	 86.75   	-549.34		
-97.05   	-111.39   	 84.56   	-361.14		
-93.69   	-104.06   	 83.11   	-218.72		
-86.98   	-95.83   	 82.24   	-122.07		
-81.48   	-90.64   	 81.75   	 -66.12		
-80.57   	-92.77   	 81.48   	 -30.52		
-84.84   	-100.71   	 81.36   	   5.09		
-90.33   	-108.64   	 81.38   	  55.95		
-91.86   	-109.86   	 81.61   	 106.82		
-88.81   	-103.76   	 82.03   	 132.25		
-83.31   	-93.99   	 82.56   	 101.73		
-79.35   	-87.59   	 82.97   	  15.26		
-79.35   	-86.98   	 83.03   	-106.82		
-82.70   	-91.25   	 82.60   	-167.85		
-87.59   	-96.13   	 81.93   	-116.99		
-90.94   	-98.27   	 81.46   	  50.86		
-90.94   	-97.05   	 81.67   	 295.01		
-87.89   	-93.99   	 82.85   	 554.42		
-84.53   	-91.25   	 85.07   	 778.23		
-83.31   	-89.11   	 88.18   	 946.08		
-86.06   	-87.59   	 91.96   	1078.33		
-90.94   	-84.84   	 96.28   	1225.83		
-94.91   	-81.18   	101.18   	1429.29		
-93.99   	-77.21   	106.90   	1592.06		
-89.11   	-74.46   	113.27   	1617.49		
-82.70   	-75.07   	119.74   	1531.02		
-79.96   	-79.65   	125.86   	1373.34		
-84.23   	-87.28   	131.35   	1200.40		
-93.99   	-94.91   	136.15   	1037.64		
-104.06   	-98.57   	140.30   	 885.04		
-108.03   	-94.91   	143.84   	 722.28		
-103.76   	-86.06   	146.73   	 584.94		
-95.21   	-77.51   	149.07   	 498.47		
-89.11   	-75.38   	151.07   	 447.61		
-90.03   	-80.26   	152.86   	 279.75		
-96.44   	-87.89   	153.98   	-193.29		
-102.84   	-92.47   	153.20   	-1017.29		
-105.29   	-92.16   	149.13   	-2080.36		
-104.06   	-89.42   	140.81   	-3224.81		
-102.23   	-89.11   	127.91   	-4247.19		
-102.23   	-91.55   	110.93   	-4994.89		
-102.84   	-94.60   	 90.95   	-5361.12		
-102.84   	-94.30   	 69.50   	-5294.99		
-100.71   	-90.64   	 48.32   	-4842.30		
-95.83   	-84.84   	 28.95   	-4099.68		
-88.81   	-79.35   	 12.55   	-3143.43		
-80.26   	-75.07   	 -0.02   	-2105.79		
-71.41   	-71.72   	 -8.44   	-1108.85		
-63.17   	-68.05   	-12.88   	-264.50		
-55.85   	-63.48   	-13.94   	 361.14		
-48.22   	-57.68   	-12.49   	 752.79		
-38.45   	-48.83   	 -9.48   	 940.99		
-25.94   	-37.23   	 -5.72   	 966.43		
-12.51   	-23.80   	 -1.85   	 885.04		
 -1.53   	-10.38   	  1.69   	 732.45		
  6.71   	  1.22   	  4.62   	 544.25		
 14.04   	 10.68   	  6.80   	 366.22		
 22.89   	 19.53   	  8.26   	 223.80		
 33.57   	 29.60   	  9.16   	 132.25		
 43.95   	 40.59   	  9.68   	  61.04		
 51.57   	 51.88   	  9.93   	  20.35		
 56.15   	 60.73   	 10.01   	   5.09		
 59.20   	 66.22   	 10.03   	  25.43		
 63.78   	 71.11   	 10.13   	  76.30		
 70.19   	 78.13   	 10.44   	 167.85		
 75.38   	 87.89   	 11.11   	 284.84		
 76.60   	 97.66   	 12.25   	 406.92		
 72.02   	102.23   	 13.88   	 518.82		
 63.17   	 97.66   	 15.95   	 605.29		
 54.02   	 86.67   	 18.37   	 661.24		
 48.83   	 76.29   	 21.02   	 681.58		
 49.13   	 71.72   	 23.74   	 666.32		
 52.19   	 72.63   	 26.41   	 610.37		
 52.19   	 72.94   	 28.85   	 513.73		
 46.69   	 67.44   	 30.91   	 406.92		
 36.32   	 56.15   	 32.53   	 289.93		
 25.63   	 44.56   	 33.69   	 188.20		
 19.23   	 37.84   	 34.45   	 106.82		
 17.70   	 36.62   	 34.87   	  50.86		
 18.01   	 37.54   	 35.08   	  15.26		
 16.78   	 36.62   	 35.14   	 -25.43		
 12.82   	 33.26   	 35.04   	 -71.21		
  6.41   	 29.91   	 34.75   	-137.33		
  0.61   	 26.86   	 34.20   	-203.46		
 -2.14   	 24.41   	 33.39   	-269.58		
 -1.22   	 22.28   	 32.31   	-320.45		
  2.75   	 21.06   	 31.03   	-335.71		
  6.71   	 23.19   	 29.68   	-330.62		
  8.54   	 29.30   	 28.36   	-295.01		
  7.32   	 36.62   	 27.18   	-259.41		
  4.58   	 41.20   	 26.14   	-228.89		
  1.83   	 39.06   	 25.23   	-193.29		
 -0.61   	 31.74   	 24.46   	-172.94		
 -3.05   	 22.89   	 23.76   	-157.68		
 -4.88   	 16.78   	 23.13   	-137.33		
 -4.58   	 17.70   	 22.58   	-137.33		
 -2.14   	 25.33   	 22.03   	-147.51		
  1.83   	 36.62   	 21.44   	-172.94		
  3.97   	 46.08   	 20.75   	-208.54		
  1.22   	 49.44   	 19.92   	-259.41		
 -5.49   	 44.56   	 18.88   	-310.27		
-12.51   	 33.87   	 17.64   	-361.14		
-17.40   	 22.28   	 16.20   	-386.57		
-19.84   	 14.34   	 14.65   	-401.83		
-20.75   	 11.90   	 13.04   	-391.66		
-21.36   	 13.12   	 11.48   	-366.22		
-22.28   	 14.65   	 10.01   	-330.62		
-22.28   	 14.04   	  8.69   	-284.84		
-21.06   	 11.29   	  7.55   	-233.98		
-19.84   	  8.24   	  6.61   	-183.11		
-19.23   	  6.71   	  5.88   	-137.33		
-20.75   	  5.80   	  5.33   	 -91.56		
-25.33   	  3.05   	  4.96   	 -66.12		
-31.43   	 -2.75   	  4.70   	 -50.86		
-36.32   	 -9.16   	  4.50   	 -40.69		
-37.23   	-11.90   	  4.33   	 -25.43		
-33.26   	 -9.16   	  4.23   	   5.09		
-27.77   	 -4.58   	  4.25   	  76.30		
-25.02   	 -3.66   	  4.56   	 183.11		
-27.47   	 -9.46   	  5.29   	 320.45		
-32.35   	-18.01   	  6.57   	 447.61		
-34.48   	-21.36   	  8.36   	 534.08		
-32.65   	-14.95   	 10.50   	 554.42		
-28.69   	 -3.66   	 12.72   	 498.47		
-26.55   	  3.66   	 14.71   	 361.14		
-28.38   	  0.61   	 16.15   	 178.03		
-31.43   	-11.29   	 16.87   	 -25.43		
-32.96   	-23.80   	 16.76   	-228.89		
-31.43   	-28.69   	 15.85   	-381.48		
-28.38   	-25.02   	 14.32   	-473.04		
-26.86   	-16.17   	 12.43   	-493.39		
-27.77   	 -7.32   	 10.46   	-432.35		
-29.91   	 -1.53   	  8.73   	-320.45		
-31.13   	  1.53   	  7.45   	-157.68		
-30.82   	  0.61   	  6.82   	   5.09		
-30.21   	 -3.36   	  6.84   	 142.42		
-28.08   	 -7.93   	  7.41   	 249.24		
-25.02   	-10.38   	  8.40   	 274.67		
-20.45   	 -8.54   	  9.50   	 147.51		
-14.34   	 -1.53   	 10.09   	-218.72		
 -7.63   	 10.99   	  9.22   	-808.75		
 -0.61   	 31.13   	  5.98   	-1515.76		
  7.02   	 61.65   	 -0.08   	-2192.26		
 12.82   	101.62   	 -8.85   	-2644.95		
 14.65   	144.04   	-19.43   	-2695.82		
 12.51   	178.53   	-30.21   	-2258.38		
 10.38   	196.53   	-39.25   	-1419.12		
 14.95   	198.36   	-44.92   	-391.66		
 29.60   	190.73   	-46.49   	 564.60		
 50.96   	182.19   	-44.23   	1246.18		
 71.41   	178.53   	-39.25   	1551.37		
 83.92   	182.19   	-33.04   	1485.24		
 84.53   	190.43   	-27.10   	1134.28		
 75.38   	198.67   	-22.56   	 620.55		
 62.26   	200.20   	-20.08   	  45.78		
 50.66   	190.12   	-19.90   	-508.65		
 44.56   	168.15   	-21.93   	-1027.46		
 45.78   	142.21   	-26.04   	-1480.16		
 51.88   	121.15   	-31.96   	-1876.90		
 56.15   	109.56   	-39.47   	-2202.43		
 52.80   	103.15   	-48.28   	-2446.58		
 37.84   	 90.94   	-58.07   	-2589.00		
 12.51   	 68.66   	-68.42   	-2634.78		
-15.87   	 41.50   	-78.96   	-2548.31		
-38.76   	 20.45   	-89.16   	-2319.42		
-48.83   	 13.73   	-98.43   	-1917.59		
-45.17   	 18.62   	-106.10   	-1286.87		
-34.48   	 23.80   	-111.25   	-422.18		
-25.02   	 19.23   	-112.94   	 676.50		
-22.28   	  5.19   	-110.23   	1937.94		
-25.63   	-10.68   	-102.48   	3214.64		
-30.52   	-19.53   	-89.62   	4374.35		
-33.57   	-18.62   	-72.13   	5294.99		
-34.79   	-12.82   	-50.95   	5864.68		
-36.32   	 -9.46   	-27.49   	6012.18		
-39.67   	-12.51   	 -3.44   	5701.91		
-43.95   	-20.14   	 19.37   	5015.24		
-45.47   	-27.16   	 39.43   	4084.42		
-43.64   	-29.30   	 55.77   	3062.04		
-40.28   	-25.63   	 68.02   	2049.84		
-38.45   	-18.62   	 76.22   	1113.93		
-39.06   	-13.43   	 80.67   	 233.98		
-40.89   	-13.73   	 81.61   	-595.11		
-41.81   	-20.14   	 79.23   	-1393.69		
-41.20   	-28.08   	 73.65   	-2156.65		
-39.67   	-31.74   	 65.03   	-2843.33		
-39.37   	-28.08   	 53.65   	-3407.92		
-40.59   	-18.92   	 40.02   	-3804.66		
-43.33   	-10.99   	 24.80   	-3987.78		
-46.08   	-11.60   	  8.85   	-3947.09		
-46.69   	-21.06   	 -6.94   	-3662.24		
-42.72   	-31.74   	-21.59   	-3092.56		
-30.52   	-29.30   	-33.96   	-2146.48		
 -4.88   	  0.00   	-42.54   	-762.97		
 38.45   	 60.42   	-45.59   	 905.39		
100.40   	142.82   	-41.97   	2431.32		
175.78   	231.02   	-32.25   	3413.01		
251.46   	310.67   	-18.60   	3621.55		
310.67   	377.81   	 -4.11   	3041.70		
337.83(R)	439.76   	  8.06   	1871.81		
329.28   	501.40   	 15.54   	 345.88		
293.27   	546.57   	 16.93   	-1241.09		
247.80   	549.93   	 11.96   	-2655.13		
213.32   	496.83   	  1.34   	-3692.76		
205.08   	407.41   	-13.43   	-4247.19		
225.52   	336.00   	-30.42   	-4257.36		
265.50   	338.13   	-47.45   	-3728.37		
305.79   	425.72   	-62.36   	-2721.25		
327.15   	555.73   	-73.24   	-1347.91		
320.43   	658.87   	-78.64   	 203.46		
291.44   	682.98   	-77.82   	1744.65		
257.87   	621.34   	-70.84   	3031.52		
235.60   	505.37   	-58.72   	3896.22		
227.36   	379.94   	-43.13   	4262.45		
225.52   	276.18   	-26.08   	4135.28		
218.81   	203.55   	 -9.54   	3636.81		
199.58   	156.56   	  5.01   	2909.45		
169.98   	123.90   	 16.64   	2156.65		
138.24   	 93.38   	 25.27   	1531.02		
112.61   	 58.29   	 31.39   	1159.71		
 99.18   	 16.17   	 36.03   	1068.15		
 98.57   	-34.18   	 40.31   	1174.97		
104.06   	-95.52   	 45.00   	1332.65		
106.20   	-164.79   	 50.34   	1368.26		
 98.27   	-232.54   	 55.81   	1210.58		
 78.74   	-283.81   	 60.65   	 834.18		
 51.57   	-305.48   	 63.99   	 305.19		
 22.28   	-297.85   	 65.21   	-295.01		
 -7.02   	-272.22   	 64.03   	-854.52		
-36.62   	-241.39   	 60.61   	-1291.96		
-65.31   	-211.79   	 55.44   	-1592.06		
-90.33   	-183.11   	 49.07   	-1775.17		
-108.03   	-155.94   	 41.97   	-1876.90		
-115.66   	-137.02   	 34.47   	-1973.54		
-113.83   	-131.84   	 26.57   	-2110.88		
-106.81   	-137.94   	 18.13   	-2329.59		
-100.40   	-143.74   	  8.81   	-2589.00		
-97.66   	-138.55   	 -1.55   	-2853.50		
-98.27   	-122.99   	-12.96   	-2995.92		
-98.88   	-107.42   	-24.94   	-2919.62		
-97.35   	-102.54   	-36.62   	-2512.71		
-94.60   	-110.17   	-46.67   	-1739.57		
-91.55   	-120.85   	-53.63   	-651.07		
-88.81   	-125.43   	-56.24   	 615.46		
-85.75   	-121.77   	-53.77   	1831.12		
-82.40   	-115.05   	-46.45   	2797.55		
-79.96   	-109.25   	-35.26   	3357.06		
-79.04   	-104.37   	-21.83   	3499.48		
-78.74   	-97.35   	 -7.83   	3245.16		
-77.21   	-87.59   	  5.15   	2700.90		
-75.38   	-81.18   	 15.95   	1958.28		
-75.07   	-83.92   	 23.78   	1164.80		
-76.90   	-94.91   	 28.44   	 396.74		
-79.04   	-103.76   	 30.03   	-249.24		
-77.82   	-103.76   	 29.03   	-727.36		
-72.94   	-94.91   	 26.12   	-991.86		
-68.36   	-86.06   	 22.16   	-1052.90		
-68.36   	-84.84   	 17.94   	-961.34		
-74.77   	-89.72   	 14.10   	-742.62		
-84.23   	-91.55   	 11.13   	-452.69		
-92.47   	-85.45   	  9.32   	-142.42		
-95.21   	-75.99   	  8.75   	 142.42		
-91.55   	-70.19   	  9.32   	 366.22		
-82.09   	-71.11   	 10.78   	 488.30		
-70.80   	-74.77   	 12.74   	 488.30		
-62.26   	-74.16   	 14.69   	 361.14		
-59.81   	-66.83   	 16.13   	 111.90		
-63.48   	-58.29   	 16.58   	-218.72		
-69.58   	-54.93   	 15.71   	-574.77		
-73.85   	-58.59   	 13.41   	-915.56		
-75.99   	-65.92   	  9.75   	-1164.80		
-77.21   	-71.41   	  5.09   	-1276.70		
-77.21   	-70.80   	 -0.02   	-1220.75		
-74.46   	-65.00   	 -4.90   	-986.77		
-69.27   	-58.29   	 -8.85   	-595.11		
-65.61   	-56.15   	-11.23   	 -96.64		
-67.44   	-61.95   	-11.62   	 437.43		
-74.16   	-73.85   	 -9.87   	 935.91		
-80.26   	-84.84   	 -6.12   	1307.22		
-79.65   	-88.50   	 -0.90   	1525.93		
-74.16   	-85.14   	  5.21   	1551.37		
-71.41   	-82.09   	 11.41   	1393.69		
-75.99   	-85.14   	 16.99   	1073.24		
-85.75   	-93.69   	 21.28   	 625.63		
-93.38   	-101.01   	 23.78   	 116.99		
-93.08   	-101.62   	 24.25   	-320.45		
-86.98   	-96.13   	 22.97   	-584.94		
-80.57   	-90.03   	 20.63   	-635.81		
-77.21   	-86.06   	 18.09   	-600.20		
-73.55   	-81.18   	 15.69   	-590.03		
-66.22   	-72.94   	 13.33   	-686.67		
-55.85   	-65.61   	 10.58   	-895.22		
-46.08   	-65.92   	  7.00   	-1169.88		
-40.28   	-75.68   	  2.32   	-1424.21		
-38.15   	-88.20   	 -3.38   	-1551.37		
-34.48   	-91.55   	 -9.58   	-1480.16		
-25.02   	-79.04   	-15.50   	-1185.14		
-10.99   	-56.15   	-20.24   	-701.93		
  2.44   	-35.40   	-23.05   	-142.42		
 11.90   	-24.41   	-23.62   	 350.97		
 16.48   	-22.28   	-22.22   	 701.93		
 18.01   	-23.80   	-19.41   	 859.61		
 20.14   	-23.19   	-15.97   	 834.18		
 24.41   	-17.09   	-12.63   	 686.67		
 30.52   	 -5.80   	 -9.89   	 462.87		
 37.84   	  8.54   	 -8.04   	 233.98		
 46.69   	 22.89   	 -7.10   	   5.09		
 54.93   	 33.26   	 -7.08   	-188.20		
 60.12   	 36.62   	 -7.83   	-350.97		
 59.20   	 35.10   	 -9.24   	-467.95		
 52.49   	 33.26   	-11.11   	-513.73		
 43.64   	 33.87   	-13.16   	-478.13		
 36.01   	 35.40   	-15.08   	-335.71		
 31.43   	 33.26   	-16.42   	-111.90		
 28.38   	 24.72   	-16.87   	 162.77		
 24.72   	 14.34   	-16.22   	 457.78		
 21.06   	  9.77   	-14.38   	 737.54		
 18.31   	 15.56   	-11.43   	 946.08		
 17.40   	 27.77   	 -7.65   	1098.67		
 16.78   	 36.01   	 -3.26   	1266.53		
 14.04   	 32.96   	  1.81   	1515.76		
  8.54   	 21.06   	  7.87   	1846.38		
  2.44   	 10.07   	 15.26   	2227.87		
 -2.14   	  5.80   	 24.17   	2553.40		
 -3.36   	  6.41   	 34.38   	2731.42		
 -2.14   	  6.41   	 45.31   	2690.73		
 -0.31   	  1.83   	 56.07   	2426.24		
  0.31   	 -3.66   	 65.78   	1988.80		
 -2.14   	 -4.58   	 73.73   	1520.85		
 -7.63   	  1.22   	 79.82   	1103.76		
-14.04   	  9.16   	 84.23   	 778.23		
-17.70   	 14.04   	 87.34   	 498.47		
-16.17   	 14.65   	 89.34   	 193.29		
 -9.46   	 13.73   	 90.11   	-213.63		
 -1.53   	 14.04   	 89.26   	-737.54		
  3.97   	 17.40   	 86.31   	-1373.34		
  4.27   	 21.06   	 80.81   	-2095.62		
 -0.61   	 23.19   	 72.43   	-2828.07		
 -7.32   	 23.19   	 61.12   	-3514.74		
-12.21   	 22.58   	 47.06   	-4074.25		
-13.43   	 21.97   	 30.76   	-4481.16		
-10.38   	 21.36   	 12.84   	-4694.79		
 -5.49   	 21.06   	 -5.94   	-4735.48		
 -2.75   	 20.14   	-24.88   	-4598.15		
 -4.27   	 19.23   	-43.28   	-4287.88		
-10.07   	 18.01   	-60.43   	-3850.44		
-18.01   	 16.48   	-75.83   	-3301.11		
-23.19   	 15.26   	-89.03   	-2685.65		
-22.58   	 15.56   	-99.78   	-2034.58		
-16.48   	 17.70   	-107.91   	-1393.69		
 -9.77   	 20.75   	-113.49   	-793.49		
 -7.02   	 21.06   	-116.66   	-249.24		
-10.38   	 16.78   	-117.66   	 228.89		
-16.48   	  8.85   	-116.74   	 651.07		
-20.45   	  2.14   	-114.14   	1022.38		
-18.01   	  2.14   	-110.05   	1358.08		
-10.99   	  9.77   	-104.62   	1703.96		
 -4.58   	 19.53   	-97.80   	2110.88		
 -4.27   	 25.63   	-89.36   	2629.69		
-10.38   	 24.72   	-78.84   	3240.07		
-20.14   	 18.31   	-65.88   	3942.00		
-28.08   	 11.29   	-50.11   	4669.36		
-31.43   	  6.71   	-31.43   	5350.95		
-29.30   	  6.41   	-10.03   	5879.94		
-24.72   	  8.85   	 13.49   	6129.17		
-20.14   	 12.51   	 38.01   	6042.70		
-15.26   	 16.78   	 62.18   	5615.44		
-10.99   	 19.53   	 84.64   	4898.25		
 -7.93   	 19.84   	104.23   	3962.34		
 -7.63   	 18.31   	120.08   	2889.10		
-10.07   	 16.78   	131.64   	1754.83		
-13.73   	 16.78   	138.66   	 610.37		
-14.34   	 20.75   	141.10   	-488.30		
 -9.77   	 28.99   	139.14   	-1515.76		
 -1.53   	 40.89   	133.08   	-2441.50		
  6.71   	 58.59   	123.32   	-3255.33		
 13.73   	 84.53   	110.29   	-3926.74		
 19.84   	118.71   	 94.59   	-4440.47		
 27.16   	156.25   	 76.83   	-4791.44		
 33.57   	188.60   	 57.66   	-4954.20		
 36.93   	207.82   	 37.84   	-4933.86		
 36.01   	211.49   	 18.11   	-4720.23		
 34.48   	202.03   	 -0.77   	-4323.48		
 37.84   	187.07   	-18.07   	-3748.71		
 48.22   	175.17   	-33.06   	-3026.44		
 61.95   	172.12   	-45.17   	-2177.00		
 71.41   	176.70   	-53.88   	-1230.92		
 72.02   	182.50   	-58.80   	-249.24		
 65.00   	180.05   	-59.80   	 737.54		
 56.46   	164.79   	-56.85   	1658.18		
 53.71   	140.69   	-50.21   	2461.84		
 58.59   	117.80   	-40.37   	3087.48		
 66.83   	102.84   	-28.02   	3530.00		
 68.05   	 94.30   	-13.90   	3748.71		
 54.63   	 83.62   	  1.10   	3758.89		
 25.33   	 64.39   	 16.13   	3565.60		
-11.29   	 37.54   	 30.40   	  N/A		
