  I     	  II     	  PW     	  PW'		
 50.66   	156.86   	 13.20   	   0.00		
 53.41   	162.66   	 13.20   	   0.00		
 55.24   	175.17   	 13.20   	  -5.09		
 54.93   	190.12   	 13.18   	   0.00		
 50.96   	195.62   	 13.18   	  -5.09		
 45.17   	183.72   	 13.16   	  -5.09		
 39.98   	155.33   	 13.14   	  -5.09		
 36.93   	119.32   	 13.12   	  -5.09		
 33.57   	 85.75   	 13.10   	  -5.09		
 25.94   	 58.29   	 13.08   	  -5.09		
 14.34   	 35.10   	 13.06   	  -5.09		
  1.22   	 12.82   	 13.04   	  -5.09		
 -6.71   	 -9.77   	 13.02   	  -5.09		
 -5.19   	-30.21   	 13.00   	 -10.17		
  1.83   	-47.30   	 12.96   	 -10.17		
  6.71   	-58.29   	 12.92   	  -5.09		
  5.49   	-61.65   	 12.90   	 -15.26		
 -1.22   	-57.37   	 12.84   	 -10.17		
 -8.85   	-46.39   	 12.80   	 -10.17		
-14.04   	-33.57   	 12.76   	 -10.17		
-14.65   	-23.19   	 12.72   	 -10.17		
-11.60   	-19.84   	 12.68   	   0.00		
 -5.19   	-26.55   	 12.68   	   5.09		
  3.05   	-44.25   	 12.70   	  15.26		
  8.54   	-68.66   	 12.76   	  25.43		
  5.49   	-92.47   	 12.86   	  35.61		
 -9.77   	-104.68   	 13.00   	  45.78		
-31.43   	-94.60   	 13.18   	  50.86		
-49.44   	-59.51   	 13.39   	  55.95		
-50.05   	 -1.83   	 13.61   	  55.95		
-23.80   	 81.48   	 13.84   	  50.86		
 33.26   	207.82   	 14.04   	  45.78		
120.54   	403.75   	 14.22   	  35.61		
230.71   	681.15   	 14.36   	  20.35		
347.29   	996.40   	 14.45   	   5.09		
480.96   	1290.59(R)	 14.47   	 -10.17		
451.05   	1087.34   	 14.43   	 -20.35		
363.16   	679.02   	 14.34   	 -25.43		
257.26   	213.01   	 14.24   	 -30.52		
173.03   	-148.93   	 14.12   	 -25.43		
128.17   	-321.66   	 14.02   	 -20.35		
108.64   	-317.99   	 13.94   	 -15.26		
 88.50   	-213.93   	 13.88   	   0.00		
 53.10   	-95.83   	 13.88   	  10.17		
 10.07   	-20.14   	 13.92   	  15.26		
-21.97   	 -4.27   	 13.98   	  30.52		
-35.71   	-35.71   	 14.10   	  30.52		
-35.71   	-90.33   	 14.22   	  35.61		
-31.74   	-142.52   	 14.36   	  30.52		
-30.82   	-175.17   	 14.49   	  25.43		
-31.74   	-183.41   	 14.59   	  15.26		
-30.82   	-170.90   	 14.65   	   5.09		
-28.99   	-145.26   	 14.67   	  -5.09		
-28.08   	-112.61   	 14.65   	 -10.17		
-27.77   	-81.79   	 14.61   	 -20.35		
-27.16   	-64.39   	 14.53   	 -20.35		
-26.86   	-67.44   	 14.45   	 -20.35		
-28.08   	-88.20   	 14.36   	 -15.26		
-30.82   	-114.44   	 14.30   	 -10.17		
-35.10   	-132.45   	 14.26   	  -5.09		
-40.28   	-136.72   	 14.24   	   5.09		
-45.78   	-131.53   	 14.26   	  15.26		
-50.35   	-124.82   	 14.32   	  20.35		
-53.10   	-122.99   	 14.40   	  30.52		
-50.96   	-127.56   	 14.53   	  30.52		
-42.72   	-133.97   	 14.65   	  35.61		
-31.13   	-138.24   	 14.79   	  35.61		
-22.28   	-139.77   	 14.93   	  35.61		
-20.75   	-141.30   	 15.08   	  30.52		
-27.47   	-146.18   	 15.20   	  20.35		
-36.62   	-154.72   	 15.28   	  10.17		
-41.81   	-162.35   	 15.32   	   5.09		
-39.98   	-160.22   	 15.34(A)	  -5.09		
-33.57   	-142.21   	 15.32   	 -10.17		
-29.30   	-113.83   	 15.28   	 -20.35		
-32.35   	-91.86   	 15.20   	 -20.35		
-39.67   	-92.47   	 15.12   	 -30.52		
-44.25   	-117.19   	 14.99   	 -25.43		
-42.72   	-149.84   	 14.89   	 -20.35		
-37.23   	-167.54   	 14.81   	 -25.43		
-32.65   	-157.17   	 14.71   	 -20.35		
-31.74   	-126.04   	 14.63   	 -20.35		
-33.26   	-93.99   	 14.55   	 -20.35		
-35.71   	-76.29   	 14.47   	 -20.35		
-39.67   	-76.29   	 14.38   	 -15.26		
-45.47   	-86.06   	 14.32   	 -20.35		
-49.74   	-96.13   	 14.24   	 -20.35		
-48.52   	-102.84   	 14.16   	 -20.35		
-41.20   	-106.20   	 14.08   	 -20.35		
-34.48   	-105.90   	 14.00   	 -15.26		
-34.48   	-101.01   	 13.94   	 -20.35		
-40.59   	-91.25   	 13.86   	 -10.17		
-46.69   	-77.82   	 13.81   	 -15.26		
-49.44   	-66.83   	 13.75   	 -10.17		
-49.74   	-64.09   	 13.71   	 -10.17		
-51.57   	-72.94   	 13.67   	  -5.09		
-55.85   	-91.55   	 13.65   	  -5.09		
-59.20   	-108.95   	 13.63   	  -5.09		
-57.68   	-107.73   	 13.61   	  -5.09		
-52.80   	-77.21   	 13.59   	  -5.09		
-50.05   	-23.80   	 13.57   	 -10.17		
-54.02   	 25.94   	 13.53   	 -10.17		
-64.09   	 44.56   	 13.49   	 -15.26		
-76.60   	 23.80   	 13.43   	 -20.35		
-86.36   	-15.87   	 13.35   	 -20.35		
-89.11   	-43.33   	 13.27   	 -25.43		
-83.31   	-41.50   	 13.16   	 -20.35		
-74.77   	-20.14   	 13.08   	 -20.35		
-68.97   	 -3.05   	 13.00   	 -15.26		
-68.05   	 -4.58   	 12.94   	 -15.26		
-69.58   	-20.14   	 12.88   	 -10.17		
-66.53   	-32.96   	 12.84   	 -10.17		
-54.93   	-31.13   	 12.80   	  -5.09		
-37.54   	-16.17   	 12.78   	  -5.09		
-21.97   	  1.53   	 12.76   	   5.09		
-14.34   	 11.29   	 12.78   	   0.00		
-13.43   	 10.99   	 12.78   	   5.09		
-12.82   	  4.88   	 12.80   	  10.17		
 -6.41   	  0.00   	 12.84   	   5.09		
  4.27   	  0.31   	 12.86   	  10.17		
 12.21   	  4.58   	 12.90   	   5.09		
 11.90   	  7.93   	 12.92   	   5.09		
  5.49   	  7.63   	 12.94   	   5.09		
  0.31   	  3.36   	 12.96   	   5.09		
  3.97   	 -1.83   	 12.98   	   5.09		
 14.04   	 -5.19   	 13.00   	   0.00		
 22.58   	 -6.41   	 13.00   	   0.00		
 21.97   	 -5.19   	 13.00   	  -5.09		
 12.51   	 -3.05   	 12.98   	  -5.09		
  2.44   	 -0.61   	 12.96   	 -10.17		
  0.00   	 -0.31   	 12.92   	 -15.26		
  5.80   	 -4.27   	 12.86   	 -15.26		
 13.43   	-12.21   	 12.80   	 -20.35		
 15.87   	-17.70   	 12.72   	 -20.35		
 11.29   	-14.34   	 12.63   	 -25.43		
  4.88   	 -0.92   	 12.53   	 -25.43		
  2.75   	 15.56   	 12.43   	 -25.43		
  7.02   	 23.19   	 12.33   	 -30.52		
 14.65   	 16.17   	 12.21   	 -25.43		
 17.70   	 -3.05   	 12.11   	 -20.35		
 13.12   	-24.11   	 12.02   	 -20.35		
  5.19   	-37.84   	 11.94   	 -15.26		
 -0.92   	-41.81   	 11.88   	 -10.17		
 -1.53   	-37.23   	 11.84   	  -5.09		
  1.83   	-25.94   	 11.82   	   5.09		
  4.88   	 -9.77   	 11.84   	  10.17		
  5.49   	  6.41   	 11.88   	  25.43		
  3.97   	 17.70   	 11.98   	  35.61		
  1.53   	 18.62   	 12.13   	  40.69		
  0.92   	  8.85   	 12.29   	  45.78		
  3.66   	 -6.71   	 12.47   	  50.86		
  7.32   	-22.58   	 12.68   	  55.95		
  9.16   	-35.10   	 12.90   	  55.95		
  6.71   	-42.72   	 13.12   	  50.86		
  0.00   	-44.25   	 13.33   	  45.78		
 -7.02   	-39.67   	 13.51   	  40.69		
 -8.85   	-29.91   	 13.67   	  25.43		
 -3.66   	-18.01   	 13.77   	  20.35		
  4.88   	 -8.54   	 13.86   	   5.09		
 12.21   	 -4.88   	 13.88(V)	  -5.09		
 16.48   	 -7.93   	 13.86   	 -10.17		
 17.40   	-16.17   	 13.81   	 -20.35		
 16.48   	-26.25   	 13.73   	 -25.43		
 16.48   	-30.21   	 13.63   	 -30.52		
 17.70   	-23.80   	 13.51   	 -25.43		
 18.92   	-10.68   	 13.41   	 -25.43		
 17.09   	 -1.83   	 13.31   	 -20.35		
 11.60   	 -5.19   	 13.22   	 -15.26		
  5.49   	-19.23   	 13.16   	 -10.17		
  2.44   	-31.13   	 13.12   	  -5.09		
  4.58   	-28.08   	 13.10   	   0.00		
  8.24   	-10.99   	 13.10   	   5.09		
  6.71   	  6.41   	 13.12   	  10.17		
 -1.22   	 10.68   	 13.16   	  10.17		
 -9.77   	  0.00   	 13.20   	  15.26		
-10.07   	-16.78   	 13.27   	  10.17		
  0.61   	-28.69   	 13.31   	  15.26		
 13.43   	-32.04   	 13.37   	  10.17		
 15.26   	-30.82   	 13.41   	  15.26		
  2.75   	-28.08   	 13.47   	   5.09		
-13.73   	-24.11   	 13.49   	  10.17		
-17.40   	-17.70   	 13.53   	   5.09		
 -0.61   	-10.07   	 13.55   	  10.17		
 25.94   	 -7.32   	 13.59   	   5.09		
 40.89   	-13.73   	 13.61   	   5.09		
 33.26   	-27.77   	 13.63   	   5.09		
 10.99   	-39.06   	 13.65   	  10.17		
 -7.63   	-38.15   	 13.69   	   5.09		
-10.38   	-24.41   	 13.71   	   0.00		
 -0.92   	 -6.41   	 13.71   	   0.00		
  7.93   	  4.88   	 13.71   	  -5.09		
  6.71   	  4.27   	 13.69   	  -5.09		
 -1.53   	 -4.27   	 13.67   	 -10.17		
 -7.63   	-12.82   	 13.63   	 -10.17		
 -3.97   	-16.17   	 13.59   	 -20.35		
  9.16   	-14.04   	 13.51   	 -15.26		
 24.41   	-10.68   	 13.45   	 -20.35		
 34.48   	 -7.32   	 13.37   	 -15.26		
 32.96   	 -4.88   	 13.31   	 -15.26		
 19.84   	 -2.14   	 13.25   	 -15.26		
  1.83   	  1.53   	 13.18   	 -10.17		
-13.43   	  3.36   	 13.14   	  -5.09		
-21.67   	 -0.31   	 13.12   	  -5.09		
-22.28   	 -8.54   	 13.10   	   0.00		
-17.09   	-16.78   	 13.10   	   5.09		
 -8.54   	-20.75   	 13.12   	   5.09		
  1.83   	-21.06   	 13.14   	   5.09		
 11.29   	-24.72   	 13.16   	   5.09		
 14.95   	-36.93   	 13.18   	   5.09		
 12.51   	-49.13   	 13.20   	   5.09		
  7.93   	-46.08   	 13.22   	   5.09		
  8.54   	-18.92   	 13.25   	   0.00		
 14.65   	 22.89   	 13.25   	   0.00		
 19.84   	 55.24   	 13.25   	   0.00		
 18.31   	 59.20   	 13.25   	  -5.09		
  9.16   	 36.32   	 13.22   	   0.00		
  0.31   	  3.97   	 13.22   	  -5.09		
 -0.61   	-18.62   	 13.20   	   0.00		
  5.80   	-23.50   	 13.20   	  -5.09		
 14.34   	-13.73   	 13.18   	   0.00		
 17.09   	  6.41   	 13.18   	   0.00		
 12.82   	 32.96   	 13.18   	  -5.09		
  7.93   	 61.95   	 13.16   	   0.00		
  6.71   	 87.28   	 13.16   	  -5.09		
 11.60   	103.76   	 13.14   	  -5.09		
 21.67   	110.47   	 13.12   	   0.00		
 30.82   	113.22   	 13.12   	  -5.09		
 32.65   	116.27   	 13.10   	  -5.09		
 24.41   	118.71   	 13.08   	   0.00		
 12.21   	115.05   	 13.08   	  -5.09		
  4.88   	104.68   	 13.06   	  -5.09		
  9.46   	 97.35   	 13.04   	   0.00		
 24.72   	106.81   	 13.04   	  -5.09		
 41.50   	138.55   	 13.02   	  -5.09		
 50.35   	180.97   	 13.00   	  -5.09		
 52.19   	212.71   	 12.98   	  -5.09		
 52.49   	219.12   	 12.96   	 -10.17		
 56.46   	200.20   	 12.92   	  -5.09		
 61.95   	170.90   	 12.90   	  -5.09		
 60.73   	145.26   	 12.88   	  -5.09		
 47.61   	126.65   	 12.86   	  -5.09		
 27.47   	110.78   	 12.84   	  -5.09		
  9.46   	 93.99   	 12.82   	   0.00		
  1.83   	 77.82   	 12.82   	  -5.09		
  4.88   	 65.31   	 12.80   	   0.00		
 12.82   	 56.15   	 12.80   	   0.00		
 17.09   	 45.47   	 12.80   	   0.00		
 14.34   	 27.47   	 12.80   	 -10.17		
  6.41   	  0.92   	 12.76   	  -5.09		
 -1.83   	-27.77   	 12.74   	 -15.26		
 -6.71   	-49.44   	 12.68   	 -15.26		
 -7.02   	-59.20   	 12.61   	 -20.35		
 -5.49   	-56.76   	 12.53   	 -25.43		
 -4.27   	-46.69   	 12.43   	 -20.35		
 -4.88   	-37.23   	 12.35   	 -20.35		
 -7.63   	-35.10   	 12.27   	 -15.26		
 -9.46   	-45.47   	 12.21   	  -5.09		
 -7.93   	-68.05   	 12.19   	   5.09		
 -4.58   	-95.21   	 12.21   	  20.35		
 -1.53   	-112.00   	 12.29   	  30.52		
 -3.36   	-108.95   	 12.41   	  40.69		
-12.82   	-87.28   	 12.57   	  45.78		
-28.69   	-59.81   	 12.76   	  55.95		
-44.56   	-40.28   	 12.98   	  61.04		
-52.19   	-24.11   	 13.22   	  55.95		
-40.59   	 16.78   	 13.45   	  50.86		
  1.83   	121.46   	 13.65   	  45.78		
 81.48   	317.99   	 13.84   	  40.69		
196.53   	602.72   	 14.00   	  25.43		
331.73   	921.63   	 14.10   	  25.43		
514.83   	1234.44(R)	 14.20   	  -5.09		
497.13   	1066.89   	 14.18   	 -10.17		
404.36   	703.43   	 14.14   	 -20.35		
275.57   	271.30   	 14.06   	 -20.35		
163.27   	-76.90   	 13.98   	 -20.35		
100.10   	-253.91   	 13.90   	 -15.26		
 82.09   	-267.94   	 13.84   	 -15.26		
 81.79   	-190.12   	 13.77   	  -5.09		
 72.02   	-102.54   	 13.75   	   5.09		
 41.81   	-57.37   	 13.77   	  10.17		
  0.00   	-61.34   	 13.81   	  20.35		
-35.10   	-92.77   	 13.90   	  20.35		
-51.88   	-125.73   	 13.98   	  25.43		
-50.35   	-144.96   	 14.08   	  20.35		
-37.54   	-148.32   	 14.16   	  15.26		
-25.94   	-146.48   	 14.22   	  10.17		
-24.11   	-151.67   	 14.26   	   0.00		
-30.21   	-166.32   	 14.26   	   0.00		
-34.18   	-181.58   	 14.26   	 -10.17		
-30.52   	-185.24   	 14.22   	 -15.26		
-22.58   	-171.51   	 14.16   	 -10.17		
-18.31   	-146.48   	 14.12   	 -15.26		
-23.50   	-123.60   	 14.06   	 -15.26		
-35.10   	-113.53   	 14.00   	 -10.17		
-44.25   	-118.41   	 13.96   	 -10.17		
-44.56   	-133.06   	 13.92   	  -5.09		
-37.23   	-148.93   	 13.90   	   0.00		
-24.41   	-159.91   	 13.90   	   5.09		
-10.07   	-163.88   	 13.92   	  10.17		
 -1.53   	-161.74   	 13.96   	  10.17		
 -6.41   	-156.56   	 14.00   	  20.35		
-26.55   	-150.15   	 14.08   	  20.35		
-53.71   	-143.74   	 14.16   	  25.43		
-71.72   	-138.85   	 14.26   	  25.43		
-68.36   	-134.58   	 14.36   	  25.43		
-48.83   	-130.62   	 14.47   	  25.43		
-29.91   	-130.62   	 14.57   	  25.43		
-24.72   	-136.41   	 14.67   	  20.35		
-34.18   	-145.57   	 14.75   	  15.26		
-48.22   	-155.64   	 14.81   	   5.09		
-54.93   	-164.18   	 14.83   	   5.09		
-49.44   	-169.68   	 14.85(A)	   0.00		
-34.79   	-170.29   	 14.85   	  -5.09		
-19.53   	-162.96   	 14.83   	 -15.26		
-13.43   	-147.40   	 14.77   	 -15.26		
-19.23   	-129.09   	 14.71   	 -20.35		
-34.79   	-117.80   	 14.63   	 -20.35		
-52.80   	-121.15   	 14.55   	 -20.35		
-63.78   	-134.58   	 14.47   	 -20.35		
-63.78   	-144.35   	 14.38   	 -20.35		
-56.15   	-140.69   	 14.30   	 -20.35		
-47.30   	-124.51   	 14.22   	 -15.26		
-40.89   	-107.12   	 14.16   	 -20.35		
-38.15   	-99.49   	 14.08   	 -20.35		
-39.37   	-104.37   	 14.00   	 -15.26		
-41.50   	-113.83   	 13.94   	 -25.43		
-42.72   	-118.10   	 13.84   	 -20.35		
-42.72   	-113.22   	 13.75   	 -25.43		
-41.50   	-101.93   	 13.65   	 -20.35		
-41.20   	-88.81   	 13.57   	 -25.43		
-45.78   	-76.90   	 13.47   	 -20.35		
-55.85   	-68.97   	 13.39   	 -15.26		
-70.80   	-65.31   	 13.33   	 -15.26		
-83.92   	-63.17   	 13.27   	 -10.17		
-87.89   	-61.04   	 13.22   	  -5.09		
-79.04   	-57.37   	 13.20   	  -5.09		
-61.95   	-50.96   	 13.18   	   0.00		
-47.91   	-45.47   	 13.18   	   0.00		
-45.47   	-45.47   	 13.18   	   5.09		
-55.54   	-49.74   	 13.20   	   0.00		
-69.58   	-52.19   	 13.20   	   0.00		
-76.60   	-45.47   	 13.20   	   0.00		
-72.94   	-28.38   	 13.20   	   0.00		
-64.09   	 -7.32   	 13.20   	  -5.09		
-58.59   	  6.41   	 13.18   	   5.09		
-59.51   	  6.71   	 13.20   	   0.00		
-64.09   	 -5.49   	 13.20   	   0.00		
-66.53   	-20.14   	 13.20   	   0.00		
-61.34   	-28.99   	 13.20   	   0.00		
-47.61   	-28.69   	 13.20   	   0.00		
-31.13   	-22.58   	 13.20   	  -5.09		
-16.78   	-15.87   	 13.18   	   0.00		
 -5.80   	-11.60   	 13.18   	  -5.09		
  1.53   	 -9.46   	 13.16   	 -10.17		
  6.41   	 -6.41   	 13.12   	  -5.09		
  7.93   	 -0.61   	 13.10   	  -5.09		
  3.97   	  5.80   	 13.08   	 -10.17		
 -4.27   	  9.16   	 13.04   	  -5.09		
 -8.85   	  8.54   	 13.02   	 -10.17		
 -2.14   	  5.49   	 12.98   	  -5.09		
 14.34   	  1.53   	 12.96   	 -10.17		
 29.60   	 -5.49   	 12.92   	  -5.09		
 31.13   	-17.70   	 12.90   	 -10.17		
 17.40   	-33.26   	 12.86   	  -5.09		
 -1.22   	-43.33   	 12.84   	 -10.17		
 -8.24   	-37.54   	 12.80   	 -15.26		
  0.61   	-14.34   	 12.74   	 -10.17		
 17.70   	 15.56   	 12.70   	 -15.26		
 31.43   	 36.01   	 12.63   	 -20.35		
 32.96   	 34.18   	 12.55   	 -15.26		
 21.97   	 10.68   	 12.49   	 -10.17		
  5.49   	-21.67   	 12.45   	 -15.26		
-10.38   	-47.00   	 12.39   	 -10.17		
-20.45   	-53.10   	 12.35   	 -10.17		
-21.36   	-39.67   	 12.31   	  -5.09		
-13.12   	-16.17   	 12.29   	  -5.09		
  0.31   	  4.27   	 12.27   	   0.00		
 13.43   	 10.99   	 12.27   	   0.00		
 21.06   	  1.22   	 12.27   	   5.09		
 21.67   	-20.45   	 12.29   	  10.17		
 16.17   	-44.86   	 12.33   	  15.26		
  5.49   	-63.17   	 12.39   	  20.35		
 -7.02   	-69.27   	 12.47   	  20.35		
-15.56   	-58.90   	 12.55   	  25.43		
-12.82   	-33.57   	 12.66   	  30.52		
 -0.31   	 -3.66   	 12.78   	  30.52		
 13.43   	 18.92   	 12.90   	  30.52		
 18.31   	 25.63   	 13.02   	  30.52		
 11.60   	 17.70   	 13.14   	  25.43		
  0.92   	  5.80   	 13.25   	  25.43		
 -3.36   	  2.14   	 13.35   	  20.35		
  2.75   	 11.90   	 13.43   	  10.17		
 14.65   	 29.91   	 13.47   	  10.17		
 22.89   	 46.39   	 13.51   	   0.00		
 25.33   	 55.54   	 13.51   	  -5.09		
 23.80   	 56.76   	 13.49   	 -10.17		
 20.45   	 54.32   	 13.45   	 -15.26		
 14.95   	 55.85   	 13.39   	 -15.26		
  7.93   	 67.14   	 13.33   	 -15.26		
  1.22   	 89.42   	 13.27   	 -15.26		
 -0.92   	117.80   	 13.20   	 -10.17		
  3.36   	143.13   	 13.16   	 -10.17		
 13.43   	155.33   	 13.12   	  -5.09		
 27.16   	152.89   	 13.10   	   0.00		
 43.03   	141.30   	 13.10   	   0.00		
 59.51   	129.70   	 13.10   	  10.17		
 72.94   	125.12   	 13.14   	   5.09		
 76.60   	129.70   	 13.16   	  10.17		
 68.05   	139.77   	 13.20   	  15.26		
 52.80   	149.84   	 13.27   	  10.17		
 42.42   	154.11   	 13.31   	  10.17		
 42.42   	150.45   	 13.35   	   5.09		
 49.44   	138.85   	 13.37   	  10.17		
 53.71   	123.29   	 13.41   	   5.09		
 46.39   	107.12   	 13.43   	   5.09		
 28.99   	 88.50   	 13.45   	   0.00		
 11.90   	 62.56   	 13.45   	   0.00		
  2.44   	 26.86   	 13.45   	   5.09		
  1.22   	-14.65   	 13.47   	   0.00		
  4.27   	-49.44   	 13.47   	  -5.09		
  5.80   	-66.83   	 13.45   	  -5.09		
  2.44   	-64.39   	 13.43   	  -5.09		
 -5.49   	-50.66   	 13.41   	 -10.17		
-15.26   	-40.28   	 13.37   	 -10.17		
-23.80   	-41.81   	 13.33   	 -20.35		
-26.25   	-51.88   	 13.25   	 -20.35		
-19.23   	-61.34   	 13.16   	 -15.26		
 -5.49   	-63.78   	 13.10   	 -20.35		
  7.93   	-60.73   	 13.02   	 -20.35		
 12.82   	-58.59   	 12.94   	 -10.17		
  6.10   	-61.65   	 12.90   	  -5.09		
 -7.32   	-68.05   	 12.88   	   0.00		
-16.78   	-74.46   	 12.88   	  10.17		
-17.09   	-81.18   	 12.92   	  20.35		
-12.21   	-91.25   	 13.00   	  25.43		
-10.68   	-105.29   	 13.10   	  30.52		
-18.62   	-116.88   	 13.22   	  30.52		
-33.57   	-113.83   	 13.35   	  30.52		
-39.37   	-78.13   	 13.47   	  30.52		
-16.17   	 13.73   	 13.59   	  30.52		
 50.66   	188.60   	 13.71   	  20.35		
160.22   	460.21   	 13.79   	  20.35		
290.83   	802.61   	 13.88   	  10.17		
470.89   	1289.98(R)	 13.92(V)	   0.00		
462.34   	1206.97   	 13.92   	  -5.09		
390.32   	872.50   	 13.90   	 -10.17		
288.70   	396.12   	 13.86   	 -15.26		
197.75   	-47.30   	 13.79   	 -15.26		
140.99   	-317.08   	 13.73   	 -20.35		
114.44   	-375.98   	 13.65   	 -15.26		
 97.35   	-281.98   	 13.59   	 -20.35		
 72.33   	-137.02   	 13.51   	 -20.35		
 36.32   	-28.99   	 13.43   	 -10.17		
 -0.61   	  4.58   	 13.39   	 -10.17		
-26.55   	-21.67   	 13.35   	   0.00		
-36.93   	-70.19   	 13.35   	   0.00		
-34.18   	-111.69   	 13.35   	  10.17		
-26.86   	-133.97   	 13.39   	   5.09		
-21.06   	-141.91   	 13.41   	   5.09		
-19.53   	-143.13   	 13.43   	   5.09		
-21.67   	-140.69   	 13.45   	  -5.09		
-24.72   	-133.67   	 13.43   	 -10.17		
-26.25   	-123.60   	 13.39   	 -20.35		
-26.86   	-117.80   	 13.31   	 -25.43		
-29.30   	-122.68   	 13.20   	 -35.61		
-33.87   	-136.72   	 13.06   	 -40.69		
-39.37   	-148.93   	 12.90   	 -35.61		
-42.42   	-149.84   	 12.76   	 -35.61		
-39.67   	-139.77   	 12.61   	 -30.52		
-30.82   	-127.26   	 12.49   	 -20.35		
-22.28   	-119.63   	 12.41   	 -10.17		
-20.14   	-119.02   	 12.37   	  -5.09		
-26.55   	-122.38   	 12.35   	   5.09		
-37.54   	-127.87   	 12.37   	  10.17		
-45.78   	-137.02   	 12.41   	  20.35		
-46.08   	-151.37   	 12.49   	  20.35		
-41.50   	-167.24   	 12.57   	  25.43		
-37.23   	-173.65   	 12.68   	  25.43		
-34.48   	-161.44   	 12.78   	  20.35		
-29.91   	-132.45   	 12.86   	  20.35		
-22.58   	-100.40   	 12.94   	  20.35		
-17.40   	-81.48   	 13.02   	  10.17		
-20.75   	-83.92   	 13.06   	   5.09		
-34.79   	-103.45   	 13.08   	  -5.09		
-50.96   	-127.26   	 13.06   	 -10.17		
-60.42   	-141.30   	 13.02   	 -20.35		
-57.98   	-140.38   	 12.94   	 -30.52		
-49.44   	-130.00   	 12.82   	 -35.61		
-42.42   	-119.63   	 12.68   	 -40.69		
-36.93   	-117.19   	 12.51   	 -45.78		
-32.04   	-123.90   	 12.33   	 -45.78		
-26.55   	-132.14   	 12.15   	 -45.78		
-21.36   	-130.92   	 11.96   	 -40.69		
-20.45   	-115.97   	 11.80   	 -35.61		
-25.94   	-94.30   	 11.66   	 -25.43		
-35.40   	-77.82   	 11.56   	 -20.35		
-44.56   	-75.68   	 11.48   	 -20.35		
-50.05   	-86.06   	 11.39   	 -10.17		
-50.35   	-99.79   	 11.35   	  -5.09		
-47.30   	-108.34   	 11.33   	 -10.17		
-44.56   	-109.25   	 11.29   	  -5.09		
-44.56   	-103.15   	 11.27   	  -5.09		
-46.39   	-90.03   	 11.25   	 -10.17		
-46.69   	-67.44   	 11.21   	 -15.26		
-43.64   	-35.71   	 11.15   	 -15.26		
-39.37   	 -2.75   	 11.09   	 -20.35		
-37.54   	 18.31   	 11.01   	 -25.43		
-39.98   	 21.36   	 10.91   	 -25.43		
-46.39   	 10.07   	 10.80   	 -25.43		
-53.10   	 -5.19   	 10.70   	 -30.52		
-56.76   	-14.95   	 10.58   	 -25.43		
-55.54   	-18.31   	 10.48   	 -25.43		
-51.57   	-19.23   	 10.38   	 -25.43		
-46.39   	-20.14   	 10.27   	 -20.35		
-43.33   	-18.92   	 10.19   	 -20.35		
-44.86   	-12.51   	 10.11   	 -20.35		
-49.74   	 -2.44   	 10.03   	 -10.17		
-54.32   	  7.02   	  9.99   	 -15.26		
-55.54   	 12.21   	  9.93   	 -15.26		
-51.27   	 13.43   	  9.87   	 -15.26		
-40.89   	 12.51   	  9.81   	 -10.17		
-27.16   	  8.85   	  9.77   	 -15.26		
-12.51   	 -0.61   	  9.70   	 -15.26		
 -1.22   	-16.17   	  9.64   	 -10.17		
  4.58   	-30.82   	  9.60   	 -15.26		
  4.88   	-35.71   	  9.54   	 -20.35		
  1.83   	-26.86   	  9.46   	 -15.26		
 -3.36   	 -9.46   	  9.40   	 -15.26		
 -7.63   	  8.54   	  9.34   	 -15.26		
 -6.71   	 21.06   	  9.28   	 -10.17		
  0.61   	 27.47   	  9.24   	 -15.26		
 11.29   	 30.52   	  9.18   	 -15.26		
 17.09   	 29.60   	  9.11   	 -15.26		
  9.77   	 21.06   	  9.05   	 -10.17		
 -8.24   	  3.05   	  9.01   	 -10.17		
-23.80   	-18.01   	  8.97   	  -5.09		
-22.89   	-33.57   	  8.95   	 -10.17		
 -5.49   	-36.62   	  8.91   	 -10.17		
 14.65   	-26.25   	  8.87   	 -10.17		
 21.67   	 -9.16   	  8.83   	 -10.17		
 12.51   	  5.80   	  8.79   	 -15.26		
 -2.14   	 13.12   	  8.73   	 -15.26		
 -9.46   	 12.51   	  8.67   	 -25.43		
 -5.19   	  6.71   	  8.57   	 -25.43		
  2.44   	 -0.61   	  8.46   	 -30.52		
  3.66   	 -7.93   	  8.34   	 -35.61		
 -3.97   	-16.48   	  8.20   	 -40.69		
-15.87   	-26.25   	  8.04   	 -35.61		
-24.72   	-37.54   	  7.89   	 -30.52		
-25.33   	-50.05   	  7.77   	 -25.43		
-18.31   	-65.31   	  7.67   	 -20.35		
 -7.93   	-80.26   	  7.59   	  -5.09		
  0.00   	-85.75   	  7.57   	   0.00		
  0.92   	-72.02   	  7.57   	  15.26		
 -3.66   	-35.40   	  7.63   	  20.35		
 -8.24   	 11.90   	  7.71   	  25.43		
 -8.24   	 47.00   	  7.81   	  30.52		
 -3.36   	 52.80   	  7.93   	  30.52		
  2.14   	 31.43   	  8.06   	  30.52		
  2.75   	  0.31   	  8.18   	  20.35		
 -1.83   	-23.19   	  8.26   	  15.26		
 -9.46   	-33.26   	  8.32   	   5.09		
-15.87   	-34.48   	  8.34(V)	   0.00		
-18.62   	-34.48   	  8.34   	 -10.17		
-15.56   	-34.79   	  8.30   	 -15.26		
 -8.85   	-33.57   	  8.24   	 -20.35		
 -2.44   	-30.82   	  8.16   	 -20.35		
  0.92   	-31.13   	  8.08   	 -20.35		
  0.31   	-38.45   	  8.00   	 -15.26		
 -3.05   	-49.44   	  7.93   	 -10.17		
 -6.10   	-57.37   	  7.89   	 -10.17		
 -7.93   	-55.54   	  7.85   	  -5.09		
 -9.16   	-43.95   	  7.83   	   5.09		
 -9.77   	-29.91   	  7.85   	   5.09		
 -9.16   	-21.67   	  7.87   	   5.09		
 -8.85   	-18.62   	  7.89   	  10.17		
-10.99   	-14.95   	  7.93   	  10.17		
-13.73   	 -5.49   	  7.98   	   5.09		
-14.04   	  7.02   	  8.00   	   0.00		
 -9.16   	 13.73   	  8.00   	   0.00		
 -2.44   	  9.16   	  8.00   	  -5.09		
  0.31   	 -4.58   	  7.98   	 -10.17		
 -2.14   	-16.78   	  7.93   	 -15.26		
 -4.88   	-21.06   	  7.87   	 -20.35		
 -4.27   	-18.62   	  7.79   	 -15.26		
  0.00   	-17.70   	  7.73   	 -20.35		
  0.31   	-24.11   	  7.65   	 -20.35		
 -6.71   	-33.87   	  7.57   	 -20.35		
-14.65   	-38.45   	  7.49   	 -15.26		
-15.87   	-29.60   	  7.43   	 -15.26		
 -8.24   	 -9.46   	  7.37   	 -10.17		
  0.92   	 11.29   	  7.32   	 -15.26		
  3.05   	 18.31   	  7.26   	 -10.17		
 -3.97   	  3.97   	  7.22   	 -10.17		
-12.82   	-24.72   	  7.18   	  -5.09		
-14.95   	-51.88   	  7.16   	  -5.09		
 -9.77   	-62.56   	  7.14   	  -5.09		
 -1.83   	-50.66   	  7.12   	  -5.09		
  3.36   	-23.50   	  7.10   	   0.00		
  2.14   	  2.75   	  7.10   	   0.00		
 -5.19   	 13.12   	  7.10   	   0.00		
-13.73   	  2.75   	  7.10   	   5.09		
-18.62   	-20.45   	  7.12   	   5.09		
-15.56   	-37.84   	  7.14   	   5.09		
 -5.49   	-35.40   	  7.16   	   5.09		
  4.58   	-13.43   	  7.18   	   5.09		
  5.80   	 13.43   	  7.20   	   0.00		
 -4.27   	 27.16   	  7.20   	   0.00		
-18.01   	 21.67   	  7.20   	   0.00		
-25.02   	  6.41   	  7.20   	  -5.09		
-19.53   	 -5.19   	  7.18   	 -10.17		
 -6.71   	 -7.93   	  7.14   	 -10.17		
  2.14   	 -7.93   	  7.10   	 -10.17		
  0.92   	-14.04   	  7.06   	 -10.17		
 -7.63   	-28.69   	  7.02   	 -10.17		
-13.73   	-42.42   	  6.98   	 -10.17		
-12.51   	-46.39   	  6.94   	 -10.17		
 -6.10   	-36.62   	  6.90   	 -15.26		
 -0.92   	-18.01   	  6.84   	 -10.17		
 -0.92   	  0.61   	  6.80   	 -10.17		
 -3.66   	 12.21   	  6.75   	 -10.17		
 -3.97   	 14.95   	  6.71   	 -15.26		
 -0.92   	 11.29   	  6.65   	 -10.17		
  1.53   	  3.97   	  6.61   	 -10.17		
 -0.92   	 -4.88   	  6.57   	 -15.26		
 -7.93   	-14.34   	  6.51   	 -15.26		
-14.34   	-24.41   	  6.45   	 -10.17		
-16.48   	-34.18   	  6.41   	 -15.26		
-15.26   	-42.42   	  6.35   	 -10.17		
-11.90   	-45.17   	  6.31   	  -5.09		
 -7.63   	-40.28   	  6.29   	 -10.17		
 -3.05   	-29.30   	  6.25   	  -5.09		
  2.44   	-13.43   	  6.23   	  -5.09		
  5.80   	  3.97   	  6.21   	   0.00		
  2.44   	 19.84   	  6.21   	   5.09		
 -7.02   	 30.21   	  6.23   	   5.09		
-17.70   	 32.04   	  6.25   	   5.09		
-22.58   	 21.97   	  6.27   	   5.09		
-18.62   	  3.05   	  6.29   	   5.09		
-10.99   	-16.48   	  6.31   	   5.09		
 -5.49   	-27.47   	  6.33   	   5.09		
 -4.58   	-25.02   	  6.35   	   0.00		
 -8.54   	-11.60   	  6.35   	   0.00		
-11.60   	  7.63   	  6.35   	   0.00		
 -9.77   	 28.08   	  6.35   	  -5.09		
 -4.27   	 45.47   	  6.33   	 -10.17		
  0.92   	 56.76   	  6.29   	  -5.09		
  4.27   	 61.34   	  6.27   	 -10.17		
  6.10   	 60.12   	  6.23   	  -5.09		
  8.54   	 57.68   	  6.21   	 -10.17		
 12.21   	 57.98   	  6.16   	  -5.09		
 13.73   	 60.42   	  6.14   	  -5.09		
 11.60   	 65.31   	  6.12   	   0.00		
  7.63   	 76.29   	  6.12   	   0.00		
  5.80   	 98.57   	  6.12   	   0.00		
  9.77   	133.36   	  6.12   	   0.00		
 18.92   	169.68   	  6.12   	   5.09		
 28.99   	189.21   	  6.14   	   5.09		
 39.06   	181.27   	  6.16   	   5.09		
 49.44   	154.72   	  6.19   	   5.09		
 58.90   	132.14   	  6.21   	   0.00		
 61.65   	133.36   	  6.21   	   5.09		
 53.41   	161.13   	  6.23   	   0.00		
 36.01   	197.14   	  6.23   	   5.09		
 16.48   	217.29   	  6.25   	   0.00		
  4.88   	205.69   	  6.25   	   0.00		
  4.27   	163.88   	  6.25   	   5.09		
  9.77   	106.51   	  6.27   	   0.00		
 15.26   	 51.88   	  6.27   	   0.00		
 16.48   	 12.51   	  6.27   	   0.00		
 10.68   	 -9.16   	  6.27   	  -5.09		
 -0.61   	-18.31   	  6.25   	  -5.09		
-13.43   	-20.75   	  6.23   	 -10.17		
-22.58   	-21.06   	  6.19   	 -10.17		
-22.89   	-20.75   	  6.14   	 -15.26		
-13.73   	-21.97   	  6.08   	 -10.17		
 -3.05   	-28.08   	  6.04   	 -15.26		
  1.53   	-43.03   	  5.98   	 -10.17		
 -2.14   	-66.83   	  5.94   	 -10.17		
 -9.16   	-91.55   	  5.90   	 -15.26		
-13.73   	-106.51   	  5.84   	  -5.09		
-16.78   	-105.29   	  5.82   	 -10.17		
-23.19   	-90.64   	  5.78   	 -10.17		
-33.87   	-72.02   	  5.74   	  -5.09		
-44.25   	-61.65   	  5.72   	   0.00		
-47.61   	-64.70   	  5.72   	   0.00		
-42.72   	-74.77   	  5.72   	  15.26		
-37.54   	-80.57   	  5.78   	  20.35		
-36.01   	-68.66   	  5.86   	  35.61		
-27.77   	-21.06   	  6.00   	  50.86		
  6.71   	 83.31   	  6.21   	  55.95		
 82.40   	264.59   	  6.43   	  61.04		
196.23   	527.04   	  6.67   	  66.12		
322.88   	832.52   	  6.94   	  66.12		
422.36   	1085.82(R)	  7.20   	 101.73		
420.84   	1048.28   	  7.61   	  30.52		
327.45   	721.44   	  7.73   	  15.26		
221.25   	317.08   	  7.79   	   5.09		
143.74   	-19.84   	  7.81   	 -10.17		
108.03   	-203.86   	  7.77   	 -20.35		
 95.83   	-239.56   	  7.69   	 -20.35		
 77.51   	-190.43   	  7.61   	 -25.43		
 38.45   	-127.56   	  7.51   	 -20.35		
-11.29   	-93.08   	  7.43   	 -15.26		
-51.57   	-90.33   	  7.37   	  -5.09		
-66.53   	-102.54   	  7.34   	  -5.09		
-58.90   	-113.22   	  7.32   	   0.00		
-43.33   	-117.80   	  7.32   	   0.00		
-33.57   	-118.71   	  7.32   	   0.00		
-35.71   	-121.77   	  7.32   	  -5.09		
-46.39   	-129.39   	  7.30   	 -10.17		
-54.93   	-140.69   	  7.26   	 -10.17		
-53.41   	-152.28   	  7.22   	 -15.26		
-41.81   	-163.57   	  7.16   	 -15.26		
-29.91   	-175.48   	  7.10   	   0.00		
-28.08   	-184.63   	  7.10   	  10.17		
-38.45   	-184.63   	  7.14   	  30.52		
-54.02   	-171.20   	  7.26   	  35.61		
-63.48   	-148.01   	  7.41   	  55.95		
-60.12   	-126.65   	  7.63   	  61.04		
-48.22   	-117.80   	  7.87   	  66.12		
-36.32   	-123.90   	  8.14   	  61.04		
-31.13   	-138.85   	  8.38   	  50.86		
-33.26   	-154.72   	  8.59   	  40.69		
-37.54   	-163.57   	  8.75   	  25.43		
-39.67   	-162.05   	  8.85   	  15.26		
-40.59   	-152.28   	  8.91(A)	  -5.09		
-43.95   	-138.24   	  8.89   	 -15.26		
-50.96   	-124.82   	  8.83   	 -25.43		
-59.51   	-118.71   	  8.73   	 -35.61		
-64.09   	-121.77   	  8.59   	 -35.61		
-60.42   	-131.84   	  8.44   	 -35.61		
-49.13   	-146.48   	  8.30   	 -35.61		
-34.79   	-161.13   	  8.16   	 -35.61		
-22.28   	-171.51   	  8.02   	 -30.52		
-15.56   	-174.56   	  7.89   	 -25.43		
-18.62   	-169.98   	  7.79   	 -20.35		
-30.82   	-158.69   	  7.71   	 -25.43		
-47.00   	-145.26   	  7.61   	 -20.35		
-60.42   	-135.80   	  7.53   	 -15.26		
-67.14   	-134.28   	  7.47   	 -25.43		
-68.05   	-142.52   	  7.37   	 -20.35		
-66.53   	-159.00   	  7.28   	 -25.43		
-65.31   	-176.39   	  7.18   	 -25.43		
-62.87   	-183.72   	  7.08   	 -25.43		
-56.15   	-172.12   	  6.98   	 -35.61		
-46.69   	-141.30   	  6.84   	 -35.61		
-39.98   	-103.76   	  6.69   	 -35.61		
-39.98   	-77.21   	  6.55   	 -35.61		
-47.30   	-75.07   	  6.41   	 -35.61		
-57.68   	-93.69   	  6.27   	 -35.61		
-65.92   	-116.27   	  6.12   	 -30.52		
-69.58   	-126.34   	  6.00   	 -20.35		
-68.05   	-118.10   	  5.92   	 -20.35		
-61.95   	-97.66   	  5.84   	 -10.17		
-54.32   	-75.68   	  5.80   	  -5.09		
-48.83   	-59.20   	  5.78   	   0.00		
-49.13   	-48.22   	  5.78   	  10.17		
-56.15   	-42.11   	  5.82   	  10.17		
-67.44   	-39.98   	  5.86   	  15.26		
-77.21   	-40.89   	  5.92   	  15.26		
-80.57   	-42.42   	  5.98   	  15.26		
-76.29   	-41.20   	  6.04   	  10.17		
-67.14   	-36.93   	  6.08   	  10.17		
-57.98   	-31.74   	  6.12   	   5.09		
-54.32   	-27.47   	  6.14   	   5.09		
-58.59   	-23.50   	  6.16   	   0.00		
-65.92   	-18.31   	  6.16   	  -5.09		
-72.02   	-13.73   	  6.14   	   0.00		
-71.72   	-12.51   	  6.14   	   0.00		
-62.87   	-14.65   	  6.14   	   0.00		
-46.69   	-14.65   	  6.14   	  10.17		
-26.25   	 -6.71   	  6.19   	   5.09		
 -7.02   	 10.38   	  6.21   	  15.26		
  3.97   	 28.99   	  6.27   	  10.17		
  1.83   	 40.28   	  6.31   	  15.26		
-12.21   	 42.72   	  6.37   	  15.26		
-26.86   	 42.11   	  6.43   	  15.26		
-29.91   	 42.72   	  6.49   	  10.17		
-16.78   	 42.72   	  6.53   	   5.09		
  6.41   	 38.15   	  6.55   	   0.00		
 25.63   	 28.69   	  6.55   	   0.00		
 32.65   	 20.14   	  6.55   	 -10.17		
 28.99   	 18.92   	  6.51   	 -10.17		
 22.89   	 25.02   	  6.47   	 -10.17		
 19.84   	 32.65   	  6.43   	 -10.17		
 18.92   	 35.71   	  6.39   	 -10.17		
 14.34   	 32.65   	  6.35   	  -5.09		
  3.97   	 25.33   	  6.33   	  -5.09		
 -7.02   	 16.78   	  6.31   	   0.00		
-12.51   	  7.63   	  6.31   	  10.17		
-10.68   	 -2.14   	  6.35   	  10.17		
 -3.66   	-12.21   	  6.39   	  15.26		
  3.36   	-19.84   	  6.45   	  20.35		
  6.71   	-23.50   	  6.53   	  25.43		
  8.24   	-21.06   	  6.63   	  25.43		
  9.16   	-13.73   	  6.73   	  30.52		
  7.02   	 -6.71   	  6.86   	  35.61		
  1.53   	 -6.41   	  7.00   	  35.61		
 -5.19   	-14.95   	  7.14   	  30.52		
-10.07   	-24.11   	  7.26   	  35.61		
 -9.77   	-23.80   	  7.41   	  25.43		
 -7.02   	-10.07   	  7.51   	  30.52		
 -7.02   	  8.85   	  7.63   	  20.35		
 -9.16   	 19.84   	  7.71   	  20.35		
 -8.24   	 14.04   	  7.79   	  20.35		
 -0.92   	 -6.10   	  7.87   	  25.43		
  9.16   	-28.69   	  7.98   	  20.35		
 12.82   	-43.95   	  8.06   	  30.52		
  4.27   	-47.30   	  8.18   	  35.61		
-11.60   	-39.98   	  8.32   	  45.78		
-22.58   	-25.02   	  8.50   	  45.78		
-21.06   	 -9.77   	  8.69   	  50.86		
 -9.77   	 -0.61   	  8.89   	  50.86		
  0.92   	 -2.14   	  9.09   	  50.86		
  3.97   	-12.82   	  9.30   	  50.86		
  3.97   	-27.77   	  9.50   	  35.61		
  7.63   	-42.11   	  9.64   	  35.61		
 14.65   	-53.41   	  9.79   	  20.35		
 17.70   	-58.59   	  9.87   	  15.26		
  9.46   	-55.24   	  9.93   	   0.00		
 -8.24   	-40.59   	  9.93   	   0.00		
-24.11   	-17.09   	  9.93   	 -10.17		
-25.33   	  5.49   	  9.89   	 -15.26		
-12.51   	 16.17   	  9.83   	 -10.17		
  3.66   	 12.51   	  9.79   	 -10.17		
 11.90   	 -0.31   	  9.75   	  -5.09		
  8.54   	-14.95   	  9.73   	   0.00		
 -2.14   	-26.55   	  9.73   	  10.17		
-10.99   	-36.93   	  9.77   	  20.35		
-11.60   	-49.44   	  9.85   	  25.43		
 -3.05   	-60.12   	  9.95   	  35.61		
  8.85   	-59.51   	 10.09   	  40.69		
 15.26   	-39.37   	 10.25   	  40.69		
 10.07   	 -5.49   	 10.42   	  45.78		
 -3.36   	 25.94   	 10.60   	  40.69		
-14.34   	 37.54   	 10.76   	  40.69		
-12.51   	 24.72   	 10.93   	  35.61		
  0.00   	  0.00   	 11.07   	  30.52		
 12.51   	-18.31   	 11.19   	  25.43		
 14.34   	-20.14   	 11.29   	  15.26		
  7.02   	-11.29   	 11.35   	  10.17		
 -0.61   	 -3.36   	 11.39   	   5.09		
  0.31   	 -5.19   	 11.41(V)	   0.00		
  7.32   	-15.26   	 11.41   	  -5.09		
 12.82   	-25.02   	 11.39   	   0.00		
 10.38   	-29.30   	 11.39   	  -5.09		
  0.92   	-29.60   	 11.37   	   0.00		
 -9.77   	-32.96   	 11.37   	   0.00		
-15.87   	-44.86   	 11.37   	   5.09		
-14.95   	-62.56   	 11.39   	   5.09		
 -7.02   	-76.60   	 11.41   	  10.17		
  4.58   	-75.38   	 11.45   	  10.17		
 14.04   	-55.85   	 11.50   	  15.26		
 16.17   	-24.41   	 11.56   	  15.26		
  9.16   	  7.93   	 11.62   	  15.26		
 -3.36   	 30.21   	 11.68   	  15.26		
-13.12   	 36.32   	 11.74   	  15.26		
-15.26   	 27.47   	 11.80   	  15.26		
-10.68   	 10.07   	 11.86   	  10.17		
 -4.58   	 -7.93   	 11.90   	  15.26		
 -1.83   	-18.92   	 11.96   	  10.17		
 -2.75   	-20.14   	 12.00   	   5.09		
 -3.66   	-15.87   	 12.02   	  10.17		
  0.00   	-11.60   	 12.07   	  10.17		
  9.46   	 -8.24   	 12.11   	   5.09		
 19.84   	 -5.49   	 12.13   	  10.17		
 23.50   	 -1.53   	 12.17   	  10.17		
 17.70   	  2.14   	 12.21   	   5.09		
  3.97   	  1.83   	 12.23   	  10.17		
-10.68   	 -4.27   	 12.27   	   5.09		
-19.84   	-15.56   	 12.29   	  10.17		
-22.58   	-30.21   	 12.33   	   5.09		
-19.84   	-43.33   	 12.35   	   5.09		
-13.12   	-48.22   	 12.37   	   5.09		
 -3.05   	-40.59   	 12.39   	   5.09		
 10.07   	-23.50   	 12.41   	   0.00		
 22.89   	 -7.63   	 12.41   	   5.09		
 29.91   	 -3.66   	 12.43   	   0.00		
 25.63   	 -9.77   	 12.43   	   0.00		
 10.99   	-10.68   	 12.43   	   0.00		
 -6.10   	  6.71   	 12.43   	   0.00		
-15.87   	 39.67   	 12.43   	   0.00		
-11.29   	 72.02   	 12.43   	   5.09		
  3.66   	 86.36   	 12.45   	   0.00		
 17.70   	 83.01   	 12.45   	  10.17		
 21.06   	 77.82   	 12.49   	   5.09		
 12.82   	 83.31   	 12.51   	  10.17		
  1.83   	 97.96   	 12.55   	  10.17		
 -2.75   	110.47   	 12.59   	  10.17		
  1.22   	112.30   	 12.63   	  10.17		
 10.68   	108.34   	 12.68   	  15.26		
 20.75   	112.61   	 12.74   	  10.17		
 31.43   	131.84   	 12.78   	  10.17		
 43.03   	158.39   	 12.82   	  10.17		
 54.02   	178.22   	 12.86   	  10.17		
 60.42   	181.27   	 12.90   	   5.09		
 59.51   	172.12   	 12.92   	  10.17		
 53.41   	166.32   	 12.96   	   5.09		
 47.00   	174.26   	 12.98   	  10.17		
 44.86   	194.40   	 13.02   	   0.00		
 47.00   	211.79   	 13.02   	   5.09		
 49.13   	209.05   	 13.04   	   5.09		
 46.08   	178.53   	 13.06   	  -5.09		
 37.23   	127.56   	 13.04   	   0.00		
 23.80   	 73.55   	 13.04   	  -5.09		
 10.07   	 31.13   	 13.02   	  -5.09		
  0.92   	  3.66   	 13.00   	  -5.09		
 -2.44   	-18.31   	 12.98   	 -10.17		
 -0.61   	-44.25   	 12.94   	 -15.26		
  3.36   	-72.63   	 12.88   	 -10.17		
  5.19   	-88.20   	 12.84   	 -20.35		
  2.75   	-75.38   	 12.76   	 -15.26		
 -3.36   	-36.93   	 12.70   	 -20.35		
 -8.54   	  2.75   	 12.61   	 -20.35		
 -7.93   	 16.17   	 12.53   	 -20.35		
 -3.97   	 -6.10   	 12.45   	 -15.26		
 -0.92   	-46.39   	 12.39   	 -10.17		
 -2.75   	-75.68   	 12.35   	 -10.17		
 -7.63   	-79.04   	 12.31   	   0.00		
-11.29   	-65.00   	 12.31   	   5.09		
-11.90   	-57.07   	 12.33   	  20.35		
-15.56   	-72.94   	 12.41   	  30.52		
-26.25   	-104.98   	 12.53   	  40.69		
-40.59   	-125.12   	 12.70   	  55.95		
-45.78   	-105.29   	 12.92   	  66.12		
-28.38   	-31.43   	 13.18   	  71.21		
 18.01   	 94.91   	 13.47   	  71.21		
 88.20   	270.39   	 13.75   	  71.21		
172.42   	498.35   	 14.04   	  66.12		
264.59   	777.28   	 14.30   	  55.95		
354.61   	1057.13   	 14.53   	  71.21		
444.64   	1210.33(R)	 14.81   	  10.17		
409.85   	952.15   	 14.85   	  -5.09		
328.67   	534.06   	 14.83   	 -15.26		
234.07   	109.86   	 14.77   	 -20.35		
159.00   	-180.36   	 14.69   	 -30.52		
114.44   	-286.87   	 14.57   	 -25.43		
 88.20   	-253.91   	 14.47   	 -25.43		
 61.04   	-166.93   	 14.36   	 -20.35		
 27.16   	-97.05   	 14.28   	  -5.09		
 -5.49   	-70.80   	 14.26   	   0.00		
-26.55   	-73.24   	 14.26   	  10.17		
-30.82   	-78.43   	 14.30   	  15.26		
-24.11   	-75.38   	 14.36   	  15.26		
-15.56   	-71.11   	 14.43   	  20.35		
-12.21   	-76.60   	 14.51   	  15.26		
-15.87   	-95.52   	 14.57   	  15.26		
-22.89   	-118.41   	 14.63   	  10.17		
-28.69   	-132.75   	 14.67   	   5.09		
-31.13   	-133.06   	 14.69   	   5.09		
-31.74   	-126.95   	 14.71   	   5.09		
-32.65   	-125.12   	 14.73   	   0.00		
-36.01   	-131.84   	 14.73   	  -5.09		
-39.98   	-142.82   	 14.71   	   0.00		
-41.81   	-152.89   	 14.71   	   0.00		
-41.20   	-157.47   	 14.71   	   0.00		
-37.84   	-156.56   	 14.71   	   0.00		
-32.65   	-150.15   	 14.71   	   5.09		
-26.86   	-141.30   	 14.73   	   5.09		
-23.80   	-134.58   	 14.75   	  15.26		
-25.63   	-134.89   	 14.81   	  20.35		
-31.43   	-142.21   	 14.89   	  20.35		
-36.32   	-152.28   	 14.97   	  25.43		
-34.79   	-158.39   	 15.08   	  25.43		
-28.08   	-158.69   	 15.18   	  30.52		
-24.11   	-157.78   	 15.30   	  20.35		
-28.99   	-160.52   	 15.38   	  20.35		
-39.37   	-166.02   	 15.46   	  10.17		
-47.61   	-166.63   	 15.50   	   5.09		
-47.61   	-155.33   	 15.52(A)	 -10.17		
-40.89   	-133.97   	 15.48   	 -15.26		
-31.74   	-115.36   	 15.42   	 -25.43		
-24.72   	-112.00   	 15.32   	 -30.52		
-22.28   	-124.82   	 15.20   	 -35.61		
-25.63   	-141.30   	 15.06   	 -30.52		
-36.01   	-146.18   	 14.93   	 -30.52		
-50.96   	-135.50   	 14.81   	 -25.43		
-61.04   	-118.41   	 14.71   	 -20.35		
-56.46   	-107.42   	 14.63   	 -15.26		
-37.54   	-108.03   	 14.57   	  -5.09		
-15.56   	-114.44   	 14.55   	 -10.17		
 -5.80   	-115.66   	 14.51   	   0.00		
-14.95   	-107.42   	 14.51   	  -5.09		
-35.40   	-94.91   	 14.49   	 -10.17		
-53.10   	-87.28   	 14.45   	  -5.09		
-58.59   	-89.72   	 14.43   	 -15.26		
-52.49   	-97.66   	 14.36   	 -20.35		
-42.72   	-101.62   	 14.28   	 -25.43		
-38.45   	-96.74   	 14.18   	 -30.52		
-43.64   	-84.84   	 14.06   	 -30.52		
-54.63   	-73.55   	 13.94   	 -30.52		
-65.31   	-68.36   	 13.81   	 -30.52		
-70.80   	-68.36   	 13.69   	 -25.43		
-68.97   	-68.05   	 13.59   	 -25.43		
-60.73   	-62.87   	 13.49   	 -15.26		
-51.27   	-52.80   	 13.43   	 -10.17		
-45.17   	-41.50   	 13.39   	  -5.09		
-45.47   	-35.10   	 13.37   	  -5.09		
-53.10   	-36.32   	 13.35   	   5.09		
-64.70   	-41.50   	 13.37   	   5.09		
-76.29   	-43.03   	 13.39   	   5.09		
-84.53   	-33.57   	 13.41   	  10.17		
-87.89   	-13.73   	 13.45   	  10.17		
-85.75   	  6.71   	 13.49   	   5.09		
-77.51   	 15.87   	 13.51   	   5.09		
-63.78   	  9.77   	 13.53   	   5.09		
-48.83   	 -4.88   	 13.55   	  -5.09		
-37.54   	-18.01   	 13.53   	  -5.09		
-33.57   	-22.89   	 13.51   	 -10.17		
-36.01   	-20.45   	 13.47   	 -15.26		
-38.76   	-16.17   	 13.41   	 -20.35		
-37.23   	-12.51   	 13.33   	 -20.35		
-29.91   	 -8.85   	 13.25   	 -20.35		
-20.14   	 -4.27   	 13.16   	 -20.35		
-12.51   	  0.00   	 13.08   	 -15.26		
 -9.77   	  0.00   	 13.02   	 -15.26		
 -9.46   	 -5.80   	 12.96   	 -10.17		
 -6.41   	-13.73   	 12.92   	  -5.09		
  3.05   	-18.31   	 12.90   	   0.00		
 14.95   	-18.92   	 12.90   	   5.09		
 23.19   	-19.53   	 12.92   	   5.09		
 21.97   	-26.86   	 12.94   	  10.17		
 12.21   	-43.03   	 12.98   	  10.17		
  0.92   	-58.90   	 13.02   	   5.09		
 -3.36   	-58.59   	 13.04   	   5.09		
  2.14   	-32.65   	 13.06   	   5.09		
 12.21   	 12.21   	 13.08   	   0.00		
 19.53   	 54.02   	 13.08   	  -5.09		
 19.23   	 69.27   	 13.06   	 -10.17		
 11.29   	 51.27   	 13.02   	 -10.17		
  0.31   	 14.04   	 12.98   	 -15.26		
 -7.32   	-17.09   	 12.92   	 -20.35		
 -9.46   	-25.02   	 12.84   	 -15.26		
 -7.63   	-12.51   	 12.78   	 -20.35		
 -5.80   	  4.88   	 12.70   	 -20.35		
 -4.58   	 11.90   	 12.61   	 -20.35		
 -2.75   	  3.97   	 12.53   	 -15.26		
  1.83   	-10.68   	 12.47   	 -20.35		
 10.07   	-20.14   	 12.39   	 -15.26		
 17.70   	-19.84   	 12.33   	 -10.17		
 20.45   	-13.43   	 12.29   	 -10.17		
 16.17   	 -8.85   	 12.25   	  -5.09		
  6.71   	-11.90   	 12.23   	   5.09		
 -2.75   	-21.36   	 12.25   	  10.17		
 -7.02   	-29.91   	 12.29   	  20.35		
 -6.10   	-30.82   	 12.37   	  25.43		
 -1.83   	-24.41   	 12.47   	  30.52		
  1.53   	-19.53   	 12.59   	  40.69		
  0.31   	-25.02   	 12.76   	  40.69		
 -3.97   	-43.03   	 12.92   	  45.78		
 -7.63   	-63.78   	 13.10   	  40.69		
 -7.63   	-71.41   	 13.27   	  40.69		
 -2.44   	-56.76   	 13.43   	  40.69		
  3.36   	-26.55   	 13.59   	  30.52		
  2.75   	  1.53   	 13.71   	  20.35		
 -3.97   	 12.51   	 13.79   	  15.26		
-11.90   	  4.58   	 13.86   	   0.00		
-14.04   	 -9.16   	 13.86(V)	   0.00		
 -5.49   	-14.04   	 13.86   	 -10.17		
  7.32   	 -8.85   	 13.81   	 -15.26		
 13.12   	 -4.27   	 13.75   	 -15.26		
  7.93   	 -8.54   	 13.69   	 -20.35		
 -1.22   	-18.92   	 13.61   	 -15.26		
 -3.05   	-25.33   	 13.55   	 -15.26		
  4.58   	-19.84   	 13.49   	 -10.17		
 14.95   	 -5.49   	 13.45   	 -10.17		
 16.48   	  4.27   	 13.41   	   0.00		
  6.41   	  0.31   	 13.41   	   0.00		
 -7.32   	-15.87   	 13.41   	   0.00		
-16.17   	-33.87   	 13.41   	   5.09		
-17.40   	-42.11   	 13.43   	   5.09		
-13.12   	-33.87   	 13.45   	   5.09		
 -7.32   	-13.43   	 13.47   	   5.09		
 -0.31   	  8.24   	 13.49   	   0.00		
  7.32   	 18.31   	 13.49   	   0.00		
 11.29   	  6.71   	 13.49   	   0.00		
  7.32   	-23.50   	 13.49   	  -5.09		
 -3.05   	-54.93   	 13.47   	   0.00		
-12.82   	-65.92   	 13.47   	   0.00		
-15.26   	-45.78   	 13.47   	   0.00		
-10.68   	 -3.66   	 13.47   	   0.00		
 -4.88   	 36.32   	 13.47   	   5.09		
 -2.75   	 51.57   	 13.49   	   5.09		
 -4.88   	 37.84   	 13.51   	   5.09		
 -5.49   	 10.68   	 13.53   	   5.09		
 -1.83   	 -9.16   	 13.55   	  10.17		
  4.58   	-12.51   	 13.59   	   5.09		
  9.46   	 -4.88   	 13.61   	  10.17		
 10.07   	  1.22   	 13.65   	   5.09		
  6.41   	 -3.05   	 13.67   	   0.00		
  1.83   	-20.14   	 13.67   	   5.09		
 -1.53   	-47.61   	 13.69   	  -5.09		
 -2.44   	-76.60   	 13.67   	   0.00		
 -1.83   	-93.38   	 13.67   	  -5.09		
 -1.53   	-83.92   	 13.65   	  -5.09		
 -2.75   	-42.42   	 13.63   	 -10.17		
 -5.80   	 17.09   	 13.59   	  -5.09		
 -6.71   	 66.53   	 13.57   	 -10.17		
 -0.92   	 82.09   	 13.53   	 -10.17		
 10.68   	 61.65   	 13.49   	 -10.17		
 21.36   	 23.80   	 13.45   	  -5.09		
 23.80   	 -9.46   	 13.43   	 -10.17		
 12.82   	-27.16   	 13.39   	 -10.17		
 -7.02   	-31.74   	 13.35   	  -5.09		
-24.41   	-28.99   	 13.33   	 -10.17		
-31.13   	-21.67   	 13.29   	 -10.17		
-27.47   	-10.68   	 13.25   	 -10.17		
-17.70   	  0.31   	 13.20   	  -5.09		
 -3.97   	  6.10   	 13.18   	 -10.17		
 12.21   	  4.88   	 13.14   	 -10.17		
 26.25   	  0.61   	 13.10   	  -5.09		
 32.35   	 -1.83   	 13.08   	 -10.17		
 23.50   	 -3.66   	 13.04   	   0.00		
  0.00   	 -9.16   	 13.04   	  -5.09		
-25.02   	-19.53   	 13.02   	  -5.09		
-34.48   	-27.16   	 13.00   	   5.09		
-23.19   	-18.62   	 13.02   	   0.00		
 -0.92   	 14.34   	 13.02   	   5.09		
 17.70   	 65.00   	 13.04   	   5.09		
 24.41   	113.53   	 13.06   	  10.17		
 21.06   	139.16   	 13.10   	  10.17		
 13.43   	130.62   	 13.14   	  15.26		
  4.88   	 96.13   	 13.20   	  10.17		
 -3.36   	 58.59   	 13.25   	  10.17		
 -8.24   	 40.28   	 13.29   	  10.17		
 -3.05   	 52.49   	 13.33   	   5.09		
 14.04   	 89.11   	 13.35   	   5.09		
 35.10   	133.67   	 13.37   	   0.00		
 47.91   	169.37   	 13.37   	  -5.09		
 46.39   	187.07   	 13.35   	  -5.09		
 34.79   	187.07   	 13.33   	 -10.17		
 23.80   	176.39   	 13.29   	 -10.17		
 21.67   	163.88   	 13.25   	 -15.26		
 29.91   	157.17   	 13.18   	 -20.35		
 44.25   	157.78   	 13.10   	 -20.35		
 58.59   	160.83   	 13.02   	 -15.26		
 65.61   	159.00   	 12.96   	 -20.35		
 61.34   	149.84   	 12.88   	 -15.26		
 47.61   	136.72   	 12.82   	 -15.26		
 30.21   	124.82   	 12.76   	 -10.17		
 15.56   	114.44   	 12.72   	 -10.17		
  7.93   	100.71   	 12.68   	   0.00		
  4.58   	 77.82   	 12.68   	   0.00		
  1.83   	 44.86   	 12.68   	   0.00		
 -2.75   	  9.16   	 12.68   	   5.09		
 -7.02   	-23.19   	 12.70   	   0.00		
 -9.77   	-52.49   	 12.70   	   5.09		
-11.29   	-79.35   	 12.72   	  -5.09		
-13.43   	-100.71   	 12.70   	 -10.17		
-16.78   	-108.03   	 12.66   	 -15.26		
-20.45   	-92.47   	 12.59   	 -15.26		
-21.06   	-56.15   	 12.53   	 -25.43		
-15.56   	-13.73   	 12.43   	 -20.35		
 -5.19   	 14.04   	 12.35   	 -15.26		
  4.27   	 14.95   	 12.29   	 -10.17		
  6.71   	 -7.93   	 12.25   	   5.09		
  0.61   	-42.11   	 12.27   	  15.26		
 -8.85   	-74.16   	 12.33   	  25.43		
-16.78   	-95.21   	 12.43   	  40.69		
-22.89   	-102.54   	 12.59   	  50.86		
-29.91   	-94.91   	 12.80   	  61.04		
-36.32   	-64.09   	 13.04   	  61.04		
-31.43   	  6.71   	 13.29   	  61.04		
  3.36   	138.55   	 13.53   	  55.95		
 81.18   	351.26   	 13.75   	  50.86		
198.36   	643.31   	 13.96   	  35.61		
328.37   	964.97   	 14.10   	  40.69		
475.16   	1263.43(R)	 14.26   	   5.09		
449.22   	1071.47   	 14.28   	   0.00		
372.01   	674.74   	 14.28   	  -5.09		
280.76   	208.44   	 14.26   	  -5.09		
205.69   	-170.90   	 14.24   	  -5.09		
154.72   	-368.65   	 14.22   	   0.00		
115.05   	-379.33   	 14.22   	  10.17		
 70.80   	-263.98   	 14.26   	  20.35		
 20.45   	-108.95   	 14.34   	  30.52		
-22.58   	  9.77   	 14.47   	  45.78		
-45.17   	 51.88   	 14.65   	  50.86		
-45.17   	 20.14   	 14.85   	  50.86		
-32.96   	-51.88   	 15.06   	  55.95		
-22.28   	-120.24   	 15.28   	  45.78		
-20.14   	-155.64   	 15.46   	  35.61		
-24.11   	-157.78   	 15.61   	  25.43		
-27.77   	-144.96   	 15.71(A)	   0.00		
-30.52   	-133.36   	 15.71   	 -10.17		
-34.18   	-128.17   	 15.67   	 -20.35		
-39.06   	-125.73   	 15.58   	 -35.61		
-43.64   	-123.60   	 15.44   	 -35.61		
-44.86   	-120.85   	 15.30   	 -40.69		
-39.37   	-119.02   	 15.14   	 -35.61		
-30.21   	-119.32   	 14.99   	 -30.52		
-23.80   	-122.68   	 14.87   	 -30.52		
-23.80   	-129.09   	 14.75   	 -20.35		
-30.52   	-139.16   	 14.67   	 -20.35		
-39.37   	-151.98   	 14.59   	 -15.26		
-43.03   	-162.66   	 14.53   	 -20.35		
-40.89   	-167.24   	 14.45   	 -25.43		
-37.23   	-161.44   	 14.34   	 -35.61		
-35.10   	-145.26   	 14.20   	 -35.61		
-33.87   	-124.82   	 14.06   	 -40.69		
-30.82   	-111.39   	 13.90   	 -45.78		
-25.63   	-112.30   	 13.71   	 -50.86		
-24.11   	-125.43   	 13.51   	 -50.86		
-33.57   	-143.43   	 13.31   	 -45.78		
-52.49   	-156.25   	 13.12   	 -40.69		
-68.97   	-162.05   	 12.96   	 -35.61		
-71.41   	-161.74   	 12.82   	 -25.43		
-59.20   	-158.39   	 12.72   	 -20.35		
-43.33   	-150.76   	 12.63   	 -10.17		
-34.79   	-137.33   	 12.59   	   0.00		
-36.32   	-119.93   	 12.59   	  10.17		
-43.64   	-105.29   	 12.63   	  15.26		
-48.83   	-99.18   	 12.70   	  25.43		
-50.05   	-102.23   	 12.80   	  30.52		
-49.13   	-108.64   	 12.92   	  40.69		
-47.00   	-112.00   	 13.08   	  40.69		
-45.17   	-112.92   	 13.25   	  50.86		
-47.00   	-118.10   	 13.45   	  45.78		
-53.41   	-133.67   	 13.63   	  45.78		
-58.59   	-158.39   	 13.81   	  45.78		
-54.02   	-177.31   	 14.00   	  30.52		
-37.23   	-172.12   	 14.12   	  30.52		
-16.78   	-135.50   	 14.24   	  10.17		
 -9.77   	-79.04   	 14.28   	   5.09		
-23.19   	-27.16   	 14.30   	 -10.17		
-48.52   	 -0.31   	 14.26   	 -25.43		
-67.44   	 -3.05   	 14.16   	 -35.61		
-69.89   	-22.28   	 14.02   	 -45.78		
-59.81   	-40.59   	 13.84   	 -55.95		
-50.96   	-48.22   	 13.61   	 -61.04		
-50.35   	-46.69   	 13.37   	 -61.04		
-53.41   	-43.33   	 13.12   	 -61.04		
-54.63   	-41.81   	 12.88   	 -61.04		
-55.85   	-40.28   	 12.63   	 -61.04		
-63.78   	-35.71   	 12.39   	 -50.86		
-81.18   	-26.55   	 12.19   	 -50.86		
-97.96   	-15.26   	 11.98   	 -40.69		
-99.18   	 -5.49   	 11.82   	 -40.69		
-83.01   	 -2.14   	 11.66   	 -30.52		
-63.17   	 -5.80   	 11.54   	 -20.35		
-54.93   	-13.43   	 11.45   	 -15.26		
-61.34   	-22.58   	 11.39   	  -5.09		
-69.27   	-30.82   	 11.37   	   5.09		
-63.78   	-38.45   	 11.39   	  20.35		
-47.30   	-44.56   	 11.48   	  30.52		
-34.18   	-44.25   	 11.60   	  35.61		
-33.87   	-31.43   	 11.74   	  50.86		
-42.72   	 -5.80   	 11.94   	  50.86		
-47.30   	 22.58   	 12.15   	  55.95		
-37.23   	 39.67   	 12.37   	  55.95		
-14.65   	 34.79   	 12.59   	  45.78		
 10.38   	 11.60   	 12.78   	  45.78		
 25.33   	-15.56   	 12.96   	  35.61		
 24.72   	-33.87   	 13.10   	  25.43		
 11.90   	-37.84   	 13.20   	  10.17		
 -6.41   	-31.43   	 13.25   	   5.09		
-19.23   	-21.36   	 13.27   	  -5.09		
-19.23   	 -9.77   	 13.25   	 -10.17		
-10.68   	  4.27   	 13.20   	 -15.26		
 -2.44   	 21.67   	 13.14   	 -15.26		
 -0.61   	 38.15   	 13.08   	 -20.35		
 -4.27   	 46.39   	 13.00   	 -15.26		
 -3.66   	 40.89   	 12.94   	 -20.35		
  8.24   	 23.80   	 12.86   	 -15.26		
 26.55   	  3.05   	 12.80   	 -20.35		
 36.93   	-12.21   	 12.72   	 -25.43		
 28.69   	-15.87   	 12.61   	 -25.43		
  3.66   	 -8.85   	 12.51   	 -30.52		
-24.41   	  1.83   	 12.39   	 -35.61		
-38.45   	  7.63   	 12.25   	 -35.61		
-32.65   	  6.10   	 12.11   	 -40.69		
-14.04   	 -0.31   	 11.94   	 -45.78		
  4.27   	 -5.80   	 11.76   	 -40.69		
 16.17   	 -8.85   	 11.60   	 -40.69		
 21.06   	-13.43   	 11.43   	 -25.43		
 22.28   	-26.55   	 11.33   	 -20.35		
 18.31   	-47.61   	 11.25   	  -5.09		
  8.54   	-64.09   	 11.23   	   5.09		
 -4.27   	-60.12   	 11.25   	  20.35		
-14.04   	-30.21   	 11.33   	  35.61		
-16.17   	 13.12   	 11.48   	  40.69		
-10.07   	 46.08   	 11.64   	  50.86		
 -2.75   	 50.66   	 11.84   	  55.95		
  0.31   	 28.38   	 12.07   	  55.95		
  0.61   	 -4.88   	 12.29   	  55.95		
  0.00   	-32.35   	 12.51   	  50.86		
 -1.83   	-48.22   	 12.72   	  50.86		
 -5.80   	-54.32   	 12.92   	  35.61		
-12.82   	-54.63   	 13.06   	  30.52		
-20.14   	-49.74   	 13.18   	  25.43		
-22.58   	-36.62   	 13.29   	  15.26		
-17.09   	-15.87   	 13.35   	   5.09		
 -6.71   	  5.49   	 13.37   	  -5.09		
  3.05   	 19.84   	 13.35   	  -5.09		
  8.54   	 21.67   	 13.33   	 -20.35		
  8.24   	  9.77   	 13.25   	 -20.35		
  4.58   	-10.99   	 13.16   	 -25.43		
  1.83   	-32.35   	 13.06   	 -25.43		
  2.44   	-46.69   	 12.96   	 -20.35		
  4.88   	-49.13   	 12.88   	 -20.35		
  6.10   	-38.45   	 12.80   	 -10.17		
  2.75   	-18.62   	 12.76   	  -5.09		
 -6.10   	  2.44   	 12.74   	  10.17		
-16.17   	 16.78   	 12.78   	  15.26		
-21.06   	 18.01   	 12.84   	  30.52		
-16.78   	  5.19   	 12.96   	  30.52		
 -5.49   	-14.04   	 13.08   	  35.61		
  7.93   	-28.69   	 13.22   	  35.61		
 17.09   	-32.35   	 13.37   	  35.61		
 18.01   	-26.86   	 13.51   	  30.52		
 10.38   	-20.14   	 13.63   	  15.26		
 -1.83   	-18.31   	 13.69   	  10.17		
-13.12   	-21.36   	 13.73(V)	   0.00		
-18.62   	-24.41   	 13.73   	 -10.17		
-17.09   	-23.50   	 13.69   	 -15.26		
-10.38   	-19.23   	 13.63   	 -25.43		
 -2.44   	-15.56   	 13.53   	 -30.52		
  1.83   	-16.78   	 13.41   	 -25.43		
  2.14   	-21.06   	 13.31   	 -25.43		
  1.22   	-24.72   	 13.20   	 -20.35		
  0.92   	-23.80   	 13.12   	 -15.26		
  0.61   	-17.40   	 13.06   	 -10.17		
  0.61   	 -7.93   	 13.02   	  -5.09		
 -1.22   	 -1.53   	 13.00   	   0.00		
 -5.49   	 -2.14   	 13.00   	   5.09		
-10.07   	 -9.46   	 13.02   	   5.09		
-10.99   	-17.70   	 13.04   	   5.09		
 -7.32   	-19.84   	 13.06   	   0.00		
 -1.83   	-12.21   	 13.06   	   0.00		
  1.83   	  3.05   	 13.06   	   0.00		
  0.92   	 17.70   	 13.06   	  -5.09		
 -2.14   	 22.58   	 13.04   	  -5.09		
 -1.83   	 15.56   	 13.02   	 -10.17		
  3.05   	  2.14   	 12.98   	  -5.09		
  9.16   	-10.07   	 12.96   	 -10.17		
 10.07   	-17.40   	 12.92   	  -5.09		
  3.05   	-21.36   	 12.90   	  -5.09		
 -6.71   	-27.16   	 12.88   	   0.00		
-10.99   	-36.62   	 12.88   	   0.00		
 -7.02   	-47.00   	 12.88   	   0.00		
  0.61   	-52.19   	 12.88   	   5.09		
  3.97   	-48.83   	 12.90   	   5.09		
 -1.53   	-38.15   	 12.92   	   5.09		
-12.51   	-22.28   	 12.94   	   5.09		
-19.23   	 -5.19   	 12.96   	   5.09		
-13.73   	 10.07   	 12.98   	   0.00		
  0.92   	 21.06   	 12.98   	   5.09		
 13.12   	 25.94   	 13.00   	   5.09		
 12.82   	 25.02   	 13.02   	   0.00		
 -0.92   	 20.45   	 13.02   	   0.00		
-17.40   	 14.34   	 13.02   	   0.00		
-20.75   	  9.77   	 13.02   	   0.00		
 -7.32   	 11.90   	 13.02   	   0.00		
 12.82   	 26.55   	 13.02   	   0.00		
 25.94   	 56.15   	 13.02   	  -5.09		
 26.55   	 93.08   	 13.00   	 -10.17		
 21.06   	122.07   	 12.96   	 -10.17		
 17.70   	129.09   	 12.92   	 -10.17		
 20.14   	113.83   	 12.88   	 -10.17		
 21.67   	 89.72   	 12.84   	 -10.17		
 15.26   	 75.07   	 12.80   	 -15.26		
  3.97   	 78.74   	 12.74   	 -10.17		
 -3.36   	 96.44   	 12.70   	 -10.17		
  0.31   	118.71   	 12.66   	 -10.17		
 14.65   	138.55   	 12.61   	  -5.09		
 32.04   	152.59   	 12.59   	  -5.09		
 45.17   	157.17   	 12.57   	  -5.09		
 49.44   	150.45   	 12.55   	   0.00		
 45.78   	135.19   	 12.55   	   0.00		
 39.67   	122.38   	 12.55   	   5.09		
 36.62   	126.65   	 12.57   	   0.00		
 38.76   	151.37   	 12.57   	   0.00		
 44.56   	182.19   	 12.57   	   0.00		
 49.13   	197.45   	 12.57   	   0.00		
 46.39   	182.19   	 12.57   	   0.00		
 34.48   	140.08   	 12.57   	   0.00		
 17.40   	 87.28   	 12.57   	   0.00		
  2.75   	 40.59   	 12.57   	   0.00		
 -3.36   	  7.93   	 12.57   	   0.00		
  0.92   	-14.34   	 12.57   	   0.00		
 10.07   	-34.48   	 12.57   	  -5.09		
 15.56   	-55.85   	 12.55   	  -5.09		
 11.29   	-75.07   	 12.53   	  -5.09		
 -1.22   	-82.70   	 12.51   	 -15.26		
-15.87   	-72.63   	 12.45   	 -25.43		
-25.33   	-46.69   	 12.35   	 -25.43		
-27.16   	-17.70   	 12.25   	 -30.52		
-22.89   	 -0.92   	 12.13   	 -30.52		
-17.40   	 -4.88   	 12.00   	 -25.43		
-12.21   	-25.33   	 11.90   	 -20.35		
 -9.77   	-49.74   	 11.82   	 -10.17		
-11.29   	-68.05   	 11.78   	   5.09		
-17.70   	-79.96   	 11.80   	  15.26		
-28.08   	-96.13   	 11.86   	  30.52		
-39.37   	-123.60   	 11.98   	  45.78		
-47.61   	-153.50   	 12.17   	  55.95		
-46.69   	-159.30   	 12.39   	  61.04		
-30.52   	-103.76   	 12.63   	  66.12		
  7.93   	 39.06   	 12.90   	  66.12		
 77.21   	272.83   	 13.16   	  61.04		
177.92   	575.56   	 13.41   	  50.86		
298.77   	899.66   	 13.61   	  66.12		
479.13   	1267.40(R)	 13.88   	  15.26		
475.77   	1152.95   	 13.94   	   5.09		
402.53   	826.11   	 13.96(A)	 -10.17		
292.97   	386.96   	 13.92   	 -20.35		
191.65   	-13.43   	 13.84   	 -20.35		
127.26   	-259.09   	 13.75   	 -30.52		
 98.57   	-324.10   	 13.63   	 -30.52		
 83.01   	-263.06   	 13.51   	 -25.43		
 61.34   	-160.22   	 13.41   	 -20.35		
 30.82   	-79.35   	 13.33   	 -10.17		
  1.22   	-43.95   	 13.29   	  -5.09		
-20.14   	-46.08   	 13.27   	   0.00		
-32.65   	-68.97   	 13.27   	  10.17		
-40.28   	-98.27   	 13.31   	   5.09		
-44.86   	-123.60   	 13.33   	  10.17		
-43.33   	-139.16   	 13.37   	   5.09		
-35.40   	-146.18   	 13.39   	  -5.09		
-26.86   	-150.76   	 13.37   	   0.00		
-24.72   	-153.81   	 13.37   	 -10.17		
-31.74   	-151.06   	 13.33   	  -5.09		
-42.72   	-137.63   	 13.31   	  -5.09		
-50.66   	-117.49   	 13.29   	  -5.09		
-50.35   	-102.54   	 13.27   	   0.00		
-43.64   	-100.71   	 13.27   	   0.00		
-35.71   	-111.08   	 13.27   	   5.09		
-30.82   	-123.90   	 13.29   	   5.09		
-29.60   	-129.70   	 13.31   	   5.09		
-32.04   	-130.00   	 13.33   	  10.17		
-37.84   	-134.89   	 13.37   	   5.09		
-44.25   	-149.84   	 13.39   	  10.17		
-47.00   	-168.15   	 13.43   	   5.09		
-42.72   	-177.00   	 13.45   	   5.09		
-33.26   	-167.85   	 13.47   	  10.17		
-26.55   	-145.26   	 13.51   	   5.09		
-29.60   	-122.07   	 13.53   	  10.17		
-41.20   	-109.86   	 13.57   	   5.09		
-52.80   	-111.08   	 13.59   	  10.17		
-55.54   	-119.32   	 13.63   	   5.09		
-47.91   	-126.65   	 13.65   	   5.09		
-35.71   	-130.62   	 13.67   	   0.00		
-28.69   	-135.19   	 13.67   	 -10.17		
-29.91   	-145.26   	 13.63   	 -10.17		
-37.23   	-160.83   	 13.59   	 -20.35		
-45.78   	-173.03   	 13.51   	 -25.43		
-50.05   	-170.90   	 13.41   	 -30.52		
-49.44   	-151.37   	 13.29   	 -35.61		
-47.61   	-123.60   	 13.14   	 -35.61		
-48.83   	-101.93   	 13.00   	 -40.69		
-52.49   	-97.35   	 12.84   	 -30.52		
-56.15   	-107.73   	 12.72   	 -30.52		
-53.71   	-122.07   	 12.59   	 -25.43		
-44.56   	-130.31   	 12.49   	 -20.35		
-32.96   	-128.78   	 12.41   	 -15.26		
-27.16   	-119.93   	 12.35   	  -5.09		
-31.13   	-107.42   	 12.33   	  -5.09		
-42.72   	-93.99   	 12.31   	  -5.09		
-56.15   	-83.31   	 12.29   	  -5.09		
-66.22   	-79.04   	 12.27   	  -5.09		
-70.80   	-79.65   	 12.25   	 -10.17		
-68.66   	-80.57   	 12.21   	 -15.26		
-62.87   	-78.13   	 12.15   	 -15.26		
-57.37   	-72.02   	 12.09   	 -20.35		
-53.10   	-65.61   	 12.00   	 -20.35		
-51.27   	-60.73   	 11.92   	 -20.35		
-51.57   	-55.85   	 11.84   	 -25.43		
-52.19   	-46.39   	 11.74   	 -20.35		
-54.02   	-32.65   	 11.66   	 -15.26		
-61.34   	-20.75   	 11.60   	 -10.17		
-73.24   	-14.65   	 11.56   	 -10.17		
-83.01   	-13.73   	 11.52   	  -5.09		
-85.14   	-15.26   	 11.50   	  -5.09		
-79.04   	-20.14   	 11.48   	 -10.17		
-68.36   	-29.30   	 11.43   	 -10.17		
-60.73   	-39.06   	 11.39   	 -20.35		
-59.20   	-40.59   	 11.31   	 -20.35		
-61.65   	-28.08   	 11.23   	 -25.43		
-61.34   	 -5.19   	 11.13   	 -25.43		
-55.24   	 13.43   	 11.03   	 -30.52		
-46.39   	 16.17   	 10.91   	 -30.52		
-39.06   	  5.19   	 10.78   	 -30.52		
-35.71   	 -7.32   	 10.66   	 -25.43		
-35.10   	-10.38   	 10.56   	 -25.43		
-31.74   	 -4.58   	 10.46   	 -20.35		
-22.89   	  0.92   	 10.38   	 -20.35		
-12.21   	 -3.36   	 10.29   	 -10.17		
 -4.58   	-18.31   	 10.25   	 -10.17		
 -2.75   	-38.15   	 10.21   	 -10.17		
 -4.27   	-54.02   	 10.17   	  -5.09		
 -3.66   	-60.42   	 10.15   	   0.00		
  2.14   	-53.41   	 10.15   	   0.00		
 11.60   	-33.26   	 10.15   	  -5.09		
 21.36   	 -4.27   	 10.13   	   0.00		
 25.33   	 26.55   	 10.13   	   0.00		
 21.97   	 49.13   	 10.13   	  -5.09		
 12.82   	 54.63   	 10.11   	  -5.09		
  1.22   	 42.11   	 10.09   	  -5.09		
 -6.71   	 17.70   	 10.07   	 -10.17		
 -6.71   	 -7.02   	 10.03   	 -10.17		
 -1.22   	-22.89   	  9.99   	 -15.26		
  3.36   	-27.47   	  9.93   	 -15.26		
  2.75   	-26.86   	  9.87   	 -20.35		
 -1.22   	-30.52   	  9.79   	 -20.35		
 -3.05   	-40.89   	  9.70   	 -25.43		
 -0.31   	-51.27   	  9.60   	 -30.52		
  3.36   	-49.44   	  9.48   	 -30.52		
  3.97   	-27.77   	  9.36   	 -35.61		
  0.92   	  7.32   	  9.22   	 -35.61		
 -1.53   	 37.23   	  9.07   	 -40.69		
  0.00   	 44.56   	  8.91   	 -35.61		
  4.58   	 26.25   	  8.77   	 -30.52		
  5.80   	 -4.58   	  8.65   	 -25.43		
 -0.61   	-29.60   	  8.55   	 -15.26		
-10.68   	-41.81   	  8.48   	  -5.09		
-18.92   	-45.78   	  8.46   	   5.09		
-20.45   	-48.83   	  8.48   	  15.26		
-14.34   	-52.80   	  8.55   	  25.43		
 -5.80   	-52.19   	  8.65   	  35.61		
  0.61   	-42.11   	  8.79   	  35.61		
  3.05   	-24.41   	  8.93   	  35.61		
  1.53   	 -7.63   	  9.07   	  35.61		
 -1.53   	  0.31   	  9.22   	  30.52		
 -5.19   	 -2.75   	  9.34   	  25.43		
 -8.24   	-13.73   	  9.44   	  15.26		
-10.07   	-28.38   	  9.50   	  10.17		
-10.99   	-41.20   	  9.54(V)	   0.00		
-11.29   	-48.52   	  9.54   	  -5.09		
-10.99   	-48.83   	  9.52   	 -15.26		
-10.07   	-42.42   	  9.46   	 -15.26		
 -8.24   	-31.13   	  9.40   	 -15.26		
 -5.19   	-17.70   	  9.34   	 -20.35		
 -1.22   	 -6.10   	  9.26   	 -15.26		
 -0.61   	 -0.92   	  9.20   	 -15.26		
 -3.66   	 -5.80   	  9.14   	 -10.17		
 -7.93   	-21.06   	  9.09   	  -5.09		
-10.38   	-39.06   	  9.07   	  -5.09		
 -7.93   	-48.83   	  9.05   	  -5.09		
 -0.31   	-42.72   	  9.03   	   0.00		
  7.02   	-23.50   	  9.03   	   0.00		
  9.46   	 -0.92   	  9.03   	   0.00		
  4.88   	 13.12   	  9.03   	  -5.09		
 -3.05   	 14.04   	  9.01   	  -5.09		
 -9.77   	  4.58   	  8.99   	 -10.17		
-11.60   	-10.38   	  8.95   	 -15.26		
-10.68   	-28.38   	  8.89   	 -15.26		
-10.99   	-48.22   	  8.83   	 -20.35		
-14.65   	-65.00   	  8.75   	 -15.26		
-19.84   	-69.27   	  8.69   	 -20.35		
-22.28   	-52.19   	  8.61   	 -20.35		
-17.40   	-16.48   	  8.52   	 -15.26		
 -5.80   	 21.36   	  8.46   	 -15.26		
  6.71   	 40.28   	  8.40   	 -10.17		
 14.34   	 28.99   	  8.36   	 -10.17		
 11.90   	 -6.10   	  8.32   	  -5.09		
 -0.61   	-47.91   	  8.30   	   0.00		
-17.40   	-79.35   	  8.30   	   0.00		
-29.30   	-89.42   	  8.30   	   5.09		
-29.30   	-75.07   	  8.32   	   5.09		
-16.48   	-39.06   	  8.34   	   5.09		
  0.00   	  7.32   	  8.36   	  10.17		
  8.54   	 45.17   	  8.40   	   5.09		
  6.10   	 57.98   	  8.42   	   5.09		
 -1.53   	 43.95   	  8.44   	   5.09		
 -5.80   	 15.87   	  8.46   	   0.00		
 -3.05   	 -9.46   	  8.46   	  -5.09		
  0.92   	-24.72   	  8.44   	  -5.09		
 -1.53   	-30.82   	  8.42   	 -10.17		
-10.07   	-32.65   	  8.38   	 -15.26		
-17.09   	-28.08   	  8.32   	 -20.35		
-15.56   	-14.95   	  8.24   	 -15.26		
 -5.49   	  2.44   	  8.18   	 -25.43		
  3.97   	 14.65   	  8.08   	 -20.35		
  5.80   	 13.43   	  8.00   	 -20.35		
 -1.22   	 -1.83   	  7.91   	 -20.35		
-10.38   	-22.28   	  7.83   	 -20.35		
-15.26   	-36.62   	  7.75   	 -15.26		
-13.73   	-38.15   	  7.69   	 -10.17		
 -8.85   	-25.63   	  7.65   	 -15.26		
 -5.19   	 -5.49   	  7.59   	  -5.09		
 -4.27   	 11.60   	  7.57   	  -5.09		
 -4.58   	 17.70   	  7.55   	  -5.09		
 -4.88   	 10.99   	  7.53   	   0.00		
 -3.97   	 -3.66   	  7.53   	   5.09		
 -3.05   	-16.48   	  7.55   	   5.09		
 -3.36   	-19.53   	  7.57   	   5.09		
 -4.88   	 -8.85   	  7.59   	   5.09		
 -7.02   	 13.73   	  7.61   	   5.09		
 -7.93   	 44.25   	  7.63   	   5.09		
 -6.71   	 73.85   	  7.65   	   5.09		
 -3.97   	 93.08   	  7.67   	   0.00		
  0.00   	 97.66   	  7.67   	   0.00		
  5.49   	 90.64   	  7.67   	  -5.09		
 12.21   	 79.35   	  7.65   	 -10.17		
 19.23   	 71.72   	  7.61   	 -10.17		
 23.19   	 72.33   	  7.57   	 -15.26		
 20.14   	 83.62   	  7.51   	 -20.35		
 10.38   	105.90   	  7.43   	 -20.35		
  0.61   	137.63   	  7.34   	 -20.35		
 -0.31   	171.51   	  7.26   	 -25.43		
 13.73   	196.84   	  7.16   	 -25.43		
 36.93   	205.08   	  7.06   	 -20.35		
 56.76   	198.06   	  6.98   	 -15.26		
 63.78   	183.72   	  6.92   	 -15.26		
 58.29   	170.90   	  6.86   	 -10.17		
 49.13   	160.52   	  6.82   	  -5.09		
 44.25   	148.01   	  6.80   	   0.00		
 39.98   	128.17   	  6.80   	  10.17		
 28.99   	100.40   	  6.84   	   5.09		
  8.24   	 67.75   	  6.86   	  15.26		
-14.04   	 36.01   	  6.92   	  10.17		
-23.80   	 10.99   	  6.96   	  15.26		
-14.65   	 -5.49   	  7.02   	   5.09		
  3.05   	-15.87   	  7.04   	   0.00		
 13.43   	-26.25   	  7.04   	  -5.09		
  8.24   	-39.37   	  7.02   	  -5.09		
 -6.71   	-53.41   	  7.00   	 -15.26		
-18.01   	-61.65   	  6.94   	 -15.26		
-17.40   	-59.20   	  6.88   	 -15.26		
-10.07   	-51.27   	  6.82   	 -15.26		
 -8.85   	-48.22   	  6.75   	 -15.26		
-19.23   	-55.85   	  6.69   	 -15.26		
-33.57   	-69.89   	  6.63   	 -10.17		
-39.37   	-80.87   	  6.59   	 -10.17		
-31.74   	-82.40   	  6.55   	 -10.17		
-15.26   	-76.90   	  6.51   	 -10.17		
 -3.05   	-73.55   	  6.47   	 -10.17		
 -4.58   	-78.13   	  6.43   	   0.00		
-17.09   	-86.98   	  6.43   	   5.09		
-30.82   	-90.94   	  6.45   	  10.17		
-35.40   	-77.82   	  6.49   	  20.35		
-22.89   	-30.52   	  6.57   	  30.52		
 15.26   	 73.24   	  6.69   	  40.69		
 86.06   	255.74   	  6.86   	  50.86		
190.43   	523.07   	  7.06   	  50.86		
313.42   	835.27   	  7.26   	  50.86		
420.84   	1094.06(R)	  7.47   	  91.56		
450.74   	1050.11   	  7.83   	  25.43		
364.38   	710.45   	  7.93   	  20.35		
252.69   	288.09   	  8.02   	   5.09		
156.56   	-70.19   	  8.04   	  -5.09		
 92.77   	-271.30   	  8.02   	 -20.35		
 56.46   	-309.75   	  7.93   	 -20.35		
 31.74   	-239.26   	  7.85   	 -25.43		
  8.54   	-133.97   	  7.75   	 -20.35		
-12.21   	-51.57   	  7.67   	 -20.35		
-26.86   	-17.70   	  7.59   	 -15.26		
-33.87   	-28.99   	  7.53   	 -15.26		
-34.79   	-68.36   	  7.47   	  -5.09		
-33.26   	-115.36   	  7.45   	  -5.09		
-30.82   	-154.72   	  7.43   	  -5.09		
-30.82   	-178.83   	  7.41   	  -5.09		
-34.48   	-185.85   	  7.39   	 -10.17		
-40.28   	-174.56   	  7.34   	 -10.17		
-42.11   	-147.09   	  7.30   	  -5.09		
-39.37   	-114.14   	  7.28   	   5.09		
-34.79   	-92.47   	  7.30   	  10.17		
-33.26   	-94.30   	  7.34   	  20.35		
-36.62   	-119.32   	  7.43   	  30.52		
-42.42   	-155.03   	  7.55   	  45.78		
-46.08   	-185.55   	  7.73   	  45.78		
-44.86   	-200.20   	  7.91   	  55.95		
-41.50   	-197.75   	  8.14   	  45.78		
-39.98   	-182.50   	  8.32   	  45.78		
-40.59   	-161.44   	  8.50   	  35.61		
-42.72   	-141.91   	  8.65   	  25.43		
-45.47   	-127.56   	  8.75   	  15.26		
-47.30   	-121.77   	  8.81(A)	   0.00		
-46.69   	-123.90   	  8.81   	  -5.09		
-42.72   	-135.50   	  8.79   	 -20.35		
-36.32   	-155.03   	  8.71   	 -20.35		
-31.13   	-178.53   	  8.63   	 -30.52		
-31.43   	-195.62   	  8.50   	 -25.43		
-37.54   	-194.70   	  8.40   	 -25.43		
-45.17   	-173.34   	  8.30   	 -25.43		
-51.27   	-142.52   	  8.20   	 -20.35		
-54.32   	-119.32   	  8.12   	 -15.26		
-56.46   	-116.88   	  8.06   	 -15.26		
-58.59   	-133.06   	  8.00   	 -15.26		
-56.15   	-152.89   	  7.93   	 -15.26		
-46.69   	-162.96   	  7.87   	 -10.17		
-32.65   	-161.74   	  7.83   	 -20.35		
-22.89   	-156.86   	  7.75   	 -15.26		
-24.72   	-154.72   	  7.69   	 -25.43		
-37.23   	-155.64   	  7.59   	 -25.43		
-55.24   	-153.50   	  7.49   	 -25.43		
-69.58   	-143.43   	  7.39   	 -35.61		
-72.02   	-127.87   	  7.24   	 -30.52		
-62.26   	-113.53   	  7.12   	 -35.61		
-46.08   	-105.90   	  6.98   	 -35.61		
-32.96   	-106.81   	  6.84   	 -35.61		
-31.74   	-113.83   	  6.69   	 -35.61		
-43.95   	-121.15   	  6.55   	 -30.52		
-59.81   	-123.29   	  6.43   	 -25.43		
-66.53   	-116.88   	  6.33   	 -30.52		
-60.12   	-101.32   	  6.21   	 -20.35		
-46.08   	-79.65   	  6.12   	 -20.35		
-37.23   	-60.12   	  6.04   	 -15.26		
-41.81   	-51.88   	  5.98   	 -10.17		
-57.68   	-59.20   	  5.94   	 -10.17		
-74.16   	-76.29   	  5.90   	 -10.17		
-81.79   	-90.33   	  5.86   	  -5.09		
-77.51   	-87.28   	  5.84   	  -5.09		
-66.83   	-62.87   	  5.82   	  -5.09		
-60.42   	-28.99   	  5.80   	   0.00		
-63.17   	 -3.97   	  5.80   	   0.00		
-70.19   	  0.92   	  5.80   	   0.00		
-72.63   	 -9.16   	  5.80   	   5.09		
-66.53   	-19.53   	  5.82   	   0.00		
-58.90   	-19.53   	  5.82   	   0.00		
-59.51   	-12.51   	  5.82   	   0.00		
-70.19   	 -7.93   	  5.82   	   0.00		
-79.35   	-10.68   	  5.82   	 -10.17		
-72.02   	-15.56   	  5.78   	  -5.09		
-45.47   	-15.87   	  5.76   	 -10.17		
-13.73   	-10.07   	  5.72   	  -5.09		
  3.36   	 -6.41   	  5.70   	 -10.17		
 -1.22   	-10.07   	  5.66   	  -5.09		
-16.17   	-16.78   	  5.64   	  -5.09		
-24.41   	-17.70   	  5.62   	  -5.09		
-19.23   	-10.38   	  5.60   	  -5.09		
 -8.85   	 -0.92   	  5.57   	  -5.09		
 -5.19   	  0.92   	  5.55   	  -5.09		
-13.12   	 -7.02   	  5.53   	  -5.09		
-24.72   	-16.78   	  5.51   	  -5.09		
-27.16   	-18.31   	  5.49   	 -10.17		
-15.26   	-10.07   	  5.45   	 -15.26		
  3.97   	  1.22   	  5.39   	 -15.26		
 19.84   	  7.93   	  5.33   	 -15.26		
 24.41   	  6.10   	  5.27   	 -15.26		
 15.87   	 -2.75   	  5.21   	 -15.26		
  1.22   	-14.95   	  5.15   	 -15.26		
 -9.46   	-24.72   	  5.09   	 -15.26		
-10.68   	-27.16   	  5.03   	 -10.17		
 -3.05   	-18.92   	  4.98   	  -5.09		
  6.41   	 -2.75   	  4.96   	  -5.09		
  8.54   	 13.12   	  4.94   	   0.00		
  0.00   	 18.62   	  4.94   	   0.00		
-15.56   	  9.77   	  4.94   	  10.17		
-28.38   	 -7.32   	  4.98   	   5.09		
-32.35   	-25.33   	  5.01   	  15.26		
-27.77   	-38.76   	  5.07   	  15.26		
-18.62   	-44.56   	  5.13   	  10.17		
-10.07   	-43.03   	  5.17   	  15.26		
 -1.83   	-34.18   	  5.23   	   5.09		
  6.41   	-21.06   	  5.25   	   5.09		
 10.99   	-10.99   	  5.27(V)	   0.00		
  7.93   	-11.60   	  5.27   	  -5.09		
 -3.66   	-23.80   	  5.25   	  N/A		
