  I     	  II     	  AOp     	  AOp'		
 -0.31   	-69.58   	105.43   	 -81.38		
 -2.44   	-74.77   	105.11   	-178.03		
 -4.27   	-79.04   	104.39   	-279.75		
 -5.80   	-82.70   	103.28   	-371.31		
 -6.41   	-85.45   	101.79   	-457.78		
 -6.10   	-87.59   	 99.96   	-518.82		
 -6.10   	-88.81   	 97.88   	-549.34		
 -6.10   	-89.11   	 95.69   	-554.42		
 -6.10   	-88.50   	 93.47   	-528.99		
 -5.49   	-87.59   	 91.35   	-478.13		
 -4.58   	-86.98   	 89.44   	-412.00		
 -3.97   	-87.28   	 87.79   	-325.53		
 -4.27   	-88.81   	 86.49   	-239.06		
 -5.19   	-90.33   	 85.53   	-157.68		
 -5.49   	-90.03   	 84.90   	 -76.30		
 -5.19   	-87.59   	 84.60   	 -15.26		
 -4.27   	-83.92   	 84.54   	  40.69		
 -3.05   	-81.18   	 84.70   	  76.30		
 -2.14   	-79.04   	 85.00   	  86.47		
 -1.83   	-77.82   	 85.35   	  91.56		
 -1.22   	-76.29   	 85.72   	  71.21		
 -0.92   	-73.85   	 86.00   	  45.78		
 -0.31   	-70.80   	 86.18   	   5.09		
  0.31   	-68.66   	 86.21   	 -35.61		
  0.61   	-67.44   	 86.06   	 -76.30		
  0.92   	-67.14   	 85.76   	-122.07		
  0.61   	-66.53   	 85.27   	-157.68		
  0.31   	-65.61   	 84.64   	-183.11		
  0.61   	-63.78   	 83.91   	-198.37		
  1.53   	-61.65   	 83.11   	-198.37		
  2.44   	-59.51   	 82.32   	-183.11		
  3.36   	-57.98   	 81.59   	-167.85		
  3.36   	-57.07   	 80.92   	-137.33		
  2.75   	-56.46   	 80.37   	 -96.64		
  2.75   	-55.85   	 79.98   	 -61.04		
  3.05   	-55.54   	 79.74   	 -25.43		
  3.97   	-55.54   	 79.63   	  10.17		
  3.97   	-56.46   	 79.67   	  35.61		
  2.44   	-57.07   	 79.82   	  50.86		
  0.61   	-57.68   	 80.02   	  61.04		
 -0.31   	-57.98   	 80.26   	  61.04		
  0.61   	-57.98   	 80.51   	  40.69		
  3.36   	-58.29   	 80.67   	  25.43		
  5.80   	-58.90   	 80.77   	  -5.09		
  6.41   	-59.51   	 80.75   	 -40.69		
  5.19   	-59.81   	 80.59   	 -71.21		
  3.05   	-60.12   	 80.30   	-106.82		
  1.22   	-60.12   	 79.88   	-132.25		
  0.31   	-60.73   	 79.35   	-152.59		
  0.61   	-61.34   	 78.74   	-167.85		
  1.22   	-62.26   	 78.07   	-167.85		
  1.83   	-63.78   	 77.40   	-167.85		
  1.53   	-65.31   	 76.72   	-157.68		
  0.31   	-67.14   	 76.09   	-137.33		
 -1.53   	-68.36   	 75.54   	-116.99		
 -3.05   	-68.66   	 75.08   	 -91.56		
 -3.36   	-67.75   	 74.71   	 -71.21		
 -2.44   	-66.53   	 74.42   	 -40.69		
 -1.83   	-65.92   	 74.26   	 -25.43		
 -2.14   	-66.22   	 74.16   	 -10.17		
 -3.97   	-67.14   	 74.12   	  -5.09		
 -6.41   	-68.36   	 74.10   	   5.09		
 -8.24   	-69.58   	 74.12   	  -5.09		
 -8.24   	-70.50   	 74.10   	 -10.17		
 -7.02   	-70.80   	 74.06   	 -20.35		
 -5.80   	-71.41   	 73.98   	 -35.61		
 -5.19   	-71.72   	 73.83   	 -55.95		
 -6.10   	-71.72   	 73.61   	 -66.12		
 -7.63   	-71.41   	 73.35   	 -86.47		
 -8.54   	-71.11   	 73.00   	 -91.56		
 -8.54   	-70.19   	 72.63   	-101.73		
 -8.24   	-69.58   	 72.23   	-106.82		
 -8.24   	-69.89   	 71.80   	-111.90		
 -8.85   	-70.80   	 71.35   	-101.73		
 -9.46   	-72.02   	 70.95   	-101.73		
 -9.77   	-72.94   	 70.54   	 -91.56		
-10.07   	-73.24   	 70.17   	 -81.38		
-10.07   	-72.63   	 69.85   	 -71.21		
-10.68   	-71.11   	 69.56   	 -55.95		
-10.68   	-69.58   	 69.34   	 -55.95		
-10.07   	-68.05   	 69.11   	 -40.69		
 -8.85   	-67.14   	 68.95   	 -40.69		
 -7.02   	-66.53   	 68.79   	 -30.52		
 -5.49   	-66.53   	 68.67   	 -35.61		
 -4.58   	-65.92   	 68.52   	 -40.69		
 -4.58   	-65.00   	 68.36   	 -40.69		
 -4.58   	-64.09   	 68.20   	 -45.78		
 -5.19   	-63.78   	 68.02   	 -50.86		
 -6.10   	-64.09   	 67.81   	 -55.95		
 -7.02   	-64.39   	 67.59   	 -66.12		
 -8.54   	-64.70   	 67.32   	 -66.12		
 -9.46   	-64.09   	 67.06   	 -71.21		
 -9.77   	-63.17   	 66.77   	 -76.30		
 -9.16   	-62.26   	 66.47   	 -76.30		
 -7.32   	-61.65   	 66.16   	 -71.21		
 -5.80   	-61.65   	 65.88   	 -71.21		
 -3.97   	-61.65   	 65.59   	 -66.12		
 -2.75   	-61.04   	 65.33   	 -55.95		
 -1.53   	-60.12   	 65.11   	 -55.95		
  0.31   	-58.90   	 64.88   	 -50.86		
  1.83   	-57.98   	 64.68   	 -40.69		
  2.14   	-57.68   	 64.52   	 -40.69		
  0.61   	-58.59   	 64.35   	 -35.61		
 -1.53   	-60.42   	 64.21   	 -35.61		
 -3.97   	-62.26   	 64.07   	 -30.52		
 -4.58   	-63.17   	 63.95   	 -35.61		
 -3.97   	-62.26   	 63.80   	 -35.61		
 -2.44   	-60.42   	 63.66   	 -40.69		
 -0.92   	-57.98   	 63.50   	 -45.78		
 -0.31   	-56.15   	 63.32   	 -45.78		
 -0.31   	-55.54   	 63.13   	 -55.95		
 -0.92   	-56.15   	 62.91   	 -61.04		
 -1.53   	-56.46   	 62.67   	 -61.04		
 -1.22   	-56.15   	 62.42   	 -66.12		
 -0.31   	-54.63   	 62.16   	 -66.12		
  0.61   	-52.80   	 61.89   	 -66.12		
  1.22   	-51.27   	 61.63   	 -61.04		
  1.22   	-50.66   	 61.38   	 -55.95		
  0.61   	-51.27   	 61.16   	 -50.86		
  0.00   	-51.88   	 60.96   	 -50.86		
  0.00   	-51.57   	 60.75   	 -40.69		
  1.53   	-49.74   	 60.59   	 -35.61		
  3.36   	-47.61   	 60.45   	 -25.43		
  4.58   	-45.78   	 60.35   	 -30.52		
  4.58   	-45.17   	 60.22   	 -20.35		
  3.36   	-45.47   	 60.14   	 -25.43		
  2.14   	-46.08   	 60.04   	 -25.43		
  1.22   	-45.78   	 59.94   	 -25.43		
  0.92   	-44.56   	 59.84   	 -25.43		
  0.31   	-43.33   	 59.74   	 -30.52		
  0.00   	-42.11   	 59.61   	 -35.61		
 -0.31   	-41.81   	 59.47   	 -35.61		
  0.00   	-41.20   	 59.33   	 -35.61		
  0.92   	-39.37   	 59.19   	 -35.61		
  2.44   	-34.48   	 59.04   	 -35.61		
  3.66   	-24.41   	 58.90   	 -40.69		
  4.58   	 -7.02   	 58.74   	 -35.61		
  5.19   	 16.78   	 58.60   	 -35.61		
  5.80   	 42.72   	 58.45   	 -35.61		
  7.02   	 64.09   	 58.31   	 -30.52		
  8.54   	 75.38   	 58.19   	 -35.61		
 10.07   	 76.90   	 58.05   	 -30.52		
 11.29   	 73.55   	 57.92   	 -35.61		
 11.90   	 71.72   	 57.78   	 -30.52		
 12.21   	 73.24   	 57.66   	 -35.61		
 13.73   	 76.60   	 57.52   	 -30.52		
 17.40   	 78.74   	 57.40   	 -35.61		
 22.89   	 80.26   	 57.25   	 -35.61		
 28.69   	 83.62   	 57.11   	 -35.61		
 32.65   	 90.94   	 56.97   	 -40.69		
 33.57   	 96.74   	 56.81   	 -35.61		
 31.74   	 92.47   	 56.66   	 -35.61		
 29.30   	 71.11   	 56.52   	 -35.61		
 28.99   	 35.40   	 56.38   	 -30.52		
 30.82   	 -3.97   	 56.26   	 -35.61		
 32.35   	-34.18   	 56.11   	 -30.52		
 29.30   	-48.83   	 55.99   	 -30.52		
 19.23   	-50.35   	 55.87   	 -30.52		
  4.88   	-47.91   	 55.75   	 -30.52		
 -9.46   	-50.66   	 55.63   	 -30.52		
-17.70   	-61.34   	 55.50   	 -25.43		
-18.01   	-77.82   	 55.40   	 -30.52		
-13.43   	-93.08   	 55.28   	 -30.52		
 -8.85   	-101.62   	 55.16   	 -30.52		
 -7.32   	-101.62   	 55.04   	 -30.52		
 -9.16   	-96.44   	 54.91   	 -30.52		
-11.29   	-90.33   	 54.79   	 -30.52		
-11.90   	-86.67   	 54.67   	 -25.43		
-10.68   	-85.14   	 54.57   	 -30.52		
 -8.54   	-84.23   	 54.45   	 -30.52		
 -7.32   	-82.09   	 54.32   	 -30.52		
 -7.02   	-78.13   	 54.20   	 -25.43		
 -7.63   	-73.85   	 54.10   	 -25.43		
 -8.54   	-70.19   	 54.00   	 -30.52		
 -9.77   	-67.44   	 53.88   	 -25.43		
-10.68   	-65.00   	 53.77   	 -20.35		
-10.99   	-62.26   	 53.69   	 -25.43		
-10.38   	-58.59   	 53.59   	 -25.43		
 -9.16   	-54.93   	 53.49   	 -30.52		
 -7.02   	-51.57   	 53.37   	 -25.43		
 -5.80   	-49.13   	 53.27   	 -25.43		
 -5.19   	-47.30   	 53.16   	 -30.52		
 -6.10   	-45.47   	 53.04   	 -30.52		
 -7.32   	-43.33   	 52.92   	 -35.61		
 -7.63   	-40.59   	 52.78   	 -35.61		
 -6.71   	-37.84   	 52.63   	 -30.52		
 -4.58   	-35.10   	 52.51   	 -35.61		
 -3.05   	-33.57   	 52.37   	 -35.61		
 -2.14   	-32.65   	 52.23   	 -35.61		
 -2.44   	-32.35   	 52.09   	 -35.61		
 -3.36   	-31.74   	 51.94   	 -35.61		
 -3.66   	-29.60   	 51.80   	 -35.61		
 -3.05   	-25.33   	 51.66   	 -30.52		
 -1.53   	-18.31   	 51.54   	 -35.61		
  0.92   	 -5.80   	 51.39   	 -35.61		
  3.05   	 14.95   	 51.25   	 -35.61		
  6.41   	 49.13   	 51.11   	 -40.69		
 13.12   	 98.27   	 50.95   	 -35.61		
 28.08   	160.83   	 50.80   	 -40.69		
 57.37   	231.63   	 50.64   	 -40.69		
104.37   	308.23   	 50.48   	 -35.61		
166.32   	395.20   	 50.34   	 -40.69		
233.46   	495.00   	 50.17   	 -35.61		
289.61   	590.82   	 50.03   	 -30.52		
317.08   	635.99(R)	 49.91   	 -35.61		
303.04   	563.66   	 49.77   	 -35.61		
249.94   	339.97   	 49.62   	 -30.52		
175.78   	  9.16   	 49.50   	 -35.61		
105.59   	-307.01   	 49.36   	 -30.52		
 59.81   	-476.07   	 49.24   	 -30.52		
 43.33   	-439.76   	 49.11   	 -30.52		
 43.64   	-254.52   	 48.99   	 -25.43		
 43.64   	-48.83   	 48.89   	 -30.52		
 35.10   	 71.11   	 48.77   	 -30.52		
 21.06   	 84.53   	 48.65   	 -35.61		
  9.16   	 43.03   	 48.50   	 -30.52		
  3.36   	 10.68   	 48.38   	 -35.61		
  2.75   	 13.12   	 48.24   	 -35.61		
  3.05   	 35.10   	 48.10   	 -35.61		
  1.53   	 50.05   	 47.96   	 -30.52		
 -0.92   	 47.61   	 47.83   	 -30.52		
 -3.05   	 36.01   	 47.71   	 -25.43		
 -3.97   	 27.47   	 47.61   	 -25.43		
 -4.27   	 27.47   	 47.51   	 -15.26		
 -3.36   	 32.65   	 47.45   	 -15.26		
 -1.83   	 38.45   	 47.39   	 -10.17		
  0.00   	 41.81   	 47.34   	  -5.09		
  1.22   	 43.03   	 47.32   	   5.09		
  1.53   	 43.03   	 47.34   	  15.26		
  1.22   	 43.33   	 47.41   	  30.52		
  1.22   	 44.56   	 47.53   	  45.78		
  1.53   	 47.00   	 47.71   	  81.38		
  1.53   	 50.05   	 48.04   	 111.90		
  1.22   	 54.02   	 48.48   	 152.59		
  0.92   	 57.98   	 49.09   	 203.46		
  0.61   	 61.04   	 49.91   	 244.15		
 -0.31   	 61.95   	 50.88   	 289.93		
 -1.22   	 61.04   	 52.04   	 335.71		
 -2.14   	 59.81   	 53.39   	 371.31		
 -1.83   	 59.81   	 54.87   	 396.74		
  0.00   	 62.26   	 56.46   	 412.00		
  3.36   	 66.83   	 58.11   	 427.26		
  6.41   	 72.02   	 59.82   	 427.26		
  7.93   	 76.60   	 61.53   	 427.26		
  7.93   	 80.57   	 63.23   	 417.09		
  7.32   	 84.23   	 64.90   	 412.00		
  7.02   	 88.20   	 66.55   	 396.74		
  7.63   	 92.77   	 68.14   	 386.57		
  9.16   	 97.05   	 69.68   	 376.40		
 10.38   	100.71   	 71.19   	 366.22		
 10.99   	104.06   	 72.65   	 361.14		
 10.68   	108.03   	 74.10   	 350.97		
 10.38   	113.53   	 75.50   	 340.79		
 10.68   	120.24   	 76.87   	 330.62		
 12.21   	128.17   	 78.19   	 325.53		
 14.04   	136.11   	 79.49   	 315.36		
 15.56   	144.04   	 80.75   	 300.10		
 16.17   	151.37   	 81.95   	 289.93		
 16.48   	158.08   	 83.11   	 279.75		
 17.70   	164.79   	 84.23   	 264.50		
 19.84   	171.81   	 85.29   	 254.32		
 22.28   	180.05   	 86.31   	 244.15		
 23.80   	189.51   	 87.28   	 233.98		
 24.41   	200.20   	 88.22   	 223.80		
 24.72   	211.49   	 89.11   	 213.63		
 25.94   	222.78   	 89.97   	 208.54		
 28.38   	233.76   	 90.80   	 198.37		
 30.52   	244.45   	 91.60   	 193.29		
 32.35   	256.04   	 92.37   	 188.20		
 33.57   	268.86   	 93.12   	 183.11		
 34.18   	282.59   	 93.86   	 172.94		
 34.79   	296.33   	 94.55   	 172.94		
 36.32   	309.45   	 95.24   	 167.85		
 38.45   	321.66   	 95.91   	 157.68		
 41.50   	332.34   	 96.54   	 157.68		
 45.17   	341.80   	 97.17   	 152.59		
 48.22   	349.43   	 97.78   	 142.42		
 50.05   	356.14   	 98.35   	 142.42		
 50.96   	362.24   	 98.92   	 137.33		
 51.57   	369.26   	 99.47   	 132.25		
 51.57   	376.59   	100.00   	 127.16		
 51.27   	383.00   	100.51   	 122.07		
 50.96   	387.88   	101.00   	 111.90		
 50.96   	390.32   	101.44   	 106.82		
 51.57   	390.63   	101.87   	 101.73		
 53.10   	389.10   	102.28   	  91.56		
 54.63   	386.35   	102.64   	  86.47		
 55.24   	382.69   	102.99   	  76.30		
 54.32   	378.11   	103.30   	  71.21		
 52.19   	373.23   	103.58   	  66.12		
 49.44   	367.74   	103.84   	  61.04		
 47.91   	361.63   	104.09   	  50.86		
 47.30   	352.78   	104.29   	  50.86		
 47.91   	339.66   	104.50   	  45.78		
 48.83   	320.43   	104.68   	  35.61		
 48.83   	295.41   	104.82   	  35.61		
 46.69   	266.11   	104.96   	  30.52		
 43.03   	235.60   	105.09   	  30.52		
 37.84   	205.08   	105.21   	  20.35		
 33.26   	174.87   	105.29   	  15.26		
 29.91   	145.26   	105.35   	  15.26		
 28.38   	116.88   	105.41(S)	   0.00		
 27.77   	 90.94   	105.41   	   0.00		
 26.86   	 67.44   	105.41   	 -15.26		
 24.72   	 46.08   	105.35   	 -25.43		
 21.36   	 25.02   	105.25   	 -30.52		
 17.09   	  4.27   	105.13   	 -50.86		
 13.12   	-15.26   	104.92   	 -61.04		
  9.46   	-32.65   	104.68   	 -81.38		
  6.41   	-46.39   	104.35   	 -96.64		
  3.66   	-57.37   	103.97   	-116.99		
  1.22   	-65.92   	103.50   	-142.42		
 -0.31   	-73.55   	102.93   	-162.77		
 -1.22   	-80.57   	102.28   	-193.29		
 -1.53   	-86.67   	101.51   	-213.63		
 -2.14   	-92.16   	100.65   	-233.98		
 -2.75   	-97.35   	 99.71   	-254.32		
 -3.97   	-101.62   	 98.70   	-264.50		
 -5.49   	-105.59   	 97.64   	-264.50		
 -7.02   	-108.34   	 96.58   	-269.58		
 -7.93   	-108.95   	 95.50   	-254.32		
 -8.54   	-107.12   	 94.49   	-249.24		
 -7.93   	-103.15   	 93.49   	-228.89		
 -7.02   	-98.27   	 92.57   	-218.72		
 -6.41   	-94.30   	 91.70   	-198.37		
 -6.41   	-92.47   	 90.91   	-188.20		
 -7.02   	-93.08   	 90.15   	-167.85		
 -8.54   	-94.91   	 89.48   	-157.68		
 -9.46   	-95.83   	 88.85   	-142.42		
 -9.77   	-95.21   	 88.28   	-127.16		
 -8.54   	-93.08   	 87.77   	-111.90		
 -6.71   	-89.72   	 87.32   	-101.73		
 -5.19   	-86.98   	 86.92   	 -86.47		
 -4.88   	-85.14   	 86.57   	 -76.30		
 -6.10   	-84.84   	 86.27   	 -66.12		
 -7.63   	-85.75   	 86.00   	 -61.04		
 -8.54   	-86.98   	 85.76   	 -50.86		
 -7.63   	-87.28   	 85.55   	 -55.95		
 -5.19   	-85.14   	 85.33   	 -55.95		
 -2.44   	-80.26   	 85.11   	 -50.86		
 -0.92   	-74.46   	 84.90   	 -61.04		
 -1.53   	-69.27   	 84.66   	 -61.04		
 -3.66   	-66.83   	 84.41   	 -66.12		
 -6.41   	-68.05   	 84.15   	 -71.21		
 -8.54   	-72.33   	 83.87   	 -76.30		
 -8.54   	-76.90   	 83.56   	 -81.38		
 -7.02   	-79.96   	 83.23   	 -81.38		
 -4.58   	-79.96   	 82.91   	 -81.38		
 -3.05   	-77.51   	 82.58   	 -86.47		
 -3.36   	-74.16   	 82.24   	 -81.38		
 -5.19   	-72.63   	 81.91   	 -81.38		
 -7.63   	-73.55   	 81.59   	 -81.38		
 -8.85   	-77.51   	 81.26   	 -76.30		
 -8.85   	-82.40   	 80.96   	 -76.30		
 -7.93   	-86.67   	 80.65   	 -76.30		
 -6.71   	-89.42   	 80.35   	 -66.12		
 -5.80   	-89.11   	 80.08   	 -71.21		
 -5.19   	-86.06   	 79.80   	 -71.21		
 -4.58   	-81.18   	 79.51   	 -71.21		
 -4.88   	-76.90   	 79.23   	 -66.12		
 -5.49   	-75.68   	 78.96   	 -71.21		
 -6.41   	-78.13   	 78.68   	 -76.30		
 -7.32   	-83.31   	 78.37   	 -71.21		
 -7.63   	-88.20   	 78.09   	 -76.30		
 -7.63   	-90.94   	 77.78   	 -71.21		
 -7.02   	-90.64   	 77.50   	 -76.30		
 -6.41   	-89.42   	 77.19   	 -71.21		
 -5.80   	-88.50   	 76.91   	 -76.30		
 -5.80   	-89.11   	 76.60   	 -71.21		
 -6.71   	-90.64   	 76.32   	 -71.21		
 -7.93   	-92.47   	 76.03   	 -71.21		
 -9.16   	-93.08   	 75.75   	 -71.21		
 -9.46   	-91.86   	 75.46   	 -76.30		
 -8.85   	-89.11   	 75.16   	 -71.21		
 -8.54   	-86.67   	 74.87   	 -71.21		
 -8.24   	-86.06   	 74.59   	 -76.30		
 -7.93   	-87.28   	 74.28   	 -71.21		
 -7.32   	-89.42   	 74.00   	 -76.30		
 -6.71   	-90.33   	 73.69   	 -71.21		
 -5.19   	-90.03   	 73.41   	 -76.30		
 -3.66   	-89.42   	 73.10   	 -71.21		
 -2.14   	-89.42   	 72.82   	 -76.30		
 -1.53   	-90.33   	 72.51   	 -76.30		
 -1.83   	-91.25   	 72.21   	 -71.21		
 -3.05   	-91.25   	 71.92   	 -76.30		
 -4.27   	-90.64   	 71.62   	 -71.21		
 -4.88   	-89.72   	 71.33   	 -71.21		
 -5.49   	-89.42   	 71.05   	 -71.21		
 -6.41   	-89.42   	 70.76   	 -66.12		
 -7.02   	-89.72   	 70.50   	 -61.04		
 -7.63   	-90.64   	 70.25   	 -61.04		
 -8.24   	-92.47   	 70.01   	 -66.12		
 -9.16   	-95.21   	 69.75   	 -61.04		
-10.68   	-97.05   	 69.50   	 -61.04		
-11.60   	-97.05   	 69.26   	 -61.04		
-10.99   	-94.91   	 69.01   	 -66.12		
 -8.85   	-91.25   	 68.75   	 -61.04		
 -6.41   	-87.59   	 68.50   	 -61.04		
 -4.88   	-84.84   	 68.26   	 -61.04		
 -4.58   	-83.31   	 68.02   	 -61.04		
 -5.80   	-83.01   	 67.77   	 -61.04		
 -6.71   	-83.92   	 67.53   	 -55.95		
 -6.71   	-85.45   	 67.30   	 -61.04		
 -5.19   	-87.28   	 67.06   	 -55.95		
 -3.36   	-88.50   	 66.84   	 -55.95		
 -1.83   	-89.42   	 66.61   	 -55.95		
 -1.83   	-89.42   	 66.39   	 -55.95		
 -2.75   	-89.11   	 66.16   	 -55.95		
 -4.58   	-88.20   	 65.94   	 -50.86		
 -6.41   	-87.28   	 65.74   	 -55.95		
 -7.32   	-86.06   	 65.51   	 -55.95		
 -7.02   	-84.84   	 65.29   	 -50.86		
 -5.80   	-83.62   	 65.09   	 -55.95		
 -3.66   	-82.70   	 64.86   	 -55.95		
 -2.44   	-82.09   	 64.64   	 -55.95		
 -1.83   	-81.79   	 64.41   	 -50.86		
 -1.53   	-81.18   	 64.21   	 -55.95		
 -0.92   	-80.26   	 63.99   	 -55.95		
  0.31   	-79.35   	 63.76   	 -50.86		
  1.22   	-78.43   	 63.56   	 -50.86		
  1.53   	-78.74   	 63.36   	 -55.95		
  0.31   	-79.96   	 63.13   	 -50.86		
 -0.92   	-82.09   	 62.93   	 -50.86		
 -1.83   	-84.23   	 62.73   	 -45.78		
 -2.14   	-85.14   	 62.54   	 -50.86		
 -2.44   	-84.23   	 62.34   	 -40.69		
 -2.44   	-82.09   	 62.18   	 -45.78		
 -2.44   	-80.57   	 61.99   	 -40.69		
 -2.14   	-80.26   	 61.83   	 -40.69		
 -2.14   	-81.18   	 61.67   	 -40.69		
 -2.14   	-82.40   	 61.51   	 -40.69		
 -2.14   	-82.40   	 61.34   	 -40.69		
 -1.53   	-80.87   	 61.18   	 -40.69		
 -0.92   	-79.04   	 61.02   	 -40.69		
 -0.61   	-78.13   	 60.85   	 -45.78		
 -1.22   	-78.13   	 60.67   	 -40.69		
 -2.75   	-78.13   	 60.51   	 -45.78		
 -3.97   	-77.51   	 60.33   	 -45.78		
 -4.58   	-76.60   	 60.14   	 -45.78		
 -5.19   	-76.90   	 59.96   	 -40.69		
 -5.49   	-78.43   	 59.80   	 -40.69		
 -5.19   	-80.26   	 59.63   	 -40.69		
 -3.97   	-80.57   	 59.47   	 -35.61		
 -2.75   	-78.74   	 59.33   	 -35.61		
 -2.14   	-75.07   	 59.19   	 -35.61		
 -2.75   	-71.72   	 59.04   	 -35.61		
 -4.27   	-70.50   	 58.90   	 -30.52		
 -5.49   	-71.41   	 58.78   	 -30.52		
 -6.10   	-73.55   	 58.66   	 -35.61		
 -5.80   	-75.68   	 58.51   	 -30.52		
 -5.19   	-76.29   	 58.39   	 -25.43		
 -4.58   	-75.07   	 58.29   	 -30.52		
 -3.97   	-72.94   	 58.17   	 -25.43		
 -3.36   	-71.11   	 58.07   	 -25.43		
 -2.14   	-69.89   	 57.97   	 -25.43		
 -1.22   	-67.44   	 57.86   	 -25.43		
 -0.31   	-59.81   	 57.76   	 -30.52		
 -0.61   	-44.25   	 57.64   	 -30.52		
 -1.83   	-21.97   	 57.52   	 -35.61		
 -3.66   	  1.53   	 57.38   	 -35.61		
 -4.88   	 18.92   	 57.23   	 -40.69		
 -4.58   	 26.86   	 57.07   	 -40.69		
 -2.44   	 27.47   	 56.91   	 -40.69		
  0.61   	 27.77   	 56.74   	 -40.69		
  3.66   	 32.96   	 56.58   	 -40.69		
  6.10   	 43.03   	 56.42   	 -35.61		
  7.93   	 51.57   	 56.28   	 -35.61		
 10.38   	 54.32   	 56.13   	 -35.61		
 14.34   	 52.80   	 55.99   	 -35.61		
 19.84   	 53.10   	 55.85   	 -30.52		
 25.02   	 59.20   	 55.73   	 -30.52		
 28.99   	 67.75   	 55.61   	 -30.52		
 30.52   	 69.58   	 55.48   	 -30.52		
 30.82   	 54.93   	 55.36   	 -30.52		
 30.82   	 22.58   	 55.24   	 -25.43		
 31.74   	-18.62   	 55.14   	 -30.52		
 31.43   	-55.85   	 55.02   	 -30.52		
 27.47   	-79.96   	 54.89   	 -30.52		
 18.01   	-88.20   	 54.77   	 -30.52		
  4.88   	-86.98   	 54.65   	 -30.52		
 -7.63   	-85.14   	 54.53   	 -25.43		
-15.56   	-90.03   	 54.43   	 -30.52		
-17.09   	-103.15   	 54.30   	 -25.43		
-14.04   	-120.24   	 54.20   	 -25.43		
-10.07   	-134.89   	 54.10   	 -25.43		
 -7.93   	-141.60   	 54.00   	 -20.35		
 -8.54   	-140.69   	 53.92   	 -20.35		
-10.68   	-135.19   	 53.83   	 -15.26		
-12.21   	-128.78   	 53.77   	 -10.17		
-11.90   	-123.29   	 53.73   	 -10.17		
-10.38   	-119.02   	 53.69   	 -15.26		
 -8.85   	-115.36   	 53.63   	 -10.17		
 -8.54   	-112.30   	 53.59   	 -15.26		
 -9.16   	-110.78   	 53.53   	 -20.35		
-10.38   	-110.78   	 53.45   	 -20.35		
-11.29   	-111.08   	 53.37   	 -25.43		
-11.90   	-109.25   	 53.27   	 -30.52		
-11.60   	-103.76   	 53.14   	 -25.43		
-10.68   	-94.60   	 53.04   	 -30.52		
 -8.85   	-84.84   	 52.92   	 -30.52		
 -6.41   	-78.74   	 52.80   	 -30.52		
 -4.58   	-77.51   	 52.68   	 -30.52		
 -4.58   	-80.26   	 52.55   	 -30.52		
 -6.10   	-83.92   	 52.43   	 -30.52		
 -7.93   	-86.36   	 52.31   	 -30.52		
 -9.16   	-86.67   	 52.19   	 -30.52		
 -9.16   	-85.75   	 52.06   	 -30.52		
 -8.24   	-84.23   	 51.94   	 -35.61		
 -6.71   	-81.18   	 51.80   	 -30.52		
 -5.19   	-76.60   	 51.68   	 -35.61		
 -3.66   	-71.11   	 51.54   	 -30.52		
 -3.36   	-65.92   	 51.41   	 -30.52		
 -4.58   	-62.26   	 51.29   	 -30.52		
 -6.71   	-59.20   	 51.17   	 -25.43		
 -8.24   	-53.71   	 51.07   	 -30.52		
 -7.32   	-41.20   	 50.95   	 -25.43		
 -3.05   	-15.56   	 50.84   	 -25.43		
  4.88   	 25.33   	 50.74   	 -25.43		
 18.62   	 81.79   	 50.64   	 -25.43		
 41.50   	151.37   	 50.54   	 -25.43		
 77.21   	234.68   	 50.44   	 -25.43		
124.51   	340.88   	 50.34   	 -25.43		
176.39   	476.38   	 50.23   	 -25.43		
220.64   	621.64   	 50.13   	 -25.43		
242.31   	717.47(R)	 50.03   	 -25.43		
230.71   	680.54   	 49.93   	 -25.43		
185.24   	459.59   	 49.83   	 -25.43		
119.63   	 96.74   	 49.73   	 -25.43		
 55.54   	-272.83   	 49.62   	 -25.43		
 12.82   	-493.77   	 49.52   	 -30.52		
 -0.61   	-489.81   	 49.40   	 -25.43		
  6.10   	-312.19   	 49.30   	 -30.52		
 15.87   	-97.05   	 49.18   	 -30.52		
 17.40   	 36.93   	 49.05   	 -25.43		
 11.29   	 58.59   	 48.95   	 -30.52		
  3.36   	 15.56   	 48.83   	 -25.43		
 -0.31   	-25.33   	 48.73   	 -25.43		
  0.31   	-31.43   	 48.63   	 -25.43		
  1.83   	-11.60   	 48.52   	 -25.43		
  2.14   	  7.32   	 48.42   	 -25.43		
  1.22   	 10.68   	 48.32   	 -20.35		
  0.92   	  2.44   	 48.24   	 -25.43		
  1.22   	 -6.71   	 48.14   	 -15.26		
  1.22   	 -9.77   	 48.08   	 -15.26		
  0.31   	 -5.80   	 48.02   	 -10.17		
 -1.53   	  0.92   	 47.98   	 -10.17		
 -3.66   	  6.71   	 47.93(D)	   0.00		
 -4.58   	  8.85   	 47.93   	   5.09		
 -4.58   	  8.85   	 47.96   	  10.17		
 -3.05   	  8.24   	 48.00   	  15.26		
 -1.22   	  8.85   	 48.06   	  30.52		
 -0.31   	 10.07   	 48.18   	  45.78		
 -0.31   	 12.21   	 48.36   	  71.21		
 -0.61   	 14.65   	 48.65   	  96.64		
 -0.31   	 17.70   	 49.03   	 137.33		
  0.92   	 20.75   	 49.58   	 183.11		
  2.44   	 23.19   	 50.32   	 228.89		
  4.27   	 25.33   	 51.23   	 274.67		
  5.49   	 27.16   	 52.33   	 325.53		
  5.49   	 30.21   	 53.63   	 371.31		
  5.19   	 34.18   	 55.12   	 406.92		
  4.88   	 38.45   	 56.74   	 437.43		
  5.19   	 41.81   	 58.49   	 457.78		
  5.49   	 43.95   	 60.33   	 462.87		
  5.49   	 44.56   	 62.18   	 462.87		
  5.49   	 45.17   	 64.03   	 447.61		
  5.19   	 47.00   	 65.82   	 432.35		
  5.80   	 50.96   	 67.55   	 412.00		
  7.63   	 56.15   	 69.20   	 391.66		
  9.77   	 61.95   	 70.76   	 371.31		
 10.99   	 67.14   	 72.25   	 350.97		
 10.68   	 72.02   	 73.65   	 335.71		
  9.77   	 76.90   	 74.99   	 325.53		
  9.46   	 83.01   	 76.30   	 320.45		
 10.07   	 90.33   	 77.58   	 305.19		
 11.60   	 97.66   	 78.80   	 300.10		
 12.21   	103.76   	 80.00   	 289.93		
 12.21   	108.95   	 81.16   	 279.75		
 11.90   	114.75   	 82.28   	 264.50		
 12.51   	122.38   	 83.34   	 249.24		
 14.65   	131.53   	 84.33   	 239.06		
 17.40   	140.99   	 85.29   	 223.80		
 20.14   	149.54   	 86.18   	 213.63		
 21.97   	157.17   	 87.04   	 203.46		
 23.19   	165.10   	 87.85   	 188.20		
 23.80   	174.56   	 88.61   	 183.11		
 25.02   	185.85   	 89.34   	 178.03		
 25.94   	197.75   	 90.05   	 167.85		
 26.86   	209.35   	 90.72   	 167.85		
 27.16   	219.42   	 91.39   	 167.85		
 27.47   	228.27   	 92.06   	 157.68		
 28.38   	237.12   	 92.70   	 162.77		
 29.30   	247.80   	 93.35   	 157.68		
 29.91   	260.31   	 93.98   	 162.77		
 30.52   	273.74   	 94.63   	 157.68		
 31.13   	286.25   	 95.26   	 162.77		
 32.65   	296.02   	 95.91   	 157.68		
 34.79   	303.04   	 96.54   	 152.59		
 37.23   	308.53   	 97.15   	 152.59		
 39.37   	314.64   	 97.76   	 152.59		
 40.89   	321.66   	 98.37   	 142.42		
 42.42   	328.67   	 98.94   	 137.33		
 43.33   	333.56   	 99.49   	 132.25		
 43.64   	334.47   	100.02   	 122.07		
 43.95   	332.03   	100.51   	 111.90		
 44.56   	328.67   	100.96   	 101.73		
 45.17   	325.93   	101.36   	  96.64		
 46.08   	325.32   	101.75   	  81.38		
 46.39   	326.23   	102.07   	  81.38		
 45.78   	326.84   	102.40   	  66.12		
 44.86   	324.40   	102.66   	  66.12		
 44.56   	318.30   	102.93   	  61.04		
 45.17   	307.62   	103.17   	  55.95		
 46.08   	293.27   	103.40   	  45.78		
 46.39   	275.57   	103.58   	  45.78		
 45.47   	255.43   	103.76   	  40.69		
 43.64   	233.46   	103.93   	  35.61		
 40.89   	209.35   	104.07   	  25.43		
 38.15   	182.80   	104.17   	  15.26		
 34.79   	155.33   	104.23   	  10.17		
 31.13   	126.95   	104.27(S)	   0.00		
 27.77   	 99.18   	104.27   	 -10.17		
 24.41   	 71.72   	104.23   	 -20.35		
 21.06   	 45.17   	104.15   	 -25.43		
 17.70   	 19.23   	104.05   	 -30.52		
 14.34   	 -4.58   	103.93   	 -45.78		
 11.60   	-24.72   	103.74   	 -50.86		
  9.16   	-40.89   	103.54   	 -66.12		
  6.10   	-53.71   	103.28   	 -81.38		
  2.75   	-64.39   	102.95   	-101.73		
 -0.31   	-74.46   	102.54   	-122.07		
 -2.14   	-84.23   	102.05   	-147.51		
 -2.44   	-93.38   	101.46   	-172.94		
 -1.53   	-101.32   	100.77   	-193.29		
 -1.83   	-107.12   	100.00   	-223.80		
 -3.36   	-111.08   	 99.10   	-233.98		
 -6.41   	-113.22   	 98.17   	-254.32		
 -9.16   	-114.75   	 97.15   	-259.41		
-10.68   	-115.66   	 96.11   	-254.32		
-10.38   	-116.27   	 95.10   	-244.15		
 -9.77   	-116.27   	 94.12   	-233.98		
 -9.16   	-116.27   	 93.18   	-218.72		
 -9.77   	-116.58   	 92.31   	-198.37		
-10.38   	-117.19   	 91.52   	-178.03		
-10.99   	-117.49   	 90.80   	-167.85		
-11.29   	-116.58   	 90.13   	-147.51		
-10.99   	-114.75   	 89.54   	-137.33		
-10.99   	-112.00   	 88.99   	-127.16		
-11.60   	-108.95   	 88.48   	-116.99		
-12.51   	-106.51   	 88.02   	-111.90		
-13.43   	-104.98   	 87.57   	-101.73		
-14.34   	-104.06   	 87.16   	 -91.56		
-14.95   	-102.84   	 86.80   	 -91.56		
-14.65   	-100.40   	 86.43   	 -91.56		
-14.04   	-96.44   	 86.06   	 -81.38		
-13.12   	-91.55   	 85.74   	 -81.38		
-12.51   	-87.89   	 85.41   	 -76.30		
-12.21   	-86.67   	 85.11   	 -66.12		
-12.21   	-86.98   	 84.84   	 -71.21		
-11.90   	-87.28   	 84.56   	 -61.04		
-10.68   	-86.06   	 84.31   	 -61.04		
 -8.85   	-82.40   	 84.07   	 -55.95		
 -7.02   	-77.21   	 83.85   	 -55.95		
 -5.80   	-72.94   	 83.62   	 -55.95		
 -5.49   	-70.19   	 83.40   	 -55.95		
 -6.41   	-69.58   	 83.17   	 -61.04		
 -7.32   	-70.50   	 82.93   	 -55.95		
 -8.24   	-71.72   	 82.71   	 -55.95		
 -9.16   	-72.33   	 82.48   	 -61.04		
-10.38   	-72.33   	 82.24   	 -55.95		
-11.60   	-71.72   	 82.01   	 -55.95		
-12.21   	-70.50   	 81.79   	 -55.95		
-11.90   	-69.58   	 81.57   	 -55.95		
-10.38   	-68.66   	 81.34   	 -55.95		
 -8.24   	-68.66   	 81.12   	 -55.95		
 -6.71   	-69.58   	 80.89   	 -61.04		
 -6.10   	-71.41   	 80.65   	 -61.04		
 -6.71   	-73.85   	 80.41   	 -66.12		
 -7.63   	-76.90   	 80.14   	 -66.12		
 -9.46   	-79.96   	 79.88   	 -71.21		
-11.60   	-83.01   	 79.59   	 -76.30		
-13.73   	-85.45   	 79.29   	 -76.30		
-15.26   	-86.98   	 78.98   	 -76.30		
-15.26   	-86.98   	 78.68   	 -76.30		
-14.04   	-85.75   	 78.37   	 -76.30		
-12.82   	-83.92   	 78.07   	 -76.30		
-12.51   	-82.40   	 77.76   	 -76.30		
-13.43   	-82.40   	 77.46   	 -71.21		
-14.95   	-83.62   	 77.17   	 -71.21		
-15.56   	-84.84   	 76.89   	 -71.21		
-14.34   	-85.14   	 76.60   	 -71.21		
-11.60   	-84.53   	 76.32   	 -71.21		
 -9.16   	-83.01   	 76.03   	 -71.21		
 -8.85   	-82.70   	 75.75   	 -71.21		
-10.99   	-83.92   	 75.46   	 -71.21		
-14.34   	-86.06   	 75.18   	 -71.21		
-17.09   	-87.59   	 74.89   	 -76.30		
-17.70   	-87.28   	 74.59   	 -71.21		
-15.87   	-85.45   	 74.30   	 -76.30		
-13.73   	-83.92   	 74.00   	 -76.30		
-12.21   	-83.31   	 73.69   	 -71.21		
-12.21   	-84.23   	 73.41   	 -76.30		
-13.12   	-85.75   	 73.10   	 -71.21		
-13.73   	-86.98   	 72.82   	 -71.21		
-13.43   	-87.28   	 72.53   	 -66.12		
-12.51   	-86.67   	 72.27   	 -66.12		
-11.60   	-85.75   	 72.00   	 -66.12		
-11.29   	-84.84   	 71.74   	 -61.04		
-11.29   	-84.23   	 71.50   	 -61.04		
-11.60   	-83.92   	 71.25   	 -61.04		
-11.60   	-83.31   	 71.01   	 -61.04		
-11.29   	-82.70   	 70.76   	 -61.04		
-10.38   	-82.40   	 70.52   	 -55.95		
 -9.46   	-82.70   	 70.29   	 -61.04		
 -8.54   	-83.62   	 70.05   	 -55.95		
 -8.54   	-84.84   	 69.83   	 -61.04		
 -9.77   	-85.45   	 69.58   	 -55.95		
-11.90   	-85.75   	 69.36   	 -55.95		
-14.34   	-85.14   	 69.14   	 -55.95		
-16.17   	-84.84   	 68.91   	 -55.95		
-16.78   	-84.23   	 68.69   	 -50.86		
-15.87   	-83.31   	 68.48   	 -50.86		
-13.73   	-81.79   	 68.28   	 -45.78		
-10.99   	-80.26   	 68.10   	 -45.78		
 -8.85   	-78.74   	 67.91   	 -40.69		
 -7.63   	-77.82   	 67.75   	 -45.78		
 -7.63   	-76.90   	 67.57   	 -45.78		
 -8.54   	-76.60   	 67.39   	 -45.78		
 -9.77   	-76.29   	 67.20   	 -50.86		
-10.38   	-76.60   	 67.00   	 -55.95		
-10.99   	-77.21   	 66.77   	 -61.04		
-11.29   	-78.13   	 66.53   	 -55.95		
-11.90   	-78.43   	 66.31   	 -61.04		
-13.12   	-78.13   	 66.06   	 -61.04		
-14.65   	-77.21   	 65.82   	 -61.04		
-15.87   	-76.60   	 65.57   	 -55.95		
-16.17   	-76.90   	 65.35   	 -50.86		
-15.87   	-78.13   	 65.15   	 -50.86		
-14.95   	-78.74   	 64.94   	 -50.86		
-13.73   	-78.13   	 64.74   	 -45.78		
-12.82   	-76.29   	 64.56   	 -45.78		
-12.21   	-73.85   	 64.37   	 -40.69		
-12.51   	-71.72   	 64.21   	 -45.78		
-12.82   	-71.11   	 64.03   	 -45.78		
-12.82   	-71.11   	 63.85   	 -40.69		
-12.51   	-71.41   	 63.68   	 -50.86		
-11.60   	-72.02   	 63.48   	 -45.78		
-10.38   	-71.72   	 63.30   	 -50.86		
 -9.77   	-70.80   	 63.09   	 -50.86		
-10.07   	-69.27   	 62.89   	 -55.95		
-10.68   	-67.75   	 62.67   	 -50.86		
-11.90   	-66.53   	 62.46   	 -50.86		
-12.82   	-65.61   	 62.26   	 -50.86		
-13.12   	-65.61   	 62.05   	 -45.78		
-13.12   	-65.92   	 61.87   	 -40.69		
-12.51   	-65.61   	 61.71   	 -40.69		
-11.90   	-64.39   	 61.55   	 -35.61		
-11.90   	-62.87   	 61.40   	 -35.61		
-12.51   	-61.04   	 61.26   	 -40.69		
-13.12   	-60.12   	 61.10   	 -35.61		
-13.12   	-59.81   	 60.96   	 -35.61		
-12.21   	-60.42   	 60.81   	 -35.61		
-11.29   	-61.04   	 60.67   	 -35.61		
-11.60   	-60.73   	 60.53   	 -35.61		
-13.12   	-60.12   	 60.39   	 -30.52		
-15.26   	-59.81   	 60.26   	 -30.52		
-16.48   	-60.42   	 60.14   	 -25.43		
-16.78   	-61.65   	 60.04   	 -30.52		
-16.17   	-62.87   	 59.92   	 -30.52		
-15.26   	-63.17   	 59.80   	 -30.52		
-14.65   	-62.56   	 59.67   	 -30.52		
-14.65   	-61.65   	 59.55   	 -30.52		
-14.95   	-60.42   	 59.43   	 -35.61		
-15.26   	-58.29   	 59.29   	 -30.52		
-14.95   	-53.41   	 59.17   	 -25.43		
-14.04   	-42.42   	 59.06   	 -30.52		
-12.82   	-24.11   	 58.94   	 -25.43		
-11.90   	 -0.31   	 58.84   	 -30.52		
-11.60   	 22.89   	 58.72   	 -25.43		
-11.29   	 38.45   	 58.62   	 -30.52		
-10.68   	 43.03   	 58.49   	 -30.52		
 -9.46   	 39.98   	 58.37   	 -35.61		
 -7.63   	 36.93   	 58.23   	 -40.69		
 -5.49   	 38.76   	 58.07   	 -40.69		
 -2.44   	 45.78   	 57.90   	 -40.69		
  1.53   	 53.10   	 57.74   	 -45.78		
  7.02   	 57.07   	 57.56   	 -45.78		
 13.43   	 59.81   	 57.38   	 -40.69		
 18.31   	 64.70   	 57.21   	 -45.78		
 21.06   	 72.63   	 57.03   	 -40.69		
 20.75   	 76.60   	 56.87   	 -40.69		
 19.53   	 67.14   	 56.70   	 -40.69		
 19.53   	 39.67   	 56.54   	 -35.61		
 21.97   	  0.00   	 56.40   	 -35.61		
 25.33   	-39.06   	 56.26   	 -35.61		
 25.94   	-66.53   	 56.11   	 -30.52		
 20.14   	-78.13   	 55.99   	 -30.52		
  7.32   	-79.35   	 55.87   	 -30.52		
 -8.24   	-79.04   	 55.75   	 -25.43		
-21.36   	-84.53   	 55.65   	 -20.35		
-27.77   	-97.35   	 55.56   	 -25.43		
-27.47   	-113.83   	 55.46   	 -20.35		
-23.80   	-127.56   	 55.38   	 -25.43		
-20.75   	-133.67   	 55.28   	 -20.35		
-20.14   	-132.14   	 55.20   	 -15.26		
-21.36   	-126.04   	 55.14   	 -20.35		
-23.19   	-119.63   	 55.06   	 -20.35		
-24.11   	-116.27   	 54.97   	 -20.35		
-23.80   	-115.05   	 54.89   	 -15.26		
-22.28   	-114.14   	 54.83   	 -20.35		
-20.14   	-112.61   	 54.75   	 -20.35		
-18.92   	-110.17   	 54.67   	 -20.35		
-19.23   	-107.42   	 54.59   	 -25.43		
-20.75   	-104.37   	 54.49   	 -20.35		
-21.97   	-101.32   	 54.40   	 -25.43		
-21.67   	-97.96   	 54.30   	 -25.43		
-18.92   	-93.99   	 54.20   	 -25.43		
-15.87   	-90.33   	 54.10   	 -25.43		
-13.43   	-86.98   	 54.00   	 -25.43		
-12.82   	-83.92   	 53.90   	 -30.52		
-13.73   	-81.18   	 53.77   	 -25.43		
-14.34   	-78.43   	 53.67   	 -30.52		
-14.04   	-75.38   	 53.55   	 -30.52		
-12.82   	-71.72   	 53.43   	 -30.52		
-11.29   	-68.66   	 53.31   	 -30.52		
-10.68   	-65.92   	 53.18   	 -30.52		
-10.68   	-64.39   	 53.06   	 -30.52		
-11.60   	-63.17   	 52.94   	 -35.61		
-12.82   	-61.95   	 52.80   	 -30.52		
-14.04   	-60.12   	 52.68   	 -35.61		
-15.56   	-57.37   	 52.53   	 -35.61		
-16.48   	-54.02   	 52.39   	 -35.61		
-16.78   	-48.22   	 52.25   	 -30.52		
-15.87   	-37.54   	 52.13   	 -30.52		
-13.12   	-18.01   	 52.00   	 -30.52		
 -7.93   	 15.56   	 51.88   	 -30.52		
  0.31   	 64.70   	 51.76   	 -30.52		
 15.26   	126.65   	 51.64   	 -25.43		
 42.72   	197.75   	 51.54   	 -25.43		
 86.36   	277.40   	 51.43   	 -30.52		
145.87   	371.40   	 51.31   	 -25.43		
211.49   	481.57   	 51.21   	 -25.43		
267.03   	585.94   	 51.11   	 -25.43		
293.58   	632.02(R)	 51.01   	 -25.43		
278.63   	550.84   	 50.91   	 -25.43		
225.22   	311.89   	 50.80   	 -20.35		
151.67   	-30.21   	 50.72   	 -25.43		
 83.62   	-346.98   	 50.62   	 -25.43		
 40.89   	-506.29   	 50.52   	 -25.43		
 27.16   	-456.24   	 50.42   	 -25.43		
 29.30   	-262.45   	 50.32   	 -25.43		
 30.52   	-56.76   	 50.21   	 -20.35		
 22.89   	 57.98   	 50.13   	 -25.43		
 10.07   	 65.92   	 50.03   	 -25.43		
 -0.31   	 21.06   	 49.93   	 -30.52		
 -5.19   	-12.82   	 49.81   	 -25.43		
 -5.80   	-10.99   	 49.70   	 -30.52		
 -6.71   	 11.29   	 49.58   	 -30.52		
 -9.46   	 27.77   	 49.46   	 -30.52		
-12.82   	 27.16   	 49.34   	 -35.61		
-15.26   	 17.40   	 49.20   	 -30.52		
-16.17   	  9.77   	 49.07   	 -30.52		
-15.87   	  8.54   	 48.95   	 -30.52		
-14.95   	 11.90   	 48.83   	 -25.43		
-13.73   	 15.87   	 48.73   	 -15.26		
-12.82   	 18.31   	 48.67   	 -10.17		
-11.90   	 19.53   	 48.63(D)	   0.00		
-11.90   	 20.45   	 48.63   	  10.17		
-11.90   	 22.28   	 48.67   	  35.61		
-11.60   	 25.02   	 48.81   	  55.95		
-10.99   	 28.08   	 49.03   	  86.47		
-10.38   	 30.52   	 49.38   	 122.07		
 -9.77   	 32.65   	 49.87   	 162.77		
-10.38   	 34.79   	 50.52   	 203.46		
-11.90   	 36.32   	 51.33   	 254.32		
-13.73   	 37.23   	 52.35   	 295.01		
-14.34   	 37.84   	 53.53   	 335.71		
-13.73   	 39.37   	 54.87   	 371.31		
-11.60   	 41.81   	 56.36   	 401.83		
 -9.16   	 45.17   	 57.97   	 417.09		
 -7.63   	 48.83   	 59.63   	 427.26		
 -7.02   	 51.88   	 61.34   	 432.35		
 -7.32   	 54.02   	 63.07   	 422.18		
 -7.32   	 56.46   	 64.76   	 417.09		
 -6.10   	 60.12   	 66.43   	 406.92		
 -3.97   	 65.31   	 68.06   	 391.66		
 -1.53   	 71.41   	 69.62   	 381.48		
  0.92   	 77.51   	 71.15   	 371.31		
  3.05   	 83.01   	 72.63   	 366.22		
  4.88   	 87.89   	 74.10   	 356.05		
  5.80   	 93.08   	 75.52   	 350.97		
  6.10   	 98.88   	 76.93   	 350.97		
  5.49   	105.29   	 78.33   	 340.79		
  4.88   	112.61   	 79.69   	 330.62		
  4.27   	120.24   	 81.02   	 325.53		
  4.27   	127.87   	 82.32   	 315.36		
  5.49   	135.50   	 83.58   	 305.19		
  7.32   	143.13   	 84.80   	 284.84		
  9.46   	151.06   	 85.94   	 274.67		
 11.29   	159.30   	 87.04   	 259.41		
 12.51   	167.85   	 88.08   	 249.24		
 12.21   	176.39   	 89.07   	 233.98		
 11.60   	185.55   	 90.01   	 223.80		
 10.68   	195.62   	 90.91   	 223.80		
 10.38   	206.60   	 91.80   	 208.54		
 11.29   	218.81   	 92.63   	 213.63		
 13.73   	231.32   	 93.49   	 203.46		
 17.09   	243.23   	 94.30   	 203.46		
 20.14   	254.21   	 95.12   	 198.37		
 22.28   	264.59   	 95.91   	 198.37		
 23.50   	275.88   	 96.70   	 193.29		
 24.41   	288.09   	 97.48   	 188.20		
 25.02   	301.21   	 98.23   	 183.11		
 25.63   	314.33   	 98.96   	 178.03		
 26.55   	326.54   	 99.67   	 167.85		
 28.08   	337.22   	100.35   	 162.77		
 29.91   	347.29   	101.00   	 152.59		
 32.65   	356.45   	101.61   	 142.42		
 35.10   	364.07   	102.18   	 132.25		
 36.93   	370.18   	102.71   	 122.07		
 37.84   	374.76   	103.19   	 111.90		
 38.45   	377.81   	103.64   	 106.82		
 39.67   	379.94   	104.07   	  96.64		
 41.20   	381.47   	104.46   	  86.47		
 42.11   	382.39   	104.80   	  81.38		
 41.50   	381.77   	105.13   	  71.21		
 39.98   	379.94   	105.41   	  61.04		
 38.15   	375.98   	105.66   	  61.04		
 38.15   	370.18   	105.90   	  50.86		
 39.98   	362.24   	106.10   	  45.78		
 42.72   	351.87   	106.29   	  45.78		
 44.86   	338.75   	106.47   	  40.69		
 45.17   	322.57   	106.63   	  40.69		
 42.72   	302.73   	106.80   	  40.69		
 37.23   	278.63   	106.96   	  35.61		
 30.52   	250.24   	107.10   	  40.69		
 24.41   	219.42   	107.26   	  35.61		
 20.45   	188.29   	107.41   	  35.61		
 18.92   	158.08   	107.55   	  30.52		
 18.01   	129.39   	107.67   	  20.35		
 15.87   	101.32   	107.75   	  15.26		
 12.21   	 73.85   	107.81(S)	   0.00		
  7.02   	 46.69   	107.81   	 -15.26		
  2.75   	 21.06   	107.75   	 -30.52		
 -0.31   	 -1.53   	107.63   	 -40.69		
 -2.44   	-20.75   	107.47   	 -55.95		
 -5.49   	-37.23   	107.24   	 -66.12		
 -9.77   	-51.57   	106.98   	 -76.30		
-14.95   	-64.70   	106.67   	 -91.56		
-18.62   	-76.29   	106.31   	-106.82		
-19.53   	-86.06   	105.88   	-127.16		
-18.31   	-93.38   	105.37   	-152.59		
-16.78   	-99.18   	104.76   	-172.94		
-16.78   	-103.15   	104.07   	-203.46		
-18.31   	-106.51   	103.25   	-223.80		
-20.45   	-108.64   	102.36   	-244.15		
-21.06   	-110.47   	101.38   	-264.50		
-20.45   	-111.39   	100.33   	-269.58		
-19.23   	-112.00   	 99.25   	-269.58		
-18.62   	-112.61   	 98.17   	-264.50		
-19.23   	-112.61   	 97.11   	-259.41		
-20.45   	-112.30   	 96.07   	-244.15		
-21.97   	-112.00   	 95.10   	-228.89		
-22.89   	-112.00   	 94.18   	-218.72		
-23.50   	-112.30   	 93.31   	-198.37		
-24.11   	-112.61   	 92.51   	-188.20		
-25.02   	-112.61   	 91.76   	-172.94		
-25.94   	-112.00   	 91.07   	-152.59		
-25.94   	-110.78   	 90.46   	-137.33		
-24.72   	-108.95   	 89.91   	-122.07		
-22.89   	-107.73   	 89.42   	-111.90		
-21.06   	-106.20   	 88.97   	 -91.56		
-20.45   	-104.98   	 88.61   	 -81.38		
-21.67   	-104.06   	 88.28   	 -76.30		
-23.19   	-103.15   	 87.98   	 -66.12		
-24.72   	-102.23   	 87.71   	 -66.12		
-25.02   	-101.93   	 87.45   	 -61.04		
-24.41   	-101.62   	 87.20   	 -61.04		
-23.50   	-101.62   	 86.96   	 -66.12		
-22.89   	-101.32   	 86.69   	 -71.21		
-22.28   	-100.71   	 86.41   	 -71.21		
-22.89   	-99.18   	 86.12   	 -76.30		
-23.80   	-97.05   	 85.82   	 -81.38		
-24.72   	-94.60   	 85.49   	 -81.38		
-25.02   	-93.08   	 85.17   	 -81.38		
-25.02   	-93.08   	 84.84   	 -86.47		
-24.41   	-93.69   	 84.50   	 -81.38		
-23.50   	-95.21   	 84.17   	 -81.38		
-22.28   	-96.44   	 83.85   	 -76.30		
-20.75   	-97.05   	 83.54   	 -76.30		
-18.92   	-97.35   	 83.23   	 -66.12		
-18.62   	-97.35   	 82.97   	 -66.12		
-19.53   	-97.05   	 82.71   	 -61.04		
-21.36   	-96.74   	 82.46   	 -61.04		
-22.89   	-96.44   	 82.22   	 -55.95		
-22.58   	-97.05   	 81.99   	 -55.95		
-19.84   	-98.27   	 81.77   	 -66.12		
-16.78   	-100.10   	 81.51   	 -61.04		
-14.65   	-101.32   	 81.26   	 -71.21		
-14.95   	-101.62   	 80.98   	 -71.21		
-17.09   	-101.62   	 80.69   	 -81.38		
-19.53   	-101.62   	 80.37   	 -86.47		
-20.45   	-101.32   	 80.02   	 -86.47		
-19.53   	-101.62   	 79.67   	 -91.56		
-17.09   	-101.93   	 79.31   	 -96.64		
-15.26   	-102.84   	 78.92   	 -96.64		
-14.95   	-105.29   	 78.53   	-101.73		
-16.17   	-108.34   	 78.13   	 -91.56		
-18.31   	-111.08   	 77.76   	 -91.56		
-20.14   	-112.61   	 77.40   	 -91.56		
-21.97   	-112.30   	 77.03   	 -81.38		
-23.50   	-111.08   	 76.70   	 -76.30		
-24.11   	-109.25   	 76.40   	 -76.30		
-23.80   	-107.73   	 76.09   	 -71.21		
-22.89   	-107.12   	 75.81   	 -71.21		
-21.97   	-108.03   	 75.52   	 -71.21		
-21.67   	-110.17   	 75.24   	 -71.21		
-22.58   	-112.92   	 74.95   	 -76.30		
-23.19   	-114.75   	 74.65   	 -71.21		
-23.19   	-114.44   	 74.36   	 -76.30		
-22.58   	-112.00   	 74.06   	 -81.38		
-21.97   	-108.64   	 73.73   	 -81.38		
-22.28   	-106.51   	 73.41   	 -81.38		
-22.58   	-105.59   	 73.08   	 -81.38		
-23.19   	-106.20   	 72.76   	 -86.47		
-23.50   	-107.12   	 72.41   	 -81.38		
-23.80   	-107.42   	 72.09   	 -81.38		
-24.41   	-107.42   	 71.76   	 -81.38		
-25.02   	-107.12   	 71.43   	 -71.21		
-24.72   	-106.51   	 71.15   	 -71.21		
-24.11   	-105.59   	 70.86   	 -66.12		
-23.50   	-104.68   	 70.60   	 -61.04		
-22.89   	-103.76   	 70.36   	 -61.04		
-22.58   	-103.15   	 70.11   	 -55.95		
-22.58   	-102.54   	 69.89   	 -50.86		
-22.28   	-102.54   	 69.68   	 -50.86		
-21.67   	-103.15   	 69.48   	 -50.86		
-20.75   	-104.06   	 69.28   	 -55.95		
-19.84   	-104.37   	 69.05   	 -55.95		
-18.92   	-103.76   	 68.83   	 -55.95		
-19.53   	-102.54   	 68.61   	 -61.04		
-21.06   	-101.62   	 68.36   	 -61.04		
-23.50   	-101.32   	 68.12   	 -66.12		
-25.63   	-101.62   	 67.85   	 -66.12		
-26.55   	-101.62   	 67.59   	 -66.12		
-25.94   	-101.01   	 67.32   	 -66.12		
-25.33   	-99.79   	 67.06   	 -66.12		
-24.41   	-98.57   	 66.80   	 -61.04		
-24.11   	-99.18   	 66.55   	 -61.04		
-23.80   	-101.01   	 66.31   	 -55.95		
-23.50   	-103.76   	 66.08   	 -55.95		
-23.19   	-105.59   	 65.86   	 -50.86		
-22.28   	-104.98   	 65.66   	 -45.78		
-21.67   	-102.23   	 65.47   	 -50.86		
-20.75   	-97.96   	 65.27   	 -45.78		
-19.84   	-93.99   	 65.09   	 -45.78		
-19.53   	-90.94   	 64.90   	 -50.86		
-19.53   	-89.11   	 64.70   	 -50.86		
-20.45   	-88.81   	 64.50   	 -50.86		
-21.67   	-89.72   	 64.29   	 -55.95		
-22.58   	-91.55   	 64.07   	 -55.95		
-22.58   	-93.08   	 63.85   	 -61.04		
-21.97   	-93.69   	 63.60   	 -61.04		
-20.75   	-92.77   	 63.36   	 -66.12		
-20.45   	-91.25   	 63.09   	 -66.12		
-20.75   	-90.33   	 62.83   	 -61.04		
-21.36   	-90.33   	 62.58   	 -61.04		
-21.97   	-90.94   	 62.34   	 -61.04		
-22.28   	-90.64   	 62.10   	 -55.95		
-22.58   	-90.03   	 61.87   	 -55.95		
-22.58   	-89.11   	 61.65   	 -50.86		
-22.89   	-88.81   	 61.44   	 -50.86		
-22.89   	-88.81   	 61.24   	 -40.69		
-22.89   	-88.20   	 61.08   	 -45.78		
-22.89   	-86.98   	 60.89   	 -40.69		
-23.50   	-85.75   	 60.73   	 -35.61		
-24.11   	-85.14   	 60.59   	 -40.69		
-24.72   	-85.75   	 60.43   	 -35.61		
-25.02   	-87.59   	 60.28   	 -35.61		
-25.63   	-89.42   	 60.14   	 -35.61		
-25.94   	-90.03   	 60.00   	 -40.69		
-25.33   	-89.11   	 59.84   	 -35.61		
-24.11   	-86.98   	 59.69   	 -35.61		
-23.19   	-84.84   	 59.55   	 -40.69		
-22.89   	-83.31   	 59.39   	 -35.61		
-24.11   	-83.31   	 59.25   	 -35.61		
-25.33   	-83.62   	 59.10   	 -40.69		
-25.94   	-84.53   	 58.94   	 -35.61		
-25.33   	-85.45   	 58.80   	 -35.61		
-24.11   	-85.45   	 58.66   	 -35.61		
-22.89   	-84.84   	 58.51   	 -30.52		
-22.89   	-83.92   	 58.39   	 -35.61		
-22.89   	-83.01   	 58.25   	 -30.52		
-22.58   	-82.70   	 58.13   	 -35.61		
-21.36   	-82.40   	 57.99   	 -30.52		
-19.53   	-82.09   	 57.86   	 -30.52		
-18.31   	-80.26   	 57.74   	 -35.61		
-18.31   	-77.82   	 57.60   	 -35.61		
-18.62   	-75.07   	 57.46   	 -35.61		
-18.62   	-73.55   	 57.31   	 -35.61		
-18.01   	-73.55   	 57.17   	 -35.61		
-17.09   	-75.38   	 57.03   	 -40.69		
-16.78   	-76.60   	 56.87   	 -40.69		
-17.09   	-76.90   	 56.70   	 -40.69		
-17.09   	-75.07   	 56.54   	 -40.69		
-16.78   	-72.94   	 56.38   	 -40.69		
-15.87   	-71.41   	 56.22   	 -40.69		
-15.26   	-71.11   	 56.05   	 -40.69		
-15.87   	-71.72   	 55.89   	 -35.61		
-17.70   	-71.41   	 55.75   	 -40.69		
-19.23   	-70.19   	 55.58   	 -35.61		
-19.53   	-67.75   	 55.44   	 -30.52		
-18.01   	-62.87   	 55.32   	 -30.52		
-15.56   	-54.32   	 55.20   	 -25.43		
-14.04   	-39.06   	 55.10   	 -30.52		
-13.73   	-18.01   	 54.97   	 -25.43		
-14.34   	  4.27   	 54.87   	 -25.43		
-14.95   	 20.75   	 54.77   	 -30.52		
-13.73   	 27.16   	 54.65   	 -35.61		
-11.60   	 26.25   	 54.51   	 -35.61		
 -8.24   	 24.41   	 54.36   	 -35.61		
 -5.49   	 27.77   	 54.22   	 -45.78		
 -3.05   	 36.32   	 54.04   	 -40.69		
  0.00   	 45.17   	 53.88   	 -45.78		
  4.27   	 50.66   	 53.69   	 -45.78		
  9.77   	 54.02   	 53.51   	 -45.78		
 15.87   	 59.20   	 53.33   	 -40.69		
 20.14   	 66.53   	 53.16   	 -40.69		
 21.36   	 70.50   	 53.00   	 -30.52		
 20.75   	 62.26   	 52.88   	 -30.52		
 20.45   	 37.54   	 52.76   	 -20.35		
 21.97   	  1.22   	 52.68   	 -20.35		
 23.80   	-36.01   	 52.59   	 -20.35		
 22.89   	-64.39   	 52.51   	 -15.26		
 14.95   	-79.35   	 52.45   	 -20.35		
  1.22   	-83.62   	 52.37   	 -20.35		
-13.73   	-84.23   	 52.29   	 -20.35		
-24.41   	-87.89   	 52.21   	 -20.35		
-28.08   	-97.96   	 52.13   	 -25.43		
-25.33   	-112.30   	 52.02   	 -20.35		
-20.75   	-126.04   	 51.94   	 -25.43		
-18.31   	-134.28   	 51.84   	 -25.43		
-19.23   	-135.19   	 51.74   	 -25.43		
-21.67   	-131.53   	 51.64   	 -25.43		
-22.58   	-126.65   	 51.54   	 -25.43		
-21.06   	-122.99   	 51.43   	 -30.52		
-18.62   	-120.85   	 51.31   	 -25.43		
-17.40   	-119.32   	 51.21   	 -20.35		
-18.62   	-116.58   	 51.13   	 -20.35		
-21.06   	-113.53   	 51.05   	 -20.35		
-23.19   	-109.86   	 50.97   	 -15.26		
-23.80   	-106.81   	 50.91   	 -15.26		
-22.58   	-103.76   	 50.84   	 -15.26		
-21.67   	-100.71   	 50.78   	 -20.35		
-21.36   	-97.66   	 50.70   	 -15.26		
-21.36   	-94.91   	 50.64   	 -25.43		
-20.45   	-92.47   	 50.54   	 -25.43		
-18.31   	-89.42   	 50.44   	 -30.52		
-15.56   	-85.14   	 50.32   	 -35.61		
-12.82   	-79.65   	 50.17   	 -35.61		
-10.68   	-74.77   	 50.03   	 -40.69		
 -9.16   	-72.33   	 49.87   	 -45.78		
 -8.85   	-72.33   	 49.68   	 -45.78		
-10.38   	-73.85   	 49.50   	 -40.69		
-13.73   	-74.77   	 49.34   	 -45.78		
-17.09   	-73.24   	 49.16   	 -35.61		
-18.31   	-69.58   	 49.01   	 -30.52		
-17.09   	-65.31   	 48.89   	 -30.52		
-14.34   	-61.95   	 48.77   	 -15.26		
-12.21   	-58.29   	 48.71   	 -15.26		
-12.21   	-52.19   	 48.65   	 -10.17		
-13.73   	-39.67   	 48.61   	   0.00		
-14.34   	-16.78   	 48.61   	  -5.09		
-10.68   	 19.53   	 48.59   	  -5.09		
  0.31   	 68.66   	 48.57   	  -5.09		
 23.19   	128.48   	 48.55   	 -15.26		
 62.26   	198.36   	 48.48   	 -20.35		
117.80   	285.03   	 48.40   	 -25.43		
183.41   	398.56   	 48.30   	 -30.52		
246.58   	533.14   	 48.18   	 -40.69		
289.92   	648.80   	 48.02   	 -45.78		
297.55   	672.91(R)	 47.83   	 -45.78		
262.76   	537.72   	 47.65   	 -45.78		
195.31   	243.84   	 47.47   	 -50.86		
118.10   	-113.83   	 47.26   	 -40.69		
 56.15   	-388.18   	 47.10   	 -40.69		
 25.02   	-469.67   	 46.94   	 -35.61		
 21.06   	-357.06   	 46.80   	 -30.52		
 26.86   	-154.72   	 46.67   	 -25.43		
 26.86   	  9.16   	 46.57   	 -25.43		
 17.70   	 68.36   	 46.47   	 -20.35		
  4.27   	 42.72   	 46.39   	 -20.35		
 -5.19   	 -4.88   	 46.31   	 -20.35		
 -8.85   	-26.86   	 46.23   	 -15.26		
 -9.16   	-18.31   	 46.16   	 -20.35		
 -9.16   	 -1.83   	 46.08   	 -20.35		
 -9.77   	  4.27   	 46.00   	 -20.35		
-10.68   	 -1.22   	 45.92   	 -15.26		
-12.21   	 -8.24   	 45.86   	 -20.35		
-14.04   	 -8.85   	 45.78   	 -15.26		
-15.87   	 -3.36   	 45.72   	 -15.26		
-17.40   	  3.66   	 45.66   	 -10.17		
-17.70   	  7.93   	 45.62   	  -5.09		
-17.09   	  8.54   	 45.59(D)	   0.00		
-16.17   	  6.71   	 45.59   	  15.26		
-15.26   	  5.49   	 45.66   	  20.35		
-14.65   	  6.71   	 45.74   	  40.69		
-13.12   	  9.46   	 45.90   	  66.12		
-11.60   	 12.82   	 46.16   	  91.56		
-10.38   	 15.26   	 46.53   	 132.25		
-10.07   	 16.78   	 47.06   	 167.85		
-10.38   	 18.01   	 47.73   	 218.72		
-10.99   	 19.23   	 48.61   	 264.50		
-10.99   	 20.45   	 49.66   	 310.27		
-10.38   	 21.06   	 50.91   	 350.97		
 -9.77   	 21.97   	 52.31   	 386.57		
 -9.77   	 23.50   	 53.86   	 412.00		
-10.68   	 25.94   	 55.50   	 427.26		
-11.60   	 28.99   	 57.21   	 437.43		
-12.21   	 32.65   	 58.96   	 432.35		
-11.90   	 36.93   	 60.69   	 422.18		
-10.68   	 41.81   	 62.38   	 417.09		
 -9.16   	 46.39   	 64.05   	 401.83		
 -7.93   	 50.66   	 65.66   	 386.57		
 -6.71   	 54.93   	 67.20   	 376.40		
 -5.49   	 59.20   	 68.71   	 361.14		
 -4.58   	 63.48   	 70.15   	 356.05		
 -3.97   	 68.36   	 71.58   	 345.88		
 -3.66   	 73.85   	 72.96   	 340.79		
 -3.36   	 80.57   	 74.32   	 335.71		
 -2.14   	 88.50   	 75.67   	 330.62		
  0.00   	 96.44   	 76.99   	 320.45		
  2.14   	102.54   	 78.27   	 310.27		
  3.66   	106.51   	 79.51   	 295.01		
  4.58   	108.95   	 80.69   	 279.75		
  4.88   	112.92   	 81.81   	 269.58		
  5.49   	121.15   	 82.89   	 249.24		
  6.41   	133.06   	 83.89   	 233.98		
  7.32   	146.48   	 84.82   	 223.80		
  8.24   	158.69   	 85.72   	 208.54		
  9.16   	168.15   	 86.55   	 198.37		
  9.77   	175.48   	 87.34   	 193.29		
 10.38   	182.50   	 88.12   	 188.20		
 10.68   	190.73   	 88.87   	 183.11		
 11.60   	201.11   	 89.60   	 178.03		
 13.73   	213.01   	 90.32   	 178.03		
 16.78   	226.14   	 91.03   	 172.94		
 18.92   	239.56   	 91.72   	 172.94		
 19.53   	252.08   	 92.41   	 172.94		
 19.53   	263.67   	 93.10   	 167.85		
 20.45   	274.66   	 93.77   	 167.85		
 22.89   	285.95   	 94.45   	 162.77		
 26.55   	297.24   	 95.10   	 152.59		
 30.52   	308.23   	 95.71   	 152.59		
 32.96   	318.60   	 96.32   	 142.42		
 34.48   	327.45   	 96.89   	 137.33		
 35.10   	334.47   	 97.44   	 127.16		
 36.01   	339.66   	 97.94   	 122.07		
 36.93   	343.32   	 98.43   	 111.90		
 38.45   	345.15   	 98.88   	 106.82		
 40.28   	345.76   	 99.31   	  96.64		
 42.11   	345.46   	 99.69   	  91.56		
 43.03   	344.54   	100.06   	  86.47		
 42.72   	342.71   	100.41   	  76.30		
 41.50   	340.27   	100.71   	  76.30		
 39.67   	337.22   	101.02   	  71.21		
 38.45   	333.25   	101.30   	  66.12		
 37.54   	327.15   	101.57   	  61.04		
 36.62   	318.30   	101.81   	  61.04		
 35.71   	305.79   	102.05   	  61.04		
 34.48   	290.22   	102.30   	  50.86		
 32.96   	271.91   	102.50   	  50.86		
 30.82   	251.16   	102.71   	  40.69		
 28.38   	227.97   	102.87   	  35.61		
 25.63   	202.33   	103.01   	  25.43		
 22.58   	174.26   	103.11   	  20.35		
 19.84   	144.35   	103.19   	  15.26		
 16.78   	113.53   	103.25   	   5.09		
 14.04   	 82.40   	103.28(S)	  -5.09		
 11.29   	 53.41   	103.25   	 -15.26		
  8.54   	 26.86   	103.19   	 -20.35		
  5.19   	  3.97   	103.11   	 -35.61		
  1.53   	-16.48   	102.97   	 -45.78		
 -2.75   	-35.10   	102.79   	 -55.95		
 -6.71   	-52.49   	102.56   	 -71.21		
 -9.77   	-68.97   	102.28   	 -81.38		
-11.29   	-83.01   	101.95   	-106.82		
-11.90   	-94.30   	101.53   	-122.07		
-13.12   	-102.84   	101.04   	-147.51		
-14.95   	-109.25   	100.45   	-172.94		
-17.09   	-114.75   	 99.76   	-193.29		
-19.53   	-120.54   	 98.98   	-218.72		
-21.06   	-125.73   	 98.11   	-239.06		
-22.28   	-129.70   	 97.15   	-254.32		
-23.19   	-131.23   	 96.13   	-264.50		
-24.72   	-130.62   	 95.08   	-259.41		
-26.55   	-129.70   	 94.04   	-259.41		
-27.16   	-130.00   	 93.00   	-244.15		
-26.55   	-131.84   	 92.02   	-228.89		
-24.11   	-133.67   	 91.11   	-213.63		
-21.97   	-133.67   	 90.25   	-188.20		
-20.75   	-130.92   	 89.50   	-172.94		
-20.45   	-126.65   	 88.81   	-152.59		
-21.06   	-122.68   	 88.20   	-142.42		
-21.36   	-121.46   	 87.63   	-127.16		
-20.75   	-123.29   	 87.12   	-122.07		
-19.53   	-126.04   	 86.63   	-106.82		
-18.31   	-127.56   	 86.21   	-101.73		
-17.70   	-125.43   	 85.80   	 -91.56		
-18.01   	-120.54   	 85.43   	 -86.47		
-19.23   	-115.05   	 85.09   	 -76.30		
-19.84   	-111.08   	 84.78   	 -71.21		
-19.23   	-109.56   	 84.50   	 -61.04		
-18.01   	-108.95   	 84.25   	 -61.04		
-16.78   	-107.73   	 84.01   	 -55.95		
-16.17   	-104.98   	 83.78   	 -55.95		
-16.17   	-101.32   	 83.56   	 -50.86		
-16.17   	-98.27   	 83.36   	 -55.95		
-16.17   	-96.44   	 83.13   	 -61.04		
-16.17   	-96.74   	 82.89   	 -61.04		
-16.48   	-98.27   	 82.64   	 -66.12		
-17.40   	-99.79   	 82.38   	 -71.21		
-19.23   	-100.40   	 82.10   	 -71.21		
-20.45   	-100.10   	 81.81   	 -76.30		
-20.14   	-99.18   	 81.51   	 -81.38		
-18.31   	-99.79   	 81.18   	 -76.30		
-16.17   	-102.23   	 80.87   	 -76.30		
-14.65   	-105.59   	 80.57   	 -76.30		
-14.95   	-108.34   	 80.26   	 -76.30		
-16.17   	-108.95   	 79.96   	 -66.12		
-18.01   	-107.73   	 79.69   	 -66.12		
-19.23   	-106.20   	 79.43   	 -66.12		
-20.14   	-105.59   	 79.17   	 -61.04		
-19.84   	-106.81   	 78.92   	 -55.95		
-19.23   	-109.25   	 78.70   	 -55.95		
-19.23   	-112.30   	 78.47   	 -50.86		
-19.84   	-114.44   	 78.27   	 -55.95		
-21.06   	-115.36   	 78.05   	 -55.95		
-22.28   	-115.05   	 77.82   	 -55.95		
-22.89   	-113.83   	 77.60   	 -61.04		
-22.28   	-112.30   	 77.35   	 -66.12		
-21.67   	-112.00   	 77.09   	 -71.21		
-21.67   	-112.30   	 76.81   	 -71.21		
-21.97   	-113.22   	 76.52   	 -76.30		
-21.97   	-113.53   	 76.22   	 -81.38		
-21.67   	-113.83   	 75.89   	 -76.30		
-20.75   	-113.83   	 75.58   	 -81.38		
-19.84   	-114.75   	 75.26   	 -81.38		
-20.14   	-115.97   	 74.93   	 -81.38		
-20.75   	-117.19   	 74.61   	 -76.30		
-21.67   	-118.10   	 74.30   	 -71.21		
-21.36   	-117.80   	 74.02   	 -71.21		
-20.14   	-116.88   	 73.73   	 -71.21		
-18.62   	-116.27   	 73.45   	 -66.12		
-17.40   	-115.97   	 73.18   	 -61.04		
-16.78   	-115.97   	 72.94   	 -61.04		
-16.78   	-116.88   	 72.70   	 -61.04		
-16.78   	-117.49   	 72.45   	 -61.04		
-17.09   	-117.80   	 72.21   	 -55.95		
-18.01   	-117.49   	 71.98   	 -61.04		
-19.23   	-116.58   	 71.74   	 -61.04		
-20.45   	-115.66   	 71.50   	 -61.04		
-21.06   	-114.44   	 71.25   	 -66.12		
-20.45   	-113.22   	 70.99   	 -66.12		
-18.62   	-112.61   	 70.72   	 -71.21		
-16.78   	-112.00   	 70.44   	 -76.30		
-15.26   	-112.00   	 70.13   	 -76.30		
-14.95   	-112.30   	 69.83   	 -76.30		
-15.87   	-112.30   	 69.52   	 -81.38		
-16.78   	-111.69   	 69.20   	 -76.30		
-17.40   	-110.47   	 68.89   	 -71.21		
-17.09   	-108.64   	 68.61   	 -71.21		
-16.48   	-107.73   	 68.32   	 -71.21		
-16.48   	-107.42   	 68.04   	 -61.04		
-16.78   	-108.34   	 67.79   	 -55.95		
-16.48   	-109.56   	 67.57   	 -50.86		
-16.17   	-110.17   	 67.36   	 -45.78		
-16.48   	-109.86   	 67.18   	 -45.78		
-17.40   	-108.95   	 67.00   	 -40.69		
-19.23   	-108.03   	 66.84   	 -40.69		
-20.45   	-107.73   	 66.67   	 -40.69		
-20.14   	-107.73   	 66.51   	 -40.69		
-18.92   	-107.42   	 66.35   	 -40.69		
-17.70   	-107.12   	 66.18   	 -45.78		
-17.09   	-106.81   	 66.00   	 -50.86		
-17.70   	-106.51   	 65.80   	 -50.86		
-18.62   	-106.51   	 65.59   	 -50.86		
-19.53   	-105.90   	 65.39   	 -55.95		
-19.84   	-104.98   	 65.17   	 -55.95		
-19.84   	-103.45   	 64.94   	 -61.04		
-19.23   	-101.93   	 64.70   	 -55.95		
-18.62   	-101.01   	 64.48   	 -61.04		
-18.31   	-100.71   	 64.23   	 -55.95		
-18.01   	-101.32   	 64.01   	 -55.95		
-18.01   	-102.23   	 63.78   	 -55.95		
-18.31   	-102.84   	 63.56   	 -50.86		
-18.92   	-101.93   	 63.36   	 -50.86		
-19.53   	-99.49   	 63.15   	 -50.86		
-19.84   	-96.44   	 62.95   	 -45.78		
-19.53   	-94.60   	 62.77   	 -45.78		
-18.92   	-94.30   	 62.58   	 -45.78		
-18.01   	-94.60   	 62.40   	 -45.78		
-17.40   	-94.30   	 62.22   	 -45.78		
-16.78   	-92.77   	 62.03   	 -40.69		
-16.17   	-90.64   	 61.87   	 -45.78		
-16.17   	-88.81   	 61.69   	 -45.78		
-16.48   	-89.11   	 61.51   	 -45.78		
-17.09   	-90.03   	 61.32   	 -45.78		
-18.01   	-90.94   	 61.14   	 -40.69		
-18.01   	-90.33   	 60.98   	 -45.78		
-16.48   	-88.50   	 60.79   	 -45.78		
-14.34   	-86.36   	 60.61   	 -45.78		
-13.12   	-85.14   	 60.43   	 -40.69		
-12.51   	-86.06   	 60.26   	 -40.69		
-12.82   	-88.20   	 60.10   	 -35.61		
-12.82   	-90.03   	 59.96   	 -40.69		
-12.21   	-90.33   	 59.80   	 -35.61		
-11.60   	-88.50   	 59.65   	 -30.52		
-10.99   	-85.14   	 59.53   	 -35.61		
-11.29   	-81.79   	 59.39   	 -30.52		
-12.51   	-79.96   	 59.27   	 -35.61		
-14.04   	-80.26   	 59.12   	 -30.52		
-15.26   	-82.09   	 59.00   	 -30.52		
-15.26   	-84.23   	 58.88   	 -30.52		
-14.95   	-85.45   	 58.76   	 -30.52		
-15.26   	-85.14   	 58.64   	 -25.43		
-16.48   	-84.23   	 58.53   	 -30.52		
-18.01   	-83.31   	 58.41   	 -25.43		
-18.92   	-82.70   	 58.31   	 -30.52		
-18.31   	-81.79   	 58.19   	 -30.52		
-16.48   	-80.87   	 58.07   	 -30.52		
-15.56   	-79.65   	 57.94   	 -30.52		
-15.56   	-78.74   	 57.82   	 -35.61		
-16.48   	-79.04   	 57.68   	 -35.61		
-17.70   	-80.57   	 57.54   	 -35.61		
-17.70   	-81.79   	 57.40   	 -35.61		
-16.48   	-82.40   	 57.25   	 -40.69		
-15.26   	-81.79   	 57.09   	 -40.69		
-14.65   	-80.26   	 56.93   	 -40.69		
-14.04   	-78.13   	 56.76   	 -40.69		
-13.73   	-75.99   	 56.60   	 -35.61		
-13.12   	-73.24   	 56.46   	 -40.69		
-13.12   	-66.83   	 56.30   	 -35.61		
-13.73   	-53.71   	 56.15   	 -35.61		
-14.95   	-32.65   	 56.01   	 -30.52		
-15.56   	 -6.71   	 55.89   	 -30.52		
-14.95   	 17.09   	 55.77   	 -35.61		
-12.82   	 31.13   	 55.63   	 -30.52		
-10.07   	 34.48   	 55.50   	 -30.52		
 -6.71   	 31.43   	 55.38   	 -30.52		
 -3.36   	 29.30   	 55.26   	 -30.52		
  0.00   	 32.65   	 55.14   	 -30.52		
  3.36   	 39.67   	 55.02   	 -25.43		
  7.02   	 46.08   	 54.91   	 -30.52		
 10.38   	 50.05   	 54.79   	 -25.43		
 13.73   	 54.02   	 54.69   	 -25.43		
 16.17   	 59.51   	 54.59   	 -25.43		
 16.17   	 64.39   	 54.49   	 -25.43		
 14.34   	 61.04   	 54.38   	 -25.43		
 12.21   	 42.42   	 54.28   	 -20.35		
 12.21   	  8.54   	 54.20   	 -25.43		
 14.04   	-31.43   	 54.10   	 -25.43		
 16.17   	-65.00   	 54.00   	 -20.35		
 14.04   	-84.84   	 53.92   	 -25.43		
  5.49   	-91.25   	 53.81   	 -25.43		
 -8.24   	-91.55   	 53.71   	 -25.43		
-22.28   	-94.30   	 53.61   	 -20.35		
-30.82   	-103.45   	 53.53   	 -25.43		
-32.04   	-117.80   	 53.43   	 -25.43		
-28.08   	-131.84   	 53.33   	 -25.43		
-22.89   	-140.69   	 53.22   	 -25.43		
-20.45   	-141.91   	 53.12   	 -25.43		
-21.67   	-137.33   	 53.02   	 -25.43		
-24.41   	-130.62   	 52.92   	 -25.43		
-26.55   	-125.43   	 52.82   	 -25.43		
-26.86   	-123.29   	 52.72   	 -30.52		
-25.94   	-122.07   	 52.59   	 -25.43		
-24.11   	-120.24   	 52.49   	 -30.52		
-22.89   	-116.58   	 52.37   	 -30.52		
-21.97   	-112.30   	 52.25   	 -30.52		
-21.67   	-108.03   	 52.13   	 -25.43		
-21.97   	-104.98   	 52.02   	 -25.43		
-22.89   	-103.15   	 51.92   	 -25.43		
-23.50   	-101.93   	 51.82   	 -25.43		
-23.80   	-100.40   	 51.72   	 -20.35		
-23.19   	-98.88   	 51.64   	 -20.35		
-21.97   	-96.44   	 51.56   	 -20.35		
-20.45   	-93.69   	 51.47   	 -20.35		
-18.92   	-90.03   	 51.39   	 -25.43		
-17.70   	-86.67   	 51.29   	 -25.43		
-16.78   	-83.62   	 51.19   	 -20.35		
-15.87   	-81.18   	 51.11   	 -25.43		
-15.56   	-79.04   	 51.01   	 -25.43		
-16.17   	-76.60   	 50.91   	 -20.35		
-17.40   	-74.16   	 50.82   	 -25.43		
-18.31   	-71.72   	 50.72   	 -25.43		
-18.31   	-68.97   	 50.62   	 -20.35		
-17.40   	-65.92   	 50.54   	 -30.52		
-16.17   	-62.87   	 50.42   	 -25.43		
-15.56   	-58.29   	 50.32   	 -30.52		
-15.26   	-50.05   	 50.19   	 -30.52		
-14.65   	-32.65   	 50.07   	 -30.52		
-10.99   	 -0.31   	 49.95   	 -35.61		
 -1.83   	 48.83   	 49.81   	 -30.52		
 15.87   	110.78   	 49.68   	 -30.52		
 46.39   	181.58   	 49.56   	 -25.43		
 91.86   	262.76   	 49.46   	 -25.43		
149.54   	363.77   	 49.36   	 -25.43		
209.35   	487.98   	 49.26   	 -25.43		
256.35   	608.52   	 49.16   	 -20.35		
274.66   	662.84(R)	 49.07   	 -20.35		
254.21   	575.26   	 48.99   	 -20.35		
198.97   	320.13   	 48.91   	 -20.35		
126.95   	-35.40   	 48.83   	 -20.35		
 62.26   	-350.95   	 48.75   	 -20.35		
 23.50   	-494.38   	 48.67   	 -20.35		
 13.12   	-427.25   	 48.59   	 -25.43		
 17.70   	-229.49   	 48.48   	 -30.52		
 20.45   	-36.32   	 48.36   	 -30.52		
 14.04   	 59.20   	 48.24   	 -30.52		
  1.53   	 53.10   	 48.12   	 -30.52		
 -8.85   	  4.88   	 48.00   	 -35.61		
-13.12   	-25.94   	 47.85   	 -30.52		
-12.82   	-20.45   	 47.73   	 -30.52		
-12.21   	  1.83   	 47.61   	 -30.52		
-13.43   	 16.17   	 47.49   	 -30.52		
-14.95   	 14.34   	 47.37   	 -30.52		
-15.56   	  4.88   	 47.24   	 -25.43		
-14.95   	 -0.92   	 47.14   	 -25.43		
-14.34   	  0.00   	 47.04   	 -20.35		
-14.04   	  5.19   	 46.96   	 -15.26		
-14.34   	 10.68   	 46.90   	 -10.17		
-14.34   	 14.04   	 46.86   	  -5.09		
-14.34   	 14.34   	 46.84(D)	  10.17		
-14.34   	 13.73   	 46.88   	  20.35		
-14.65   	 13.73   	 46.96   	  30.52		
-14.95   	 15.87   	 47.08   	  61.04		
-14.95   	 19.23   	 47.32   	  86.47		
-14.65   	 23.19   	 47.67   	 122.07		
-14.34   	 26.25   	 48.16   	 162.77		
-13.43   	 28.69   	 48.81   	 213.63		
-12.51   	 30.21   	 49.66   	 259.41		
-11.60   	 32.35   	 50.70   	 300.10		
-10.38   	 35.10   	 51.90   	 345.88		
 -9.46   	 38.15   	 53.29   	 376.40		
 -8.85   	 40.89   	 54.79   	 401.83		
 -8.85   	 42.42   	 56.40   	 417.09		
 -8.85   	 43.64   	 58.07   	 432.35		
 -9.16   	 45.78   	 59.80   	 427.26		
 -9.16   	 49.74   	 61.51   	 427.26		
 -8.85   	 54.63   	 63.21   	 417.09		
 -7.63   	 59.81   	 64.88   	 401.83		
 -5.80   	 64.39   	 66.49   	 391.66		
 -3.97   	 68.97   	 68.06   	 381.48		
 -2.44   	 74.16   	 69.58   	 366.22		
 -1.22   	 79.96   	 71.05   	 361.14		
 -0.31   	 86.36   	 72.49   	 350.97		
  1.22   	 92.47   	 73.90   	 340.79		
  3.36   	 97.96   	 75.26   	 330.62		
  5.80   	103.45   	 76.58   	 325.53		
  7.63   	108.95   	 77.88   	 310.27		
  7.93   	115.97   	 79.12   	 300.10		
  7.02   	123.60   	 80.33   	 289.93		
  6.71   	132.14   	 81.48   	 279.75		
  8.24   	140.38   	 82.60   	 269.58		
 11.60   	148.01   	 83.68   	 254.32		
 14.95   	155.33   	 84.70   	 249.24		
 17.09   	163.57   	 85.70   	 239.06		
 18.01   	172.42   	 86.65   	 233.98		
 18.62   	181.88   	 87.59   	 223.80		
 19.53   	191.65   	 88.48   	 218.72		
 20.14   	201.42   	 89.36   	 218.72		
 20.14   	211.79   	 90.23   	 208.54		
 20.14   	223.39   	 91.07   	 208.54		
 20.45   	236.21   	 91.90   	 203.46		
 21.67   	249.63   	 92.72   	 198.37		
 23.80   	262.76   	 93.51   	 193.29		
 25.94   	275.27   	 94.28   	 188.20		
 28.38   	287.48   	 95.04   	 178.03		
 31.13   	299.99   	 95.75   	 172.94		
 34.18   	312.81   	 96.44   	 157.68		
 36.93   	325.32   	 97.07   	 147.51		
 37.84   	336.00   	 97.66   	 142.42		
 37.23   	344.85   	 98.23   	 137.33		
 35.71   	351.87   	 98.78   	 127.16		
 34.79   	357.67   	 99.29   	 127.16		
 36.01   	362.85   	 99.80   	 122.07		
 38.45   	367.43   	100.28   	 111.90		
 40.89   	371.70   	100.73   	 111.90		
 42.72   	375.37   	101.18   	 101.73		
 43.95   	378.11   	101.59   	  96.64		
 44.86   	379.94   	101.97   	  86.47		
 45.47   	380.55   	102.32   	  81.38		
 45.47   	379.03   	102.64   	  76.30		
 44.25   	375.06   	102.95   	  66.12		
 42.11   	368.96   	103.21   	  61.04		
 39.98   	361.02   	103.46   	  55.95		
 38.45   	350.95   	103.68   	  50.86		
 38.45   	339.05   	103.89   	  50.86		
 39.37   	325.01   	104.09   	  50.86		
 39.98   	308.23   	104.29   	  50.86		
 39.98   	287.78   	104.50   	  50.86		
 38.15   	262.76   	104.70   	  45.78		
 34.79   	233.76   	104.88   	  40.69		
 30.82   	202.03   	105.05   	  30.52		
 27.47   	169.98   	105.17   	  20.35		
 24.72   	138.85   	105.25(S)	   0.00		
 21.97   	109.86   	105.25   	 -10.17		
 18.01   	 81.79   	105.21   	 -25.43		
 12.82   	 54.93   	105.11   	 -40.69		
  6.10   	 29.60   	104.94   	 -50.86		
 -0.31   	  6.10   	104.74   	 -66.12		
 -5.19   	-13.73   	104.48   	 -86.47		
 -7.63   	-30.52   	104.13   	 -96.64		
 -8.85   	-43.64   	103.74   	-106.82		
-10.07   	-54.93   	103.32   	-122.07		
-11.90   	-64.70   	102.83   	-132.25		
-14.34   	-73.85   	102.30   	-137.33		
-17.09   	-82.40   	101.75   	-147.51		
-19.53   	-89.72   	101.16   	-157.68		
-20.75   	-95.83   	100.53   	-167.85		
-20.45   	-100.71   	 99.86   	-183.11		
-20.14   	-104.06   	 99.12   	-203.46		
-19.84   	-106.20   	 98.31   	-213.63		
-20.75   	-107.73   	 97.46   	-228.89		
-21.97   	-108.95   	 96.54   	-239.06		
-22.58   	-109.86   	 95.58   	-239.06		
-21.67   	-110.47   	 94.63   	-239.06		
-20.14   	-110.17   	 93.67   	-228.89		
-19.53   	-108.95   	 92.76   	-223.80		
-20.45   	-107.73   	 91.86   	-213.63		
-21.97   	-106.20   	 91.01   	-203.46		
-23.19   	-104.68   	 90.19   	-188.20		
-22.89   	-102.54   	 89.44   	-183.11		
-21.36   	-99.79   	 88.71   	-162.77		
-19.84   	-96.44   	 88.06   	-147.51		
-19.23   	-93.69   	 87.47   	-132.25		
-18.92   	-92.47   	 86.94   	-116.99		
-18.62   	-91.55   	 86.47   	 -96.64		
-18.01   	-90.03   	 86.08   	 -76.30		
-17.40   	-87.89   	 85.78   	 -66.12		
-17.70   	-85.14   	 85.51   	 -50.86		
-18.92   	-82.70   	 85.31   	 -40.69		
-20.75   	-81.18   	 85.15   	 -40.69		
-22.28   	-80.26   	 84.98   	 -40.69		
-22.58   	-79.65   	 84.82   	 -40.69		
-21.36   	-78.43   	 84.66   	 -45.78		
-19.84   	-77.21   	 84.48   	 -55.95		
-18.62   	-75.99   	 84.25   	 -66.12		
-18.62   	-75.38   	 83.99   	 -76.30		
-19.23   	-75.38   	 83.68   	 -81.38		
-19.84   	-75.07   	 83.36   	 -91.56		
-20.45   	-74.16   	 82.99   	 -91.56		
-21.36   	-73.55   	 82.62   	-101.73		
-22.58   	-72.63   	 82.22   	 -96.64		
-23.50   	-72.33   	 81.83   	-101.73		
-23.19   	-72.33   	 81.42   	 -91.56		
-21.97   	-72.63   	 81.06   	 -86.47		
-20.14   	-72.63   	 80.71   	 -81.38		
-18.92   	-73.24   	 80.39   	 -71.21		
-18.92   	-74.16   	 80.10   	 -66.12		
-19.84   	-74.77   	 79.84   	 -61.04		
-20.45   	-75.07   	 79.59   	 -55.95		
-19.84   	-75.07   	 79.37   	 -50.86		
-18.31   	-74.46   	 79.17   	 -55.95		
-16.17   	-73.85   	 78.94   	 -50.86		
-14.95   	-73.55   	 78.74   	 -50.86		
-15.26   	-73.55   	 78.53   	 -55.95		
-16.78   	-73.85   	 78.31   	 -55.95		
-18.62   	-74.77   	 78.09   	 -61.04		
-19.23   	-75.68   	 77.84   	 -66.12		
-19.23   	-76.29   	 77.58   	 -71.21		
-18.62   	-76.90   	 77.29   	 -71.21		
-18.31   	-77.21   	 77.01   	 -76.30		
-18.92   	-77.51   	 76.70   	 -86.47		
-19.84   	-77.51   	 76.36   	 -86.47		
-20.14   	-77.51   	 76.01   	 -86.47		
-19.53   	-77.21   	 75.67   	 -91.56		
-18.01   	-76.90   	 75.30   	 -91.56		
-16.78   	-76.90   	 74.93   	 -91.56		
-16.48   	-77.21   	 74.57   	 -81.38		
-17.09   	-77.21   	 74.24   	 -81.38		
-17.70   	-77.21   	 73.92   	 -71.21		
-17.70   	-77.21   	 73.63   	 -66.12		
-16.48   	-77.21   	 73.37   	 -66.12		
-14.95   	-77.21   	 73.10   	 -61.04		
-13.43   	-76.90   	 72.86   	 -55.95		
-12.21   	-76.29   	 72.63   	 -61.04		
-10.68   	-75.38   	 72.39   	 -61.04		
 -8.54   	-75.38   	 72.15   	 -66.12		
 -6.71   	-75.68   	 71.88   	 -66.12		
 -6.41   	-76.60   	 71.62   	 -71.21		
 -7.63   	-77.51   	 71.33   	 -71.21		
-10.68   	-79.04   	 71.05   	 -76.30		
-13.43   	-80.57   	 70.74   	 -76.30		
-14.65   	-81.79   	 70.44   	 -81.38		
-14.65   	-81.79   	 70.11   	 -81.38		
-13.73   	-81.48   	 69.79   	 -81.38		
-13.12   	-81.18   	 69.46   	 -81.38		
-12.21   	-81.18   	 69.14   	 -76.30		
-11.60   	-81.48   	 68.83   	 -76.30		
-10.99   	-81.48   	 68.52   	 -76.30		
-10.99   	-80.87   	 68.22   	 -71.21		
-12.51   	-80.57   	 67.93   	 -66.12		
-14.65   	-80.26   	 67.67   	 -61.04		
-16.78   	-80.87   	 67.43   	 -61.04		
-18.01   	-81.79   	 67.18   	 -55.95		
-17.70   	-82.40   	 66.96   	 -50.86		
-15.87   	-82.40   	 66.75   	 -50.86		
-14.04   	-81.48   	 66.55   	 -45.78		
-13.43   	-80.26   	 66.37   	 -45.78		
-14.04   	-79.65   	 66.18   	 -40.69		
-15.26   	-79.04   	 66.02   	 -45.78		
-15.56   	-79.04   	 65.84   	 -50.86		
-15.26   	-79.35   	 65.64   	 -55.95		
-15.26   	-79.35   	 65.41   	 -55.95		
-16.48   	-79.04   	 65.19   	 -61.04		
-19.23   	-78.13   	 64.94   	 -66.12		
-21.97   	-76.60   	 64.68   	 -71.21		
-23.50   	-75.07   	 64.39   	 -71.21		
-22.58   	-74.16   	 64.11   	 -71.21		
-20.45   	-73.85   	 63.82   	 -66.12		
-18.92   	-74.46   	 63.56   	 -66.12		
-19.23   	-74.77   	 63.30   	 -55.95		
-20.75   	-74.46   	 63.07   	 -55.95		
-21.67   	-73.55   	 62.85   	 -55.95		
-20.75   	-72.02   	 62.62   	 -45.78		
-18.31   	-71.11   	 62.44   	 -45.78		
-16.17   	-69.89   	 62.26   	 -45.78		
-14.65   	-68.66   	 62.08   	 -40.69		
-14.65   	-66.53   	 61.91   	 -40.69		
-15.26   	-64.39   	 61.75   	 -40.69		
-16.17   	-62.87   	 61.59   	 -35.61		
-17.70   	-62.56   	 61.44   	 -30.52		
-18.62   	-63.48   	 61.32   	 -30.52		
-18.62   	-64.09   	 61.20   	 -30.52		
-17.40   	-64.39   	 61.08   	 -25.43		
-15.26   	-63.78   	 60.98   	 -25.43		
-13.43   	-63.48   	 60.87   	 -25.43		
-12.51   	-63.17   	 60.77   	 -20.35		
-12.51   	-63.48   	 60.69   	 -20.35		
-12.82   	-63.78   	 60.61   	 -20.35		
-13.73   	-63.78   	 60.53   	 -20.35		
-14.65   	-63.78   	 60.45   	 -15.26		
-15.56   	-63.17   	 60.39   	 -20.35		
-16.48   	-62.56   	 60.30   	 -20.35		
-16.48   	-61.95   	 60.22   	 -20.35		
-15.56   	-61.34   	 60.14   	 -25.43		
-14.34   	-60.73   	 60.04   	 -35.61		
-13.43   	-60.12   	 59.90   	  N/A		
