  I     	  II     	  AO     	  AO'		
-32.96   	-94.91   	 60.41   	 -45.78		
-32.65   	-94.30   	 60.22   	 -45.78		
-31.43   	-93.08   	 60.04   	 -40.69		
-29.60   	-91.55   	 59.88   	 -45.78		
-28.38   	-89.72   	 59.69   	 -40.69		
-28.08   	-88.50   	 59.53   	 -45.78		
-28.38   	-87.59   	 59.35   	 -40.69		
-28.99   	-87.59   	 59.19   	 -45.78		
-29.30   	-87.89   	 59.00   	 -45.78		
-28.99   	-88.20   	 58.82   	 -45.78		
-28.38   	-88.20   	 58.64   	 -50.86		
-28.08   	-87.59   	 58.43   	 -50.86		
-28.08   	-86.98   	 58.23   	 -55.95		
-28.08   	-86.67   	 58.01   	 -50.86		
-28.38   	-86.67   	 57.80   	 -55.95		
-28.99   	-86.67   	 57.58   	 -55.95		
-29.30   	-85.75   	 57.35   	 -55.95		
-29.60   	-84.53   	 57.13   	 -50.86		
-29.60   	-83.01   	 56.93   	 -50.86		
-30.21   	-82.09   	 56.72   	 -40.69		
-31.43   	-82.09   	 56.56   	 -40.69		
-33.26   	-82.40   	 56.40   	 -35.61		
-34.79   	-83.01   	 56.26   	 -35.61		
-35.40   	-82.40   	 56.11   	 -40.69		
-34.48   	-80.87   	 55.95   	 -45.78		
-32.35   	-77.82   	 55.77   	 -50.86		
-29.60   	-74.77   	 55.56   	 -55.95		
-27.16   	-71.72   	 55.34   	 -61.04		
-25.63   	-70.19   	 55.10   	 -61.04		
-24.41   	-69.58   	 54.85   	 -66.12		
-22.89   	-69.89   	 54.59   	 -61.04		
-21.06   	-70.50   	 54.34   	 -61.04		
-18.92   	-70.50   	 54.10   	 -61.04		
-17.40   	-70.50   	 53.86   	 -55.95		
-16.78   	-70.80   	 53.63   	 -50.86		
-16.78   	-71.72   	 53.43   	 -45.78		
-16.48   	-72.63   	 53.24   	 -40.69		
-14.95   	-73.24   	 53.08   	 -40.69		
-13.12   	-72.94   	 52.92   	 -35.61		
-11.90   	-72.02   	 52.78   	 -30.52		
-11.60   	-71.41   	 52.65   	 -35.61		
-11.90   	-71.72   	 52.51   	 -30.52		
-12.51   	-72.63   	 52.39   	 -30.52		
-12.51   	-73.85   	 52.27   	 -35.61		
-12.51   	-74.77   	 52.13   	 -30.52		
-12.82   	-74.46   	 52.00   	 -35.61		
-13.43   	-73.85   	 51.86   	 -35.61		
-13.73   	-72.02   	 51.72   	 -35.61		
-13.43   	-68.97   	 51.58   	 -30.52		
-12.51   	-62.26   	 51.45   	 -35.61		
-10.99   	-49.13   	 51.31   	 -30.52		
-10.38   	-28.99   	 51.19   	 -25.43		
-10.68   	 -4.88   	 51.09   	 -25.43		
-12.21   	 17.70   	 50.99   	 -25.43		
-13.12   	 32.65   	 50.88   	 -20.35		
-13.43   	 36.93   	 50.80   	 -15.26		
-12.51   	 33.87   	 50.74   	 -20.35		
-10.99   	 29.30   	 50.66   	 -15.26		
 -9.16   	 27.77   	 50.60   	 -15.26		
 -7.32   	 29.60   	 50.54   	 -15.26		
 -5.19   	 32.35   	 50.48   	 -20.35		
 -1.53   	 34.18   	 50.40   	 -20.35		
  4.27   	 36.62   	 50.32   	 -20.35		
 10.68   	 42.11   	 50.23   	 -25.43		
 15.87   	 51.27   	 50.13   	 -25.43		
 17.70   	 57.68   	 50.03   	 -30.52		
 15.87   	 51.88   	 49.91   	 -30.52		
 13.43   	 28.99   	 49.79   	 -35.61		
 12.51   	 -7.63   	 49.64   	 -35.61		
 14.34   	-46.39   	 49.50   	 -30.52		
 16.48   	-75.68   	 49.38   	 -35.61		
 14.65   	-90.94   	 49.24   	 -30.52		
  6.41   	-95.83   	 49.11   	 -30.52		
 -7.93   	-96.44   	 48.99   	 -30.52		
-24.41   	-98.57   	 48.87   	 -35.61		
-37.23   	-104.06   	 48.73   	 -30.52		
-43.03   	-112.61   	 48.61   	 -35.61		
-41.20   	-123.60   	 48.46   	 -35.61		
-35.71   	-134.58   	 48.32   	 -35.61		
-31.43   	-142.52   	 48.18   	 -35.61		
-30.52   	-144.65   	 48.04   	 -30.52		
-32.35   	-140.99   	 47.91   	 -35.61		
-34.18   	-133.67   	 47.77   	 -25.43		
-34.48   	-126.95   	 47.67   	 -25.43		
-33.26   	-122.99   	 47.57   	 -25.43		
-32.35   	-121.15   	 47.47   	 -20.35		
-32.35   	-119.93   	 47.39   	 -15.26		
-33.26   	-117.49   	 47.32   	 -15.26		
-33.87   	-113.83   	 47.26   	 -10.17		
-33.87   	-109.56   	 47.22   	 -10.17		
-32.96   	-105.59   	 47.18   	 -10.17		
-32.04   	-102.54   	 47.14   	 -10.17		
-31.43   	-100.10   	 47.10   	 -15.26		
-31.74   	-97.66   	 47.04   	 -10.17		
-32.35   	-94.60   	 47.00   	 -15.26		
-32.96   	-90.64   	 46.94   	 -15.26		
-32.65   	-86.06   	 46.88   	 -15.26		
-31.74   	-82.09   	 46.82   	 -20.35		
-29.91   	-79.04   	 46.73   	 -20.35		
-28.38   	-77.21   	 46.65   	 -25.43		
-27.47   	-75.99   	 46.55   	 -30.52		
-27.16   	-74.77   	 46.43   	 -30.52		
-26.55   	-72.63   	 46.31   	 -30.52		
-25.63   	-69.27   	 46.18   	 -35.61		
-24.41   	-66.22   	 46.04   	 -40.69		
-23.50   	-64.09   	 45.88   	 -40.69		
-23.50   	-63.17   	 45.72   	 -40.69		
-24.41   	-62.56   	 45.55   	 -45.78		
-25.33   	-60.42   	 45.37   	 -45.78		
-25.63   	-53.41   	 45.19   	 -45.78		
-24.72   	-38.15   	 45.00   	 -45.78		
-22.28   	-11.29   	 44.82   	 -45.78		
-16.17   	 28.99   	 44.64   	 -40.69		
 -3.36   	 78.74   	 44.48   	 -40.69		
 21.06   	133.67   	 44.31   	 -35.61		
 62.26   	190.73   	 44.17   	 -25.43		
120.24   	255.43   	 44.07   	 -25.43		
189.51   	333.86   	 43.97   	 -15.26		
256.35   	418.70   	 43.91   	 -15.26		
303.04   	474.85   	 43.85   	 -10.17		
312.19   	445.25   	 43.80   	  -5.09		
276.79   	285.03   	 43.78   	  -5.09		
207.52   	  6.10   	 43.76   	  -5.09		
129.39   	-309.14   	 43.74   	  -5.09		
 70.80   	-540.77   	 43.72   	  -5.09		
 47.00   	-599.37(R)	 43.70   	  -5.09		
 50.96   	-483.09   	 43.68   	  -5.09		
 61.34   	-275.88   	 43.66   	  -5.09		
 59.81   	-89.11   	 43.64   	  -5.09		
 43.33   	  7.32   	 43.62   	  -5.09		
 22.58   	 17.09   	 43.60   	  -5.09		
  8.54   	 -8.54   	 43.58   	  -5.09		
  5.19   	-20.75   	 43.56   	   0.00		
  7.93   	 -5.80   	 43.56   	  -5.09		
  9.77   	 19.23   	 43.54   	   0.00		
  7.63   	 32.96   	 43.54   	  10.17		
  3.36   	 29.60   	 43.58   	  25.43		
 -0.61   	 19.23   	 43.68   	  45.78		
 -3.05   	 13.43   	 43.87   	  81.38		
 -3.05   	 16.17   	 44.19   	 111.90		
 -1.83   	 23.50   	 44.64   	 152.59		
 -0.31   	 29.30   	 45.25   	 188.20		
 -0.31   	 31.43   	 46.00   	 223.80		
 -1.53   	 31.43   	 46.90   	 249.24		
 -3.05   	 31.13   	 47.89   	 269.58		
 -4.58   	 32.35   	 48.97   	 274.67		
 -5.19   	 34.18   	 50.07   	 279.75		
 -5.49   	 36.01   	 51.19   	 274.67		
 -5.80   	 36.93   	 52.29   	 264.50		
 -6.10   	 37.54   	 53.35   	 249.24		
 -6.71   	 37.84   	 54.34   	 239.06		
 -7.63   	 38.76   	 55.30   	 218.72		
 -8.54   	 40.28   	 56.17   	 213.63		
 -9.77   	 42.42   	 57.03   	 203.46		
-10.68   	 44.86   	 57.84   	 198.37		
-10.99   	 47.30   	 58.64   	 208.54		
-10.99   	 49.74   	 59.47   	 213.63		
-10.68   	 52.19   	 60.33   	 228.89		
-10.38   	 54.93   	 61.24   	 254.32		
-10.68   	 58.29   	 62.26   	 264.50		
-10.99   	 62.56   	 63.32   	 284.84		
-10.68   	 67.14   	 64.46   	 295.01		
-10.07   	 72.02   	 65.64   	 295.01		
 -9.46   	 76.60   	 66.82   	 295.01		
 -8.85   	 80.87   	 68.00   	 284.84		
 -8.24   	 85.14   	 69.14   	 269.58		
 -7.93   	 90.03   	 70.21   	 259.41		
 -7.63   	 94.91   	 71.25   	 239.06		
 -7.32   	100.10   	 72.21   	 223.80		
 -6.41   	106.20   	 73.10   	 208.54		
 -4.58   	113.22   	 73.94   	 198.37		
 -2.14   	120.85   	 74.73   	 188.20		
  0.92   	129.39   	 75.48   	 183.11		
  3.36   	137.63   	 76.22   	 178.03		
  5.49   	145.87   	 76.93   	 183.11		
  7.02   	154.11   	 77.66   	 193.29		
  7.93   	162.35   	 78.43   	 208.54		
  8.85   	170.90   	 79.27   	 218.72		
 10.38   	179.75   	 80.14   	 228.89		
 12.51   	189.51   	 81.06   	 233.98		
 14.65   	199.58   	 81.99   	 228.89		
 16.17   	210.27   	 82.91   	 218.72		
 17.70   	220.95   	 83.78   	 198.37		
 18.92   	231.63   	 84.58   	 178.03		
 20.14   	242.31   	 85.29   	 162.77		
 21.67   	253.91   	 85.94   	 142.42		
 23.50   	266.11   	 86.51   	 122.07		
 25.33   	279.54   	 87.00   	 111.90		
 26.55   	292.66   	 87.45   	 101.73		
 27.77   	305.18   	 87.85   	  91.56		
 28.69   	316.77   	 88.22   	  86.47		
 29.91   	327.76   	 88.57   	  81.38		
 31.13   	338.13   	 88.89   	  71.21		
 32.04   	348.21   	 89.18   	  71.21		
 32.96   	358.28   	 89.46   	  66.12		
 33.87   	368.04   	 89.72   	  55.95		
 34.79   	377.81   	 89.95   	  55.95		
 35.71   	386.96   	 90.17   	  50.86		
 36.32   	394.90   	 90.38   	  45.78		
 36.01   	401.31   	 90.56   	  40.69		
 35.10   	405.88   	 90.72   	  45.78		
 32.96   	408.63   	 90.91   	  40.69		
 30.52   	410.46   	 91.07   	  45.78		
 28.69   	412.29   	 91.25   	  40.69		
 27.77   	413.82   	 91.41   	  45.78		
 28.38   	415.65   	 91.60   	  45.78		
 29.91   	417.18   	 91.78   	  40.69		
 31.43   	417.48   	 91.94   	  40.69		
 32.65   	415.65   	 92.11   	  35.61		
 33.26   	411.68   	 92.25   	  30.52		
 33.57   	404.36   	 92.37   	  25.43		
 33.87   	392.76   	 92.47   	  20.35		
 33.87   	376.59   	 92.55   	  10.17		
 33.26   	355.22   	 92.59   	   5.09		
 31.74   	329.59   	 92.61(S)	  -5.09		
 29.60   	300.90   	 92.59   	 -20.35		
 27.16   	269.78   	 92.51   	 -25.43		
 24.41   	237.12   	 92.41   	 -45.78		
 21.67   	202.94   	 92.23   	 -61.04		
 18.62   	168.46   	 91.98   	 -76.30		
 14.65   	134.28   	 91.68   	-101.73		
 10.38   	101.93   	 91.27   	-127.16		
  6.10   	 71.72   	 90.76   	-147.51		
  1.53   	 44.25   	 90.17   	-172.94		
 -2.44   	 18.92   	 89.48   	-198.37		
 -6.41   	 -3.97   	 88.69   	-213.63		
 -9.46   	-23.50   	 87.83   	-218.72		
-12.21   	-40.28   	 86.96   	-218.72		
-14.04   	-54.02   	 86.08   	-208.54		
-15.56   	-65.61   	 85.25   	-193.29		
-17.09   	-75.99   	 84.48   	-178.03		
-18.62   	-84.53   	 83.76   	-157.68		
-20.45   	-91.55   	 83.13   	-142.42		
-21.36   	-96.74   	 82.56   	-122.07		
-21.67   	-100.10   	 82.07   	-111.90		
-21.67   	-102.84   	 81.63   	 -96.64		
-22.28   	-105.29   	 81.24   	 -96.64		
-23.80   	-107.42   	 80.85   	 -96.64		
-26.55   	-109.86   	 80.47   	 -96.64		
-29.30   	-112.00   	 80.08   	-101.73		
-31.74   	-113.22   	 79.67   	-106.82		
-32.96   	-113.22   	 79.25   	-116.99		
-32.65   	-112.30   	 78.78   	-122.07		
-32.35   	-110.78   	 78.29   	-127.16		
-31.74   	-109.86   	 77.78   	-127.16		
-31.74   	-109.25   	 77.27   	-116.99		
-31.74   	-108.64   	 76.81   	-116.99		
-31.43   	-106.81   	 76.34   	-101.73		
-29.91   	-103.15   	 75.93   	 -86.47		
-28.08   	-98.88   	 75.58   	 -71.21		
-26.25   	-94.30   	 75.30   	 -61.04		
-24.41   	-91.25   	 75.06   	 -45.78		
-22.89   	-88.81   	 74.87   	 -35.61		
-21.06   	-86.98   	 74.73   	 -25.43		
-18.92   	-84.53   	 74.63   	 -20.35		
-16.78   	-82.09   	 74.55   	 -20.35		
-15.87   	-80.57   	 74.47   	 -15.26		
-16.48   	-80.26   	 74.40   	 -25.43		
-18.01   	-81.48   	 74.30   	 -35.61		
-19.84   	-83.01   	 74.16   	 -55.95		
-20.45   	-84.23   	 73.94   	 -76.30		
-20.14   	-84.53   	 73.63   	 -91.56		
-19.84   	-83.92   	 73.27   	-116.99		
-19.84   	-83.92   	 72.80   	-122.07		
-20.14   	-84.23   	 72.31   	-122.07		
-20.14   	-85.45   	 71.82   	-122.07		
-19.53   	-87.28   	 71.33   	-111.90		
-18.92   	-88.81   	 70.88   	 -96.64		
-18.31   	-90.03   	 70.50   	 -76.30		
-17.70   	-90.33   	 70.19   	 -61.04		
-17.40   	-90.33   	 69.95   	 -50.86		
-16.78   	-90.03   	 69.75   	 -35.61		
-15.87   	-90.03   	 69.60   	 -25.43		
-14.95   	-90.03   	 69.50   	 -15.26		
-14.04   	-90.03   	 69.44   	 -20.35		
-13.43   	-90.33   	 69.36   	 -15.26		
-12.82   	-90.94   	 69.30   	 -20.35		
-12.21   	-92.16   	 69.22   	 -25.43		
-11.90   	-93.99   	 69.11   	 -30.52		
-11.60   	-95.83   	 68.99   	 -40.69		
-11.29   	-97.05   	 68.83   	 -45.78		
-10.99   	-97.35   	 68.65   	 -50.86		
-10.38   	-97.05   	 68.44   	 -61.04		
 -9.16   	-96.44   	 68.20   	 -66.12		
 -7.93   	-95.83   	 67.93   	 -71.21		
 -7.63   	-96.44   	 67.65   	 -76.30		
 -8.54   	-97.66   	 67.34   	 -76.30		
-10.38   	-99.79   	 67.04   	 -76.30		
-12.51   	-101.62   	 66.73   	 -81.38		
-14.04   	-103.15   	 66.41   	 -81.38		
-14.65   	-104.06   	 66.08   	 -76.30		
-14.65   	-104.37   	 65.78   	 -81.38		
-14.34   	-103.76   	 65.45   	 -76.30		
-13.73   	-102.54   	 65.15   	 -76.30		
-13.12   	-101.32   	 64.84   	 -76.30		
-12.82   	-101.01   	 64.54   	 -71.21		
-13.12   	-102.23   	 64.25   	 -76.30		
-14.04   	-103.76   	 63.95   	 -71.21		
-15.26   	-104.37   	 63.66   	 -66.12		
-15.56   	-104.06   	 63.40   	 -66.12		
-14.95   	-102.84   	 63.13   	 -66.12		
-14.04   	-101.93   	 62.87   	 -55.95		
-13.43   	-102.23   	 62.64   	 -61.04		
-13.12   	-103.15   	 62.40   	 -50.86		
-13.73   	-104.37   	 62.20   	 -50.86		
-14.65   	-104.68   	 61.99   	 -50.86		
-15.87   	-104.98   	 61.79   	 -45.78		
-17.09   	-104.98   	 61.61   	 -40.69		
-18.31   	-105.29   	 61.44   	 -45.78		
-19.23   	-105.59   	 61.26   	 -40.69		
-19.23   	-105.90   	 61.10   	 -40.69		
-19.23   	-105.90   	 60.94   	 -45.78		
-19.23   	-105.59   	 60.75   	 -40.69		
-19.84   	-104.98   	 60.59   	 -40.69		
-21.06   	-104.06   	 60.43   	 -40.69		
-22.28   	-103.15   	 60.26   	 -45.78		
-23.19   	-102.23   	 60.08   	 -40.69		
-23.50   	-101.93   	 59.92   	 -45.78		
-23.80   	-101.93   	 59.74   	 -40.69		
-23.80   	-102.23   	 59.57   	 -45.78		
-24.11   	-102.54   	 59.39   	 -40.69		
-23.50   	-101.93   	 59.23   	 -45.78		
-22.28   	-100.10   	 59.04   	 -45.78		
-20.45   	-97.66   	 58.86   	 -45.78		
-19.23   	-96.13   	 58.68   	 -45.78		
-19.53   	-95.52   	 58.49   	 -50.86		
-20.75   	-96.13   	 58.29   	 -45.78		
-22.58   	-97.05   	 58.11   	 -45.78		
-23.80   	-97.66   	 57.92   	 -50.86		
-24.41   	-97.66   	 57.72   	 -50.86		
-24.72   	-96.74   	 57.52   	 -50.86		
-24.72   	-95.83   	 57.31   	 -50.86		
-24.41   	-94.91   	 57.11   	 -55.95		
-23.50   	-93.69   	 56.89   	 -55.95		
-22.28   	-93.08   	 56.66   	 -50.86		
-21.97   	-92.47   	 56.46   	 -50.86		
-22.28   	-91.86   	 56.26   	 -50.86		
-22.89   	-90.94   	 56.05   	 -45.78		
-23.19   	-90.03   	 55.87   	 -40.69		
-23.19   	-89.72   	 55.71   	 -45.78		
-22.58   	-89.72   	 55.52   	 -45.78		
-22.28   	-89.72   	 55.34   	 -55.95		
-22.58   	-89.11   	 55.12   	 -61.04		
-23.50   	-87.89   	 54.87   	 -61.04		
-24.72   	-86.36   	 54.63   	 -71.21		
-25.02   	-85.45   	 54.34   	 -71.21		
-25.33   	-85.45   	 54.06   	 -71.21		
-25.33   	-85.75   	 53.77   	 -71.21		
-25.33   	-86.98   	 53.49   	 -66.12		
-25.94   	-87.89   	 53.22   	 -55.95		
-26.55   	-88.50   	 53.00   	 -55.95		
-26.25   	-88.50   	 52.78   	 -40.69		
-25.33   	-87.89   	 52.61   	 -35.61		
-24.41   	-86.06   	 52.47   	 -30.52		
-23.80   	-84.53   	 52.35   	 -20.35		
-23.19   	-83.01   	 52.27   	 -15.26		
-22.89   	-82.09   	 52.21   	 -15.26		
-22.28   	-81.48   	 52.15   	 -10.17		
-21.36   	-80.26   	 52.11   	 -10.17		
-20.45   	-78.13   	 52.06   	 -15.26		
-19.84   	-75.07   	 52.00   	 -10.17		
-20.14   	-69.58   	 51.96   	 -20.35		
-20.75   	-58.90   	 51.88   	 -20.35		
-21.06   	-41.20   	 51.80   	 -20.35		
-20.75   	-18.31   	 51.72   	 -25.43		
-18.92   	  4.27   	 51.62   	 -30.52		
-16.17   	 20.14   	 51.50   	 -35.61		
-13.12   	 26.25   	 51.35   	 -30.52		
-10.07   	 25.02   	 51.23   	 -40.69		
 -7.63   	 21.97   	 51.07   	 -40.69		
 -5.80   	 21.36   	 50.91   	 -40.69		
 -3.97   	 23.19   	 50.74   	 -40.69		
 -1.83   	 25.33   	 50.58   	 -45.78		
  1.53   	 27.16   	 50.40   	 -40.69		
  6.10   	 30.52   	 50.23   	 -45.78		
 11.29   	 37.23   	 50.05   	 -45.78		
 15.26   	 46.69   	 49.87   	 -40.69		
 17.40   	 52.49   	 49.70   	 -35.61		
 17.40   	 45.47   	 49.56   	 -40.69		
 16.48   	 21.36   	 49.40   	 -35.61		
 16.78   	-16.48   	 49.26   	 -30.52		
 18.01   	-55.85   	 49.14   	 -25.43		
 18.92   	-84.84   	 49.03   	 -20.35		
 16.17   	-99.49   	 48.95   	 -15.26		
  7.93   	-102.54   	 48.89   	 -15.26		
 -4.88   	-101.01   	 48.83   	 -10.17		
-18.62   	-101.32   	 48.79   	 -15.26		
-29.30   	-105.59   	 48.73   	 -10.17		
-34.18   	-114.14   	 48.69   	 -10.17		
-32.96   	-125.43   	 48.65   	 -15.26		
-28.69   	-135.80   	 48.59   	 -20.35		
-24.41   	-141.60   	 48.50   	 -15.26		
-22.58   	-141.30   	 48.44   	 -25.43		
-22.89   	-135.19   	 48.34   	 -20.35		
-23.50   	-127.26   	 48.26   	 -25.43		
-23.50   	-120.85   	 48.16   	 -25.43		
-22.58   	-117.19   	 48.06   	 -30.52		
-21.97   	-115.36   	 47.93   	 -25.43		
-21.97   	-113.53   	 47.83   	 -30.52		
-21.97   	-111.08   	 47.71   	 -35.61		
-22.28   	-107.73   	 47.57   	 -35.61		
-21.97   	-104.68   	 47.43   	 -35.61		
-21.97   	-102.84   	 47.28   	 -40.69		
-22.58   	-101.32   	 47.12   	 -40.69		
-23.19   	-100.10   	 46.96   	 -40.69		
-23.50   	-97.35   	 46.80   	 -35.61		
-23.19   	-93.08   	 46.65   	 -40.69		
-21.97   	-87.89   	 46.49   	 -35.61		
-20.75   	-83.01   	 46.35   	 -35.61		
-20.14   	-79.96   	 46.21   	 -30.52		
-20.75   	-78.74   	 46.08   	 -30.52		
-21.06   	-78.13   	 45.96   	 -25.43		
-20.75   	-76.29   	 45.86   	 -25.43		
-18.92   	-73.24   	 45.76   	 -25.43		
-16.48   	-69.27   	 45.66   	 -20.35		
-14.34   	-65.92   	 45.57   	 -20.35		
-13.43   	-63.78   	 45.49   	 -20.35		
-14.04   	-62.56   	 45.41   	 -20.35		
-15.26   	-61.65   	 45.33   	 -15.26		
-15.87   	-59.81   	 45.27   	 -20.35		
-15.87   	-55.54   	 45.19   	 -25.43		
-15.26   	-47.91   	 45.09   	 -20.35		
-14.04   	-33.26   	 45.00   	 -25.43		
-10.99   	 -8.24   	 44.90   	 -25.43		
 -4.58   	 29.91   	 44.80   	 -25.43		
  9.16   	 78.43   	 44.70   	 -25.43		
 34.48   	132.45   	 44.60   	 -25.43		
 75.99   	189.21   	 44.50   	 -25.43		
133.67   	254.52   	 44.39   	 -25.43		
200.50   	336.00   	 44.29   	 -25.43		
263.98   	426.64   	 44.19   	 -20.35		
307.31   	491.33   	 44.11   	 -25.43		
314.64   	469.36   	 44.01   	 -25.43		
279.24   	313.11   	 43.91   	 -25.43		
211.18   	 32.04   	 43.80   	 -25.43		
133.97   	-290.53   	 43.70   	 -25.43		
 74.77   	-530.70   	 43.60   	 -25.43		
 48.52   	-595.40(R)	 43.50   	 -20.35		
 49.74   	-481.87   	 43.42   	 -25.43		
 57.98   	-274.96   	 43.32   	 -20.35		
 55.24   	-87.59   	 43.23   	 -15.26		
 39.67   	  8.54   	 43.17   	 -15.26		
 20.45   	 17.40   	 43.11   	 -10.17		
  7.02   	 -9.77   	 43.07   	 -10.17		
  2.14   	-23.50   	 43.03   	 -10.17		
  1.83   	-10.38   	 42.99   	  -5.09		
  1.22   	 12.82   	 42.97(D)	   0.00		
 -1.83   	 26.25   	 42.97   	  10.17		
 -5.19   	 24.72   	 43.01   	  30.52		
 -7.32   	 16.78   	 43.13   	  45.78		
 -8.54   	 13.43   	 43.32   	  81.38		
 -9.16   	 17.09   	 43.64   	 116.99		
 -9.46   	 23.50   	 44.11   	 147.51		
 -9.77   	 27.47   	 44.70   	 188.20		
-10.38   	 27.77   	 45.45   	 223.80		
-11.29   	 26.55   	 46.35   	 249.24		
-12.21   	 26.55   	 47.34   	 264.50		
-12.21   	 28.69   	 48.40   	 279.75		
-11.29   	 32.04   	 49.52   	 279.75		
-10.07   	 35.10   	 50.64   	 274.67		
 -8.85   	 36.93   	 51.74   	 269.58		
 -8.24   	 38.15   	 52.82   	 264.50		
 -7.63   	 39.37   	 53.88   	 249.24		
 -7.32   	 41.20   	 54.87   	 239.06		
 -7.02   	 43.33   	 55.83   	 233.98		
 -7.02   	 45.17   	 56.76   	 223.80		
 -7.32   	 47.00   	 57.66   	 213.63		
 -7.32   	 48.52   	 58.51   	 213.63		
 -7.02   	 50.66   	 59.37   	 208.54		
 -5.80   	 53.71   	 60.20   	 213.63		
 -3.97   	 57.37   	 61.06   	 218.72		
 -1.53   	 61.95   	 61.93   	 228.89		
  0.61   	 66.83   	 62.85   	 239.06		
  1.53   	 71.72   	 63.80   	 259.41		
  1.53   	 75.68   	 64.84   	 264.50		
  0.92   	 79.04   	 65.90   	 269.58		
  0.61   	 82.40   	 66.98   	 269.58		
  1.22   	 86.67   	 68.06   	 264.50		
  2.14   	 91.86   	 69.11   	 259.41		
  3.97   	 97.96   	 70.15   	 244.15		
  5.49   	104.37   	 71.13   	 239.06		
  7.02   	110.78   	 72.09   	 223.80		
  8.24   	117.19   	 72.98   	 213.63		
  9.16   	124.21   	 73.83   	 208.54		
  9.46   	131.53   	 74.67   	 193.29		
  9.46   	139.16   	 75.44   	 188.20		
 10.07   	146.48   	 76.20   	 188.20		
 11.29   	153.81   	 76.95   	 188.20		
 13.12   	162.35   	 77.70   	 193.29		
 14.95   	171.51   	 78.47   	 198.37		
 16.17   	180.97   	 79.27   	 208.54		
 16.17   	190.12   	 80.10   	 213.63		
 15.56   	198.97   	 80.96   	 213.63		
 15.26   	208.13   	 81.81   	 203.46		
 15.87   	218.81   	 82.62   	 188.20		
 17.40   	231.32   	 83.38   	 172.94		
 19.84   	244.45   	 84.07   	 157.68		
 22.58   	257.26   	 84.70   	 137.33		
 25.63   	269.78   	 85.25   	 122.07		
 28.08   	281.98   	 85.74   	 106.82		
 29.91   	295.10   	 86.16   	  96.64		
 31.43   	308.53   	 86.55   	  86.47		
 32.96   	321.96   	 86.90   	  76.30		
 34.79   	334.47   	 87.20   	  81.38		
 36.93   	346.68   	 87.53   	  81.38		
 38.45   	357.67   	 87.85   	  81.38		
 39.67   	367.43   	 88.18   	  81.38		
 40.59   	376.59   	 88.50   	  81.38		
 41.50   	384.52   	 88.83   	  66.12		
 42.11   	391.85   	 89.09   	  61.04		
 43.03   	398.86   	 89.34   	  45.78		
 43.95   	404.66   	 89.52   	  35.61		
 44.56   	409.55   	 89.66   	  25.43		
 45.17   	413.21   	 89.77   	  20.35		
 45.78   	415.34   	 89.85   	  20.35		
 45.78   	416.87   	 89.93   	  20.35		
 45.17   	418.09   	 90.01   	  30.52		
 44.56   	419.31   	 90.13   	  40.69		
 44.25   	420.53   	 90.29   	  50.86		
 44.86   	420.84   	 90.50   	  55.95		
 45.47   	418.70   	 90.72   	  66.12		
 45.78   	412.90   	 90.99   	  71.21		
 45.47   	402.83   	 91.27   	  61.04		
 44.86   	388.49   	 91.52   	  55.95		
 44.25   	370.18   	 91.74   	  40.69		
 43.33   	348.21   	 91.90   	  30.52		
 41.20   	322.27   	 92.02   	   5.09		
 37.84   	292.66   	 92.04(S)	 -10.17		
 33.57   	260.31   	 92.00   	 -35.61		
 29.60   	227.05   	 91.86   	 -61.04		
 26.55   	193.48   	 91.62   	 -81.38		
 24.11   	161.13   	 91.29   	-111.90		
 21.67   	129.70   	 90.84   	-137.33		
 18.01   	 99.79   	 90.29   	-167.85		
 12.82   	 71.11   	 89.62   	-188.20		
  6.71   	 44.25   	 88.87   	-208.54		
  0.92   	 19.53   	 88.04   	-223.80		
 -3.66   	 -2.75   	 87.14   	-228.89		
 -7.02   	-22.89   	 86.23   	-223.80		
 -9.46   	-40.28   	 85.33   	-208.54		
-11.60   	-54.93   	 84.50   	-183.11		
-13.73   	-66.83   	 83.76   	-162.77		
-15.56   	-75.68   	 83.11   	-132.25		
-17.40   	-82.40   	 82.58   	-106.82		
-18.62   	-87.59   	 82.16   	 -86.47		
-19.53   	-91.55   	 81.81   	 -61.04		
-20.45   	-94.30   	 81.57   	 -55.95		
-21.06   	-96.13   	 81.34   	 -61.04		
-21.97   	-97.96   	 81.10   	 -81.38		
-23.50   	-100.10   	 80.77   	-111.90		
-24.72   	-102.23   	 80.33   	-147.51		
-25.94   	-103.76   	 79.74   	-183.11		
-26.25   	-103.76   	 79.00   	-203.46		
-25.02   	-101.93   	 78.19   	-213.63		
-22.89   	-99.49   	 77.33   	-213.63		
-21.06   	-96.74   	 76.48   	-193.29		
-20.14   	-95.21   	 75.71   	-178.03		
-20.75   	-94.60   	 74.99   	-147.51		
-21.97   	-94.30   	 74.40   	-116.99		
-22.28   	-93.08   	 73.94   	 -91.56		
-21.67   	-90.64   	 73.57   	 -66.12		
-20.45   	-87.28   	 73.31   	 -45.78		
-19.53   	-83.92   	 73.12   	 -25.43		
-19.53   	-81.48   	 73.02   	 -15.26		
-19.84   	-79.96   	 72.96   	  -5.09		
-19.84   	-79.04   	 72.94   	   0.00		
-19.53   	-78.13   	 72.94   	   0.00		
-18.31   	-76.90   	 72.94   	   0.00		
-17.09   	-75.68   	 72.94   	   0.00		
-16.17   	-74.77   	 72.94   	  -5.09		
-15.56   	-73.85   	 72.92   	  -5.09		
-14.95   	-72.94   	 72.90   	 -20.35		
-14.34   	-72.02   	 72.82   	 -25.43		
-13.73   	-71.11   	 72.72   	 -30.52		
-13.73   	-71.11   	 72.59   	 -45.78		
-14.04   	-72.33   	 72.41   	 -50.86		
-14.34   	-74.16   	 72.21   	 -61.04		
-14.65   	-75.68   	 71.96   	 -71.21		
-14.95   	-76.29   	 71.68   	 -81.38		
-15.56   	-76.29   	 71.35   	 -86.47		
-16.17   	-75.99   	 71.01   	 -86.47		
-16.17   	-76.29   	 70.66   	 -91.56		
-16.48   	-77.82   	 70.29   	 -86.47		
-16.78   	-79.96   	 69.95   	 -81.38		
-17.70   	-82.40   	 69.62   	 -81.38		
-18.92   	-84.53   	 69.30   	 -71.21		
-19.53   	-86.06   	 69.01   	 -61.04		
-19.53   	-86.98   	 68.77   	 -50.86		
-19.23   	-87.59   	 68.57   	 -50.86		
-19.23   	-87.89   	 68.36   	 -40.69		
-19.84   	-88.20   	 68.20   	 -35.61		
-20.14   	-88.20   	 68.06   	 -30.52		
-20.45   	-88.20   	 67.93   	 -35.61		
-20.14   	-87.59   	 67.79   	 -35.61		
-19.84   	-87.59   	 67.65   	 -40.69		
-20.45   	-87.89   	 67.49   	 -45.78		
-21.67   	-89.42   	 67.30   	 -50.86		
-22.89   	-91.25   	 67.10   	 -61.04		
-22.89   	-92.77   	 66.86   	 -71.21		
-21.97   	-92.77   	 66.57   	 -76.30		
-19.84   	-91.55   	 66.27   	 -76.30		
-18.01   	-89.11   	 65.96   	 -86.47		
-16.78   	-87.59   	 65.62   	 -86.47		
-17.09   	-87.28   	 65.27   	 -81.38		
-18.31   	-88.50   	 64.94   	 -81.38		
-20.45   	-90.33   	 64.62   	 -76.30		
-21.97   	-91.55   	 64.31   	 -71.21		
-21.97   	-92.16   	 64.03   	 -61.04		
-20.75   	-91.86   	 63.78   	 -55.95		
-18.92   	-91.25   	 63.56   	 -45.78		
-17.40   	-90.03   	 63.38   	 -45.78		
-16.78   	-88.50   	 63.19   	 -35.61		
-16.78   	-86.06   	 63.05   	 -40.69		
-16.48   	-83.31   	 62.89   	 -35.61		
-15.56   	-81.79   	 62.75   	 -35.61		
-14.65   	-81.48   	 62.60   	 -40.69		
-14.65   	-82.09   	 62.44   	 -40.69		
-14.95   	-82.40   	 62.28   	 -45.78		
-15.56   	-82.09   	 62.10   	 -50.86		
-16.17   	-81.48   	 61.89   	 -55.95		
-16.78   	-81.48   	 61.67   	 -55.95		
-18.01   	-82.40   	 61.44   	 -61.04		
-19.23   	-84.23   	 61.20   	 -61.04		
-20.45   	-85.75   	 60.96   	 -66.12		
-20.45   	-86.36   	 60.69   	 -66.12		
-19.84   	-86.06   	 60.43   	 -66.12		
-18.62   	-85.45   	 60.16   	 -66.12		
-18.01   	-85.45   	 59.90   	 -66.12		
-18.31   	-86.06   	 59.63   	 -61.04		
-19.84   	-87.28   	 59.39   	 -61.04		
-21.36   	-88.50   	 59.15   	 -55.95		
-21.97   	-89.42   	 58.92   	 -55.95		
-21.06   	-89.42   	 58.70   	 -50.86		
-19.84   	-89.11   	 58.49   	 -50.86		
-19.23   	-88.50   	 58.29   	 -50.86		
-19.23   	-87.89   	 58.09   	 -50.86		
-19.53   	-87.28   	 57.88   	 -45.78		
-19.84   	-86.67   	 57.70   	 -50.86		
-19.84   	-86.06   	 57.50   	 -45.78		
-19.84   	-86.36   	 57.31   	 -50.86		
-20.75   	-87.28   	 57.11   	 -50.86		
-21.67   	-87.89   	 56.91   	 -55.95		
-22.58   	-88.20   	 56.68   	 -50.86		
-22.58   	-87.59   	 56.48   	 -55.95		
-21.67   	-86.06   	 56.26   	 -50.86		
-20.45   	-84.84   	 56.05   	 -55.95		
-19.84   	-83.62   	 55.83   	 -45.78		
-20.14   	-83.62   	 55.65   	 -40.69		
-21.67   	-84.23   	 55.48   	 -35.61		
-23.19   	-84.84   	 55.34   	 -30.52		
-24.41   	-85.45   	 55.22   	 -30.52		
-24.41   	-84.84   	 55.10   	 -35.61		
-23.50   	-83.31   	 54.95   	 -40.69		
-22.58   	-81.18   	 54.79   	 -40.69		
-21.67   	-79.65   	 54.63   	 -50.86		
-21.36   	-79.35   	 54.43   	 -45.78		
-21.36   	-79.96   	 54.24   	 -50.86		
-21.67   	-80.87   	 54.04   	 -45.78		
-21.36   	-80.87   	 53.86   	 -40.69		
-20.75   	-79.65   	 53.69   	 -35.61		
-20.45   	-78.13   	 53.55   	 -25.43		
-20.14   	-77.51   	 53.45   	 -15.26		
-20.14   	-78.13   	 53.39   	 -15.26		
-20.14   	-79.35   	 53.33   	  -5.09		
-19.53   	-80.26   	 53.31   	  -5.09		
-18.62   	-79.96   	 53.29   	  -5.09		
-17.40   	-79.04   	 53.27   	 -10.17		
-17.09   	-78.13   	 53.22   	 -10.17		
-17.70   	-77.21   	 53.18   	 -20.35		
-18.01   	-76.90   	 53.10   	 -20.35		
-18.01   	-76.60   	 53.02   	 -30.52		
-17.40   	-75.68   	 52.90   	 -35.61		
-15.87   	-74.16   	 52.76   	 -40.69		
-14.65   	-72.63   	 52.59   	 -45.78		
-14.04   	-71.41   	 52.41   	 -45.78		
-14.34   	-70.50   	 52.23   	 -50.86		
-15.56   	-66.53   	 52.02   	 -45.78		
-16.78   	-56.76   	 51.84   	 -50.86		
-17.40   	-38.76   	 51.64   	 -50.86		
-17.70   	-15.26   	 51.43   	 -45.78		
-17.70   	  6.71   	 51.25   	 -50.86		
-18.31   	 20.75   	 51.05   	 -40.69		
-19.23   	 24.41   	 50.88   	 -45.78		
-20.14   	 20.75   	 50.70   	 -40.69		
-20.14   	 16.48   	 50.54   	 -45.78		
-19.23   	 15.56   	 50.36   	 -35.61		
-16.78   	 18.01   	 50.21   	 -40.69		
-13.73   	 21.67   	 50.05   	 -35.61		
 -9.46   	 24.72   	 49.91   	 -30.52		
 -4.27   	 28.99   	 49.79   	 -30.52		
  1.22   	 36.62   	 49.66   	 -30.52		
  6.10   	 47.00   	 49.54   	 -20.35		
  9.16   	 53.41   	 49.46   	 -15.26		
  9.77   	 47.61   	 49.40   	 -15.26		
 10.07   	 24.41   	 49.34   	  -5.09		
 11.29   	-12.82   	 49.32   	   0.00		
 14.04   	-52.19   	 49.32   	  10.17		
 16.78   	-82.40   	 49.36   	  15.26		
 15.56   	-98.27   	 49.42   	  20.35		
  8.24   	-102.54   	 49.50   	  25.43		
 -4.88   	-101.32   	 49.60   	  20.35		
-19.84   	-102.23   	 49.68   	  25.43		
-31.74   	-107.42   	 49.79   	  15.26		
-36.93   	-117.19   	 49.85   	  15.26		
-35.10   	-129.70   	 49.91   	   5.09		
-30.21   	-141.30   	 49.93   	   5.09		
-26.55   	-148.93   	 49.95   	 -10.17		
-25.63   	-150.15   	 49.91   	 -10.17		
-27.16   	-145.57   	 49.87   	 -20.35		
-28.08   	-138.55   	 49.79   	 -25.43		
-27.47   	-132.45   	 49.68   	 -35.61		
-25.63   	-129.09   	 49.54   	 -35.61		
-23.80   	-127.26   	 49.40   	 -40.69		
-22.89   	-125.12   	 49.24   	 -40.69		
-23.19   	-121.77   	 49.07   	 -45.78		
-23.19   	-117.80   	 48.89   	 -45.78		
-23.19   	-113.83   	 48.71   	 -50.86		
-22.58   	-110.78   	 48.50   	 -40.69		
-22.28   	-108.03   	 48.34   	 -45.78		
-22.28   	-105.59   	 48.16   	 -45.78		
-22.89   	-102.84   	 47.98   	 -35.61		
-23.19   	-99.49   	 47.83   	 -40.69		
-22.89   	-95.52   	 47.67   	 -30.52		
-21.67   	-90.94   	 47.55   	 -30.52		
-20.75   	-86.98   	 47.43   	 -30.52		
-20.75   	-84.23   	 47.30   	 -20.35		
-21.36   	-83.01   	 47.22   	 -20.35		
-22.58   	-82.70   	 47.14   	 -20.35		
-24.11   	-81.79   	 47.06   	 -10.17		
-25.02   	-79.96   	 47.02   	 -15.26		
-25.33   	-77.51   	 46.96   	 -10.17		
-25.33   	-74.46   	 46.92   	 -10.17		
-24.72   	-71.41   	 46.88   	  -5.09		
-23.80   	-68.97   	 46.86   	 -10.17		
-22.89   	-66.22   	 46.82   	 -10.17		
-22.28   	-61.95   	 46.77   	 -15.26		
-21.97   	-52.49   	 46.71   	 -10.17		
-20.75   	-34.48   	 46.67   	 -15.26		
-18.01   	 -4.27   	 46.61   	 -15.26		
-12.21   	 38.45   	 46.55   	 -15.26		
  0.31   	 88.81   	 46.49   	 -15.26		
 24.41   	142.21   	 46.43   	 -20.35		
 65.31   	198.67   	 46.35   	 -20.35		
123.60   	266.42   	 46.27   	 -20.35		
191.35   	352.78   	 46.18   	 -25.43		
253.91   	445.56   	 46.08   	 -25.43		
292.97   	500.18   	 45.98   	 -25.43		
292.36   	453.80   	 45.88   	 -30.52		
249.02   	266.11   	 45.76   	 -20.35		
177.00   	-36.01   	 45.68   	 -25.43		
102.54   	-354.31   	 45.57   	 -20.35		
 50.35   	-563.66   	 45.49   	 -15.26		
 31.74   	-586.24(R)	 45.43   	 -10.17		
 36.01   	-441.89   	 45.39   	  -5.09		
 42.72   	-229.80   	 45.37(D)	   0.00		
 37.54   	-60.42   	 45.37   	   5.09		
 21.06   	 11.90   	 45.39   	  10.17		
  3.36   	  6.10   	 45.43   	  15.26		
 -7.32   	-22.28   	 45.49   	  15.26		
 -9.77   	-29.91   	 45.55   	  15.26		
 -9.16   	-12.51   	 45.62   	  15.26		
 -9.46   	  9.77   	 45.68   	  15.26		
-11.90   	 18.31   	 45.74   	  25.43		
-14.34   	 12.51   	 45.84   	  40.69		
-16.17   	  2.75   	 46.00   	  61.04		
-17.09   	 -1.22   	 46.25   	  86.47		
-17.09   	  2.75   	 46.59   	 127.16		
-16.48   	 10.68   	 47.10   	 162.77		
-15.26   	 17.09   	 47.75   	 198.37		
-14.34   	 20.14   	 48.55   	 239.06		
-14.34   	 20.75   	 49.50   	 264.50		
-14.04   	 21.06   	 50.56   	 279.75		
-13.43   	 22.28   	 51.68   	 295.01		
-12.51   	 24.41   	 52.86   	 300.10		
-11.60   	 26.55   	 54.06   	 289.93		
-11.29   	 28.08   	 55.22   	 284.84		
-10.99   	 29.30   	 56.36   	 274.67		
-10.38   	 31.13   	 57.46   	 259.41		
-10.38   	 33.57   	 58.49   	 249.24		
-10.99   	 36.01   	 59.49   	 233.98		
-12.21   	 37.54   	 60.43   	 223.80		
-13.43   	 38.76   	 61.32   	 208.54		
-13.43   	 39.98   	 62.16   	 198.37		
-12.21   	 42.42   	 62.95   	 188.20		
-10.38   	 45.17   	 63.70   	 188.20		
 -9.16   	 48.22   	 64.46   	 193.29		
 -8.54   	 50.96   	 65.23   	 203.46		
 -7.93   	 54.32   	 66.04   	 208.54		
 -7.32   	 58.59   	 66.88   	 223.80		
 -6.10   	 63.78   	 67.77   	 228.89		
 -5.19   	 69.27   	 68.69   	 228.89		
 -4.88   	 74.16   	 69.60   	 228.89		
 -4.58   	 78.13   	 70.52   	 208.54		
 -4.27   	 82.40   	 71.35   	 198.37		
 -3.36   	 87.28   	 72.15   	 178.03		
 -1.83   	 93.69   	 72.86   	 157.68		
 -0.31   	101.32   	 73.49   	 152.59		
  0.92   	108.64   	 74.10   	 147.51		
  2.14   	115.97   	 74.69   	 152.59		
  2.44   	123.29   	 75.30   	 167.85		
  2.75   	131.23   	 75.97   	 193.29		
  3.36   	139.77   	 76.74   	 218.72		
  4.58   	148.62   	 77.62   	 244.15		
  5.80   	157.17   	 78.60   	 259.41		
  7.02   	165.41   	 79.63   	 274.67		
  7.93   	173.34   	 80.73   	 274.67		
  9.16   	182.80   	 81.83   	 264.50		
 10.99   	193.48   	 82.89   	 254.32		
 12.82   	205.38   	 83.91   	 233.98		
 14.65   	217.29   	 84.84   	 223.80		
 15.87   	229.49   	 85.74   	 203.46		
 17.09   	241.70   	 86.55   	 198.37		
 18.92   	254.21   	 87.34   	 193.29		
 21.06   	267.03   	 88.12   	 183.11		
 22.89   	279.24   	 88.85   	 183.11		
 24.11   	291.44   	 89.58   	 172.94		
 25.02   	303.34   	 90.27   	 162.77		
 25.63   	315.25   	 90.93   	 147.51		
 26.25   	326.54   	 91.52   	 127.16		
 26.86   	337.22   	 92.02   	 106.82		
 27.47   	346.68   	 92.45   	  86.47		
 28.08   	356.14   	 92.80   	  66.12		
 28.99   	365.60   	 93.06   	  45.78		
 30.21   	374.76   	 93.24   	  25.43		
 31.13   	382.69   	 93.35   	  15.26		
 31.74   	388.79   	 93.41   	   5.09		
 31.43   	392.76   	 93.43   	  -5.09		
 30.52   	395.81   	 93.41   	 -15.26		
 29.30   	398.56   	 93.35   	 -10.17		
 28.38   	401.31   	 93.31   	 -10.17		
 28.38   	404.36   	 93.27   	 -10.17		
 28.99   	406.49   	 93.22   	   0.00		
 30.21   	407.10   	 93.22   	  10.17		
 31.43   	406.49   	 93.27   	  10.17		
 32.04   	404.97   	 93.31   	  20.35		
 32.35   	402.22   	 93.39   	  20.35		
 32.65   	397.34   	 93.47   	  25.43		
 33.57   	389.40   	 93.57   	  25.43		
 35.10   	376.89   	 93.67   	  20.35		
 36.01   	359.50   	 93.75   	  20.35		
 36.32   	337.52   	 93.83   	  15.26		
 34.79   	310.97   	 93.90   	   5.09		
 31.43   	280.76   	 93.92(S)	  -5.09		
 27.47   	247.19   	 93.90   	 -20.35		
 22.89   	211.79   	 93.81   	 -35.61		
 18.31   	175.78   	 93.67   	 -55.95		
 14.34   	140.69   	 93.45   	 -81.38		
 10.68   	107.42   	 93.12   	-106.82		
  7.02   	 76.60   	 92.70   	-137.33		
  3.97   	 48.52   	 92.15   	-162.77		
  0.92   	 23.50   	 91.50   	-188.20		
 -1.53   	  1.22   	 90.74   	-218.72		
 -3.97   	-18.62   	 89.87   	-228.89		
 -6.71   	-36.62   	 88.95   	-244.15		
 -9.16   	-52.80   	 87.98   	-239.06		
-11.29   	-66.83   	 87.02   	-223.80		
-13.12   	-78.43   	 86.12   	-208.54		
-14.95   	-87.28   	 85.29   	-183.11		
-16.48   	-94.60   	 84.56   	-152.59		
-18.31   	-100.40   	 83.95   	-122.07		
-20.14   	-105.29   	 83.46   	-101.73		
-21.06   	-108.64   	 83.05   	 -76.30		
-21.36   	-111.08   	 82.75   	 -66.12		
-21.36   	-111.69   	 82.48   	 -61.04		
-21.36   	-112.00   	 82.24   	 -61.04		
-21.36   	-112.00   	 81.99   	 -61.04		
-21.36   	-112.00   	 81.75   	 -71.21		
-21.36   	-111.69   	 81.46   	 -81.38		
-21.06   	-111.39   	 81.14   	 -91.56		
-20.45   	-111.08   	 80.77   	 -96.64		
-20.45   	-110.17   	 80.39   	-101.73		
-20.75   	-108.95   	 79.98   	-101.73		
-21.67   	-108.03   	 79.57   	-106.82		
-22.89   	-106.81   	 79.15   	-106.82		
-23.80   	-105.29   	 78.72   	-116.99		
-24.11   	-103.45   	 78.25   	-127.16		
-23.80   	-100.71   	 77.74   	-142.42		
-22.89   	-97.35   	 77.17   	-152.59		
-21.67   	-93.99   	 76.56   	-152.59		
-20.45   	-90.94   	 75.95   	-152.59		
-19.53   	-88.20   	 75.34   	-132.25		
-18.62   	-86.06   	 74.81   	-116.99		
-18.01   	-83.92   	 74.34   	 -96.64		
-17.70   	-82.70   	 73.96   	 -71.21		
-18.31   	-82.40   	 73.67   	 -55.95		
-19.53   	-82.70   	 73.45   	 -35.61		
-21.06   	-83.31   	 73.31   	 -30.52		
-22.58   	-84.23   	 73.18   	 -20.35		
-23.50   	-84.53   	 73.10   	 -20.35		
-23.50   	-84.23   	 73.02   	 -25.43		
-23.19   	-83.92   	 72.92   	 -25.43		
-23.19   	-84.23   	 72.82   	 -35.61		
-23.19   	-84.84   	 72.68   	 -40.69		
-23.19   	-85.75   	 72.51   	 -45.78		
-22.89   	-86.67   	 72.33   	 -55.95		
-22.58   	-86.98   	 72.11   	 -50.86		
-22.58   	-87.59   	 71.90   	 -55.95		
-22.89   	-88.81   	 71.68   	 -55.95		
-23.50   	-90.94   	 71.45   	 -55.95		
-24.11   	-93.69   	 71.23   	 -50.86		
-24.41   	-96.44   	 71.03   	 -45.78		
-25.02   	-98.88   	 70.84   	 -50.86		
-25.94   	-100.71   	 70.64   	 -45.78		
-26.86   	-101.62   	 70.46   	 -45.78		
-26.86   	-101.62   	 70.27   	 -50.86		
-26.55   	-101.62   	 70.07   	 -50.86		
-25.94   	-101.32   	 69.87   	 -55.95		
-25.94   	-101.93   	 69.64   	 -61.04		
-25.94   	-102.54   	 69.40   	 -66.12		
-26.55   	-103.76   	 69.14   	 -66.12		
-27.16   	-104.68   	 68.87   	 -71.21		
-27.77   	-104.98   	 68.59   	 -76.30		
-28.08   	-104.98   	 68.28   	 -71.21		
-28.08   	-104.68   	 68.00   	 -76.30		
-28.08   	-104.68   	 67.69   	 -71.21		
-28.99   	-105.29   	 67.41   	 -66.12		
-30.52   	-107.12   	 67.14   	 -66.12		
-32.65   	-108.64   	 66.88   	 -66.12		
-34.18   	-109.56   	 66.61   	 -61.04		
-34.48   	-108.95   	 66.37   	 -61.04		
-33.57   	-107.42   	 66.12   	 -66.12		
-32.04   	-105.90   	 65.86   	 -66.12		
-30.82   	-104.06   	 65.59   	 -66.12		
-29.60   	-102.84   	 65.33   	 -71.21		
-28.69   	-101.32   	 65.05   	 -76.30		
-28.08   	-100.10   	 64.74   	 -76.30		
-27.16   	-98.88   	 64.44   	 -81.38		
-26.25   	-98.27   	 64.11   	 -81.38		
-24.72   	-97.66   	 63.78   	 -86.47		
-23.50   	-97.66   	 63.44   	 -91.56		
-22.58   	-98.27   	 63.07   	 -86.47		
-22.28   	-99.18   	 62.73   	 -86.47		
-22.58   	-99.49   	 62.38   	 -81.38		
-22.28   	-98.88   	 62.05   	 -81.38		
-21.36   	-97.66   	 61.73   	 -71.21		
-20.75   	-96.74   	 61.44   	 -71.21		
-21.06   	-97.05   	 61.16   	 -61.04		
-21.97   	-98.88   	 60.92   	 -55.95		
-23.19   	-100.40   	 60.69   	 -50.86		
-23.80   	-100.71   	 60.49   	 -45.78		
-24.41   	-100.10   	 60.30   	 -45.78		
-24.72   	-99.49   	 60.12   	 -45.78		
-25.02   	-99.49   	 59.94   	 -45.78		
-25.33   	-99.79   	 59.76   	 -45.78		
-25.33   	-99.49   	 59.57   	 -50.86		
-24.72   	-98.57   	 59.37   	 -55.95		
-24.41   	-96.74   	 59.15   	 -61.04		
-24.41   	-94.91   	 58.90   	 -66.12		
-24.41   	-93.99   	 58.64   	 -71.21		
-24.41   	-93.69   	 58.35   	 -71.21		
-24.41   	-93.69   	 58.07   	 -76.30		
-24.41   	-93.99   	 57.76   	 -71.21		
-24.72   	-93.99   	 57.48   	 -76.30		
-25.02   	-93.69   	 57.17   	 -71.21		
-25.02   	-92.47   	 56.89   	 -66.12		
-24.11   	-91.25   	 56.62   	 -61.04		
-23.50   	-90.64   	 56.38   	 -50.86		
-23.19   	-90.94   	 56.17   	 -50.86		
-23.50   	-92.16   	 55.97   	 -35.61		
-24.41   	-93.38   	 55.83   	 -25.43		
-25.33   	-93.69   	 55.73   	 -20.35		
-25.33   	-92.77   	 55.65   	  -5.09		
-24.72   	-90.64   	 55.63   	   0.00		
-22.89   	-88.20   	 55.63   	   5.09		
-20.45   	-86.06   	 55.65   	   0.00		
-18.31   	-84.53   	 55.65   	   5.09		
-16.78   	-83.62   	 55.67   	  -5.09		
-16.48   	-83.01   	 55.65   	 -15.26		
-16.78   	-82.70   	 55.58   	 -25.43		
-17.09   	-82.09   	 55.48   	 -35.61		
-16.17   	-80.57   	 55.34   	 -45.78		
-14.65   	-78.74   	 55.16   	 -50.86		
-12.82   	-77.21   	 54.95   	 -55.95		
-11.90   	-77.21   	 54.73   	 -55.95		
-12.21   	-78.13   	 54.51   	 -55.95		
-13.73   	-79.35   	 54.28   	 -55.95		
-14.65   	-79.65   	 54.06   	 -50.86		
-14.95   	-79.04   	 53.86   	 -50.86		
-14.34   	-77.82   	 53.65   	 -50.86		
-13.43   	-77.21   	 53.45   	 -50.86		
-13.43   	-76.90   	 53.24   	 -50.86		
-13.73   	-76.60   	 53.04   	 -45.78		
-14.04   	-74.77   	 52.86   	 -45.78		
-13.12   	-69.89   	 52.68   	 -50.86		
-10.99   	-59.81   	 52.47   	 -40.69		
 -8.85   	-43.95   	 52.31   	 -45.78		
 -7.63   	-22.89   	 52.13   	 -35.61		
 -8.24   	 -0.31   	 51.98   	 -35.61		
 -9.46   	 18.92   	 51.84   	 -30.52		
-10.38   	 30.21   	 51.72   	 -25.43		
 -9.46   	 33.26   	 51.62   	 -25.43		
 -7.02   	 31.13   	 51.52   	 -20.35		
 -3.05   	 28.99   	 51.43   	 -20.35		
  1.53   	 29.91   	 51.35   	 -20.35		
  5.80   	 32.96   	 51.27   	 -20.35		
 10.07   	 36.32   	 51.19   	 -20.35		
 14.34   	 39.37   	 51.11   	 -25.43		
 18.62   	 43.64   	 51.01   	 -20.35		
 22.28   	 50.66   	 50.93   	 -30.52		
 24.41   	 58.29   	 50.80   	 -30.52		
 24.72   	 59.81   	 50.68   	 -30.52		
 23.80   	 47.61   	 50.56   	 -35.61		
 23.50   	 18.62   	 50.42   	 -30.52		
 24.11   	-20.45   	 50.29   	 -35.61		
 25.33   	-57.37   	 50.15   	 -40.69		
 25.02   	-83.01   	 49.99   	 -35.61		
 21.06   	-94.30   	 49.85   	 -35.61		
 11.29   	-96.13   	 49.70   	 -40.69		
 -2.14   	-95.21   	 49.54   	 -35.61		
-16.17   	-97.96   	 49.40   	 -35.61		
-25.94   	-105.90   	 49.26   	 -40.69		
-29.30   	-117.49   	 49.09   	 -40.69		
-26.55   	-130.00   	 48.93   	 -45.78		
-21.97   	-139.77   	 48.75   	 -50.86		
-19.53   	-143.74   	 48.55   	 -50.86		
-20.45   	-141.30   	 48.34   	 -61.04		
-22.58   	-135.19   	 48.10   	 -55.95		
-24.41   	-129.09   	 47.87   	 -61.04		
-25.02   	-124.82   	 47.63   	 -55.95		
-25.02   	-122.68   	 47.41   	 -50.86		
-25.02   	-121.15   	 47.20   	 -40.69		
-25.63   	-118.41   	 47.04   	 -35.61		
-25.94   	-115.05   	 46.90   	 -25.43		
-25.94   	-112.00   	 46.80   	 -20.35		
-25.94   	-109.86   	 46.71   	 -15.26		
-26.25   	-107.73   	 46.65   	 -15.26		
-26.86   	-105.29   	 46.59   	 -15.26		
-27.77   	-101.93   	 46.53   	 -25.43		
-28.08   	-97.96   	 46.43   	 -30.52		
-28.38   	-93.99   	 46.31   	 -50.86		
-28.08   	-90.33   	 46.10   	 -61.04		
-27.47   	-86.67   	 45.86   	 -76.30		
-26.55   	-83.62   	 45.55   	 -96.64		
-26.55   	-81.18   	 45.17   	-101.73		
-26.86   	-79.35   	 44.76   	-106.82		
-27.16   	-76.90   	 44.33   	-111.90		
-26.55   	-73.85   	 43.89   	-106.82		
-25.02   	-69.58   	 43.46   	 -96.64		
-22.28   	-64.70   	 43.07   	 -81.38		
-19.84   	-59.81   	 42.75   	 -66.12		
-18.01   	-56.15   	 42.48   	 -45.78		
-17.40   	-53.41   	 42.30   	 -20.35		
-17.70   	-50.96   	 42.22(D)	   0.00		
-18.31   	-47.61   	 42.22   	  15.26		
-18.62   	-40.59   	 42.28   	  40.69		
-17.40   	-26.25   	 42.44   	  55.95		
-14.34   	  0.00   	 42.67   	  71.21		
 -7.93   	 39.06   	 42.95   	  81.38		
  4.88   	 88.20   	 43.28   	  86.47		
 29.60   	142.21   	 43.62   	  91.56		
 70.80   	198.67   	 43.99   	  91.56		
128.78   	263.37   	 44.35   	  86.47		
196.23   	342.10   	 44.70   	  81.38		
259.09   	426.94   	 45.03   	  71.21		
300.29   	481.26   	 45.31   	  55.95		
303.34   	447.39   	 45.53   	  40.69		
263.37   	281.68   	 45.70   	  20.35		
191.96   	 -1.83   	 45.78   	   5.09		
114.75   	-317.08   	 45.80   	 -10.17		
 57.68   	-542.60   	 45.76   	 -25.43		
 34.48   	-591.43(R)	 45.66   	 -35.61		
 37.54   	-467.83   	 45.51   	 -35.61		
 44.86   	-260.62   	 45.37   	 -40.69		
 40.89   	-80.87   	 45.21   	 -35.61		
 24.41   	  6.10   	 45.07   	 -30.52		
  5.80   	  8.85   	 44.94   	 -15.26		
 -5.19   	-18.92   	 44.88   	 -10.17		
 -6.10   	-30.52   	 44.84   	   5.09		
 -2.75   	-14.65   	 44.86   	  20.35		
  0.00   	 10.07   	 44.94   	  30.52		
 -0.31   	 23.19   	 45.07   	  50.86		
 -2.14   	 20.45   	 45.27   	  71.21		
 -3.66   	 11.29   	 45.55   	  96.64		
 -5.19   	  6.71   	 45.94   	 127.16		
 -6.10   	  8.85   	 46.45   	 162.77		
 -7.63   	 14.04   	 47.10   	 198.37		
 -9.77   	 17.09   	 47.89   	 223.80		
-12.21   	 16.48   	 48.79   	 249.24		
-14.65   	 14.65   	 49.79   	 264.50		
-16.17   	 14.04   	 50.84   	 269.58		
-16.48   	 15.56   	 51.92   	 264.50		
-15.56   	 18.62   	 52.98   	 244.15		
-14.04   	 22.89   	 53.96   	 208.54		
-12.51   	 26.86   	 54.79   	 172.94		
-11.60   	 29.91   	 55.48   	 132.25		
-12.21   	 32.35   	 56.01   	  91.56		
-13.73   	 33.87   	 56.38   	  55.95		
-15.26   	 35.10   	 56.60   	  30.52		
-15.56   	 36.62   	 56.72   	  10.17		
-14.65   	 39.37   	 56.76   	  15.26		
-12.82   	 43.03   	 56.83   	  35.61		
-11.29   	 46.69   	 56.97   	  66.12		
-10.38   	 49.74   	 57.23   	 111.90		
-10.07   	 52.80   	 57.68   	 172.94		
 -9.77   	 55.54   	 58.37   	 233.98		
 -9.16   	 59.20   	 59.31   	 289.93		
 -8.54   	 62.87   	 60.47   	 335.71		
 -7.63   	 66.53   	 61.81   	 376.40		
 -7.02   	 70.80   	 63.32   	 401.83		
 -5.80   	 75.07   	 64.92   	 412.00		
 -4.58   	 80.26   	 66.57   	 406.92		
 -3.36   	 86.36   	 68.20   	 396.74		
 -2.14   	 92.77   	 69.79   	 371.31		
 -0.92   	 99.49   	 71.27   	 340.79		
  0.31   	106.20   	 72.63   	 310.27		
  2.14   	113.22   	 73.88   	 269.58		
  3.97   	120.24   	 74.95   	 228.89		
  5.19   	127.26   	 75.87   	 198.37		
  5.80   	134.28   	 76.66   	 167.85		
  5.49   	140.69   	 77.33   	 152.59		
  4.88   	147.40   	 77.94   	 137.33		
  4.58   	155.03   	 78.49   	 142.42		
  4.58   	163.88   	 79.06   	 152.59		
  5.80   	173.34   	 79.67   	 162.77		
  7.02   	183.41   	 80.33   	 178.03		
  8.85   	193.18   	 81.04   	 198.37		
 10.99   	202.64   	 81.83   	 203.46		
 13.12   	212.71   	 82.64   	 223.80		
 15.26   	223.69   	 83.54   	 223.80		
 16.78   	235.90   	 84.44   	 223.80		
 18.31   	249.02   	 85.33   	 213.63		
 18.92   	262.45   	 86.18   	 193.29		
 19.53   	275.88   	 86.96   	 172.94		
 20.14   	289.31   	 87.65   	 157.68		
 21.36   	301.82   	 88.28   	 137.33		
 23.19   	314.33   	 88.83   	 127.16		
 24.72   	326.23   	 89.34   	 127.16		
 26.25   	337.52   	 89.85   	 116.99		
 27.47   	348.21   	 90.32   	 122.07		
 28.08   	357.67   	 90.80   	 116.99		
 28.69   	366.52   	 91.27   	 111.90		
 29.30   	374.15   	 91.72   	 101.73		
 29.30   	381.16   	 92.13   	  91.56		
 28.69   	387.27   	 92.49   	  71.21		
 27.77   	393.07   	 92.78   	  55.95		
 26.86   	398.56   	 93.00   	  40.69		
 26.25   	403.44   	 93.16   	  20.35		
 25.33   	407.41   	 93.24   	   5.09		
 24.72   	410.16   	 93.27   	 -20.35		
 23.80   	411.68   	 93.18   	 -35.61		
 22.89   	411.38   	 93.04   	 -50.86		
 22.58   	409.85   	 92.84   	 -55.95		
 22.89   	407.10   	 92.61   	 -45.78		
 23.50   	402.83   	 92.43   	 -35.61		
 24.11   	396.42   	 92.29   	 -10.17		
 25.02   	386.96   	 92.25   	  15.26		
 25.02   	372.92   	 92.31   	  45.78		
 24.41   	354.00   	 92.49   	  76.30		
 22.89   	330.51   	 92.80   	  96.64		
 21.06   	303.34   	 93.18   	 111.90		
 18.92   	273.74   	 93.63   	 111.90		
 16.48   	242.61   	 94.08   	 101.73		
 13.12   	210.27   	 94.49   	  81.38		
  8.85   	177.00   	 94.81   	  50.86		
  3.97   	142.82   	 95.01   	   5.09		
 -1.22   	108.64   	 95.04(S)	 -45.78		
 -6.41   	 75.99   	 94.85   	 -96.64		
-10.38   	 45.78   	 94.47   	-157.68		
-13.73   	 19.53   	 93.83   	-203.46		
-16.17   	 -2.44   	 93.02   	-249.24		
-18.31   	-20.45   	 92.02   	-284.84		
-20.75   	-36.01   	 90.88   	-310.27		
-23.50   	-50.05   	 89.64   	-315.36		
-26.55   	-63.48   	 88.38   	-305.19		
-28.99   	-75.68   	 87.16   	-289.93		
-30.52   	-85.75   	 86.00   	-264.50		
-30.82   	-93.08   	 84.94   	-233.98		
-31.13   	-97.66   	 84.01   	-203.46		
-31.13   	-100.40   	 83.19   	-178.03		
-30.82   	-102.54   	 82.48   	-152.59		
-30.21   	-104.68   	 81.87   	-132.25		
-29.30   	-106.81   	 81.34   	-122.07		
-28.69   	-108.95   	 80.85   	-111.90		
-28.99   	-110.78   	 80.41   	-101.73		
-29.30   	-112.00   	 80.00   	-101.73		
-29.30   	-112.61   	 79.59   	 -96.64		
-28.38   	-112.92   	 79.21   	 -91.56		
-27.47   	-113.22   	 78.84   	 -86.47		
-27.16   	-113.83   	 78.49   	 -86.47		
-27.47   	-114.14   	 78.15   	 -81.38		
-27.77   	-113.22   	 77.82   	 -86.47		
-27.47   	-111.08   	 77.48   	 -91.56		
-26.86   	-107.42   	 77.11   	 -96.64		
-25.94   	-103.76   	 76.72   	-101.73		
-25.33   	-101.32   	 76.32   	 -96.64		
-25.33   	-100.10   	 75.93   	 -91.56		
-25.63   	-99.79   	 75.56   	 -76.30		
-25.94   	-99.18   	 75.26   	 -55.95		
-26.25   	-97.35   	 75.04   	 -40.69		
-26.55   	-95.21   	 74.87   	 -25.43		
-27.16   	-93.38   	 74.77   	  -5.09		
-28.08   	-92.77   	 74.75   	  10.17		
-28.08   	-92.77   	 74.79   	  25.43		
-27.77   	-93.08   	 74.89   	  30.52		
-27.16   	-92.47   	 75.01   	  25.43		
-26.86   	-91.25   	 75.12   	  20.35		
-27.16   	-90.33   	 75.20   	   5.09		
-28.08   	-90.33   	 75.22   	 -20.35		
-28.99   	-90.94   	 75.14   	 -45.78		
-28.69   	-91.86   	 74.95   	 -76.30		
-27.77   	-92.16   	 74.65   	-101.73		
-26.86   	-92.47   	 74.24   	-127.16		
-26.55   	-93.38   	 73.73   	-147.51		
-27.47   	-95.52   	 73.14   	-167.85		
-28.99   	-97.96   	 72.47   	-178.03		
-29.91   	-99.79   	 71.76   	-178.03		
-30.52   	-100.71   	 71.05   	-178.03		
-30.52   	-100.71   	 70.34   	-162.77		
-30.82   	-100.71   	 69.68   	-142.42		
-32.04   	-101.01   	 69.11   	-111.90		
-33.26   	-101.93   	 68.67   	 -81.38		
-34.18   	-103.15   	 68.34   	 -45.78		
-34.18   	-104.06   	 68.16   	 -15.26		
-32.96   	-104.37   	 68.10   	  10.17		
-31.74   	-104.06   	 68.14   	  30.52		
-30.52   	-103.45   	 68.26   	  35.61		
-30.21   	-103.45   	 68.40   	  40.69		
-30.82   	-103.76   	 68.57   	  45.78		
-32.04   	-104.68   	 68.75   	  35.61		
-33.26   	-105.90   	 68.89   	  25.43		
-33.57   	-106.81   	 68.99   	  15.26		
-32.65   	-107.12   	 69.05   	   0.00		
-30.82   	-106.20   	 69.05   	 -20.35		
-28.08   	-104.68   	 68.97   	 -40.69		
-25.94   	-103.45   	 68.81   	 -61.04		
-25.33   	-103.15   	 68.57   	 -76.30		
-25.63   	-104.37   	 68.26   	 -96.64		
-26.86   	-106.51   	 67.87   	-111.90		
-28.38   	-108.03   	 67.43   	-122.07		
-28.99   	-108.34   	 66.94   	-127.16		
-28.99   	-106.81   	 66.43   	-127.16		
-28.99   	-104.98   	 65.92   	-132.25		
-29.30   	-103.76   	 65.39   	-122.07		
-29.91   	-104.37   	 64.90   	-116.99		
-30.52   	-106.20   	 64.44   	 -91.56		
-29.91   	-107.42   	 64.07   	 -71.21		
-28.38   	-107.12   	 63.78   	 -40.69		
-26.86   	-104.68   	 63.62   	 -15.26		
-25.94   	-101.62   	 63.56   	   0.00		
-25.94   	-99.79   	 63.56   	   5.09		
-26.55   	-100.40   	 63.58   	   0.00		
-27.16   	-103.15   	 63.58   	 -30.52		
-27.77   	-106.51   	 63.46   	 -61.04		
-28.38   	-109.25   	 63.21   	 -96.64		
-29.30   	-110.17   	 62.83   	-137.33		
-30.21   	-109.25   	 62.28   	-167.85		
-30.52   	-107.73   	 61.61   	-183.11		
-29.30   	-105.29   	 60.87   	-193.29		
-27.47   	-102.54   	 60.10   	-183.11		
-25.63   	-100.10   	 59.37   	-167.85		
-24.72   	-98.88   	 58.70   	-132.25		
-25.63   	-99.79   	 58.17   	 -96.64		
-27.77   	-102.23   	 57.78   	 -61.04		
-29.60   	-104.98   	 57.54   	 -20.35		
-30.52   	-106.81   	 57.46   	  10.17		
-30.21   	-106.81   	 57.50   	  35.61		
-28.99   	-105.29   	 57.64   	  50.86		
-27.47   	-103.45   	 57.84   	  50.86		
-26.25   	-101.32   	 58.05   	  50.86		
-25.63   	-100.10   	 58.25   	  30.52		
-25.63   	-99.49   	 58.37   	   5.09		
-25.94   	-98.88   	 58.39   	 -25.43		
-26.25   	-98.27   	 58.29   	 -61.04		
-26.86   	-97.66   	 58.05   	 -91.56		
-28.08   	-97.66   	 57.68   	-116.99		
-30.21   	-98.57   	 57.21   	-137.33		
-31.74   	-100.10   	 56.66   	-152.59		
-31.74   	-101.32   	 56.05   	-147.51		
-29.91   	-100.40   	 55.46   	-137.33		
-27.16   	-98.57   	 54.91   	-111.90		
-25.02   	-96.74   	 54.47   	 -91.56		
-24.41   	-96.44   	 54.10   	 -66.12		
-24.72   	-97.66   	 53.83   	 -40.69		
-25.33   	-99.79   	 53.67   	 -20.35		
-25.33   	-101.01   	 53.59   	   0.00		
-23.80   	-100.10   	 53.59   	   5.09		
-21.97   	-97.35   	 53.61   	  10.17		
-20.14   	-93.99   	 53.65   	  15.26		
-18.62   	-90.33   	 53.71   	  15.26		
-17.70   	-87.89   	 53.77   	  15.26		
-17.40   	-86.36   	 53.83   	  10.17		
-17.70   	-85.75   	 53.88   	   0.00		
-17.70   	-85.75   	 53.88   	 -15.26		
-17.70   	-86.67   	 53.81   	 -35.61		
-17.70   	-88.50   	 53.67   	 -55.95		
-17.70   	-90.94   	 53.45   	 -76.30		
-17.70   	-92.77   	 53.14   	 -91.56		
-17.40   	-93.38   	 52.78   	-101.73		
-16.78   	-91.86   	 52.37   	-106.82		
-16.17   	-89.42   	 51.94   	-101.73		
-15.87   	-87.28   	 51.54   	 -86.47		
-16.48   	-86.67   	 51.19   	 -71.21		
-17.40   	-87.59   	 50.91   	 -50.86		
-18.31   	-89.72   	 50.70   	 -30.52		
-18.31   	-91.25   	 50.58   	 -15.26		
-18.01   	-91.55   	 50.52   	   0.00		
-17.09   	-90.03   	 50.52   	  10.17		
-14.34   	-84.23   	 50.56   	  10.17		
-11.60   	-73.85   	 50.60   	  15.26		
-11.29   	-59.81   	 50.66   	  15.26		
-15.56   	-42.72   	 50.72   	  10.17		
-23.50   	-25.63   	 50.76   	  10.17		
-31.43   	-11.29   	 50.80   	   0.00		
-33.57   	 -1.22   	 50.80   	   0.00		
-28.99   	  4.27   	 50.80   	   5.09		
-21.06   	  5.80   	 50.82   	   5.09		
-13.43   	  6.10   	 50.84   	  10.17		
 -8.85   	  7.93   	 50.88   	  25.43		
 -5.19   	 11.90   	 50.99   	  40.69		
 -0.61   	 17.70   	 51.15   	  45.78		
  6.41   	 24.72   	 51.33   	  55.95		
 14.34   	 32.65   	 51.56   	  55.95		
 19.84   	 40.89   	 51.78   	  45.78		
 21.06   	 46.08   	 51.96   	  35.61		
 18.31   	 41.81   	 52.11   	   5.09		
 14.65   	 23.19   	 52.13   	 -20.35		
 12.82   	 -9.46   	 52.04   	 -55.95		
 14.34   	-48.22   	 51.82   	 -91.56		
 17.40   	-81.18   	 51.45   	-116.99		
 17.70   	-101.93   	 50.99   	-142.42		
 11.60   	-110.47   	 50.42   	-157.68		
 -0.61   	-112.30   	 49.79   	-167.85		
-15.56   	-113.53   	 49.11   	-178.03		
-27.77   	-117.80   	 48.40   	-183.11		
-33.26   	-126.04   	 47.67   	-172.94		
-32.04   	-137.33   	 46.98   	-167.85		
-26.86   	-149.23   	 46.31   	-147.51		
-21.67   	-156.86   	 45.72   	-132.25		
-19.23   	-157.47   	 45.19   	-111.90		
-19.53   	-151.06   	 44.74   	 -86.47		
-21.36   	-141.60   	 44.39   	 -55.95		
-23.50   	-134.58   	 44.17   	 -30.52		
-25.63   	-132.45   	 44.05   	  -5.09		
-27.16   	-133.67   	 44.03   	  20.35		
-28.38   	-134.89   	 44.11   	  35.61		
-28.69   	-132.75   	 44.25   	  55.95		
-26.86   	-126.65   	 44.48   	  61.04		
-23.19   	-118.41   	 44.72   	  66.12		
-18.62   	-110.47   	 44.98   	  61.04		
-14.34   	-104.98   	 45.23   	  55.95		
-11.90   	-102.84   	 45.45   	  45.78		
-11.60   	-102.54   	 45.64   	  35.61		
-12.51   	-102.23   	 45.78   	  20.35		
-13.43   	-100.71   	 45.86   	  10.17		
-13.73   	-97.96   	 45.90   	   0.00		
-13.43   	-95.21   	 45.90   	  -5.09		
-13.43   	-93.99   	 45.88   	 -10.17		
-13.73   	-94.91   	 45.84   	 -15.26		
-14.95   	-95.83   	 45.78   	 -20.35		
-15.56   	-95.52   	 45.70   	 -25.43		
-16.17   	-93.38   	 45.59   	 -20.35		
-16.48   	-90.33   	 45.51   	 -15.26		
-17.09   	-87.59   	 45.45   	 -15.26		
-18.01   	-85.45   	 45.39   	  -5.09		
-19.23   	-83.62   	 45.37   	   0.00		
-20.45   	-81.48   	 45.37   	  10.17		
-21.06   	-77.82   	 45.41   	  20.35		
-21.06   	-71.11   	 45.49   	  20.35		
-19.84   	-59.20   	 45.57   	  20.35		
-17.40   	-36.62   	 45.66   	  10.17		
-12.21   	 -1.53   	 45.70   	   0.00		
 -1.53   	 44.86   	 45.70   	 -15.26		
 18.92   	 97.05   	 45.64   	 -30.52		
 53.71   	152.89   	 45.51   	 -55.95		
103.45   	217.90   	 45.29   	 -71.21		
163.27   	305.18   	 45.00   	 -91.56		
221.86   	414.73   	 44.64   	-106.82		
264.89   	514.22   	 44.21   	-122.07		
275.88   	538.02   	 43.72   	-127.16		
247.19   	421.45   	 43.21   	-137.33		
184.33   	153.50   	 42.67   	-142.42		
108.34   	-192.57   	 42.10   	-137.33		
 45.78   	-485.23   	 41.55   	-142.42		
 14.95   	-608.22(R)	 40.98   	-137.33		
 13.73   	-534.36   	 40.43   	-127.16		
 24.11   	-338.13   	 39.92   	-127.16		
 26.86   	-138.85   	 39.41   	-116.99		
 15.56   	-23.19   	 38.94   	-111.90		
 -1.53   	 -1.83   	 38.49   	-101.73		
-14.34   	-27.16   	 38.09   	 -91.56		
-18.01   	-45.78   	 37.72   	 -81.38		
-16.17   	-37.23   	 37.40   	 -76.30		
-15.56   	-14.34   	 37.09   	 -71.21		
-18.01   	  1.22   	 36.81   	 -55.95		
-22.28   	  0.92   	 36.58   	 -55.95		
-25.33   	 -9.16   	 36.36   	 -45.78		
-26.25   	-17.40   	 36.17   	 -40.69		
-25.63   	-19.23   	 36.01   	 -35.61		
-25.63   	-15.87   	 35.87   	 -30.52		
-26.25   	-11.90   	 35.75   	 -30.52		
-28.08   	 -9.46   	 35.63   	 -20.35		
-29.60   	 -8.54   	 35.54   	 -20.35		
-29.91   	 -7.93   	 35.46   	 -15.26		
-28.69   	 -6.10   	 35.40   	 -10.17		
-26.86   	 -3.05   	 35.36   	 -10.17		
-25.94   	  0.92   	 35.32   	  -5.09		
-25.63   	  4.58   	 35.30(D)	   0.00		
-25.63   	  7.93   	 35.30   	   0.00		
-25.63   	 10.99   	 35.30   	   5.09		
-24.41   	 14.95   	 35.32   	  10.17		
-22.58   	 19.53   	 35.36   	  15.26		
-20.45   	 24.11   	 35.42   	  15.26		
-19.23   	 26.55   	 35.48   	  15.26		
-18.92   	 26.25   	 35.54   	  15.26		
-19.53   	 24.11   	 35.61   	  15.26		
-20.45   	 22.28   	 35.67   	  20.35		
-21.06   	 22.58   	 35.75   	  15.26		
-21.06   	 25.33   	 35.81   	  15.26		
-20.45   	 30.52   	 35.87   	  10.17		
-19.53   	 36.62   	 35.91   	  15.26		
-18.62   	 43.33   	 35.97   	  10.17		
-17.70   	 49.74   	 36.01   	   5.09		
-16.48   	 54.93   	 36.03   	  10.17		
-14.65   	 59.20   	 36.07   	   5.09		
-12.82   	 62.87   	 36.09   	   0.00		
-11.60   	 67.14   	 36.09   	   0.00		
-10.68   	 71.72   	 36.09   	   0.00		
-10.38   	 76.60   	 36.09   	  -5.09		
-10.38   	 80.87   	 36.07   	  -5.09		
-10.68   	 85.75   	 36.05   	  -5.09		
-10.68   	 91.86   	 36.03   	 -10.17		
-10.07   	 99.79   	 35.99   	 -10.17		
 -8.24   	108.95   	 35.95   	  -5.09		
 -5.80   	118.71   	 35.93   	  -5.09		
 -3.05   	128.17   	 35.91   	  -5.09		
 -0.61   	136.72   	 35.89   	   0.00		
  0.61   	145.87   	 35.89   	   5.09		
  1.53   	155.94   	 35.91   	   5.09		
  2.44   	167.24   	 35.93   	  15.26		
  3.05   	178.83   	 35.99   	  10.17		
  3.97   	189.82   	 36.03   	  20.35		
  4.88   	200.81   	 36.11   	  20.35		
  6.10   	211.79   	 36.20   	  15.26		
  7.32   	224.00   	 36.26   	  20.35		
  8.54   	236.82   	 36.34   	  20.35		
 10.38   	249.02   	 36.42   	  15.26		
 12.82   	260.01   	 36.48   	  10.17		
 15.56   	270.08   	 36.52   	  10.17		
 18.01   	281.68   	 36.56   	   5.09		
 19.53   	295.41   	 36.58   	  -5.09		
 19.84   	310.36   	 36.56   	  -5.09		
 19.84   	324.10   	 36.54   	 -10.17		
 20.14   	335.08   	 36.50   	 -15.26		
 20.75   	343.32   	 36.44   	 -15.26		
 21.36   	350.65   	 36.38   	 -20.35		
 21.67   	358.28   	 36.30   	 -25.43		
 21.97   	366.21   	 36.20   	 -25.43		
 21.97   	372.01   	 36.09   	 -25.43		
 22.58   	374.76   	 35.99   	 -25.43		
 23.19   	375.37   	 35.89   	 -30.52		
 23.80   	375.37   	 35.77   	 -25.43		
 24.11   	377.20   	 35.67   	 -25.43		
 24.41   	380.25   	 35.56   	 -20.35		
 24.72   	383.61   	 35.48   	 -20.35		
 24.41   	384.83   	 35.40   	 -10.17		
 23.50   	382.69   	 35.36   	 -10.17		
 21.97   	378.11   	 35.32   	  -5.09		
 20.75   	372.01   	 35.30   	   5.09		
 20.14   	364.07   	 35.32   	   5.09		
 20.45   	352.48   	 35.34   	  20.35		
 21.06   	335.39   	 35.42   	  20.35		
 20.45   	312.19   	 35.50   	  25.43		
 18.62   	283.81   	 35.61   	  35.61		
 15.26   	252.99   	 35.75   	  40.69		
 11.90   	222.47   	 35.91   	  40.69		
  8.85   	192.57   	 36.07   	  45.78		
  6.41   	162.05   	 36.26   	  45.78		
  3.97   	129.39   	 36.44   	  50.86		
  0.61   	 94.30   	 36.64   	  45.78		
 -3.66   	 58.59   	 36.83   	  45.78		
 -9.16   	 25.33   	 37.01   	  35.61		
-14.95   	 -3.05   	 37.15   	  35.61		
-19.84   	-26.25   	 37.29   	  30.52		
-23.50   	-45.78   	 37.42   	  20.35		
-25.02   	-63.17   	 37.50   	  15.26		
-25.63   	-78.74   	 37.56   	   5.09		
-25.33   	-91.55   	 37.58   	   0.00		
-25.94   	-100.71   	 37.58   	 -10.17		
-27.77   	-107.12   	 37.54   	 -10.17		
-30.21   	-112.00   	 37.50   	 -20.35		
-32.35   	-116.58   	 37.42   	 -20.35		
-33.26   	-121.46   	 37.33   	 -20.35		
-32.96   	-126.04   	 37.25   	 -30.52		
-31.74   	-129.39   	 37.13   	 -25.43		
-30.52   	-132.14   	 37.03   	 -25.43		
-29.91   	-134.28   	 36.93   	 -30.52		
-30.82   	-136.11   	 36.81   	 -25.43		
-32.04   	-137.02   	 36.70   	 -20.35		
-32.96   	-136.72   	 36.62   	 -25.43		
-32.96   	-135.50   	 36.52   	 -15.26		
-31.43   	-133.36   	 36.46   	 -15.26		
-29.30   	-130.62   	 36.40   	 -15.26		
-27.16   	-126.95   	 36.34   	 -10.17		
-26.25   	-122.68   	 36.30   	 -10.17		
-27.16   	-118.71   	 36.26   	  -5.09		
-29.30   	-116.58   	 36.24   	  -5.09		
-31.74   	-115.36   	 36.22   	   0.00		
-33.57   	-114.75   	 36.22   	   0.00		
-34.18   	-113.22   	 36.22   	   5.09		
-33.26   	-110.47   	 36.24   	   0.00		
-31.43   	-107.12   	 36.24   	   5.09		
-29.60   	-104.98   	 36.26   	   5.09		
-28.38   	-103.76   	 36.28   	   5.09		
-28.08   	-102.84   	 36.30   	   5.09		
-28.08   	-101.62   	 36.32   	   5.09		
-28.38   	-100.40   	 36.34   	   5.09		
-28.99   	-99.18   	 36.36   	   0.00		
-29.30   	-99.18   	 36.36   	   5.09		
-29.91   	-100.71   	 36.38   	   0.00		
-30.82   	-102.84   	 36.38   	   5.09		
-31.74   	-103.76   	 36.40   	   0.00		
-32.65   	-103.45   	 36.40   	   0.00		
-33.26   	-102.54   	 36.40   	   5.09		
-32.96   	-101.62   	 36.42   	   0.00		
-32.04   	-101.32   	 36.42   	   0.00		
-31.13   	-101.01   	 36.42   	   5.09		
-30.52   	-100.10   	 36.44   	   5.09		
-30.82   	-98.27   	 36.46   	   0.00		
-31.43   	-96.44   	 36.46   	   5.09		
-32.04   	-95.52   	 36.48   	   5.09		
-32.96   	-96.44   	 36.50   	   5.09		
-34.18   	-99.79   	 36.52   	   5.09		
-35.10   	-104.37   	 36.54   	   5.09		
-35.10   	-108.95   	 36.56   	   5.09		
-34.48   	-111.39   	 36.58   	   5.09		
-33.57   	-112.00   	 36.60   	   0.00		
-33.57   	-111.08   	 36.60   	   5.09		
-34.18   	-110.47   	 36.62   	   0.00		
-34.79   	-109.56   	 36.62   	   0.00		
-34.79   	-108.03   	 36.62   	   0.00		
-34.18   	-105.90   	 36.62   	  -5.09		
-33.87   	-104.37   	 36.60   	  -5.09		
-33.57   	-104.68   	 36.58   	  -5.09		
-33.57   	-108.34   	 36.56   	  -5.09		
-33.87   	-113.22   	 36.54   	  -5.09		
-34.18   	-117.19   	 36.52   	 -10.17		
-34.18   	-118.71   	 36.48   	  -5.09		
-34.18   	-118.41   	 36.46   	 -10.17		
-33.87   	-117.49   	 36.42   	  -5.09		
-33.87   	-117.19   	 36.40   	  -5.09		
-34.18   	-117.49   	 36.38   	  -5.09		
-34.18   	-117.19   	 36.36   	   0.00		
-33.26   	-116.58   	 36.36   	   0.00		
-30.82   	-115.36   	 36.36   	   5.09		
-28.38   	-114.75   	 36.38   	   0.00		
-26.55   	-115.66   	 36.38   	  10.17		
-27.16   	-117.80   	 36.42   	   5.09		
-29.30   	-119.63   	 36.44   	  10.17		
-31.43   	-120.24   	 36.48   	  10.17		
-32.35   	-118.71   	 36.52   	  10.17		
-30.82   	-116.27   	 36.56   	  10.17		
-28.38   	-114.75   	 36.60   	  10.17		
-25.63   	-114.14   	 36.64   	  10.17		
-24.11   	-114.14   	 36.68   	  10.17		
-23.19   	-113.22   	 36.72   	   5.09		
-22.89   	-112.30   	 36.74   	   0.00		
-22.89   	-112.00   	 36.74   	   0.00		
-23.19   	-113.83   	 36.74   	   0.00		
-23.80   	-116.88   	 36.74   	  -5.09		
-24.72   	-119.02   	 36.72   	  -5.09		
-25.63   	-119.02   	 36.70   	 -10.17		
-25.63   	-116.27   	 36.66   	 -10.17		
-25.02   	-113.53   	 36.62   	 -10.17		
-25.02   	-112.61   	 36.58   	 -15.26		
-25.94   	-114.44   	 36.52   	 -10.17		
-27.47   	-118.10   	 36.48   	 -15.26		
-28.99   	-121.15   	 36.42   	 -10.17		
-29.60   	-122.07   	 36.38   	 -10.17		
-29.30   	-120.54   	 36.34   	  -5.09		
-28.69   	-117.19   	 36.32   	  -5.09		
-27.77   	-113.83   	 36.30   	  -5.09		
-27.16   	-111.39   	 36.28   	   0.00		
-26.86   	-110.17   	 36.28   	   0.00		
-25.94   	-109.86   	 36.28   	   5.09		
-24.41   	-109.56   	 36.30   	  10.17		
-21.97   	-108.34   	 36.34   	  10.17		
-19.53   	-106.81   	 36.38   	  10.17		
-18.31   	-104.98   	 36.42   	  10.17		
-18.31   	-103.76   	 36.46   	  15.26		
-18.92   	-103.15   	 36.52   	  10.17		
-20.14   	-102.84   	 36.56   	  15.26		
-20.75   	-102.84   	 36.62   	  10.17		
-20.75   	-103.15   	 36.66   	  10.17		
-20.75   	-103.45   	 36.70   	   5.09		
-20.45   	-103.76   	 36.72   	  10.17		
-19.84   	-103.45   	 36.76   	   0.00		
-19.23   	-102.54   	 36.76   	   0.00		
-18.92   	-101.32   	 36.76   	   0.00		
-19.23   	-100.40   	 36.76   	   0.00		
-20.14   	-100.40   	 36.76   	  -5.09		
-20.45   	-100.71   	 36.74   	  -5.09		
-20.14   	-100.10   	 36.72   	  -5.09		
-19.53   	-99.18   	 36.70   	  -5.09		
-19.53   	-98.27   	 36.68   	  -5.09		
-20.14   	-97.66   	 36.66   	  -5.09		
-20.45   	-97.66   	 36.64   	  -5.09		
-20.45   	-97.96   	 36.62   	  -5.09		
-19.84   	-97.35   	 36.60   	  -5.09		
-18.92   	-96.44   	 36.58   	  -5.09		
-17.70   	-95.21   	 36.56   	   0.00		
-16.78   	-93.99   	 36.56   	  -5.09		
-15.87   	-93.08   	 36.54   	   0.00		
-15.87   	-92.16   	 36.54   	   0.00		
-16.48   	-91.55   	 36.54   	  -5.09		
-17.09   	-91.25   	 36.52   	   0.00		
-17.70   	-91.55   	 36.52   	   0.00		
-17.40   	-91.86   	 36.52   	   0.00		
-17.09   	-91.86   	 36.52   	  -5.09		
-16.78   	-90.64   	 36.50   	   0.00		
-16.78   	-88.50   	 36.50   	   0.00		
-16.78   	-84.53   	 36.50   	   0.00		
-16.78   	-77.51   	 36.50   	   5.09		
-16.48   	-65.31   	 36.52   	   0.00		
-16.48   	-46.69   	 36.52   	   5.09		
-16.78   	-22.58   	 36.54   	  10.17		
-16.17   	  1.53   	 36.58   	  10.17		
-15.26   	 19.23   	 36.62   	  10.17		
-14.04   	 27.47   	 36.66   	  15.26		
-12.82   	 27.77   	 36.72   	  15.26		
-11.90   	 25.33   	 36.79   	  20.35		
-10.99   	 23.80   	 36.87   	  15.26		
 -8.85   	 24.72   	 36.93   	  20.35		
 -5.49   	 26.86   	 37.01   	  10.17		
 -0.92   	 28.99   	 37.05   	  15.26		
  4.88   	 32.65   	 37.11   	   5.09		
 10.68   	 40.28   	 37.13   	   5.09		
 14.95   	 51.57   	 37.15   	  -5.09		
 16.78   	 60.12   	 37.13   	 -10.17		
 16.78   	 57.07   	 37.09   	 -15.26		
 16.17   	 36.93   	 37.03   	 -15.26		
 16.48   	  0.92   	 36.97   	 -25.43		
 18.31   	-40.28   	 36.87   	 -25.43		
 19.84   	-74.46   	 36.76   	 -20.35		
 18.01   	-93.99   	 36.68   	 -25.43		
 11.29   	-99.49   	 36.58   	 -20.35		
 -0.31   	-97.66   	 36.50   	 -15.26		
-12.82   	-96.44   	 36.44   	 -10.17		
-21.97   	-100.71   	 36.40   	 -10.17		
-25.02   	-111.69   	 36.36   	  -5.09		
-21.97   	-125.73   	 36.34   	   0.00		
-16.78   	-138.24   	 36.34   	   5.09		
-13.12   	-145.57   	 36.36   	  10.17		
-13.43   	-146.18   	 36.40   	  15.26		
-16.17   	-142.52   	 36.46   	  25.43		
-19.23   	-138.24   	 36.56   	  30.52		
-20.75   	-135.19   	 36.68   	  45.78		
-21.06   	-133.67   	 36.87   	  50.86		
-21.06   	-132.14   	 37.07   	  66.12		
-21.67   	-129.70   	 37.33   	  71.21		
-22.58   	-126.34   	 37.62   	  81.38		
-23.19   	-122.68   	 37.94   	  71.21		
-22.89   	-119.32   	 38.23   	  71.21		
-21.97   	-116.88   	 38.51   	 101.73		
-20.45   	-114.14   	 38.92   	 162.77		
-18.92   	-110.78   	 39.57   	 259.41		
-18.01   	-107.42   	 40.61   	 361.14		
-18.01   	-103.76   	 42.05   	 462.87		
-18.62   	-100.71   	 43.91   	 528.99		
-19.53   	-97.66   	 46.02   	 559.51		
-20.14   	-95.21   	 48.26   	 554.42		
-20.14   	-92.47   	 50.48   	 503.56		
-19.53   	-89.11   	 52.49   	 427.26		
-18.92   	-86.06   	 54.20   	 330.62		
-18.31   	-83.62   	 55.52   	 218.72		
-17.40   	-81.18   	 56.40   	 122.07		
-13.73   	-76.29   	 56.89   	  20.35		
 -6.10   	-67.75   	 56.97   	 -55.95		
  4.27   	-57.68   	 56.74   	-111.90		
 13.43   	-49.74   	 56.30   	-152.59		
 16.48   	-47.91   	 55.69   	-172.94		
 11.29   	-51.57   	 54.99   	-178.03		
  0.92   	-54.02   	 54.28   	-167.85		
 -7.93   	-44.86   	 53.61   	-147.51		
-10.07   	-17.09   	 53.02   	-122.07		
 -3.66   	 28.69   	 52.53   	-101.73		
 11.90   	 85.75   	 52.13   	 -71.21		
 38.15   	148.01   	 51.84   	 -45.78		
 77.21   	215.45   	 51.66   	 -30.52		
127.56   	296.33   	 51.54   	 -20.35		
181.58   	394.90   	 51.45   	 -10.17		
226.75   	491.64   	 51.41   	 -10.17		
247.80   	534.67   	 51.37   	 -15.26		
234.99   	455.32   	 51.31   	 -25.43		
189.21   	220.03   	 51.21   	 -40.69		
123.90   	-126.65   	 51.05   	 -55.95		
 61.04   	-464.17   	 50.82   	 -71.21		
 20.75   	-655.21(R)	 50.54   	 -86.47		
  9.46   	-632.02   	 50.19   	 -96.64		
 16.78   	-439.76   	 49.81   	-111.90		
 25.02   	-202.33   	 49.36   	-111.90		
 22.89   	-36.01   	 48.91   	-116.99		
 11.60   	 17.40   	 48.44   	-111.90		
 -0.61   	 -5.19   	 48.00   	-106.82		
 -7.32   	-37.84   	 47.57   	-101.73		
 -7.93   	-40.59   	 47.16   	 -91.56		
 -6.71   	-17.09   	 46.80   	 -71.21		
 -6.71   	  7.93   	 46.51   	 -55.95		
 -7.63   	 17.09   	 46.29   	 -20.35		
 -8.54   	 12.21   	 46.21   	  10.17		
 -9.16   	  4.88   	 46.25   	  61.04		
 -9.46   	  3.66   	 46.49   	 106.82		
-10.38   	  8.85   	 46.92   	 162.77		
-10.99   	 15.87   	 47.57   	 218.72		
-11.29   	 20.45   	 48.44   	 264.50		
-10.68   	 21.97   	 49.50   	 310.27		
-10.38   	 21.67   	 50.74   	 340.79		
-10.99   	 21.97   	 52.11   	 356.05		
-12.21   	 23.80   	 53.53   	 371.31		
-13.12   	 27.16   	 55.02   	 366.22		
-13.12   	 31.13   	 56.48   	 350.97		
-12.51   	 34.18   	 57.88   	 340.79		
-11.60   	 36.01   	 59.25   	 320.45		
-11.29   	 36.62   	 60.53   	 310.27		
-11.29   	 37.23   	 61.77   	 300.10		
-10.99   	 39.67   	 62.97   	 295.01		
 -9.16   	 43.95   	 64.15   	 284.84		
 -6.10   	 48.83   	 65.29   	 279.75		
 -3.36   	 53.71   	 66.41   	 279.75		
 -1.53   	 57.37   	 67.53   	 269.58		
 -1.22   	 60.12   	 68.61   	 264.50		
 -1.53   	 62.56   	 69.66   	 249.24		
 -1.53   	 65.00   	 70.66   	 239.06		
 -0.92   	 68.05   	 71.62   	 228.89		
  0.31   	 71.72   	 72.53   	 208.54		
  2.14   	 75.99   	 73.37   	 198.37		
  3.36   	 80.26   	 74.16   	 193.29		
  4.27   	 84.84   	 74.93   	 188.20		
  5.49   	 90.03   	 75.69   	 183.11		
  6.71   	 95.52   	 76.42   	 178.03		
  7.32   	101.01   	 77.13   	 178.03		
  7.32   	105.90   	 77.84   	 162.77		
  6.41   	110.17   	 78.49   	 157.68		
  5.49   	114.75   	 79.12   	 152.59		
  5.80   	121.15   	 79.74   	 137.33		
  7.02   	130.00   	 80.28   	 137.33		
  8.85   	140.38   	 80.83   	 122.07		
 10.38   	151.06   	 81.32   	 122.07		
 11.29   	161.13   	 81.81   	 111.90		
 11.60   	169.68   	 82.26   	 106.82		
 12.21   	177.92   	 82.69   	 111.90		
 13.12   	186.77   	 83.13   	 111.90		
 14.34   	196.84   	 83.58   	 116.99		
 15.56   	208.13   	 84.05   	 122.07		
 16.78   	220.03   	 84.54   	 127.16		
 18.31   	232.24   	 85.05   	 127.16		
 19.84   	245.06   	 85.55   	 137.33		
 21.67   	258.18   	 86.10   	 137.33		
 23.50   	271.91   	 86.65   	 137.33		
 25.63   	286.25   	 87.20   	 142.42		
 27.47   	300.60   	 87.77   	  N/A		
