  I     	  II     	  LVp     	  LVp'		
-37.23   	-73.85   	 39.80   	   0.00		
-17.70   	-48.52   	 39.80   	   0.00		
 16.48   	 -2.75   	 39.80   	   0.00		
 66.53   	 63.17   	 39.80   	   0.00		
132.45   	144.65   	 39.80   	   0.00		
209.05   	234.68   	 39.80   	  -5.09		
284.73   	329.90   	 39.78   	   0.00		
345.76   	426.64   	 39.78   	   0.00		
387.27   	511.78   	 39.78   	   0.00		
422.36   	563.66   	 39.78   	  -5.09		
477.29   	564.58   	 39.76   	   0.00		
572.51   	517.58   	 39.76   	  -5.09		
700.99   	454.10   	 39.74   	   0.00		
824.28   	413.21   	 39.74   	  -5.09		
888.98   	404.05   	 39.72   	   0.00		
854.80   	389.40   	 39.72   	   0.00		
717.77   	307.92   	 39.72   	  -5.09		
512.39   	123.90   	 39.69   	   0.00		
286.56   	-131.23   	 39.69   	   0.00		
 87.28   	-371.40   	 39.69   	   0.00		
-55.54   	-509.64   	 39.69   	  -5.09		
-136.41   	-509.03   	 39.67   	   0.00		
-164.49   	-404.05   	 39.67   	   0.00		
-157.78   	-271.91   	 39.67   	   0.00		
-137.94   	-181.27   	 39.67   	   0.00		
-122.07   	-151.98   	 39.67   	   0.00		
-117.80   	-161.74   	 39.67   	   0.00		
-122.38   	-174.26   	 39.67   	   0.00		
-127.26   	-169.37   	 39.67   	   0.00		
-127.26   	-148.93   	 39.67   	   0.00		
-122.68   	-129.09   	 39.67   	   0.00		
-118.41   	-120.54   	 39.67   	   0.00		
-118.71   	-123.60   	 39.67   	   0.00		
-122.68   	-130.00   	 39.67   	   0.00		
-125.12   	-132.45   	 39.67   	   0.00		
-121.46   	-126.95   	 39.67   	   0.00		
-113.53   	-116.88   	 39.67   	  -5.09		
-105.90   	-108.64   	 39.65   	   0.00		
-103.76   	-107.42   	 39.65   	   0.00		
-108.34   	-112.92   	 39.65   	   0.00		
-115.36   	-118.10   	 39.65   	   0.00		
-118.10   	-115.97   	 39.65   	   0.00		
-112.92   	-105.90   	 39.65   	   0.00		
-102.84   	-95.52   	 39.65   	   0.00		
-94.30   	-91.86   	 39.65   	   0.00		
-92.47   	-97.66   	 39.65   	   0.00		
-97.05   	-107.12   	 39.65   	   5.09		
-102.23   	-111.39   	 39.67   	   0.00		
-102.23   	-105.29   	 39.67   	   5.09		
-96.74   	-92.47   	 39.69   	   0.00		
-91.25   	-79.96   	 39.69   	   5.09		
-89.42   	-73.55   	 39.72   	   0.00		
-92.16   	-74.16   	 39.72   	   5.09		
-95.52   	-77.82   	 39.74   	   0.00		
-96.44   	-79.04   	 39.74   	   0.00		
-95.21   	-76.29   	 39.74   	   5.09		
-93.69   	-71.11   	 39.76   	   0.00		
-93.99   	-64.70   	 39.76   	   0.00		
-94.91   	-58.59   	 39.76   	   0.00		
-95.52   	-54.02   	 39.76   	   0.00		
-96.44   	-52.49   	 39.76   	   0.00		
-97.35   	-54.63   	 39.76   	  -5.09		
-97.05   	-58.59   	 39.74   	   0.00		
-94.91   	-60.12   	 39.74   	  -5.09		
-90.94   	-56.76   	 39.72   	   0.00		
-87.59   	-48.52   	 39.72   	  -5.09		
-87.89   	-40.28   	 39.69   	   0.00		
-92.47   	-37.84   	 39.69   	  -5.09		
-98.57   	-41.20   	 39.67   	   0.00		
-101.93   	-45.78   	 39.67   	  -5.09		
-101.93   	-46.08   	 39.65   	   0.00		
-99.18   	-39.98   	 39.65   	  -5.09		
-95.52   	-28.38   	 39.63   	   0.00		
-92.16   	-18.31   	 39.63   	   0.00		
-88.81   	-13.43   	 39.63   	   0.00		
-86.06   	-14.65   	 39.63   	   0.00		
-86.98   	-19.23   	 39.63   	   5.09		
-93.69   	-22.58   	 39.65   	   0.00		
-104.98   	-23.50   	 39.65   	   5.09		
-115.97   	-22.89   	 39.67   	   0.00		
-121.46   	-23.80   	 39.67   	   5.09		
-120.54   	-26.25   	 39.69   	   5.09		
-116.27   	-28.38   	 39.72   	   0.00		
-114.44   	-24.72   	 39.72   	   5.09		
-117.49   	-14.34   	 39.74   	   0.00		
-124.82   	 -2.14   	 39.74   	   5.09		
-133.97   	  4.88   	 39.76   	   0.00		
-141.30   	  2.75   	 39.76   	   0.00		
-145.57   	 -6.10   	 39.76   	   0.00		
-148.01   	-16.78   	 39.76   	   0.00		
-151.98   	-25.63   	 39.76   	   0.00		
-157.78   	-30.52   	 39.76   	  -5.09		
-163.57   	-29.60   	 39.74   	   0.00		
-167.54   	-22.58   	 39.74   	  -5.09		
-167.85   	-11.29   	 39.72   	  -5.09		
-165.41   	 -0.61   	 39.69   	  -5.09		
-162.35   	  3.05   	 39.67   	  -5.09		
-159.00   	 -0.31   	 39.65   	  -5.09		
-152.89   	 -3.36   	 39.63   	  -5.09		
-143.13   	  0.31   	 39.61   	  -5.09		
-130.62   	 10.07   	 39.59   	  -5.09		
-118.41   	 18.31   	 39.57   	 -10.17		
-108.64   	 18.31   	 39.53   	  -5.09		
-101.01   	 11.29   	 39.51   	   0.00		
-93.38   	  3.66   	 39.51   	  -5.09		
-83.01   	  2.75   	 39.49   	  -5.09		
-70.19   	  8.24   	 39.47   	   0.00		
-55.85   	 15.56   	 39.47   	  -5.09		
-41.20   	 21.97   	 39.45   	   0.00		
-26.25   	 28.99   	 39.45   	   5.09		
-11.90   	 39.37   	 39.47   	   0.00		
  0.00   	 52.49   	 39.47   	   5.09		
  4.58   	 60.73   	 39.49   	   0.00		
 -2.75   	 54.93   	 39.49   	   5.09		
-18.01   	 36.01   	 39.51   	   5.09		
-29.91   	 13.43   	 39.53   	   5.09		
-29.30   	  0.00   	 39.55   	   5.09		
-15.26   	  1.83   	 39.57   	   5.09		
  3.05   	 14.04   	 39.59   	   5.09		
 14.95   	 27.47   	 39.61   	   5.09		
 16.17   	 34.48   	 39.63   	   5.09		
 10.38   	 32.65   	 39.65   	   5.09		
  5.19   	 25.94   	 39.67   	   5.09		
  3.36   	 19.84   	 39.69   	   0.00		
  1.22   	 15.56   	 39.69   	   5.09		
 -5.49   	 13.73   	 39.72   	   0.00		
-14.95   	 13.43   	 39.72   	   0.00		
-21.06   	 14.04   	 39.72   	   0.00		
-17.40   	 16.78   	 39.72   	   0.00		
 -2.75   	 22.89   	 39.72   	  -5.09		
 14.65   	 28.08   	 39.69   	   0.00		
 21.36   	 26.55   	 39.69   	  -5.09		
 12.51   	 17.09   	 39.67   	  -5.09		
 -4.88   	  6.41   	 39.65   	  -5.09		
-15.56   	  3.66   	 39.63   	  -5.09		
-10.07   	 13.43   	 39.61   	  -5.09		
  6.71   	 28.99   	 39.59   	  -5.09		
 20.14   	 36.62   	 39.57   	  -5.09		
 19.23   	 32.35   	 39.55   	  -5.09		
  6.41   	 24.41   	 39.53   	   0.00		
 -7.02   	 21.06   	 39.53   	  -5.09		
-12.51   	 21.06   	 39.51   	  -5.09		
-11.29   	 14.65   	 39.49   	  -5.09		
-10.07   	 -1.22   	 39.47   	  -5.09		
-12.82   	-17.40   	 39.45   	   0.00		
-15.87   	-18.62   	 39.45   	  -5.09		
-13.43   	 -1.22   	 39.43   	  -5.09		
 -4.58   	 20.75   	 39.41   	   0.00		
  5.80   	 30.21   	 39.41   	  -5.09		
 10.68   	 22.89   	 39.39   	   0.00		
  9.16   	 10.68   	 39.39   	   0.00		
  4.27   	  8.54   	 39.39   	  -5.09		
  0.00   	 18.92   	 39.37   	   0.00		
 -2.75   	 31.43   	 39.37   	   0.00		
 -5.19   	 33.57   	 39.37   	   0.00		
 -8.54   	 24.11   	 39.37   	   0.00		
-11.90   	 11.90   	 39.37   	   5.09		
-12.82   	  7.63   	 39.39   	   0.00		
-10.38   	 14.34   	 39.39   	   0.00		
 -7.63   	 24.11   	 39.39   	   5.09		
 -7.63   	 28.99   	 39.41   	   0.00		
-10.68   	 27.47   	 39.41   	   5.09		
-14.65   	 24.72   	 39.43   	   5.09		
-16.48   	 25.33   	 39.45   	   5.09		
-15.87   	 28.38   	 39.47   	   0.00		
-15.26   	 27.77   	 39.47   	   5.09		
-16.48   	 20.14   	 39.49   	   5.09		
-18.31   	 10.68   	 39.51   	   5.09		
-17.40   	  8.85   	 39.53   	   5.09		
-13.12   	 18.01   	 39.55   	   0.00		
 -5.80   	 33.26   	 39.55   	   5.09		
  1.22   	 45.47   	 39.57   	   0.00		
  6.41   	 51.27   	 39.57   	   5.09		
  8.85   	 52.80   	 39.59   	   0.00		
  9.16   	 51.88   	 39.59   	   0.00		
  7.63   	 49.13   	 39.59   	   0.00		
  3.97   	 44.56   	 39.59   	   0.00		
  0.61   	 39.98   	 39.59   	   0.00		
  0.61   	 40.89   	 39.59   	   0.00		
  6.10   	 51.57   	 39.59   	   0.00		
 17.70   	 74.77   	 39.59   	   0.00		
 32.96   	111.08   	 39.59   	  -5.09		
 47.91   	156.86   	 39.57   	   0.00		
 56.15   	202.33   	 39.57   	   0.00		
 55.54   	232.24   	 39.57   	  -5.09		
 48.22   	235.90   	 39.55   	   0.00		
 42.11   	217.59   	 39.55   	  -5.09		
 45.47   	193.79   	 39.53   	   0.00		
 58.90   	180.36   	 39.53   	   0.00		
 76.60   	182.19   	 39.53   	  -5.09		
 86.98   	189.82   	 39.51   	   0.00		
 83.31   	191.35   	 39.51   	   0.00		
 68.66   	180.66   	 39.51   	  -5.09		
 51.27   	160.52   	 39.49   	   0.00		
 41.81   	138.24   	 39.49   	   0.00		
 44.86   	121.77   	 39.49   	   0.00		
 58.29   	115.66   	 39.49   	   0.00		
 74.46   	119.93   	 39.49   	   0.00		
 82.09   	125.43   	 39.49   	   0.00		
 71.41   	119.02   	 39.49   	   0.00		
 42.72   	 94.91   	 39.49   	   0.00		
  5.80   	 59.20   	 39.49   	   0.00		
-25.02   	 27.16   	 39.49   	   0.00		
-37.54   	 11.90   	 39.49   	   0.00		
-31.13   	 12.51   	 39.49   	   0.00		
-16.48   	 18.92   	 39.49   	   0.00		
 -6.71   	 18.62   	 39.49   	   0.00		
 -7.63   	  9.16   	 39.49   	   0.00		
-16.17   	 -2.75   	 39.49   	   5.09		
-23.80   	 -7.93   	 39.51   	   0.00		
-25.02   	 -4.58   	 39.51   	   0.00		
-18.31   	  3.97   	 39.51   	   0.00		
 -8.54   	 10.99   	 39.51   	   5.09		
 -2.75   	 11.29   	 39.53   	   0.00		
 -3.97   	  5.80   	 39.53   	   0.00		
-10.68   	  1.22   	 39.53   	   5.09		
-17.40   	  2.44   	 39.55   	   0.00		
-20.45   	  7.93   	 39.55   	   5.09		
-20.14   	 11.29   	 39.57   	   0.00		
-19.84   	  7.02   	 39.57   	   5.09		
-22.58   	 -5.49   	 39.59   	   0.00		
-27.47   	-17.40   	 39.59   	   0.00		
-30.52   	-18.92   	 39.59   	   5.09		
-29.30   	 -9.77   	 39.61   	   0.00		
-25.33   	  0.61   	 39.61   	   0.00		
-21.67   	  2.44   	 39.61   	   5.09		
-19.53   	 -5.49   	 39.63   	   0.00		
-17.40   	-13.73   	 39.63   	   0.00		
-11.60   	 -8.24   	 39.63   	   0.00		
  1.83   	 18.92   	 39.63   	   5.09		
 29.30   	 64.39   	 39.65   	   0.00		
 75.68   	119.32   	 39.65   	   0.00		
142.52   	179.14   	 39.65   	   0.00		
224.00   	245.36   	 39.65   	   0.00		
306.70   	323.49   	 39.65   	   0.00		
376.89   	419.92   	 39.65   	   0.00		
429.69   	531.62   	 39.65   	  -5.09		
472.41   	636.60   	 39.63   	   0.00		
523.68   	704.04   	 39.63   	   0.00		
600.28   	715.33   	 39.63   	   0.00		
704.35   	680.24   	 39.63   	  -5.09		
815.12   	635.99   	 39.61   	   0.00		
895.39   	612.79   	 39.61   	  -5.09		
904.24(R)	599.98   	 39.59   	   0.00		
819.09   	548.40   	 39.59   	  -5.09		
650.33   	406.19   	 39.57   	   0.00		
435.18   	171.51   	 39.57   	   0.00		
218.81   	-93.69   	 39.57   	  -5.09		
 38.45   	-302.73   	 39.55   	   0.00		
-88.81   	-396.42   	 39.55   	   0.00		
-162.96   	-374.45   	 39.55   	   0.00		
-191.65   	-285.95   	 39.55   	   0.00		
-184.02   	-192.87   	 39.55   	   0.00		
-154.72   	-130.62   	 39.55   	   0.00		
-120.54   	-101.32   	 39.55   	   0.00		
-96.13   	-87.59   	 39.55   	   5.09		
-88.50   	-73.85   	 39.57   	   0.00		
-94.91   	-57.07   	 39.57   	   5.09		
-106.81   	-43.03   	 39.59   	   0.00		
-114.14   	-36.62   	 39.59   	   5.09		
-112.61   	-36.01   	 39.61   	   5.09		
-103.45   	-35.40   	 39.63   	   5.09		
-92.77   	-32.96   	 39.65   	   0.00		
-87.89   	-31.43   	 39.65   	   5.09		
-92.16   	-34.79   	 39.67   	   5.09		
-104.06   	-41.81   	 39.69   	   0.00		
-116.27   	-48.22   	 39.69   	   5.09		
-119.93   	-47.91   	 39.72   	   0.00		
-110.78   	-39.37   	 39.72   	   5.09		
-92.16   	-26.25   	 39.74   	   0.00		
-72.94   	-14.65   	 39.74   	   0.00		
-63.17   	 -9.46   	 39.74   	   0.00		
-67.14   	-11.90   	 39.74   	   0.00		
-80.26   	-18.01   	 39.74   	   0.00		
-94.91   	-24.11   	 39.74   	   0.00		
-103.76   	-26.86   	 39.74   	   0.00		
-104.37   	-26.25   	 39.74   	  -5.09		
-98.88   	-24.11   	 39.72   	   0.00		
-90.94   	-21.67   	 39.72   	  -5.09		
-84.53   	-19.23   	 39.69   	  -5.09		
-81.18   	-14.95   	 39.67   	   0.00		
-80.57   	 -8.24   	 39.67   	  -5.09		
-80.57   	 -0.61   	 39.65   	  -5.09		
-79.65   	  6.10   	 39.63   	  -5.09		
-77.51   	  9.77   	 39.61   	   0.00		
-75.38   	  9.77   	 39.61   	  -5.09		
-75.07   	  8.24   	 39.59   	  -5.09		
-77.21   	  7.32   	 39.57   	   0.00		
-79.65   	  9.16   	 39.57   	  -5.09		
-79.65   	 13.73   	 39.55   	   0.00		
-76.90   	 20.45   	 39.55   	   0.00		
-72.94   	 27.16   	 39.55   	   0.00		
-71.11   	 31.43   	 39.55   	  -5.09		
-72.63   	 30.82   	 39.53   	   0.00		
-75.38   	 27.16   	 39.53   	   5.09		
-74.46   	 25.63   	 39.55   	   0.00		
-68.36   	 29.30   	 39.55   	   0.00		
-60.73   	 36.32   	 39.55   	   0.00		
-57.98   	 41.81   	 39.55   	   5.09		
-64.09   	 40.59   	 39.57   	   0.00		
-76.60   	 32.65   	 39.57   	   0.00		
-89.42   	 22.58   	 39.57   	   5.09		
-96.44   	 18.62   	 39.59   	   0.00		
-96.13   	 24.72   	 39.59   	   5.09		
-90.64   	 39.06   	 39.61   	   0.00		
-84.53   	 56.15   	 39.61   	   0.00		
-79.96   	 68.66   	 39.61   	   5.09		
-79.04   	 72.02   	 39.63   	   0.00		
-82.09   	 66.83   	 39.63   	   5.09		
-87.89   	 59.51   	 39.65   	   5.09		
-93.38   	 56.76   	 39.67   	   0.00		
-97.96   	 61.04   	 39.67   	   5.09		
-101.32   	 69.58   	 39.69   	   0.00		
-104.06   	 78.13   	 39.69   	   5.09		
-107.12   	 84.53   	 39.72   	   0.00		
-110.17   	 89.42   	 39.72   	   5.09		
-112.92   	 95.21   	 39.74   	   0.00		
-116.27   	102.54   	 39.74   	   0.00		
-121.77   	108.34   	 39.74   	   5.09		
-129.70   	110.47   	 39.76   	   0.00		
-136.11   	110.17   	 39.76   	   0.00		
-137.94   	111.08   	 39.76   	   5.09		
-133.06   	115.66   	 39.78   	   0.00		
-122.99   	122.68   	 39.78   	   0.00		
-112.30   	129.70   	 39.78   	   0.00		
-104.68   	133.67   	 39.78   	   0.00		
-100.71   	134.28   	 39.78   	   0.00		
-97.05   	135.50   	 39.78   	  -5.09		
-90.64   	138.55   	 39.76   	   0.00		
-79.96   	142.82   	 39.76   	   0.00		
-66.83   	144.65   	 39.76   	  -5.09		
-53.10   	142.52   	 39.74   	   0.00		
-39.06   	138.24   	 39.74   	  -5.09		
-24.41   	134.89   	 39.72   	   0.00		
 -8.24   	134.89   	 39.72   	  -5.09		
  7.63   	136.72   	 39.69   	   0.00		
 17.70   	134.28   	 39.69   	  -5.09		
 18.92   	124.21   	 39.67   	   0.00		
 12.51   	107.12   	 39.67   	  -5.09		
  3.36   	 88.81   	 39.65   	   0.00		
 -3.05   	 74.77   	 39.65   	   0.00		
 -2.44   	 69.58   	 39.65   	  -5.09		
  5.49   	 72.63   	 39.63   	   0.00		
 18.01   	 79.65   	 39.63   	  -5.09		
 28.99   	 84.53   	 39.61   	   0.00		
 32.35   	 83.01   	 39.61   	   0.00		
 26.86   	 74.16   	 39.61   	   0.00		
 15.56   	 61.95   	 39.61   	  -5.09		
  4.58   	 52.49   	 39.59   	   0.00		
 -0.61   	 49.13   	 39.59   	   0.00		
 -0.92   	 50.66   	 39.59   	   0.00		
 -0.61   	 51.27   	 39.59   	   0.00		
 -2.44   	 47.91   	 39.59   	  -5.09		
 -4.27   	 42.42   	 39.57   	   0.00		
 -3.66   	 39.37   	 39.57   	   0.00		
  0.61   	 40.89   	 39.57   	   0.00		
  7.93   	 47.00   	 39.57   	   0.00		
 14.34   	 52.19   	 39.57   	   0.00		
 17.09   	 52.19   	 39.57   	   0.00		
 16.17   	 48.22   	 39.57   	   0.00		
 11.90   	 42.42   	 39.57   	   5.09		
  5.49   	 37.54   	 39.59   	   0.00		
 -1.22   	 34.79   	 39.59   	   0.00		
 -3.36   	 35.10   	 39.59   	   0.00		
  1.22   	 37.84   	 39.59   	   0.00		
 11.29   	 42.72   	 39.59   	   0.00		
 20.75   	 46.69   	 39.59   	   0.00		
 22.28   	 45.47   	 39.59   	   0.00		
 13.43   	 38.15   	 39.59   	   5.09		
 -0.31   	 27.77   	 39.61   	   0.00		
-11.60   	 18.92   	 39.61   	  -5.09		
-16.78   	 14.95   	 39.59   	   0.00		
-15.87   	 17.40   	 39.59   	   0.00		
-13.73   	 23.50   	 39.59   	   0.00		
-12.51   	 30.52   	 39.59   	   0.00		
-10.99   	 34.48   	 39.59   	  -5.09		
 -7.63   	 33.87   	 39.57   	   0.00		
 -3.66   	 28.69   	 39.57   	   0.00		
 -0.61   	 23.19   	 39.57   	   0.00		
  0.00   	 21.36   	 39.57   	   0.00		
 -0.92   	 23.50   	 39.57   	  -5.09		
 -1.53   	 27.77   	 39.55   	   0.00		
 -1.83   	 30.21   	 39.55   	   0.00		
 -3.36   	 29.91   	 39.55   	   0.00		
 -7.02   	 27.47   	 39.55   	   0.00		
-12.21   	 24.11   	 39.55   	   0.00		
-16.17   	 21.06   	 39.55   	   0.00		
-16.17   	 18.92   	 39.55   	   0.00		
-13.73   	 18.92   	 39.55   	   0.00		
-12.51   	 19.84   	 39.55   	   0.00		
-14.34   	 23.19   	 39.55   	   0.00		
-16.78   	 28.69   	 39.55   	   0.00		
-16.17   	 34.48   	 39.55   	   0.00		
 -9.77   	 39.67   	 39.55   	   0.00		
  0.31   	 42.42   	 39.55   	   0.00		
  8.54   	 41.50   	 39.55   	   0.00		
 11.29   	 38.45   	 39.55   	   0.00		
  8.85   	 34.18   	 39.55   	   0.00		
  2.75   	 28.38   	 39.55   	   0.00		
 -7.02   	 20.45   	 39.55   	   0.00		
-17.70   	 11.29   	 39.55   	   0.00		
-25.94   	  5.80   	 39.55   	   0.00		
-27.47   	  7.02   	 39.55   	   0.00		
-19.23   	 17.09   	 39.55   	   0.00		
 -4.88   	 31.43   	 39.55   	   0.00		
  7.63   	 43.03   	 39.55   	  -5.09		
 12.51   	 47.61   	 39.53   	   0.00		
 10.99   	 45.47   	 39.53   	   0.00		
  7.32   	 40.89   	 39.53   	   0.00		
  5.80   	 37.54   	 39.53   	   5.09		
  5.19   	 36.01   	 39.55   	   0.00		
  0.31   	 32.65   	 39.55   	   5.09		
 -9.77   	 26.25   	 39.57   	   0.00		
-16.78   	 24.72   	 39.57   	   5.09		
-11.60   	 39.98   	 39.59   	   0.00		
  7.93   	 77.51   	 39.59   	   5.09		
 34.18   	131.53   	 39.61   	   0.00		
 53.71   	182.80   	 39.61   	   0.00		
 58.29   	212.71   	 39.61   	  -5.09		
 52.19   	218.51   	 39.59   	   0.00		
 48.22   	212.40   	 39.59   	  -5.09		
 53.71   	208.74   	 39.57   	 -10.17		
 66.53   	212.71   	 39.53   	  -5.09		
 77.82   	218.20   	 39.51   	 -10.17		
 79.04   	215.15   	 39.47   	  -5.09		
 70.19   	199.58   	 39.45   	 -10.17		
 57.98   	177.92   	 39.41   	  -5.09		
 51.88   	158.39   	 39.39   	  -5.09		
 54.93   	145.26   	 39.37   	  -5.09		
 65.00   	135.80   	 39.35   	  -5.09		
 73.24   	125.43   	 39.33   	   0.00		
 72.94   	109.56   	 39.33   	   0.00		
 62.56   	 89.42   	 39.33   	   0.00		
 44.86   	 69.27   	 39.33   	   0.00		
 24.11   	 52.80   	 39.33   	   0.00		
  4.58   	 42.72   	 39.33   	   0.00		
 -9.77   	 38.45   	 39.33   	   5.09		
-18.62   	 36.01   	 39.35   	   0.00		
-22.28   	 31.13   	 39.35   	   0.00		
-21.97   	 21.67   	 39.35   	   0.00		
-21.36   	  7.93   	 39.35   	  -5.09		
-22.58   	 -7.93   	 39.33   	   0.00		
-25.94   	-21.67   	 39.33   	   0.00		
-28.38   	-29.30   	 39.33   	  -5.09		
-28.38   	-28.99   	 39.31   	   0.00		
-25.94   	-24.11   	 39.31   	   0.00		
-22.89   	-19.53   	 39.31   	   0.00		
-21.06   	-19.84   	 39.31   	   5.09		
-21.67   	-25.94   	 39.33   	   5.09		
-22.89   	-33.57   	 39.35   	   5.09		
-22.89   	-36.62   	 39.37   	   5.09		
-20.45   	-31.74   	 39.39   	  10.17		
-17.09   	-22.89   	 39.43   	  10.17		
-16.17   	-15.87   	 39.47   	  15.26		
-18.62   	-16.17   	 39.53   	  10.17		
-24.11   	-22.28   	 39.57   	  15.26		
-29.30   	-29.60   	 39.63   	  15.26		
-29.91   	-32.96   	 39.69   	  10.17		
-25.02   	-32.35   	 39.74   	  15.26		
-18.62   	-31.13   	 39.80   	  10.17		
-15.26   	-32.96   	 39.84   	  15.26		
-15.87   	-35.10   	 39.90   	   5.09		
-17.70   	-30.52   	 39.92   	  10.17		
-13.12   	-12.82   	 39.96   	   5.09		
  6.41   	 23.80   	 39.98   	   5.09		
 45.78   	 79.96   	 40.00   	   5.09		
103.76   	150.45   	 40.02   	   0.00		
175.48   	228.88   	 40.02   	   0.00		
249.63   	309.45   	 40.02   	  -5.09		
315.25   	390.63   	 40.00   	  -5.09		
366.52   	473.63   	 39.98   	  -5.09		
409.55   	547.79   	 39.96   	 -10.17		
461.12   	590.82   	 39.92   	 -10.17		
538.64   	585.02   	 39.88   	 -15.26		
648.19   	535.58   	 39.82   	 -15.26		
771.48   	476.68   	 39.76   	 -15.26		
871.89   	444.34   	 39.69   	 -15.26		
908.81(R)	439.45   	 39.63   	 -15.26		
854.49   	419.92   	 39.57   	 -15.26		
711.98   	328.37   	 39.51   	 -20.35		
513.00   	140.99   	 39.43   	 -10.17		
300.90   	-102.84   	 39.39   	 -15.26		
115.66   	-323.49   	 39.33   	 -10.17		
-21.36   	-448.91   	 39.29   	 -10.17		
-107.73   	-455.93   	 39.25   	  -5.09		
-151.37   	-375.98   	 39.23   	  -5.09		
-163.57   	-271.00   	 39.21   	   0.00		
-155.94   	-192.57   	 39.21   	   0.00		
-141.30   	-157.47   	 39.21   	   0.00		
-128.78   	-151.67   	 39.21   	   5.09		
-121.15   	-151.37   	 39.23   	   5.09		
-117.19   	-141.60   	 39.25   	   5.09		
-115.66   	-126.65   	 39.27   	  10.17		
-117.19   	-118.41   	 39.31   	   5.09		
-123.29   	-123.29   	 39.33   	  10.17		
-131.53   	-135.50   	 39.37   	   5.09		
-137.02   	-144.04   	 39.39   	  10.17		
-134.58   	-142.82   	 39.43   	   5.09		
-126.34   	-135.50   	 39.45   	  10.17		
-116.58   	-128.48   	 39.49   	   5.09		
-110.47   	-125.43   	 39.51   	   5.09		
-108.34   	-123.60   	 39.53   	   5.09		
-105.90   	-117.49   	 39.55   	   5.09		
-101.93   	-105.90   	 39.57   	   0.00		
-97.96   	-93.69   	 39.57   	   5.09		
-97.05   	-88.81   	 39.59   	   5.09		
-99.79   	-95.21   	 39.61   	   0.00		
-104.37   	-110.47   	 39.61   	   5.09		
-108.03   	-127.56   	 39.63   	   0.00		
-108.64   	-137.33   	 39.63   	   0.00		
-106.20   	-136.11   	 39.63   	   0.00		
-103.45   	-126.95   	 39.63   	   0.00		
-101.32   	-115.66   	 39.63   	   0.00		
-100.71   	-109.56   	 39.63   	   0.00		
-101.93   	-112.30   	 39.63   	   0.00		
-104.68   	-121.15   	 39.63   	   0.00		
-107.12   	-130.31   	 39.63   	  -5.09		
-105.90   	-132.14   	 39.61   	   0.00		
-98.88   	-124.51   	 39.61   	  -5.09		
-87.59   	-110.78   	 39.59   	   0.00		
-77.51   	-97.35   	 39.59   	  -5.09		
-74.77   	-91.25   	 39.57   	  -5.09		
-82.40   	-95.83   	 39.55   	   0.00		
-96.13   	-107.42   	 39.55   	  -5.09		
-108.03   	-119.32   	 39.53   	  -5.09		
-110.78   	-124.82   	 39.51   	  -5.09		
-103.76   	-121.77   	 39.49   	  -5.09		
-92.77   	-112.00   	 39.47   	  -5.09		
-83.62   	-100.71   	 39.45   	  -5.09		
-79.04   	-93.38   	 39.43   	  -5.09		
-80.26   	-91.86   	 39.41   	  -5.09		
-85.14   	-94.91   	 39.39   	  -5.09		
-91.86   	-98.27   	 39.37   	   0.00		
-97.66   	-97.96   	 39.37   	  -5.09		
-101.32   	-94.60   	 39.35   	  -5.09		
-101.93   	-91.25   	 39.33   	   0.00		
-101.62   	-91.25   	 39.33   	  -5.09		
-103.76   	-94.30   	 39.31   	   0.00		
-108.03   	-96.44   	 39.31   	   0.00		
-110.78   	-92.77   	 39.31   	   0.00		
-109.25   	-84.23   	 39.31   	   0.00		
-103.76   	-76.60   	 39.31   	   5.09		
-97.66   	-74.46   	 39.33   	   0.00		
-94.30   	-77.21   	 39.33   	   5.09		
-97.05   	-82.70   	 39.35   	   5.09		
-104.68   	-87.28   	 39.37   	   5.09		
-114.75   	-89.72   	 39.39   	   5.09		
-125.73   	-90.94   	 39.41   	   5.09		
-136.72   	-91.55   	 39.43   	   5.09		
-146.18   	-91.25   	 39.45   	  10.17		
-154.42   	-90.33   	 39.49   	   5.09		
-158.69   	-88.81   	 39.51   	   5.09		
-159.00   	-85.75   	 39.53   	   0.00		
-156.25   	-78.43   	 39.53   	   5.09		
-150.15   	-60.12   	 39.55   	   0.00		
-138.55   	-25.02   	 39.55   	  -5.09		
-118.71   	 27.47   	 39.53   	   0.00		
-87.59   	 90.03   	 39.53   	   0.00		
-49.74   	147.09   	 39.53   	   0.00		
-15.87   	180.36   	 39.53   	  10.17		
  1.53   	180.36   	 39.57   	  10.17		
  0.00   	152.28   	 39.61   	  15.26		
-13.73   	113.22   	 39.67   	  15.26		
-27.16   	 79.96   	 39.74   	  20.35		
-30.52   	 61.34   	 39.82   	  15.26		
-21.36   	 53.41   	 39.88   	  10.17		
 -5.49   	 47.00   	 39.92   	   5.09		
 11.29   	 36.01   	 39.94   	  -5.09		
 25.94   	 21.06   	 39.92   	 -15.26		
 37.84   	  5.19   	 39.86   	 -20.35		
 45.78   	 -9.77   	 39.78   	 -35.61		
 47.61   	-25.02   	 39.63   	 -35.61		
 42.72   	-43.03   	 39.49   	 -45.78		
 34.79   	-62.56   	 39.31   	 -45.78		
 29.60   	-79.04   	 39.12   	 -55.95		
 29.91   	-90.33   	 38.90   	 -55.95		
 32.96   	-98.57   	 38.68   	 -55.95		
 32.65   	-108.03   	 38.45   	 -50.86		
 27.77   	-120.54   	 38.25   	 -55.95		
 23.50   	-131.53   	 38.03   	 -45.78		
 25.02   	-137.33   	 37.84   	 -40.69		
 32.35   	-136.41   	 37.68   	 -30.52		
 39.67   	-132.75   	 37.56   	 -15.26		
 39.67   	-133.67   	 37.50   	  -5.09		
 31.13   	-141.30   	 37.48   	  15.26		
 17.70   	-154.42   	 37.54   	  30.52		
  3.66   	-169.68   	 37.66   	  50.86		
 -7.63   	-184.33   	 37.86   	  55.95		
-14.34   	-194.70   	 38.09   	  71.21		
-13.12   	-196.84   	 38.37   	  76.30		
 -1.53   	-189.82   	 38.68   	  81.38		
 18.01   	-176.09   	 39.00   	  86.47		
 36.32   	-162.35   	 39.35   	  81.38		
 43.33   	-154.72   	 39.67   	  76.30		
 34.79   	-154.11   	 39.98   	  66.12		
 15.56   	-158.69   	 40.24   	  66.12		
 -2.44   	-165.10   	 40.51   	  50.86		
-10.07   	-171.51   	 40.71   	  40.69		
 -7.63   	-178.22   	 40.87   	  35.61		
 -3.97   	-187.99   	 41.02   	  20.35		
 -9.16   	-203.86   	 41.10   	   5.09		
-22.58   	-222.17   	 41.12   	  -5.09		
-35.71   	-234.99   	 41.10   	 -15.26		
-37.54   	-235.60   	 41.04   	 -25.43		
-23.80   	-219.42   	 40.94   	 -35.61		
 -1.83   	-194.09   	 40.79   	 -50.86		
 14.65   	-173.65   	 40.59   	 -55.95		
 17.70   	-166.93   	 40.37   	 -66.12		
  9.16   	-172.73   	 40.10   	 -66.12		
 -3.97   	-183.72   	 39.84   	 -71.21		
-15.56   	-192.26   	 39.55   	 -71.21		
-22.58   	-195.01   	 39.27   	 -71.21		
-25.02   	-192.57   	 38.98   	 -71.21		
-24.11   	-187.99   	 38.70   	 -66.12		
-20.45   	-184.33   	 38.43   	 -55.95		
-15.87   	-182.19   	 38.21   	 -55.95		
-12.82   	-182.80   	 37.99   	 -45.78		
-12.51   	-185.24   	 37.80   	 -40.69		
-14.34   	-188.60   	 37.64   	 -35.61		
-17.09   	-191.65   	 37.50   	 -25.43		
-20.45   	-195.62   	 37.40   	 -25.43		
-26.86   	-202.64   	 37.29   	 -20.35		
-36.01   	-213.32   	 37.21   	 -15.26		
-45.78   	-223.08   	 37.15   	 -15.26		
-50.66   	-225.52   	 37.09   	  -5.09		
-46.39   	-215.45   	 37.07   	 -10.17		
-32.35   	-193.48   	 37.03   	   0.00		
-14.65   	-168.76   	 37.03   	   0.00		
  0.00   	-151.37   	 37.03   	   5.09		
  7.63   	-146.79   	 37.05   	  15.26		
  8.85   	-150.45   	 37.11   	  15.26		
  7.93   	-155.03   	 37.17   	  25.43		
  7.02   	-155.33   	 37.27   	  25.43		
  7.02   	-153.20   	 37.38   	  35.61		
  6.71   	-152.89   	 37.52   	  45.78		
  6.41   	-155.94   	 37.70   	  55.95		
  6.10   	-160.52   	 37.92   	  66.12		
  6.10   	-163.27   	 38.19   	  91.56		
  5.49   	-162.96   	 38.56   	 127.16		
  4.27   	-160.83   	 39.06   	 208.54		
  1.53   	-159.30   	 39.90   	 305.19		
 -5.80   	-161.44   	 41.12   	 401.83		
-19.53   	-168.15   	 42.73   	 467.95		
-33.87   	-173.03   	 44.60   	 473.04		
-36.01   	-162.05   	 46.49   	 422.18		
-15.87   	-123.29   	 48.18   	 310.27		
 25.94   	-57.07   	 49.42   	 157.68		
 71.72   	 16.48   	 50.05   	 -20.35		
 97.66   	 67.75   	 49.97   	-213.63		
 93.08   	 79.96   	 49.11   	-391.66		
 69.58   	 60.73   	 47.55   	-544.25		
 49.74   	 34.48   	 45.37   	-656.15		
 48.52   	 21.67   	 42.75   	-712.10		
 64.09   	 25.63   	 39.90   	-722.28		
 81.48   	 33.87   	 37.01   	-681.58		
 86.98   	 31.43   	 34.28   	-615.46		
 76.60   	 10.99   	 31.82   	-518.82		
 57.07   	-22.89   	 29.75   	-412.00		
 41.20   	-57.37   	 28.10   	-310.27		
 38.76   	-79.35   	 26.86   	-218.72		
 51.27   	-83.92   	 25.98   	-142.42		
 69.27   	-78.74   	 25.41   	 -86.47		
 78.74   	-77.51   	 25.07   	 -45.78		
 70.19   	-89.72   	 24.88   	 -20.35		
 45.78   	-112.61   	 24.80   	  -5.09		
 16.48   	-134.28   	 24.78   	   5.09		
 -5.19   	-145.57   	 24.80   	  15.26		
-16.78   	-148.62   	 24.86   	  25.43		
-20.75   	-151.67   	 24.96   	  35.61		
-21.06   	-158.69   	 25.11   	  50.86		
-19.53   	-167.24   	 25.31   	  71.21		
-17.70   	-173.95   	 25.60   	  91.56		
-17.70   	-178.83   	 25.96   	 106.82		
-19.84   	-184.94   	 26.39   	 122.07		
-22.89   	-192.57   	 26.88   	 127.16		
-24.41   	-199.58   	 27.39   	 127.16		
-23.80   	-201.72   	 27.89   	 122.07		
-22.89   	-198.06   	 28.38   	 122.07		
-24.41   	-193.18   	 28.87   	 122.07		
-28.38   	-192.87   	 29.36   	 111.90		
-33.87   	-198.97   	 29.81   	 111.90		
-38.76   	-208.44   	 30.25   	  96.64		
-42.42   	-215.45   	 30.64   	  81.38		
-43.95   	-216.37   	 30.97   	  71.21		
-41.50   	-209.66   	 31.25   	  55.95		
-35.40   	-198.97   	 31.47   	  45.78		
-27.47   	-189.21   	 31.66   	  50.86		
-20.75   	-182.80   	 31.86   	  55.95		
-19.23   	-179.75   	 32.09   	  76.30		
-22.28   	-179.75   	 32.39   	  91.56		
-28.08   	-182.19   	 32.76   	  96.64		
-33.57   	-186.46   	 33.14   	  96.64		
-37.23   	-190.12   	 33.53   	  71.21		
-35.71   	-187.07   	 33.81   	  30.52		
-24.72   	-168.15   	 33.94   	 -30.52		
  3.05   	-126.34   	 33.81   	 -96.64		
 54.02   	-60.73   	 33.43   	-142.42		
128.48   	 22.58   	 32.86   	-183.11		
215.45   	113.53   	 32.13   	-193.29		
296.02   	204.77   	 31.35   	-172.94		
356.14   	294.19   	 30.66   	-132.25		
394.59   	373.54   	 30.13   	 -76.30		
429.99   	426.33   	 29.83   	  -5.09		
490.72   	436.40   	 29.81(E)	  61.04		
593.87   	404.66   	 30.05   	 127.16		
729.98   	356.14   	 30.56   	 188.20		
863.04   	326.23   	 31.31   	 239.06		
946.04(R)	324.71   	 32.27   	 274.67		
938.42   	320.43   	 33.37   	 310.27		
827.64   	257.26   	 34.61   	 335.71		
635.99   	 95.83   	 35.95   	 356.05		
406.19   	-147.09   	 37.38   	 366.22		
184.63   	-401.00   	 38.84   	 381.48		
  7.63   	-581.97   	 40.37   	 386.57		
-109.56   	-639.04   	 41.91   	 391.66		
-172.12   	-579.83   	 43.48   	 396.74		
-190.43   	-461.12   	 45.07   	 396.74		
-178.22   	-349.12   	 46.65   	 391.66		
-151.98   	-282.90   	 48.22   	 386.57		
-127.56   	-263.06   	 49.77   	 386.57		
-113.22   	-264.89   	 51.31   	 386.57		
-112.00   	-265.50   	 52.86   	 391.66		
-119.93   	-255.74   	 54.43   	 396.74		
-128.48   	-239.26   	 56.01   	 406.92		
-132.75   	-224.61   	 57.64   	 417.09		
-133.67   	-217.90   	 59.31   	 422.18		
-133.97   	-218.20   	 61.00   	 437.43		
-133.36   	-220.64   	 62.75   	 462.87		
-131.23   	-219.42   	 64.60   	 503.56		
-125.12   	-211.49   	 66.61   	 569.68		
-114.75   	-198.36   	 68.89   	 640.89		
-103.76   	-186.77   	 71.45   	 717.19		
-97.35   	-183.41   	 74.32   	 762.97		
-97.96   	-187.99   	 77.38   	 783.31		
-102.23   	-193.79   	 80.51   	 788.40		
-106.20   	-194.40   	 83.66   	 768.05		
-107.42   	-188.90   	 86.73   	 737.54		
-107.42   	-181.58   	 89.68   	 691.76		
-111.39   	-179.75   	 92.45   	 645.98		
-121.15   	-187.07   	 95.04   	 595.11		
-132.45   	-196.84   	 97.42   	 549.34		
-136.72   	-199.89   	 99.61   	 518.82		
-128.48   	-189.21   	101.69   	 493.39		
-109.56   	-166.63   	103.66   	 488.30		
-89.11   	-144.96   	105.62   	 493.39		
-78.74   	-136.72   	107.59   	 503.56		
-80.57   	-143.13   	109.60   	 513.73		
-88.20   	-155.03   	111.66   	 528.99		
-95.52   	-162.35   	113.77   	 534.08		
-100.10   	-160.52   	115.91   	 539.16		
-104.37   	-153.81   	118.07   	 528.99		
-112.00   	-149.54   	120.18   	 528.99		
-120.85   	-151.06   	122.30   	 513.73		
-127.56   	-156.25   	124.35   	 508.65		
-129.39   	-160.52   	126.39   	 503.56		
-126.04   	-160.52   	128.40   	 493.39		
-119.02   	-154.72   	130.38   	 498.47		
-108.64   	-143.74   	132.37   	 498.47		
-96.13   	-130.92   	134.36   	 493.39		
-85.45   	-121.46   	136.34   	 493.39		
-80.57   	-116.58   	138.31   	 483.21		
-83.31   	-116.27   	140.24   	 467.95		
-91.55   	-117.80   	142.12   	 447.61		
-100.40   	-119.02   	143.91   	 422.18		
-106.20   	-118.71   	145.59   	 401.83		
-108.03   	-117.49   	147.20   	 371.31		
-108.03   	-116.27   	148.69   	 345.88		
-111.39   	-118.41   	150.07   	 325.53		
-119.63   	-125.12   	151.37   	 300.10		
-131.23   	-132.75   	152.57   	 279.75		
-140.08   	-135.19   	153.69   	 269.58		
-139.47   	-126.04   	154.77   	 249.24		
-126.95   	-105.59   	155.77   	 244.15		
-107.73   	-82.09   	156.74   	 228.89		
-91.25   	-67.14   	157.66   	 213.63		
-85.75   	-64.70   	158.51   	 208.54		
-93.99   	-69.58   	159.35   	 193.29		
-113.22   	-74.46   	160.12   	 183.11		
-135.19   	-73.55   	160.85   	 172.94		
-152.28   	-67.75   	161.55   	 162.77		
-161.13   	-62.87   	162.20   	 152.59		
-165.10   	-64.09   	162.81   	 142.42		
-168.76   	-68.97   	163.38   	 137.33		
-173.95   	-71.72   	163.93   	 122.07		
-178.53   	-66.83   	164.41   	 111.90		
-179.75   	-53.71   	164.86   	  96.64		
-176.39   	-38.15   	165.25   	  86.47		
-169.07   	-25.94   	165.59   	  71.21		
-157.78   	-18.01   	165.88   	  55.95		
-142.52   	-10.99   	166.10   	  40.69		
-125.12   	 -3.36   	166.27   	  20.35		
-111.39   	  2.75   	166.35   	   5.09		
-108.64   	  1.83   	166.37(S)	 -10.17		
-116.27   	 -5.80   	166.33   	 -35.61		
-123.60   	-12.21   	166.18   	 -55.95		
-119.32   	 -9.77   	165.96   	 -81.38		
-100.10   	  1.53   	165.64   	-106.82		
-70.80   	 15.87   	165.21   	-132.25		
-42.72   	 23.50   	164.68   	-157.68		
-25.33   	 19.23   	164.05   	-178.03		
-18.31   	  7.02   	163.34   	-198.37		
-15.26   	 -6.71   	162.54   	-218.72		
-11.90   	-17.40   	161.67   	-233.98		
 -6.41   	-22.89   	160.73   	-254.32		
 -1.83   	-26.25   	159.71   	-274.67		
 -1.83   	-32.96   	158.62   	-300.10		
 -6.41   	-44.25   	157.42   	-320.45		
-11.90   	-55.85   	156.13   	-356.05		
-14.65   	-63.78   	154.71   	-376.40		
-13.43   	-64.70   	153.20   	-406.92		
-10.68   	-60.42   	151.58   	-427.26		
 -9.16   	-57.07   	149.87   	-452.69		
 -9.77   	-57.98   	148.06   	-473.04		
-10.99   	-61.95   	146.16   	-483.21		
-11.29   	-67.14   	144.23   	-503.56		
-10.07   	-70.19   	142.22   	-513.73		
 -5.80   	-68.36   	140.16   	-518.82		
  3.05   	-61.65   	138.09   	-513.73		
 14.65   	-51.57   	136.03   	-498.47		
 22.89   	-43.33   	134.04   	-483.21		
 22.58   	-40.89   	132.11   	-493.39		
 12.21   	-44.56   	130.13   	-528.99		
 -0.92   	-50.96   	128.02   	-610.37		
 -8.24   	-54.63   	125.57   	-732.45		
 -7.02   	-55.24   	122.64   	-874.87		
 -0.92   	-55.54   	119.15   	-1017.29		
  3.36   	-58.59   	115.08   	-1134.28		
  2.14   	-63.48   	110.54   	-1205.49		
 -3.66   	-67.75   	105.72   	-1225.83		
-10.38   	-68.97   	100.81   	-1185.14		
-15.87   	-68.66   	 96.07   	-1113.93		
-19.84   	-69.27   	 91.62   	-1012.20		
-22.28   	-72.63   	 87.57   	-895.22		
-23.19   	-76.60   	 83.99   	-793.49		
-23.80   	-79.65   	 80.81   	-701.93		
-25.33   	-80.57   	 78.01   	-635.81		
-26.55   	-79.35   	 75.46   	-590.03		
-25.63   	-76.29   	 73.10   	-569.68		
-21.97   	-71.72   	 70.82   	-569.68		
-15.87   	-67.14   	 68.55   	-574.77		
-11.90   	-63.78   	 66.25   	-590.03		
-12.82   	-63.48   	 63.89   	-605.29		
-18.62   	-66.22   	 61.46   	-610.37		
-25.33   	-69.58   	 59.02   	-615.46		
-28.08   	-70.80   	 56.56   	-600.20		
-26.55   	-68.97   	 54.16   	-584.94		
-24.41   	-65.92   	 51.82   	-564.60		
-27.16   	-64.70   	 49.56   	-528.99		
-36.01   	-67.75   	 47.45   	-498.47		
-45.78   	-73.24   	 45.45   	-462.87		
-48.52   	-76.90   	 43.60   	-427.26		
-40.59   	-74.16   	 41.89   	-391.66		
-25.94   	-65.92   	 40.33   	-356.05		
-13.43   	-57.07   	 38.90   	-330.62		
-10.07   	-54.02   	 37.58   	-295.01		
-17.40   	-59.81   	 36.40   	-269.58		
-29.91   	-71.41   	 35.32   	-244.15		
-38.45   	-80.26   	 34.34   	-218.72		
-38.45   	-80.26   	 33.47   	-193.29		
-31.43   	-71.41   	 32.70   	-167.85		
-21.97   	-58.29   	 32.02   	-152.59		
-15.56   	-47.91   	 31.41   	-127.16		
-15.56   	-46.08   	 30.91   	-111.90		
-20.45   	-52.80   	 30.46   	 -96.64		
-25.94   	-63.48   	 30.07   	 -86.47		
-29.30   	-71.72   	 29.73   	 -71.21		
-29.60   	-72.63   	 29.44   	 -61.04		
-27.16   	-65.92   	 29.20   	 -55.95		
-24.72   	-56.46   	 28.97   	 -50.86		
-22.58   	-49.44   	 28.77   	 -45.78		
-21.06   	-47.61   	 28.59   	 -40.69		
-19.23   	-49.74   	 28.42   	 -35.61		
-16.78   	-52.49   	 28.28   	 -35.61		
-14.04   	-51.27   	 28.14   	 -35.61		
-11.29   	-45.78   	 28.00   	 -30.52		
 -8.24   	-36.62   	 27.87   	 -30.52		
 -2.44   	-23.19   	 27.75   	 -25.43		
  5.80   	 -3.97   	 27.65   	 -30.52		
 14.65   	 22.58   	 27.53   	 -20.35		
 20.14   	 55.85   	 27.45   	 -25.43		
 21.36   	 91.55   	 27.34   	 -20.35		
 21.36   	123.60   	 27.26   	 -25.43		
 24.41   	146.18   	 27.16   	 -20.35		
 32.65   	155.03   	 27.08   	 -20.35		
 44.56   	151.06   	 27.00   	 -20.35		
 54.32   	137.94   	 26.92   	 -25.43		
 59.20   	123.29   	 26.82   	 -20.35		
 59.81   	112.92   	 26.73   	 -30.52		
 57.68   	108.34   	 26.61   	 -25.43		
 54.93   	105.29   	 26.51   	 -30.52		
 50.35   	 96.13   	 26.39   	 -30.52		
 43.03   	 75.68   	 26.27   	 -30.52		
 33.57   	 47.00   	 26.14   	 -30.52		
 24.11   	 17.09   	 26.02   	 -30.52		
 18.31   	 -4.58   	 25.90   	 -30.52		
 19.53   	-14.04   	 25.78   	 -25.43		
 24.11   	-14.95   	 25.68   	 -20.35		
 25.02   	-15.56   	 25.60   	 -15.26		
 15.87   	-22.28   	 25.53   	 -10.17		
 -2.44   	-34.48   	 25.49(D)	   0.00		
-21.97   	-46.69   	 25.49   	   5.09		
-32.04   	-52.49   	 25.51   	  15.26		
-30.52   	-52.19   	 25.57   	  20.35		
-24.72   	-52.19   	 25.66   	  30.52		
-23.19   	-58.90   	 25.78   	  40.69		
-28.38   	-71.41   	 25.94   	  45.78		
-37.23   	-85.14   	 26.12   	  50.86		
-45.47   	-95.83   	 26.33   	  55.95		
-50.96   	-101.93   	 26.55   	  61.04		
-54.02   	-105.59   	 26.80   	  71.21		
-54.93   	-108.34   	 27.08   	  71.21		
-51.57   	-106.81   	 27.37   	  81.38		
-42.72   	-98.88   	 27.69   	  86.47		
-30.82   	-87.28   	 28.04   	  91.56		
-20.14   	-76.29   	 28.40   	 106.82		
-13.43   	-71.41   	 28.83   	 106.82		
-11.60   	-74.46   	 29.26   	 122.07		
-12.82   	-81.79   	 29.75   	 127.16		
-16.17   	-87.28   	 30.25   	 137.33		
-21.06   	-88.50   	 30.80   	 142.42		
-27.77   	-87.59   	 31.37   	 147.51		
-36.93   	-88.50   	 31.96   	 152.59		
-45.47   	-91.86   	 32.57   	 157.68		
-48.52   	-93.08   	 33.20   	 157.68		
-43.64   	-86.67   	 33.84   	 152.59		
-31.43   	-71.72   	 34.45   	 147.51		
-16.78   	-51.88   	 35.04   	 122.07		
 -2.14   	-28.99   	 35.52   	 101.73		
 18.92   	  3.36   	 35.93   	  76.30		
 58.59   	 54.32   	 36.24   	  45.78		
125.12   	128.48   	 36.42   	  20.35		
211.79   	219.73   	 36.50   	   5.09		
299.07   	317.99   	 36.52   	  -5.09		
366.82   	415.95   	 36.50   	 -20.35		
412.90   	503.85   	 36.42   	 -35.61		
454.71   	565.19   	 36.28   	 -40.69		
516.66   	581.36   	 36.11   	 -40.69		
614.93   	548.71   	 35.95   	 -35.61		
740.66   	491.64   	 35.81   	 -20.35		
863.95   	449.22   	 35.73   	   5.09		
944.21(R)	440.06   	 35.75(E)	  30.52		
943.30   	436.40   	 35.87   	  61.04		
843.20   	378.72   	 36.11   	  96.64		
657.04   	219.73   	 36.50   	 122.07		
423.58   	-30.21   	 36.99   	 152.59		
192.87   	-299.99   	 37.60   	 178.03		
  9.16   	-497.13   	 38.31   	 203.46		
-106.51   	-562.44   	 39.12   	 233.98		
-158.39   	-500.49   	 40.06   	 254.32		
-162.66   	-370.48   	 41.08   	 284.84		
-140.69   	-246.58   	 42.22   	 310.27		
-112.61   	-175.17   	 43.46   	 340.79		
-95.52   	-157.78   	 44.82   	 376.40		
-97.05   	-166.63   	 46.33   	 406.92		
-112.92   	-172.42   	 47.96   	 442.52		
-131.23   	-162.35   	 49.73   	 473.04		
-139.16   	-141.30   	 51.62   	 503.56		
-133.06   	-120.54   	 53.63   	 528.99		
-119.63   	-108.34   	 55.75   	 559.51		
-110.17   	-107.12   	 57.99   	 600.20		
-109.56   	-114.75   	 60.39   	 661.24		
-114.14   	-124.82   	 63.03   	 737.54		
-116.88   	-130.31   	 65.98   	 818.92		
-114.14   	-128.17   	 69.26   	 879.96		
-106.51   	-118.71   	 72.78   	 920.65		
-99.49   	-107.42   	 76.46   	 925.73		
-95.52   	-98.88   	 80.16   	 900.30		
-93.99   	-92.47   	 83.76   	 864.70		
-92.77   	-87.89   	 87.22   	 808.75		
-90.94   	-84.84   	 90.46   	 752.79		
-89.72   	-83.92   	 93.47   	 696.84		
-90.94   	-85.45   	 96.26   	 635.81		
-94.30   	-87.89   	 98.80   	 590.03		
-99.79   	-91.55   	101.16   	 549.34		
-107.73   	-97.35   	103.36   	 518.82		
-116.58   	-105.90   	105.43   	 508.65		
-123.29   	-113.83   	107.47   	 498.47		
-123.60   	-115.66   	109.46   	 508.65		
-115.05   	-105.59   	111.49   	 508.65		
-99.79   	-84.53   	113.53   	 513.73		
-84.53   	-61.34   	115.58   	 518.82		
-75.99   	-46.39   	117.66   	 508.65		
-77.82   	-44.86   	119.69   	 508.65		
-86.36   	-53.71   	121.73   	 493.39		
-96.13   	-64.09   	123.70   	 478.13		
-100.71   	-68.05   	125.61   	 478.13		
-99.79   	-65.92   	127.53   	 478.13		
-97.35   	-62.56   	129.44   	 483.21		
-98.27   	-62.56   	131.37   	 498.47		
-103.76   	-66.22   	133.37   	 518.82		
-108.34   	-68.36   	135.44   	 534.08		
-104.98   	-63.78   	137.58   	 539.16		
-91.25   	-50.96   	139.73   	 544.25		
-74.46   	-36.62   	141.91   	 534.08		
-65.00   	-28.69   	144.05   	 523.90		
-70.19   	-32.04   	146.14   	 498.47		
-87.59   	-44.25   	148.14   	 478.13		
-106.20   	-54.63   	150.05   	 442.52		
-114.44   	-55.24   	151.82   	 422.18		
-108.95   	-45.78   	153.51   	 391.66		
-95.52   	-32.96   	155.08   	 366.22		
-84.23   	-26.25   	156.54   	 345.88		
-83.31   	-28.38   	157.92   	 315.36		
-92.16   	-35.10   	159.19   	 295.01		
-104.98   	-38.15   	160.37   	 259.41		
-114.14   	-33.57   	161.40   	 233.98		
-115.66   	-23.19   	162.34   	 203.46		
-110.47   	-11.90   	163.15   	 188.20		
-104.06   	 -4.88   	163.91   	 183.11		
-102.23   	 -2.44   	164.64   	 188.20		
-109.25   	 -3.97   	165.39   	 203.46		
-124.51   	 -7.63   	166.20   	 228.89		
-142.82   	-10.99   	167.12   	 249.24		
-156.86   	-11.29   	168.12   	 264.50		
-162.35   	 -7.32   	169.18   	 259.41		
-159.30   	  3.05   	170.21   	 249.24		
-152.59   	 17.70   	171.21   	 213.63		
-147.71   	 32.35   	172.06   	 167.85		
-147.09   	 42.72   	172.74   	 116.99		
-148.01   	 48.83   	173.20   	  66.12		
-146.48   	 52.80   	173.47   	  10.17		
-142.82   	 55.85   	173.51(S)	 -35.61		
-138.85   	 58.59   	173.37   	 -71.21		
-135.80   	 61.65   	173.08   	 -96.64		
-133.06   	 64.39   	172.70   	-122.07		
-128.17   	 67.44   	172.21   	-132.25		
-120.24   	 68.97   	171.68   	-137.33		
-111.69   	 67.75   	171.13   	-137.33		
-104.06   	 62.56   	170.58   	-137.33		
-94.30   	 57.07   	170.03   	-132.25		
-77.51   	 57.07   	169.50   	-137.33		
-50.05   	 66.22   	168.95   	-147.51		
-17.09   	 80.57   	168.36   	-167.85		
  9.77   	 90.33   	167.69   	-183.11		
 19.84   	 86.98   	166.96   	-213.63		
 12.21   	 68.97   	166.10   	-244.15		
 -4.27   	 44.56   	165.13   	-269.58		
-15.87   	 26.86   	164.05   	-295.01		
-13.43   	 23.80   	162.87   	-315.36		
  0.31   	 34.79   	161.61   	-335.71		
 16.17   	 50.05   	160.26   	-350.97		
 23.80   	 58.29   	158.86   	-366.22		
 20.75   	 54.63   	157.40   	-376.40		
 11.29   	 41.20   	155.89   	-391.66		
  2.44   	 25.33   	154.32   	-401.83		
 -1.22   	 13.12   	152.72   	-417.09		
 -0.31   	  6.71   	151.05   	-437.43		
  0.92   	  1.83   	149.30   	-452.69		
 -1.53   	 -5.80   	147.49   	-473.04		
 -7.93   	-16.78   	145.59   	-488.30		
-14.65   	-27.16   	143.64   	-498.47		
-14.95   	-30.52   	141.65   	-498.47		
 -4.88   	-22.58   	139.65   	-478.13		
 10.68   	 -8.54   	137.74   	-462.87		
 21.97   	  2.14   	135.89   	-457.78		
 22.58   	  3.66   	134.06   	-483.21		
 13.73   	 -1.53   	132.13   	-554.42		
  3.36   	 -6.10   	129.91   	-671.41		
 -0.61   	 -3.97   	127.22   	-829.09		
  3.05   	  3.66   	123.91   	-996.94		
  7.32   	  8.85   	119.92   	-1139.36		
  6.41   	  5.80   	115.36   	-1246.18		
  0.00   	 -3.36   	110.38   	-1291.96		
 -6.10   	-12.51   	105.21   	-1276.70		
 -7.93   	-16.78   	100.10   	-1210.58		
 -5.49   	-16.78   	 95.26   	-1103.76		
 -3.36   	-16.17   	 90.84   	-986.77		
 -6.71   	-19.53   	 86.90   	-859.61		
-16.78   	-28.08   	 83.46   	-757.88		
-29.30   	-38.45   	 80.43   	-671.41		
-36.62   	-43.64   	 77.74   	-615.46		
-35.71   	-40.59   	 75.28   	-590.03		
-28.38   	-31.74   	 72.92   	-584.94		
-21.36   	-22.89   	 70.58   	-595.11		
-20.45   	-21.06   	 68.20   	-615.46		
-24.72   	-25.02   	 65.74   	-635.81		
-27.47   	-28.08   	 63.19   	-651.07		
-22.28   	-22.28   	 60.59   	-661.24		
-10.07   	 -7.63   	 57.94   	-651.07		
  2.44   	  8.24   	 55.34   	-635.81		
  7.93   	 16.17   	 52.80   	-605.29		
  3.66   	 13.12   	 50.38   	-574.77		
 -5.19   	  2.75   	 48.08   	-528.99		
-12.51   	 -7.02   	 45.96   	-493.39		
-14.65   	-11.90   	 43.99   	-452.69		
-12.82   	-12.51   	 42.18   	-406.92		
 -9.77   	-12.21   	 40.55   	-376.40		
 -9.16   	-14.65   	 39.04   	-335.71		
-14.04   	-21.97   	 37.70   	-305.19		
-22.89   	-31.13   	 36.48   	-274.67		
-32.96   	-37.54   	 35.38   	-249.24		
-39.37   	-36.62   	 34.38   	-223.80		
-37.54   	-27.47   	 33.49   	-198.37		
-28.08   	-13.43   	 32.70   	-172.94		
-15.87   	 -0.31   	 32.00   	-152.59		
 -5.80   	  8.54   	 31.39   	-132.25		
  0.00   	 13.43   	 30.86   	-116.99		
  1.22   	 15.26   	 30.40   	-101.73		
 -0.31   	 14.95   	 29.99   	 -81.38		
 -3.97   	 11.60   	 29.66   	 -76.30		
 -8.24   	  6.71   	 29.36   	 -61.04		
-10.99   	  2.14   	 29.11   	 -61.04		
-10.99   	 -0.31   	 28.87   	 -50.86		
 -7.93   	  0.31   	 28.67   	 -45.78		
 -4.58   	  2.44   	 28.48   	 -40.69		
 -4.27   	  3.36   	 28.32   	 -40.69		
 -7.93   	  2.44   	 28.16   	 -35.61		
-15.26   	 -0.61   	 28.02   	 -35.61		
-23.50   	 -5.19   	 27.87   	 -30.52		
-28.99   	 -6.41   	 27.75   	 -30.52		
-27.77   	  4.88   	 27.63   	 -30.52		
-17.09   	 35.10   	 27.51   	 -30.52		
  3.05   	 84.53   	 27.39   	 -30.52		
 26.25   	141.30   	 27.26   	 -25.43		
 45.47   	188.90   	 27.16   	 -25.43		
 57.98   	217.59   	 27.06   	 -25.43		
 65.61   	226.44   	 26.96   	 -30.52		
 72.63   	222.17   	 26.84   	 -25.43		
 81.79   	213.01   	 26.73   	 -25.43		
 87.89   	199.89   	 26.63   	 -30.52		
 85.45   	182.50   	 26.51   	 -25.43		
 73.85   	164.18   	 26.41   	 -30.52		
 58.90   	149.23   	 26.29   	 -30.52		
 47.30   	137.94   	 26.16   	 -25.43		
 43.64   	126.65   	 26.06   	 -25.43		
 47.61   	111.39   	 25.96   	 -25.43		
 55.24   	 92.77   	 25.86   	 -20.35		
 62.26   	 76.90   	 25.78   	 -20.35		
 64.39   	 68.97   	 25.70   	 -15.26		
 57.07   	 65.00   	 25.64   	 -10.17		
 38.45   	 55.54   	 25.60   	  -5.09		
 11.29   	 35.71   	 25.57(D)	   5.09		
-14.04   	 10.38   	 25.60   	   5.09		
-28.69   	-10.07   	 25.62   	  15.26		
-28.99   	-18.31   	 25.68   	  20.35		
-21.36   	-16.48   	 25.76   	  25.43		
-16.78   	-11.90   	 25.86   	  30.52		
-20.45   	-11.29   	 25.98   	  35.61		
-26.86   	-14.34   	 26.12   	  40.69		
-28.69   	-18.62   	 26.29   	  50.86		
-23.50   	-21.06   	 26.49   	  50.86		
-15.56   	-22.58   	 26.69   	  55.95		
-12.51   	-23.80   	 26.92   	  61.04		
-16.48   	-25.02   	 27.16   	  66.12		
-22.89   	-27.47   	 27.43   	  71.21		
-26.86   	-31.13   	 27.71   	  76.30		
-26.25   	-37.54   	 28.02   	  76.30		
-23.50   	-44.86   	 28.32   	  76.30		
-22.28   	-50.96   	 28.63   	  86.47		
-24.72   	-53.41   	 28.97   	  91.56		
-31.43   	-52.49   	 29.34   	  96.64		
-38.45   	-48.52   	 29.73   	 106.82		
-40.89   	-42.11   	 30.15   	 116.99		
-35.71   	-35.40   	 30.62   	 122.07		
-23.80   	-29.30   	 31.11   	 127.16		
-11.29   	-26.86   	 31.62   	 127.16		
 -6.10   	-29.60   	 32.13   	 122.07		
 -9.46   	-34.18   	 32.61   	 127.16		
-16.48   	-35.71   	 33.12   	 122.07		
-20.14   	-29.60   	 33.61   	 116.99		
-14.04   	-11.60   	 34.08   	 106.82		
  7.32   	 23.80   	 34.51   	 101.73		
 50.96   	 81.48   	 34.91   	  91.56		
119.93   	163.57   	 35.28   	  81.38		
210.27   	266.11   	 35.61   	  71.21		
304.87   	379.33   	 35.89   	  55.95		
382.08   	490.72   	 36.11   	  45.78		
432.13   	585.94   	 36.30   	  35.61		
467.83   	645.14   	 36.44   	  25.43		
518.49   	653.69   	 36.54   	  20.35		
610.05   	614.93   	 36.62   	  15.26		
741.58   	555.42   	 36.68   	  15.26		
880.74   	512.70   	 36.74   	  20.35		
977.17   	500.79   	 36.83   	  25.43		
983.28(R)	492.25   	 36.93(E)	  35.61		
878.30   	430.60   	 37.07   	  45.78		
682.37   	274.96   	 37.25   	  61.04		
445.86   	 36.62   	 37.50   	  76.30		
223.39   	-218.51   	 37.80   	  96.64		
 54.02   	-408.02   	 38.19   	 122.07		
-53.71   	-479.74   	 38.68   	 147.51		
-113.22   	-434.57   	 39.27   	 178.03		
-139.47   	-321.35   	 39.98   	 208.54		
-142.52   	-204.77   	 40.81   	 249.24		
-129.39   	-128.78   	 41.81   	 295.01		
-111.08   	-102.23   	 42.99   	 330.62		
-99.79   	-106.20   	 44.31   	 381.48		
-101.01   	-114.44   	 45.84   	 422.18		
-112.00   	-112.00   	 47.53   	 467.95		
-122.99   	-99.18   	 49.40   	 508.65		
-124.82   	-83.62   	 51.43   	 544.25		
-115.66   	-71.11   	 53.61   	 584.94		
-101.32   	-63.17   	 55.95   	 630.72		
-90.03   	-59.81   	 58.47   	 681.58		
-87.59   	-59.81   	 61.20   	 752.79		
-93.08   	-61.04   	 64.21   	 829.09		
-101.93   	-61.34   	 67.53   	 890.13		
-107.42   	-60.12   	 71.09   	 935.91		
-107.42   	-57.98   	 74.83   	 940.99		
-103.15   	-56.46   	 78.60   	 915.56		
-97.35   	-54.02   	 82.26   	 874.87		
-92.47   	-49.13   	 85.76   	 818.92		
-90.03   	-43.64   	 89.03   	 768.05		
-90.94   	-40.59   	 92.11   	 722.28		
-94.91   	-41.81   	 94.99   	 676.50		
-98.88   	-45.17   	 97.70   	 630.72		
-99.18   	-46.69   	100.22   	 595.11		
-95.21   	-43.64   	102.60   	 559.51		
-88.81   	-36.62   	104.84   	 534.08		
-84.53   	-28.99   	106.98   	 513.73		
-84.84   	-24.72   	109.03   	 503.56		
-89.42   	-24.41   	111.05   	 498.47		
-94.60   	-26.55   	113.04   	 488.30		
-97.66   	-29.30   	114.99   	 483.21		
-97.35   	-30.21   	116.93   	 478.13		
-93.69   	-27.47   	118.84   	 467.95		
-88.81   	-21.36   	120.71   	 457.78		
-84.23   	-13.12   	122.54   	 442.52		
-80.26   	 -4.27   	124.31   	 432.35		
-75.68   	  3.05   	126.04   	 427.26		
-71.72   	  5.49   	127.75   	 422.18		
-69.58   	  0.61   	129.44   	 427.26		
-71.11   	 -9.16   	131.15   	 437.43		
-75.99   	-17.40   	132.90   	 447.61		
-82.70   	-17.40   	134.69   	 462.87		
-87.89   	 -8.24   	136.54   	 473.04		
-90.33   	  3.66   	138.43   	 467.95		
-90.94   	  8.85   	140.30   	 462.87		
-91.86   	  2.44   	142.16   	 447.61		
-93.99   	-10.07   	143.95   	 427.26		
-95.52   	-18.62   	145.66   	 406.92		
-94.30   	-17.09   	147.28   	 391.66		
-89.72   	 -7.02   	148.85   	 366.22		
-85.45   	  4.88   	150.31   	 356.05		
-84.84   	 10.99   	151.74   	 335.71		
-90.33   	  9.77   	153.08   	 320.45		
-99.49   	  4.27   	154.36   	 310.27		
-107.42   	  1.22   	155.60   	 295.01		
-110.47   	  4.58   	156.78   	 284.84		
-109.25   	 13.73   	157.92   	 269.58		
-106.51   	 24.72   	159.00   	 259.41		
-106.81   	 32.96   	160.04   	 249.24		
-111.39   	 35.40   	161.04   	 239.06		
-119.02   	 33.87   	161.99   	 223.80		
-126.04   	 32.04   	162.89   	 208.54		
-130.92   	 31.13   	163.72   	 203.46		
-135.80   	 29.91   	164.54   	 183.11		
-141.60   	 28.69   	165.27   	 172.94		
-148.93   	 28.99   	165.96   	 157.68		
-154.72   	 32.96   	166.59   	 142.42		
-155.64   	 41.81   	167.16   	 122.07		
-151.06   	 53.41   	167.65   	 101.73		
-144.65   	 64.09   	168.06   	  81.38		
-140.99   	 71.72   	168.38   	  66.12		
-140.99   	 77.51   	168.65   	  45.78		
-142.21   	 83.31   	168.83   	  25.43		
-141.30   	 88.50   	168.93   	  10.17		
-136.11   	 91.55   	168.97(S)	 -15.26		
-127.56   	 92.47   	168.91   	 -35.61		
-116.88   	 93.38   	168.77   	 -55.95		
-104.98   	 96.13   	168.54   	 -76.30		
-91.55   	100.10   	168.24   	 -96.64		
-77.51   	102.84   	167.85   	-122.07		
-63.48   	101.01   	167.36   	-142.42		
-50.35   	 95.52   	166.79   	-162.77		
-38.15   	 90.94   	166.14   	-183.11		
-26.25   	 90.33   	165.41   	-203.46		
-14.34   	 93.08   	164.60   	-228.89		
 -3.36   	 95.21   	163.68   	-244.15		
  4.88   	 92.16   	162.71   	-269.58		
  9.16   	 82.09   	161.63   	-289.93		
  9.77   	 67.75   	160.47   	-310.27		
  8.85   	 53.71   	159.23   	-330.62		
  7.93   	 44.86   	157.90   	-350.97		
  7.32   	 41.20   	156.50   	-376.40		
  5.19   	 40.59   	154.99   	-391.66		
  1.22   	 39.67   	153.43   	-412.00		
 -2.75   	 37.54   	151.78   	-422.18		
 -4.88   	 34.18   	150.09   	-442.52		
 -2.14   	 31.13   	148.32   	-452.69		
  4.58   	 28.08   	146.51   	-467.95		
 10.99   	 24.41   	144.64   	-478.13		
 14.34   	 20.45   	142.73   	-478.13		
 13.12   	 17.70   	140.81   	-473.04		
  8.24   	 17.70   	138.92   	-462.87		
  3.05   	 19.53   	137.07   	-442.52		
  0.00   	 20.45   	135.30   	-447.61		
 -0.61   	 18.01   	133.51   	-478.13		
 -0.92   	 11.90   	131.60   	-549.34		
 -3.36   	  3.97   	129.40   	-651.07		
 -8.24   	 -3.36   	126.80   	-798.57		
-12.51   	 -6.10   	123.60   	-940.99		
-11.90   	 -2.44   	119.84   	-1073.24		
 -6.10   	  6.10   	115.54   	-1169.88		
  0.61   	 14.95   	110.86   	-1215.66		
  3.97   	 18.92   	106.00   	-1210.58		
  3.66   	 17.70   	101.16   	-1159.71		
  1.83   	 14.65   	 96.52   	-1073.24		
  2.14   	 14.04   	 92.23   	-966.43		
  3.66   	 15.56   	 88.36   	-864.70		
  1.22   	 14.34   	 84.90   	-773.14		
 -6.41   	  9.16   	 81.81   	-691.76		
-15.26   	  2.14   	 79.04   	-640.89		
-20.75   	 -3.36   	 76.48   	-610.37		
-20.14   	 -5.80   	 74.04   	-600.20		
-14.95   	 -5.19   	 71.64   	-605.29		
 -8.85   	 -2.44   	 69.22   	-620.55		
 -5.49   	  2.44   	 66.73   	-635.81		
 -4.58   	  7.63   	 64.19   	-640.89		
 -6.10   	 10.38   	 61.63   	-651.07		
 -9.16   	  7.32   	 59.02   	-645.98		
-12.51   	  0.31   	 56.44   	-635.81		
-14.65   	 -6.10   	 53.90   	-615.46		
-15.87   	 -8.85   	 51.43   	-590.03		
-18.31   	-10.07   	 49.07   	-554.42		
-22.28   	-13.43   	 46.86   	-518.82		
-26.25   	-18.92   	 44.78   	-478.13		
-27.47   	-23.19   	 42.87   	-442.52		
-25.63   	-21.67   	 41.10   	-406.92		
-21.97   	-14.04   	 39.47   	-371.31		
-19.23   	 -4.27   	 37.99   	-330.62		
-18.62   	  1.83   	 36.66   	-300.10		
-19.23   	  1.53   	 35.46   	-269.58		
-19.84   	 -2.75   	 34.38   	-233.98		
-20.75   	 -7.63   	 33.45   	-208.54		
-21.67   	-10.38   	 32.61   	-183.11		
-22.28   	-11.90   	 31.88   	-152.59		
-22.28   	-13.43   	 31.27   	-137.33		
-21.36   	-15.56   	 30.72   	-111.90		
-20.14   	-17.70   	 30.27   	-106.82		
-18.92   	-15.87   	 29.85   	 -91.56		
-17.09   	 -9.77   	 29.48   	 -86.47		
-15.26   	 -0.92   	 29.14   	 -81.38		
-14.34   	  5.19   	 28.81   	 -71.21		
-15.56   	  5.49   	 28.52   	 -66.12		
-16.78   	  1.22   	 28.26   	 -55.95		
-16.48   	 -3.97   	 28.04   	 -40.69		
-13.73   	 -5.80   	 27.87   	 -35.61		
 -9.16   	 -2.44   	 27.73   	 -25.43		
 -5.80   	  3.66   	 27.63   	 -15.26		
 -6.10   	  8.24   	 27.57   	 -15.26		
 -8.85   	  8.24   	 27.51   	 -15.26		
-13.43   	  3.97   	 27.45   	 -20.35		
-18.01   	 -0.31   	 27.37   	 -15.26		
-19.84   	  0.92   	 27.30   	 -20.35		
-15.56   	 15.56   	 27.22   	 -25.43		
 -1.53   	 47.30   	 27.12   	 -30.52		
 20.14   	 92.47   	 27.00   	 -25.43		
 43.03   	141.30   	 26.90   	 -30.52		
 57.68   	180.66   	 26.78   	 -30.52		
 57.37   	200.50   	 26.65   	 -25.43		
 47.61   	202.03   	 26.55   	 -30.52		
 39.37   	194.70   	 26.43   	 -20.35		
 42.42   	188.29   	 26.35   	 -25.43		
 57.07   	187.07   	 26.25   	 -20.35		
 74.77   	186.77   	 26.16   	 -20.35		
 82.70   	180.36   	 26.08   	 -20.35		
 75.68   	164.18   	 26.00   	 -20.35		
 59.81   	142.21   	 25.92   	 -20.35		
 46.39   	119.93   	 25.84   	 -20.35		
 43.03   	101.93   	 25.76   	 -15.26		
 49.74   	 89.42   	 25.70   	 -20.35		
 60.42   	 80.26   	 25.62   	 -20.35		
 65.92   	 70.50   	 25.53   	 -15.26		
 60.12   	 56.46   	 25.47   	 -15.26		
 40.89   	 36.01   	 25.41   	 -10.17		
 12.21   	 11.29   	 25.37   	  -5.09		
-16.17   	 -9.46   	 25.35(D)	   5.09		
-32.65   	-17.70   	 25.37   	  10.17		
-31.13   	-11.60   	 25.41   	  15.26		
-16.17   	  0.00   	 25.47   	  25.43		
 -3.36   	  2.75   	 25.57   	  30.52		
 -4.88   	-10.99   	 25.70   	  40.69		
-20.14   	-33.57   	 25.86   	  45.78		
-36.62   	-50.96   	 26.04   	  50.86		
-42.42   	-54.63   	 26.25   	  55.95		
-35.71   	-47.30   	 26.47   	  61.04		
-24.72   	-39.67   	 26.71   	  61.04		
-18.92   	-40.28   	 26.96   	  66.12		
-21.06   	-47.61   	 27.22   	  66.12		
-26.55   	-54.02   	 27.49   	  76.30		
-29.60   	-54.63   	 27.79   	  76.30		
-29.60   	-50.35   	 28.10   	  86.47		
-28.38   	-45.47   	 28.44   	  96.64		
-28.08   	-44.25   	 28.83   	 106.82		
-28.69   	-47.61   	 29.26   	 116.99		
-29.91   	-53.71   	 29.73   	 122.07		
-30.21   	-57.98   	 30.21   	 132.25		
-29.60   	-59.20   	 30.74   	 132.25		
-28.38   	-56.76   	 31.27   	 137.33		
-25.94   	-52.19   	 31.82   	 137.33		
-22.89   	-47.91   	 32.37   	 137.33		
-20.14   	-43.64   	 32.92   	 132.25		
-16.48   	-38.76   	 33.45   	 127.16		
-12.21   	-30.52   	 33.96   	 122.07		
 -5.49   	-15.56   	 34.45   	 111.90		
 10.38   	 14.95   	 34.89   	 106.82		
 46.39   	 68.66   	 35.32   	  91.56		
109.56   	147.09   	 35.69   	  86.47		
197.14   	245.06   	 36.03   	  76.30		
290.53   	350.65   	 36.34   	  61.04		
367.13   	454.41   	 36.58   	  50.86		
416.26   	549.62   	 36.79   	  40.69		
450.44   	621.95   	 36.95   	  30.52		
498.35   	652.16   	 37.07   	  20.35		
585.94   	630.80   	 37.15   	  15.26		
715.64   	572.51   	 37.21   	  15.26		
859.07   	515.75   	 37.27   	  15.26		
970.76   	491.03   	 37.33   	  15.26		
1005.25(R)	490.42   	 37.40(E)	  20.35		
934.75   	462.95   	 37.48   	  30.52		
764.16   	349.12   	 37.60   	  45.78		
532.23   	132.14   	 37.78   	  61.04		
292.05   	-139.16   	 38.03   	  76.30		
 92.47   	-376.28   	 38.33   	 101.73		
-41.50   	-502.62   	 38.74   	 127.16		
-114.44   	-495.30   	 39.25   	 162.77		
-145.87   	-395.20   	 39.90   	 193.29		
-152.89   	-274.35   	 40.67   	 233.98		
-147.71   	-189.82   	 41.61   	 274.67		
-138.85   	-157.17   	 42.71   	 325.53		
-131.53   	-155.03   	 44.01   	 371.31		
-126.65   	-154.72   	 45.49   	 422.18		
-123.90   	-141.30   	 47.18   	 467.95		
-122.07   	-121.15   	 49.05   	 513.73		
-121.77   	-108.34   	 51.11   	 559.51		
-122.07   	-107.12   	 53.35   	 615.46		
-120.24   	-109.86   	 55.81   	 676.50		
-114.44   	-107.12   	 58.51   	 747.71		
-106.20   	-98.57   	 61.51   	 824.00		
-101.62   	-91.55   	 64.80   	 895.22		
-103.45   	-91.55   	 68.38   	 946.08		
-108.34   	-95.52   	 72.17   	 966.43		
-109.56   	-95.52   	 76.03   	 946.08		
-103.76   	-87.59   	 79.82   	 900.30		
-97.05   	-77.82   	 83.42   	 844.35		
-96.74   	-75.99   	 86.80   	 793.49		
-102.54   	-82.40   	 89.97   	 742.62		
-107.42   	-89.42   	 92.94   	 707.02		
-107.12   	-88.50   	 95.77   	 671.41		
-101.62   	-79.96   	 98.45   	 640.89		
-97.66   	-71.41   	101.02   	 615.46		
-100.40   	-72.02   	103.48   	 590.03		
-107.42   	-81.18   	105.84   	 569.68		
-111.69   	-89.11   	108.12   	 554.42		
-108.95   	-87.28   	110.34   	 544.25		
-100.10   	-75.07   	112.51   	 528.99		
-90.94   	-58.90   	114.63   	 528.99		
-87.59   	-48.83   	116.74   	 513.73		
-90.64   	-48.83   	118.80   	 503.56		
-95.21   	-55.54   	120.81   	 488.30		
-97.96   	-62.26   	122.77   	 478.13		
-97.05   	-63.48   	124.68   	 462.87		
-93.38   	-56.76   	126.53   	 452.69		
-89.72   	-46.39   	128.34   	 457.78		
-86.67   	-37.54   	130.17   	 457.78		
-84.53   	-33.87   	132.00   	 478.13		
-84.53   	-36.62   	133.92   	 488.30		
-87.28   	-42.72   	135.87   	 503.56		
-92.16   	-47.30   	137.88   	 513.73		
-95.52   	-47.61   	139.94   	 503.56		
-96.13   	-44.86   	141.95   	 498.47		
-93.99   	-41.20   	143.95   	 478.13		
-92.47   	-38.45   	145.86   	 452.69		
-94.30   	-37.23   	147.67   	 432.35		
-100.40   	-37.23   	149.40   	 412.00		
-107.42   	-38.45   	151.05   	 381.48		
-111.39   	-41.20   	152.57   	 371.31		
-111.39   	-43.03   	154.06   	 345.88		
-108.03   	-41.50   	155.44   	 340.79		
-104.98   	-35.40   	156.81   	 325.53		
-103.76   	-27.16   	158.11   	 315.36		
-104.68   	-20.75   	159.37   	 305.19		
-105.90   	-18.92   	160.59   	 300.10		
-107.73   	-20.75   	161.79   	 284.84		
-110.47   	-23.19   	162.93   	 274.67		
-115.36   	-23.19   	164.03   	 259.41		
-120.54   	-18.62   	165.07   	 244.15		
-123.60   	-10.38   	166.04   	 223.80		
-124.21   	 -0.31   	166.94   	 203.46		
-124.82   	  8.24   	167.75   	 188.20		
-129.39   	 11.90   	168.50   	 178.03		
-139.77   	  9.46   	169.22   	 157.68		
-152.59   	  3.36   	169.85   	 147.51		
-162.96   	 -1.83   	170.44   	 137.33		
-167.85   	 -2.14   	170.99   	 122.07		
-166.63   	  5.19   	171.47   	 111.90		
-161.74   	 18.01   	171.92   	  91.56		
-158.08   	 30.21   	172.29   	  81.38		
-157.47   	 37.84   	172.61   	  55.95		
-159.00   	 39.06   	172.84   	  40.69		
-160.83   	 36.32   	173.00   	  20.35		
-158.08   	 35.40   	173.08(S)	   0.00		
-148.01   	 40.89   	173.08   	 -25.43		
-130.62   	 52.80   	172.98   	 -45.78		
-110.17   	 66.53   	172.80   	 -66.12		
-91.86   	 76.29   	172.53   	 -86.47		
-78.43   	 78.13   	172.19   	-111.90		
-69.89   	 72.33   	171.74   	-132.25		
-62.87   	 63.17   	171.21   	-152.59		
-52.80   	 55.85   	170.60   	-172.94		
-37.54   	 54.32   	169.91   	-193.29		
-20.14   	 57.07   	169.13   	-218.72		
 -4.58   	 60.12   	168.26   	-233.98		
  4.88   	 58.59   	167.32   	-259.41		
  5.80   	 49.13   	166.29   	-274.67		
  0.61   	 34.18   	165.19   	-295.01		
 -6.10   	 18.92   	164.01   	-315.36		
-10.07   	  8.24   	162.75   	-330.62		
 -9.16   	  3.66   	161.42   	-356.05		
 -3.05   	  3.66   	160.00   	-376.40		
  5.19   	  4.58   	158.49   	-396.74		
 12.51   	  4.58   	156.91   	-417.09		
 15.26   	  1.83   	155.24   	-442.52		
 12.51   	 -3.05   	153.47   	-457.78		
  6.71   	 -9.46   	151.64   	-473.04		
  1.53   	-14.65   	149.75   	-483.21		
 -0.92   	-15.87   	147.81   	-498.47		
 -1.22   	-13.43   	145.82   	-498.47		
 -0.61   	 -8.24   	143.82   	-498.47		
  0.92   	 -3.97   	141.83   	-488.30		
  3.05   	 -3.36   	139.88   	-478.13		
  4.27   	 -7.02   	137.96   	-457.78		
  3.05   	-14.34   	136.13   	-457.78		
 -2.75   	-23.80   	134.30   	-483.21		
-11.60   	-32.65   	132.37   	-539.16		
-18.92   	-38.45   	130.21   	-645.98		
-20.14   	-38.76   	127.63   	-788.40		
-15.87   	-34.79   	124.48   	-951.17		
 -8.85   	-29.30   	120.67   	-1103.76		
 -3.05   	-24.11   	116.26   	-1225.83		
 -0.61   	-20.45   	111.35   	-1286.87		
 -0.61   	-19.23   	106.21   	-1291.96		
 -0.92   	-20.75   	101.04   	-1246.18		
 -2.14   	-25.94   	 96.05   	-1149.54		
 -4.58   	-34.48   	 91.45   	-1037.64		
 -8.54   	-42.11   	 87.30   	-915.56		
-11.60   	-43.64   	 83.64   	-798.57		
-11.90   	-38.15   	 80.45   	-701.93		
-10.99   	-30.52   	 77.64   	-630.72		
-11.90   	-28.99   	 75.12   	-590.03		
-15.56   	-35.10   	 72.76   	-574.77		
-18.92   	-43.64   	 70.46   	-574.77		
-18.01   	-47.30   	 68.16   	-590.03		
-12.51   	-44.25   	 65.80   	-610.37		
 -7.63   	-39.06   	 63.36   	-625.63		
 -8.24   	-39.06   	 60.85   	-640.89		
-14.65   	-46.39   	 58.29   	-640.89		
-21.36   	-55.54   	 55.73   	-625.63		
-22.58   	-60.73   	 53.22   	-610.37		
-18.31   	-59.20   	 50.78   	-584.94		
-11.90   	-53.71   	 48.44   	-544.25		
 -8.54   	-49.74   	 46.27   	-508.65		
 -9.46   	-50.35   	 44.23   	-467.95		
-13.12   	-54.02   	 42.36   	-432.35		
-17.09   	-58.59   	 40.63   	-386.57		
-19.84   	-60.12   	 39.08   	-356.05		
-21.67   	-57.68   	 37.66   	-320.45		
-23.50   	-52.49   	 36.38   	-284.84		
-24.72   	-46.39   	 35.24   	-259.41		
-24.72   	-41.81   	 34.20   	-228.89		
-23.19   	-41.20   	 33.29   	-203.46		
-20.75   	-45.78   	 32.47   	-178.03		
-18.31   	-52.19   	 31.76   	-152.59		
-15.87   	-56.76   	 31.15   	-137.33		
-15.56   	-57.07   	 30.60   	-111.90		
-18.01   	-52.80   	 30.15   	-101.73		
-21.36   	-46.69   	 29.75   	 -81.38		
-21.97   	-40.59   	 29.42   	 -71.21		
-17.09   	-35.71   	 29.14   	 -55.95		
 -9.16   	-33.57   	 28.91   	 -50.86		
 -4.27   	-35.10   	 28.71   	 -40.69		
 -7.32   	-39.98   	 28.55   	 -35.61		
-17.09   	-46.39   	 28.40   	 -30.52		
-27.47   	-51.57   	 28.28   	 -30.52		
-31.13   	-52.80   	 28.16   	 -25.43		
-25.94   	-49.74   	 28.06   	 -25.43		
-14.95   	-42.11   	 27.96   	 -30.52		
 -3.66   	-31.43   	 27.83   	 -25.43		
  5.80   	-17.40   	 27.73   	 -25.43		
 13.12   	 -0.31   	 27.63   	 -30.52		
 19.23   	 18.62   	 27.51   	 -25.43		
 25.33   	 41.20   	 27.41   	 -30.52		
 30.52   	 68.05   	 27.28   	 -25.43		
 32.65   	 96.13   	 27.18   	 -25.43		
 30.21   	120.24   	 27.08   	 -25.43		
 25.63   	135.80   	 26.98   	 -25.43		
 25.02   	142.52   	 26.88   	 -25.43		
 32.35   	143.74   	 26.78   	 -25.43		
 47.30   	144.65   	 26.67   	 -25.43		
 63.17   	146.18   	 26.57   	 -25.43		
 72.02   	145.87   	 26.47   	 -25.43		
 70.80   	139.77   	 26.37   	 -30.52		
 63.17   	126.34   	 26.25   	 -25.43		
 54.93   	106.81   	 26.14   	 -30.52		
 51.57   	 84.23   	 26.02   	 -30.52		
 53.10   	 62.26   	 25.90   	 -25.43		
 55.85   	 43.03   	 25.80   	 -30.52		
 53.71   	 25.33   	 25.68   	 -25.43		
 44.25   	  9.46   	 25.57   	 -20.35		
 28.38   	 -2.75   	 25.49   	 -20.35		
 10.07   	-11.60   	 25.41   	 -15.26		
 -5.19   	-15.87   	 25.35   	 -10.17		
-13.73   	-18.01   	 25.31   	  -5.09		
-16.17   	-23.50   	 25.29   	  10.17		
-15.87   	-34.18   	 25.33   	  15.26		
-15.26   	-47.91   	 25.39   	  25.43		
-17.09   	-61.34   	 25.49   	  35.61		
-20.75   	-71.11   	 25.64   	  40.69		
-24.11   	-75.07   	 25.80   	  50.86		
-24.72   	-74.16   	 26.00   	  55.95		
-21.36   	-71.72   	 26.23   	  55.95		
-16.17   	-71.11   	 26.45   	  66.12		
-13.12   	-76.60   	 26.71   	  61.04		
-17.70   	-89.72   	 26.96   	  66.12		
-30.82   	-105.59   	 27.22   	  66.12		
-46.08   	-115.97   	 27.49   	  76.30		
-56.15   	-115.97   	 27.79   	  76.30		
-56.15   	-107.12   	 28.10   	  91.56		
-46.39   	-95.83   	 28.46   	  96.64		
-33.87   	-90.03   	 28.85   	 106.82		
-25.02   	-91.86   	 29.28   	 111.90		
-22.58   	-97.05   	 29.73   	 127.16		
-24.11   	-100.71   	 30.23   	 132.25		
-27.47   	-101.01   	 30.76   	 137.33		
-30.82   	-97.96   	 31.31   	 142.42		
-32.04   	-92.16   	 31.88   	 137.33		
-32.04   	-85.75   	 32.43   	 137.33		
-31.13   	-81.48   	 32.98   	 127.16		
-28.69   	-79.04   	 33.49   	 127.16		
-21.97   	-72.63   	 34.00   	 116.99		
 -6.41   	-51.88   	 34.47   	 111.90		
 24.41   	 -6.41   	 34.91   	  96.64		
 75.38   	 65.00   	 35.30   	  91.56		
145.57   	154.42   	 35.67   	  81.38		
227.66   	249.63   	 35.99   	  71.21		
308.23   	344.54   	 36.28   	  61.04		
374.45   	440.06   	 36.52   	  50.86		
422.36   	530.09   	 36.72   	  40.69		
465.39   	596.62   	 36.89   	  30.52		
527.95   	618.29   	 37.01   	  20.35		
630.19   	589.90   	 37.09   	  20.35		
768.43   	533.75   	 37.17   	  15.26		
909.73   	487.67   	 37.23   	  15.26		
1004.94   	469.67   	 37.29   	  20.35		
1009.22(R)	457.46   	 37.38(E)	  25.43		
903.32   	397.64   	 37.48   	  35.61		
706.48   	245.67   	 37.62   	  50.86		
464.48   	  6.71   	 37.82   	  66.12		
229.49   	-259.40   	 38.09   	  86.47		
 41.50   	-468.44   	 38.43   	 106.82		
-80.57   	-558.47   	 38.86   	 142.42		
-143.13   	-521.55   	 39.43   	 172.94		
-161.74   	-404.66   	 40.12   	 213.63		
-153.81   	-279.54   	 40.98   	 259.41		
-135.50   	-198.36   	 42.01   	 300.10		
-120.85   	-173.34   	 43.21   	 345.88		
-115.05   	-180.97   	 44.60   	 381.48		
-116.58   	-187.68   	 46.12   	 406.92		
-118.71   	-177.92   	 47.75   	 437.43		
-117.19   	-156.86   	 49.50   	 462.87		
-112.00   	-138.85   	 51.35   	 503.56		
-106.20   	-133.06   	 53.37   	 569.68		
-104.37   	-137.63   	 55.65   	 656.15		
-106.20   	-144.04   	 58.27   	 762.97		
-108.95   	-144.65   	 61.32   	 879.96		
-109.86   	-138.24   	 64.84   	 976.60		
-108.64   	-127.87   	 68.75   	1032.55		
-108.03   	-119.02   	 72.88   	1047.81		
-110.17   	-115.05   	 77.07   	1007.12		
-115.36   	-116.58   	 81.10   	 930.82		
-121.77   	-121.46   	 84.82   	 844.35		
-127.56   	-127.56   	 88.20   	 752.79		
-130.62   	-133.67   	 91.21   	 676.50		
-129.70   	-136.72   	 93.92   	 615.46		
-125.12   	-133.06   	 96.38   	 559.51		
-116.58   	-121.15   	 98.62   	 528.99		
-105.90   	-105.90   	100.73   	 503.56		
-97.05   	-94.60   	102.75   	 493.39		
-93.38   	-92.77   	104.72   	 478.13		
-94.60   	-98.27   	106.63   	 478.13		
-97.35   	-103.45   	108.54   	 457.78		
-98.27   	-101.93   	110.38   	 437.43		
-96.44   	-93.38   	112.13   	 401.83		
-93.99   	-83.62   	113.73   	 361.14		
-92.77   	-78.43   	115.18   	 325.53		
-93.69   	-79.04   	116.48   	 300.10		
-95.21   	-82.40   	117.68   	 295.01		
-96.74   	-84.23   	118.86   	 310.27		
-98.27   	-83.01   	120.10   	 325.53		
-99.79   	-79.35   	121.40   	 239.06		
-99.79   	-74.77   	122.36   	 -66.12		
-96.44   	-69.58   	122.10   	-686.67		
-91.25   	-63.48   	119.35   	-1586.97		
-86.98   	-59.20   	113.00   	-2614.44		
-88.20   	-60.42   	102.54   	-3591.03		
-96.44   	-69.27   	 88.18   	-4318.40		
-107.42   	-81.48   	 70.91   	-4623.58		
-114.14   	-89.11   	 52.41   	-4404.87		
-112.30   	-85.45   	 34.79   	-3646.98		
-103.15   	-72.33   	 20.20   	-2410.98		
-93.69   	-57.37   	 10.56   	-849.44		
-89.72   	-48.52   	  7.16   	 798.57		
-91.25   	-47.61   	 10.36   	2299.08		
-94.91   	-49.44   	 19.55   	3418.09		
-96.74   	-48.52   	 33.22   	4058.99		
-97.05   	-43.95   	 49.46   	4181.06		
-98.57   	-40.28   	 66.18   	3860.62		
-102.23   	-41.50   	 81.63   	3219.72		
-107.42   	-47.30   	 94.51   	2410.98		
-112.61   	-54.02   	104.15   	1576.80		
-118.10   	-57.37   	110.46   	 839.26		
-125.43   	-55.24   	113.81   	 284.84		
-133.06   	-49.13   	114.95   	 -20.35		
-137.94   	-41.50   	114.87   	-101.73		
-139.47   	-34.79   	114.47   	 -10.17		
-140.08   	-29.60   	114.42   	 142.42		
-144.04   	-27.16   	114.99   	 310.27		
-153.20   	-26.25   	116.24   	 417.09		
-162.66   	-24.41   	117.90   	 452.69		
-166.93   	-20.45   	119.71   	 406.92		
-164.18   	-14.95   	121.34   	 289.93		
-159.30   	 -9.77   	122.50   	 132.25		
-158.08   	 -6.41   	123.03   	 -61.04		
-162.05   	 -3.05   	122.79   	-264.50		
-166.32   	  2.14   	121.73   	-457.78		
-164.49   	 10.68   	119.90   	-640.89		
-154.42   	 21.36   	117.33   	-788.40		
-140.69   	 30.82   	114.18   	-879.96		
-129.70   	 35.40   	110.66   	-885.04		
-123.60   	 34.79   	107.12   	-762.97		
-119.32   	 32.35   	104.07   	-483.21		
-110.78   	 31.43   	102.14   	 -40.69		
-96.44   	 34.18   	101.97   	 488.30		
-78.74   	 37.84   	103.93   	 996.94		
-62.26   	 38.76   	107.91   	1373.34		
-47.61   	 36.01   	113.41   	1536.11		
-32.96   	 33.87   	119.55   	1449.64		
-18.31   	 34.79   	125.35   	1149.54		
 -6.10   	 37.84   	129.95   	 727.36		
  0.61   	 38.15   	132.86   	 305.19		
  0.92   	 32.35   	134.08   	 -15.26		
 -1.53   	 22.28   	134.02   	-188.20		
 -2.44   	 12.21   	133.26   	-208.54		
 -2.14   	  4.58   	132.43   	 -96.64		
 -2.75   	 -3.05   	132.04   	  55.95		
 -5.49   	-12.21   	132.27   	 208.54		
 -7.32   	-20.14   	133.10   	 325.53		
 -5.19   	-22.89   	134.40   	 401.83		
  0.31   	-21.06   	136.01   	  N/A		
