  I     	  II     	  PW     	  PW'		
 -8.54   	  3.36   	 34.75   	 -10.17		
 -7.63   	  3.97   	 34.71   	 -10.17		
 -4.27   	  6.10   	 34.67   	 -15.26		
 -0.92   	  8.24   	 34.61   	 -10.17		
  0.61   	  9.77   	 34.57   	 -10.17		
 -0.61   	 10.38   	 34.53   	   0.00		
 -2.44   	 10.07   	 34.53   	  10.17		
 -3.66   	 10.07   	 34.57   	  10.17		
 -3.66   	 10.68   	 34.61   	  20.35		
 -3.66   	 11.60   	 34.69   	  25.43		
 -3.66   	 12.82   	 34.79   	  20.35		
 -2.75   	 13.73   	 34.87   	  25.43		
 -0.92   	 14.34   	 34.97   	  20.35		
  1.53   	 14.34   	 35.06   	  15.26		
  2.14   	 12.51   	 35.12   	  10.17		
  0.61   	 10.07   	 35.16   	   0.00		
 -2.14   	  7.02   	 35.16   	   0.00		
 -3.97   	  5.19   	 35.16   	  -5.09		
 -3.05   	  4.58   	 35.14   	  -5.09		
 -1.22   	  4.58   	 35.12   	 -10.17		
 -0.31   	  4.88   	 35.08   	 -15.26		
 -1.22   	  5.19   	 35.02   	 -15.26		
 -3.36   	  5.49   	 34.95   	 -20.35		
 -6.41   	  6.10   	 34.87   	 -20.35		
 -8.85   	  7.32   	 34.79   	 -25.43		
 -9.77   	  7.93   	 34.69   	 -25.43		
 -9.16   	  8.24   	 34.59   	 -30.52		
 -7.63   	  8.24   	 34.47   	 -25.43		
 -6.10   	  8.24   	 34.36   	 -25.43		
 -5.80   	  8.54   	 34.26   	 -30.52		
 -7.32   	  9.16   	 34.14   	 -20.35		
 -9.16   	 10.07   	 34.06   	 -25.43		
 -9.77   	 10.07   	 33.96   	 -20.35		
 -8.85   	  9.77   	 33.88   	 -20.35		
 -6.41   	  9.46   	 33.79   	 -20.35		
 -3.66   	  9.46   	 33.71   	 -20.35		
 -2.44   	  9.77   	 33.63   	 -20.35		
 -3.66   	  9.46   	 33.55   	 -25.43		
 -6.71   	  7.93   	 33.45   	 -30.52		
-10.38   	  5.49   	 33.33   	 -30.52		
-12.21   	  3.05   	 33.20   	 -30.52		
-10.68   	  1.53   	 33.08   	 -30.52		
 -7.63   	  1.22   	 32.96   	 -30.52		
 -5.19   	  2.14   	 32.84   	 -35.61		
 -4.27   	  3.66   	 32.70   	 -25.43		
 -5.19   	  4.88   	 32.59   	 -30.52		
 -6.71   	  5.19   	 32.47   	 -25.43		
 -7.32   	  4.88   	 32.37   	 -25.43		
 -7.93   	  4.27   	 32.27   	 -20.35		
 -8.24   	  4.58   	 32.19   	 -20.35		
 -7.93   	  7.32   	 32.11   	 -20.35		
 -6.71   	 12.21   	 32.02   	 -20.35		
 -4.88   	 18.31   	 31.94   	 -20.35		
 -2.14   	 24.41   	 31.86   	 -20.35		
  0.00   	 29.91   	 31.78   	 -15.26		
  1.53   	 35.40   	 31.72   	 -20.35		
  1.22   	 41.50   	 31.64   	 -25.43		
  0.00   	 48.22   	 31.54   	 -15.26		
 -0.92   	 56.46   	 31.47   	 -20.35		
  1.22   	 66.83   	 31.39   	 -20.35		
  6.71   	 79.04   	 31.31   	 -20.35		
 13.73   	 91.55   	 31.23   	 -25.43		
 17.70   	101.32   	 31.13   	 -20.35		
 15.26   	104.68   	 31.05   	 -20.35		
  7.02   	 99.79   	 30.97   	 -25.43		
 -2.44   	 89.42   	 30.86   	 -25.43		
 -6.71   	 77.51   	 30.76   	 -30.52		
 -3.66   	 68.66   	 30.64   	 -30.52		
  4.88   	 65.31   	 30.52   	 -30.52		
 12.21   	 67.44   	 30.40   	 -30.52		
 14.65   	 72.33   	 30.27   	 -35.61		
 11.29   	 78.74   	 30.13   	 -30.52		
  7.02   	 83.62   	 30.01   	 -40.69		
  5.80   	 84.23   	 29.85   	 -35.61		
  8.24   	 78.43   	 29.70   	 -35.61		
 11.29   	 65.61   	 29.56   	 -45.78		
 11.90   	 47.91   	 29.38   	 -45.78		
  9.16   	 29.60   	 29.20   	 -50.86		
  5.19   	 15.26   	 28.99   	 -55.95		
  2.44   	  5.80   	 28.77   	 -55.95		
 -0.61   	 -1.83   	 28.55   	 -61.04		
 -5.80   	-10.99   	 28.30   	 -55.95		
-14.04   	-22.28   	 28.08   	 -40.69		
-23.19   	-32.65   	 27.91   	 -30.52		
-28.69   	-38.45   	 27.79   	  -5.09		
-28.08   	-37.54   	 27.77   	  10.17		
-23.80   	-33.26   	 27.81   	  30.52		
-19.53   	-28.69   	 27.93   	  40.69		
-17.70   	-26.25   	 28.10   	  45.78		
-18.92   	-26.86   	 28.28   	  40.69		
-21.67   	-29.30   	 28.44   	  35.61		
-23.50   	-31.74   	 28.59   	  15.26		
-24.11   	-34.48   	 28.65   	   0.00		
-23.50   	-36.62   	 28.65   	 -15.26		
-22.28   	-36.62   	 28.59   	 -35.61		
-20.75   	-34.18   	 28.44   	 -50.86		
-19.84   	-30.82   	 28.24   	 -50.86		
-18.01   	-29.91   	 28.04   	 -50.86		
-11.29   	-35.71   	 27.83   	 -45.78		
  5.19   	-50.96   	 27.65   	 -40.69		
 39.37   	-75.07   	 27.49   	 -35.61		
 98.88   	-103.15   	 27.34   	 -30.52		
187.68   	-127.87   	 27.22   	 -30.52		
300.29   	-142.21   	 27.10   	 -30.52		
423.89   	-140.69   	 26.98   	 -30.52		
538.94   	-119.32   	 26.86   	 -30.52		
624.69   	-72.02   	 26.73   	 -40.69		
655.52   	  9.46   	 26.57   	 -40.69		
599.37   	133.06   	 26.41   	 -35.61		
433.35   	304.26   	 26.27   	 -40.69		
161.44   	522.16   	 26.10   	 -30.52		
-175.78   	775.15   	 25.98   	 -30.52		
-503.54   	1036.99   	 25.86   	 -35.61		
-861.51   	1406.86(R)	 25.72   	 -10.17		
-835.27   	1405.94   	 25.68   	  -5.09		
-691.22   	1242.98   	 25.66   	  -5.09		
-476.38   	947.27   	 25.64   	  -5.09		
-253.60   	593.57   	 25.62   	 -10.17		
-82.09   	272.22   	 25.57   	 -15.26		
  3.36   	 48.52   	 25.51   	 -15.26		
  8.85   	-63.78   	 25.45   	 -25.43		
-26.55   	-95.52   	 25.35   	 -30.52		
-59.20   	-93.99   	 25.23   	 -35.61		
-66.22   	-93.99   	 25.09   	 -30.52		
-51.88   	-105.59   	 24.96   	 -35.61		
-33.26   	-121.15   	 24.82   	 -25.43		
-23.50   	-130.31   	 24.72   	 -20.35		
-23.50   	-128.78   	 24.64   	 -10.17		
-28.38   	-121.77   	 24.60   	   5.09		
-32.35   	-115.66   	 24.62   	  10.17		
-32.96   	-114.14   	 24.66   	  15.26		
-29.91   	-117.19   	 24.72   	  20.35		
-25.02   	-120.54   	 24.80   	   5.09		
-20.14   	-120.24   	 24.82(A)	  -5.09		
-16.78   	-115.36   	 24.80   	 -25.43		
-16.78   	-109.56   	 24.70   	 -50.86		
-18.92   	-106.81   	 24.50   	 -71.21		
-22.28   	-108.03   	 24.21   	 -91.56		
-24.72   	-111.69   	 23.85   	 -96.64		
-25.33   	-114.75   	 23.46   	 -96.64		
-24.72   	-115.66   	 23.07   	 -86.47		
-24.41   	-115.36   	 22.73   	 -71.21		
-24.72   	-115.66   	 22.44   	 -50.86		
-24.11   	-117.19   	 22.24   	 -30.52		
-21.67   	-119.02   	 22.12   	 -15.26		
-17.40   	-119.63   	 22.05   	 -10.17		
-13.12   	-119.32   	 22.01   	 -15.26		
-11.60   	-118.41   	 21.95   	 -25.43		
-11.90   	-117.49   	 21.85   	 -45.78		
-13.12   	-118.41   	 21.67   	 -61.04		
-14.04   	-122.38   	 21.42   	 -76.30		
-14.95   	-126.95   	 21.12   	 -86.47		
-16.48   	-129.39   	 20.77   	 -91.56		
-18.62   	-126.95   	 20.41   	 -81.38		
-19.53   	-120.85   	 20.08   	 -76.30		
-18.31   	-115.36   	 19.78   	 -55.95		
-14.65   	-114.44   	 19.55   	 -40.69		
-10.68   	-119.93   	 19.39   	 -25.43		
 -7.93   	-127.87   	 19.29   	 -15.26		
 -8.24   	-132.45   	 19.23   	 -10.17		
-11.90   	-131.23   	 19.19   	 -10.17		
-16.48   	-123.90   	 19.15   	 -10.17		
-19.23   	-113.83   	 19.10   	 -20.35		
-18.01   	-106.81   	 19.02   	 -30.52		
-13.43   	-105.29   	 18.90   	 -35.61		
 -8.85   	-108.95   	 18.76   	 -45.78		
 -7.63   	-113.53   	 18.58   	 -50.86		
-10.38   	-114.75   	 18.37   	 -45.78		
-14.65   	-111.69   	 18.19   	 -50.86		
-17.09   	-107.12   	 17.99   	 -40.69		
-17.09   	-104.68   	 17.82   	 -40.69		
-16.17   	-105.90   	 17.66   	 -40.69		
-15.87   	-108.03   	 17.50   	 -30.52		
-16.78   	-108.34   	 17.38   	 -30.52		
-17.40   	-105.59   	 17.25   	 -30.52		
-17.09   	-101.62   	 17.13   	 -30.52		
-18.01   	-98.88   	 17.01   	 -30.52		
-20.45   	-97.35   	 16.89   	 -30.52		
-24.41   	-95.83   	 16.76   	 -25.43		
-26.55   	-92.47   	 16.66   	 -25.43		
-25.94   	-86.67   	 16.56   	 -20.35		
-23.19   	-79.96   	 16.48   	 -15.26		
-21.36   	-74.16   	 16.42   	 -10.17		
-21.97   	-70.80   	 16.38   	 -10.17		
-23.80   	-70.19   	 16.34   	   0.00		
-24.41   	-70.80   	 16.34   	   0.00		
-22.89   	-69.27   	 16.34   	   0.00		
-19.53   	-63.78   	 16.34   	   5.09		
-15.56   	-55.54   	 16.36   	  10.17		
-12.82   	-48.52   	 16.40   	   5.09		
-10.68   	-44.86   	 16.42   	   5.09		
 -9.16   	-44.56   	 16.44   	   5.09		
 -7.02   	-44.25   	 16.46   	  10.17		
 -3.66   	-41.81   	 16.50   	   5.09		
  0.92   	-37.54   	 16.52   	  10.17		
  5.80   	-35.10   	 16.56   	  10.17		
  8.54   	-35.40   	 16.60   	  15.26		
  8.54   	-37.23   	 16.66   	  10.17		
  6.41   	-37.84   	 16.70   	  10.17		
  3.66   	-35.40   	 16.74   	  10.17		
  2.14   	-31.74   	 16.79   	  10.17		
  1.22   	-30.21   	 16.83   	  10.17		
  0.00   	-32.35   	 16.87   	  10.17		
 -1.53   	-37.84   	 16.91   	   5.09		
 -3.05   	-43.03   	 16.93   	  10.17		
 -3.36   	-44.86   	 16.97   	   5.09		
 -1.83   	-43.95   	 16.99   	   0.00		
  1.53   	-43.33   	 16.99   	  -5.09		
  4.88   	-45.17   	 16.97   	  -5.09		
  7.02   	-49.74   	 16.95   	 -10.17		
  7.02   	-54.02   	 16.91   	   0.00		
  4.58   	-56.15   	 16.91   	   5.09		
  0.61   	-55.85   	 16.93   	  15.26		
 -3.97   	-55.54   	 16.99   	  35.61		
 -7.02   	-56.76   	 17.13   	  50.86		
 -7.32   	-58.29   	 17.33   	  61.04		
 -5.49   	-58.59   	 17.58   	  66.12		
 -2.44   	-57.07   	 17.84   	  81.38		
  0.31   	-55.54   	 18.17   	  76.30		
  1.22   	-57.07   	 18.47   	  76.30		
  0.31   	-62.26   	 18.78   	  71.21		
 -1.83   	-68.66   	 19.06   	  66.12		
 -3.66   	-72.02   	 19.33   	  61.04		
 -5.19   	-70.50   	 19.57   	  61.04		
 -4.88   	-65.61   	 19.82   	  50.86		
 -2.44   	-61.34   	 20.02   	  45.78		
  1.22   	-60.73   	 20.20   	  40.69		
  4.58   	-63.48   	 20.37   	  35.61		
  6.41   	-67.44   	 20.51   	  25.43		
  6.10   	-70.80   	 20.61   	  15.26		
  3.66   	-72.33   	 20.67(V)	   0.00		
  0.61   	-72.94   	 20.67   	 -10.17		
 -1.53   	-73.55   	 20.63   	 -35.61		
 -2.44   	-74.77   	 20.49   	 -40.69		
 -0.61   	-75.99   	 20.33   	 -55.95		
  2.75   	-77.51   	 20.10   	 -61.04		
  5.49   	-79.35   	 19.86   	 -50.86		
  6.41   	-81.18   	 19.65   	 -50.86		
  5.49   	-82.40   	 19.45   	 -30.52		
  4.27   	-81.48   	 19.33   	 -20.35		
  4.58   	-78.13   	 19.25   	 -10.17		
  6.10   	-74.16   	 19.21   	   5.09		
  6.71   	-72.63   	 19.23   	  15.26		
  4.88   	-75.38   	 19.29   	  10.17		
  1.53   	-80.26   	 19.33   	  15.26		
 -0.61   	-84.53   	 19.39   	   0.00		
  0.00   	-86.36   	 19.39   	  -5.09		
  3.97   	-85.14   	 19.37   	 -15.26		
  8.85   	-81.18   	 19.31   	 -25.43		
 11.29   	-75.99   	 19.21   	 -35.61		
 10.38   	-70.80   	 19.06   	 -40.69		
  7.02   	-66.83   	 18.90   	 -40.69		
  3.36   	-67.14   	 18.74   	 -35.61		
  0.92   	-72.63   	 18.60   	 -30.52		
  0.92   	-81.48   	 18.47   	 -15.26		
  2.14   	-88.81   	 18.41   	 -10.17		
  3.36   	-90.03   	 18.37   	   0.00		
  3.36   	-83.62   	 18.37   	   0.00		
  3.05   	-73.55   	 18.37   	  10.17		
  3.36   	-65.92   	 18.41   	   5.09		
  5.19   	-64.39   	 18.43   	  10.17		
  7.93   	-67.14   	 18.47   	   0.00		
 10.07   	-70.80   	 18.47   	   0.00		
  8.24   	-72.02   	 18.47   	  -5.09		
  2.75   	-70.80   	 18.45   	  -5.09		
 -3.97   	-68.66   	 18.43   	   0.00		
 -7.93   	-67.44   	 18.43   	   0.00		
 -5.80   	-65.92   	 18.43   	   5.09		
  0.92   	-64.09   	 18.45   	  10.17		
  7.63   	-62.56   	 18.49   	  15.26		
 10.07   	-63.48   	 18.56   	  25.43		
  7.93   	-66.83   	 18.66   	  25.43		
  5.19   	-71.11   	 18.76   	  25.43		
  4.27   	-72.94   	 18.86   	  30.52		
  6.41   	-70.80   	 18.98   	  30.52		
  8.85   	-65.92   	 19.10   	  25.43		
  9.16   	-61.65   	 19.21   	  30.52		
  7.32   	-60.42   	 19.33   	  25.43		
  5.19   	-61.65   	 19.43   	  30.52		
  3.97   	-63.78   	 19.55   	  30.52		
  3.36   	-65.61   	 19.67   	  30.52		
  2.75   	-65.61   	 19.80   	  30.52		
  1.22   	-64.39   	 19.92   	  35.61		
  0.31   	-61.04   	 20.06   	  35.61		
  1.22   	-56.15   	 20.20   	  40.69		
  4.27   	-49.74   	 20.37   	  40.69		
  8.24   	-42.42   	 20.53   	  40.69		
 12.21   	-35.71   	 20.69   	  40.69		
 15.56   	-28.99   	 20.85   	  35.61		
 19.23   	-21.06   	 21.00   	  40.69		
 23.50   	-10.99   	 21.16   	  35.61		
 26.86   	  0.00   	 21.30   	  35.61		
 27.16   	  9.16   	 21.44   	  35.61		
 22.58   	 13.43   	 21.59   	  35.61		
 14.95   	 10.99   	 21.73   	  35.61		
  9.16   	  4.27   	 21.87   	  30.52		
  8.85   	 -2.75   	 21.99   	  35.61		
 15.56   	 -6.10   	 22.14   	  35.61		
 25.63   	 -3.05   	 22.28   	  30.52		
 35.10   	  5.19   	 22.40   	  35.61		
 38.45   	 15.87   	 22.54   	  30.52		
 35.40   	 26.25   	 22.67   	  35.61		
 28.08   	 34.18   	 22.81   	  30.52		
 19.84   	 37.54   	 22.93   	  30.52		
 14.95   	 33.87   	 23.05   	  25.43		
 15.56   	 21.67   	 23.15   	  20.35		
 19.23   	  2.14   	 23.23   	  10.17		
 22.89   	-19.23   	 23.28   	   5.09		
 24.72   	-36.32   	 23.30   	 -10.17		
 23.19   	-45.78   	 23.26   	 -10.17		
 18.31   	-49.74   	 23.21   	 -15.26		
 11.29   	-52.80   	 23.15   	 -15.26		
  3.36   	-57.68   	 23.09   	   0.00		
 -3.97   	-62.56   	 23.09   	  15.26		
 -7.93   	-63.78   	 23.15   	  40.69		
 -8.24   	-59.81   	 23.32   	  55.95		
 -6.10   	-52.80   	 23.54   	  81.38		
 -4.27   	-47.00   	 23.87   	  91.56		
 -3.97   	-45.78   	 24.23   	  96.64		
 -3.97   	-48.52   	 24.62   	 101.73		
 -3.66   	-52.80   	 25.03   	  96.64		
 -2.44   	-56.15   	 25.41   	  86.47		
 -1.53   	-57.37   	 25.76   	  76.30		
 -1.22   	-56.76   	 26.06   	  61.04		
 -1.22   	-55.24   	 26.31   	  55.95		
 -1.22   	-54.02   	 26.53   	  50.86		
 -0.61   	-54.32   	 26.73   	  50.86		
  1.22   	-57.98   	 26.94   	  55.95		
  7.02   	-68.36   	 27.16   	  55.95		
 22.58   	-87.28   	 27.39   	  61.04		
 56.76   	-114.14   	 27.63   	  66.12		
118.41   	-142.52   	 27.89   	  71.21		
211.18   	-163.88   	 28.18   	  66.12		
328.37   	-170.59   	 28.44   	  66.12		
453.80   	-159.30   	 28.71   	  61.04		
566.10   	-129.09   	 28.95   	  55.95		
642.09   	-75.68   	 29.18   	  50.86		
656.13   	  8.24   	 29.38   	  50.86		
578.31   	131.84   	 29.58   	  45.78		
391.24   	301.51   	 29.77   	  45.78		
104.06   	516.66   	 29.95   	  45.78		
-237.73   	764.47   	 30.13   	  45.78		
-559.08   	1017.15   	 30.32   	  96.64		
-880.74   	1355.29(R)	 30.70   	  50.86		
-831.30   	1337.59   	 30.91   	  45.78		
-665.89   	1162.72   	 31.09   	  45.78		
-437.62   	862.43   	 31.27   	  35.61		
-212.71   	509.95   	 31.41   	  35.61		
-49.44   	193.79   	 31.56   	  25.43		
 24.11   	-23.80   	 31.66   	  20.35		
 21.67   	-129.70   	 31.74   	   5.09		
-14.04   	-155.03   	 31.76   	  -5.09		
-41.50   	-145.87   	 31.74   	 -10.17		
-44.25   	-136.72   	 31.70   	 -10.17		
-29.60   	-138.24   	 31.66   	 -15.26		
-14.65   	-146.18   	 31.60   	 -10.17		
 -7.93   	-151.37   	 31.56   	  -5.09		
 -7.93   	-151.06   	 31.54   	   5.09		
-10.38   	-147.71   	 31.56   	   5.09		
-11.60   	-144.96   	 31.58   	  15.26		
-11.60   	-144.35   	 31.64   	  15.26		
-10.07   	-145.57   	 31.70   	  20.35		
 -7.32   	-146.48   	 31.78   	  15.26		
 -3.36   	-145.87   	 31.84   	  15.26		
  0.61   	-144.35   	 31.90   	  20.35		
  2.44   	-143.13   	 31.98   	  25.43		
  0.92   	-144.04   	 32.09   	  25.43		
 -2.75   	-146.48   	 32.19   	  25.43		
 -6.71   	-149.23   	 32.29   	  25.43		
 -8.85   	-151.06   	 32.39   	  30.52		
 -8.54   	-151.98   	 32.51   	  20.35		
 -6.71   	-152.28   	 32.59   	  15.26		
 -4.88   	-151.98   	 32.66(A)	   0.00		
 -3.97   	-151.37   	 32.66   	  -5.09		
 -3.05   	-150.76   	 32.63   	 -20.35		
 -1.53   	-150.45   	 32.55   	 -35.61		
  0.00   	-150.15   	 32.41   	 -40.69		
  1.53   	-149.54   	 32.25   	 -45.78		
  2.14   	-148.62   	 32.06   	 -55.95		
  1.22   	-147.40   	 31.84   	 -50.86		
 -0.61   	-146.48   	 31.64   	 -55.95		
 -2.14   	-146.18   	 31.41   	 -50.86		
 -2.14   	-145.87   	 31.21   	 -45.78		
 -1.53   	-145.26   	 31.03   	 -35.61		
 -1.22   	-144.04   	 30.88   	 -35.61		
 -1.83   	-143.13   	 30.74   	 -35.61		
 -3.05   	-142.82   	 30.60   	 -25.43		
 -2.75   	-143.43   	 30.50   	 -25.43		
 -0.92   	-143.43   	 30.40   	 -25.43		
  2.14   	-142.21   	 30.29   	 -25.43		
  4.58   	-139.47   	 30.19   	 -25.43		
  5.80   	-135.80   	 30.09   	 -25.43		
  4.58   	-132.14   	 29.99   	 -25.43		
  2.14   	-129.39   	 29.89   	 -20.35		
 -0.61   	-127.56   	 29.81   	 -25.43		
 -3.36   	-126.04   	 29.70   	 -20.35		
 -6.10   	-124.51   	 29.62   	 -20.35		
 -8.54   	-122.38   	 29.54   	 -20.35		
-10.99   	-119.02   	 29.46   	 -20.35		
-11.90   	-115.05   	 29.38   	 -20.35		
-11.29   	-110.78   	 29.30   	 -25.43		
 -9.16   	-106.20   	 29.20   	 -25.43		
 -6.41   	-101.62   	 29.09   	 -25.43		
 -4.88   	-96.74   	 28.99   	 -25.43		
 -5.19   	-92.16   	 28.89   	 -30.52		
 -8.54   	-88.50   	 28.77   	 -30.52		
-13.73   	-85.75   	 28.65   	 -25.43		
-19.53   	-84.53   	 28.55   	 -25.43		
-23.19   	-83.31   	 28.44   	 -15.26		
-23.80   	-81.79   	 28.38   	 -15.26		
-21.36   	-79.65   	 28.32   	  -5.09		
-18.01   	-77.21   	 28.30   	   0.00		
-16.17   	-75.68   	 28.30   	   5.09		
-15.87   	-75.68   	 28.32   	  10.17		
-16.78   	-76.29   	 28.36   	  15.26		
-18.31   	-76.90   	 28.42   	  15.26		
-19.23   	-76.29   	 28.48   	  15.26		
-19.84   	-74.46   	 28.55   	  15.26		
-19.23   	-71.72   	 28.61   	  15.26		
-17.09   	-68.97   	 28.67   	  15.26		
-13.12   	-67.14   	 28.73   	  15.26		
 -8.54   	-66.53   	 28.79   	  20.35		
 -4.27   	-67.14   	 28.87   	  15.26		
 -0.61   	-67.14   	 28.93   	  20.35		
  3.05   	-65.92   	 29.01   	  15.26		
  7.02   	-63.17   	 29.07   	  25.43		
  9.77   	-60.42   	 29.18   	  20.35		
  8.85   	-59.81   	 29.26   	  25.43		
  3.66   	-62.87   	 29.36   	  25.43		
 -2.75   	-68.97   	 29.46   	  30.52		
 -6.41   	-74.77   	 29.58   	  25.43		
 -4.88   	-78.13   	 29.68   	  25.43		
 -0.31   	-78.13   	 29.79   	  25.43		
  3.66   	-76.60   	 29.89   	  25.43		
  3.97   	-75.99   	 29.99   	  25.43		
  1.83   	-76.90   	 30.09   	  20.35		
  0.00   	-78.43   	 30.17   	  15.26		
  0.31   	-79.65   	 30.23   	  15.26		
  2.75   	-80.26   	 30.29   	   5.09		
  5.49   	-81.79   	 30.32   	  -5.09		
  7.93   	-83.92   	 30.29   	 -10.17		
  9.46   	-86.36   	 30.25   	 -10.17		
 10.38   	-87.89   	 30.21   	   0.00		
  9.77   	-88.81   	 30.21   	  10.17		
  7.32   	-89.11   	 30.25   	  35.61		
  3.66   	-89.42   	 30.40   	  55.95		
  0.00   	-90.03   	 30.62   	  81.38		
 -2.44   	-90.94   	 30.95   	  96.64		
 -3.05   	-91.86   	 31.33   	 106.82		
 -2.14   	-92.47   	 31.76   	 111.90		
  0.31   	-93.08   	 32.21   	 106.82		
  3.66   	-93.08   	 32.63   	  91.56		
  7.02   	-93.69   	 33.00   	  76.30		
  9.46   	-94.91   	 33.31   	  50.86		
 10.99   	-97.05   	 33.51   	  40.69		
 11.29   	-99.18   	 33.67   	  15.26		
 11.29   	-100.40   	 33.73   	  10.17		
 11.90   	-99.79   	 33.77   	  -5.09		
 12.21   	-97.96   	 33.75   	  -5.09		
 11.29   	-96.44   	 33.73   	 -10.17		
  8.54   	-96.44   	 33.69   	  -5.09		
  5.19   	-97.66   	 33.67   	  -5.09		
  3.66   	-99.18   	 33.65   	   0.00		
  4.58   	-100.10   	 33.65   	   5.09		
  7.02   	-100.10   	 33.67   	  10.17		
  8.85   	-100.40   	 33.71   	  20.35		
  9.46   	-100.71   	 33.79   	  15.26		
  9.77   	-101.32   	 33.86   	  25.43		
 10.07   	-101.62   	 33.96   	  20.35		
 11.29   	-101.93   	 34.04   	  20.35		
 12.21   	-101.62   	 34.12   	  15.26		
 10.99   	-101.32   	 34.18   	  10.17		
  7.93   	-99.79   	 34.22   	   5.09		
  5.49   	-97.05   	 34.24   	   0.00		
  4.88   	-93.08   	 34.24(V)	   0.00		
  6.41   	-89.11   	 34.24   	 -10.17		
  8.24   	-86.67   	 34.20   	 -10.17		
  7.63   	-86.98   	 34.16   	 -10.17		
  3.66   	-89.11   	 34.12   	 -10.17		
 -1.83   	-91.25   	 34.08   	 -15.26		
 -4.88   	-90.94   	 34.02   	 -10.17		
 -3.66   	-87.28   	 33.98   	 -15.26		
  0.92   	-82.09   	 33.92   	 -20.35		
  5.49   	-77.82   	 33.84   	 -15.26		
  7.93   	-74.77   	 33.77   	 -20.35		
  7.32   	-73.24   	 33.69   	 -20.35		
  5.19   	-71.41   	 33.61   	 -20.35		
  3.36   	-69.27   	 33.53   	 -25.43		
  2.44   	-67.44   	 33.43   	 -20.35		
  1.83   	-66.83   	 33.35   	 -20.35		
  1.22   	-67.44   	 33.27   	 -20.35		
  0.00   	-68.66   	 33.18   	 -15.26		
 -1.22   	-69.58   	 33.12   	 -20.35		
 -1.22   	-69.58   	 33.04   	 -20.35		
  0.00   	-68.36   	 32.96   	 -20.35		
  1.53   	-66.53   	 32.88   	 -25.43		
  3.05   	-64.70   	 32.78   	 -25.43		
  3.36   	-62.56   	 32.68   	 -25.43		
  2.14   	-60.42   	 32.57   	 -30.52		
 -0.31   	-57.98   	 32.45   	 -30.52		
 -2.75   	-56.15   	 32.33   	 -30.52		
 -4.88   	-55.24   	 32.21   	 -30.52		
 -6.41   	-56.76   	 32.09   	 -25.43		
 -6.71   	-59.51   	 31.98   	 -25.43		
 -5.80   	-62.56   	 31.88   	 -20.35		
 -3.66   	-64.39   	 31.80   	 -20.35		
 -1.22   	-63.48   	 31.72   	 -20.35		
  0.61   	-60.73   	 31.64   	 -15.26		
  0.92   	-57.07   	 31.58   	 -20.35		
 -0.61   	-54.32   	 31.50   	 -15.26		
 -3.36   	-53.71   	 31.43   	 -15.26		
 -5.49   	-54.02   	 31.37   	 -15.26		
 -6.10   	-53.71   	 31.31   	 -20.35		
 -5.19   	-50.66   	 31.23   	 -15.26		
 -3.97   	-44.56   	 31.17   	 -15.26		
 -3.05   	-36.93   	 31.11   	 -15.26		
 -2.14   	-29.30   	 31.05   	 -15.26		
  0.00   	-22.89   	 30.99   	 -10.17		
  5.80   	-16.17   	 30.95   	 -15.26		
 13.73   	 -7.02   	 30.88   	 -15.26		
 20.45   	  4.27   	 30.82   	 -10.17		
 21.06   	 15.87   	 30.78   	 -10.17		
 14.04   	 23.50   	 30.74   	 -15.26		
  2.14   	 24.41   	 30.68   	 -10.17		
 -7.63   	 19.53   	 30.64   	 -10.17		
 -9.77   	 12.82   	 30.60   	 -10.17		
 -3.05   	  8.24   	 30.56   	 -10.17		
  8.24   	  9.16   	 30.52   	 -15.26		
 18.92   	 15.26   	 30.46   	 -15.26		
 25.02   	 24.11   	 30.40   	 -15.26		
 25.94   	 32.35   	 30.34   	 -15.26		
 21.97   	 37.84   	 30.27   	 -20.35		
 15.26   	 39.37   	 30.19   	 -20.35		
  7.93   	 35.71   	 30.11   	 -20.35		
  2.14   	 26.25   	 30.03   	 -25.43		
 -0.31   	 10.99   	 29.93   	 -30.52		
  0.92   	 -7.32   	 29.81   	 -35.61		
  4.58   	-23.50   	 29.66   	 -35.61		
  7.93   	-33.87   	 29.52   	 -40.69		
  8.54   	-37.54   	 29.36   	 -45.78		
  4.88   	-37.84   	 29.18   	 -40.69		
 -1.83   	-38.45   	 29.01   	 -35.61		
-10.07   	-41.50   	 28.87   	 -25.43		
-17.09   	-45.78   	 28.77   	   0.00		
-21.67   	-47.61   	 28.77   	  20.35		
-24.72   	-47.00   	 28.85   	  50.86		
-27.16   	-44.56   	 29.05   	  71.21		
-28.08   	-42.72   	 29.34   	  86.47		
-27.47   	-42.11   	 29.68   	 101.73		
-25.02   	-43.03   	 30.09   	  96.64		
-22.89   	-43.64   	 30.48   	  91.56		
-21.97   	-43.33   	 30.84   	  76.30		
-21.97   	-41.81   	 31.15   	  61.04		
-21.97   	-39.06   	 31.39   	  35.61		
-20.75   	-36.01   	 31.54   	  25.43		
-18.31   	-32.65   	 31.64   	  10.17		
-14.04   	-30.82   	 31.68   	   5.09		
 -7.93   	-32.65   	 31.70   	   0.00		
  3.36   	-41.81   	 31.70   	   0.00		
 25.94   	-60.73   	 31.70   	   5.09		
 68.36   	-86.67   	 31.72   	  10.17		
138.24   	-112.61   	 31.76   	  15.26		
236.82   	-130.31   	 31.82   	  10.17		
355.22   	-132.45   	 31.86   	  15.26		
476.38   	-117.80   	 31.92   	  10.17		
581.05   	-84.23   	 31.96   	  10.17		
644.23   	-24.41   	 32.00   	   5.09		
635.07   	 71.11   	 32.02   	   0.00		
525.51   	212.40   	 32.02   	   5.09		
307.01   	404.36   	 32.04   	  10.17		
  1.83   	639.34   	 32.09   	  10.17		
-330.51   	895.69   	 32.13   	  15.26		
-613.71   	1136.78   	 32.19   	  55.95		
-823.36   	1365.66(R)	 32.41   	  35.61		
-723.57   	1264.34   	 32.55   	  35.61		
-528.56   	1017.76   	 32.70   	  40.69		
-301.21   	683.90   	 32.86   	  35.61		
-110.47   	349.73   	 33.00   	  30.52		
 -2.44   	 92.77   	 33.12   	  25.43		
 18.62   	-53.10   	 33.22   	  15.26		
-12.82   	-104.37   	 33.29   	  15.26		
-50.35   	-105.59   	 33.35   	  10.17		
-65.61   	-98.27   	 33.39   	   5.09		
-59.51   	-101.32   	 33.41   	   5.09		
-45.78   	-112.61   	 33.43   	  10.17		
-36.32   	-122.38   	 33.47   	  15.26		
-32.65   	-124.51   	 33.53   	  20.35		
-32.04   	-120.85   	 33.61   	  20.35		
-31.13   	-116.27   	 33.69   	  30.52		
-29.60   	-113.83   	 33.81   	  30.52		
-28.38   	-114.14   	 33.94   	  35.61		
-28.08   	-116.27   	 34.08   	  35.61		
-28.08   	-118.41   	 34.22   	  35.61		
-29.30   	-119.63   	 34.36   	  35.61		
-30.82   	-119.63   	 34.51   	  30.52		
-31.74   	-118.71   	 34.63   	  25.43		
-31.13   	-117.19   	 34.73   	  10.17		
-29.60   	-115.05   	 34.77(A)	   0.00		
-27.47   	-112.92   	 34.77   	 -10.17		
-25.02   	-112.00   	 34.73   	 -20.35		
-22.28   	-112.00   	 34.65   	 -25.43		
-19.84   	-113.22   	 34.55   	 -30.52		
-18.62   	-114.44   	 34.43   	 -30.52		
-19.23   	-115.36   	 34.30   	 -30.52		
-21.36   	-115.36   	 34.18   	 -20.35		
-23.80   	-114.75   	 34.10   	 -20.35		
-25.33   	-113.53   	 34.02   	 -20.35		
-25.33   	-112.30   	 33.94   	 -20.35		
-24.11   	-111.69   	 33.86   	 -30.52		
-22.89   	-111.69   	 33.73   	 -40.69		
-21.97   	-111.69   	 33.57   	 -45.78		
-21.36   	-112.30   	 33.39   	 -55.95		
-21.67   	-113.53   	 33.16   	 -61.04		
-22.58   	-115.36   	 32.92   	 -66.12		
-24.72   	-117.80   	 32.66   	 -61.04		
-27.16   	-119.02   	 32.41   	 -61.04		
-28.38   	-118.71   	 32.17   	 -55.95		
-27.47   	-116.88   	 31.94   	 -45.78		
-25.02   	-114.14   	 31.76   	 -35.61		
-22.58   	-111.08   	 31.62   	 -30.52		
-21.36   	-107.42   	 31.50   	 -30.52		
-21.06   	-103.15   	 31.37   	 -20.35		
-21.67   	-99.49   	 31.29   	 -25.43		
-22.58   	-97.05   	 31.19   	 -30.52		
-22.89   	-95.83   	 31.07   	 -25.43		
-22.28   	-94.60   	 30.97   	 -30.52		
-21.06   	-92.16   	 30.84   	 -30.52		
-19.84   	-87.28   	 30.72   	 -35.61		
-18.92   	-80.87   	 30.58   	 -30.52		
-19.84   	-74.16   	 30.46   	 -35.61		
-22.58   	-68.66   	 30.32   	 -35.61		
-27.16   	-64.39   	 30.17   	 -35.61		
-31.43   	-61.65   	 30.03   	 -40.69		
-33.57   	-59.51   	 29.87   	 -45.78		
-33.26   	-56.76   	 29.68   	 -45.78		
-31.43   	-52.80   	 29.50   	 -50.86		
-30.82   	-47.61   	 29.30   	 -55.95		
-33.87   	-42.42   	 29.07   	 -55.95		
-39.06   	-37.84   	 28.85   	 -61.04		
-44.56   	-34.79   	 28.61   	 -61.04		
-47.30   	-33.57   	 28.36   	 -61.04		
-47.00   	-33.57   	 28.12   	 -61.04		
-45.17   	-32.65   	 27.87   	 -55.95		
-43.03   	-29.30   	 27.65   	 -55.95		
-40.28   	-22.58   	 27.43   	 -50.86		
-36.93   	-14.34   	 27.22   	 -50.86		
-32.35   	 -6.41   	 27.02   	 -50.86		
-27.16   	 -1.22   	 26.82   	 -40.69		
-22.89   	  1.53   	 26.65   	 -40.69		
-20.45   	  2.75   	 26.49   	 -40.69		
-19.53   	  4.88   	 26.33   	 -40.69		
-18.92   	  7.93   	 26.16   	 -30.52		
-16.17   	 11.90   	 26.04   	 -35.61		
-11.60   	 15.26   	 25.90   	 -30.52		
 -6.41   	 16.78   	 25.78   	 -30.52		
 -3.66   	 16.48   	 25.66   	 -30.52		
 -4.58   	 13.73   	 25.53   	 -20.35		
 -8.24   	 10.38   	 25.45   	 -25.43		
-11.29   	  7.63   	 25.35   	 -20.35		
-10.99   	  6.41   	 25.27   	 -15.26		
 -7.93   	  6.71   	 25.21   	 -20.35		
 -3.97   	  7.02   	 25.13   	 -10.17		
 -1.83   	  5.49   	 25.09   	 -10.17		
 -1.83   	  2.14   	 25.05   	 -10.17		
 -3.05   	 -1.53   	 25.00   	 -10.17		
 -3.97   	 -4.27   	 24.96   	 -15.26		
 -5.19   	 -6.41   	 24.90   	 -15.26		
 -7.63   	 -8.85   	 24.84   	 -25.43		
-10.68   	-11.60   	 24.74   	 -30.52		
-13.12   	-14.34   	 24.62   	 -35.61		
-12.82   	-15.87   	 24.48   	 -35.61		
 -9.46   	-15.26   	 24.33   	 -25.43		
 -5.49   	-13.73   	 24.23   	 -15.26		
 -2.75   	-13.73   	 24.17   	   0.00		
 -2.44   	-15.87   	 24.17   	  15.26		
 -2.75   	-20.14   	 24.23   	  30.52		
 -3.05   	-25.33   	 24.35   	  40.69		
 -3.36   	-29.30   	 24.52   	  45.78		
 -3.97   	-30.21   	 24.70   	  45.78		
 -5.49   	-28.38   	 24.88   	  45.78		
 -7.63   	-25.02   	 25.07   	  35.61		
 -7.93   	-22.28   	 25.21   	  25.43		
 -5.80   	-21.97   	 25.31   	  15.26		
 -2.14   	-24.41   	 25.37   	   5.09		
  0.61   	-28.38   	 25.39(V)	   0.00		
  1.53   	-32.35   	 25.39   	 -10.17		
  0.31   	-35.40   	 25.35   	  -5.09		
 -2.14   	-37.84   	 25.33   	 -15.26		
 -4.27   	-39.37   	 25.27   	 -15.26		
 -4.88   	-40.89   	 25.21   	 -15.26		
 -3.66   	-42.72   	 25.15   	 -25.43		
 -1.22   	-44.25   	 25.05   	 -30.52		
  0.92   	-45.17   	 24.92   	 -40.69		
  2.14   	-45.17   	 24.76   	 -40.69		
  0.92   	-45.17   	 24.60   	 -45.78		
 -1.83   	-45.47   	 24.41   	 -45.78		
 -5.19   	-47.00   	 24.23   	 -40.69		
 -8.24   	-48.52   	 24.07   	 -30.52		
-10.07   	-49.44   	 23.95   	 -25.43		
-10.38   	-49.44   	 23.85   	 -10.17		
 -8.24   	-48.52   	 23.80   	   0.00		
 -3.66   	-48.52   	 23.80   	   5.09		
  1.53   	-50.05   	 23.82   	  10.17		
  4.27   	-52.19   	 23.87   	  10.17		
  3.05   	-54.02   	 23.91   	   5.09		
 -0.31   	-53.71   	 23.93   	   0.00		
 -3.97   	-51.27   	 23.93   	 -15.26		
 -6.71   	-48.83   	 23.87   	 -30.52		
 -8.54   	-49.13   	 23.74   	 -40.69		
-10.38   	-51.88   	 23.58   	 -50.86		
-10.99   	-55.54   	 23.38   	 -61.04		
-10.07   	-57.07   	 23.13   	 -66.12		
 -7.63   	-54.63   	 22.87   	 -66.12		
 -4.88   	-50.05   	 22.60   	 -71.21		
 -3.97   	-46.08   	 22.32   	 -61.04		
 -3.66   	-44.86   	 22.08   	 -61.04		
 -3.66   	-44.86   	 21.83   	 -55.95		
 -3.97   	-44.56   	 21.61   	 -50.86		
 -4.88   	-42.11   	 21.40   	 -50.86		
 -7.02   	-39.06   	 21.20   	 -50.86		
 -9.16   	-36.93   	 21.00   	 -50.86		
-10.38   	-37.54   	 20.79   	 -45.78		
-10.68   	-40.28   	 20.61   	 -45.78		
-10.99   	-42.72   	 20.43   	 -45.78		
-12.21   	-45.17   	 20.24   	 -45.78		
-13.73   	-46.69   	 20.06   	 -45.78		
-13.43   	-47.30   	 19.88   	 -40.69		
-11.60   	-47.30   	 19.72   	 -40.69		
 -9.46   	-46.39   	 19.55   	 -35.61		
 -7.93   	-43.95   	 19.41   	 -40.69		
 -7.63   	-41.20   	 19.25   	 -35.61		
 -7.63   	-39.37   	 19.10   	 -30.52		
 -7.93   	-38.76   	 18.98   	 -30.52		
 -8.85   	-40.28   	 18.86   	 -25.43		
-10.99   	-44.25   	 18.76   	 -25.43		
-12.51   	-50.05   	 18.66   	 -20.35		
-12.21   	-54.63   	 18.58   	 -15.26		
 -9.16   	-55.24   	 18.51   	 -15.26		
 -5.80   	-50.96   	 18.45   	 -15.26		
 -4.27   	-43.95   	 18.39   	 -10.17		
 -4.88   	-39.67   	 18.35   	  -5.09		
 -6.71   	-40.28   	 18.33   	  -5.09		
 -7.32   	-44.25   	 18.31   	  -5.09		
 -5.49   	-45.78   	 18.29   	  -5.09		
 -2.75   	-41.20   	 18.27   	  -5.09		
 -0.61   	-32.04   	 18.25   	   0.00		
 -0.92   	-24.72   	 18.25   	   0.00		
 -2.14   	-22.28   	 18.25   	   0.00		
 -2.44   	-23.50   	 18.25   	   0.00		
  0.00   	-21.06   	 18.25   	   0.00		
  5.49   	-10.38   	 18.25   	   0.00		
 11.90   	  4.58   	 18.25   	   0.00		
 14.34   	 15.26   	 18.25   	   0.00		
 12.21   	 14.65   	 18.25   	   0.00		
  6.71   	  4.58   	 18.25   	   0.00		
  2.44   	 -6.41   	 18.25   	  -5.09		
  3.97   	 -7.93   	 18.23   	   5.09		
 11.60   	  1.22   	 18.25   	   0.00		
 20.45   	 14.65   	 18.25   	   5.09		
 24.72   	 23.50   	 18.27   	  10.17		
 21.67   	 24.72   	 18.31   	  10.17		
 13.43   	 20.75   	 18.35   	  15.26		
  4.88   	 16.78   	 18.41   	  20.35		
  1.22   	 14.65   	 18.49   	  15.26		
  3.66   	 11.60   	 18.56   	  10.17		
  9.46   	  2.44   	 18.60   	   5.09		
 13.43   	-14.34   	 18.62   	  -5.09		
 13.73   	-34.18   	 18.60   	 -25.43		
 10.38   	-51.57   	 18.49   	 -35.61		
  4.58   	-63.48   	 18.35   	 -50.86		
 -2.75   	-71.11   	 18.15   	 -61.04		
-10.68   	-77.21   	 17.90   	 -61.04		
-19.23   	-82.70   	 17.66   	 -55.95		
-25.94   	-84.53   	 17.44   	 -35.61		
-28.08   	-80.57   	 17.29   	 -10.17		
-25.63   	-73.24   	 17.25   	  15.26		
-21.06   	-67.75   	 17.31   	  40.69		
-17.40   	-68.97   	 17.48   	  66.12		
-16.78   	-75.07   	 17.74   	  71.21		
-18.31   	-80.87   	 18.03   	  71.21		
-18.62   	-80.87   	 18.31   	  61.04		
-16.48   	-75.68   	 18.56   	  35.61		
-11.90   	-70.19   	 18.70   	   5.09		
 -7.32   	-67.14   	 18.72   	 -15.26		
 -6.10   	-67.14   	 18.66   	 -40.69		
 -9.77   	-68.66   	 18.49   	 -55.95		
-14.95   	-71.41   	 18.27   	 -55.95		
-16.48   	-78.13   	 18.05   	 -50.86		
 -6.41   	-93.99   	 17.84   	 -30.52		
 22.89   	-119.63   	 17.72   	  -5.09		
 78.43   	-148.01   	 17.70   	  15.26		
164.18   	-170.29   	 17.76   	  40.69		
276.79   	-179.14   	 17.92   	  50.86		
403.14   	-170.59   	 18.13   	  66.12		
521.24   	-144.96   	 18.39   	  66.12		
607.91   	-98.57   	 18.66   	  61.04		
638.43   	-21.67   	 18.90   	  55.95		
584.11   	 96.74   	 19.13   	  35.61		
423.28   	263.98   	 19.27   	  30.52		
156.25   	478.82   	 19.39   	  15.26		
-183.11   	729.06   	 19.45   	  15.26		
-524.60   	989.69   	 19.51   	  25.43		
-924.68   	1386.41   	 19.61   	  20.35		
-914.00   	1420.59(R)	 19.69   	  20.35		
-776.98   	1296.69   	 19.78   	  25.43		
-558.17   	1025.39   	 19.88   	  30.52		
-319.21   	666.81   	 20.00   	  25.43		
-121.77   	311.89   	 20.10   	  25.43		
 -8.54   	 42.11   	 20.20   	  20.35		
 16.78   	-106.81   	 20.28   	  10.17		
-11.60   	-153.81   	 20.33   	   0.00		
-46.69   	-147.09   	 20.33   	   0.00		
-59.51   	-133.06   	 20.33   	 -10.17		
-48.83   	-133.36   	 20.28   	 -10.17		
-32.04   	-146.18   	 20.24   	   0.00		
-22.58   	-160.83   	 20.24   	   0.00		
-22.28   	-168.15   	 20.24   	  10.17		
-24.11   	-167.85   	 20.28   	  20.35		
-22.89   	-163.27   	 20.37   	  20.35		
-17.40   	-158.39   	 20.45   	  25.43		
-11.60   	-156.56   	 20.55   	  20.35		
 -8.85   	-157.47   	 20.63   	   5.09		
-10.68   	-159.61   	 20.65(A)	 -10.17		
-14.34   	-159.61   	 20.61   	 -25.43		
-16.78   	-156.56   	 20.51   	 -40.69		
-16.17   	-151.98   	 20.35   	 -45.78		
-13.12   	-148.32   	 20.16   	 -55.95		
 -9.16   	-146.18   	 19.94   	 -50.86		
 -6.10   	-144.96   	 19.74   	 -35.61		
 -4.27   	-143.74   	 19.59   	 -25.43		
 -3.97   	-143.13   	 19.49   	 -10.17		
 -5.19   	-143.74   	 19.45   	  10.17		
 -7.32   	-146.18   	 19.49   	  20.35		
 -8.24   	-149.23   	 19.57   	  20.35		
 -7.63   	-151.37   	 19.65   	  30.52		
 -5.49   	-152.28   	 19.78   	  20.35		
 -4.27   	-152.28   	 19.86   	  20.35		
 -5.49   	-152.28   	 19.94   	  10.17		
 -7.02   	-152.59   	 19.98   	   5.09		
 -7.02   	-152.28   	 20.00   	   0.00		
 -5.19   	-151.67   	 20.00   	   5.09		
 -3.05   	-151.06   	 20.02   	   0.00		
 -1.83   	-151.67   	 20.02   	  10.17		
 -2.44   	-153.50   	 20.06   	  10.17		
 -3.36   	-156.25   	 20.10   	  10.17		
 -3.66   	-158.69   	 20.14   	  15.26		
 -3.36   	-160.22   	 20.20   	  15.26		
 -2.14   	-161.44   	 20.26   	  10.17		
 -0.61   	-162.96   	 20.31   	  10.17		
  0.92   	-165.41   	 20.35   	   0.00		
  1.53   	-168.15   	 20.35   	  -5.09		
  0.31   	-170.59   	 20.33   	  -5.09		
 -1.53   	-170.90   	 20.31   	 -10.17		
 -3.05   	-168.46   	 20.26   	 -15.26		
 -2.75   	-163.88   	 20.20   	 -10.17		
 -0.92   	-158.69   	 20.16   	 -10.17		
  0.00   	-154.42   	 20.12   	 -10.17		
 -0.61   	-151.67   	 20.08   	  -5.09		
 -2.14   	-149.23   	 20.06   	   0.00		
 -2.75   	-145.57   	 20.06   	  -5.09		
 -2.44   	-140.99   	 20.04   	   5.09		
 -2.44   	-137.02   	 20.06   	   0.00		
 -4.27   	-134.58   	 20.06   	  10.17		
 -7.02   	-133.06   	 20.10   	   5.09		
 -9.46   	-131.53   	 20.12   	  10.17		
 -9.46   	-128.48   	 20.16   	  10.17		
 -7.32   	-123.60   	 20.20   	  20.35		
 -5.49   	-118.10   	 20.28   	  20.35		
 -4.88   	-113.22   	 20.37   	  25.43		
 -5.80   	-109.56   	 20.47   	  30.52		
 -7.02   	-105.90   	 20.59   	  40.69		
 -8.24   	-102.23   	 20.75   	  40.69		
 -9.16   	-97.96   	 20.92   	  50.86		
 -9.46   	-93.69   	 21.12   	  50.86		
-10.07   	-89.72   	 21.32   	  55.95		
-10.07   	-86.06   	 21.55   	  55.95		
 -9.46   	-81.79   	 21.77   	  55.95		
 -7.32   	-75.38   	 21.99   	  55.95		
 -3.66   	-66.83   	 22.22   	  61.04		
  1.22   	-57.68   	 22.46   	  61.04		
  6.71   	-49.74   	 22.71   	  61.04		
 11.29   	-43.95   	 22.95   	  61.04		
 14.04   	-40.28   	 23.19   	  66.12		
 15.56   	-38.15   	 23.46   	  71.21		
 15.56   	-37.23   	 23.74   	  71.21		
 14.65   	-37.23   	 24.03   	  71.21		
 13.12   	-38.45   	 24.31   	  76.30		
 12.21   	-39.98   	 24.62   	  81.38		
 12.21   	-41.20   	 24.94   	  76.30		
 13.43   	-42.42   	 25.25   	  81.38		
 14.95   	-43.95   	 25.57   	  76.30		
 14.95   	-45.78   	 25.88   	  81.38		
 13.12   	-47.91   	 26.21   	  71.21		
 10.38   	-49.13   	 26.49   	  76.30		
  8.24   	-49.44   	 26.80   	  66.12		
  7.32   	-48.22   	 27.06   	  66.12		
  7.63   	-46.39   	 27.32   	  55.95		
  8.54   	-43.95   	 27.55   	  50.86		
  8.54   	-41.81   	 27.75   	  40.69		
  7.63   	-40.89   	 27.91   	  35.61		
  6.41   	-41.20   	 28.06   	  40.69		
  5.80   	-43.03   	 28.22   	  50.86		
  6.41   	-45.17   	 28.42   	  55.95		
  8.54   	-47.00   	 28.65   	  71.21		
 10.68   	-47.61   	 28.93   	  81.38		
 12.51   	-47.30   	 29.26   	  96.64		
 13.73   	-46.08   	 29.64   	 106.82		
 14.65   	-44.25   	 30.07   	 106.82		
 15.26   	-42.42   	 30.50   	 101.73		
 15.56   	-41.50   	 30.91   	  91.56		
 14.95   	-42.11   	 31.27   	  81.38		
 13.12   	-43.03   	 31.60   	  61.04		
 11.29   	-43.33   	 31.84   	  45.78		
 10.68   	-42.72   	 32.02   	  30.52		
 11.90   	-41.81   	 32.15   	  25.43		
 13.73   	-41.81   	 32.25   	  20.35		
 14.95   	-42.42   	 32.33   	  25.43		
 15.56   	-43.33   	 32.43   	  30.52		
 15.87   	-43.33   	 32.55   	  40.69		
 17.09   	-42.11   	 32.72   	  40.69		
 19.23   	-39.67   	 32.88   	  45.78		
 20.45   	-38.45   	 33.06   	  35.61		
 19.53   	-39.37   	 33.20   	  30.52		
 16.48   	-41.81   	 33.33   	  20.35		
 13.12   	-44.86   	 33.41   	   5.09		
 11.29   	-46.39   	 33.43(V)	 -10.17		
 12.51   	-46.08   	 33.39   	 -15.26		
 14.95   	-45.78   	 33.33   	 -20.35		
 16.78   	-46.69   	 33.25   	 -20.35		
 15.87   	-49.13   	 33.16   	 -20.35		
 13.73   	-51.88   	 33.08   	 -10.17		
 11.60   	-53.10   	 33.04   	 -10.17		
 10.99   	-52.19   	 33.00   	   0.00		
 11.60   	-50.05   	 33.00   	   0.00		
 12.51   	-48.52   	 33.00   	   5.09		
 13.43   	-49.13   	 33.02   	   0.00		
 13.73   	-51.88   	 33.02   	  -5.09		
 13.43   	-55.54   	 33.00   	  -5.09		
 12.51   	-59.51   	 32.98   	 -15.26		
 10.68   	-61.95   	 32.92   	 -15.26		
  9.16   	-62.87   	 32.86   	 -20.35		
  8.85   	-62.26   	 32.78   	 -25.43		
 10.07   	-60.73   	 32.68   	 -25.43		
 12.21   	-58.90   	 32.57   	 -25.43		
 13.12   	-57.07   	 32.47   	 -25.43		
 12.82   	-55.24   	 32.37   	 -25.43		
 11.90   	-54.02   	 32.27   	 -20.35		
 11.90   	-52.80   	 32.19   	 -20.35		
 12.82   	-52.49   	 32.11   	 -25.43		
 12.21   	-53.10   	 32.00   	 -25.43		
  9.77   	-54.63   	 31.90   	 -30.52		
  5.80   	-55.24   	 31.78   	 -30.52		
  3.36   	-54.63   	 31.66   	 -30.52		
  4.27   	-52.80   	 31.54   	 -35.61		
  7.93   	-51.57   	 31.39   	 -40.69		
 11.60   	-51.57   	 31.23   	 -35.61		
 12.51   	-53.10   	 31.09   	 -35.61		
 10.38   	-54.02   	 30.95   	 -35.61		
  7.63   	-53.41   	 30.80   	 -35.61		
  6.41   	-50.96   	 30.66   	 -30.52		
  6.71   	-48.83   	 30.54   	 -25.43		
  7.63   	-49.13   	 30.44   	 -25.43		
  6.71   	-51.88   	 30.34   	 -25.43		
  3.66   	-55.54   	 30.23   	 -20.35		
  0.61   	-57.37   	 30.15   	 -25.43		
  0.00   	-56.15   	 30.05   	 -20.35		
  2.75   	-52.80   	 29.97   	 -25.43		
  6.41   	-49.13   	 29.87   	 -25.43		
  8.24   	-47.00   	 29.77   	 -20.35		
  7.32   	-45.78   	 29.68   	 -20.35		
  5.80   	-43.95   	 29.60   	 -20.35		
  6.10   	-39.67   	 29.52   	 -20.35		
  8.85   	-33.57   	 29.44   	 -20.35		
 11.29   	-27.77   	 29.36   	 -15.26		
 11.29   	-24.11   	 29.30   	 -15.26		
  8.54   	-22.89   	 29.24   	 -15.26		
  4.58   	-21.97   	 29.18   	 -15.26		
  3.05   	-18.31   	 29.11   	 -10.17		
  6.41   	-10.38   	 29.07   	 -15.26		
 12.82   	  1.22   	 29.01   	 -10.17		
 20.14   	 14.04   	 28.97   	 -15.26		
 25.02   	 25.94   	 28.91   	 -10.17		
 25.33   	 34.18   	 28.87   	 -10.17		
 21.36   	 37.54   	 28.83   	 -10.17		
 14.65   	 35.40   	 28.79   	  -5.09		
  9.46   	 29.91   	 28.77   	 -10.17		
  8.85   	 24.72   	 28.73   	 -10.17		
 13.43   	 23.19   	 28.69   	 -10.17		
 21.06   	 26.86   	 28.65   	  -5.09		
 28.08   	 34.18   	 28.63   	 -10.17		
 31.74   	 42.11   	 28.59   	 -10.17		
 31.74   	 49.74   	 28.55   	 -10.17		
 29.60   	 54.63   	 28.50   	 -10.17		
 25.94   	 54.32   	 28.46   	 -15.26		
 21.06   	 45.78   	 28.40   	 -15.26		
 15.87   	 28.99   	 28.34   	 -20.35		
 11.90   	  7.32   	 28.26   	 -25.43		
 11.29   	-11.60   	 28.16   	 -35.61		
 15.26   	-22.89   	 28.02   	 -40.69		
 19.53   	-27.47   	 27.85   	 -50.86		
 18.62   	-30.21   	 27.65   	 -61.04		
 10.68   	-35.10   	 27.41   	 -66.12		
 -2.75   	-43.03   	 27.14   	 -66.12		
-14.95   	-49.74   	 26.88   	 -50.86		
-19.53   	-50.96   	 26.67   	 -30.52		
-15.87   	-46.69   	 26.55   	   5.09		
 -9.16   	-40.28   	 26.57   	  35.61		
 -4.58   	-36.01   	 26.71   	  76.30		
 -5.19   	-35.10   	 27.02   	 106.82		
 -8.24   	-35.71   	 27.45   	 127.16		
-10.38   	-35.40   	 27.96   	 132.25		
-10.99   	-33.87   	 28.48   	 122.07		
-10.68   	-31.74   	 28.97   	 106.82		
-12.21   	-29.30   	 29.40   	  76.30		
-14.34   	-27.77   	 29.70   	  45.78		
-15.26   	-25.94   	 29.89   	  15.26		
-12.21   	-24.72   	 29.95   	  -5.09		
 -5.19   	-25.94   	 29.93   	 -15.26		
  6.71   	-33.57   	 29.87   	 -25.43		
 26.55   	-50.35   	 29.77   	 -20.35		
 62.56   	-75.07   	 29.68   	 -15.26		
124.82   	-101.32   	 29.62   	   0.00		
218.51   	-120.54   	 29.62   	  15.26		
336.91   	-125.43   	 29.68   	  15.26		
463.56   	-113.22   	 29.75   	  25.43		
575.56   	-81.48   	 29.85   	  25.43		
648.80   	-24.41   	 29.95   	  20.35		
653.08   	 65.92   	 30.03   	  10.17		
559.69   	199.28   	 30.07   	  10.17		
355.83   	381.47   	 30.11   	   0.00		
 58.29   	608.83   	 30.11   	   5.09		
-278.93   	863.34   	 30.13   	   0.00		
-579.22   	1111.76   	 30.13   	  20.35		
-837.71   	1390.38(R)	 30.21   	  25.43		
-760.50   	1323.55   	 30.32   	  30.52		
-578.00   	1105.35   	 30.44   	  40.69		
-348.82   	783.69   	 30.60   	  35.61		
-141.60   	441.59   	 30.74   	  40.69		
-10.38   	160.83   	 30.91   	  30.52		
 28.69   	-14.34   	 31.03   	  25.43		
  1.83   	-89.72   	 31.13   	  15.26		
-42.11   	-104.06   	 31.19   	  10.17		
-64.70   	-99.49   	 31.23   	  10.17		
-58.29   	-98.88   	 31.27   	   5.09		
-38.76   	-105.90   	 31.29   	  10.17		
-23.50   	-112.92   	 31.33   	  15.26		
-18.92   	-115.05   	 31.39   	  30.52		
-20.75   	-112.30   	 31.52   	  35.61		
-22.58   	-109.25   	 31.66   	  40.69		
-21.97   	-108.64   	 31.82   	  45.78		
-21.06   	-111.69   	 32.00   	  40.69		
-22.58   	-116.27   	 32.17   	  40.69		
-25.02   	-119.93   	 32.33   	  30.52		
-27.47   	-121.15   	 32.45   	  20.35		
-27.77   	-120.85   	 32.53   	   5.09		
-25.94   	-120.24   	 32.55(A)	 -10.17		
-22.89   	-120.85   	 32.51   	 -20.35		
-21.06   	-121.77   	 32.43   	 -20.35		
-20.75   	-122.07   	 32.35   	 -25.43		
-21.67   	-121.15   	 32.25   	 -25.43		
-22.89   	-120.54   	 32.15   	 -15.26		
-23.19   	-121.46   	 32.09   	  -5.09		
-22.58   	-123.60   	 32.06   	   0.00		
-20.75   	-125.73   	 32.06   	   0.00		
-18.31   	-126.95   	 32.06   	   5.09		
-15.56   	-126.95   	 32.09   	   0.00		
-12.51   	-126.04   	 32.09   	 -10.17		
-10.07   	-125.43   	 32.04   	 -20.35		
 -9.16   	-126.34   	 31.96   	 -35.61		
-10.07   	-129.09   	 31.82   	 -40.69		
-12.51   	-133.06   	 31.66   	 -50.86		
-15.26   	-136.72   	 31.45   	 -55.95		
-17.40   	-139.16   	 31.23   	 -55.95		
-19.23   	-140.38   	 31.01   	 -45.78		
-20.45   	-140.69   	 30.82   	 -45.78		
-20.14   	-140.69   	 30.64   	 -35.61		
-18.01   	-140.38   	 30.50   	 -30.52		
-14.04   	-139.47   	 30.38   	 -20.35		
 -9.77   	-137.94   	 30.29   	 -20.35		
 -7.93   	-136.72   	 30.21   	 -10.17		
 -8.54   	-136.72   	 30.17   	  -5.09		
 -9.77   	-137.63   	 30.15   	  -5.09		
 -9.46   	-138.85   	 30.13   	  -5.09		
 -7.93   	-139.47   	 30.11   	   0.00		
 -7.32   	-139.77   	 30.11   	  -5.09		
-10.68   	-141.30   	 30.09   	  -5.09		
-16.78   	-143.74   	 30.07   	  -5.09		
-23.19   	-146.79   	 30.05   	 -10.17		
-26.25   	-148.93   	 30.01   	  -5.09		
-25.33   	-148.62   	 29.99   	 -15.26		
-21.97   	-146.18   	 29.93   	 -15.26		
-19.84   	-142.21   	 29.87   	 -15.26		
-20.14   	-138.55   	 29.81   	 -20.35		
-22.58   	-135.80   	 29.73   	 -20.35		
-25.63   	-133.36   	 29.64   	 -25.43		
-28.38   	-131.23   	 29.54   	 -25.43		
-29.60   	-128.17   	 29.44   	 -20.35		
-29.60   	-124.82   	 29.36   	 -25.43		
-29.60   	-121.46   	 29.26   	 -15.26		
-30.21   	-118.71   	 29.20   	 -10.17		
-32.04   	-116.58   	 29.16   	 -10.17		
-34.18   	-114.75   	 29.11   	  -5.09		
-35.10   	-112.30   	 29.09   	   5.09		
-34.48   	-108.34   	 29.11   	   5.09		
-32.04   	-103.15   	 29.14   	   5.09		
-29.30   	-97.66   	 29.16   	  10.17		
-27.47   	-93.08   	 29.20   	  15.26		
-26.55   	-90.94   	 29.26   	  10.17		
-25.63   	-90.03   	 29.30   	  15.26		
-23.80   	-89.72   	 29.36   	  15.26		
-19.53   	-87.89   	 29.42   	  15.26		
-12.51   	-83.92   	 29.48   	  20.35		
 -5.19   	-78.74   	 29.56   	  20.35		
 -0.92   	-75.07   	 29.64   	  20.35		
 -1.22   	-73.55   	 29.73   	  25.43		
 -5.19   	-74.46   	 29.83   	  25.43		
 -9.77   	-75.99   	 29.93   	  25.43		
-12.21   	-76.60   	 30.03   	  25.43		
-10.99   	-75.07   	 30.13   	  25.43		
 -7.32   	-72.63   	 30.23   	  25.43		
 -3.97   	-71.11   	 30.34   	  25.43		
 -2.44   	-71.72   	 30.44   	  20.35		
 -3.66   	-74.16   	 30.52   	  20.35		
 -7.02   	-76.90   	 30.60   	  20.35		
-10.38   	-79.04   	 30.68   	  20.35		
-11.60   	-79.35   	 30.76   	  15.26		
 -9.77   	-78.13   	 30.82   	  10.17		
 -6.71   	-76.29   	 30.86   	   0.00		
 -4.58   	-74.46   	 30.86   	   0.00		
 -4.58   	-73.55   	 30.86   	  -5.09		
 -6.41   	-74.46   	 30.84   	   0.00		
 -9.46   	-76.29   	 30.84   	  10.17		
-11.90   	-78.43   	 30.88   	  20.35		
-13.43   	-79.65   	 30.97   	  45.78		
-14.34   	-79.04   	 31.15   	  66.12		
-15.26   	-77.21   	 31.41   	  81.38		
-15.26   	-75.07   	 31.74   	  91.56		
-14.04   	-73.55   	 32.11   	 101.73		
-11.90   	-73.85   	 32.51   	 101.73		
-10.38   	-74.77   	 32.92   	  91.56		
-10.68   	-75.38   	 33.29   	  81.38		
-12.82   	-74.77   	 33.61   	  66.12		
-14.65   	-72.94   	 33.88   	  50.86		
-13.73   	-71.11   	 34.08   	  35.61		
-10.38   	-70.19   	 34.22   	  20.35		
 -6.10   	-69.89   	 34.30   	  10.17		
 -3.36   	-69.89   	 34.34   	   0.00		
 -2.75   	-69.89   	 34.34   	  -5.09		
 -3.97   	-69.27   	 34.32   	  -5.09		
 -5.19   	-68.66   	 34.30   	  -5.09		
 -5.80   	-68.36   	 34.28   	  -5.09		
 -5.49   	-68.36   	 34.26   	   0.00		
 -5.19   	-68.05   	 34.26   	   5.09		
 -5.19   	-67.75   	 34.28   	  10.17		
 -5.80   	-67.75   	 34.32   	  10.17		
 -7.02   	-68.05   	 34.36   	  15.26		
 -8.85   	-69.27   	 34.43   	  20.35		
-10.07   	-70.19   	 34.51   	  15.26		
 -9.77   	-70.50   	 34.57   	  15.26		
 -7.93   	-69.58   	 34.63   	  15.26		
 -6.41   	-67.75   	 34.69   	  15.26		
 -6.71   	-66.22   	 34.75   	  10.17		
 -8.24   	-64.70   	 34.79   	  10.17		
-10.68   	-63.78   	 34.83   	   5.09		
-12.21   	-62.87   	 34.85   	  10.17		
-12.21   	-62.56   	 34.89   	   5.09		
-10.99   	-63.17   	 34.91(V)	   0.00		
 -9.46   	-64.39   	 34.91   	  -5.09		
 -8.54   	-65.00   	 34.89   	  -5.09		
 -7.93   	-64.39   	 34.87   	 -15.26		
 -7.63   	-62.87   	 34.81   	 -15.26		
 -8.24   	-60.73   	 34.75   	 -20.35		
 -9.16   	-59.20   	 34.67   	 -25.43		
 -9.77   	-57.68   	 34.57   	 -30.52		
 -8.85   	-55.24   	 34.45   	 -30.52		
 -6.41   	-51.57   	 34.32   	 -30.52		
 -3.66   	-47.00   	 34.20   	 -25.43		
 -2.44   	-43.03   	 34.10   	 -30.52		
 -3.66   	-39.37   	 33.98   	 -20.35		
 -5.49   	-36.01   	 33.90   	 -25.43		
 -7.02   	-32.96   	 33.79   	 -20.35		
 -7.93   	-30.52   	 33.71   	 -20.35		
 -9.16   	-28.99   	 33.63   	 -20.35		
-10.07   	-28.38   	 33.55   	 -20.35		
 -9.77   	-27.47   	 33.47   	 -25.43		
 -7.63   	-25.63   	 33.37   	 -30.52		
 -5.19   	-23.80   	 33.25   	 -30.52		
 -5.19   	-24.11   	 33.12   	 -30.52		
 -7.93   	-26.86   	 33.00   	 -35.61		
-11.90   	-30.21   	 32.86   	 -40.69		
-14.34   	-32.04   	 32.70   	 -35.61		
-13.73   	-30.52   	 32.55   	 -40.69		
-10.38   	-26.25   	 32.39   	 -35.61		
 -5.80   	-21.97   	 32.25   	 -35.61		
 -2.44   	-19.84   	 32.11   	 -30.52		
 -2.44   	-20.75   	 31.98   	 -30.52		
 -5.80   	-23.80   	 31.86   	 -30.52		
-11.60   	-27.47   	 31.74   	 -30.52		
-16.78   	-29.91   	 31.62   	 -30.52		
-18.01   	-29.60   	 31.50   	 -30.52		
-14.65   	-27.47   	 31.37   	 -35.61		
 -8.85   	-24.41   	 31.23   	 -30.52		
 -3.97   	-20.75   	 31.11   	 -35.61		
 -3.05   	-15.87   	 30.97   	 -35.61		
 -5.19   	 -9.16   	 30.82   	 -35.61		
 -8.54   	 -2.44   	 30.68   	 -40.69		
 -9.46   	  3.05   	 30.52   	 -35.61		
 -6.71   	  7.32   	 30.38   	 -40.69		
 -0.31   	 12.21   	 30.21   	 -40.69		
  7.63   	 21.36   	 30.05   	 -45.78		
 13.73   	 34.18   	 29.87   	 -40.69		
 13.73   	 46.69   	 29.70   	 -45.78		
  7.32   	 53.10   	 29.52   	 -40.69		
 -1.83   	 50.96   	 29.36   	 -50.86		
 -7.63   	 42.72   	 29.16   	 -45.78		
 -5.80   	 35.10   	 28.97   	 -50.86		
  2.75   	 33.26   	 28.77   	 -55.95		
 12.21   	 38.15   	 28.55   	 -50.86		
 17.09   	 47.00   	 28.34   	 -55.95		
 15.26   	 55.54   	 28.12   	 -61.04		
  8.85   	 61.95   	 27.87   	 -55.95		
  2.75   	 65.61   	 27.65   	 -55.95		
 -0.92   	 65.61   	 27.43   	 -50.86		
 -0.92   	 58.90   	 27.22   	 -55.95		
  1.83   	 44.25   	 27.00   	 -55.95		
  4.88   	 23.19   	 26.78   	 -61.04		
  7.02   	  2.14   	 26.53   	 -66.12		
  7.63   	-12.82   	 26.27   	 -71.21		
  5.49   	-19.84   	 25.98   	 -86.47		
  0.00   	-21.97   	 25.64   	 -86.47		
 -8.24   	-23.80   	 25.29   	 -86.47		
-16.48   	-27.16   	 24.94   	 -81.38		
-22.28   	-30.21   	 24.62   	 -66.12		
-23.50   	-30.21   	 24.35   	 -40.69		
-21.97   	-26.86   	 24.19   	  -5.09		
-20.75   	-23.19   	 24.17   	  25.43		
-21.67   	-21.97   	 24.27   	  45.78		
-23.50   	-23.80   	 24.46   	  71.21		
-23.80   	-25.94   	 24.74   	  71.21		
-22.58   	-25.94   	 25.03   	  61.04		
-21.36   	-23.80   	 25.27   	  45.78		
-21.36   	-21.36   	 25.45   	  25.43		
-22.58   	-20.14   	 25.55   	 -10.17		
-23.19   	-19.84   	 25.51   	 -25.43		
-22.89   	-17.70   	 25.41   	 -50.86		
-21.36   	-13.73   	 25.21   	 -55.95		
-18.01   	-10.99   	 24.98   	 -55.95		
-10.68   	-15.26   	 24.76   	 -50.86		
  6.71   	-31.13   	 24.56   	 -30.52		
 41.81   	-58.29   	 24.44   	 -20.35		
102.84   	-88.81   	 24.35   	 -10.17		
194.09   	-112.61   	 24.31   	   5.09		
311.28   	-120.54   	 24.33   	   5.09		
438.84   	-110.47   	 24.35   	   5.09		
555.11   	-83.31   	 24.37   	   0.00		
636.90   	-34.18   	 24.37   	   0.00		
657.35   	 47.61   	 24.37   	 -15.26		
585.63   	173.95   	 24.31   	 -10.17		
403.44   	351.87   	 24.27   	 -15.26		
117.80   	578.00   	 24.21   	 -15.26		
-226.14   	835.27   	 24.15   	 -10.17		
-551.15   	1093.14   	 24.11   	   5.09		
-876.77   	1435.24(R)	 24.13   	  10.17		
-829.47   	1417.54   	 24.17   	  15.26		
-668.64   	1240.84   	 24.23   	  15.26		
-445.56   	935.97   	 24.29   	  15.26		
-223.39   	577.39   	 24.35   	  10.17		
-59.51   	254.21   	 24.39   	   0.00		
 15.87   	 31.43   	 24.39   	   0.00		
 13.73   	-76.29   	 24.39   	 -10.17		
-23.80   	-101.01   	 24.35   	 -15.26		
-53.71   	-90.94   	 24.29   	 -15.26		
-57.37   	-84.23   	 24.23   	 -10.17		
-41.81   	-92.77   	 24.19   	  -5.09		
-25.94   	-108.64   	 24.17   	   0.00		
-20.45   	-120.24   	 24.17   	  15.26		
-23.80   	-122.07   	 24.23   	  25.43		
-28.69   	-117.49   	 24.33   	  35.61		
-30.21   	-112.92   	 24.48   	  35.61		
-26.86   	-110.78   	 24.62   	  40.69		
-21.36   	-109.86   	 24.78   	  25.43		
-18.01   	-109.86   	 24.88   	  15.26		
-18.31   	-110.47   	 24.94(A)	 -10.17		
-21.06   	-112.92   	 24.90   	 -35.61		
-23.19   	-117.19   	 24.76   	 -55.95		
-21.67   	-120.54   	 24.54   	 -71.21		
-17.09   	-120.85   	 24.25   	 -76.30		
-12.21   	-117.80   	 23.95   	 -81.38		
 -9.77   	-113.53   	 23.62   	 -71.21		
-10.38   	-111.39   	 23.34   	 -50.86		
-11.60   	-112.30   	 23.13   	 -40.69		
-13.43   	-115.97   	 22.97   	 -25.43		
-15.56   	-120.85   	 22.87   	 -10.17		
-18.01   	-124.51   	 22.83   	 -10.17		
-19.53   	-126.04   	 22.79   	 -15.26		
-19.23   	-124.21   	 22.73   	 -25.43		
-16.78   	-120.54   	 22.62   	 -40.69		
-14.04   	-117.80   	 22.46   	 -50.86		
-13.12   	-118.71   	 22.26   	 -61.04		
-14.04   	-122.99   	 22.01   	 -66.12		
-15.87   	-127.56   	 21.75   	 -71.21		
-16.78   	-130.00   	 21.46   	 -66.12		
-16.48   	-129.09   	 21.20   	 -55.95		
-15.56   	-126.04   	 20.98   	 -50.86		
-14.95   	-122.68   	 20.77   	 -35.61		
-14.34   	-119.32   	 20.63   	 -25.43		
-14.34   	-115.97   	 20.53   	 -15.26		
-14.34   	-113.83   	 20.47   	 -15.26		
-13.73   	-112.61   	 20.41   	 -15.26		
-13.12   	-112.30   	 20.35   	 -20.35		
-12.21   	-111.69   	 20.26   	 -20.35		
-10.99   	-109.25   	 20.18   	 -25.43		
-10.38   	-104.98   	 20.08   	 -30.52		
-10.68   	-99.49   	 19.96   	 -40.69		
-11.90   	-94.60   	 19.80   	 -35.61		
-14.04   	-92.47   	 19.65   	 -40.69		
-16.17   	-93.99   	 19.49   	 -40.69		
-17.40   	-96.74   	 19.33   	 -40.69		
-17.40   	-97.96   	 19.17   	 -35.61		
-15.87   	-93.99   	 19.02   	 -30.52		
-13.43   	-86.06   	 18.90   	 -35.61		
-12.51   	-77.82   	 18.76   	 -30.52		
-14.04   	-73.24   	 18.64   	 -30.52		
-18.31   	-72.94   	 18.51   	 -30.52		
-22.89   	-73.24   	 18.39   	 -30.52		
-25.63   	-69.89   	 18.27   	 -30.52		
-25.94   	-63.48   	 18.15   	 -30.52		
-25.63   	-57.07   	 18.03   	 -30.52		
-25.94   	-52.80   	 17.90   	 -30.52		
-26.55   	-50.66   	 17.78   	 -20.35		
-27.47   	-47.00   	 17.70   	 -20.35		
-27.16   	-39.98   	 17.62   	 -15.26		
-26.55   	-30.21   	 17.56   	 -10.17		
-25.94   	-21.36   	 17.52   	  -5.09		
-25.02   	-16.17   	 17.50   	   0.00		
-23.50   	-15.87   	 17.50   	   5.09		
-21.36   	-18.92   	 17.52   	   0.00		
-19.53   	-22.28   	 17.52   	   5.09		
-17.70   	-22.89   	 17.54   	   5.09		
-15.26   	-19.53   	 17.56   	   5.09		
-10.99   	-12.51   	 17.58   	   5.09		
 -5.80   	 -3.66   	 17.60   	   5.09		
 -2.44   	  3.05   	 17.62   	   0.00		
 -1.22   	  5.80   	 17.62   	   5.09		
 -2.14   	  5.49   	 17.64   	  10.17		
 -3.36   	  4.27   	 17.68   	   5.09		
 -3.66   	  4.27   	 17.70   	  10.17		
 -3.97   	  5.19   	 17.74   	  10.17		
 -4.58   	  4.58   	 17.78   	  10.17		
 -5.49   	  1.53   	 17.82   	  15.26		
 -5.19   	 -2.75   	 17.88   	  15.26		
 -2.44   	 -6.10   	 17.94   	  15.26		
  1.83   	 -7.63   	 18.01   	  15.26		
  3.97   	 -8.85   	 18.07   	  15.26		
  1.83   	-11.90   	 18.13   	  15.26		
 -3.36   	-18.01   	 18.19   	   5.09		
 -8.24   	-25.33   	 18.21   	   0.00		
 -9.16   	-30.52   	 18.21   	 -10.17		
 -5.49   	-31.13   	 18.17   	 -10.17		
 -1.22   	-28.38   	 18.13   	 -10.17		
  1.22   	-25.63   	 18.09   	  -5.09		
  0.00   	-26.86   	 18.07   	  10.17		
 -2.75   	-32.35   	 18.11   	  25.43		
 -4.88   	-39.67   	 18.21   	  40.69		
 -6.41   	-45.17   	 18.37   	  61.04		
 -6.71   	-46.08   	 18.62   	  71.21		
 -6.71   	-43.03   	 18.90   	  86.47		
 -7.32   	-39.37   	 19.25   	  91.56		
 -6.71   	-36.93   	 19.61   	  86.47		
 -5.19   	-36.93   	 19.96   	  86.47		
 -3.36   	-37.84   	 20.31   	  81.38		
 -1.83   	-38.76   	 20.63   	  71.21		
 -1.22   	-39.37   	 20.92   	  61.04		
 -1.53   	-40.89   	 21.16   	  55.95		
 -2.75   	-43.33   	 21.38   	  55.95		
 -3.66   	-47.30   	 21.61   	  50.86		
 -3.66   	-50.96   	 21.81   	  45.78		
 -2.44   	-54.32   	 21.99   	  45.78		
 -0.92   	-57.07   	 22.18   	  35.61		
 -0.31   	-59.51   	 22.32   	  25.43		
 -0.31   	-62.56   	 22.42   	  10.17		
 -0.92   	-65.31   	 22.46   	   0.00		
 -1.53   	-68.05   	 22.46   	 -15.26		
 -1.22   	-70.19   	 22.40   	 -25.43		
 -1.22   	-71.72   	 22.30   	 -30.52		
 -1.53   	-72.94   	 22.18   	 -25.43		
 -1.83   	-73.85   	 22.08   	 -20.35		
 -1.83   	-74.77   	 21.99   	  -5.09		
 -1.22   	-76.60   	 21.97   	  15.26		
 -0.61   	-78.74   	 22.03   	  20.35		
 -1.22   	-81.48   	 22.12   	  40.69		
 -3.36   	-84.53   	 22.28   	  45.78		
 -5.80   	-86.67   	 22.46   	  45.78		
 -7.02   	-87.89   	 22.64   	  40.69		
 -6.10   	-88.81   	 22.81   	  35.61		
 -3.97   	-90.03   	 22.95   	  25.43		
 -2.14   	-91.86   	 23.05   	  10.17		
 -1.22   	-93.69   	 23.09(V)	  -5.09		
 -1.83   	-95.21   	 23.07   	 -10.17		
 -3.36   	-96.13   	 23.03   	 -15.26		
 -5.19   	-96.13   	 22.97   	 -15.26		
 -7.02   	-94.91   	 22.91   	 -15.26		
 -7.93   	-92.16   	 22.85   	 -10.17		
 -7.32   	-88.50   	 22.81   	 -10.17		
 -5.80   	-85.75   	 22.77   	   5.09		
 -4.88   	-85.45   	 22.79   	   5.09		
 -5.19   	-87.28   	 22.81   	  15.26		
 -6.41   	-89.72   	 22.87   	  20.35		
 -6.71   	-90.94   	 22.95   	  25.43		
 -6.10   	-90.64   	 23.05   	  20.35		
 -5.80   	-90.64   	 23.13   	  25.43		
 -7.32   	-92.16   	 23.23   	  25.43		
 -9.77   	-94.30   	 23.34   	  25.43		
-11.29   	-95.52   	 23.44   	  20.35		
-10.68   	-94.30   	 23.52   	  20.35		
 -8.24   	-91.25   	 23.60   	  20.35		
 -6.10   	-88.50   	 23.68   	  25.43		
 -5.19   	-87.28   	 23.78   	  25.43		
 -4.88   	-86.36   	 23.89   	  30.52		
 -3.97   	-85.45   	 24.01   	  35.61		
 -2.44   	-83.62   	 24.15   	  35.61		
 -1.53   	-81.48   	 24.29   	  45.78		
 -1.22   	-80.26   	 24.48   	  45.78		
 -2.14   	-80.26   	 24.66   	  50.86		
 -3.36   	-80.87   	 24.86   	  50.86		
 -4.27   	-81.79   	 25.07   	  50.86		
 -5.19   	-82.09   	 25.27   	  55.95		
 -5.19   	-81.18   	 25.49   	  50.86		
 -4.27   	-79.96   	 25.70   	  50.86		
 -2.75   	-78.74   	 25.90   	  45.78		
 -1.22   	-78.13   	 26.08   	  50.86		
  0.00   	-77.51   	 26.29   	  40.69		
  0.92   	-75.38   	 26.45   	  45.78		
  1.83   	-71.11   	 26.63   	  40.69		
  3.05   	-65.00   	 26.80   	  35.61		
  5.19   	-58.29   	 26.94   	  35.61		
  8.54   	-52.80   	 27.08   	  30.52		
 13.12   	-48.52   	 27.20   	  35.61		
 18.01   	-44.25   	 27.34   	  25.43		
 21.67   	-38.15   	 27.45   	  30.52		
 22.28   	-29.30   	 27.57   	  25.43		
 18.92   	-19.53   	 27.67   	  25.43		
 12.51   	-11.90   	 27.77   	  20.35		
  6.10   	 -9.77   	 27.85   	  25.43		
  2.75   	-13.43   	 27.96   	  15.26		
  3.36   	-20.45   	 28.02   	  20.35		
  8.54   	-26.55   	 28.10   	  15.26		
 16.48   	-27.16   	 28.16   	  10.17		
 23.80   	-22.58   	 28.20   	  15.26		
 27.77   	-14.34   	 28.26   	   5.09		
 27.47   	 -6.41   	 28.28   	  10.17		
 23.19   	 -0.31   	 28.32   	   5.09		
 17.70   	  3.36   	 28.34   	   5.09		
 12.82   	  2.44   	 28.36   	   5.09		
 10.07   	 -4.27   	 28.38   	   5.09		
  9.16   	-18.31   	 28.40   	   0.00		
 10.07   	-36.93   	 28.40   	  -5.09		
 13.12   	-55.54   	 28.38   	 -15.26		
 18.01   	-68.05   	 28.32   	 -25.43		
 21.67   	-73.55   	 28.22   	 -40.69		
 20.14   	-75.07   	 28.06   	 -55.95		
 11.29   	-77.82   	 27.83   	 -61.04		
 -2.75   	-83.01   	 27.59   	 -71.21		
-15.26   	-87.89   	 27.30   	 -61.04		
-21.06   	-87.89   	 27.06   	 -55.95		
-19.23   	-83.01   	 26.84   	 -40.69		
-14.34   	-76.29   	 26.67   	 -10.17		
-11.29   	-72.02   	 26.63   	  15.26		
-10.99   	-71.72   	 26.69   	  50.86		
-11.29   	-73.24   	 26.90   	  81.38		
-10.68   	-74.16   	 27.22   	 106.82		
-10.07   	-72.94   	 27.65   	 132.25		
-10.07   	-71.11   	 28.18   	 132.25		
-11.60   	-69.58   	 28.71   	 132.25		
-13.12   	-69.27   	 29.24   	 116.99		
-13.12   	-69.89   	 29.70   	  86.47		
-12.21   	-71.41   	 30.05   	  61.04		
 -9.46   	-74.46   	 30.29   	  30.52		
 -2.75   	-82.09   	 30.42   	   0.00		
 13.43   	-97.05   	 30.42   	 -15.26		
 47.30   	-118.71   	 30.36   	 -25.43		
107.42   	-143.13   	 30.25   	 -30.52		
198.06   	-162.96   	 30.13   	 -20.35		
314.03   	-170.59   	 30.05   	 -15.26		
440.37   	-161.44   	 29.99   	   0.00		
555.11   	-134.28   	 29.99   	   5.09		
636.60   	-84.53   	 30.01   	  20.35		
658.26   	 -3.97   	 30.09   	  20.35		
589.90   	117.49   	 30.17   	  20.35		
414.12   	287.78   	 30.25   	  20.35		
136.11   	506.29   	 30.34   	  15.26		
-202.64   	758.06   	 30.40   	  10.17		
-528.56   	1013.49   	 30.44   	   5.09		
-873.41   	1351.01(R)	 30.46   	   0.00		
-831.60   	1332.09   	 30.46   	   0.00		
-667.72   	1158.45   	 30.46   	   5.09		
-437.62   	861.21   	 30.48   	  10.17		
-210.27   	514.22   	 30.52   	  15.26		
-48.22   	204.77   	 30.58   	  15.26		
 21.36   	 -7.32   	 30.64   	  15.26		
 14.34   	-110.17   	 30.70   	  10.17		
-23.50   	-134.58   	 30.74   	  10.17		
-50.96   	-126.34   	 30.78   	   5.09		
-52.19   	-118.10   	 30.80   	   5.09		
-36.93   	-120.24   	 30.82   	   5.09		
-23.80   	-128.17   	 30.84   	  15.26		
-21.36   	-134.58   	 30.91   	  15.26		
-27.16   	-136.11   	 30.97   	  25.43		
-32.65   	-133.97   	 31.07   	  30.52		
-32.96   	-130.92   	 31.19   	  35.61		
-28.08   	-127.87   	 31.33   	  30.52		
-22.28   	-126.04   	 31.45   	  30.52		
-19.23   	-126.04   	 31.58   	  15.26		
-19.84   	-127.56   	 31.64   	   5.09		
-22.58   	-129.39   	 31.66(A)	  -5.09		
-23.80   	-130.92   	 31.64   	 -20.35		
-22.28   	-131.84   	 31.56   	 -30.52		
-18.62   	-131.53   	 31.43   	 -30.52		
-15.26   	-130.31   	 31.31   	 -40.69		
-13.43   	-128.78   	 31.15   	 -35.61		
-13.12   	-127.87   	 31.01   	 -35.61		
-14.04   	-128.17   	 30.86   	 -25.43		
-14.65   	-129.09   	 30.76   	 -25.43		
-14.95   	-130.31   	 30.66   	 -20.35		
-14.95   	-131.23   	 30.58   	 -15.26		
-14.65   	-131.84   	 30.52   	 -20.35		
-14.04   	-132.45   	 30.44   	 -15.26		
-13.73   	-133.06   	 30.38   	 -20.35		
-13.43   	-134.28   	 30.29   	 -30.52		
-12.51   	-134.89   	 30.17   	 -30.52		
-12.21   	-135.19   	 30.05   	 -40.69		
-13.12   	-136.11   	 29.89   	 -40.69		
-14.95   	-136.72   	 29.73   	 -45.78		
-16.78   	-137.33   	 29.54   	 -45.78		
-17.09   	-137.63   	 29.36   	 -40.69		
-14.65   	-136.72   	 29.20   	 -30.52		
-10.68   	-135.80   	 29.07   	 -25.43		
 -7.63   	-135.19   	 28.97   	 -15.26		
 -6.41   	-135.19   	 28.91   	  -5.09		
 -7.02   	-134.89   	 28.89   	   0.00		
 -7.93   	-134.28   	 28.89   	   0.00		
 -8.54   	-133.67   	 28.89   	   5.09		
 -9.46   	-133.67   	 28.91   	   0.00		
-10.68   	-133.97   	 28.91   	   0.00		
-12.51   	-134.58   	 28.91   	 -10.17		
-13.73   	-134.28   	 28.87   	 -15.26		
-14.04   	-133.36   	 28.81   	 -15.26		
-13.43   	-131.23   	 28.75   	 -20.35		
-13.12   	-128.78   	 28.67   	 -25.43		
-14.04   	-126.95   	 28.57   	 -25.43		
-15.26   	-125.43   	 28.46   	 -20.35		
-16.78   	-124.21   	 28.38   	 -25.43		
-17.40   	-121.77   	 28.28   	 -20.35		
-17.09   	-118.10   	 28.20   	 -15.26		
-17.09   	-113.53   	 28.14   	 -15.26		
-17.40   	-109.25   	 28.08   	 -20.35		
-18.62   	-105.29   	 28.00   	 -15.26		
-20.45   	-102.23   	 27.93   	 -15.26		
-23.19   	-99.49   	 27.87   	 -15.26		
-26.25   	-97.66   	 27.81   	 -20.35		
-28.99   	-95.52   	 27.73   	 -15.26		
-29.91   	-92.16   	 27.67   	 -10.17		
-28.38   	-87.28   	 27.63   	 -10.17		
-25.94   	-80.87   	 27.59   	   0.00		
-24.11   	-74.16   	 27.59   	   0.00		
-24.11   	-68.97   	 27.59   	   5.09		
-24.72   	-64.70   	 27.61   	  15.26		
-24.41   	-61.34   	 27.67   	  15.26		
-21.97   	-57.68   	 27.73   	  20.35		
-17.40   	-53.41   	 27.81   	  25.43		
-11.29   	-48.83   	 27.91   	  20.35		
 -6.41   	-44.56   	 28.00   	  25.43		
 -3.66   	-41.50   	 28.10   	  20.35		
 -3.36   	-39.98   	 28.18   	  20.35		
 -4.88   	-39.37   	 28.26   	  20.35		
 -5.80   	-38.15   	 28.34   	  15.26		
 -5.19   	-35.71   	 28.40   	  20.35		
 -3.05   	-32.65   	 28.48   	  15.26		
 -0.61   	-30.21   	 28.55   	  20.35		
  0.61   	-29.60   	 28.63   	  15.26		
  0.31   	-31.13   	 28.69   	  20.35		
 -1.53   	-34.79   	 28.77   	  20.35		
 -4.58   	-39.06   	 28.85   	  25.43		
 -7.93   	-42.42   	 28.95   	  20.35		
-10.07   	-44.56   	 29.03   	  20.35		
-10.68   	-45.47   	 29.11   	  20.35		
 -9.16   	-45.78   	 29.20   	  15.26		
 -6.71   	-45.78   	 29.26   	  10.17		
 -4.58   	-45.78   	 29.30   	   0.00		
 -4.27   	-46.08   	 29.30   	  -5.09		
 -4.88   	-46.39   	 29.28   	  -5.09		
 -4.88   	-46.39   	 29.26   	  -5.09		
 -3.97   	-46.08   	 29.24   	   0.00		
 -2.14   	-45.47   	 29.24   	  20.35		
  0.00   	-44.86   	 29.32   	  35.61		
  1.53   	-44.25   	 29.46   	  55.95		
  2.44   	-44.56   	 29.68   	  76.30		
  3.97   	-45.47   	 29.99   	  86.47		
  5.49   	-47.00   	 30.34   	  96.64		
  6.71   	-48.52   	 30.72   	  96.64		
  7.32   	-49.74   	 31.11   	  86.47		
  7.02   	-50.35   	 31.45   	  76.30		
  6.10   	-50.05   	 31.76   	  55.95		
  5.19   	-49.13   	 31.98   	  35.61		
  4.27   	-49.44   	 32.13   	  20.35		
  3.36   	-51.57   	 32.21   	   5.09		
  2.14   	-55.24   	 32.23   	 -10.17		
  1.22   	-58.90   	 32.19   	 -10.17		
  1.22   	-60.42   	 32.15   	 -20.35		
  1.53   	-60.42   	 32.06   	 -15.26		
  2.75   	-59.51   	 32.00   	 -10.17		
  3.97   	-58.90   	 31.96   	 -10.17		
  4.27   	-59.81   	 31.92   	  -5.09		
  3.36   	-61.34   	 31.90   	   5.09		
  1.83   	-61.95   	 31.92   	   5.09		
  0.92   	-61.65   	 31.94   	   5.09		
  1.53   	-59.51   	 31.96   	  10.17		
  3.66   	-56.76   	 32.00   	  10.17		
  6.41   	-53.71   	 32.04   	  10.17		
  8.54   	-50.96   	 32.09   	  10.17		
  9.46   	-48.83   	 32.13   	  15.26		
  8.85   	-47.61   	 32.19   	   5.09		
  7.32   	-46.39   	 32.21   	  10.17		
  5.19   	-44.86   	 32.25   	  10.17		
  3.05   	-43.33   	 32.29   	   5.09		
  1.53   	-41.81   	 32.31   	   5.09		
  0.92   	-40.89   	 32.33(V)	   0.00		
  1.22   	-39.98   	 32.33   	  -5.09		
  1.83   	-39.37   	 32.31   	  -5.09		
  2.44   	-38.45   	 32.29   	 -15.26		
  2.14   	-37.54   	 32.23   	 -15.26		
  0.61   	-36.93   	 32.17   	 -20.35		
 -1.22   	-36.62   	 32.09   	 -25.43		
 -2.75   	-36.01   	 31.98   	 -20.35		
 -3.05   	-34.18   	 31.90   	 -30.52		
 -1.83   	-32.04   	 31.78   	 -25.43		
 -0.92   	-29.91   	 31.68   	 -20.35		
 -0.92   	-28.99   	 31.60   	 -25.43		
 -2.44   	-29.30   	 31.50   	 -20.35		
 -4.27   	-29.60   	 31.41   	 -20.35		
 -4.88   	-29.30   	 31.33   	 -20.35		
 -4.27   	-27.47   	 31.25   	 -25.43		
 -2.75   	-25.02   	 31.15   	 -20.35		
 -1.83   	-22.28   	 31.07   	 -25.43		
 -1.53   	-20.14   	 30.97   	 -25.43		
 -2.14   	-19.23   	 30.86   	 -30.52		
 -2.75   	-18.92   	 30.74   	 -35.61		
 -3.66   	-19.23   	 30.60   	 -40.69		
 -4.88   	-19.23   	 30.44   	 -35.61		
 -6.10   	-19.53   	 30.29   	 -40.69		
 -7.02   	-19.53   	 30.13   	 -40.69		
 -6.71   	-19.84   	 29.97   	 -35.61		
 -5.19   	-20.14   	 29.83   	 -35.61		
 -3.05   	-20.45   	 29.68   	 -30.52		
 -1.22   	-20.75   	 29.56   	 -30.52		
 -0.61   	-21.36   	 29.44   	 -30.52		
 -1.22   	-22.28   	 29.32   	 -25.43		
 -2.75   	-22.89   	 29.22   	 -20.35		
 -3.97   	-22.89   	 29.14   	 -25.43		
 -5.19   	-21.97   	 29.03   	 -20.35		
 -5.80   	-21.06   	 28.95   	 -25.43		
 -6.10   	-20.45   	 28.85   	 -20.35		
 -7.32   	-20.45   	 28.77   	 -20.35		
 -7.93   	-19.84   	 28.69   	 -20.35		
 -7.32   	-16.78   	 28.61   	 -20.35		
 -5.19   	-10.38   	 28.52   	 -20.35		
 -1.53   	 -1.53   	 28.44   	 -20.35		
  3.05   	  8.54   	 28.36   	 -20.35		
  8.24   	 18.31   	 28.28   	 -15.26		
 13.43   	 27.47   	 28.22   	 -15.26		
 17.70   	 36.32   	 28.16   	 -10.17		
 18.92   	 43.64   	 28.12   	 -15.26		
 15.26   	 48.52   	 28.06   	 -10.17		
  7.63   	 49.74   	 28.02   	 -10.17		
  0.00   	 47.91   	 27.98   	 -15.26		
 -3.05   	 44.56   	 27.91   	 -10.17		
  0.92   	 43.64   	 27.87   	 -10.17		
  9.77   	 46.39   	 27.83   	 -10.17		
 18.01   	 51.88   	 27.79   	 -10.17		
 21.06   	 57.98   	 27.75   	 -15.26		
 18.92   	 63.17   	 27.69   	 -10.17		
 14.04   	 66.53   	 27.65   	 -10.17		
 10.99   	 67.44   	 27.61   	 -10.17		
 11.90   	 64.39   	 27.57   	 -10.17		
 14.65   	 54.63   	 27.53   	 -10.17		
 16.17   	 37.23   	 27.49   	 -15.26		
 14.65   	 14.95   	 27.43   	 -15.26		
 11.60   	 -5.19   	 27.37   	 -20.35		
  8.54   	-17.40   	 27.28   	 -30.52		
  5.80   	-21.67   	 27.16   	 -45.78		
  1.83   	-22.89   	 26.98   	 -61.04		
 -4.27   	-26.25   	 26.73   	 -71.21		
-12.82   	-34.18   	 26.45   	 -81.38		
-20.45   	-42.42   	 26.12   	 -81.38		
-24.11   	-46.39   	 25.80   	 -71.21		
-23.50   	-44.25   	 25.51   	 -50.86		
-20.75   	-38.45   	 25.31   	 -20.35		
-17.70   	-33.57   	 25.23   	  15.26		
-16.17   	-32.04   	 25.29   	  55.95		
-15.56   	-32.96   	 25.51   	  86.47		
-16.17   	-34.48   	 25.86   	 106.82		
-16.78   	-34.79   	 26.29   	 111.90		
-16.78   	-33.87   	 26.73   	 101.73		
-15.87   	-33.26   	 27.14   	  81.38		
-14.34   	-34.48   	 27.47   	  55.95		
-13.12   	-37.54   	 27.69   	  25.43		
-12.21   	-41.20   	 27.79   	  -5.09		
-10.07   	-45.78   	 27.77   	 -20.35		
 -1.53   	-53.71   	 27.69   	 -35.61		
 19.84   	-69.27   	 27.55   	 -35.61		
 62.56   	-92.47   	 27.41   	 -30.52		
132.14   	-118.71   	 27.28   	 -15.26		
229.19   	-138.85   	 27.22   	  -5.09		
346.37   	-144.35   	 27.20   	   5.09		
468.44   	-131.53   	 27.22   	  20.35		
575.87   	-97.66   	 27.30   	  20.35		
644.84   	-37.84   	 27.39   	  20.35		
643.62   	 56.46   	 27.47   	  15.26		
542.30   	194.70   	 27.53   	   5.09		
327.45   	382.39   	 27.55   	   0.00		
 19.23   	614.01   	 27.55   	 -10.17		
-324.40   	870.97   	 27.51   	 -10.17		
-624.08   	1119.08   	 27.47   	 -20.35		
-862.43   	1388.24(R)	 27.39   	   0.00		
-771.79   	1313.48   	 27.39   	   5.09		
-578.92   	1087.65   	 27.41   	  10.17		
-345.15   	762.02   	 27.45   	  20.35		
-138.24   	420.84   	 27.53   	  20.35		
-10.68   	144.04   	 27.61   	  15.26		
 23.50   	-28.08   	 27.67   	  15.26		
 -5.49   	-103.45   	 27.73   	   5.09		
-47.91   	-119.63   	 27.75   	  -5.09		
-67.14   	-115.66   	 27.73   	 -10.17		
-56.46   	-113.53   	 27.69   	 -20.35		
-34.18   	-117.19   	 27.61   	 -15.26		
-19.53   	-123.60   	 27.55   	 -10.17		
-19.23   	-129.09   	 27.51   	  -5.09		
-26.25   	-132.45   	 27.49   	  10.17		
-32.65   	-133.97   	 27.53   	  15.26		
-33.87   	-133.97   	 27.59   	  15.26		
-30.52   	-133.06   	 27.65   	  20.35		
-25.63   	-131.53   	 27.73   	  10.17		
-21.67   	-129.70   	 27.77(A)	  -5.09		
-20.75   	-127.56   	 27.75   	 -25.43		
-21.97   	-126.04   	 27.65   	 -40.69		
-24.72   	-125.43   	 27.49   	 -61.04		
-26.25   	-124.82   	 27.24   	 -71.21		
-25.02   	-122.68   	 26.96   	 -76.30		
-20.45   	-118.10   	 26.65   	 -71.21		
-14.65   	-113.83   	 26.37   	  N/A		
