  I     	  II     	  PW     	  PW'		
  2.14   	 14.95   	  5.09   	 -76.30		
  2.14   	 16.17   	  4.78   	 -81.38		
  2.14   	 17.40   	  4.46   	 -71.21		
  2.14   	 17.70   	  4.17   	 -50.86		
  0.92   	 17.09   	  3.97   	 -35.61		
 -2.44   	 15.26   	  3.83   	 -15.26		
 -6.71   	 13.12   	  3.76   	   0.00		
-10.38   	 11.60   	  3.76   	  15.26		
-11.90   	 11.60   	  3.83   	  20.35		
-12.21   	 13.12   	  3.91   	  20.35		
-12.21   	 15.56   	  3.99   	  20.35		
-12.82   	 18.31   	  4.07   	  15.26		
-13.73   	 20.45   	  4.13   	  20.35		
-14.04   	 21.97   	  4.21   	  15.26		
-14.04   	 22.89   	  4.27   	  15.26		
-14.65   	 23.19   	  4.33   	  20.35		
-15.56   	 24.11   	  4.42   	  30.52		
-16.48   	 25.94   	  4.54   	  35.61		
-16.48   	 27.77   	  4.68   	  45.78		
-15.87   	 28.69   	  4.86   	  50.86		
-15.87   	 28.38   	  5.07   	  55.95		
-17.70   	 27.16   	  5.29   	  55.95		
-20.45   	 26.25   	  5.51   	  55.95		
-23.19   	 26.25   	  5.74   	  55.95		
-23.50   	 27.77   	  5.96   	  45.78		
-21.36   	 29.60   	  6.14   	  35.61		
-18.01   	 30.82   	  6.29   	  30.52		
-14.95   	 31.13   	  6.41   	  25.43		
-14.04   	 30.21   	  6.51   	  20.35		
-15.26   	 28.99   	  6.59   	  15.26		
-17.70   	 28.38   	  6.65   	  15.26		
-18.92   	 28.99   	  6.71   	  10.17		
-17.40   	 31.43   	  6.75   	  15.26		
-14.04   	 34.79   	  6.82   	  10.17		
-10.68   	 36.62   	  6.86   	  15.26		
 -8.85   	 36.01   	  6.92   	   5.09		
 -9.46   	 32.96   	  6.94   	  10.17		
-11.29   	 29.30   	  6.98   	   0.00		
-13.12   	 26.86   	  6.98   	   0.00		
-13.43   	 26.25   	  6.98   	   0.00		
-13.43   	 26.86   	  6.98   	 -10.17		
-12.82   	 27.77   	  6.94   	 -10.17		
-11.60   	 28.38   	  6.90   	 -15.26		
-10.07   	 28.99   	  6.84   	 -15.26		
 -8.54   	 29.60   	  6.78   	 -15.26		
 -8.24   	 29.91   	  6.71   	 -20.35		
 -8.54   	 29.30   	  6.63   	 -20.35		
 -9.46   	 27.77   	  6.55   	 -20.35		
 -9.46   	 25.33   	  6.47   	 -15.26		
 -8.54   	 24.11   	  6.41   	 -20.35		
 -7.32   	 23.80   	  6.33   	 -15.26		
 -6.10   	 24.72   	  6.27   	 -10.17		
 -5.19   	 26.25   	  6.23   	 -15.26		
 -5.19   	 27.16   	  6.16   	 -10.17		
 -5.49   	 27.16   	  6.12   	  -5.09		
 -6.10   	 25.63   	  6.10   	  -5.09		
 -6.71   	 24.11   	  6.08   	  -5.09		
 -7.32   	 22.89   	  6.06   	  -5.09		
 -7.02   	 23.50   	  6.04   	  -5.09		
 -6.10   	 26.55   	  6.02   	   0.00		
 -3.66   	 32.35   	  6.02   	  -5.09		
  0.31   	 42.11   	  6.00   	   5.09		
  5.19   	 56.76   	  6.02   	   0.00		
 10.38   	 75.38   	  6.02   	   0.00		
 14.04   	 93.99   	  6.02   	   5.09		
 15.56   	108.34   	  6.04   	   0.00		
 15.26   	115.97   	  6.04   	   5.09		
 14.34   	117.80   	  6.06   	   5.09		
 14.04   	119.63   	  6.08   	   5.09		
 14.95   	124.82   	  6.10   	   0.00		
 16.17   	132.75   	  6.10   	   5.09		
 17.09   	138.24   	  6.12   	  -5.09		
 17.70   	137.63   	  6.10   	   0.00		
 19.23   	130.00   	  6.10   	  -5.09		
 21.97   	120.54   	  6.08   	  -5.09		
 26.25   	114.14   	  6.06   	 -10.17		
 30.82   	112.00   	  6.02   	  -5.09		
 34.79   	110.47   	  6.00   	 -15.26		
 37.84   	102.54   	  5.94   	 -10.17		
 41.20   	 82.70   	  5.90   	 -10.17		
 45.78   	 51.27   	  5.86   	 -10.17		
 50.66   	 15.87   	  5.82   	 -10.17		
 53.41   	-11.60   	  5.78   	  -5.09		
 52.80   	-23.19   	  5.76   	 -10.17		
 48.22   	-17.70   	  5.72   	  -5.09		
 41.50   	 -3.05   	  5.70   	  -5.09		
 35.10   	 11.90   	  5.68   	  -5.09		
 29.30   	 20.75   	  5.66   	 -10.17		
 23.50   	 21.97   	  5.62   	 -10.17		
 15.87   	 16.48   	  5.57   	 -10.17		
  7.02   	  6.71   	  5.53   	 -20.35		
 -1.83   	 -6.41   	  5.45   	 -15.26		
 -7.63   	-19.53   	  5.39   	 -20.35		
 -9.46   	-28.69   	  5.31   	 -15.26		
 -8.85   	-31.74   	  5.25   	 -10.17		
 -7.63   	-29.60   	  5.21   	  -5.09		
 -8.24   	-26.25   	  5.19   	   0.00		
-10.99   	-24.11   	  5.19   	  10.17		
-14.65   	-24.41   	  5.23   	  20.35		
-17.70   	-25.94   	  5.31   	  25.43		
-18.92   	-26.86   	  5.41   	  35.61		
-18.92   	-26.55   	  5.55   	  30.52		
-18.92   	-25.33   	  5.68   	  30.52		
-19.23   	-23.80   	  5.80   	  25.43		
-19.84   	-22.28   	  5.90   	  25.43		
-20.14   	-20.45   	  6.00   	  15.26		
-19.84   	-19.23   	  6.06   	  10.17		
-19.53   	-18.92   	  6.10   	   5.09		
-20.14   	-20.45   	  6.12   	   0.00		
-22.28   	-23.19   	  6.12   	  -5.09		
-25.02   	-25.33   	  6.10   	 -10.17		
-25.94   	-25.33   	  6.06   	 -10.17		
-24.72   	-22.89   	  6.02   	  -5.09		
-21.97   	-18.92   	  6.00   	 -10.17		
-18.62   	-15.56   	  5.96   	 -10.17		
-16.78   	-14.65   	  5.92   	 -10.17		
-16.48   	-14.95   	  5.88   	 -10.17		
-17.09   	-14.95   	  5.84   	  -5.09		
-18.01   	-13.73   	  5.82   	  -5.09		
-18.31   	-10.99   	  5.80   	 -10.17		
-18.62   	 -8.85   	  5.76   	  -5.09		
-18.62   	 -8.24   	  5.74   	  -5.09		
-17.40   	 -9.46   	  5.72   	  -5.09		
-14.34   	-10.68   	  5.70   	   0.00		
-10.07   	 -9.16   	  5.70   	  -5.09		
 -4.88   	 -3.66   	  5.68   	   0.00		
 -0.31   	  6.41   	  5.68   	   0.00		
  4.88   	 19.84   	  5.68   	   0.00		
 12.82   	 37.23   	  5.68   	   5.09		
 26.55   	 59.81   	  5.70   	  10.17		
 47.30   	 92.16   	  5.74   	  10.17		
 74.77   	138.85   	  5.78   	  10.17		
106.20   	195.92   	  5.82   	  15.26		
139.16   	245.06   	  5.88   	  20.35		
170.59   	256.65   	  5.96   	  15.26		
197.75   	204.16   	  6.02   	  20.35		
219.12   	 84.23   	  6.10   	  20.35		
237.73   	-73.24   	  6.19   	  20.35		
259.40   	-219.12   	  6.27   	  15.26		
289.31   	-311.58   	  6.33   	  20.35		
330.20   	-339.97   	  6.41   	  15.26		
378.11   	-323.79   	  6.47   	  10.17		
423.58   	-298.46   	  6.51   	  10.17		
455.63   	-295.41   	  6.55   	  10.17		
466.61   	-321.66   	  6.59   	   5.09		
454.71   	-361.94   	  6.61   	   0.00		
426.33   	-393.68   	  6.61   	  -5.09		
392.46   	-405.27   	  6.59   	   0.00		
363.16   	-404.66   	  6.59   	 -10.17		
343.02   	-415.04   	  6.55   	  -5.09		
333.25   	-454.10   	  6.53   	 -10.17		
331.73   	-522.77   	  6.49   	  -5.09		
336.91   	-603.64   	  6.47   	 -10.17		
345.76   	-678.10   	  6.43   	  -5.09		
354.61   	-739.14   	  6.41   	  -5.09		
360.11   	-790.71   	  6.39   	  -5.09		
361.02   	-837.40   	  6.37   	   0.00		
360.41   	-879.82   	  6.37   	  -5.09		
362.85   	-914.92   	  6.35   	  -5.09		
369.87   	-938.11   	  6.33   	   0.00		
377.50   	-946.96   	  6.33   	  -5.09		
379.33(R)	-941.77   	  6.31   	  -5.09		
370.18   	-920.11   	  6.29   	  -5.09		
346.68   	-876.16   	  6.27   	  -5.09		
308.84   	-801.70   	  6.25   	   5.09		
256.65   	-693.05   	  6.27   	   5.09		
192.26   	-558.47   	  6.29   	  10.17		
121.46   	-418.09   	  6.33   	  10.17		
 52.19   	-296.02   	  6.37   	  20.35		
 -6.10   	-205.99   	  6.45   	  20.35		
-49.74   	-143.43   	  6.53   	  20.35		
-79.96   	-92.77   	  6.61   	  20.35		
-101.32   	-41.20   	  6.69   	  15.26		
-117.19   	  9.46   	  6.75   	  10.17		
-128.78   	 47.61   	  6.80   	   5.09		
-136.11   	 66.22   	  6.82(A)	  -5.09		
-140.38   	 69.27   	  6.80   	 -15.26		
-143.43   	 69.58   	  6.73   	 -15.26		
-146.48   	 76.29   	  6.67   	 -20.35		
-149.23   	 89.72   	  6.59   	 -30.52		
-150.76   	103.76   	  6.47   	 -25.43		
-151.67   	112.00   	  6.37   	 -30.52		
-152.89   	114.75   	  6.25   	 -35.61		
-154.42   	115.66   	  6.10   	 -30.52		
-156.25   	118.10   	  5.98   	 -30.52		
-157.17   	122.07   	  5.86   	 -30.52		
-158.08   	125.12   	  5.74   	 -35.61		
-158.69   	126.95   	  5.60   	 -30.52		
-159.91   	127.87   	  5.47   	 -25.43		
-161.44   	129.39   	  5.37   	 -25.43		
-163.57   	131.23   	  5.27   	 -20.35		
-165.71   	133.06   	  5.19   	 -10.17		
-168.15   	134.58   	  5.15   	  -5.09		
-170.29   	135.19   	  5.13   	   5.09		
-172.12   	135.80   	  5.15   	  10.17		
-173.03   	137.02   	  5.19   	  10.17		
-173.65   	138.24   	  5.23   	  15.26		
-174.87   	138.85   	  5.29   	  15.26		
-177.31   	138.85   	  5.35   	   5.09		
-181.58   	138.24   	  5.37   	   0.00		
-187.07   	138.55   	  5.37   	  -5.09		
-192.87   	140.08   	  5.35   	 -15.26		
-197.75   	142.82   	  5.29   	 -20.35		
-201.42   	145.26   	  5.21   	 -25.43		
-205.38   	146.79   	  5.11   	 -20.35		
-209.96   	146.48   	  5.03   	 -20.35		
-216.06   	145.57   	  4.94   	 -20.35		
-222.17   	144.96   	  4.86   	 -15.26		
-227.97   	145.57   	  4.80   	  -5.09		
-232.54   	147.71   	  4.78   	  -5.09		
-236.21   	150.45   	  4.76   	   0.00		
-240.17   	153.20   	  4.76   	   0.00		
-244.45   	155.03   	  4.76   	   5.09		
-249.02   	156.56   	  4.78   	   0.00		
-254.21   	157.47   	  4.78   	   5.09		
-259.09   	159.30   	  4.80   	  -5.09		
-263.67   	162.66   	  4.78   	  -5.09		
-267.03   	166.32   	  4.76   	   0.00		
-268.86   	170.29   	  4.76   	  -5.09		
-268.55   	173.03   	  4.74   	  -5.09		
-266.72   	174.87   	  4.72   	   0.00		
-262.76   	176.70   	  4.72   	   5.09		
-256.35   	179.44   	  4.74   	   0.00		
-247.50   	184.33   	  4.74   	  10.17		
-236.21   	190.73   	  4.78   	   5.09		
-222.78   	197.75   	  4.80   	   0.00		
-207.52   	204.16   	  4.80   	   0.00		
-190.73   	208.44   	  4.80   	  -5.09		
-173.65   	209.96   	  4.78   	  -5.09		
-156.56   	207.52   	  4.76   	  -5.09		
-140.08   	202.64   	  4.74   	 -10.17		
-123.29   	195.31   	  4.70   	 -10.17		
-104.68   	186.77   	  4.66   	 -10.17		
-84.23   	177.31   	  4.62   	   0.00		
-62.56   	166.63   	  4.62   	  -5.09		
-42.72   	154.72   	  4.60   	   0.00		
-26.25   	141.60   	  4.60   	   0.00		
-13.73   	127.87   	  4.60   	   0.00		
 -3.97   	114.14   	  4.60   	   5.09		
  3.97   	101.93   	  4.62   	   0.00		
 10.68   	 91.55   	  4.62   	   0.00		
 15.56   	 83.31   	  4.62   	  -5.09		
 18.92   	 77.21   	  4.60   	  -5.09		
 21.06   	 72.33   	  4.58   	  -5.09		
 22.89   	 68.05   	  4.56   	  -5.09		
 24.72   	 65.00   	  4.54   	  -5.09		
 26.25   	 62.56   	  4.52   	  -5.09		
 25.94   	 60.42   	  4.50   	 -10.17		
 23.50   	 58.29   	  4.46   	 -15.26		
 20.14   	 56.15   	  4.39   	 -15.26		
 17.09   	 53.71   	  4.33   	 -15.26		
 15.26   	 50.96   	  4.27   	 -15.26		
 13.73   	 48.83   	  4.21   	 -15.26		
 11.90   	 46.69   	  4.15   	  -5.09		
 10.07   	 44.86   	  4.13   	   5.09		
  8.85   	 43.33   	  4.15   	  10.17		
  7.93   	 42.72   	  4.19   	  15.26		
  7.32   	 42.42   	  4.25   	  20.35		
  6.71   	 42.11   	  4.33   	  25.43		
  5.80   	 41.20   	  4.44   	  20.35		
  4.88   	 39.06   	  4.52   	  15.26		
  4.27   	 36.32   	  4.58   	  10.17		
  3.36   	 33.57   	  4.62   	   5.09		
  1.83   	 31.74   	  4.64   	   0.00		
 -1.53   	 30.52   	  4.64   	   0.00		
 -4.88   	 29.60   	  4.64   	  -5.09		
 -7.02   	 28.69   	  4.62   	  -5.09		
 -6.71   	 28.38   	  4.60   	   0.00		
 -4.58   	 28.69   	  4.60   	   0.00		
 -2.14   	 29.91   	  4.60   	   0.00		
 -0.92   	 30.52   	  4.60   	  10.17		
 -1.53   	 30.82   	  4.64   	  10.17		
 -3.05   	 30.52   	  4.68   	  10.17		
 -4.27   	 30.52   	  4.72   	  15.26		
 -4.88   	 30.52   	  4.78   	  15.26		
 -5.19   	 30.21   	  4.84   	  15.26		
 -6.71   	 28.99   	  4.90   	   5.09		
 -9.46   	 27.47   	  4.92   	  10.17		
-12.82   	 26.55   	  4.96   	   0.00		
-14.95   	 27.77   	  4.96   	   0.00		
-15.87   	 30.21   	  4.96   	   0.00		
-15.26   	 32.65   	  4.96   	  -5.09		
-14.65   	 33.57   	  4.94   	  -5.09		
-14.65   	 32.96   	  4.92   	  -5.09		
-15.56   	 32.65   	  4.90   	  -5.09		
-16.78   	 33.26   	  4.88   	   0.00		
-18.01   	 35.10   	  4.88   	   5.09		
-18.62   	 37.54   	  4.90   	   5.09		
-18.92   	 39.06   	  4.92   	   5.09		
-19.23   	 39.67   	  4.94   	  15.26		
-19.23   	 39.37   	  5.01   	  10.17		
-19.84   	 38.45   	  5.05   	  20.35		
-20.14   	 37.23   	  5.13   	  15.26		
-20.45   	 36.32   	  5.19   	  20.35		
-20.75   	 35.71   	  5.27   	  15.26		
-21.06   	 35.40   	  5.33   	  15.26		
-21.36   	 36.62   	  5.39   	  20.35		
-21.06   	 38.45   	  5.47   	  10.17		
-19.53   	 40.59   	  5.51   	  15.26		
-17.09   	 43.03   	  5.57   	  10.17		
-14.65   	 44.56   	  5.62   	  15.26		
-12.82   	 45.47   	  5.68   	  15.26		
-12.21   	 45.17   	  5.74   	  15.26		
-12.21   	 43.33   	  5.80   	  15.26		
-12.21   	 40.89   	  5.86   	  15.26		
-12.51   	 38.15   	  5.92   	  15.26		
-12.82   	 36.01   	  5.98   	  20.35		
-12.82   	 35.10   	  6.06   	  20.35		
-12.21   	 34.79   	  6.14   	  15.26		
-10.99   	 34.18   	  6.21   	  15.26		
 -9.77   	 33.87   	  6.27   	  15.26		
 -9.77   	 33.57   	  6.33   	  10.17		
-10.38   	 34.18   	  6.37   	   5.09		
-11.29   	 35.10   	  6.39(V)	   0.00		
-10.99   	 36.01   	  6.39   	  -5.09		
 -9.16   	 36.01   	  6.37   	  -5.09		
 -6.41   	 36.01   	  6.35   	 -10.17		
 -4.27   	 35.40   	  6.31   	 -15.26		
 -3.36   	 34.79   	  6.25   	 -15.26		
 -4.58   	 32.96   	  6.19   	 -15.26		
 -7.32   	 29.60   	  6.12   	 -10.17		
-10.38   	 25.94   	  6.08   	 -15.26		
-11.60   	 23.50   	  6.02   	 -10.17		
-11.29   	 22.89   	  5.98   	  -5.09		
 -9.16   	 23.80   	  5.96   	  -5.09		
 -6.10   	 25.33   	  5.94   	  -5.09		
 -3.66   	 26.86   	  5.92   	   0.00		
 -2.75   	 27.47   	  5.92   	   0.00		
 -3.05   	 27.16   	  5.92   	  -5.09		
 -4.58   	 26.25   	  5.90   	   0.00		
 -6.71   	 26.55   	  5.90   	   0.00		
 -6.71   	 30.82   	  5.90   	  -5.09		
 -3.97   	 41.50   	  5.88   	   0.00		
  1.83   	 57.68   	  5.88   	   0.00		
  7.32   	 76.60   	  5.88   	  -5.09		
 10.99   	 92.77   	  5.86   	  -5.09		
 12.21   	103.76   	  5.84   	   0.00		
 12.51   	109.86   	  5.84   	  -5.09		
 13.73   	114.44   	  5.82   	   0.00		
 16.17   	120.24   	  5.82   	  -5.09		
 18.92   	126.95   	  5.80   	   0.00		
 20.14   	132.45   	  5.80   	  -5.09		
 19.84   	133.36   	  5.78   	 -10.17		
 19.23   	128.78   	  5.74   	  -5.09		
 20.14   	120.85   	  5.72   	 -10.17		
 22.58   	113.83   	  5.68   	 -10.17		
 25.94   	109.86   	  5.64   	 -15.26		
 30.21   	108.64   	  5.57   	 -10.17		
 35.10   	105.29   	  5.53   	 -10.17		
 40.89   	 92.77   	  5.49   	 -15.26		
 47.00   	 67.75   	  5.43   	 -10.17		
 52.80   	 33.87   	  5.39   	 -10.17		
 57.07   	  0.61   	  5.35   	 -10.17		
 58.59   	-20.75   	  5.31   	  -5.09		
 56.46   	-24.41   	  5.29   	 -10.17		
 50.66   	-14.65   	  5.25   	  -5.09		
 43.64   	  0.00   	  5.23   	  -5.09		
 37.23   	 11.60   	  5.21   	 -10.17		
 32.35   	 17.09   	  5.17   	  -5.09		
 27.16   	 16.78   	  5.15   	 -10.17		
 19.53   	 11.90   	  5.11   	 -15.26		
  9.77   	  2.75   	  5.05   	 -15.26		
  0.31   	-10.07   	  4.98   	 -20.35		
 -6.71   	-23.19   	  4.90   	 -25.43		
-10.38   	-32.04   	  4.80   	 -15.26		
-11.29   	-34.79   	  4.74   	 -15.26		
-11.29   	-32.04   	  4.68   	  -5.09		
-10.68   	-27.77   	  4.66   	   0.00		
-10.07   	-25.33   	  4.66   	  20.35		
-10.07   	-25.33   	  4.74   	  25.43		
-10.99   	-26.25   	  4.84   	  40.69		
-13.43   	-26.86   	  5.01   	  40.69		
-16.48   	-26.25   	  5.17   	  50.86		
-19.23   	-25.33   	  5.37   	  50.86		
-20.14   	-24.41   	  5.57   	  40.69		
-19.23   	-23.50   	  5.74   	  35.61		
-17.70   	-23.19   	  5.88   	  30.52		
-16.78   	-22.89   	  6.00   	  20.35		
-17.09   	-22.58   	  6.08   	   5.09		
-17.40   	-21.97   	  6.10   	   5.09		
-17.40   	-21.06   	  6.12   	 -10.17		
-16.78   	-19.84   	  6.08   	  -5.09		
-15.87   	-18.01   	  6.06   	 -15.26		
-16.48   	-16.48   	  6.00   	 -15.26		
-19.53   	-15.87   	  5.94   	 -15.26		
-23.80   	-16.17   	  5.88   	 -15.26		
-27.16   	-16.78   	  5.82   	 -10.17		
-26.86   	-17.09   	  5.78   	 -15.26		
-22.89   	-15.87   	  5.72   	 -10.17		
-17.40   	-13.12   	  5.68   	 -10.17		
-13.43   	-10.68   	  5.64   	 -10.17		
-12.51   	 -9.46   	  5.60   	  -5.09		
-13.12   	 -9.16   	  5.57   	 -10.17		
-13.12   	 -9.16   	  5.53   	  -5.09		
-10.99   	 -7.93   	  5.51   	  -5.09		
 -7.32   	 -4.88   	  5.49   	  -5.09		
 -3.97   	  0.61   	  5.47   	   0.00		
 -0.31   	  9.16   	  5.47   	   5.09		
  5.49   	 21.67   	  5.49   	   5.09		
 15.87   	 38.45   	  5.51   	  10.17		
 32.04   	 61.04   	  5.55   	  15.26		
 53.71   	 93.08   	  5.62   	  10.17		
 79.96   	139.16   	  5.66   	  20.35		
110.17   	194.70   	  5.74   	  15.26		
143.43   	241.39   	  5.80   	  15.26		
176.39   	249.02   	  5.86   	  15.26		
205.08   	191.04   	  5.92   	  15.26		
227.36   	 65.61   	  5.98   	  10.17		
245.67   	-95.52   	  6.02   	  10.17		
266.72   	-241.70   	  6.06   	  10.17		
297.24   	-331.42   	  6.10   	  10.17		
338.44   	-356.14   	  6.14   	  10.17		
386.05   	-338.44   	  6.19   	   5.09		
429.99   	-315.25   	  6.21   	  10.17		
460.82   	-315.25   	  6.25   	  10.17		
471.50   	-342.10   	  6.29   	  10.17		
461.43   	-379.03   	  6.33   	   5.09		
436.10   	-404.36   	  6.35   	   5.09		
404.36   	-410.77   	  6.37   	   5.09		
375.06   	-409.85   	  6.39   	   0.00		
354.31   	-424.80   	  6.39   	   0.00		
343.02   	-469.97   	  6.39   	  -5.09		
340.58   	-541.99   	  6.37   	  -5.09		
345.46   	-622.86   	  6.35   	  -5.09		
354.92   	-694.58   	  6.33   	  -5.09		
364.99   	-751.95   	  6.31   	  -5.09		
371.40   	-800.17   	  6.29   	   0.00		
372.62   	-843.81   	  6.29   	   0.00		
371.40   	-883.79   	  6.29   	  -5.09		
372.62   	-916.75   	  6.27   	   0.00		
378.11   	-938.72   	  6.27   	 -10.17		
384.52   	-948.49   	  6.23   	 -15.26		
386.05(R)	-943.91   	  6.16   	 -10.17		
376.59   	-921.33   	  6.12   	 -15.26		
354.00   	-874.33   	  6.06   	 -15.26		
317.38   	-795.90   	  6.00   	 -10.17		
266.72   	-684.20   	  5.96   	 -10.17		
203.25   	-548.40   	  5.92   	   5.09		
131.84   	-409.24   	  5.94   	  10.17		
 61.04   	-289.00   	  5.98   	  15.26		
  0.31   	-199.58   	  6.04   	  20.35		
-45.78   	-136.72   	  6.12   	  30.52		
-78.43   	-85.14   	  6.25   	  30.52		
-102.23   	-34.48   	  6.37   	  25.43		
-120.54   	 14.04   	  6.47   	  20.35		
-133.36   	 51.27   	  6.55   	  15.26		
-140.38   	 70.50   	  6.61   	   5.09		
-142.82   	 76.60   	  6.63(A)	  -5.09		
-144.04   	 79.04   	  6.61   	 -20.35		
-147.09   	 85.45   	  6.53   	 -25.43		
-151.37   	 96.44   	  6.43   	 -30.52		
-155.03   	107.73   	  6.31   	 -40.69		
-156.56   	115.66   	  6.14   	 -35.61		
-156.25   	119.93   	  6.00   	 -40.69		
-156.25   	122.68   	  5.84   	 -35.61		
-157.78   	125.43   	  5.70   	 -30.52		
-160.22   	128.17   	  5.57   	 -30.52		
-162.35   	130.62   	  5.45   	 -30.52		
-162.96   	132.75   	  5.33   	 -25.43		
-162.35   	134.58   	  5.23   	 -25.43		
-162.05   	136.11   	  5.13   	 -20.35		
-162.96   	137.33   	  5.05   	 -20.35		
-165.41   	138.85   	  4.96   	 -15.26		
-168.15   	140.38   	  4.90   	  -5.09		
-170.29   	141.91   	  4.88   	  -5.09		
-171.51   	143.43   	  4.86   	   5.09		
-172.12   	144.96   	  4.88   	  10.17		
-172.73   	146.48   	  4.92   	  10.17		
-173.65   	148.32   	  4.96   	  10.17		
-175.48   	150.15   	  5.01   	  10.17		
-178.53   	151.37   	  5.05   	   0.00		
-182.80   	152.28   	  5.05   	  -5.09		
-187.99   	152.59   	  5.03   	 -10.17		
-193.48   	152.89   	  4.98   	 -15.26		
-198.97   	153.81   	  4.92   	 -15.26		
-203.86   	155.03   	  4.86   	 -20.35		
-207.52   	156.25   	  4.78   	 -15.26		
-211.49   	156.56   	  4.72   	 -15.26		
-216.37   	156.86   	  4.66   	 -10.17		
-222.78   	157.47   	  4.62   	   0.00		
-229.80   	158.69   	  4.62   	   0.00		
-237.12   	159.61   	  4.62   	   5.09		
-243.53   	160.22   	  4.64   	  10.17		
-249.33   	160.52   	  4.68   	   5.09		
-254.52   	161.13   	  4.70   	  10.17		
-260.01   	162.66   	  4.74   	  10.17		
-265.50   	165.10   	  4.78   	   5.09		
-270.08   	167.85   	  4.80   	   0.00		
-273.13   	170.59   	  4.80   	  -5.09		
-274.05   	173.65   	  4.78   	 -10.17		
-271.91   	177.00   	  4.74   	  -5.09		
-267.33   	180.66   	  4.72   	 -15.26		
-261.84   	184.63   	  4.66   	 -10.17		
-255.74   	188.60   	  4.62   	 -10.17		
-248.72   	192.57   	  4.58   	 -10.17		
-240.17   	196.23   	  4.54   	 -10.17		
-228.88   	199.58   	  4.50   	 -10.17		
-215.15   	202.33   	  4.46   	  -5.09		
-199.28   	204.47   	  4.44   	 -10.17		
-182.80   	205.69   	  4.39   	  -5.09		
-165.10   	205.38   	  4.37   	  -5.09		
-145.87   	202.94   	  4.35   	  -5.09		
-124.82   	198.97   	  4.33   	   0.00		
-102.84   	192.26   	  4.33   	  -5.09		
-82.09   	182.50   	  4.31   	   0.00		
-63.17   	169.37   	  4.31   	   0.00		
-47.00   	153.50   	  4.31   	  -5.09		
-32.65   	137.02   	  4.29   	   0.00		
-19.53   	122.07   	  4.29   	  -5.09		
 -7.02   	109.86   	  4.27   	   0.00		
  3.97   	100.40   	  4.27   	  -5.09		
 13.12   	 92.16   	  4.25   	   0.00		
 20.45   	 84.23   	  4.25   	   0.00		
 25.02   	 76.60   	  4.25   	   0.00		
 26.86   	 69.27   	  4.25   	   0.00		
 26.55   	 63.48   	  4.25   	   5.09		
 24.72   	 58.59   	  4.27   	   0.00		
 22.89   	 54.63   	  4.27   	   0.00		
 22.28   	 51.27   	  4.27   	 -10.17		
 22.28   	 48.52   	  4.23   	 -10.17		
 22.58   	 46.39   	  4.19   	 -15.26		
 21.97   	 44.56   	  4.13   	 -20.35		
 20.45   	 43.03   	  4.05   	 -25.43		
 18.62   	 40.89   	  3.95   	 -20.35		
 17.09   	 38.76   	  3.87   	 -15.26		
 15.56   	 36.01   	  3.80   	  -5.09		
 13.73   	 33.26   	  3.78   	   5.09		
 11.60   	 31.13   	  3.80   	  20.35		
 10.07   	 29.91   	  3.89   	  30.52		
  9.46   	 29.91   	  4.01   	  30.52		
 10.07   	 30.52   	  4.13   	  30.52		
 10.07   	 30.82   	  4.25   	  30.52		
  9.46   	 30.52   	  4.37   	  20.35		
  8.24   	 29.60   	  4.46   	  15.26		
  7.02   	 28.08   	  4.52   	  10.17		
  6.10   	 26.25   	  4.56   	  -5.09		
  5.19   	 24.72   	  4.54   	  -5.09		
  3.05   	 23.80   	  4.52   	 -10.17		
  0.00   	 23.19   	  4.48   	  -5.09		
 -2.75   	 23.50   	  4.46   	 -10.17		
 -4.27   	 23.50   	  4.42   	   0.00		
 -3.97   	 23.19   	  4.42   	   0.00		
 -2.14   	 22.58   	  4.42   	  10.17		
 -0.61   	 22.58   	  4.46   	  10.17		
 -0.31   	 22.89   	  4.50   	  15.26		
 -1.22   	 23.80   	  4.56   	  15.26		
 -2.44   	 24.72   	  4.62   	  15.26		
 -3.97   	 25.63   	  4.68   	  10.17		
 -6.41   	 25.63   	  4.72   	  10.17		
 -9.16   	 24.72   	  4.76   	   0.00		
-11.90   	 22.89   	  4.76   	   0.00		
-14.04   	 21.36   	  4.76   	  -5.09		
-14.95   	 20.75   	  4.74   	  -5.09		
-15.26   	 21.36   	  4.72   	  -5.09		
-15.56   	 22.58   	  4.70   	   0.00		
-16.48   	 23.19   	  4.70   	   0.00		
-18.01   	 23.19   	  4.70   	   5.09		
-20.14   	 22.89   	  4.72   	   5.09		
-21.36   	 23.19   	  4.74   	  15.26		
-21.36   	 24.41   	  4.80   	  10.17		
-20.45   	 26.25   	  4.84   	  20.35		
-19.53   	 27.47   	  4.92   	  20.35		
-19.23   	 28.08   	  5.01   	  15.26		
-19.84   	 28.38   	  5.07   	  20.35		
-20.14   	 28.99   	  5.15   	  15.26		
-19.53   	 29.91   	  5.21   	  20.35		
-18.62   	 31.13   	  5.29   	  15.26		
-18.31   	 31.74   	  5.35   	  10.17		
-19.23   	 31.13   	  5.39   	  10.17		
-19.84   	 29.91   	  5.43   	  15.26		
-19.53   	 29.30   	  5.49   	  10.17		
-18.31   	 29.30   	  5.53   	  10.17		
-17.09   	 29.60   	  5.57   	  15.26		
-16.17   	 30.21   	  5.64   	  10.17		
-15.56   	 30.52   	  5.68   	  15.26		
-14.65   	 30.52   	  5.74   	  15.26		
-13.12   	 30.52   	  5.80   	  15.26		
-11.60   	 30.21   	  5.86   	  10.17		
-10.68   	 30.52   	  5.90   	  15.26		
-10.38   	 31.13   	  5.96   	  10.17		
-10.07   	 32.35   	  6.00   	  15.26		
 -9.77   	 33.87   	  6.06   	   5.09		
 -8.85   	 34.79   	  6.08   	   5.09		
 -7.32   	 34.79   	  6.10   	   5.09		
 -5.49   	 34.79   	  6.12   	   5.09		
 -3.97   	 34.48   	  6.14(V)	   0.00		
 -3.97   	 34.18   	  6.14   	  -5.09		
 -5.49   	 33.26   	  6.12   	   0.00		
 -7.63   	 31.74   	  6.12   	 -10.17		
 -9.16   	 29.60   	  6.08   	  -5.09		
 -9.16   	 27.77   	  6.06   	  -5.09		
 -7.63   	 26.86   	  6.04   	 -10.17		
 -5.80   	 26.86   	  6.00   	 -10.17		
 -4.27   	 26.86   	  5.96   	 -10.17		
 -3.66   	 27.16   	  5.92   	  -5.09		
 -3.66   	 26.55   	  5.90   	 -10.17		
 -4.27   	 25.33   	  5.86   	  -5.09		
 -4.58   	 24.11   	  5.84   	  -5.09		
 -4.58   	 23.50   	  5.82   	  -5.09		
 -3.97   	 22.89   	  5.80   	  -5.09		
 -3.97   	 21.67   	  5.78   	  -5.09		
 -4.88   	 19.84   	  5.76   	   0.00		
 -6.10   	 18.62   	  5.76   	  -5.09		
 -6.71   	 19.84   	  5.74   	   0.00		
 -5.49   	 25.02   	  5.74   	   0.00		
 -1.83   	 34.18   	  5.74   	   0.00		
  2.75   	 47.00   	  5.74   	   0.00		
  7.32   	 63.17   	  5.74   	   0.00		
 11.29   	 79.96   	  5.74   	   0.00		
 14.04   	 95.52   	  5.74   	  -5.09		
 16.48   	107.42   	  5.72   	   0.00		
 18.31   	115.05   	  5.72   	   0.00		
 20.14   	119.02   	  5.72   	  -5.09		
 21.06   	122.07   	  5.70   	  -5.09		
 20.45   	124.82   	  5.68   	  -5.09		
 18.01   	126.65   	  5.66   	  -5.09		
 16.17   	126.04   	  5.64   	 -10.17		
 17.40   	122.68   	  5.60   	  -5.09		
 21.97   	118.41   	  5.57   	 -10.17		
 27.77   	114.14   	  5.53   	  -5.09		
 32.96   	111.39   	  5.51   	 -10.17		
 35.71   	108.95   	  5.47   	 -10.17		
 37.84   	102.54   	  5.43   	 -10.17		
 41.50   	 87.28   	  5.39   	 -10.17		
 47.91   	 61.34   	  5.35   	  -5.09		
 55.24   	 28.38   	  5.33   	 -10.17		
 60.12   	 -2.75   	  5.29   	  -5.09		
 60.42   	-21.67   	  5.27   	 -10.17		
 56.46   	-23.80   	  5.23   	  -5.09		
 50.35   	-12.82   	  5.21   	 -10.17		
 43.64   	  2.75   	  5.17   	 -10.17		
 37.54   	 15.56   	  5.13   	 -10.17		
 30.52   	 22.28   	  5.09   	 -10.17		
 21.67   	 22.28   	  5.05   	 -10.17		
 11.60   	 16.48   	  5.01   	 -15.26		
  2.44   	  5.80   	  4.94   	 -20.35		
 -3.97   	 -7.32   	  4.86   	 -25.43		
 -6.71   	-19.53   	  4.76   	 -20.35		
 -7.32   	-27.16   	  4.68   	 -25.43		
 -7.63   	-29.30   	  4.58   	 -15.26		
 -8.54   	-27.77   	  4.52   	 -15.26		
-10.38   	-25.02   	  4.46   	   0.00		
-12.51   	-23.80   	  4.46   	  15.26		
-14.65   	-23.50   	  4.52   	  25.43		
-16.48   	-24.11   	  4.62   	  35.61		
-17.70   	-25.02   	  4.76   	  50.86		
-17.70   	-25.02   	  4.96   	  50.86		
-17.40   	-24.41   	  5.17   	  55.95		
-16.48   	-22.89   	  5.39   	  55.95		
-16.17   	-21.06   	  5.62   	  45.78		
-16.48   	-19.53   	  5.80   	  35.61		
-17.09   	-18.62   	  5.94   	  30.52		
-17.40   	-18.92   	  6.06   	  15.26		
-17.70   	-19.23   	  6.12   	   5.09		
-17.40   	-19.84   	  6.14   	   0.00		
-16.48   	-19.53   	  6.14   	 -15.26		
-15.56   	-18.62   	  6.08   	 -15.26		
-15.26   	-16.78   	  6.02   	 -15.26		
-15.56   	-14.65   	  5.96   	 -20.35		
-17.09   	-12.51   	  5.88   	 -15.26		
-18.92   	-10.38   	  5.82   	 -15.26		
-19.53   	 -9.16   	  5.76   	 -15.26		
-18.62   	 -8.54   	  5.70   	 -10.17		
-16.78   	 -7.93   	  5.66   	 -10.17		
-14.65   	 -7.63   	  5.62   	 -10.17		
-12.82   	 -7.63   	  5.57   	  -5.09		
-11.29   	 -7.93   	  5.55   	 -10.17		
 -9.16   	 -8.54   	  5.51   	  -5.09		
 -6.10   	 -8.54   	  5.49   	  -5.09		
 -1.83   	 -7.02   	  5.47   	   0.00		
  2.75   	 -2.75   	  5.47   	   0.00		
  7.02   	  4.88   	  5.47   	   0.00		
 11.60   	 16.17   	  5.47   	  10.17		
 18.31   	 32.04   	  5.51   	  10.17		
 29.30   	 53.10   	  5.55   	  10.17		
 46.39   	 82.09   	  5.60   	  20.35		
 70.80   	123.90   	  5.68   	  15.26		
101.32   	177.61   	  5.74   	  15.26		
136.72   	228.27   	  5.80   	  15.26		
172.73   	248.41   	  5.86   	  15.26		
205.38   	209.35   	  5.92   	  10.17		
230.71   	101.01   	  5.96   	  10.17		
249.94   	-54.02   	  6.00   	  10.17		
268.86   	-209.05   	  6.04   	   5.09		
295.10   	-318.30   	  6.06   	   5.09		
333.25   	-362.85   	  6.08   	   5.09		
380.25   	-356.45   	  6.10   	  10.17		
428.16   	-332.03   	  6.14   	   5.09		
465.70   	-322.27   	  6.16   	  10.17		
484.62   	-339.97   	  6.21   	  10.17		
481.87   	-373.23   	  6.25   	  10.17		
460.21   	-401.31   	  6.29   	   5.09		
429.08   	-411.68   	  6.31   	  10.17		
397.95   	-410.77   	  6.35   	   5.09		
372.62   	-419.62   	  6.37   	   0.00		
356.75   	-456.54   	  6.37   	   0.00		
350.34   	-522.77   	  6.37   	   0.00		
351.87   	-603.33   	  6.37   	  -5.09		
359.80   	-678.71   	  6.35   	   0.00		
370.48   	-740.36   	  6.35   	  -5.09		
379.03   	-790.71   	  6.33   	   0.00		
382.69   	-835.57   	  6.33   	  -5.09		
382.39   	-877.38   	  6.31   	  -5.09		
383.30   	-913.39   	  6.29   	 -10.17		
387.57   	-939.94   	  6.25   	 -10.17		
393.98   	-953.98   	  6.21   	 -15.26		
397.64(R)	-953.67   	  6.14   	 -20.35		
392.46   	-936.28   	  6.06   	 -20.35		
374.76   	-895.69   	  5.98   	 -15.26		
342.10   	-825.50   	  5.92   	 -10.17		
292.05   	-722.66   	  5.88   	  -5.09		
225.52   	-592.35   	  5.86   	   5.09		
149.54   	-451.97   	  5.88   	  10.17		
 75.38   	-323.49   	  5.92   	  25.43		
 14.04   	-223.39   	  6.02   	  30.52		
-30.21   	-151.67   	  6.14   	  35.61		
-61.34   	-96.13   	  6.29   	  35.61		
-86.98   	-44.25   	  6.43   	  30.52		
-110.47   	  6.41   	  6.55   	  25.43		
-129.39   	 47.91   	  6.65   	  15.26		
-139.47   	 72.33   	  6.71   	   5.09		
-141.60   	 81.18   	  6.73(A)	 -10.17		
-140.08   	 83.92   	  6.69   	 -20.35		
-140.08   	 90.03   	  6.61   	 -30.52		
-143.43   	101.62   	  6.49   	 -35.61		
-147.40   	113.83   	  6.35   	 -40.69		
-150.45   	121.46   	  6.19   	 -35.61		
-152.28   	123.60   	  6.04   	 -40.69		
-153.50   	123.29   	  5.88   	 -30.52		
-155.03   	124.82   	  5.76   	 -30.52		
-156.86   	128.17   	  5.64   	 -25.43		
-158.08   	132.45   	  5.53   	 -25.43		
-159.00   	135.80   	  5.43   	 -20.35		
-159.91   	137.94   	  5.35   	 -15.26		
-161.13   	139.16   	  5.29   	 -15.26		
-162.35   	140.38   	  5.23   	 -10.17		
-163.88   	141.91   	  5.19   	  -5.09		
-165.10   	144.35   	  5.17   	  -5.09		
-166.02   	146.79   	  5.15   	  -5.09		
-166.93   	148.93   	  5.13   	   5.09		
-168.76   	149.84   	  5.15   	   0.00		
-171.20   	149.84   	  5.15   	   5.09		
-173.95   	149.84   	  5.17   	   0.00		
-176.09   	150.15   	  5.17   	   0.00		
-178.22   	151.67   	  5.17   	  -5.09		
-181.27   	153.81   	  5.15   	 -10.17		
-185.24   	156.25   	  5.11   	 -15.26		
-189.82   	158.08   	  5.05   	 -20.35		
-194.09   	159.30   	  4.96   	 -25.43		
-197.45   	159.61   	  4.86   	 -25.43		
-200.81   	159.30   	  4.76   	 -20.35		
-205.08   	158.69   	  4.68   	 -20.35		
-210.27   	159.00   	  4.60   	 -15.26		
-216.37   	159.61   	  4.54   	  -5.09		
-223.08   	160.83   	  4.52   	   5.09		
-230.10   	161.74   	  4.54   	   5.09		
-237.12   	162.66   	  4.56   	  10.17		
-243.84   	164.18   	  4.60   	  15.26		
-249.63   	166.32   	  4.66   	  10.17		
-254.82   	169.07   	  4.70   	  15.26		
-259.70   	171.20   	  4.76   	   5.09		
-264.89   	173.03   	  4.78   	   5.09		
-269.47   	173.95   	  4.80   	  -5.09		
-272.22   	175.48   	  4.78   	   0.00		
-272.22   	177.92   	  4.78   	  -5.09		
-268.86   	181.58   	  4.76   	  -5.09		
-263.06   	186.16   	  4.74   	  -5.09		
-255.43   	190.73   	  4.72   	  -5.09		
-247.19   	195.01   	  4.70   	  -5.09		
-238.65   	198.67   	  4.68   	  -5.09		
-229.49   	201.72   	  4.66   	 -10.17		
-217.59   	205.08   	  4.62   	  -5.09		
-202.33   	207.82   	  4.60   	 -10.17		
-184.63   	208.74   	  4.56   	  -5.09		
-165.71   	207.21   	  4.54   	 -15.26		
-147.09   	203.55   	  4.48   	 -10.17		
-128.78   	198.36   	  4.44   	  -5.09		
-108.95   	192.26   	  4.42   	 -10.17		
-87.28   	184.33   	  4.37   	  -5.09		
-65.92   	173.34   	  4.35   	   0.00		
-46.39   	159.00   	  4.35   	  -5.09		
-30.21   	142.82   	  4.33   	   0.00		
-16.78   	126.95   	  4.33   	   0.00		
 -4.88   	112.92   	  4.33   	   0.00		
  5.80   	101.62   	  4.33   	  -5.09		
 14.95   	 91.86   	  4.31   	   0.00		
 21.06   	 83.31   	  4.31   	  -5.09		
 24.41   	 75.68   	  4.29   	  -5.09		
 26.25   	 68.97   	  4.27   	   0.00		
 27.47   	 63.17   	  4.27   	  -5.09		
 28.69   	 57.98   	  4.25   	   0.00		
 29.60   	 52.80   	  4.25   	  -5.09		
 29.30   	 47.91   	  4.23   	  -5.09		
 27.77   	 43.64   	  4.21   	 -10.17		
 25.33   	 40.59   	  4.17   	 -10.17		
 23.19   	 39.06   	  4.13   	 -15.26		
 21.67   	 38.76   	  4.07   	 -15.26		
 21.06   	 39.06   	  4.01   	 -20.35		
 21.36   	 39.37   	  3.93   	 -10.17		
 21.97   	 39.06   	  3.89   	 -10.17		
 21.97   	 38.45   	  3.85   	   0.00		
 19.84   	 36.62   	  3.85   	  10.17		
 15.87   	 33.87   	  3.89   	  10.17		
 10.68   	 30.52   	  3.93   	  20.35		
  6.71   	 28.08   	  4.01   	  15.26		
  4.58   	 27.16   	  4.07   	  20.35		
  4.88   	 26.55   	  4.15   	  15.26		
  5.49   	 25.94   	  4.21   	  15.26		
  5.49   	 24.11   	  4.27   	  15.26		
  4.88   	 21.97   	  4.33   	   5.09		
  3.97   	 19.84   	  4.35   	   5.09		
  3.05   	 18.31   	  4.37   	   5.09		
  1.53   	 17.09   	  4.39   	   5.09		
 -0.61   	 15.87   	  4.42   	   5.09		
 -2.14   	 14.65   	  4.44   	   5.09		
 -2.75   	 14.34   	  4.46   	   0.00		
 -1.83   	 14.95   	  4.46   	   5.09		
 -0.31   	 15.87   	  4.48   	  10.17		
  1.22   	 16.78   	  4.52   	   5.09		
  1.53   	 17.09   	  4.54   	   5.09		
  0.61   	 18.01   	  4.56   	   0.00		
 -0.61   	 18.92   	  4.56   	   5.09		
 -2.44   	 19.84   	  4.58   	   5.09		
 -4.58   	 20.14   	  4.60   	   0.00		
 -6.71   	 19.84   	  4.60   	   0.00		
 -8.24   	 20.14   	  4.60   	   0.00		
 -9.16   	 21.36   	  4.60   	   0.00		
 -9.77   	 22.89   	  4.60   	   0.00		
-10.07   	 24.11   	  4.60   	   0.00		
-10.68   	 24.72   	  4.60   	   5.09		
-11.60   	 24.72   	  4.62   	   0.00		
-12.51   	 25.02   	  4.62   	  10.17		
-14.04   	 25.63   	  4.66   	  10.17		
-16.48   	 26.55   	  4.70   	  10.17		
-19.23   	 27.16   	  4.74   	  10.17		
-20.75   	 28.08   	  4.78   	  15.26		
-19.53   	 28.99   	  4.84   	  15.26		
-15.56   	 30.82   	  4.90   	  15.26		
-10.68   	 32.65   	  4.96   	  15.26		
 -8.24   	 32.96   	  5.03   	  15.26		
 -9.77   	 31.13   	  5.09   	  15.26		
-14.04   	 28.38   	  5.15   	  15.26		
-18.01   	 25.33   	  5.21   	  15.26		
-19.23   	 23.80   	  5.27   	  15.26		
-17.40   	 24.11   	  5.33   	  15.26		
-14.34   	 25.02   	  5.39   	  15.26		
-11.90   	 25.94   	  5.45   	  10.17		
-10.99   	 25.63   	  5.49   	  15.26		
-11.29   	 24.11   	  5.55   	  15.26		
-12.51   	 22.58   	  5.62   	  10.17		
-13.43   	 21.06   	  5.66   	  15.26		
-13.43   	 20.75   	  5.72   	  10.17		
-11.60   	 21.36   	  5.76   	  15.26		
 -8.54   	 22.89   	  5.82   	  15.26		
 -5.49   	 24.11   	  5.88   	  15.26		
 -4.27   	 24.11   	  5.94   	  10.17		
 -5.19   	 22.58   	  5.98   	  10.17		
 -7.63   	 20.75   	  6.02   	  10.17		
 -9.16   	 18.92   	  6.06   	   5.09		
 -9.16   	 18.62   	  6.08   	   0.00		
 -7.32   	 19.84   	  6.08   	   0.00		
 -5.19   	 21.36   	  6.08   	   0.00		
 -3.36   	 22.89   	  6.08   	  -5.09		
 -1.53   	 24.41   	  6.06   	 -10.17		
  0.31   	 25.33   	  6.02   	 -10.17		
  1.53   	 25.33   	  5.98   	 -10.17		
  1.83   	 23.80   	  5.94   	 -10.17		
  0.92   	 20.75   	  5.90   	  -5.09		
 -1.22   	 17.09   	  5.88   	 -10.17		
 -3.05   	 13.73   	  5.84   	  -5.09		
 -3.97   	 12.21   	  5.82   	 -10.17		
 -4.27   	 11.90   	  5.78   	   0.00		
 -4.58   	 12.21   	  5.78   	  -5.09		
 -4.58   	 11.60   	  5.76   	   0.00		
 -4.88   	 10.68   	  5.76   	  -5.09		
 -4.58   	 10.07   	  5.74   	   0.00		
 -3.36   	 11.29   	  5.74   	   0.00		
  0.00   	 15.87   	  5.74   	   0.00		
  4.27   	 23.50   	  5.74   	   0.00		
  8.85   	 34.48   	  5.74   	   0.00		
 10.99   	 48.22   	  5.74   	  -5.09		
 10.38   	 63.48   	  5.72   	   0.00		
  8.24   	 78.13   	  5.72   	  -5.09		
  7.32   	 90.03   	  5.70   	   0.00		
  9.46   	 98.57   	  5.70   	  -5.09		
 14.95   	104.68   	  5.68   	   0.00		
 20.75   	109.86   	  5.68   	  -5.09		
 25.02   	115.36   	  5.66   	  -5.09		
 26.86   	119.93   	  5.64   	  -5.09		
 26.86   	120.85   	  5.62   	  -5.09		
 27.16   	117.49   	  5.60   	  -5.09		
 28.69   	112.00   	  5.57   	  -5.09		
 31.43   	107.12   	  5.55   	  -5.09		
 33.57   	104.68   	  5.53   	 -10.17		
 34.79   	102.84   	  5.49   	 -10.17		
 36.01   	 96.44   	  5.45   	 -10.17		
 39.06   	 80.26   	  5.41   	  -5.09		
 45.47   	 52.80   	  5.39   	 -10.17		
 53.10   	 18.62   	  5.35   	 -10.17		
 58.90   	-12.82   	  5.31   	 -10.17		
 60.42   	-31.74   	  5.27   	  -5.09		
 56.76   	-34.48   	  5.25   	 -10.17		
 50.66   	-24.41   	  5.21   	 -10.17		
 45.17   	 -9.46   	  5.17   	  -5.09		
 41.20   	  3.05   	  5.15   	 -10.17		
 36.93   	 10.07   	  5.11   	 -10.17		
 29.30   	 10.38   	  5.07   	 -15.26		
 18.31   	  4.27   	  5.01   	 -15.26		
  6.10   	 -7.02   	  4.94   	 -15.26		
 -2.75   	-21.36   	  4.88   	 -25.43		
 -6.41   	-34.79   	  4.78   	 -25.43		
 -6.41   	-42.72   	  4.68   	 -20.35		
 -5.80   	-43.95   	  4.60   	 -25.43		
 -6.10   	-40.59   	  4.50   	 -10.17		
 -7.02   	-36.01   	  4.46   	   0.00		
 -7.93   	-32.96   	  4.46   	  10.17		
 -8.85   	-32.04   	  4.50   	  25.43		
-10.07   	-32.65   	  4.60   	  35.61		
-11.90   	-34.18   	  4.74   	  50.86		
-13.73   	-35.10   	  4.94   	  55.95		
-14.34   	-34.79   	  5.17   	  55.95		
-13.43   	-33.57   	  5.39   	  55.95		
-12.82   	-32.04   	  5.62   	  45.78		
-12.51   	-30.52   	  5.80   	  40.69		
-13.43   	-29.91   	  5.96   	  30.52		
-14.95   	-29.91   	  6.08   	  15.26		
-15.87   	-29.91   	  6.14   	   5.09		
-15.87   	-29.60   	  6.16   	   0.00		
-15.26   	-28.69   	  6.16   	 -10.17		
-14.34   	-27.47   	  6.12   	 -15.26		
-13.43   	-25.94   	  6.06   	 -15.26		
-13.12   	-24.41   	  6.00   	 -15.26		
-13.43   	-23.19   	  5.94   	 -20.35		
-13.73   	-22.28   	  5.86   	 -15.26		
-13.73   	-21.06   	  5.80   	 -10.17		
-13.12   	-19.53   	  5.76   	 -15.26		
-12.21   	-18.01   	  5.70   	  -5.09		
-11.29   	-16.78   	  5.68   	 -10.17		
-10.07   	-16.78   	  5.64   	 -10.17		
 -8.54   	-17.09   	  5.60   	  -5.09		
 -6.71   	-17.70   	  5.57   	  -5.09		
 -4.58   	-17.70   	  5.55   	  -5.09		
 -2.44   	-16.48   	  5.53   	  -5.09		
  0.00   	-14.04   	  5.51   	   0.00		
  3.66   	 -8.85   	  5.51   	   0.00		
  9.16   	  1.83   	  5.51   	   5.09		
 18.31   	 18.62   	  5.53   	  10.17		
 31.74   	 41.81   	  5.57   	  10.17		
 50.35   	 72.33   	  5.62   	  15.26		
 75.38   	112.92   	  5.68   	  15.26		
106.51   	163.27   	  5.74   	  15.26		
141.91   	210.57   	  5.80   	  20.35		
177.92   	229.80   	  5.88   	  15.26		
208.74   	191.65   	  5.94   	  15.26		
232.24   	 85.45   	  6.00   	  15.26		
250.55   	-68.36   	  6.06   	  10.17		
270.39   	-223.39   	  6.10   	  10.17		
298.46   	-333.25   	  6.14   	  10.17		
337.52   	-377.50   	  6.19   	   5.09		
383.91   	-370.18   	  6.21   	  10.17		
429.38   	-344.54   	  6.25   	  10.17		
464.17   	-334.47   	  6.29   	  10.17		
480.96   	-351.87   	  6.33   	  10.17		
476.68   	-385.13   	  6.37   	   5.09		
454.41   	-413.21   	  6.39   	  10.17		
422.67   	-422.97   	  6.43   	   5.09		
390.93   	-421.45   	  6.45   	   5.09		
366.52   	-429.99   	  6.47   	  -5.09		
352.48   	-467.22   	  6.45   	  -5.09		
348.82   	-534.67   	  6.43   	  -5.09		
353.09   	-616.76   	  6.41   	 -10.17		
361.94   	-694.27   	  6.37   	 -10.17		
371.09   	-758.36   	  6.33   	  -5.09		
377.20   	-811.46   	  6.31   	 -10.17		
378.42   	-858.46   	  6.27   	   0.00		
376.28   	-900.57   	  6.27   	  -5.09		
375.98   	-935.06   	  6.25   	  -5.09		
379.94   	-958.25   	  6.23   	  -5.09		
387.27   	-968.02   	  6.21   	  -5.09		
392.15(R)	-964.05   	  6.19   	 -10.17		
388.49   	-944.21   	  6.14   	 -10.17		
371.09   	-903.32   	  6.10   	 -10.17		
337.52   	-834.66   	  6.06   	 -10.17		
287.48   	-733.03   	  6.02   	  -5.09		
223.08   	-603.03   	  6.00   	   0.00		
150.15   	-461.73   	  6.00   	   5.09		
 77.21   	-331.73   	  6.02   	  15.26		
 13.73   	-230.10   	  6.08   	  25.43		
-35.10   	-157.47   	  6.19   	  30.52		
-69.58   	-101.32   	  6.31   	  30.52		
-93.99   	-48.22   	  6.43   	  35.61		
-112.30   	  3.66   	  6.57   	  30.52		
-125.73   	 45.17   	  6.69   	  15.26		
-134.58   	 68.36   	  6.75   	  10.17		
-139.47   	 74.16   	  6.80(A)	  -5.09		
-143.13   	 72.94   	  6.78   	 -20.35		
-146.79   	 75.68   	  6.69   	 -30.52		
-150.76   	 85.45   	  6.57   	 -35.61		
-154.11   	 98.27   	  6.43   	 -45.78		
-156.25   	108.64   	  6.25   	 -40.69		
-158.08   	113.83   	  6.08   	 -45.78		
-159.91   	115.36   	  5.90   	 -40.69		
-160.83   	116.58   	  5.74   	 -35.61		
-160.83   	118.71   	  5.60   	 -30.52		
-159.91   	122.68   	  5.47   	 -20.35		
-159.30   	126.65   	  5.39   	 -15.26		
-159.91   	129.39   	  5.33   	 -10.17		
-162.66   	130.00   	  5.29   	  -5.09		
-167.24   	129.39   	  5.27   	   0.00		
-171.81   	128.78   	  5.27   	   0.00		
-174.87   	130.31   	  5.27   	   5.09		
-175.48   	133.36   	  5.29   	   5.09		
-175.17   	137.02   	  5.31   	   5.09		
-175.17   	139.16   	  5.33   	   0.00		
-177.31   	139.47   	  5.33   	   5.09		
-180.36   	139.47   	  5.35   	   0.00		
-183.11   	140.38   	  5.35   	   5.09		
-185.24   	143.13   	  5.37   	  -5.09		
-186.77   	146.48   	  5.35   	  -5.09		
-189.51   	148.93   	  5.33   	  -5.09		
-194.40   	149.54   	  5.31   	 -10.17		
-200.81   	149.54   	  5.27   	 -15.26		
-207.52   	149.84   	  5.21   	 -10.17		
-213.01   	151.06   	  5.17   	 -15.26		
-217.29   	152.89   	  5.11   	 -10.17		
-222.17   	154.42   	  5.07   	 -15.26		
-228.27   	154.72   	  5.01   	 -10.17		
-235.90   	154.11   	  4.96   	 -15.26		
-244.14   	152.89   	  4.90   	 -10.17		
-251.16   	151.98   	  4.86   	 -15.26		
-256.04   	152.28   	  4.80   	  -5.09		
-259.70   	153.81   	  4.78   	 -10.17		
-262.76   	155.64   	  4.74   	  -5.09		
-265.81   	157.78   	  4.72   	   0.00		
-268.86   	160.22   	  4.72   	   0.00		
-271.30   	163.27   	  4.72   	   5.09		
-273.44   	166.63   	  4.74   	   5.09		
-274.66   	169.98   	  4.76   	  10.17		
-274.96   	173.34   	  4.80   	   5.09		
-273.44   	176.39   	  4.82   	   5.09		
-268.55   	180.36   	  4.84   	   5.09		
-260.31   	185.55   	  4.86   	   0.00		
-249.33   	191.65   	  4.86   	   0.00		
-236.51   	197.14   	  4.86   	 -10.17		
-222.78   	201.42   	  4.82   	 -10.17		
-208.13   	203.25   	  4.78   	 -15.26		
-193.18   	202.94   	  4.72   	 -20.35		
-177.31   	200.81   	  4.64   	 -15.26		
-160.22   	197.45   	  4.58   	 -15.26		
-141.60   	192.87   	  4.52   	 -15.26		
-121.77   	186.46   	  4.46   	 -10.17		
-101.01   	177.92   	  4.42   	  -5.09		
-79.96   	166.63   	  4.39   	   0.00		
-59.81   	153.50   	  4.39   	   0.00		
-40.59   	139.16   	  4.39   	   5.09		
-23.80   	124.82   	  4.42   	   0.00		
-10.38   	111.39   	  4.42   	   5.09		
 -0.61   	 99.49   	  4.44   	   5.09		
  5.80   	 89.72   	  4.46   	   0.00		
 10.38   	 82.40   	  4.46   	   0.00		
 14.34   	 77.21   	  4.46   	  -5.09		
 18.62   	 72.94   	  4.44   	  -5.09		
 23.19   	 68.05   	  4.42   	  -5.09		
 26.86   	 62.56   	  4.39   	  -5.09		
 28.08   	 56.15   	  4.37   	  -5.09		
 26.55   	 50.05   	  4.35   	  -5.09		
 23.19   	 45.17   	  4.33   	 -10.17		
 20.14   	 42.11   	  4.29   	  -5.09		
 17.70   	 40.59   	  4.27   	 -15.26		
 16.48   	 39.67   	  4.21   	 -10.17		
 15.56   	 38.45   	  4.17   	 -15.26		
 14.04   	 36.32   	  4.11   	 -10.17		
 11.60   	 34.18   	  4.07   	  -5.09		
  9.46   	 32.35   	  4.05   	  -5.09		
  7.32   	 31.13   	  4.03   	   5.09		
  6.10   	 29.60   	  4.05   	   5.09		
  5.49   	 28.08   	  4.07   	  10.17		
  5.19   	 26.55   	  4.11   	  10.17		
  5.49   	 25.02   	  4.15   	  10.17		
  6.41   	 24.72   	  4.19   	  15.26		
  6.71   	 24.41   	  4.25   	   5.09		
  5.80   	 24.11   	  4.27   	  10.17		
  3.97   	 23.50   	  4.31   	   5.09		
  1.83   	 22.28   	  4.33   	   0.00		
  0.00   	 21.06   	  4.33   	   5.09		
 -1.53   	 19.53   	  4.35   	   0.00		
 -3.36   	 17.09   	  4.35   	   5.09		
 -4.88   	 14.34   	  4.37   	   5.09		
 -6.41   	 12.51   	  4.39   	   5.09		
 -6.71   	 11.90   	  4.42   	  10.17		
 -6.10   	 12.51   	  4.46   	  10.17		
 -5.49   	 13.43   	  4.50   	  10.17		
 -5.49   	 14.34   	  4.54   	  10.17		
 -6.71   	 14.34   	  4.58   	   5.09		
 -8.24   	 14.65   	  4.60   	  10.17		
-10.07   	 14.95   	  4.64   	   5.09		
-12.51   	 15.26   	  4.66   	   5.09		
-14.95   	 15.56   	  4.68   	   0.00		
-16.48   	 15.87   	  4.68   	  -5.09		
-16.78   	 16.48   	  4.66   	   0.00		
-16.17   	 17.40   	  4.66   	  -5.09		
-15.56   	 18.92   	  4.64   	   0.00		
-15.87   	 20.45   	  4.64   	   0.00		
-16.17   	 21.97   	  4.64   	   5.09		
-16.78   	 23.80   	  4.66   	  10.17		
-16.78   	 24.72   	  4.70   	  10.17		
-17.40   	 24.41   	  4.74   	  15.26		
-19.23   	 22.58   	  4.80   	  15.26		
-22.28   	 19.53   	  4.86   	  15.26		
-25.33   	 16.78   	  4.92   	  20.35		
-26.55   	 14.95   	  5.01   	  15.26		
-25.33   	 15.26   	  5.07   	  15.26		
-22.58   	 17.40   	  5.13   	  15.26		
-19.84   	 19.84   	  5.19   	  15.26		
-19.23   	 21.67   	  5.25   	  15.26		
-20.14   	 21.97   	  5.31   	  15.26		
-21.97   	 21.06   	  5.37   	  15.26		
-22.58   	 20.14   	  5.43   	  10.17		
-21.67   	 20.14   	  5.47   	  15.26		
-19.53   	 20.75   	  5.53   	  15.26		
-17.40   	 21.06   	  5.60   	  10.17		
-17.09   	 20.45   	  5.64   	  15.26		
-18.01   	 18.92   	  5.70   	  10.17		
-19.23   	 17.09   	  5.74   	  15.26		
-18.92   	 16.17   	  5.80   	  10.17		
-16.78   	 16.48   	  5.84   	  10.17		
-14.34   	 17.40   	  5.88   	  10.17		
-13.43   	 17.70   	  5.92   	  10.17		
-14.04   	 17.09   	  5.96   	  10.17		
-15.56   	 15.87   	  6.00   	  10.17		
-16.48   	 14.95   	  6.04   	   5.09		
-16.17   	 14.65   	  6.06   	   0.00		
-14.65   	 14.95   	  6.06   	   5.09		
-13.43   	 14.95   	  6.08   	   0.00		
-12.51   	 14.65   	  6.08(V)	   0.00		
-12.51   	 14.34   	  6.08   	  -5.09		
-12.82   	 13.43   	  6.06   	   0.00		
-13.43   	 13.12   	  6.06   	  -5.09		
-13.12   	 12.82   	  6.04   	  -5.09		
-12.21   	 12.51   	  6.02   	   0.00		
-11.60   	 11.90   	  6.02   	 -10.17		
-10.99   	 11.29   	  5.98   	  -5.09		
-10.99   	 10.99   	  5.96   	  -5.09		
-10.99   	 11.29   	  5.94   	  -5.09		
-10.68   	 12.21   	  5.92   	 -10.17		
 -9.77   	 12.82   	  5.88   	  -5.09		
 -8.85   	 13.43   	  5.86   	  -5.09		
 -7.93   	 13.73   	  5.84   	 -10.17		
 -6.71   	 14.34   	  5.80   	   0.00		
 -5.49   	 14.95   	  5.80   	  -5.09		
 -5.19   	 14.95   	  5.78   	  -5.09		
 -5.80   	 14.95   	  5.76   	   0.00		
 -6.10   	 16.78   	  5.76   	  -5.09		
 -5.19   	 23.19   	  5.74   	   0.00		
 -2.14   	 35.40   	  5.74   	   0.00		
  2.14   	 52.49   	  5.74   	   0.00		
  6.10   	 70.50   	  5.74   	   0.00		
  8.85   	 85.75   	  5.74   	  -5.09		
 10.07   	 95.52   	  5.72   	   0.00		
 11.29   	100.71   	  5.72   	  -5.09		
 12.82   	104.06   	  5.70   	   0.00		
 14.95   	109.25   	  5.70   	  -5.09		
 16.17   	115.66   	  5.68   	  -5.09		
 16.48   	119.63   	  5.66   	 -10.17		
 15.87   	118.10   	  5.62   	  -5.09		
 16.17   	111.39   	  5.60   	  -5.09		
 18.31   	103.15   	  5.57   	 -10.17		
 21.67   	 97.35   	  5.53   	  -5.09		
 26.25   	 95.83   	  5.51   	 -10.17		
 30.21   	 94.91   	  5.47   	  -5.09		
 33.87   	 86.98   	  5.45   	 -10.17		
 38.15   	 66.53   	  5.41   	  -5.09		
 43.33   	 34.79   	  5.39   	 -10.17		
 49.13   	  0.00   	  5.35   	  -5.09		
 54.32   	-25.63   	  5.33   	 -10.17		
 56.15   	-34.48   	  5.29   	  -5.09		
 53.71   	-27.16   	  5.27   	 -10.17		
 47.30   	-11.90   	  5.23   	  -5.09		
 39.67   	  2.14   	  5.21   	 -10.17		
 31.74   	  9.46   	  5.17   	 -10.17		
 24.41   	 10.38   	  5.13   	 -10.17		
 17.09   	  6.41   	  5.09   	 -15.26		
  9.46   	 -1.22   	  5.03   	 -15.26		
  2.14   	-11.90   	  4.96   	 -20.35		
 -3.66   	-24.72   	  4.88   	 -25.43		
 -7.32   	-35.71   	  4.78   	 -25.43		
 -8.85   	-41.50   	  4.68   	 -20.35		
 -9.77   	-41.81   	  4.60   	 -20.35		
-10.07   	-38.45   	  4.52   	 -10.17		
-10.99   	-34.79   	  4.48   	   5.09		
-12.51   	-33.87   	  4.50   	  20.35		
-14.34   	-35.10   	  4.58   	  35.61		
-15.56   	-36.93   	  4.72   	  40.69		
-16.48   	-38.76   	  4.88   	  55.95		
-17.09   	-39.37   	  5.11   	  55.95		
-18.01   	-39.06   	  5.33   	  55.95		
-19.23   	-38.45   	  5.55   	  55.95		
-20.75   	-37.84   	  5.78   	  40.69		
-21.97   	-37.54   	  5.94   	  35.61		
-22.58   	-36.93   	  6.08   	  20.35		
-22.28   	-36.01   	  6.16   	  15.26		
-21.36   	-35.10   	  6.23   	   0.00		
-20.14   	-34.18   	  6.23   	  -5.09		
-18.92   	-33.57   	  6.21   	 -10.17		
-17.70   	-32.96   	  6.16   	 -15.26		
-17.40   	-31.43   	  6.10   	 -15.26		
-17.40   	-29.30   	  6.04   	 -20.35		
-18.01   	-26.55   	  5.96   	 -15.26		
-18.92   	-24.41   	  5.90   	 -10.17		
-18.62   	-23.19   	  5.86   	 -15.26		
-17.09   	-22.58   	  5.80   	 -10.17		
-14.65   	-21.97   	  5.76   	 -10.17		
-12.21   	-21.67   	  5.72   	 -10.17		
-10.38   	-21.97   	  5.68   	 -10.17		
 -9.16   	-22.28   	  5.64   	  -5.09		
 -7.32   	-22.28   	  5.62   	  -5.09		
 -4.27   	-20.14   	  5.60   	 -10.17		
 -0.31   	-15.87   	  5.55   	   0.00		
  3.97   	 -9.16   	  5.55   	   0.00		
  8.85   	  0.00   	  5.55   	   5.09		
 15.26   	 12.82   	  5.57   	   5.09		
 24.72   	 30.21   	  5.60   	  10.17		
 39.37   	 54.93   	  5.64   	  10.17		
 60.12   	 90.64   	  5.68   	  15.26		
 87.59   	139.77   	  5.74   	  15.26		
121.15   	193.79   	  5.80   	  15.26		
157.78   	230.41   	  5.86   	  15.26		
191.96   	219.42   	  5.92   	  15.26		
219.73   	140.08   	  5.98   	  10.17		
239.26   	  0.31   	  6.02   	  10.17		
255.74   	-162.05   	  6.06   	   5.09		
277.40   	-296.63   	  6.08   	  10.17		
311.28   	-369.87   	  6.12   	  10.17		
357.36   	-380.86   	  6.16   	  10.17		
408.94   	-357.67   	  6.21   	  10.17		
453.49   	-336.91   	  6.25   	  10.17		
480.04   	-342.41   	  6.29   	  15.26		
483.40   	-372.62   	  6.35   	  10.17		
466.00   	-406.80   	  6.39   	  10.17		
436.40   	-426.64   	  6.43   	  10.17		
404.36   	-428.77   	  6.47   	   5.09		
377.20   	-431.21   	  6.49   	   0.00		
358.58   	-456.24   	  6.49   	   0.00		
350.04   	-513.31   	  6.49   	 -10.17		
351.26   	-592.04   	  6.45   	  -5.09		
360.11   	-671.39   	  6.43   	 -10.17		
372.01   	-737.61   	  6.39   	  -5.09		
380.86   	-790.41   	  6.37   	  -5.09		
383.30   	-836.18   	  6.35   	   0.00		
380.55   	-879.21   	  6.35   	   5.09		
378.72   	-917.66   	  6.37   	   0.00		
382.69   	-946.66   	  6.37   	   0.00		
392.15   	-961.30   	  6.37   	   0.00		
400.70   	-961.61   	  6.37   	 -10.17		
401.00(R)	-947.57   	  6.33   	 -15.26		
386.96   	-916.14   	  6.27   	 -15.26		
356.75   	-860.90   	  6.21   	 -20.35		
310.36   	-774.54   	  6.12   	 -15.26		
249.94   	-656.13   	  6.06   	 -10.17		
180.05   	-517.27   	  6.02   	   0.00		
107.73   	-380.55   	  6.02   	  10.17		
 41.20   	-267.94   	  6.06   	  15.26		
-13.43   	-187.07   	  6.12   	  25.43		
-55.24   	-128.78   	  6.23   	  30.52		
-86.67   	-77.82   	  6.35   	  35.61		
-110.78   	-25.94   	  6.49   	  25.43		
-128.48   	 21.06   	  6.59   	  25.43		
-138.85   	 53.41   	  6.69   	  10.17		
-143.13   	 68.05   	  6.73   	   5.09		
-144.04   	 72.02   	  6.75(A)	 -15.26		
-145.26   	 75.99   	  6.69   	 -20.35		
-148.93   	 85.75   	  6.61   	 -35.61		
-154.11   	 99.49   	  6.47   	 -40.69		
-158.08   	111.39   	  6.31   	 -45.78		
-160.52   	118.10   	  6.12   	 -45.78		
-161.13   	120.85   	  5.94   	 -45.78		
-161.74   	121.46   	  5.76   	 -40.69		
-162.66   	122.38   	  5.60   	 -35.61		
-163.57   	123.90   	  5.45   	 -30.52		
-163.57   	126.34   	  5.33   	 -20.35		
-163.27   	129.39   	  5.25   	 -15.26		
-163.27   	131.84   	  5.19   	  -5.09		
-164.18   	133.06   	  5.17   	   5.09		
-166.93   	132.75   	  5.19   	   5.09		
-169.68   	132.75   	  5.21   	  10.17		
-172.12   	133.67   	  5.25   	  15.26		
-173.03   	135.80   	  5.31   	  15.26		
-173.65   	138.85   	  5.37   	  15.26		
-174.87   	141.60   	  5.43   	  10.17		
-177.92   	143.43   	  5.47   	   5.09		
-181.88   	144.35   	  5.49   	   0.00		
-185.85   	144.65   	  5.49   	  -5.09		
-188.90   	144.96   	  5.47   	  -5.09		
-191.65   	145.26   	  5.45   	 -15.26		
-194.40   	146.48   	  5.39   	 -15.26		
-198.67   	148.01   	  5.33   	 -20.35		
-203.86   	149.84   	  5.25   	 -15.26		
-209.35   	151.06   	  5.19   	 -15.26		
-214.84   	151.98   	  5.13   	 -15.26		
-220.03   	151.98   	  5.07   	 -10.17		
-225.52   	151.98   	  5.03   	  -5.09		
-231.63   	152.59   	  5.01   	  -5.09		
-237.43   	153.50   	  4.98   	   0.00		
-242.31   	155.03   	  4.98   	  -5.09		
-246.89   	157.17   	  4.96   	  -5.09		
-251.46   	158.69   	  4.94   	  -5.09		
-256.65   	159.91   	  4.92   	 -10.17		
-262.45   	160.22   	  4.88   	 -10.17		
-267.94   	160.83   	  4.84   	 -10.17		
-271.91   	162.05   	  4.80   	  -5.09		
-274.66   	165.10   	  4.78   	 -10.17		
-275.27   	168.76   	  4.74   	   0.00		
-274.66   	173.03   	  4.74   	   0.00		
-272.83   	176.39   	  4.74   	   0.00		
-269.78   	179.14   	  4.74   	   5.09		
-265.50   	182.50   	  4.76   	   5.09		
-258.79   	186.77   	  4.78   	   5.09		
-248.72   	191.65   	  4.80   	   0.00		
-234.68   	195.92   	  4.80   	   0.00		
-218.81   	198.67   	  4.80   	  -5.09		
-202.33   	199.58   	  4.78   	 -15.26		
-186.46   	199.58   	  4.72   	 -15.26		
-169.68   	198.97   	  4.66   	 -15.26		
-150.76   	197.75   	  4.60   	 -20.35		
-129.70   	195.31   	  4.52   	 -15.26		
-107.42   	190.12   	  4.46   	 -10.17		
-86.36   	181.88   	  4.42   	 -10.17		
-66.83   	170.29   	  4.37   	  -5.09		
-49.13   	156.25   	  4.35   	   0.00		
-32.65   	141.30   	  4.35   	   5.09		
-17.70   	127.26   	  4.37   	   5.09		
 -4.58   	115.66   	  4.39   	   5.09		
  5.80   	106.20   	  4.42   	   0.00		
 13.12   	 98.27   	  4.42   	   5.09		
 18.01   	 90.33   	  4.44   	  -5.09		
 21.06   	 82.09   	  4.42   	   0.00		
 23.19   	 74.16   	  4.42   	 -10.17		
 25.02   	 68.05   	  4.37   	  -5.09		
 26.25   	 65.00   	  4.35   	 -10.17		
 26.86   	 63.48   	  4.31   	 -10.17		
 26.25   	 62.56   	  4.27   	 -10.17		
 24.41   	 60.42   	  4.23   	 -15.26		
 21.67   	 57.68   	  4.17   	 -15.26		
 18.92   	 54.02   	  4.11   	 -15.26		
 17.09   	 50.96   	  4.05   	 -15.26		
 15.87   	 48.52   	  3.99   	 -10.17		
 14.65   	 46.69   	  3.95   	  -5.09		
 12.51   	 45.47   	  3.93   	   0.00		
  9.46   	 44.25   	  3.93   	   5.09		
  6.10   	 43.03   	  3.95   	  10.17		
  4.27   	 41.81   	  3.99   	  15.26		
  4.88   	 40.59   	  4.05   	  15.26		
  6.41   	 39.98   	  4.11   	  10.17		
  7.93   	 39.06   	  4.15   	  10.17		
  8.24   	 37.84   	  4.19   	  10.17		
  6.41   	 36.32   	  4.23   	   5.09		
  3.36   	 35.10   	  4.25   	   5.09		
  0.31   	 34.18   	  4.27   	   0.00		
 -1.53   	 33.26   	  4.27   	   0.00		
 -2.14   	 32.04   	  4.27   	   0.00		
 -1.53   	 30.52   	  4.27   	   5.09		
 -1.22   	 28.69   	  4.29   	   0.00		
 -1.83   	 27.47   	  4.29   	   5.09		
 -3.05   	 27.16   	  4.31   	   5.09		
 -4.27   	 27.16   	  4.33   	  10.17		
 -4.27   	 27.16   	  4.37   	  10.17		
 -3.36   	 27.16   	  4.42   	   5.09		
 -2.44   	 27.16   	  4.44   	  10.17		
 -2.14   	 26.86   	  4.48   	   5.09		
 -3.05   	 26.55   	  4.50   	   5.09		
 -5.19   	 25.94   	  4.52   	   5.09		
 -7.93   	 25.33   	  4.54   	   0.00		
-11.29   	 24.72   	  4.54   	   0.00		
-14.65   	 24.11   	  4.54   	   0.00		
-16.78   	 23.80   	  4.54   	  -5.09		
-17.70   	 23.80   	  4.52   	   0.00		
-18.01   	 24.11   	  4.52   	   5.09		
-18.31   	 25.02   	  4.54   	   5.09		
-18.92   	 26.25   	  4.56   	   5.09		
-20.14   	 27.47   	  4.58   	  10.17		
-20.75   	 28.69   	  4.62   	  10.17		
-20.45   	 29.91   	  4.66   	  15.26		
-19.53   	 31.43   	  4.72   	  15.26		
-18.92   	 33.26   	  4.78   	  15.26		
-19.53   	 34.48   	  4.84   	  20.35		
-21.06   	 34.79   	  4.92   	  15.26		
-21.97   	 34.79   	  4.98   	  15.26		
-21.06   	 35.40   	  5.05   	  15.26		
-18.31   	 36.62   	  5.11   	  15.26		
-15.26   	 38.15   	  5.17   	  10.17		
-14.34   	 38.76   	  5.21   	  15.26		
-15.87   	 37.84   	  5.27   	  10.17		
-18.01   	 36.32   	  5.31   	  15.26		
-19.23   	 35.40   	  5.37   	  10.17		
-18.92   	 35.40   	  5.41   	  10.17		
-17.70   	 36.32   	  5.45   	  15.26		
-16.48   	 37.23   	  5.51   	  10.17		
-16.17   	 37.54   	  5.55   	  15.26		
-15.87   	 37.23   	  5.62   	  15.26		
-15.26   	 36.62   	  5.68   	  15.26		
-14.34   	 36.32   	  5.74   	  10.17		
-13.12   	 36.62   	  5.78   	  10.17		
-11.60   	 38.15   	  5.82   	  10.17		
-10.38   	 39.67   	  5.86   	  10.17		
 -9.46   	 40.59   	  5.90   	   5.09		
 -9.46   	 40.59   	  5.92   	   0.00		
 -9.77   	 39.67   	  5.92   	   5.09		
 -9.77   	 38.45   	  5.94(V)	   0.00		
 -9.16   	 36.62   	  5.94   	  -5.09		
 -8.24   	 35.10   	  5.92   	   0.00		
 -6.71   	 33.87   	  5.92   	  -5.09		
 -5.80   	 32.96   	  5.90   	  -5.09		
 -6.10   	 32.04   	  5.88   	  -5.09		
 -7.63   	 31.13   	  5.86   	  -5.09		
 -9.46   	 30.21   	  5.84   	 -10.17		
-11.29   	 28.99   	  5.80   	  -5.09		
-12.21   	 27.47   	  5.78   	   0.00		
-11.60   	 26.25   	  5.78   	  -5.09		
-10.68   	 25.33   	  5.76   	  -5.09		
 -9.16   	 25.33   	  5.74   	  -5.09		
 -7.93   	 25.63   	  5.72   	  -5.09		
 -6.71   	 26.25   	  5.70   	   0.00		
 -5.49   	 25.94   	  5.70   	  -5.09		
 -4.27   	 25.02   	  5.68   	  -5.09		
 -3.36   	 24.11   	  5.66   	   0.00		
 -3.05   	 23.50   	  5.66   	  -5.09		
 -3.36   	 23.50   	  5.64   	   0.00		
 -4.27   	 25.02   	  5.64   	  -5.09		
 -4.88   	 28.38   	  5.62   	   0.00		
 -4.27   	 35.40   	  5.62   	   0.00		
 -1.22   	 47.91   	  5.62   	  -5.09		
  4.27   	 65.61   	  5.60   	   0.00		
 10.07   	 85.14   	  5.60   	   0.00		
 14.95   	101.93   	  5.60   	  -5.09		
 17.09   	112.30   	  5.57   	   0.00		
 16.78   	117.19   	  5.57   	   0.00		
 15.87   	119.32   	  5.57   	  -5.09		
 15.56   	123.29   	  5.55   	  -5.09		
 16.78   	128.78   	  5.53   	  -5.09		
 18.62   	133.36   	  5.51   	  -5.09		
 21.06   	133.06   	  5.49   	  -5.09		
 23.19   	127.56   	  5.47   	  -5.09		
 24.41   	119.63   	  5.45   	 -10.17		
 25.63   	112.92   	  5.41   	  -5.09		
 26.86   	108.95   	  5.39   	 -10.17		
 28.69   	105.29   	  5.35   	  -5.09		
 31.43   	 95.83   	  5.33   	 -10.17		
 36.01   	 75.68   	  5.29   	  -5.09		
 42.11   	 45.47   	  5.27   	 -10.17		
 48.52   	 11.90   	  5.23   	  -5.09		
 52.80   	-14.65   	  5.21   	 -10.17		
 54.02   	-25.94   	  5.17   	  -5.09		
 50.96   	-20.75   	  5.15   	 -10.17		
 45.17   	 -6.41   	  5.11   	  -5.09		
 38.45   	  9.16   	  5.09   	 -10.17		
 31.13   	 19.53   	  5.05   	 -10.17		
 23.19   	 22.28   	  5.01   	 -10.17		
 14.65   	 18.31   	  4.96   	 -15.26		
  6.10   	  9.16   	  4.90   	 -15.26		
 -1.22   	 -3.36   	  4.84   	 -20.35		
 -6.71   	-16.17   	  4.76   	 -25.43		
-10.07   	-25.63   	  4.66   	 -25.43		
-12.51   	-29.30   	  4.56   	 -20.35		
-15.26   	-28.08   	  4.48   	 -20.35		
-17.70   	-24.72   	  4.39   	 -10.17		
-18.62   	-21.97   	  4.35   	   0.00		
-17.70   	-21.36   	  4.35   	  20.35		
-15.26   	-22.28   	  4.44   	  30.52		
-14.04   	-23.50   	  4.56   	  45.78		
-14.95   	-24.72   	  4.74   	  55.95		
-18.31   	-25.33   	  4.96   	  61.04		
-22.28   	-25.63   	  5.21   	  55.95		
-25.33   	-25.33   	  5.43   	  55.95		
-26.55   	-24.72   	  5.66   	  45.78		
-25.94   	-23.80   	  5.84   	  35.61		
-24.41   	-22.28   	  5.98   	  20.35		
-22.89   	-20.75   	  6.06   	  15.26		
-21.67   	-18.92   	  6.12   	   0.00		
-21.06   	-17.40   	  6.12   	  -5.09		
-20.14   	-15.26   	  6.10   	 -10.17		
-18.92   	-12.51   	  6.06   	 -15.26		
-18.62   	-10.07   	  6.00   	 -15.26		
-18.92   	 -8.54   	  5.94   	 -20.35		
-20.45   	 -8.54   	  5.86   	 -15.26		
-21.97   	 -9.46   	  5.80   	 -10.17		
-22.58   	-10.07   	  5.76   	 -15.26		
-21.97   	-10.07   	  5.70   	 -10.17		
-21.36   	 -8.85   	  5.66   	 -10.17		
-20.45   	 -6.71   	  5.62   	 -10.17		
-19.23   	 -4.27   	  5.57   	 -10.17		
-17.09   	 -2.44   	  5.53   	  -5.09		
-13.73   	 -1.83   	  5.51   	 -10.17		
-10.38   	 -0.92   	  5.47   	   0.00		
 -7.32   	  0.92   	  5.47   	  -5.09		
 -4.27   	  6.10   	  5.45   	   0.00		
  0.92   	 16.17   	  5.45   	   5.09		
 10.07   	 31.74   	  5.47   	  10.17		
 24.41   	 52.49   	  5.51   	  10.17		
 43.95   	 79.04   	  5.55   	  15.26		
 68.05   	115.05   	  5.62   	  15.26		
 95.52   	162.96   	  5.68   	  15.26		
126.65   	214.54   	  5.74   	  15.26		
159.91   	247.50   	  5.80   	  15.26		
191.65   	231.63   	  5.86   	  15.26		
218.81   	147.09   	  5.92   	  10.17		
239.87   	  4.27   	  5.96   	  10.17		
259.09   	-156.86   	  6.00   	  10.17		
283.20   	-286.25   	  6.04   	  10.17		
318.60   	-353.39   	  6.08   	   5.09		
365.30   	-360.72   	  6.10   	  10.17		
415.65   	-337.83   	  6.14   	   5.09		
458.37   	-320.74   	  6.16   	  10.17		
482.79   	-330.51   	  6.21   	  15.26		
483.40   	-362.24   	  6.27   	  10.17		
463.56   	-395.51   	  6.31   	  10.17		
432.74   	-412.29   	  6.35   	  10.17		
401.31   	-412.90   	  6.39   	   5.09		
376.59   	-415.95   	  6.41   	   5.09		
361.02   	-443.12   	  6.43   	   0.00		
353.70   	-503.23   	  6.43   	  -5.09		
353.70   	-584.41   	  6.41   	  -5.09		
359.50   	-665.59   	  6.39   	  -5.09		
368.65   	-732.73   	  6.37   	 -15.26		
376.59   	-784.91   	  6.31   	 -10.17		
380.25   	-827.64   	  6.27   	 -10.17		
380.86   	-865.78   	  6.23   	 -10.17		
382.39   	-899.66   	  6.19   	 -10.17		
388.18   	-926.51   	  6.14   	 -10.17		
397.03   	-942.99   	  6.10   	 -10.17		
403.75(R)	-946.96   	  6.06   	 -10.17		
401.92   	-935.06   	  6.02   	 -10.17		
387.88   	-902.40   	  5.98   	 -10.17		
359.19   	-841.37   	  5.94   	  -5.09		
314.03   	-747.99   	  5.92   	  -5.09		
252.69   	-624.39   	  5.90   	   5.09		
178.83   	-484.62   	  5.92   	  10.17		
102.54   	-350.65   	  5.96   	  15.26		
 34.79   	-241.70   	  6.02   	  20.35		
-17.40   	-163.88   	  6.10   	  30.52		
-54.93   	-106.81   	  6.23   	  30.52		
-83.92   	-56.76   	  6.35   	  30.52		
-108.34   	 -6.71   	  6.47   	  25.43		
-127.87   	 38.15   	  6.57   	  15.26		
-140.08   	 68.05   	  6.63   	  10.17		
-144.65   	 81.18   	  6.67(A)	  -5.09		
-145.57   	 84.23   	  6.65   	 -15.26		
-146.48   	 88.50   	  6.59   	 -25.43		
-149.23   	 99.18   	  6.49   	 -35.61		
-152.59   	113.22   	  6.35   	 -40.69		
-155.03   	125.12   	  6.19   	 -35.61		
-155.94   	131.23   	  6.04   	 -40.69		
-156.25   	133.06   	  5.88   	 -35.61		
-156.25   	133.97   	  5.74   	 -30.52		
-155.94   	136.11   	  5.62   	 -25.43		
-156.25   	139.47   	  5.51   	 -25.43		
-157.78   	141.91   	  5.41   	 -15.26		
-161.74   	142.82   	  5.35   	 -15.26		
-166.02   	142.52   	  5.29   	 -10.17		
-168.76   	142.52   	  5.25   	 -10.17		
-168.46   	144.35   	  5.21   	  -5.09		
-166.63   	147.40   	  5.19   	   0.00		
-165.71   	150.76   	  5.19   	   5.09		
-167.54   	152.89   	  5.21   	   5.09		
-171.51   	153.81   	  5.23   	  10.17		
-175.78   	154.42   	  5.27   	  15.26		
-178.53   	155.33   	  5.33   	   5.09		
-179.14   	156.56   	  5.35   	   5.09		
-179.44   	158.08   	  5.37   	   5.09		
-180.97   	159.61   	  5.39   	  -5.09		
-184.02   	161.13   	  5.37   	 -10.17		
-188.60   	162.96   	  5.33   	 -15.26		
-194.09   	165.10   	  5.27   	 -15.26		
-200.20   	167.24   	  5.21   	 -20.35		
-205.99   	168.15   	  5.13   	 -20.35		
-211.49   	168.15   	  5.05   	 -15.26		
-217.29   	167.24   	  4.98   	 -15.26		
-223.39   	166.32   	  4.92   	 -15.26		
-229.80   	166.02   	  4.86   	 -10.17		
-235.29   	167.24   	  4.82   	 -10.17		
-239.87   	169.68   	  4.78   	 -10.17		
-244.75   	172.12   	  4.74   	 -10.17		
-251.16   	173.65   	  4.70   	  -5.09		
-259.70   	173.65   	  4.68   	   0.00		
-268.25   	173.65   	  4.68   	   0.00		
-274.66   	174.56   	  4.68   	   5.09		
-277.10   	177.00   	  4.70   	   5.09		
-276.18   	180.97   	  4.72   	  10.17		
-274.35   	184.63   	  4.76   	  10.17		
-273.13   	187.07   	  4.80   	   5.09		
-272.52   	189.21   	  4.82   	   5.09		
-270.39   	191.65   	  4.84   	   5.09		
-265.20   	195.31   	  4.86   	  -5.09		
-256.04   	200.81   	  4.84   	 -10.17		
-243.84   	207.21   	  4.80   	 -15.26		
-229.49   	213.32   	  4.74   	 -20.35		
-214.23   	217.90   	  4.66   	 -20.35		
-198.67   	220.34   	  4.58   	 -20.35		
-183.11   	220.34   	  4.50   	 -20.35		
-167.24   	218.20   	  4.42   	 -15.26		
-149.84   	214.54   	  4.35   	 -10.17		
-130.62   	209.66   	  4.31   	  -5.09		
-109.25   	203.55   	  4.29   	   0.00		
-86.67   	195.01   	  4.29   	   5.09		
-65.31   	184.02   	  4.31   	  10.17		
-47.00   	170.29   	  4.35   	   5.09		
-32.35   	155.03   	  4.37   	  10.17		
-20.45   	139.47   	  4.42   	   5.09		
-10.99   	125.73   	  4.44   	   0.00		
 -2.14   	114.75   	  4.44   	   0.00		
  6.41   	106.81   	  4.44   	  -5.09		
 14.95   	101.32   	  4.42   	 -10.17		
 23.19   	 96.74   	  4.37   	  -5.09		
 29.30   	 91.86   	  4.35   	 -10.17		
 31.13   	 86.98   	  4.31   	 -10.17		
 28.99   	 81.79   	  4.27   	  -5.09		
 24.72   	 76.90   	  4.25   	 -10.17		
 21.97   	 73.24   	  4.21   	 -15.26		
 22.58   	 71.11   	  4.15   	 -10.17		
 25.02   	 69.58   	  4.11   	 -15.26		
 25.63   	 68.05   	  4.05   	 -15.26		
 22.58   	 65.61   	  3.99   	 -15.26		
 17.70   	 62.56   	  3.93   	 -15.26		
 13.43   	 59.51   	  3.87   	 -10.17		
 12.21   	 57.68   	  3.83   	   0.00		
 12.82   	 56.76   	  3.83   	   0.00		
 13.12   	 56.15   	  3.83   	  10.17		
 11.60   	 55.54   	  3.87   	  10.17		
  8.85   	 54.63   	  3.91   	  15.26		
  7.02   	 53.10   	  3.97   	  15.26		
  6.71   	 51.57   	  4.03   	  15.26		
  7.93   	 50.05   	  4.09   	  10.17		
  8.85   	 49.44   	  4.13   	  10.17		
  8.24   	 49.74   	  4.17   	  10.17		
  7.02   	 50.35   	  4.21   	   5.09		
  5.49   	 50.96   	  4.23   	   5.09		
  5.19   	 50.66   	  4.25   	   0.00		
  6.41   	 50.35   	  4.25   	   5.09		
  7.93   	 49.44   	  4.27   	   5.09		
  7.93   	 48.22   	  4.29   	   0.00		
  6.10   	 46.08   	  4.29   	   5.09		
  3.05   	 43.64   	  4.31   	   0.00		
  0.00   	 41.50   	  4.31   	   5.09		
 -1.53   	 40.59   	  4.33   	   5.09		
 -2.14   	 41.50   	  4.35   	   5.09		
 -2.75   	 43.33   	  4.37   	   5.09		
 -4.27   	 44.86   	  4.39   	   5.09		
 -6.10   	 46.08   	  4.42   	   0.00		
 -7.02   	 47.00   	  4.42   	   5.09		
 -7.02   	 47.30   	  4.44   	   0.00		
 -7.02   	 47.30   	  4.44   	   0.00		
 -7.93   	 46.69   	  4.44   	   5.09		
-10.07   	 46.08   	  4.46   	   0.00		
-12.21   	 45.47   	  4.46   	   5.09		
-13.12   	 45.78   	  4.48   	   5.09		
-12.51   	 47.30   	  4.50   	  10.17		
-12.21   	 49.13   	  4.54   	  15.26		
-12.82   	 50.66   	  4.60   	  10.17		
-14.95   	 50.96   	  4.64   	  15.26		
-17.09   	 50.66   	  4.70   	  15.26		
-17.40   	 50.35   	  4.76   	  15.26		
-16.48   	 50.66   	  4.82   	  15.26		
-15.26   	 51.88   	  4.88   	  15.26		
-14.95   	 52.80   	  4.94   	  15.26		
-16.48   	 53.10   	  5.01   	  15.26		
-18.62   	 52.49   	  5.07   	  10.17		
-19.53   	 51.57   	  5.11   	  15.26		
-18.62   	 51.27   	  5.17   	  10.17		
-16.17   	 51.88   	  5.21   	  15.26		
-14.04   	 53.41   	  5.27   	  10.17		
-12.51   	 54.02   	  5.31   	  10.17		
-12.21   	 53.41   	  5.35   	  15.26		
-12.51   	 52.49   	  5.41   	  15.26		
-13.12   	 51.88   	  5.47   	  10.17		
-14.34   	 51.88   	  5.51   	  15.26		
-15.87   	 51.88   	  5.57   	  10.17		
-16.78   	 50.66   	  5.62   	  10.17		
-16.78   	 49.13   	  5.66   	  10.17		
-15.87   	 48.52   	  5.70   	  10.17		
-13.73   	 49.44   	  5.74   	  10.17		
-11.90   	 51.27   	  5.78   	   5.09		
-10.07   	 53.10   	  5.80   	   5.09		
 -8.54   	 53.41   	  5.82   	   5.09		
 -7.02   	 52.19   	  5.84   	   0.00		
 -5.49   	 50.96   	  5.84   	   5.09		
 -4.27   	 50.35   	  5.86(V)	  -5.09		
 -3.97   	 50.05   	  5.84   	  -5.09		
 -4.27   	 50.05   	  5.82   	   0.00		
 -5.19   	 49.44   	  5.82   	 -10.17		
 -6.71   	 48.22   	  5.78   	  -5.09		
 -8.54   	 47.00   	  5.76   	  -5.09		
-10.07   	 45.78   	  5.74   	  -5.09		
-10.38   	 45.17   	  5.72   	  -5.09		
 -8.85   	 45.47   	  5.70   	  -5.09		
 -6.10   	 46.39   	  5.68   	  -5.09		
 -3.66   	 47.61   	  5.66   	  -5.09		
 -3.05   	 47.30   	  5.64   	   0.00		
 -3.36   	 45.78   	  5.64   	  -5.09		
 -3.97   	 43.64   	  5.62   	   0.00		
 -3.97   	 41.50   	  5.62   	  -5.09		
 -3.05   	 40.28   	  5.60   	   0.00		
 -2.75   	 39.67   	  5.60   	   0.00		
 -3.66   	 39.37   	  5.60   	  -5.09		
 -4.27   	 40.28   	  5.57   	   0.00		
 -3.66   	 43.64   	  5.57   	   0.00		
 -0.61   	 51.57   	  5.57   	  -5.09		
  3.97   	 64.39   	  5.55   	   0.00		
  8.24   	 81.79   	  5.55   	   0.00		
 11.29   	100.40   	  5.55   	   0.00		
 12.21   	116.88   	  5.55   	  -5.09		
 12.82   	128.17   	  5.53   	   0.00		
 14.65   	134.58   	  5.53   	  -5.09		
 18.01   	138.55   	  5.51   	   0.00		
 21.97   	142.21   	  5.51   	  -5.09		
 25.02   	146.79   	  5.49   	   0.00		
 26.55   	150.15   	  5.49   	  -5.09		
 26.86   	149.54   	  5.47   	  -5.09		
 27.77   	144.65   	  5.45   	  -5.09		
 29.60   	137.63   	  5.43   	 -10.17		
 31.74   	131.23   	  5.39   	  -5.09		
 33.26   	127.56   	  5.37   	  -5.09		
 34.18   	125.12   	  5.35   	 -10.17		
 36.32   	118.71   	  5.31   	  -5.09		
 41.50   	102.54   	  5.29   	  -5.09		
 49.74   	 74.77   	  5.27   	 -10.17		
 57.98   	 40.89   	  5.23   	  -5.09		
 63.17   	 11.29   	  5.21   	 -10.17		
 63.17   	 -3.66   	  5.17   	  -5.09		
 57.98   	 -0.92   	  5.15   	 -10.17		
 50.66   	 13.43   	  5.11   	 -10.17		
 43.64   	 29.60   	  5.07   	 -10.17		
 39.06   	 41.20   	  5.03   	 -15.26		
 35.10   	 46.08   	  4.96   	 -10.17		
 29.91   	 44.25   	  4.92   	 -15.26		
 21.36   	 37.23   	  4.86   	 -10.17		
 10.99   	 25.02   	  4.82   	 -20.35		
  1.53   	 10.07   	  4.74   	 -15.26		
 -3.97   	 -2.75   	  4.68   	 -25.43		
 -4.58   	 -8.54   	  4.58   	 -15.26		
 -3.05   	 -7.63   	  4.52   	 -15.26		
 -2.75   	 -3.36   	  4.46   	 -10.17		
 -4.58   	 -0.61   	  4.42   	   5.09		
 -9.16   	 -1.83   	  4.44   	  15.26		
-13.73   	 -5.19   	  4.50   	  25.43		
-16.48   	 -7.63   	  4.60   	  40.69		
-17.09   	 -7.32   	  4.76   	  50.86		
-16.78   	 -5.49   	  4.96   	  55.95		
-16.48   	 -3.97   	  5.19   	  61.04		
-16.78   	 -3.05   	  5.43   	  55.95		
-17.40   	 -2.75   	  5.66   	  45.78		
-17.40   	 -2.14   	  5.84   	  N/A		
