  I     	  II     	  AOp     	  AOp'		
208.74   	358.89   	 81.63   	 101.73		
217.90   	367.74   	 82.03   	 116.99		
225.22   	372.92   	 82.50   	 142.42		
230.41   	373.23   	 83.07   	 167.85		
233.15   	368.65   	 83.74   	 193.29		
234.07   	359.50   	 84.52   	 213.63		
232.85   	346.37   	 85.37   	 233.98		
229.80   	329.59   	 86.31   	 239.06		
224.30   	308.84   	 87.26   	 239.06		
215.76   	284.73   	 88.22   	 239.06		
203.86   	257.87   	 89.18   	 233.98		
187.38   	229.80   	 90.11   	 218.72		
166.63   	200.81   	 90.99   	 213.63		
141.91   	170.29   	 91.84   	 198.37		
115.97   	139.16   	 92.63   	 188.20		
 89.72   	108.34   	 93.39   	 178.03		
 65.31   	 79.35   	 94.10   	 167.85		
 42.11   	 53.41   	 94.77   	 157.68		
 19.84   	 30.52   	 95.40   	 147.51		
 -0.61   	  9.77   	 95.99   	 142.42		
-18.92   	 -9.16   	 96.56   	 132.25		
-34.18   	-25.94   	 97.09   	 122.07		
-46.39   	-40.59   	 97.58   	 106.82		
-56.76   	-52.49   	 98.01   	  96.64		
-65.92   	-62.26   	 98.39   	  86.47		
-73.55   	-69.89   	 98.74   	  71.21		
-79.65   	-75.99   	 99.02   	  61.04		
-83.31   	-80.26   	 99.27   	  40.69		
-85.14   	-83.01   	 99.43   	  35.61		
-85.45   	-85.45   	 99.57   	  20.35		
-85.75   	-87.59   	 99.65   	  10.17		
-86.36   	-90.03   	 99.69   	   0.00		
-86.67   	-91.86   	 99.69   	 -10.17		
-86.67   	-92.77   	 99.65   	 -25.43		
-85.75   	-92.16   	 99.55   	 -35.61		
-84.84   	-90.94   	 99.41   	 -45.78		
-83.62   	-89.72   	 99.23   	 -66.12		
-82.70   	-89.11   	 98.96   	 -76.30		
-82.09   	-88.50   	 98.66   	-101.73		
-82.09   	-88.20   	 98.25   	-111.90		
-82.09   	-87.59   	 97.80   	-132.25		
-81.79   	-86.98   	 97.27   	-142.42		
-80.57   	-87.28   	 96.70   	-152.59		
-79.35   	-87.59   	 96.09   	-157.68		
-78.13   	-87.89   	 95.46   	-157.68		
-77.51   	-87.59   	 94.83   	-152.59		
-76.90   	-86.06   	 94.22   	-142.42		
-76.29   	-83.62   	 93.65   	-132.25		
-75.07   	-81.18   	 93.12   	-116.99		
-73.24   	-78.74   	 92.65   	-101.73		
-71.41   	-76.60   	 92.25   	 -91.56		
-70.50   	-75.68   	 91.88   	 -86.47		
-70.80   	-76.29   	 91.54   	 -71.21		
-71.72   	-77.51   	 91.25   	 -66.12		
-73.55   	-78.74   	 90.99   	 -61.04		
-75.38   	-79.04   	 90.74   	 -55.95		
-75.99   	-78.43   	 90.52   	 -55.95		
-75.68   	-77.82   	 90.29   	 -55.95		
-74.77   	-77.51   	 90.07   	 -50.86		
-74.46   	-78.74   	 89.87   	 -45.78		
-75.38   	-81.18   	 89.68   	 -45.78		
-77.21   	-84.53   	 89.50   	 -40.69		
-79.35   	-88.81   	 89.34   	 -35.61		
-80.57   	-92.47   	 89.20   	 -30.52		
-81.48   	-94.91   	 89.07   	 -30.52		
-81.79   	-95.83   	 88.95   	 -30.52		
-82.09   	-96.13   	 88.83   	 -25.43		
-82.40   	-96.44   	 88.73   	 -20.35		
-83.01   	-97.96   	 88.65   	 -25.43		
-83.62   	-99.79   	 88.54   	 -20.35		
-84.53   	-101.62   	 88.46   	 -25.43		
-85.45   	-103.15   	 88.36   	 -30.52		
-86.67   	-104.06   	 88.24   	 -30.52		
-87.89   	-105.29   	 88.12   	 -30.52		
-88.81   	-107.12   	 88.00   	 -35.61		
-89.11   	-108.95   	 87.85   	 -35.61		
-88.81   	-110.78   	 87.71   	 -40.69		
-87.89   	-112.00   	 87.55   	 -40.69		
-87.28   	-112.61   	 87.39   	 -45.78		
-86.36   	-112.00   	 87.20   	 -45.78		
-85.14   	-108.95   	 87.02   	 -50.86		
-83.92   	-102.23   	 86.82   	 -50.86		
-82.40   	-92.16   	 86.61   	 -50.86		
-80.26   	-81.48   	 86.41   	 -50.86		
-77.51   	-72.33   	 86.21   	 -55.95		
-73.85   	-66.22   	 85.98   	 -50.86		
-69.89   	-63.17   	 85.78   	 -55.95		
-65.31   	-61.65   	 85.55   	 -50.86		
-60.42   	-58.59   	 85.35   	 -55.95		
-55.24   	-50.66   	 85.13   	 -55.95		
-49.74   	-37.84   	 84.90   	 -55.95		
-43.64   	-22.58   	 84.68   	 -50.86		
-37.23   	 -7.93   	 84.48   	 -55.95		
-30.21   	  3.36   	 84.25   	 -50.86		
-22.28   	 11.60   	 84.05   	 -55.95		
-14.65   	 17.09   	 83.82   	 -50.86		
 -9.77   	 19.53   	 83.62   	 -50.86		
 -9.77   	 16.78   	 83.42   	 -50.86		
-14.95   	  8.24   	 83.21   	 -50.86		
-22.89   	 -5.49   	 83.01   	 -50.86		
-29.60   	-23.19   	 82.81   	 -50.86		
-33.57   	-43.33   	 82.60   	 -45.78		
-38.45   	-66.22   	 82.42   	 -50.86		
-48.83   	-90.33   	 82.22   	 -55.95		
-65.31   	-111.08   	 81.99   	 -50.86		
-83.92   	-125.12   	 81.79   	 -50.86		
-98.57   	-132.45   	 81.59   	 -50.86		
-104.68   	-137.02   	 81.38   	 -50.86		
-104.06   	-142.52   	 81.18   	 -50.86		
-101.01   	-149.54   	 80.98   	 -50.86		
-99.49   	-156.25   	 80.77   	 -50.86		
-100.10   	-160.83   	 80.57   	 -50.86		
-101.62   	-162.96   	 80.37   	 -50.86		
-102.84   	-163.88   	 80.16   	 -50.86		
-103.15   	-164.79   	 79.96   	 -50.86		
-103.45   	-165.71   	 79.76   	 -50.86		
-104.06   	-166.32   	 79.55   	 -50.86		
-105.29   	-166.32   	 79.35   	 -50.86		
-106.81   	-165.71   	 79.15   	 -50.86		
-108.34   	-165.10   	 78.94   	 -50.86		
-110.78   	-164.79   	 78.74   	 -50.86		
-115.97   	-161.44   	 78.53   	 -50.86		
-122.99   	-146.79   	 78.33   	 -50.86		
-126.04   	-109.86   	 78.13   	 -50.86		
-110.17   	-45.78   	 77.92   	 -50.86		
-51.27   	 39.37   	 77.72   	 -50.86		
 74.16   	130.00   	 77.52   	 -50.86		
276.18   	211.18   	 77.31   	 -45.78		
536.50   	278.02   	 77.13   	 -50.86		
804.14   	336.00   	 76.93   	 -50.86		
1005.55   	383.00(R)	 76.72   	-101.73		
967.10   	356.75   	 76.32   	 -55.95		
720.83   	243.84   	 76.09   	 -50.86		
412.60   	 80.87   	 75.89   	 -50.86		
139.77   	-79.96   	 75.69   	 -50.86		
-29.30   	-184.02   	 75.48   	 -55.95		
-85.45   	-207.21   	 75.26   	 -55.95		
-69.27   	-164.49   	 75.04   	 -55.95		
-35.10   	-94.60   	 74.81   	 -55.95		
-16.48   	-37.23   	 74.59   	 -61.04		
-16.78   	-11.29   	 74.34   	 -61.04		
-22.89   	-13.43   	 74.10   	 -55.95		
-25.33   	-26.86   	 73.88   	 -66.12		
-22.89   	-37.23   	 73.61   	 -61.04		
-20.14   	-39.98   	 73.37   	 -61.04		
-19.53   	-37.23   	 73.12   	 -61.04		
-20.14   	-34.79   	 72.88   	 -61.04		
-20.14   	-34.48   	 72.63   	 -61.04		
-19.23   	-35.40   	 72.39   	 -55.95		
-17.09   	-34.18   	 72.17   	 -50.86		
-14.65   	-30.21   	 71.96   	 -45.78		
-11.60   	-24.72   	 71.78   	 -45.78		
 -8.54   	-19.23   	 71.60   	 -35.61		
 -5.80   	-14.34   	 71.45   	 -30.52		
 -2.44   	 -9.77   	 71.33   	 -25.43		
  1.22   	 -4.58   	 71.23   	 -20.35		
  5.49   	  1.83   	 71.15   	 -15.26		
  9.46   	  9.77   	 71.09   	   0.00		
 13.43   	 18.01   	 71.09   	   5.09		
 17.70   	 26.55   	 71.11   	  20.35		
 22.58   	 35.10   	 71.19   	  40.69		
 28.69   	 44.56   	 71.35   	  61.04		
 35.40   	 55.24   	 71.60   	  81.38		
 41.81   	 66.22   	 71.92   	 106.82		
 48.22   	 77.21   	 72.35   	 137.33		
 54.63   	 87.89   	 72.90   	 167.85		
 61.95   	 99.49   	 73.57   	 188.20		
 70.80   	112.92   	 74.32   	 218.72		
 81.18   	128.17   	 75.20   	 239.06		
 93.08   	144.65   	 76.15   	 259.41		
105.90   	161.13   	 77.19   	 269.58		
119.02   	178.22   	 78.27   	 279.75		
132.45   	195.92   	 79.39   	 279.75		
146.18   	214.84   	 80.51   	 274.67		
159.61   	234.07   	 81.61   	 269.58		
173.03   	253.30   	 82.69   	 259.41		
186.46   	271.30   	 83.72   	 244.15		
199.89   	287.48   	 84.70   	 233.98		
212.40   	302.12   	 85.64   	 218.72		
224.00   	315.55   	 86.51   	 208.54		
233.76   	327.45   	 87.34   	 198.37		
241.39   	336.30   	 88.14   	 188.20		
246.58   	340.58   	 88.89   	 188.20		
249.02   	339.36   	 89.64   	 172.94		
248.11   	332.03   	 90.34   	 172.94		
243.53   	319.82   	 91.03   	 162.77		
235.29   	303.04   	 91.68   	 152.59		
222.78   	281.98   	 92.29   	 147.51		
205.69   	257.57   	 92.88   	 142.42		
184.02   	229.49   	 93.45   	 132.25		
158.08   	198.36   	 93.98   	 122.07		
128.17   	164.49   	 94.47   	 111.90		
 97.35   	129.39   	 94.91   	 111.90		
 66.83   	 94.30   	 95.36   	 101.73		
 39.37   	 61.04   	 95.77   	 106.82		
 14.65   	 31.13   	 96.19   	 101.73		
 -7.02   	  4.88   	 96.60   	 106.82		
-26.86   	-18.01   	 97.03   	 106.82		
-45.17   	-38.45   	 97.46   	 111.90		
-61.04   	-56.46   	 97.90   	 116.99		
-73.85   	-71.41   	 98.37   	 116.99		
-83.92   	-83.31   	 98.84   	 111.90		
-91.55   	-92.16   	 99.29   	 111.90		
-97.96   	-98.57   	 99.74   	 101.73		
-103.45   	-103.15   	100.14   	  96.64		
-107.73   	-106.81   	100.53   	  81.38		
-109.86   	-109.56   	100.85   	  71.21		
-110.17   	-111.69   	101.14   	  55.95		
-109.25   	-113.22   	101.36   	  45.78		
-108.64   	-114.44   	101.55   	  25.43		
-108.95   	-115.36   	101.65   	  20.35		
-109.86   	-116.58   	101.73(S)	   0.00		
-110.47   	-117.80   	101.73   	 -10.17		
-110.17   	-119.32   	101.69   	 -25.43		
-109.25   	-120.54   	101.59   	 -40.69		
-107.73   	-121.15   	101.42   	 -50.86		
-105.90   	-120.54   	101.22   	 -61.04		
-104.37   	-119.32   	100.98   	 -81.38		
-102.84   	-117.80   	100.65   	 -96.64		
-101.93   	-116.27   	100.26   	-111.90		
-101.32   	-115.05   	 99.82   	-127.16		
-100.10   	-114.44   	 99.31   	-137.33		
-98.88   	-113.83   	 98.76   	-152.59		
-97.96   	-113.22   	 98.15   	-157.68		
-97.35   	-112.30   	 97.52   	-162.77		
-97.05   	-111.08   	 96.87   	-162.77		
-96.74   	-109.56   	 96.22   	-157.68		
-95.83   	-108.34   	 95.58   	-147.51		
-94.30   	-107.42   	 94.99   	-137.33		
-92.77   	-106.81   	 94.45   	-122.07		
-91.86   	-106.81   	 93.96   	-111.90		
-91.86   	-107.12   	 93.51   	 -96.64		
-92.16   	-107.73   	 93.12   	 -86.47		
-92.47   	-108.34   	 92.78   	 -76.30		
-92.47   	-108.64   	 92.47   	 -71.21		
-92.16   	-108.64   	 92.19   	 -71.21		
-92.47   	-108.95   	 91.90   	 -66.12		
-93.69   	-110.17   	 91.64   	 -66.12		
-95.21   	-112.00   	 91.37   	 -66.12		
-96.44   	-113.83   	 91.11   	 -66.12		
-97.05   	-114.75   	 90.84   	 -66.12		
-97.35   	-114.75   	 90.58   	 -66.12		
-97.35   	-114.14   	 90.32   	 -61.04		
-97.66   	-114.75   	 90.07   	 -61.04		
-98.88   	-115.97   	 89.83   	 -61.04		
-100.71   	-118.10   	 89.58   	 -50.86		
-101.32   	-119.32   	 89.38   	 -50.86		
-100.71   	-119.02   	 89.18   	 -50.86		
-98.88   	-118.10   	 88.97   	 -45.78		
-97.35   	-117.80   	 88.79   	 -45.78		
-97.05   	-118.71   	 88.61   	 -45.78		
-97.96   	-120.85   	 88.42   	 -40.69		
-99.18   	-123.90   	 88.26   	 -45.78		
-99.79   	-125.73   	 88.08   	 -45.78		
-99.18   	-126.34   	 87.89   	 -45.78		
-98.27   	-125.43   	 87.71   	 -50.86		
-97.66   	-123.29   	 87.51   	 -45.78		
-97.05   	-119.32   	 87.32   	 -50.86		
-95.83   	-112.30   	 87.12   	 -45.78		
-92.47   	-102.23   	 86.94   	 -50.86		
-88.81   	-90.03   	 86.73   	 -55.95		
-85.14   	-78.13   	 86.51   	 -50.86		
-83.01   	-68.97   	 86.31   	 -50.86		
-81.48   	-63.78   	 86.10   	 -55.95		
-78.74   	-61.04   	 85.88   	 -50.86		
-74.46   	-58.90   	 85.68   	 -55.95		
-68.66   	-54.32   	 85.45   	 -55.95		
-62.87   	-45.47   	 85.23   	 -55.95		
-57.37   	-32.35   	 85.00   	 -61.04		
-51.57   	-16.78   	 84.76   	 -55.95		
-44.86   	 -0.92   	 84.54   	 -61.04		
-36.01   	 12.82   	 84.29   	 -55.95		
-25.94   	 23.50   	 84.07   	 -61.04		
-16.17   	 31.13   	 83.82   	 -61.04		
-10.68   	 34.18   	 83.58   	 -61.04		
-11.60   	 31.13   	 83.34   	 -61.04		
-18.92   	 21.67   	 83.09   	 -55.95		
-28.69   	  7.93   	 82.87   	 -61.04		
-36.01   	 -8.24   	 82.62   	 -61.04		
-38.76   	-26.25   	 82.38   	 -61.04		
-41.50   	-46.69   	 82.14   	 -55.95		
-50.05   	-70.50   	 81.91   	 -61.04		
-66.22   	-93.69   	 81.67   	 -55.95		
-86.36   	-111.08   	 81.44   	 -55.95		
-101.93   	-121.15   	 81.22   	 -55.95		
-108.64   	-125.43   	 81.00   	 -55.95		
-106.81   	-128.17   	 80.77   	 -55.95		
-102.54   	-131.84   	 80.55   	 -50.86		
-100.10   	-137.02   	 80.35   	 -50.86		
-100.71   	-142.21   	 80.14   	 -45.78		
-103.15   	-146.48   	 79.96   	 -50.86		
-104.68   	-149.84   	 79.76   	 -45.78		
-105.90   	-151.98   	 79.57   	 -45.78		
-107.12   	-153.50   	 79.39   	 -50.86		
-108.34   	-153.20   	 79.19   	 -45.78		
-110.17   	-152.28   	 79.00   	 -45.78		
-110.78   	-150.76   	 78.82   	 -45.78		
-110.78   	-149.84   	 78.64   	 -50.86		
-110.78   	-149.84   	 78.43   	 -45.78		
-112.61   	-148.62   	 78.25   	 -50.86		
-117.49   	-139.47   	 78.05   	 -50.86		
-121.46   	-112.00   	 77.84   	 -55.95		
-112.61   	-57.37   	 77.62   	 -50.86		
-67.44   	 22.28   	 77.42   	 -55.95		
 39.06   	113.53   	 77.19   	 -55.95		
220.95   	198.67   	 76.97   	 -55.95		
466.61   	266.11   	 76.74   	 -55.95		
732.42   	320.13   	 76.52   	-116.99		
1047.36   	397.95(R)	 76.05   	 -55.95		
980.84   	387.88   	 75.83   	 -55.95		
761.72   	313.42   	 75.60   	 -61.04		
458.07   	175.17   	 75.36   	 -55.95		
169.37   	 10.99   	 75.14   	 -61.04		
-24.41   	-121.15   	 74.89   	 -55.95		
-99.49   	-180.05   	 74.67   	 -55.95		
-88.81   	-163.88   	 74.45   	 -61.04		
-49.13   	-102.84   	 74.20   	 -55.95		
-21.36   	-39.98   	 73.98   	 -55.95		
-14.34   	 -3.66   	 73.75   	 -61.04		
-17.09   	  3.05   	 73.51   	 -55.95		
-18.31   	 -6.10   	 73.29   	 -61.04		
-15.87   	-15.87   	 73.04   	 -55.95		
-13.73   	-19.53   	 72.82   	 -61.04		
-14.04   	-18.01   	 72.57   	 -55.95		
-16.17   	-15.87   	 72.35   	 -61.04		
-17.70   	-15.87   	 72.11   	 -50.86		
-17.40   	-16.78   	 71.90   	 -55.95		
-15.26   	-15.56   	 71.68   	 -45.78		
-11.90   	-11.60   	 71.50   	 -45.78		
 -8.24   	 -4.88   	 71.31   	 -40.69		
 -4.88   	  1.83   	 71.15   	 -35.61		
 -2.44   	  7.93   	 71.01   	 -35.61		
  0.31   	 13.12   	 70.86   	 -25.43		
  4.27   	 18.01   	 70.76   	 -30.52		
  9.46   	 24.11   	 70.64   	 -20.35		
 15.26   	 32.04   	 70.56   	 -20.35		
 20.45   	 41.50   	 70.48   	 -10.17		
 25.33   	 51.88   	 70.44   	  -5.09		
 30.21   	 62.26   	 70.42(D)	   5.09		
 36.01   	 72.33   	 70.44   	  15.26		
 42.11   	 81.79   	 70.50   	  35.61		
 48.52   	 90.64   	 70.64   	  55.95		
 55.85   	100.10   	 70.86   	  81.38		
 63.48   	110.17   	 71.19   	 111.90		
 72.94   	122.07   	 71.64   	 137.33		
 83.92   	137.02   	 72.19   	 162.77		
 95.83   	154.11   	 72.84   	 193.29		
108.34   	172.42   	 73.61   	 223.80		
120.24   	190.12   	 74.51   	 239.06		
131.53   	205.69   	 75.46   	 254.32		
142.82   	220.34   	 76.48   	 269.58		
155.64   	235.29   	 77.56   	 269.58		
169.98   	252.08   	 78.64   	 274.67		
185.55   	271.30   	 79.74   	 264.50		
201.11   	290.83   	 80.79   	 254.32		
215.45   	309.14   	 81.81   	 249.24		
228.58   	325.32   	 82.81   	 228.89		
239.87   	339.66   	 83.72   	 213.63		
249.33   	352.48   	 84.58   	 198.37		
256.96   	362.55   	 85.37   	 188.20		
261.54   	368.35   	 86.12   	 178.03		
263.67   	368.35   	 86.84   	 167.85		
263.06   	362.55   	 87.51   	 162.77		
259.70   	350.65   	 88.16   	 157.68		
253.30   	333.86   	 88.79   	 147.51		
242.61   	312.50   	 89.38   	 152.59		
225.52   	286.87   	 89.99   	 142.42		
202.03   	257.26   	 90.56   	 137.33		
173.03   	224.00   	 91.11   	 132.25		
141.30   	188.90   	 91.64   	 127.16		
109.86   	152.59   	 92.15   	 122.07		
 80.26   	117.19   	 92.63   	 111.90		
 53.10   	 83.92   	 93.08   	 106.82		
 28.08   	 53.71   	 93.51   	  96.64		
  4.58   	 26.86   	 93.90   	  96.64		
-17.09   	  3.97   	 94.28   	  86.47		
-36.32   	-15.26   	 94.63   	  86.47		
-52.49   	-32.35   	 94.97   	  81.38		
-65.61   	-47.61   	 95.30   	  81.38		
-76.29   	-61.34   	 95.63   	  76.30		
-84.84   	-72.63   	 95.93   	  76.30		
-91.86   	-81.18   	 96.24   	  66.12		
-97.35   	-86.67   	 96.50   	  66.12		
-101.32   	-90.64   	 96.76   	  55.95		
-103.76   	-93.38   	 96.99   	  50.86		
-104.98   	-95.83   	 97.19   	  40.69		
-104.68   	-97.35   	 97.35   	  35.61		
-104.06   	-97.66   	 97.50   	  25.43		
-103.15   	-97.05   	 97.60   	  15.26		
-102.54   	-96.74   	 97.66   	  10.17		
-102.54   	-97.35   	 97.70(S)	  -5.09		
-102.54   	-99.18   	 97.68   	 -10.17		
-103.15   	-101.01   	 97.64   	 -25.43		
-103.15   	-101.93   	 97.54   	 -40.69		
-102.54   	-101.32   	 97.37   	 -50.86		
-101.01   	-99.79   	 97.17   	 -76.30		
-98.88   	-97.35   	 96.87   	 -86.47		
-96.44   	-94.91   	 96.52   	-111.90		
-94.30   	-92.77   	 96.07   	-132.25		
-92.16   	-90.64   	 95.54   	-142.42		
-90.33   	-88.50   	 94.97   	-157.68		
-88.81   	-86.36   	 94.34   	-167.85		
-87.89   	-84.23   	 93.67   	-162.77		
-87.59   	-83.01   	 93.02   	-162.77		
-87.28   	-81.79   	 92.37   	-157.68		
-86.67   	-80.87   	 91.74   	-142.42		
-85.75   	-79.35   	 91.17   	-127.16		
-84.23   	-77.82   	 90.66   	-111.90		
-82.40   	-76.29   	 90.21   	 -96.64		
-81.48   	-75.68   	 89.83   	 -76.30		
-81.48   	-75.68   	 89.52   	 -71.21		
-82.40   	-75.99   	 89.24   	 -55.95		
-83.62   	-75.68   	 89.01   	 -50.86		
-84.53   	-75.38   	 88.81   	 -45.78		
-84.23   	-75.07   	 88.63   	 -40.69		
-83.62   	-75.38   	 88.46   	 -40.69		
-83.01   	-75.99   	 88.30   	 -40.69		
-83.31   	-76.90   	 88.14   	 -45.78		
-84.53   	-78.43   	 87.95   	 -40.69		
-85.14   	-79.96   	 87.79   	 -45.78		
-85.14   	-81.48   	 87.61   	 -45.78		
-85.45   	-83.01   	 87.43   	 -45.78		
-86.36   	-84.84   	 87.24   	 -45.78		
-88.81   	-86.98   	 87.06   	 -45.78		
-91.86   	-89.42   	 86.88   	 -45.78		
-93.69   	-91.25   	 86.69   	 -40.69		
-93.69   	-92.77   	 86.53   	 -40.69		
-91.86   	-93.38   	 86.37   	 -40.69		
-90.33   	-93.69   	 86.21   	 -40.69		
-90.03   	-94.60   	 86.04   	 -40.69		
-90.94   	-95.83   	 85.88   	 -40.69		
-91.86   	-95.52   	 85.72   	 -35.61		
-91.25   	-93.08   	 85.57   	 -40.69		
-89.42   	-86.98   	 85.41   	 -40.69		
-86.98   	-77.82   	 85.25   	 -40.69		
-84.23   	-66.53   	 85.09   	 -45.78		
-81.18   	-54.63   	 84.90   	 -40.69		
-77.51   	-44.56   	 84.74   	 -45.78		
-73.85   	-36.93   	 84.56   	 -45.78		
-70.19   	-32.04   	 84.37   	 -50.86		
-67.14   	-29.30   	 84.17   	 -45.78		
-64.09   	-26.25   	 83.99   	 -50.86		
-60.42   	-19.84   	 83.78   	 -50.86		
-54.63   	 -8.24   	 83.58   	 -50.86		
-47.61   	  7.32   	 83.38   	 -50.86		
-39.98   	 23.50   	 83.17   	 -50.86		
-32.04   	 37.23   	 82.97   	 -50.86		
-23.80   	 47.91   	 82.77   	 -50.86		
-16.78   	 55.24   	 82.56   	 -55.95		
-12.82   	 58.29   	 82.34   	 -50.86		
-13.43   	 56.46   	 82.14   	 -50.86		
-18.01   	 48.83   	 81.93   	 -50.86		
-24.72   	 35.71   	 81.73   	 -45.78		
-29.91   	 18.62   	 81.55   	 -50.86		
-33.87   	 -1.83   	 81.34   	 -50.86		
-39.98   	-25.94   	 81.14   	 -45.78		
-52.19   	-51.57   	 80.96   	 -45.78		
-69.27   	-74.77   	 80.77   	 -45.78		
-86.67   	-90.94   	 80.59   	 -45.78		
-97.96   	-99.79   	 80.41   	 -45.78		
-100.71   	-104.98   	 80.22   	 -45.78		
-97.96   	-109.86   	 80.04   	 -40.69		
-94.60   	-116.27   	 79.88   	 -45.78		
-93.69   	-123.60   	 79.69   	 -40.69		
-95.21   	-130.00   	 79.53   	 -40.69		
-97.66   	-133.67   	 79.37   	 -40.69		
-99.18   	-134.58   	 79.21   	 -40.69		
-99.79   	-134.89   	 79.04   	 -40.69		
-99.79   	-134.89   	 78.88   	 -40.69		
-100.40   	-135.50   	 78.72   	 -45.78		
-101.01   	-136.11   	 78.53   	 -40.69		
-101.93   	-136.41   	 78.37   	 -40.69		
-102.54   	-136.41   	 78.21   	 -40.69		
-104.06   	-136.41   	 78.05   	 -45.78		
-106.51   	-135.19   	 77.86   	 -40.69		
-109.56   	-125.43   	 77.70   	 -45.78		
-107.73   	-94.91   	 77.52   	 -45.78		
-87.28   	-35.10   	 77.33   	 -45.78		
-27.16   	 50.35   	 77.15   	 -45.78		
 94.60   	145.87   	 76.97   	 -50.86		
285.03   	231.93   	 76.76   	 -96.64		
764.77   	350.65   	 76.38   	 -50.86		
936.89   	395.20   	 76.17   	 -50.86		
978.09   	422.36(R)	 75.97   	 -50.86		
860.60   	408.02   	 75.77   	 -50.86		
614.01   	330.20   	 75.56   	 -55.95		
317.38   	190.43   	 75.34   	 -55.95		
 65.92   	 27.16   	 75.12   	 -50.86		
-77.82   	-105.29   	 74.91   	 -55.95		
-111.08   	-168.15   	 74.69   	 -55.95		
-79.04   	-158.08   	 74.47   	 -55.95		
-36.62   	-103.76   	 74.24   	 -55.95		
-12.82   	-44.86   	 74.02   	 -55.95		
 -7.63   	 -7.32   	 73.79   	 -61.04		
 -8.24   	  4.88   	 73.55   	 -55.95		
 -6.10   	  2.14   	 73.33   	 -55.95		
 -3.36   	 -3.66   	 73.10   	 -61.04		
 -3.36   	 -6.41   	 72.86   	 -55.95		
 -5.49   	 -6.41   	 72.63   	 -61.04		
 -7.02   	 -5.49   	 72.39   	 -55.95		
 -6.41   	 -5.49   	 72.17   	 -50.86		
 -4.88   	 -5.49   	 71.96   	 -55.95		
 -3.36   	 -5.19   	 71.74   	 -50.86		
 -1.53   	 -3.97   	 71.54   	 -45.78		
  1.53   	 -0.61   	 71.35   	 -45.78		
  5.80   	  5.19   	 71.17   	 -35.61		
 10.99   	 13.12   	 71.03   	 -40.69		
 15.87   	 21.36   	 70.86   	 -35.61		
 19.53   	 29.30   	 70.72   	 -30.52		
 22.28   	 36.01   	 70.60   	 -35.61		
 24.72   	 42.72   	 70.46   	 -25.43		
 27.77   	 50.05   	 70.36   	 -30.52		
 32.35   	 58.29   	 70.23   	 -20.35		
 38.15   	 66.53   	 70.15   	 -15.26		
 44.86   	 74.77   	 70.09(D)	   0.00		
 52.80   	 84.23   	 70.09   	  10.17		
 61.04   	 95.21   	 70.13   	  30.52		
 70.19   	108.34   	 70.25   	  50.86		
 79.65   	122.68   	 70.46   	  76.30		
 89.11   	136.41   	 70.76   	 101.73		
 98.57   	148.32   	 71.17   	 132.25		
108.03   	160.22   	 71.70   	 162.77		
119.02   	173.95   	 72.35   	 193.29		
130.62   	190.12   	 73.12   	 213.63		
143.43   	207.82   	 73.98   	 233.98		
156.25   	225.22   	 74.91   	 249.24		
169.37   	240.78   	 75.91   	 264.50		
182.50   	255.43   	 76.97   	 264.50		
195.92   	270.69   	 78.03   	 259.41		
209.35   	287.78   	 79.06   	 259.41		
222.47   	306.09   	 80.10   	 249.24		
234.38   	323.18   	 81.10   	 233.98		
245.36   	336.91   	 82.03   	 223.80		
254.52   	346.07   	 82.93   	 203.46		
261.54   	351.56   	 83.74   	 193.29		
265.20   	354.00   	 84.52   	 178.03		
265.50   	352.78   	 85.23   	 167.85		
262.45   	346.98   	 85.90   	 157.68		
256.65   	334.47   	 86.53   	 152.59		
247.50   	315.25   	 87.14   	 142.42		
234.07   	290.83   	 87.71   	 142.42		
214.84   	262.76   	 88.28   	 137.33		
189.21   	232.24   	 88.83   	 132.25		
158.69   	200.20   	 89.36   	 132.25		
126.65   	166.93   	 89.89   	 122.07		
 96.13   	133.06   	 90.38   	 122.07		
 68.36   	100.40   	 90.86   	 111.90		
 42.11   	 69.58   	 91.31   	 106.82		
 16.17   	 42.11   	 91.74   	  96.64		
 -8.54   	 17.09   	 92.13   	  91.56		
-30.21   	 -5.49   	 92.49   	  86.47		
-47.61   	-25.63   	 92.84   	  81.38		
-60.42   	-43.03   	 93.16   	  71.21		
-70.19   	-57.37   	 93.45   	  66.12		
-78.13   	-68.05   	 93.71   	  61.04		
-84.84   	-76.90   	 93.96   	  55.95		
-90.94   	-83.62   	 94.18   	  50.86		
-95.21   	-89.11   	 94.38   	  45.78		
-97.96   	-93.08   	 94.57   	  35.61		
-99.49   	-95.21   	 94.71   	  35.61		
-100.10   	-96.74   	 94.85   	  25.43		
-100.40   	-97.66   	 94.95   	  20.35		
-100.71   	-98.57   	 95.04   	  15.26		
-101.01   	-98.88   	 95.10   	  10.17		
-100.40   	-98.27   	 95.14(S)	   0.00		
-98.88   	-97.35   	 95.14   	  -5.09		
-96.13   	-97.05   	 95.12   	 -15.26		
-93.69   	-97.05   	 95.06   	 -30.52		
-91.86   	-96.74   	 94.93   	 -40.69		
-91.86   	-94.60   	 94.77   	 -55.95		
-93.08   	-90.94   	 94.55   	 -76.30		
-94.30   	-86.67   	 94.24   	 -91.56		
-94.60   	-83.62   	 93.88   	-111.90		
-93.99   	-82.09   	 93.43   	-132.25		
-92.77   	-82.70   	 92.90   	-137.33		
-91.55   	-83.92   	 92.35   	-152.59		
-89.72   	-83.92   	 91.74   	-152.59		
-87.28   	-82.09   	 91.13   	-152.59		
-84.84   	-79.35   	 90.52   	-142.42		
-82.40   	-76.90   	 89.95   	-132.25		
-80.87   	-75.38   	 89.42   	-116.99		
-81.18   	-74.16   	 88.95   	-106.82		
-81.79   	-72.94   	 88.52   	 -86.47		
-82.09   	-71.11   	 88.18   	 -71.21		
-81.79   	-69.58   	 87.89   	 -61.04		
-80.87   	-69.27   	 87.65   	 -50.86		
-79.35   	-70.19   	 87.45   	 -45.78		
-78.13   	-71.11   	 87.26   	 -35.61		
-77.21   	-71.41   	 87.12   	 -30.52		
-76.60   	-71.72   	 87.00   	 -30.52		
-76.60   	-72.94   	 86.88   	 -35.61		
-77.21   	-74.77   	 86.73   	 -25.43		
-78.43   	-76.60   	 86.63   	 -30.52		
-79.65   	-76.29   	 86.51   	 -30.52		
-80.57   	-73.55   	 86.39   	 -30.52		
-80.87   	-69.27   	 86.27   	 -30.52		
-80.87   	-67.14   	 86.14   	 -30.52		
-81.18   	-68.97   	 86.02   	 -25.43		
-82.09   	-75.68   	 85.92   	 -30.52		
-83.31   	-83.92   	 85.80   	 -25.43		
-83.92   	-90.33   	 85.70   	 -30.52		
-83.92   	-92.47   	 85.57   	 -35.61		
-84.23   	-90.03   	 85.43   	 -30.52		
-85.14   	-86.67   	 85.31   	 -35.61		
-86.67   	-84.23   	 85.17   	 -35.61		
-87.89   	-83.62   	 85.03   	 -35.61		
-87.59   	-83.31   	 84.88   	 -40.69		
-85.45   	-79.65   	 84.72   	 -35.61		
-82.09   	-71.72   	 84.58   	 -40.69		
-78.43   	-61.34   	 84.41   	 -45.78		
-75.68   	-51.57   	 84.23   	 -40.69		
-73.55   	-45.47   	 84.07   	 -45.78		
-71.11   	-43.03   	 83.89   	 -40.69		
-68.36   	-42.11   	 83.72   	 -45.78		
-64.70   	-39.37   	 83.54   	 -45.78		
-60.73   	-32.65   	 83.36   	 -45.78		
-55.54   	-20.45   	 83.17   	 -45.78		
-49.13   	 -3.66   	 82.99   	 -45.78		
-41.20   	 13.73   	 82.81   	 -45.78		
-32.96   	 28.69   	 82.62   	 -50.86		
-25.94   	 38.45   	 82.42   	 -40.69		
-20.14   	 44.56   	 82.26   	 -45.78		
-16.17   	 48.22   	 82.07   	 -45.78		
-14.95   	 49.44   	 81.89   	 -45.78		
-17.09   	 47.00   	 81.71   	 -45.78		
-21.97   	 39.98   	 81.53   	 -40.69		
-28.38   	 28.08   	 81.36   	 -45.78		
-32.96   	 11.60   	 81.18   	 -45.78		
-36.62   	 -9.46   	 81.00   	 -40.69		
-42.42   	-34.79   	 80.83   	 -40.69		
-54.32   	-61.65   	 80.67   	 -45.78		
-71.41   	-84.53   	 80.49   	 -40.69		
-88.20   	-99.18   	 80.33   	 -40.69		
-98.27   	-105.90   	 80.16   	 -40.69		
-99.18   	-108.64   	 80.00   	 -40.69		
-94.60   	-112.61   	 79.84   	 -40.69		
-89.72   	-119.02   	 79.67   	 -35.61		
-89.72   	-126.65   	 79.53   	 -40.69		
-93.38   	-132.45   	 79.37   	 -40.69		
-97.96   	-135.50   	 79.21   	 -35.61		
-100.71   	-137.02   	 79.06   	 -40.69		
-100.40   	-137.94   	 78.90   	 -35.61		
-99.18   	-139.47   	 78.76   	 -40.69		
-97.96   	-140.69   	 78.60   	 -40.69		
-97.05   	-140.69   	 78.43   	 -35.61		
-96.44   	-140.08   	 78.29   	 -40.69		
-96.13   	-139.77   	 78.13   	 -40.69		
-96.74   	-139.77   	 77.97   	 -40.69		
-100.10   	-136.41   	 77.80   	 -45.78		
-104.06   	-118.71   	 77.62   	 -40.69		
-100.10   	-74.16   	 77.46   	 -40.69		
-69.58   	  1.22   	 77.29   	 -45.78		
 10.07   	 97.66   	 77.11   	 -40.69		
155.03   	195.31   	 76.95   	 -45.78		
361.94   	277.40   	 76.76   	 -86.47		
819.40   	394.90   	 76.42   	 -45.78		
950.01   	438.84   	 76.24   	 -45.78		
942.08   	453.49(R)	 76.05   	 -45.78		
786.44   	411.68   	 75.87   	 -50.86		
525.82   	297.55   	 75.67   	 -45.78		
243.84   	129.70   	 75.48   	 -50.86		
 25.63   	-39.06   	 75.28   	 -45.78		
-83.92   	-153.50   	 75.10   	 -55.95		
-97.35   	-187.38   	 74.87   	 -50.86		
-62.56   	-151.98   	 74.67   	 -50.86		
-26.25   	-86.36   	 74.47   	 -55.95		
 -9.77   	-31.43   	 74.24   	 -50.86		
 -8.85   	 -6.41   	 74.04   	 -55.95		
-11.60   	 -6.71   	 73.81   	 -61.04		
-11.60   	-16.17   	 73.57   	 -55.95		
 -9.77   	-21.67   	 73.35   	 -55.95		
 -7.93   	-20.45   	 73.12   	 -61.04		
 -7.63   	-16.78   	 72.88   	 -55.95		
 -7.32   	-15.26   	 72.65   	 -55.95		
 -6.71   	-15.87   	 72.43   	 -50.86		
 -5.49   	-15.87   	 72.23   	 -50.86		
 -3.05   	-12.82   	 72.02   	 -50.86		
  0.31   	 -6.71   	 71.82   	 -40.69		
  3.66   	  0.31   	 71.66   	 -40.69		
  6.41   	  7.32   	 71.50   	 -40.69		
  8.24   	 13.12   	 71.33   	 -30.52		
 10.68   	 18.62   	 71.21   	 -35.61		
 14.04   	 23.50   	 71.07   	 -30.52		
 18.31   	 28.69   	 70.95   	 -25.43		
 22.89   	 34.79   	 70.84   	 -20.35		
 27.47   	 42.11   	 70.76   	 -20.35		
 32.65   	 50.96   	 70.68   	 -10.17		
 38.45   	 61.34   	 70.64(D)	   0.00		
 45.47   	 72.63   	 70.64   	  15.26		
 53.71   	 84.23   	 70.70   	  35.61		
 62.87   	 95.83   	 70.84   	  55.95		
 71.72   	107.73   	 71.07   	  86.47		
 79.96   	119.93   	 71.41   	 116.99		
 88.20   	132.45   	 71.88   	 142.42		
 97.05   	145.57   	 72.45   	 178.03		
106.81   	159.30   	 73.16   	 203.46		
117.80   	174.26   	 73.98   	 228.89		
129.09   	190.12   	 74.89   	 254.32		
140.99   	206.60   	 75.91   	 264.50		
153.20   	224.00   	 76.97   	 279.75		
166.02   	242.31   	 78.09   	 279.75		
179.14   	260.93   	 79.21   	 279.75		
191.96   	279.24   	 80.33   	 269.58		
204.47   	296.33   	 81.40   	 259.41		
215.45   	311.89   	 82.44   	 249.24		
225.83   	325.32   	 83.44   	 228.89		
234.99   	336.91   	 84.35   	 213.63		
242.92   	346.07   	 85.21   	 203.46		
249.33   	352.48   	 86.02   	 188.20		
253.91   	354.92   	 86.77   	 183.11		
255.74   	352.17   	 87.51   	 167.85		
253.60   	343.63   	 88.18   	 167.85		
246.28   	328.37   	 88.85   	 162.77		
233.46   	306.70   	 89.50   	 162.77		
215.45   	279.85   	 90.15   	 157.68		
193.48   	249.63   	 90.78   	 152.59		
167.85   	217.29   	 91.39   	 152.59		
140.38   	184.02   	 92.00   	 147.51		
111.39   	150.45   	 92.59   	 137.33		
 81.79   	116.27   	 93.14   	 137.33		
 53.41   	 82.70   	 93.69   	 127.16		
 26.55   	 51.57   	 94.20   	 116.99		
  3.05   	 24.11   	 94.67   	 111.90		
-17.70   	  0.92   	 95.12   	 106.82		
-34.79   	-18.01   	 95.54   	 106.82		
-49.44   	-34.18   	 95.97   	  96.64		
-61.04   	-47.91   	 96.36   	  91.56		
-70.80   	-59.81   	 96.72   	  86.47		
-78.74   	-69.58   	 97.07   	  81.38		
-85.14   	-77.21   	 97.40   	  81.38		
-90.94   	-83.01   	 97.72   	  76.30		
-95.52   	-87.89   	 98.03   	  71.21		
-98.88   	-91.86   	 98.31   	  61.04		
-100.71   	-95.21   	 98.56   	  61.04		
-101.62   	-97.35   	 98.80   	  50.86		
-101.93   	-98.27   	 99.00   	  45.78		
-102.23   	-98.57   	 99.19   	  35.61		
-101.62   	-98.88   	 99.33   	  30.52		
-100.40   	-99.49   	 99.45   	  15.26		
-98.27   	-100.40   	 99.51   	  10.17		
-96.44   	-100.40   	 99.55(S)	   0.00		
-95.52   	-99.49   	 99.55   	 -10.17		
-95.83   	-97.96   	 99.51   	 -25.43		
-96.13   	-96.13   	 99.41   	 -40.69		
-95.83   	-94.30   	 99.25   	 -61.04		
-93.69   	-92.16   	 99.00   	 -76.30		
-91.25   	-89.72   	 98.70   	 -91.56		
-88.81   	-86.67   	 98.33   	-111.90		
-86.98   	-83.62   	 97.88   	-127.16		
-86.36   	-81.18   	 97.37   	-142.42		
-86.06   	-79.65   	 96.81   	-147.51		
-85.75   	-78.74   	 96.22   	-147.51		
-85.45   	-78.13   	 95.63   	-147.51		
-84.53   	-76.60   	 95.04   	-142.42		
-83.01   	-73.85   	 94.47   	-127.16		
-81.18   	-70.19   	 93.96   	-111.90		
-79.04   	-65.92   	 93.51   	-101.73		
-77.51   	-62.56   	 93.10   	 -81.38		
-76.60   	-60.42   	 92.78   	 -71.21		
-75.68   	-59.51   	 92.49   	 -61.04		
-75.07   	-58.59   	 92.25   	 -50.86		
-74.16   	-57.07   	 92.04   	 -45.78		
-73.85   	-55.85   	 91.86   	 -40.69		
-74.16   	-54.63   	 91.70   	 -35.61		
-75.38   	-54.93   	 91.56   	 -40.69		
-76.29   	-56.15   	 91.39   	 -35.61		
-76.60   	-57.68   	 91.25   	 -40.69		
-76.29   	-59.51   	 91.09   	 -35.61		
-75.38   	-61.04   	 90.95   	 -35.61		
-74.77   	-62.87   	 90.80   	 -40.69		
-75.38   	-64.39   	 90.64   	 -35.61		
-76.29   	-66.22   	 90.50   	 -40.69		
-77.21   	-67.75   	 90.34   	 -35.61		
-77.82   	-69.27   	 90.19   	 -35.61		
-78.43   	-70.50   	 90.05   	 -35.61		
-78.43   	-71.72   	 89.91   	 -40.69		
-78.13   	-72.94   	 89.75   	 -35.61		
-77.51   	-73.85   	 89.60   	 -35.61		
-76.60   	-74.46   	 89.46   	 -35.61		
-75.99   	-75.38   	 89.32   	 -35.61		
-75.99   	-75.99   	 89.18   	 -35.61		
-75.99   	-75.99   	 89.03   	 -35.61		
-75.99   	-73.85   	 88.89   	 -35.61		
-75.07   	-68.66   	 88.75   	 -35.61		
-72.94   	-60.12   	 88.61   	 -35.61		
-70.19   	-50.05   	 88.46   	 -35.61		
-67.44   	-40.59   	 88.32   	 -35.61		
-65.31   	-33.87   	 88.18   	 -35.61		
-63.78   	-30.52   	 88.04   	 -40.69		
-61.65   	-28.99   	 87.87   	 -35.61		
-57.98   	-27.16   	 87.73   	 -40.69		
-52.80   	-21.97   	 87.57   	 -40.69		
-46.39   	-11.29   	 87.41   	 -40.69		
-39.37   	  3.97   	 87.24   	 -40.69		
-32.65   	 20.75   	 87.08   	 -45.78		
-26.25   	 35.71   	 86.90   	 -40.69		
-19.84   	 47.30   	 86.73   	 -40.69		
-13.12   	 54.93   	 86.57   	 -45.78		
 -8.85   	 59.51   	 86.39   	 -45.78		
 -8.24   	 59.51   	 86.21   	 -45.78		
-12.51   	 54.93   	 86.02   	 -40.69		
-19.23   	 45.47   	 85.86   	 -45.78		
-25.02   	 32.04   	 85.68   	 -45.78		
-27.77   	 14.95   	 85.49   	 -45.78		
-29.60   	 -6.71   	 85.31   	 -45.78		
-34.48   	-33.26   	 85.13   	 -45.78		
-46.08   	-60.73   	 84.94   	 -45.78		
-62.56   	-82.70   	 84.76   	 -45.78		
-78.13   	-95.83   	 84.58   	 -45.78		
-87.89   	-101.32   	 84.39   	 -45.78		
-90.03   	-103.45   	 84.21   	 -45.78		
-86.98   	-107.42   	 84.03   	 -45.78		
-83.92   	-113.83   	 83.85   	 -45.78		
-83.31   	-120.85   	 83.66   	 -45.78		
-84.84   	-126.65   	 83.48   	 -40.69		
-86.67   	-129.39   	 83.32   	 -45.78		
-86.98   	-130.00   	 83.13   	 -45.78		
-86.36   	-129.70   	 82.95   	 -40.69		
-85.14   	-129.70   	 82.79   	 -45.78		
-84.84   	-130.31   	 82.60   	 -45.78		
-85.14   	-131.53   	 82.42   	 -45.78		
-86.36   	-132.45   	 82.24   	 -50.86		
-88.50   	-133.06   	 82.03   	 -45.78		
-92.47   	-131.84   	 81.85   	 -50.86		
-98.88   	-123.90   	 81.65   	 -45.78		
-105.59   	-99.79   	 81.46   	 -50.86		
-102.54   	-48.52   	 81.26   	 -50.86		
-71.11   	 32.35   	 81.06   	 -50.86		
 11.90   	133.36   	 80.85   	 -50.86		
163.57   	239.87   	 80.65   	 -45.78		
381.77   	338.44   	 80.47   	-101.73		
863.04   	499.27   	 80.06   	 -50.86		
997.01   	543.52(R)	 79.86   	 -50.86		
985.72   	530.40   	 79.65   	 -50.86		
823.97   	439.45   	 79.45   	 -45.78		
561.83   	277.71   	 79.27   	 -50.86		
284.73   	 87.59   	 79.06   	 -50.86		
 72.63   	-70.50   	 78.86   	 -50.86		
-37.54   	-152.28   	 78.66   	 -45.78		
-59.51   	-152.89   	 78.47   	 -50.86		
-38.76   	-100.10   	 78.27   	 -55.95		
-16.48   	-35.71   	 78.05   	 -50.86		
 -9.46   	  8.85   	 77.84   	 -50.86		
-13.43   	 23.19   	 77.64   	 -50.86		
-18.01   	 16.17   	 77.44   	 -55.95		
-17.70   	  3.05   	 77.21   	 -55.95		
-14.95   	 -6.41   	 76.99   	 -50.86		
-13.12   	 -8.85   	 76.79   	 -55.95		
-12.82   	 -7.63   	 76.56   	 -55.95		
-13.43   	 -6.10   	 76.34   	 -50.86		
-13.73   	 -4.88   	 76.13   	 -50.86		
-13.12   	 -3.05   	 75.93   	 -50.86		
-11.60   	  0.00   	 75.73   	 -45.78		
 -9.77   	  3.97   	 75.54   	 -40.69		
 -7.32   	  8.24   	 75.38   	 -35.61		
 -4.58   	 13.12   	 75.24   	 -35.61		
 -1.22   	 18.31   	 75.10   	 -25.43		
  3.05   	 24.11   	 74.99   	 -25.43		
  7.32   	 30.21   	 74.89   	 -15.26		
 11.29   	 36.32   	 74.83   	  -5.09		
 14.65   	 42.72   	 74.81(D)	   5.09		
 18.01   	 49.74   	 74.83   	  20.35		
 22.28   	 57.98   	 74.91   	  40.69		
 27.77   	 67.75   	 75.08   	  61.04		
 34.18   	 79.04   	 75.32   	  91.56		
 40.89   	 90.94   	 75.69   	 116.99		
 47.91   	102.54   	 76.15   	 147.51		
 55.24   	113.53   	 76.74   	 178.03		
 63.17   	124.82   	 77.46   	 203.46		
 71.72   	137.63   	 78.27   	 228.89		
 81.48   	151.98   	 79.19   	 254.32		
 91.55   	168.46   	 80.20   	 269.58		
102.23   	185.55   	 81.28   	 274.67		
113.22   	203.25   	 82.38   	 284.84		
124.82   	221.25   	 83.52   	 284.84		
137.02   	239.87   	 84.66   	 274.67		
149.54   	259.09   	 85.76   	 269.58		
162.66   	278.93   	 86.84   	 259.41		
176.70   	298.46   	 87.87   	 244.15		
191.04   	317.08   	 88.85   	 239.06		
205.38   	333.25   	 89.81   	 223.80		
218.20   	346.37   	 90.70   	 213.63		
227.97   	356.45   	 91.56   	 208.54		
234.99   	365.30   	 92.39   	 203.46		
239.87   	372.92   	 93.20   	 198.37		
243.23   	378.11   	 94.00   	 198.37		
244.75   	377.81   	 94.79   	 193.29		
243.53   	369.26   	 95.56   	 198.37		
238.04   	351.56   	 96.36   	 193.29		
227.05   	326.84   	 97.13   	 193.29		
210.57   	297.85   	 97.90   	 193.29		
189.21   	267.03   	 98.68   	 188.20		
163.88   	234.38   	 99.43   	 188.20		
135.80   	200.50   	100.18   	 188.20		
105.59   	165.10   	100.94   	 178.03		
 75.38   	129.09   	101.65   	 172.94		
 46.39   	 94.60   	102.34   	 162.77		
 19.84   	 62.87   	102.99   	 157.68		
 -3.05   	 35.10   	103.62   	 152.59		
-22.58   	 11.60   	104.23   	 147.51		
-39.37   	 -8.85   	104.82   	 137.33		
-53.71   	-27.47   	105.37   	 137.33		
-66.53   	-43.64   	105.92   	 132.25		
-77.51   	-57.37   	106.45   	 127.16		
-86.67   	-68.05   	106.96   	 116.99		
-94.30   	-75.68   	107.43   	 116.99		
-100.10   	-81.48   	107.89   	 101.73		
-104.68   	-86.67   	108.30   	 101.73		
-107.42   	-91.25   	108.71   	  86.47		
-108.64   	-94.60   	109.05   	  81.38		
-108.64   	-97.05   	109.38   	  71.21		
-107.73   	-98.57   	109.66   	  55.95		
-107.12   	-99.49   	109.89   	  45.78		
-106.81   	-100.40   	110.07   	  35.61		
-106.20   	-101.01   	110.21   	  25.43		
-105.29   	-101.01   	110.31   	  15.26		
-103.45   	-100.40   	110.38(S)	   0.00		
-101.62   	-99.18   	110.38   	 -10.17		
-100.10   	-97.35   	110.34   	 -25.43		
-98.88   	-95.83   	110.23   	 -40.69		
-98.27   	-95.83   	110.07   	 -55.95		
-97.66   	-96.74   	109.85   	 -71.21		
-97.05   	-97.66   	109.56   	 -91.56		
-96.44   	-97.66   	109.20   	-111.90		
-95.21   	-96.74   	108.75   	-127.16		
-93.38   	-95.21   	108.24   	-152.59		
-91.55   	-93.69   	107.63   	-167.85		
-90.64   	-92.77   	106.96   	-172.94		
-90.03   	-91.86   	106.27   	-183.11		
-90.33   	-90.64   	105.53   	-183.11		
-90.94   	-89.11   	104.80   	-178.03		
-90.94   	-87.59   	104.09   	-162.77		
-90.33   	-86.06   	103.44   	-152.59		
-89.42   	-84.84   	102.83   	-142.42		
-88.81   	-83.92   	102.26   	-127.16		
-88.81   	-83.92   	101.75   	-111.90		
-89.72   	-85.14   	101.30   	 -96.64		
-91.25   	-86.36   	100.92   	 -96.64		
-92.16   	-87.28   	100.53   	 -86.47		
-92.16   	-87.28   	100.18   	 -81.38		
-91.25   	-87.28   	 99.86   	 -76.30		
-90.64   	-87.28   	 99.55   	 -81.38		
-90.33   	-88.20   	 99.23   	 -76.30		
-91.25   	-89.72   	 98.92   	 -76.30		
-92.47   	-91.25   	 98.62   	 -76.30		
-93.99   	-92.77   	 98.31   	 -71.21		
-94.91   	-93.69   	 98.03   	 -71.21		
-95.52   	-94.60   	 97.74   	 -71.21		
-95.83   	-95.21   	 97.46   	 -61.04		
-95.83   	-95.21   	 97.21   	 -66.12		
-95.52   	-94.91   	 96.95   	 -61.04		
-95.21   	-94.30   	 96.70   	 -55.95		
-94.91   	-94.30   	 96.48   	 -55.95		
-95.52   	-94.91   	 96.26   	 -50.86		
-96.44   	-96.13   	 96.05   	 -50.86		
-97.35   	-97.05   	 95.85   	 -55.95		
-97.66   	-97.35   	 95.63   	 -50.86		
-97.35   	-97.05   	 95.42   	 -45.78		
-97.05   	-97.05   	 95.24   	 -50.86		
-97.05   	-97.66   	 95.04   	 -50.86		
-97.05   	-97.05   	 94.83   	 -50.86		
-96.44   	-93.69   	 94.63   	 -50.86		
-94.91   	-86.36   	 94.42   	 -50.86		
-92.16   	-75.99   	 94.22   	 -55.95		
-89.42   	-64.70   	 94.00   	 -50.86		
-86.67   	-55.54   	 93.79   	 -50.86		
-84.53   	-50.35   	 93.59   	 -50.86		
-81.79   	-48.22   	 93.39   	 -55.95		
-77.82   	-47.00   	 93.16   	 -55.95		
-72.33   	-42.72   	 92.94   	 -55.95		
-65.61   	-33.87   	 92.72   	 -55.95		
-58.59   	-20.45   	 92.49   	 -55.95		
-51.27   	 -4.58   	 92.27   	 -55.95		
-44.86   	 10.38   	 92.04   	 -61.04		
-38.15   	 21.97   	 91.80   	 -61.04		
-31.43   	 30.82   	 91.56   	 -61.04		
-25.33   	 36.62   	 91.31   	 -61.04		
-22.28   	 38.45   	 91.07   	 -66.12		
-23.80   	 33.87   	 90.80   	 -66.12		
-29.91   	 23.19   	 90.54   	 -66.12		
-37.23   	  7.93   	 90.27   	 -66.12		
-42.11   	 -9.46   	 90.01   	 -66.12		
-43.64   	-28.99   	 89.75   	 -66.12		
-45.78   	-51.27   	 89.48   	 -66.12		
-54.32   	-75.99   	 89.22   	 -61.04		
-69.58   	-99.18   	 88.97   	 -66.12		
-87.59   	-114.75   	 88.71   	 -66.12		
-101.32   	-121.46   	 88.44   	 -61.04		
-106.81   	-123.60   	 88.20   	 -61.04		
-105.29   	-125.73   	 87.95   	 -61.04		
-101.62   	-130.92   	 87.71   	 -55.95		
-100.40   	-138.24   	 87.49   	 -61.04		
-101.93   	-144.96   	 87.24   	 -55.95		
-104.68   	-148.62   	 87.02   	 -55.95		
-106.20   	-150.15   	 86.80   	 -50.86		
-106.51   	-150.45   	 86.59   	 -55.95		
-105.90   	-151.06   	 86.37   	 -55.95		
-105.59   	-151.98   	 86.14   	 -50.86		
-106.20   	-152.89   	 85.94   	 -55.95		
-107.42   	-153.81   	 85.72   	 -55.95		
-109.25   	-154.42   	 85.49   	 -55.95		
-112.00   	-154.72   	 85.27   	 -55.95		
-115.97   	-152.59   	 85.05   	 -55.95		
-121.46   	-140.99   	 84.82   	 -55.95		
-125.12   	-108.64   	 84.60   	 -61.04		
-115.05   	-47.91   	 84.35   	 -55.95		
-70.80   	 38.45   	 84.13   	 -61.04		
 31.74   	137.02   	 83.89   	 -61.04		
207.82   	232.54   	 83.64   	 -61.04		
449.52   	316.47   	 83.40   	-116.99		
940.55   	450.13   	 82.93   	 -61.04		
1051.03   	477.91(R)	 82.69   	 -55.95		
1001.89   	444.34   	 82.46   	 -61.04		
800.78   	333.86   	 82.22   	 -61.04		
512.08   	163.88   	 81.97   	 -55.95		
229.49   	-15.87   	 81.75   	 -61.04		
 29.30   	-145.87   	 81.51   	 -61.04		
-61.65   	-194.40   	 81.26   	 -55.95		
-69.89   	-169.07   	 81.04   	 -61.04		
-45.78   	-105.59   	 80.79   	 -61.04		
-27.16   	-43.03   	 80.55   	 -55.95		
-25.33   	 -6.71   	 80.33   	 -61.04		
-31.74   	  0.92   	 80.08   	 -66.12		
-36.01   	 -8.24   	 79.82   	 -61.04		
-35.71   	-19.53   	 79.57   	 -61.04		
-33.57   	-25.02   	 79.33   	 -61.04		
-33.26   	-24.72   	 79.08   	 -61.04		
-33.87   	-21.67   	 78.84   	 -55.95		
-33.87   	-19.53   	 78.62   	 -61.04		
-32.35   	-18.62   	 78.37   	 -50.86		
-30.21   	-17.09   	 78.17   	 -50.86		
-27.47   	-14.04   	 77.97   	 -45.78		
-24.41   	 -9.16   	 77.78   	 -40.69		
-21.36   	 -3.36   	 77.62   	 -40.69		
-18.01   	  3.05   	 77.46   	 -30.52		
-14.34   	  9.16   	 77.33   	 -30.52		
-10.68   	 15.56   	 77.21   	 -20.35		
 -7.02   	 22.28   	 77.13   	 -15.26		
 -3.05   	 29.30   	 77.07   	 -10.17		
  1.22   	 36.62   	 77.03(D)	   5.09		
  6.10   	 44.86   	 77.05   	  15.26		
 11.90   	 53.10   	 77.11   	  30.52		
 17.70   	 61.65   	 77.23   	  55.95		
 23.80   	 70.50   	 77.46   	  81.38		
 29.60   	 80.26   	 77.78   	 111.90		
 36.32   	 91.25   	 78.23   	 137.33		
 43.64   	103.15   	 78.78   	 167.85		
 52.19   	116.58   	 79.45   	 198.37		
 61.04   	130.62   	 80.24   	 228.89		
 70.50   	145.26   	 81.16   	 244.15		
 80.26   	160.83   	 82.14   	 264.50		
 90.64   	177.31   	 83.19   	 279.75		
102.23   	194.70   	 84.31   	 284.84		
115.36   	213.32   	 85.45   	 284.84		
130.00   	232.54   	 86.59   	 279.75		
145.87   	251.77   	 87.71   	 274.67		
161.74   	271.30   	 88.81   	 269.58		
177.61   	290.83   	 89.89   	 254.32		
192.26   	310.06   	 90.91   	 239.06		
205.99   	328.37   	 91.86   	 233.98		
218.20   	344.54   	 92.80   	 223.80		
228.88   	357.97   	 93.69   	 218.72		
237.43   	367.13   	 94.57   	 213.63		
243.53   	371.70   	 95.42   	 208.54		
246.58   	371.09   	 96.26   	 203.46		
246.58   	364.69   	 97.07   	 208.54		
242.61   	352.78   	 97.90   	 203.46		
234.68   	335.39   	 98.72   	 198.37		
222.47   	312.50   	 99.51   	 198.37		
205.38   	284.73   	100.30   	 198.37		
183.41   	253.30   	101.10   	 188.20		
156.56   	219.42   	101.85   	 183.11		
126.04   	183.41   	102.58   	 178.03		
 94.30   	146.79   	103.30   	 172.94		
 63.17   	110.47   	103.99   	 162.77		
 34.79   	 76.29   	104.64   	 157.68		
  9.46   	 45.17   	105.27   	 147.51		
-12.82   	 17.40   	105.86   	 137.33		
-32.65   	 -6.41   	106.41   	 137.33		
-50.35   	-27.16   	106.96   	 127.16		
-65.61   	-44.56   	107.47   	 127.16		
-78.43   	-59.20   	107.98   	 122.07		
-88.81   	-71.72   	108.46   	 111.90		
-96.74   	-82.09   	108.91   	 111.90		
-102.84   	-90.64   	109.36   	 101.73		
-107.12   	-97.66   	109.77   	  96.64		
-110.17   	-102.84   	110.15   	  86.47		
-112.30   	-106.81   	110.50   	  81.38		
-114.44   	-110.17   	110.82   	  66.12		
-116.27   	-113.22   	111.09   	  61.04		
-118.10   	-115.36   	111.33   	  45.78		
-119.02   	-116.58   	111.52   	  40.69		
-118.71   	-116.27   	111.68   	  30.52		
-117.19   	-114.44   	111.80   	  15.26		
-115.36   	-112.61   	111.86   	  10.17		
-113.53   	-111.69   	111.90(S)	  -5.09		
-112.30   	-111.69   	111.88   	 -20.35		
-111.69   	-112.61   	111.80   	 -30.52		
-110.47   	-113.53   	111.68   	 -45.78		
-108.95   	-114.14   	111.49   	 -66.12		
-107.73   	-113.83   	111.23   	 -86.47		
-106.51   	-113.22   	110.88   	-101.73		
-105.59   	-112.30   	110.48   	-127.16		
-104.06   	-111.08   	109.97   	-147.51		
-102.23   	-110.47   	109.38   	-157.68		
-100.40   	-109.25   	108.75   	-172.94		
-98.88   	-108.03   	108.06   	-178.03		
-98.57   	-106.20   	107.34   	-178.03		
-98.88   	-103.76   	106.63   	-178.03		
-98.57   	-101.01   	105.92   	-167.85		
-97.96   	-98.27   	105.25   	-162.77		
-96.74   	-96.44   	104.60   	-147.51		
-95.52   	-95.21   	104.01   	-132.25		
-94.91   	-95.21   	103.48   	-127.16		
-94.91   	-95.52   	102.97   	-111.90		
-95.21   	-95.21   	102.52   	-106.82		
-95.52   	-94.91   	102.10   	-101.73		
-95.83   	-93.99   	101.69   	 -96.64		
-96.44   	-93.69   	101.30   	 -91.56		
-97.05   	-93.69   	100.94   	 -86.47		
-97.96   	-94.60   	100.59   	 -91.56		
-98.88   	-96.44   	100.22   	 -86.47		
-100.10   	-98.27   	 99.88   	 -81.38		
-101.01   	-99.79   	 99.55   	 -81.38		
-101.32   	-100.71   	 99.23   	 -76.30		
-101.62   	-101.01   	 98.92   	 -76.30		
-102.23   	-102.23   	 98.62   	 -66.12		
-102.84   	-104.06   	 98.35   	 -66.12		
-103.76   	-106.51   	 98.09   	 -61.04		
-104.98   	-108.95   	 97.84   	 -61.04		
-105.90   	-111.08   	 97.60   	 -55.95		
-106.51   	-112.30   	 97.37   	 -55.95		
-107.12   	-113.22   	 97.15   	 -50.86		
-107.73   	-113.53   	 96.95   	 -55.95		
-107.42   	-113.83   	 96.72   	 -50.86		
-106.81   	-114.44   	 96.52   	 -50.86		
-105.90   	-115.36   	 96.32   	 -50.86		
-105.29   	-116.88   	 96.11   	 -55.95		
-105.29   	-118.71   	 95.89   	 -50.86		
-105.59   	-119.63   	 95.69   	 -55.95		
-105.90   	-119.63   	 95.46   	 -50.86		
-105.90   	-118.41   	 95.26   	 -55.95		
-105.29   	-117.19   	 95.04   	 -55.95		
-104.98   	-116.58   	 94.81   	 -55.95		
-104.98   	-117.19   	 94.59   	 -61.04		
-105.59   	-118.10   	 94.34   	 -55.95		
-106.20   	-118.41   	 94.12   	 -61.04		
-106.51   	-118.10   	 93.88   	 -61.04		
-106.20   	-116.88   	 93.63   	 -61.04		
-104.68   	-113.22   	 93.39   	 -61.04		
-102.54   	-106.20   	 93.14   	 -66.12		
-99.49   	-95.83   	 92.88   	 -61.04		
-95.83   	-83.01   	 92.63   	 -66.12		
-91.86   	-71.11   	 92.37   	 -66.12		
-88.20   	-62.87   	 92.11   	 -71.21		
-84.53   	-58.90   	 91.82   	 -66.12		
-80.57   	-57.68   	 91.56   	 -71.21		
-75.68   	-55.54   	 91.27   	 -66.12		
-69.89   	-48.83   	 91.01   	 -71.21		
-62.87   	-36.01   	 90.72   	 -71.21		
-56.15   	-19.84   	 90.44   	 -71.21		
-49.74   	 -3.36   	 90.15   	 -71.21		
-43.95   	  9.77   	 89.87   	 -66.12		
-38.15   	 19.23   	 89.60   	 -71.21		
-31.74   	 26.55   	 89.32   	 -71.21		
-27.16   	 31.13   	 89.03   	 -66.12		
-26.25   	 31.13   	 88.77   	 -66.12		
-31.13   	 24.41   	 88.50   	 -71.21		
-39.67   	 11.60   	 88.22   	 -66.12		
-47.91   	 -4.27   	 87.95   	 -66.12		
-52.19   	-22.28   	 87.69   	 -66.12		
-54.63   	-42.72   	 87.43   	 -61.04		
-60.12   	-65.61   	 87.18   	 -66.12		
-71.72   	-88.81   	 86.92   	 -61.04		
-88.20   	-106.81   	 86.67   	 -66.12		
-104.06   	-115.97   	 86.41   	 -55.95		
-113.83   	-119.02   	 86.18   	 -61.04		
-116.58   	-120.85   	 85.94   	 -55.95		
-115.05   	-124.82   	 85.72   	 -55.95		
-113.22   	-131.23   	 85.49   	 -55.95		
-113.53   	-137.02   	 85.27   	 -55.95		
-115.66   	-140.38   	 85.05   	 -50.86		
-117.80   	-141.60   	 84.84   	 -55.95		
-119.02   	-141.60   	 84.62   	 -50.86		
-119.02   	-141.60   	 84.41   	 -50.86		
-118.10   	-141.60   	 84.21   	 -50.86		
-117.19   	-141.60   	 84.01   	 -50.86		
-116.88   	-141.30   	 83.80   	 -55.95		
-117.19   	-140.38   	 83.58   	 -50.86		
-117.80   	-140.08   	 83.38   	 -55.95		
-119.02   	-140.08   	 83.15   	 -55.95		
-121.77   	-137.63   	 82.93   	 -55.95		
-127.26   	-126.65   	 82.71   	 -55.95		
-132.45   	-96.13   	 82.48   	 -55.95		
-125.12   	-39.67   	 82.26   	 -55.95		
-83.01   	 39.37   	 82.03   	 -61.04		
 20.14   	127.56   	 81.79   	 -55.95		
198.97   	209.96   	 81.57   	 -55.95		
445.25   	279.85   	 81.34   	 -61.04		
717.77   	341.19   	 81.10   	-111.90		
1064.45   	427.86(R)	 80.65   	 -55.95		
1016.24   	407.71   	 80.43   	 -61.04		
810.55   	315.55   	 80.18   	 -50.86		
512.08   	162.05   	 79.98   	 -55.95		
218.20   	 -7.93   	 79.76   	 -55.95		
 10.38   	-135.50   	 79.53   	 -55.95		
-81.48   	-185.55   	 79.31   	 -55.95		
-85.14   	-161.44   	 79.08   	 -55.95		
-54.32   	-97.96   	 78.86   	 -50.86		
-30.52   	-35.10   	 78.66   	 -55.95		
-26.25   	  1.22   	 78.43   	 -55.95		
-31.74   	  7.63   	 78.21   	 -50.86		
-35.71   	 -2.75   	 78.01   	 -55.95		
-34.79   	-14.34   	 77.78   	 -55.95		
-31.74   	-19.84   	 77.56   	 -55.95		
-29.91   	-19.23   	 77.33   	 -50.86		
-30.21   	-17.40   	 77.13   	 -50.86		
-31.13   	-17.40   	 76.93   	 -50.86		
-31.43   	-18.92   	 76.72   	 -45.78		
-30.82   	-19.53   	 76.54   	 -40.69		
-28.99   	-17.40   	 76.38   	 -40.69		
-26.25   	-12.82   	 76.22   	 -30.52		
-23.19   	 -7.93   	 76.09   	 -30.52		
-20.75   	 -3.66   	 75.97   	 -30.52		
-18.31   	  0.61   	 75.85   	 -20.35		
-15.56   	  5.19   	 75.77   	 -20.35		
-11.90   	 11.29   	 75.69   	 -15.26		
 -7.32   	 18.62   	 75.63   	 -10.17		
 -2.44   	 27.16   	 75.58(D)	   0.00		
  2.75   	 36.01   	 75.58   	  10.17		
  8.24   	 45.47   	 75.63   	  25.43		
 13.73   	 55.24   	 75.73   	  40.69		
 19.84   	 65.31   	 75.89   	  61.04		
 26.25   	 75.68   	 76.13   	  86.47		
 33.57   	 86.67   	 76.48   	 122.07		
 41.81   	 97.96   	 76.97   	 142.42		
 50.35   	110.78   	 77.54   	 178.03		
 59.20   	124.82   	 78.25   	 208.54		
 68.66   	139.77   	 79.08   	 228.89		
 78.74   	155.33   	 80.00   	 254.32		
 89.72   	171.51   	 81.02   	 269.58		
101.62   	187.68   	 82.10   	 274.67		
114.75   	204.16   	 83.19   	 284.84		
128.48   	220.95   	 84.33   	 279.75		
142.21   	238.04   	 85.45   	 279.75		
156.25   	254.82   	 86.57   	 264.50		
169.37   	271.91   	 87.63   	 259.41		
182.50   	289.00   	 88.67   	 239.06		
195.01   	305.79   	 89.62   	 233.98		
206.60   	321.35   	 90.56   	 218.72		
216.67   	334.78   	 91.43   	 213.63		
225.22   	345.46   	 92.29   	 203.46		
231.93   	351.87   	 93.10   	 198.37		
235.90   	353.39   	 93.90   	 198.37		
237.12   	349.12   	 94.69   	 193.29		
234.68   	339.05   	 95.46   	 193.29		
227.97   	324.10   	 96.24   	 193.29		
216.37   	303.96   	 97.01   	 188.20		
199.58   	278.93   	 97.76   	 183.11		
177.92   	250.24   	 98.49   	 178.03		
151.98   	217.90   	 99.21   	 172.94		
123.29   	183.41   	 99.90   	 167.85		
 92.77   	147.71   	100.57   	 157.68		
 62.26   	111.69   	101.20   	 147.51		
 33.26   	 77.21   	101.79   	 142.42		
  6.41   	 45.47   	102.36   	 132.25		
-17.09   	 17.40   	102.89   	 127.16		
-36.93   	 -7.32   	103.40   	 127.16		
-54.63   	-29.30   	103.91   	 116.99		
-69.89   	-48.22   	104.37   	 111.90		
-83.62   	-64.09   	104.82   	 106.82		
-95.21   	-76.60   	105.25   	 106.82		
-104.98   	-86.36   	105.68   	  96.64		
-112.30   	-94.30   	106.06   	  96.64		
-117.49   	-101.32   	106.45   	  86.47		
-121.46   	-107.12   	106.80   	  76.30		
-123.90   	-111.08   	107.10   	  76.30		
-125.73   	-113.53   	107.41   	  66.12		
-126.34   	-114.75   	107.67   	  55.95		
-126.65   	-115.66   	107.89   	  45.78		
-126.34   	-116.58   	108.08   	  40.69		
-125.43   	-116.88   	108.24   	  30.52		
-124.51   	-116.27   	108.36   	  15.26		
-123.29   	-115.05   	108.42   	   5.09		
-121.77   	-112.92   	108.44(S)	 -10.17		
-119.93   	-111.69   	108.40   	 -20.35		
-118.10   	-111.39   	108.32   	 -35.61		
-116.27   	-112.00   	108.18   	 -50.86		
-114.14   	-112.30   	107.98   	 -71.21		
-112.30   	-111.39   	107.69   	 -96.64		
-111.39   	-109.86   	107.30   	-111.90		
-111.08   	-108.03   	106.86   	-132.25		
-111.69   	-106.81   	106.33   	-147.51		
-111.69   	-106.51   	105.74   	-167.85		
-111.39   	-106.51   	105.07   	-178.03		
-110.17   	-106.20   	104.35   	-178.03		
-108.64   	-105.59   	103.64   	-178.03		
-108.03   	-104.68   	102.93   	-172.94		
-108.03   	-104.37   	102.24   	-157.68		
-108.95   	-104.06   	101.61   	-147.51		
-109.56   	-103.45   	101.02   	-127.16		
-109.25   	-102.23   	100.51   	-116.99		
-108.03   	-100.71   	100.04   	-101.73		
-106.20   	-99.18   	 99.63   	 -96.64		
-104.98   	-98.57   	 99.25   	 -81.38		
-104.98   	-99.18   	 98.92   	 -76.30		
-105.90   	-100.10   	 98.62   	 -76.30		
-107.42   	-100.71   	 98.31   	 -71.21		
-108.95   	-100.10   	 98.03   	 -71.21		
-110.17   	-99.79   	 97.74   	 -66.12		
-111.08   	-100.10   	 97.48   	 -71.21		
-112.00   	-101.62   	 97.19   	 -66.12		
-112.61   	-103.76   	 96.93   	 -66.12		
-113.22   	-105.90   	 96.66   	 -61.04		
-114.14   	-107.12   	 96.42   	 -61.04		
-115.05   	-107.42   	 96.17   	 -55.95		
-115.97   	-107.12   	 95.95   	 -55.95		
-117.19   	-107.12   	 95.73   	 -50.86		
-117.49   	-107.42   	 95.52   	 -50.86		
-117.19   	-108.03   	 95.32   	 -45.78		
-116.88   	-109.25   	 95.14   	 -50.86		
-116.58   	-110.47   	 94.93   	 -45.78		
-116.58   	-111.39   	 94.75   	 -45.78		
-116.58   	-111.39   	 94.57   	 -50.86		
-116.27   	-112.00   	 94.36   	 -45.78		
-116.27   	-112.30   	 94.18   	 -45.78		
-116.58   	-112.61   	 94.00   	 -50.86		
-116.58   	-113.53   	 93.79   	 -50.86		
-117.19   	-114.75   	 93.59   	 -50.86		
-117.49   	-115.97   	 93.39   	 -50.86		
-117.49   	-117.19   	 93.18   	 -50.86		
-117.49   	-118.41   	 92.98   	 -50.86		
-117.19   	-119.32   	 92.78   	 -55.95		
-116.88   	-119.93   	 92.55   	 -50.86		
-116.58   	-120.54   	 92.35   	 -55.95		
-116.27   	-120.85   	 92.13   	 -50.86		
-115.97   	-121.15   	 91.92   	 -55.95		
-115.97   	-121.15   	 91.70   	 -61.04		
-116.27   	-121.15   	 91.45   	 -55.95		
-116.58   	-120.85   	 91.23   	 -61.04		
-116.58   	-118.71   	 90.99   	 -55.95		
-115.36   	-113.53   	 90.76   	 -66.12		
-112.61   	-104.68   	 90.50   	 -61.04		
-108.34   	-92.16   	 90.25   	 -61.04		
-103.15   	-78.74   	 90.01   	 -66.12		
-98.27   	-67.44   	 89.75   	 -66.12		
-94.30   	-60.42   	 89.48   	 -61.04		
-90.94   	-57.68   	 89.24   	 -66.12		
-87.89   	-57.07   	 88.97   	 -66.12		
-84.84   	-54.93   	 88.71   	 -66.12		
-80.26   	-48.22   	 88.44   	 -66.12		
-73.55   	-35.10   	 88.18   	 -66.12		
-65.31   	-18.31   	 87.91   	 -66.12		
-56.15   	 -1.22   	 87.65   	 -61.04		
-47.61   	 12.21   	 87.41   	 -66.12		
-39.98   	 21.06   	 87.14   	 -66.12		
-34.48   	 25.63   	 86.88   	 -61.04		
-32.04   	 26.25   	 86.63   	 -66.12		
-34.18   	 21.97   	 86.37   	 -61.04		
-40.28   	 12.82   	 86.12   	 -61.04		
-47.91   	 -0.31   	 85.88   	 -66.12		
-53.41   	-15.56   	 85.62   	 -61.04		
-55.24   	-32.96   	 85.37   	 -61.04		
-56.76   	-53.71   	 85.13   	 -61.04		
-62.56   	-77.82   	 84.88   	 -61.04		
-75.38   	-101.32   	 84.64   	 -55.95		
-92.77   	-118.71   	 84.41   	 -61.04		
-108.64   	-128.17   	 84.17   	 -55.95		
-117.49   	-131.84   	 83.95   	 -55.95		
-119.02   	-135.19   	 83.72   	 -50.86		
-115.97   	-140.69   	 83.52   	 -55.95		
-112.92   	-148.32   	 83.30   	 -50.86		
-111.69   	-155.33   	 83.09   	 -50.86		
-112.30   	-159.61   	 82.89   	 -50.86		
-113.83   	-161.74   	 82.69   	 -50.86		
-115.36   	-162.96   	 82.48   	 -50.86		
-116.58   	-163.88   	 82.28   	 -55.95		
-117.19   	-164.79   	 82.05   	 -50.86		
-117.19   	-165.10   	 81.85   	 -50.86		
-117.19   	-164.18   	 81.65   	 -55.95		
-117.19   	-162.66   	 81.42   	 -55.95		
-117.80   	-161.13   	 81.20   	 -50.86		
-119.63   	-159.61   	 81.00   	 -61.04		
-123.60   	-154.72   	 80.75   	 -55.95		
-129.39   	-139.47   	 80.53   	 -55.95		
-131.53   	-103.76   	 80.30   	 -61.04		
-115.97   	-42.11   	 80.06   	 -55.95		
-58.29   	 38.45   	 79.84   	 -61.04		
 65.31   	123.29   	 79.59   	 -55.95		
265.81   	198.36   	 79.37   	 -55.95		
524.90   	258.79   	 79.15   	-116.99		
994.87   	357.06   	 78.68   	 -61.04		
1062.93   	378.42(R)	 78.43   	 -55.95		
962.83   	348.21   	 78.21   	 -55.95		
718.69   	249.94   	 77.99   	 -55.95		
408.94   	 97.35   	 77.76   	 -61.04		
131.84   	-61.95   	 77.52   	 -55.95		
-42.72   	-173.34   	 77.29   	 -55.95		
-102.84   	-207.52   	 77.07   	 -55.95		
-87.28   	-173.65   	 76.85   	 -55.95		
-50.66   	-107.42   	 76.62   	 -55.95		
-27.77   	-48.22   	 76.40   	 -55.95		
-24.11   	-17.70   	 76.17   	 -55.95		
-28.08   	-14.34   	 75.95   	 -55.95		
-30.21   	-23.50   	 75.73   	 -55.95		
-28.99   	-31.43   	 75.50   	 -55.95		
-28.38   	-33.87   	 75.28   	 -50.86		
-29.91   	-32.65   	 75.08   	 -50.86		
-32.96   	-31.74   	 74.87   	 -50.86		
-34.48   	-32.35   	 74.67   	 -45.78		
-33.57   	-32.35   	 74.49   	 -45.78		
-29.91   	-29.91   	 74.30   	 -35.61		
-25.02   	-24.72   	 74.16   	 -35.61		
-20.14   	-18.62   	 74.02   	 -30.52		
-16.48   	-12.51   	 73.90   	 -30.52		
-14.04   	 -7.02   	 73.77   	 -20.35		
-11.60   	 -1.53   	 73.69   	 -25.43		
 -7.32   	  4.58   	 73.59   	 -15.26		
 -1.53   	 11.29   	 73.53   	 -15.26		
  4.27   	 18.31   	 73.47   	  -5.09		
  9.16   	 25.33   	 73.45   	  -5.09		
 13.43   	 32.65   	 73.43(D)	  10.17		
 18.31   	 40.28   	 73.47   	  20.35		
 24.41   	 48.52   	 73.55   	  40.69		
 31.43   	 57.98   	 73.71   	  61.04		
 38.45   	 68.97   	 73.96   	  91.56		
 45.17   	 81.18   	 74.32   	 116.99		
 51.57   	 93.99   	 74.79   	 147.51		
 59.81   	107.73   	 75.38   	 178.03		
 69.89   	122.07   	 76.09   	 208.54		
 81.48   	137.63   	 76.93   	 228.89		
 93.69   	154.11   	 77.84   	 254.32		
105.90   	171.81   	 78.86   	 269.58		
118.10   	190.43   	 79.94   	 274.67		
131.53   	209.66   	 81.04   	 284.84		
146.48   	229.49   	 82.18   	 279.75		
162.96   	249.94   	 83.30   	 269.58		
179.44   	270.39   	 84.37   	 264.50		
195.01   	290.83   	 85.43   	 244.15		
209.35   	310.36   	 86.41   	 233.98		
221.86   	328.06   	 87.34   	 218.72		
232.54   	342.71   	 88.22   	 203.46		
241.70   	354.31   	 89.03   	 193.29		
249.33   	361.94   	 89.81   	 188.20		
255.43   	366.21   	 90.56   	 183.11		
259.40   	366.52   	 91.29   	 172.94		
259.70   	362.24   	 91.98   	 178.03		
254.82   	352.17   	 92.70   	 172.94		
244.14   	336.00   	 93.39   	 172.94		
228.27   	314.03   	 94.08   	 167.85		
207.52   	286.87   	 94.75   	 167.85		
182.80   	256.04   	 95.42   	 157.68		
154.72   	223.39   	 96.05   	 157.68		
124.82   	189.82   	 96.68   	 147.51		
 94.30   	156.56   	 97.27   	 142.42		
 64.70   	124.51   	 97.84   	 132.25		
 36.32   	 94.30   	 98.37   	 127.16		
 10.07   	 65.61   	 98.88   	 122.07		
-14.04   	 38.76   	 99.37   	 111.90		
-36.01   	 13.73   	 99.82   	 106.82		
-54.63   	 -8.24   	100.24   	 101.73		
-69.89   	-25.94   	100.65   	  96.64		
-81.48   	-39.67   	101.04   	  91.56		
-90.64   	-50.66   	101.40   	  86.47		
-98.57   	-60.12   	101.75   	  76.30		
-105.59   	-68.97   	102.05   	  76.30		
-111.69   	-76.90   	102.36   	  66.12		
-116.27   	-83.62   	102.62   	  66.12		
-119.32   	-88.50   	102.89   	  55.95		
-121.15   	-91.86   	103.11   	  45.78		
-122.07   	-93.69   	103.30   	  40.69		
-122.07   	-95.21   	103.46   	  30.52		
-121.46   	-97.05   	103.58   	  25.43		
-120.85   	-98.88   	103.68   	  15.26		
-120.24   	-100.71   	103.74(S)	   0.00		
-119.63   	-102.54   	103.74   	 -10.17		
-119.32   	-104.06   	103.70   	 -25.43		
-118.71   	-104.98   	103.60   	 -40.69		
-117.19   	-105.59   	103.44   	 -55.95		
-115.05   	-105.59   	103.21   	 -76.30		
-112.92   	-104.98   	102.91   	-101.73		
-111.39   	-104.06   	102.50   	-122.07		
-110.17   	-103.15   	102.01   	-137.33		
-109.86   	-102.84   	101.46   	-157.68		
-109.86   	-103.15   	100.83   	-167.85		
-110.17   	-103.45   	100.16   	-178.03		
-109.86   	-103.15   	 99.45   	-172.94		
-108.03   	-101.62   	 98.76   	-172.94		
-105.59   	-99.79   	 98.07   	-157.68		
-103.45   	-98.27   	 97.44   	-147.51		
-103.15   	-97.66   	 96.85   	-127.16		
-103.45   	-97.05   	 96.34   	-111.90		
-103.15   	-95.83   	 95.89   	 -96.64		
-101.62   	-93.69   	 95.50   	 -81.38		
-98.88   	-91.25   	 95.18   	 -71.21		
-96.44   	-90.03   	 94.89   	 -66.12		
-95.83   	-90.33   	 94.63   	 -55.95		
-96.74   	-91.25   	 94.40   	 -55.95		
-98.57   	-91.86   	 94.18   	 -55.95		
-99.79   	-92.16   	 93.96   	 -55.95		
-100.71   	-92.77   	 93.73   	 -61.04		
-101.93   	-95.52   	 93.49   	 -55.95		
-103.45   	-99.18   	 93.27   	 -55.95		
-104.68   	-103.15   	 93.04   	 -50.86		
-104.98   	-105.29   	 92.84   	 -55.95		
-104.98   	-105.90   	 92.61   	 -50.86		
-104.98   	-105.59   	 92.41   	 -45.78		
-105.90   	-106.20   	 92.23   	 -45.78		
-107.12   	-108.34   	 92.04   	 -45.78		
-108.34   	-111.08   	 91.86   	 -45.78		
-108.64   	-114.14   	 91.68   	 -40.69		
-108.03   	-116.27   	 91.52   	 -40.69		
-107.12   	-117.19   	 91.35   	 -40.69		
-106.51   	-117.80   	 91.19   	 -40.69		
-105.90   	-118.41   	 91.03   	 -45.78		
-105.29   	-119.63   	 90.84   	 -40.69		
-105.59   	-120.85   	 90.68   	 -45.78		
-106.51   	-122.07   	 90.50   	 -45.78		
-107.73   	-122.99   	 90.32   	 -50.86		
-108.64   	-124.51   	 90.11   	 -45.78		
-108.64   	-126.04   	 89.93   	 -50.86		
-107.73   	-127.26   	 89.72   	 -50.86		
-106.20   	-126.65   	 89.52   	 -50.86		
-104.37   	-124.21   	 89.32   	 -50.86		
-102.84   	-121.46   	 89.11   	 -55.95		
-101.93   	-119.32   	 88.89   	 -50.86		
-101.93   	-118.71   	 88.69   	 -55.95		
-102.23   	-117.49   	 88.46   	 -55.95		
-101.32   	-112.92   	 88.24   	 -55.95		
-98.88   	-103.15   	 88.02   	 -61.04		
-94.30   	-89.42   	 87.77   	 -55.95		
-89.11   	-74.46   	 87.55   	 -55.95		
-84.53   	-62.56   	 87.32   	 -55.95		
-80.87   	-55.85   	 87.10   	 -61.04		
-78.13   	-53.71   	 86.86   	 -55.95		
-75.07   	-53.71   	 86.63   	 -61.04		
-71.11   	-50.66   	 86.39   	 -55.95		
-65.61   	-41.50   	 86.16   	 -55.95		
-59.20   	-25.63   	 85.94   	 -61.04		
-51.57   	 -6.10   	 85.70   	 -55.95		
-43.95   	 12.51   	 85.47   	 -61.04		
-36.62   	 26.25   	 85.23   	 -55.95		
-29.60   	 35.40   	 85.00   	 -55.95		
-24.11   	 39.98   	 84.78   	 -55.95		
-22.28   	 39.98   	 84.56   	 -61.04		
-25.33   	 35.10   	 84.31   	 -55.95		
-32.04   	 25.02   	 84.09   	 -55.95		
-39.67   	 10.99   	 83.87   	 -55.95		
-44.56   	 -5.19   	 83.64   	 -55.95		
-47.00   	-23.80   	 83.42   	 -55.95		
-51.88   	-46.69   	 83.19   	 -55.95		
-62.87   	-72.02   	 82.97   	 -50.86		
-79.65   	-95.21   	 82.77   	 -55.95		
-97.05   	-112.30   	 82.54   	 -50.86		
-108.64   	-121.77   	 82.34   	 -50.86		
-112.00   	-126.34   	 82.14   	 -50.86		
-109.25   	-129.39   	 81.93   	 -50.86		
-105.90   	-133.06   	 81.73   	 -45.78		
-105.59   	-136.41   	 81.55   	 -50.86		
-108.03   	-138.55   	 81.34   	 -50.86		
-111.39   	-138.85   	 81.14   	 -45.78		
-113.22   	-138.85   	 80.96   	 -50.86		
-113.53   	-139.47   	 80.75   	 -45.78		
-112.92   	-140.38   	 80.57   	 -50.86		
-112.61   	-141.91   	 80.37   	 -55.95		
-112.30   	-143.43   	 80.14   	 -50.86		
-112.00   	-144.65   	 79.94   	 -50.86		
-111.69   	-145.57   	 79.74   	 -55.95		
-111.69   	-145.57   	 79.51   	 -50.86		
-113.53   	-142.52   	 79.31   	 -55.95		
-116.27   	-130.92   	 79.08   	 -55.95		
-116.88   	-100.40   	 78.86   	 -55.95		
-102.54   	-44.25   	 78.64   	 -55.95		
-52.19   	 34.79   	 78.41   	 -55.95		
 57.98   	123.60   	 78.19   	 -55.95		
240.78   	204.77   	 77.97   	 -55.95		
481.57   	267.33   	 77.74   	-111.90		
928.34   	358.28   	 77.29   	 -50.86		
996.40   	386.66(R)	 77.09   	 -55.95		
902.71   	379.03   	 76.87   	 -55.95		
668.03   	312.19   	 76.64   	 -55.95		
366.52   	183.41   	 76.42   	 -55.95		
 95.83   	 25.94   	 76.20   	 -55.95		
-72.63   	-106.20   	 75.97   	 -55.95		
-125.12   	-171.51   	 75.75   	 -55.95		
-101.01   	-163.27   	 75.52   	 -55.95		
-55.85   	-108.34   	 75.30   	 -55.95		
-26.25   	-46.69   	 75.08   	 -55.95		
-18.01   	 -7.63   	 74.85   	 -55.95		
-19.53   	  3.66   	 74.63   	 -55.95		
-19.84   	 -0.31   	 74.40   	 -55.95		
-17.70   	 -6.71   	 74.18   	 -55.95		
-15.87   	 -9.46   	 73.96   	 -55.95		
-15.26   	-10.38   	 73.73   	 -50.86		
-14.95   	-12.21   	 73.53   	 -50.86		
-14.65   	-15.26   	 73.33   	 -45.78		
-14.04   	-16.78   	 73.14   	 -45.78		
-13.73   	-14.65   	 72.96   	 -45.78		
-12.51   	 -8.85   	 72.78   	 -35.61		
 -9.77   	 -2.44   	 72.63   	 -35.61		
 -5.80   	  3.05   	 72.49   	 -35.61		
 -0.31   	  8.24   	 72.35   	 -30.52		
  5.49   	 14.34   	 72.23   	 -30.52		
 11.60   	 22.28   	 72.11   	 -25.43		
 16.48   	 31.74   	 72.00   	 -25.43		
 20.75   	 41.20   	 71.90   	 -25.43		
 24.41   	 49.74   	 71.80   	 -25.43		
 28.99   	 56.76   	 71.70   	 -20.35		
 34.79   	 63.17   	 71.62   	 -10.17		
 41.20   	 70.19   	 71.58   	  -5.09		
 47.61   	 78.74   	 71.56(D)	  15.26		
 54.02   	 88.81   	 71.62   	  30.52		
 60.42   	100.10   	 71.74   	  50.86		
 67.75   	112.00   	 71.94   	  76.30		
 76.60   	124.51   	 72.25   	 106.82		
 87.28   	137.63   	 72.68   	 132.25		
 99.18   	150.45   	 73.20   	 162.77		
112.00   	162.96   	 73.86   	 193.29		
124.82   	176.39   	 74.63   	 218.72		
137.63   	191.65   	 75.50   	 239.06		
151.06   	210.88   	 76.46   	 254.32		
166.02   	233.15   	 77.48   	 269.58		
182.19   	255.74   	 78.56   	 269.58		
198.97   	275.88   	 79.63   	 274.67		
214.54   	292.05   	 80.73   	 264.50		
228.27   	305.79   	 81.79   	 259.41		
240.78   	319.21   	 82.83   	 244.15		
251.77   	333.25   	 83.80   	 228.89		
261.23   	347.29   	 84.72   	 213.63		
268.86   	358.28   	 85.57   	 193.29		
273.44   	364.38   	 86.35   	 183.11		
275.27   	363.77   	 87.08   	 167.85		
273.44   	357.67   	 87.75   	 157.68		
268.25   	346.37   	 88.38   	 147.51		
258.48   	329.59   	 88.97   	 137.33		
242.92   	307.62   	 89.52   	 132.25		
221.56   	280.46   	 90.05   	 132.25		
195.31   	249.33   	 90.58   	 122.07		
165.71   	215.76   	 91.07   	 122.07		
134.28   	180.36   	 91.56   	 111.90		
102.84   	144.65   	 92.00   	 106.82		
 72.33   	109.25   	 92.43   	 101.73		
 44.25   	 75.68   	 92.84   	  96.64		
 19.23   	 45.17   	 93.22   	  91.56		
 -3.05   	 18.92   	 93.59   	  86.47		
-22.89   	 -3.36   	 93.94   	  76.30		
-41.20   	-22.58   	 94.24   	  71.21		
-57.07   	-39.06   	 94.53   	  71.21		
-69.58   	-53.71   	 94.81   	  61.04		
-79.04   	-66.83   	 95.06   	  61.04		
-85.45   	-77.21   	 95.30   	  55.95		
-90.64   	-84.84   	 95.52   	  50.86		
-95.52   	-89.42   	 95.73   	  45.78		
-99.79   	-92.16   	 95.91   	  40.69		
-103.15   	-93.69   	 96.07   	  40.69		
-104.68   	-95.83   	 96.24   	  35.61		
-104.68   	-98.57   	 96.38   	  25.43		
-104.06   	-101.93   	 96.48   	  25.43		
-104.37   	-105.90   	 96.58   	  10.17		
-105.59   	-108.95   	 96.62   	  10.17		
-107.73   	-110.78   	 96.66(S)	  -5.09		
-109.56   	-110.47   	 96.64   	 -15.26		
-109.86   	-108.03   	 96.58   	 -25.43		
-108.34   	-104.98   	 96.48   	 -40.69		
-105.90   	-101.93   	 96.32   	 -55.95		
-103.76   	-99.49   	 96.09   	 -81.38		
-101.93   	-97.96   	 95.77   	 -91.56		
-100.71   	-97.35   	 95.40   	-111.90		
-99.79   	-97.35   	 94.95   	-127.16		
-98.88   	-97.96   	 94.45   	-142.42		
-97.96   	-97.96   	 93.88   	-147.51		
-97.05   	-97.05   	 93.29   	-147.51		
-96.13   	-95.52   	 92.70   	-147.51		
-95.21   	-93.99   	 92.11   	-137.33		
-94.30   	-93.38   	 91.56   	-132.25		
-92.77   	-92.77   	 91.03   	-111.90		
-91.86   	-91.86   	 90.58   	-101.73		
-90.94   	-90.03   	 90.17   	 -86.47		
-90.33   	-87.59   	 89.83   	 -76.30		
-89.72   	-84.53   	 89.52   	 -61.04		
-89.42   	-82.09   	 89.28   	 -55.95		
-89.11   	-79.35   	 89.05   	 -45.78		
-89.42   	-77.21   	 88.87   	 -40.69		
-89.72   	-75.68   	 88.71   	 -40.69		
-89.72   	-74.77   	 88.54   	 -35.61		
-88.81   	-75.38   	 88.40   	 -35.61		
-86.98   	-77.21   	 88.26   	 -40.69		
-85.45   	-79.65   	 88.10   	 -35.61		
-85.75   	-82.09   	 87.95   	 -30.52		
-87.59   	-83.92   	 87.83   	 -35.61		
-90.03   	-85.45   	 87.69   	 -35.61		
-92.77   	-87.59   	 87.55   	 -35.61		
-94.91   	-90.03   	 87.41   	 -35.61		
-95.83   	-93.08   	 87.26   	 -40.69		
-95.83   	-95.83   	 87.10   	 -35.61		
-94.91   	-97.05   	 86.96   	 -35.61		
-93.99   	-97.35   	 86.82   	 -35.61		
-93.99   	-97.05   	 86.67   	 -40.69		
-94.91   	-97.35   	 86.51   	 -40.69		
-96.44   	-98.57   	 86.35   	 -35.61		
-97.66   	-101.01   	 86.21   	 -40.69		
-98.88   	-104.06   	 86.04   	 -40.69		
-100.10   	-107.42   	 85.88   	 -40.69		
-101.93   	-108.95   	 85.72   	 -40.69		
-103.45   	-108.64   	 85.55   	 -45.78		
-103.45   	-106.81   	 85.37   	 -40.69		
-101.93   	-104.68   	 85.21   	 -40.69		
-99.18   	-104.06   	 85.05   	 -45.78		
-96.74   	-104.98   	 84.86   	 -40.69		
-95.52   	-106.51   	 84.70   	 -45.78		
-95.83   	-106.20   	 84.52   	 -45.78		
-96.13   	-101.93   	 84.33   	 -45.78		
-94.91   	-93.69   	 84.15   	 -50.86		
-91.25   	-82.40   	 83.95   	 -45.78		
-86.36   	-70.19   	 83.76   	 -45.78		
-81.79   	-59.20   	 83.58   	 -50.86		
-78.74   	-51.88   	 83.38   	 -45.78		
-76.60   	-48.52   	 83.19   	 -50.86		
-74.46   	-47.91   	 82.99   	 -45.78		
-70.80   	-47.00   	 82.81   	 -50.86		
-65.61   	-41.81   	 82.60   	 -50.86		
-58.90   	-30.52   	 82.40   	 -45.78		
-51.88   	-13.73   	 82.22   	 -45.78		
-44.25   	  5.49   	 82.03   	 -50.86		
-36.93   	 22.58   	 81.83   	 -45.78		
-28.69   	 35.40   	 81.65   	 -45.78		
-21.06   	 43.95   	 81.46   	 -50.86		
-16.17   	 47.30   	 81.26   	 -45.78		
-16.78   	 44.56   	 81.08   	 -45.78		
-23.19   	 36.62   	 80.89   	 -45.78		
-32.04   	 25.63   	 80.71   	 -50.86		
-38.76   	 14.04   	 80.51   	 -45.78		
-40.59   	  1.53   	 80.33   	 -50.86		
-39.67   	-14.34   	 80.12   	 -45.78		
-43.03   	-36.62   	 79.94   	 -50.86		
-54.93   	-63.78   	 79.74   	 -45.78		
-74.16   	-88.20   	 79.55   	 -50.86		
-92.77   	-104.06   	 79.35   	 -45.78		
-104.37   	-111.39   	 79.17   	 -45.78		
-106.51   	-115.05   	 78.98   	 -45.78		
-102.84   	-120.85   	 78.80   	 -40.69		
-99.49   	-130.31   	 78.64   	 -45.78		
-99.49   	-139.77   	 78.45   	 -45.78		
-101.62   	-145.26   	 78.27   	 -40.69		
-103.76   	-145.57   	 78.11   	 -45.78		
-104.68   	-142.82   	 77.92   	 -40.69		
-105.29   	-140.38   	 77.76   	 -45.78		
-106.81   	-140.99   	 77.58   	 -45.78		
-108.64   	-144.04   	 77.40   	 -45.78		
-110.17   	-148.01   	 77.21   	  N/A		
