  I     	  II     	  LVp     	  LVp'		
-95.21   	-78.74   	 10.68   	  15.26		
-90.64   	-64.39   	 10.74   	  15.26		
-86.67   	-52.49   	 10.80   	  10.17		
-83.62   	-45.17   	 10.84   	   5.09		
-81.48   	-42.72   	 10.86   	   0.00		
-79.04   	-42.42   	 10.86   	   5.09		
-74.77   	-39.37   	 10.89   	  -5.09		
-68.36   	-30.52   	 10.86   	   0.00		
-60.42   	-16.17   	 10.86   	  -5.09		
-51.88   	  0.92   	 10.84   	 -10.17		
-44.56   	 15.56   	 10.80   	  -5.09		
-37.54   	 25.94   	 10.78   	 -15.26		
-30.82   	 32.96   	 10.72   	 -15.26		
-25.02   	 37.54   	 10.66   	 -20.35		
-22.58   	 39.06   	 10.58   	 -20.35		
-25.02   	 35.71   	 10.50   	 -20.35		
-31.43   	 26.25   	 10.42   	 -25.43		
-38.76   	 11.60   	 10.32   	 -25.43		
-43.95   	 -6.41   	 10.21   	 -20.35		
-46.39   	-27.77   	 10.13   	 -15.26		
-50.66   	-52.19   	 10.07   	 -10.17		
-60.73   	-76.90   	 10.03   	  -5.09		
-76.60   	-97.96   	 10.01   	   5.09		
-93.99   	-111.08   	 10.03   	  15.26		
-106.51   	-117.19   	 10.09   	  20.35		
-111.08   	-120.85   	 10.17   	  30.52		
-109.86   	-125.73   	 10.29   	  35.61		
-107.12   	-132.45   	 10.44   	  45.78		
-106.51   	-139.47   	 10.62   	  55.95		
-108.34   	-144.65   	 10.84   	  66.12		
-110.78   	-147.40   	 11.11   	  71.21		
-112.00   	-148.32   	 11.39   	  81.38		
-112.00   	-148.93   	 11.72   	  96.64		
-111.39   	-149.23   	 12.11   	 111.90		
-111.08   	-149.84   	 12.55   	 116.99		
-112.00   	-151.06   	 13.02   	 127.16		
-112.92   	-152.59   	 13.53   	 132.25		
-113.83   	-153.81   	 14.06   	 132.25		
-114.44   	-154.42   	 14.59   	 122.07		
-116.88   	-152.89   	 15.08   	 111.90		
-121.46   	-143.74   	 15.52   	  91.56		
-125.43   	-118.41   	 15.89   	  71.21		
-118.71   	-68.66   	 16.17   	  50.86		
-82.09   	  3.66   	 16.38   	  25.43		
  7.93   	 87.59   	 16.48   	  10.17		
167.85   	168.46   	 16.52   	 -15.26		
394.90   	238.04   	 16.46   	 -30.52		
655.52   	299.07   	 16.34   	-111.90		
1019.90   	391.85(R)	 15.89(E)	 -86.47		
997.31   	380.86   	 15.54   	 -96.64		
817.26   	299.07   	 15.16   	-106.82		
535.28   	152.28   	 14.73   	-111.90		
243.84   	-17.40   	 14.28   	-122.07		
 28.08   	-151.67   	 13.79   	-116.99		
-75.07   	-209.05   	 13.33   	-116.99		
-85.45   	-189.51   	 12.86   	 -96.64		
-54.63   	-125.12   	 12.47   	 -81.38		
-27.47   	-57.98   	 12.15   	 -55.95		
-19.84   	-17.09   	 11.92   	 -15.26		
-24.41   	 -7.63   	 11.86   	  30.52		
-29.30   	-16.78   	 11.98   	  76.30		
-29.30   	-28.69   	 12.29   	 132.25		
-26.86   	-34.18   	 12.82   	 198.37		
-25.33   	-32.96   	 13.61   	 264.50		
-25.33   	-30.21   	 14.67   	 340.79		
-25.94   	-29.30   	 16.03   	 406.92		
-25.33   	-30.21   	 17.66   	 483.21		
-24.11   	-30.52   	 19.59   	 544.25		
-22.28   	-28.69   	 21.77   	 600.20		
-19.53   	-24.41   	 24.17   	 651.07		
-16.78   	-19.23   	 26.78   	 681.58		
-14.34   	-14.34   	 29.50   	 696.84		
-12.51   	 -9.46   	 32.29   	 701.93		
-10.07   	 -4.58   	 35.10   	 681.58		
 -7.02   	  1.53   	 37.82   	 666.32		
 -3.05   	  8.24   	 40.49   	 651.07		
  1.22   	 15.56   	 43.09   	 640.89		
  5.49   	 23.50   	 45.66   	 656.15		
 10.07   	 31.13   	 48.28   	 691.76		
 14.65   	 39.37   	 51.05   	 742.62		
 19.84   	 48.52   	 54.02   	 808.75		
 25.94   	 58.59   	 57.25   	 864.70		
 32.65   	 69.27   	 60.71   	 915.56		
 40.28   	 80.57   	 64.37   	 940.99		
 48.83   	 93.08   	 68.14   	 946.08		
 57.68   	106.81   	 71.92   	 915.56		
 67.14   	121.46   	 75.58   	 859.61		
 76.60   	136.72   	 79.02   	 788.40		
 86.98   	152.59   	 82.18   	 696.84		
 98.57   	168.76   	 84.96   	 600.20		
111.39   	185.85   	 87.36   	 503.56		
124.82   	204.77   	 89.38   	 406.92		
138.85   	224.30   	 91.01   	 330.62		
152.89   	244.14   	 92.33   	 259.41		
166.63   	263.98   	 93.37   	 193.29		
180.05   	282.90   	 94.14   	 152.59		
192.57   	300.90   	 94.75   	 116.99		
204.16   	317.08   	 95.22   	  86.47		
214.23   	331.12   	 95.56   	  71.21		
222.47   	341.80   	 95.85   	  66.12		
228.88   	349.43   	 96.11   	  61.04		
233.76   	353.09   	 96.36   	  61.04		
236.21   	351.87   	 96.60   	  61.04		
235.90   	345.15   	 96.85   	  66.12		
232.24   	332.03   	 97.11   	  71.21		
223.69   	312.81   	 97.40   	  66.12		
210.27   	288.09   	 97.66   	  61.04		
191.96   	259.70   	 97.90   	  55.95		
169.68   	228.27   	 98.13   	  45.78		
144.04   	195.01   	 98.31   	  40.69		
115.97   	159.91   	 98.47   	  35.61		
 87.28   	124.51   	 98.62   	  30.52		
 58.90   	 89.42   	 98.74   	  30.52		
 31.74   	 56.15   	 98.86   	  30.52		
  6.41   	 25.33   	 98.98   	  35.61		
-16.17   	 -2.14   	 99.12   	  40.69		
-36.32   	-26.55   	 99.29   	  40.69		
-54.32   	-47.61   	 99.45   	  50.86		
-69.58   	-65.61   	 99.65   	  45.78		
-82.70   	-80.57   	 99.84   	  45.78		
-92.77   	-92.47   	100.02   	  40.69		
-100.40   	-101.32   	100.18   	  25.43		
-106.20   	-108.03   	100.28   	  15.26		
-110.78   	-113.22   	100.35(S)	   0.00		
-114.75   	-117.80   	100.35   	 -15.26		
-117.49   	-121.77   	100.28   	 -25.43		
-119.32   	-125.43   	100.18   	 -45.78		
-119.63   	-128.78   	100.00   	 -61.04		
-119.02   	-131.84   	 99.76   	 -76.30		
-118.71   	-133.97   	 99.45   	 -86.47		
-118.41   	-135.80   	 99.10   	-111.90		
-117.80   	-136.72   	 98.66   	-137.33		
-116.88   	-137.63   	 98.11   	-167.85		
-115.97   	-139.16   	 97.44   	-213.63		
-115.05   	-140.69   	 96.58   	-259.41		
-114.44   	-141.60   	 95.54   	-310.27		
-113.83   	-141.30   	 94.30   	-381.48		
-113.22   	-138.85   	 92.78   	-442.52		
-112.00   	-135.80   	 91.01   	-503.56		
-110.78   	-132.75   	 88.99   	-564.60		
-109.86   	-131.53   	 86.73   	-615.46		
-109.56   	-131.23   	 84.27   	-656.15		
-108.34   	-131.53   	 81.65   	-696.84		
-106.20   	-131.23   	 78.86   	-727.36		
-103.76   	-130.31   	 75.95   	-757.88		
-102.23   	-129.39   	 72.92   	-778.23		
-101.62   	-128.48   	 69.81   	-803.66		
-102.23   	-127.87   	 66.59   	-824.00		
-103.15   	-127.26   	 63.30   	-834.18		
-103.76   	-126.65   	 59.96   	-844.35		
-103.76   	-126.04   	 56.58   	-839.26		
-103.15   	-125.73   	 53.22   	-834.18		
-102.84   	-126.04   	 49.89   	-818.92		
-102.84   	-126.95   	 46.61   	-798.57		
-102.54   	-128.17   	 43.42   	-762.97		
-102.54   	-129.09   	 40.37   	-732.45		
-101.93   	-129.70   	 37.44   	-691.76		
-101.01   	-129.70   	 34.67   	-656.15		
-101.01   	-130.31   	 32.04   	-610.37		
-101.93   	-132.14   	 29.60   	-574.77		
-103.45   	-134.58   	 27.30   	-534.08		
-105.29   	-136.72   	 25.17   	-488.30		
-106.20   	-137.63   	 23.21   	-452.69		
-106.20   	-137.33   	 21.40   	-412.00		
-105.59   	-136.72   	 19.76   	-376.40		
-104.68   	-136.72   	 18.25   	-340.79		
-104.37   	-137.94   	 16.89   	-310.27		
-104.37   	-140.08   	 15.65   	-269.58		
-105.29   	-142.52   	 14.57   	-249.24		
-106.20   	-145.26   	 13.57   	-213.63		
-107.12   	-147.40   	 12.72   	-193.29		
-107.42   	-149.23   	 11.94   	-167.85		
-107.73   	-150.15   	 11.27   	-142.42		
-108.34   	-149.54   	 10.70   	-127.16		
-108.95   	-148.01   	 10.19   	-106.82		
-109.56   	-146.48   	  9.77   	 -96.64		
-110.17   	-146.48   	  9.38   	 -76.30		
-109.86   	-147.09   	  9.07   	 -66.12		
-108.64   	-148.01   	  8.81   	 -55.95		
-106.81   	-147.40   	  8.59   	 -45.78		
-105.29   	-145.57   	  8.40   	 -35.61		
-104.98   	-143.74   	  8.26   	 -30.52		
-105.90   	-143.43   	  8.14   	 -30.52		
-107.73   	-144.35   	  8.02   	 -20.35		
-108.34   	-145.57   	  7.93   	 -20.35		
-107.42   	-144.35   	  7.85   	 -15.26		
-104.37   	-139.16   	  7.79   	 -15.26		
-101.01   	-129.70   	  7.73   	 -10.17		
-98.27   	-117.80   	  7.69   	 -10.17		
-96.74   	-105.59   	  7.65   	  -5.09		
-95.52   	-94.91   	  7.63   	 -10.17		
-92.77   	-87.28   	  7.59   	 -10.17		
-87.59   	-82.70   	  7.55   	  -5.09		
-80.57   	-80.26   	  7.53   	 -15.26		
-72.63   	-76.90   	  7.47   	 -10.17		
-65.61   	-69.27   	  7.43   	 -15.26		
-60.12   	-55.85   	  7.37   	 -15.26		
-54.63   	-38.15   	  7.30   	 -15.26		
-48.22   	-20.45   	  7.24   	 -15.26		
-40.28   	 -6.71   	  7.18   	 -10.17		
-30.82   	  2.44   	  7.14   	 -15.26		
-21.97   	  7.63   	  7.08   	 -10.17		
-17.09   	  9.16   	  7.04   	 -10.17		
-17.70   	  5.80   	  7.00   	 -10.17		
-23.80   	 -3.05   	  6.96   	 -10.17		
-32.04   	-15.87   	  6.92   	  -5.09		
-38.45   	-31.13   	  6.90   	 -10.17		
-41.50   	-48.22   	  6.86   	  -5.09		
-44.56   	-69.27   	  6.84   	   0.00		
-51.88   	-93.99   	  6.84   	  -5.09		
-65.61   	-118.71   	  6.82(D)	  10.17		
-82.09   	-137.02   	  6.86   	  10.17		
-95.21   	-145.26   	  6.90   	  20.35		
-100.40   	-146.48   	  6.98   	  35.61		
-98.57   	-145.57   	  7.12   	  50.86		
-94.60   	-147.71   	  7.32   	  76.30		
-93.38   	-154.11   	  7.63   	  91.56		
-95.83   	-162.66   	  8.00   	 127.16		
-99.18   	-169.98   	  8.50   	 147.51		
-101.62   	-175.17   	  9.09   	 162.77		
-101.62   	-177.92   	  9.75   	 167.85		
-101.01   	-179.44   	 10.42   	 167.85		
-101.01   	-180.66   	 11.09   	 152.59		
-101.32   	-180.97   	 11.70   	 116.99		
-101.93   	-180.05   	 12.17   	  86.47		
-102.23   	-177.61   	 12.51   	  45.78		
-102.84   	-175.17   	 12.70   	   0.00		
-105.59   	-173.34   	 12.70   	 -40.69		
-111.39   	-169.68   	 12.53   	 -81.38		
-117.49   	-155.94   	 12.21   	-106.82		
-116.58   	-120.54   	 11.78   	-127.16		
-93.38   	-58.29   	 11.27   	-137.33		
-25.63   	 24.72   	 10.72   	-142.42		
106.51   	112.92   	 10.15   	-137.33		
307.92   	189.51   	  9.60   	-223.80		
803.53   	301.51   	  8.71   	 -86.47		
976.56   	346.37   	  8.36   	 -66.12		
1013.18   	368.04(R)	  8.10   	 -40.69		
887.45   	339.05   	  7.93   	 -20.35		
632.02   	242.00   	  7.85(E)	   0.00		
328.98   	 90.03   	  7.85   	  20.35		
 74.46   	-68.97   	  7.93   	  35.61		
-71.11   	-179.44   	  8.08   	  45.78		
-105.90   	-212.10   	  8.26   	  61.04		
-77.21   	-177.00   	  8.50   	  66.12		
-39.06   	-111.08   	  8.77   	  76.30		
-20.75   	-54.63   	  9.07   	  81.38		
-21.36   	-27.47   	  9.40   	  96.64		
-26.55   	-26.55   	  9.79   	 106.82		
-27.47   	-36.62   	 10.21   	 127.16		
-23.80   	-43.64   	 10.72   	 157.68		
-19.53   	-43.64   	 11.35   	 188.20		
-17.40   	-39.37   	 12.11   	 233.98		
-16.17   	-35.10   	 13.04   	 284.84		
-14.95   	-32.35   	 14.18   	 345.88		
-13.73   	-30.21   	 15.56   	 401.83		
-12.21   	-26.86   	 17.17   	 467.95		
-10.68   	-21.67   	 19.04   	 528.99		
 -8.24   	-16.17   	 21.16   	 584.94		
 -5.49   	-12.21   	 23.50   	 630.72		
 -2.44   	 -9.16   	 26.02   	 656.15		
  1.83   	 -5.19   	 28.65   	 681.58		
  6.10   	  0.61   	 31.37   	 681.58		
 10.38   	  8.54   	 34.10   	 666.32		
 14.04   	 16.78   	 36.76   	 640.89		
 17.09   	 23.50   	 39.33   	 620.55		
 21.06   	 29.91   	 41.81   	 595.11		
 25.94   	 36.93   	 44.19   	 590.03		
 32.04   	 46.39   	 46.55   	 605.29		
 39.06   	 57.98   	 48.97   	 651.07		
 46.39   	 70.50   	 51.58   	 712.10		
 53.41   	 82.40   	 54.43   	 783.31		
 61.04   	 93.69   	 57.56   	 844.35		
 69.27   	104.98   	 60.94   	 890.13		
 78.74   	118.10   	 64.50   	 915.56		
 89.72   	133.36   	 68.16   	 900.30		
101.93   	150.45   	 71.76   	 859.61		
114.75   	169.07   	 75.20   	 798.57		
127.87   	187.68   	 78.39   	 717.19		
140.69   	206.60   	 81.26   	 620.55		
153.50   	225.22   	 83.74   	 534.08		
166.02   	243.84   	 85.88   	 432.35		
177.92   	262.15   	 87.61   	 350.97		
189.51   	279.85   	 89.01   	 269.58		
201.42   	297.55   	 90.09   	 208.54		
213.32   	314.03   	 90.93   	 147.51		
224.91   	328.37   	 91.52   	 106.82		
235.60   	339.97   	 91.94   	  71.21		
244.14   	348.51   	 92.23   	  45.78		
249.94   	353.39   	 92.41   	  35.61		
252.38   	354.00   	 92.55   	  20.35		
251.16   	349.12   	 92.63   	  15.26		
245.97   	337.83   	 92.70   	  15.26		
236.82   	320.43   	 92.76   	  15.26		
223.39   	297.85   	 92.82   	  20.35		
205.08   	271.00   	 92.90   	  15.26		
182.19   	241.09   	 92.96   	  15.26		
155.33   	208.13   	 93.02   	  15.26		
126.04   	173.34   	 93.08   	  15.26		
 96.44   	138.24   	 93.14   	  15.26		
 67.44   	104.37   	 93.20   	  10.17		
 40.28   	 73.55   	 93.24   	  15.26		
 14.65   	 44.86   	 93.31   	  15.26		
 -9.16   	 18.01   	 93.37   	  10.17		
-30.52   	 -7.93   	 93.41   	  10.17		
-49.13   	-31.43   	 93.45   	  10.17		
-62.87   	-50.66   	 93.49   	  10.17		
-72.33   	-65.00   	 93.53   	   5.09		
-79.04   	-75.38   	 93.55   	  10.17		
-85.14   	-85.45   	 93.59   	  10.17		
-92.47   	-96.44   	 93.63   	  10.17		
-100.10   	-108.03   	 93.67(S)	   0.00		
-106.51   	-117.19   	 93.67   	 -10.17		
-109.86   	-122.07   	 93.63   	 -15.26		
-110.47   	-121.77   	 93.57   	 -35.61		
-110.17   	-119.63   	 93.43   	 -45.78		
-110.78   	-118.41   	 93.24   	 -71.21		
-112.30   	-119.63   	 92.96   	 -91.56		
-113.22   	-122.07   	 92.59   	-116.99		
-112.30   	-124.21   	 92.13   	-152.59		
-110.47   	-125.12   	 91.52   	-183.11		
-108.34   	-124.51   	 90.78   	-223.80		
-106.81   	-122.68   	 89.89   	-269.58		
-106.51   	-120.85   	 88.81   	-320.45		
-106.51   	-119.02   	 87.53   	-366.22		
-105.90   	-118.41   	 86.06   	-427.26		
-104.37   	-119.63   	 84.35   	-488.30		
-102.23   	-122.07   	 82.40   	-554.42		
-99.18   	-124.21   	 80.18   	-620.55		
-95.83   	-124.51   	 77.70   	-681.58		
-93.69   	-122.68   	 74.97   	-752.79		
-92.47   	-119.63   	 71.96   	-798.57		
-92.16   	-116.27   	 68.77   	-849.44		
-92.16   	-113.53   	 65.37   	-879.96		
-90.94   	-111.39   	 61.85   	-900.30		
-89.11   	-109.86   	 58.25   	-900.30		
-87.28   	-109.25   	 54.65   	-890.13		
-85.75   	-109.25   	 51.09   	-869.78		
-85.75   	-109.86   	 47.61   	-844.35		
-86.67   	-110.47   	 44.23   	-808.75		
-88.20   	-110.17   	 41.00   	-768.05		
-89.42   	-108.95   	 37.92   	-727.36		
-89.72   	-106.20   	 35.02   	-686.67		
-89.11   	-102.84   	 32.27   	-640.89		
-87.59   	-100.10   	 29.70   	-600.20		
-86.36   	-98.88   	 27.30   	-554.42		
-86.06   	-100.10   	 25.09   	-518.82		
-87.59   	-103.15   	 23.01   	-473.04		
-90.33   	-106.81   	 21.12   	-437.43		
-93.69   	-109.86   	 19.37   	-401.83		
-96.13   	-111.08   	 17.76   	-361.14		
-97.05   	-109.56   	 16.32   	-325.53		
-96.13   	-106.81   	 15.02   	-300.10		
-94.60   	-104.98   	 13.81   	-264.50		
-94.30   	-106.51   	 12.76   	-239.06		
-95.21   	-111.69   	 11.80   	-213.63		
-96.74   	-118.10   	 10.95   	-193.29		
-97.35   	-121.77   	 10.17   	-172.94		
-97.05   	-119.93   	  9.48   	-162.77		
-95.52   	-113.22   	  8.83   	-137.33		
-93.99   	-106.20   	  8.28   	-127.16		
-93.38   	-103.15   	  7.77   	-111.90		
-93.69   	-106.20   	  7.32   	 -91.56		
-94.30   	-112.30   	  6.96   	 -71.21		
-94.60   	-117.49   	  6.67   	 -50.86		
-95.21   	-118.71   	  6.47   	 -30.52		
-95.52   	-116.58   	  6.35   	  -5.09		
-95.21   	-112.30   	  6.33   	  25.43		
-93.69   	-106.81   	  6.43   	  45.78		
-90.64   	-99.49   	  6.61   	  76.30		
-86.36   	-90.03   	  6.92   	  86.47		
-82.40   	-79.04   	  7.26   	  96.64		
-79.35   	-69.58   	  7.65   	  91.56		
-76.60   	-62.87   	  8.02   	  76.30		
-73.55   	-59.20   	  8.32   	  50.86		
-69.27   	-55.54   	  8.52   	  15.26		
-64.09   	-50.05   	  8.59   	 -20.35		
-59.20   	-40.89   	  8.50   	 -71.21		
-54.63   	-28.69   	  8.22   	-101.73		
-50.05   	-14.65   	  7.81   	-142.42		
-44.56   	 -1.53   	  7.24   	-162.77		
-36.93   	 10.07   	  6.59   	-178.03		
-28.38   	 19.84   	  5.88   	-183.11		
-20.75   	 27.47   	  5.15   	-178.03		
-17.40   	 31.43   	  4.44   	-162.77		
-19.84   	 30.52   	  3.78   	-142.42		
-25.94   	 25.02   	  3.21   	-116.99		
-31.74   	 15.26   	  2.75   	 -96.64		
-34.79   	  1.22   	  2.36   	 -66.12		
-35.40   	-17.40   	  2.10   	 -35.61		
-39.37   	-41.81   	  1.95   	 -15.26		
-50.05   	-70.50   	  1.89(D)	   5.09		
-66.83   	-96.13   	  1.91   	  30.52		
-83.62   	-112.61   	  2.03   	  40.69		
-94.30   	-119.02   	  2.20   	  55.95		
-96.13   	-119.63   	  2.42   	  71.21		
-92.77   	-120.54   	  2.71   	  71.21		
-89.72   	-126.34   	  2.99   	  81.38		
-90.94   	-135.80   	  3.32   	  81.38		
-95.21   	-144.96   	  3.64   	  81.38		
-99.79   	-150.76   	  3.97   	  81.38		
-102.23   	-153.20   	  4.29   	  76.30		
-102.23   	-152.89   	  4.60   	  66.12		
-101.32   	-150.45   	  4.86   	  66.12		
-101.01   	-145.26   	  5.13   	  50.86		
-101.62   	-137.02   	  5.33   	  50.86		
-102.84   	-126.65   	  5.53   	  35.61		
-102.23   	-117.49   	  5.68   	  35.61		
-98.57   	-112.92   	  5.82   	  25.43		
-89.72   	-110.17   	  5.92   	  25.43		
-70.80   	-97.05   	  6.02   	  30.52		
-35.10   	-51.88   	  6.14   	  25.43		
 25.94   	 40.89   	  6.25   	  30.52		
118.41   	174.87   	  6.37   	  35.61		
243.23   	316.16   	  6.51   	  86.47		
538.02   	456.54(R)	  6.86(E)	  50.86		
657.65   	427.86   	  7.06   	  50.86		
712.59   	364.38   	  7.26   	  45.78		
668.34   	291.14   	  7.45   	  45.78		
514.53   	213.32   	  7.63   	  35.61		
278.63   	122.68   	  7.77   	  35.61		
 27.77   	 14.95   	  7.91   	  25.43		
-160.52   	-93.69   	  8.02   	  20.35		
-238.65   	-172.42   	  8.10   	  15.26		
-214.23   	-199.89   	  8.16   	  20.35		
-139.77   	-179.14   	  8.24   	  20.35		
-71.11   	-130.62   	  8.32   	  35.61		
-34.79   	-79.04   	  8.46   	  50.86		
-25.33   	-42.11   	  8.67   	  71.21		
-22.89   	-23.50   	  8.95   	  91.56		
-16.48   	-18.92   	  9.32   	 122.07		
 -7.93   	-21.06   	  9.81   	 157.68		
 -1.53   	-23.19   	 10.44   	 193.29		
  0.61   	-23.19   	 11.21   	 239.06		
  0.92   	-21.67   	 12.17   	 289.93		
  2.14   	-21.36   	 13.33   	 340.79		
  4.27   	-22.28   	 14.69   	 396.74		
  7.02   	-23.19   	 16.28   	 447.61		
 10.99   	-21.97   	 18.07   	 508.65		
 15.56   	-17.70   	 20.10   	 559.51		
 19.84   	-11.60   	 22.34   	 600.20		
 23.50   	 -6.71   	 24.74   	 640.89		
 26.55   	 -3.66   	 27.30   	 666.32		
 30.21   	 -2.44   	 29.97   	 676.50		
 35.40   	  0.00   	 32.68   	 676.50		
 42.11   	  5.80   	 35.38   	 661.24		
 49.44   	 15.87   	 38.03   	 630.72		
 57.07   	 28.38   	 40.55   	 595.11		
 63.78   	 40.59   	 42.93   	 574.77		
 70.19   	 49.44   	 45.23   	 549.34		
 77.21   	 55.54   	 47.43   	 549.34		
 85.75   	 61.65   	 49.62   	 574.77		
 96.13   	 71.11   	 51.92   	 605.29		
106.81   	 85.45   	 54.34   	 656.15		
117.19   	103.15   	 56.97   	 707.02		
126.95   	120.54   	 59.80   	 747.71		
137.63   	135.50   	 62.79   	 773.14		
150.45   	149.23   	 65.88   	 788.40		
165.41   	164.49   	 69.03   	 773.14		
181.58   	183.41   	 72.13   	 737.54		
198.06   	204.16   	 75.08   	 686.67		
213.32   	224.00   	 77.82   	 625.63		
227.97   	240.48   	 80.33   	 544.25		
242.31   	255.13   	 82.50   	 467.95		
256.04   	270.39   	 84.37   	 391.66		
269.47   	288.09   	 85.94   	 320.45		
281.98   	307.01   	 87.22   	 249.24		
292.97   	322.57   	 88.22   	 188.20		
301.21   	331.42   	 88.97   	 137.33		
305.18   	332.64   	 89.52   	  96.64		
304.26   	328.06   	 89.91   	  66.12		
298.46   	319.52   	 90.17   	  35.61		
288.70   	307.92   	 90.32   	  20.35		
276.18   	292.05   	 90.40   	  10.17		
260.62   	270.08   	 90.44   	   5.09		
241.70   	241.70   	 90.46   	   0.00		
218.81   	208.74   	 90.46   	   5.09		
191.04   	174.26   	 90.48   	  20.35		
160.22   	140.99   	 90.56   	  25.43		
127.87   	109.56   	 90.66   	  45.78		
 96.13   	 79.04   	 90.84   	  50.86		
 66.53   	 48.83   	 91.05   	  61.04		
 39.37   	 19.53   	 91.29   	  61.04		
 15.26   	 -8.24   	 91.54   	  55.95		
 -6.10   	-33.57   	 91.76   	  50.86		
-25.02   	-55.24   	 91.96   	  40.69		
-41.50   	-73.24   	 92.13   	  20.35		
-56.15   	-88.20   	 92.21   	  10.17		
-68.36   	-100.40   	 92.25(S)	  -5.09		
-78.13   	-109.86   	 92.23   	 -20.35		
-84.84   	-117.49   	 92.15   	 -25.43		
-89.42   	-123.60   	 92.04   	 -30.52		
-92.16   	-128.17   	 91.92   	 -35.61		
-94.60   	-131.84   	 91.78   	 -40.69		
-97.05   	-134.28   	 91.62   	 -40.69		
-99.18   	-136.72   	 91.45   	 -40.69		
-101.01   	-138.55   	 91.29   	 -55.95		
-102.23   	-140.69   	 91.07   	 -66.12		
-102.23   	-142.52   	 90.80   	 -91.56		
-101.32   	-143.43   	 90.44   	-127.16		
-100.71   	-143.13   	 89.93   	-167.85		
-100.10   	-142.82   	 89.26   	-218.72		
-100.10   	-142.21   	 88.38   	-279.75		
-99.18   	-141.60   	 87.26   	-335.71		
-97.35   	-139.77   	 85.92   	-401.83		
-94.30   	-137.33   	 84.31   	-462.87		
-91.55   	-134.28   	 82.46   	-523.90		
-89.72   	-132.14   	 80.37   	-579.86		
-88.81   	-131.23   	 78.05   	-630.72		
-87.59   	-130.31   	 75.52   	-671.41		
-85.75   	-128.78   	 72.84   	-712.10		
-83.62   	-126.95   	 69.99   	-737.54		
-81.48   	-124.51   	 67.04   	-762.97		
-80.57   	-122.68   	 63.99   	-768.05		
-80.26   	-121.46   	 60.92   	-778.23		
-80.57   	-120.54   	 57.80   	-773.14		
-80.57   	-119.32   	 54.71   	-773.14		
-79.96   	-118.10   	 51.62   	-757.88		
-79.35   	-116.58   	 48.59   	-752.79		
-79.04   	-114.75   	 45.57   	-732.45		
-78.43   	-113.83   	 42.64   	-717.19		
-78.43   	-113.53   	 39.78   	-696.84		
-78.43   	-113.53   	 36.99   	-671.41		
-78.13   	-113.83   	 34.30   	-640.89		
-77.82   	-113.22   	 31.74   	-610.37		
-77.51   	-112.30   	 29.30   	-579.86		
-77.51   	-111.69   	 26.98   	-539.16		
-78.43   	-111.69   	 24.82   	-498.47		
-79.35   	-112.30   	 22.83   	-447.61		
-80.26   	-113.22   	 21.04   	-406.92		
-80.87   	-113.53   	 19.41   	-356.05		
-80.87   	-113.53   	 17.99   	-300.10		
-81.18   	-113.53   	 16.79   	-249.24		
-81.79   	-114.44   	 15.79   	-193.29		
-82.70   	-116.27   	 15.02   	-142.42		
-83.62   	-118.71   	 14.45   	 -96.64		
-84.23   	-120.85   	 14.06   	 -61.04		
-84.53   	-122.38   	 13.81   	 -40.69		
-84.23   	-123.29   	 13.65   	 -25.43		
-84.53   	-123.90   	 13.55   	 -30.52		
-84.84   	-124.21   	 13.43   	 -40.69		
-85.45   	-124.51   	 13.27   	 -61.04		
-86.36   	-124.51   	 13.02   	 -81.38		
-87.28   	-124.51   	 12.70   	-101.73		
-88.20   	-124.82   	 12.29   	-127.16		
-88.81   	-125.73   	 11.78   	-132.25		
-89.11   	-126.65   	 11.25   	-142.42		
-88.50   	-127.56   	 10.68   	-137.33		
-87.89   	-128.17   	 10.13   	-132.25		
-87.28   	-127.87   	  9.60   	-116.99		
-86.36   	-125.43   	  9.14   	-106.82		
-85.14   	-119.93   	  8.71   	 -91.56		
-82.70   	-111.69   	  8.34   	 -76.30		
-79.96   	-101.01   	  8.04   	 -66.12		
-76.60   	-90.33   	  7.77   	 -55.95		
-73.55   	-81.18   	  7.55   	 -45.78		
-70.80   	-75.07   	  7.37   	 -35.61		
-67.75   	-71.72   	  7.22   	 -25.43		
-64.09   	-68.97   	  7.12   	 -15.26		
-59.20   	-62.87   	  7.06   	 -10.17		
-52.80   	-51.57   	  7.02(D)	   5.09		
-45.47   	-34.79   	  7.04   	  10.17		
-38.45   	-16.17   	  7.08   	  20.35		
-32.04   	  0.00   	  7.16   	  25.43		
-26.86   	 11.60   	  7.26   	  30.52		
-21.97   	 19.53   	  7.39   	  30.52		
-18.31   	 24.72   	  7.51   	  35.61		
-16.78   	 26.25   	  7.65   	  30.52		
-18.92   	 22.58   	  7.77   	  30.52		
-24.41   	 13.73   	  7.89   	  25.43		
-30.82   	  0.31   	  8.00   	  25.43		
-35.10   	-15.87   	  8.10   	  20.35		
-38.15   	-35.71   	  8.18   	  25.43		
-43.03   	-59.81   	  8.28   	  20.35		
-53.10   	-85.45   	  8.36   	  25.43		
-67.44   	-108.03   	  8.46   	  30.52		
-81.79   	-122.38   	  8.59   	  35.61		
-90.64   	-128.78   	  8.73   	  35.61		
-92.16   	-130.92   	  8.87   	  45.78		
-89.11   	-133.67   	  9.05   	  50.86		
-86.06   	-138.55   	  9.26   	  55.95		
-85.45   	-144.96   	  9.48   	  55.95		
-86.98   	-150.76   	  9.70   	  61.04		
-89.11   	-154.11   	  9.95   	  61.04		
-90.33   	-155.64   	 10.19   	  61.04		
-90.64   	-155.94   	 10.44   	  55.95		
-90.64   	-156.25   	 10.66   	  50.86		
-90.03   	-156.25   	 10.86   	  50.86		
-86.98   	-154.72   	 11.07   	  50.86		
-77.82   	-148.01   	 11.27   	  45.78		
-57.98   	-131.84   	 11.45   	  50.86		
-24.72   	-98.57   	 11.66   	  55.95		
 22.28   	-40.28   	 11.88   	  66.12		
 77.82   	 48.83   	 12.15   	  66.12		
134.89   	166.32   	 12.41   	  71.21		
190.12   	295.10   	 12.70   	 157.68		
301.51   	467.83(R)	 13.33(E)	  76.30		
354.92   	465.09   	 13.63   	  76.30		
388.18   	401.00   	 13.94   	  66.12		
377.20   	299.38   	 14.20   	  61.04		
307.62   	187.68   	 14.45   	  50.86		
185.55   	 85.75   	 14.65   	  40.69		
 38.15   	  1.53   	 14.81   	  40.69		
-97.05   	-65.61   	 14.97   	  35.61		
-189.21   	-119.63   	 15.12   	  35.61		
-226.14   	-160.83   	 15.26   	  30.52		
-214.84   	-185.24   	 15.38   	  35.61		
-171.81   	-186.16   	 15.52   	  40.69		
-116.58   	-160.22   	 15.69   	  55.95		
-66.53   	-113.83   	 15.91   	  61.04		
-30.82   	-61.34   	 16.15   	  86.47		
-10.68   	-20.45   	 16.50   	 106.82		
 -2.14   	 -1.22   	 16.93   	 142.42		
  0.92   	 -1.83   	 17.50   	 183.11		
  3.97   	-10.68   	 18.23   	 233.98		
  9.46   	-16.78   	 19.17   	 295.01		
 16.78   	-16.17   	 20.35   	 366.22		
 24.41   	-10.38   	 21.81   	 432.35		
 30.52   	 -3.66   	 23.54   	 503.56		
 35.10   	  1.22   	 25.55   	 569.68		
 38.76   	  4.58   	 27.83   	 620.55		
 42.72   	  7.63   	 30.32   	 661.24		
 47.61   	 11.90   	 32.96   	 686.67		
 53.71   	 18.01   	 35.71   	 691.76		
 60.12   	 25.63   	 38.47   	 686.67		
 65.92   	 33.87   	 41.22   	 671.41		
 70.80   	 42.11   	 43.91   	 651.07		
 75.38   	 49.74   	 46.51   	 640.89		
 80.57   	 57.37   	 49.07   	 640.89		
 87.28   	 65.92   	 51.64   	 666.32		
 95.21   	 75.07   	 54.30   	 707.02		
104.37   	 85.45   	 57.13   	 773.14		
114.14   	 96.44   	 60.22   	 824.00		
123.60   	108.34   	 63.52   	 879.96		
133.36   	121.46   	 67.04   	 900.30		
144.04   	135.19   	 70.64   	 895.22		
156.25   	149.54   	 74.22   	 854.52		
169.68   	165.10   	 77.64   	 793.49		
184.63   	181.58   	 80.81   	 717.19		
200.20   	199.28   	 83.68   	 615.46		
216.67   	218.81   	 86.14   	 518.82		
233.15   	238.65   	 88.22   	 427.26		
249.94   	258.79   	 89.93   	 340.79		
267.03   	278.32   	 91.29   	 264.50		
284.12   	297.55   	 92.35   	 198.37		
300.90   	316.16   	 93.14   	 147.51		
316.77   	333.25   	 93.73   	 106.82		
330.81   	348.21   	 94.16   	  81.38		
341.80   	360.11   	 94.49   	  61.04		
350.34   	369.26   	 94.73   	  55.95		
355.83   	375.67   	 94.95   	  45.78		
358.89   	378.42   	 95.14   	  45.78		
358.28   	376.59   	 95.32   	  45.78		
353.39   	368.35   	 95.50   	  45.78		
343.02   	353.39   	 95.69   	  50.86		
327.76   	332.64   	 95.89   	  61.04		
308.23   	307.92   	 96.13   	  61.04		
285.03   	279.85   	 96.38   	  66.12		
258.18   	249.33   	 96.64   	  81.38		
228.27   	216.67   	 96.97   	  81.38		
195.31   	182.50   	 97.29   	  96.64		
160.22   	147.71   	 97.68   	 101.73		
125.12   	113.83   	 98.09   	 101.73		
 91.86   	 81.18   	 98.49   	 106.82		
 61.34   	 51.57   	 98.92   	 101.73		
 33.87   	 24.72   	 99.33   	 101.73		
  9.16   	  0.31   	 99.74   	  91.56		
-13.73   	-21.36   	100.10   	  81.38		
-34.79   	-41.20   	100.43   	  71.21		
-52.80   	-58.59   	100.71   	  55.95		
-67.44   	-73.85   	100.94   	  45.78		
-78.13   	-86.36   	101.12   	  35.61		
-86.36   	-96.13   	101.26   	  15.26		
-92.47   	-102.84   	101.32   	  10.17		
-97.35   	-107.12   	101.36(S)	  -5.09		
-101.32   	-109.56   	101.34   	 -20.35		
-104.06   	-111.08   	101.26   	 -25.43		
-106.20   	-112.92   	101.16   	 -45.78		
-107.73   	-114.75   	100.98   	 -55.95		
-109.25   	-116.27   	100.75   	 -76.30		
-110.47   	-117.19   	100.45   	 -96.64		
-111.39   	-117.49   	100.06   	-132.25		
-111.39   	-117.19   	 99.53   	-167.85		
-110.47   	-116.88   	 98.86   	-213.63		
-109.56   	-116.27   	 98.01   	-264.50		
-108.64   	-115.05   	 96.95   	-320.45		
-108.03   	-113.22   	 95.67   	-376.40		
-107.12   	-111.69   	 94.16   	-432.35		
-105.90   	-110.17   	 92.43   	-488.30		
-104.06   	-108.95   	 90.48   	-544.25		
-101.62   	-107.42   	 88.30   	-590.03		
-99.49   	-105.90   	 85.94   	-635.81		
-98.27   	-104.37   	 83.40   	-681.58		
-98.27   	-103.45   	 80.67   	-712.10		
-98.57   	-102.54   	 77.82   	-747.71		
-99.18   	-101.62   	 74.83   	-773.14		
-98.88   	-100.71   	 71.74   	-788.40		
-98.27   	-99.79   	 68.59   	-793.49		
-97.35   	-98.88   	 65.41   	-798.57		
-96.74   	-98.27   	 62.22   	-788.40		
-96.74   	-97.96   	 59.06   	-783.31		
-96.13   	-97.66   	 55.93   	-762.97		
-94.91   	-97.35   	 52.88   	-742.62		
-93.38   	-97.05   	 49.91   	-722.28		
-92.16   	-97.05   	 47.02   	-696.84		
-91.55   	-97.35   	 44.23   	-671.41		
-90.94   	-97.96   	 41.55   	-640.89		
-90.03   	-98.27   	 38.98   	-615.46		
-88.81   	-98.27   	 36.52   	-584.94		
-88.20   	-97.96   	 34.18   	-559.51		
-88.81   	-98.57   	 31.94   	-528.99		
-90.64   	-100.40   	 29.83   	-493.39		
-92.47   	-102.54   	 27.85   	-462.87		
-93.69   	-105.29   	 26.00   	-432.35		
-93.99   	-107.12   	 24.27   	-401.83		
-94.30   	-108.03   	 22.67   	-366.22		
-95.21   	-108.64   	 21.20   	-330.62		
-96.44   	-109.86   	 19.88   	-300.10		
-97.66   	-111.39   	 18.68   	-264.50		
-98.27   	-113.53   	 17.62   	-228.89		
-98.27   	-115.36   	 16.70   	-198.37		
-98.27   	-116.58   	 15.91   	-157.68		
-98.57   	-117.80   	 15.28   	-132.25		
-99.49   	-119.63   	 14.75   	 -91.56		
-100.71   	-121.15   	 14.38   	 -61.04		
-101.62   	-122.68   	 14.14   	 -35.61		
-101.93   	-122.99   	 14.00   	  -5.09		
-101.62   	-122.38   	 13.98   	  15.26		
-101.01   	-121.15   	 14.04   	  30.52		
-100.10   	-120.54   	 14.16   	  30.52		
-99.49   	-120.85   	 14.28   	  25.43		
-98.88   	-120.85   	 14.38   	  10.17		
-98.57   	-119.32   	 14.43   	 -10.17		
-97.66   	-114.44   	 14.38   	 -35.61		
-95.52   	-105.29   	 14.24   	 -61.04		
-92.16   	-93.08   	 14.00   	 -91.56		
-88.20   	-80.57   	 13.63   	-106.82		
-84.84   	-70.50   	 13.20   	-122.07		
-83.01   	-64.39   	 12.72   	-122.07		
-81.48   	-61.34   	 12.23   	-127.16		
-79.35   	-59.51   	 11.72   	-111.90		
-75.07   	-55.24   	 11.27   	-101.73		
-68.66   	-46.08   	 10.86   	 -81.38		
-61.34   	-32.35   	 10.54   	 -66.12		
-54.32   	-16.17   	 10.27   	 -50.86		
-48.83   	 -1.22   	 10.07   	 -40.69		
-43.03   	 10.68   	  9.91   	 -20.35		
-36.62   	 19.53   	  9.83   	 -20.35		
-29.91   	 25.94   	  9.75   	 -10.17		
-25.94   	 27.16   	  9.70   	 -10.17		
-28.08   	 22.28   	  9.66   	  -5.09		
-35.10   	 11.29   	  9.64   	  -5.09		
-43.33   	 -3.66   	  9.62   	   0.00		
-48.52   	-19.84   	  9.62   	  -5.09		
-50.05   	-38.76   	  9.60(D)	   5.09		
-52.80   	-61.95   	  9.62   	   0.00		
-61.65   	-87.89   	  9.62   	  10.17		
-76.90   	-111.39   	  9.66   	  10.17		
-93.69   	-126.04   	  9.70   	  20.35		
-106.20   	-131.84   	  9.79   	  20.35		
-110.47   	-133.06   	  9.87   	  25.43		
-108.95   	-135.50   	  9.97   	  35.61		
-106.51   	-140.69   	 10.11   	  35.61		
-105.90   	-147.40   	 10.25   	  45.78		
-108.03   	-152.59   	 10.44   	  45.78		
-111.08   	-155.64   	 10.62   	  50.86		
-113.53   	-156.56   	 10.82   	  50.86		
-114.44   	-156.86   	 11.03   	  50.86		
-114.14   	-156.86   	 11.23   	  50.86		
-113.83   	-156.56   	 11.43   	  50.86		
-113.83   	-155.94   	 11.64   	  45.78		
-114.14   	-155.94   	 11.82   	  45.78		
-114.75   	-156.25   	 12.00   	  45.78		
-116.58   	-156.25   	 12.19   	  50.86		
-121.15   	-152.59   	 12.39   	  45.78		
-128.17   	-137.94   	 12.57   	  50.86		
-132.14   	-101.01   	 12.78   	  55.95		
-119.02   	-34.79   	 13.00   	  50.86		
-66.53   	 55.85   	 13.20   	  55.95		
 48.83   	158.08   	 13.43   	  55.95		
237.43   	256.96   	 13.65   	  55.95		
484.92   	344.24   	 13.88   	 101.73		
950.93   	477.91   	 14.28   	  45.78		
1033.02   	493.77(R)	 14.47(E)	  40.69		
955.20   	440.37   	 14.63   	  40.69		
736.69   	309.14   	 14.79   	  35.61		
447.69   	126.34   	 14.93   	  35.61		
180.36   	-50.96   	 15.08   	  35.61		
  3.36   	-166.63   	 15.22   	  40.69		
-68.05   	-196.53   	 15.38   	  45.78		
-66.22   	-156.86   	 15.56   	  50.86		
-41.20   	-87.89   	 15.77   	  66.12		
-26.25   	-28.99   	 16.03   	  76.30		
-26.86   	 -0.31   	 16.34   	  91.56		
-32.96   	  0.31   	 16.70   	 116.99		
-34.79   	-11.90   	 17.17   	 142.42		
-32.04   	-22.58   	 17.74   	 178.03		
-28.69   	-25.63   	 18.45   	 228.89		
-28.08   	-23.19   	 19.37   	 274.67		
-29.91   	-19.84   	 20.47   	 335.71		
-31.74   	-18.62   	 21.81   	 401.83		
-31.43   	-18.31   	 23.42   	 467.95		
-28.99   	-16.78   	 25.29   	 534.08		
-25.94   	-12.51   	 27.43   	 590.03		
-22.28   	 -6.71   	 29.79   	 640.89		
-19.23   	  0.00   	 32.35   	 671.41		
-16.78   	  6.71   	 35.04   	 686.67		
-13.73   	 13.43   	 37.78   	 686.67		
-10.07   	 20.75   	 40.53   	 671.41		
 -5.80   	 28.38   	 43.21   	 651.07		
 -1.22   	 36.01   	 45.82   	 640.89		
  3.05   	 44.25   	 48.38   	 630.72		
  7.02   	 52.49   	 50.91   	 656.15		
 10.99   	 61.04   	 53.53   	 696.84		
 15.87   	 69.89   	 56.32   	 762.97		
 21.97   	 79.65   	 59.37   	 839.26		
 29.60   	 89.72   	 62.73   	 905.39		
 37.84   	100.71   	 66.35   	 961.34		
 46.39   	112.00   	 70.19   	 986.77		
 54.63   	123.90   	 74.14   	 971.51		
 62.56   	136.41   	 78.03   	 925.73		
 71.11   	149.23   	 81.73   	 849.44		
 80.87   	163.27   	 85.13   	 747.71		
 91.86   	178.83   	 88.12   	 635.81		
104.06   	196.23   	 90.66   	 523.90		
116.58   	215.15   	 92.76   	 406.92		
129.39   	234.68   	 94.38   	 315.36		
142.52   	253.91   	 95.65   	 223.80		
156.25   	272.52   	 96.54   	 157.68		
170.90   	290.53   	 97.17   	 106.82		
185.55   	307.92   	 97.60   	  71.21		
199.58   	324.71   	 97.88   	  45.78		
212.10   	340.27   	 98.07   	  35.61		
223.08   	353.70   	 98.21   	  35.61		
232.24   	363.77   	 98.35   	  40.69		
238.65   	368.65   	 98.51   	  45.78		
242.31   	367.74   	 98.70   	  50.86		
242.00   	360.41   	 98.90   	  61.04		
238.65   	347.29   	 99.15   	  66.12		
231.63   	328.98   	 99.41   	  66.12		
220.95   	306.70   	 99.67   	  76.30		
206.30   	280.46   	 99.98   	  71.21		
186.77   	250.55   	100.26   	  81.38		
162.66   	218.20   	100.59   	  81.38		
134.89   	183.72   	100.92   	  86.47		
104.98   	148.62   	101.26   	  86.47		
 75.07   	113.83   	101.61   	  91.56		
 47.00   	 79.96   	101.97   	  86.47		
 21.36   	 48.22   	102.32   	  91.56		
 -1.83   	 19.23   	102.69   	  81.38		
-22.89   	 -7.02   	103.01   	  81.38		
-41.50   	-29.60   	103.34   	  66.12		
-57.98   	-48.52   	103.60   	  61.04		
-71.41   	-64.09   	103.84   	  50.86		
-82.09   	-76.29   	104.05   	  35.61		
-89.72   	-85.75   	104.19   	  25.43		
-95.21   	-93.99   	104.29   	  15.26		
-99.79   	-101.32   	104.35(S)	  -5.09		
-103.45   	-108.34   	104.33   	 -15.26		
-106.51   	-114.14   	104.27   	 -25.43		
-108.64   	-117.80   	104.17   	 -40.69		
-109.56   	-119.63   	104.01   	 -55.95		
-109.56   	-119.93   	103.78   	 -66.12		
-109.56   	-120.85   	103.52   	 -86.47		
-109.56   	-122.99   	103.17   	 -96.64		
-109.86   	-125.73   	102.79   	-122.07		
-110.17   	-128.48   	102.30   	-147.51		
-109.56   	-129.70   	101.71   	-172.94		
-108.64   	-129.70   	101.02   	-208.54		
-107.42   	-128.78   	100.18   	-249.24		
-106.51   	-127.26   	 99.19   	-295.01		
-105.90   	-126.34   	 98.01   	-335.71		
-104.98   	-125.73   	 96.66   	-391.66		
-103.45   	-125.12   	 95.10   	-447.61		
-101.93   	-124.21   	 93.31   	-503.56		
-100.71   	-122.99   	 91.29   	-554.42		
-100.40   	-121.46   	 89.07   	-605.29		
-100.40   	-120.24   	 86.65   	-651.07		
-100.40   	-119.32   	 84.05   	-696.84		
-99.79   	-118.41   	 81.26   	-737.54		
-98.27   	-116.88   	 78.31   	-768.05		
-96.44   	-115.36   	 75.24   	-798.57		
-95.52   	-113.83   	 72.04   	-818.92		
-95.21   	-112.30   	 68.77   	-839.26		
-95.52   	-111.08   	 65.41   	-849.44		
-95.52   	-109.56   	 62.01   	-854.52		
-94.91   	-107.73   	 58.60   	-849.44		
-93.99   	-106.51   	 55.20   	-834.18		
-93.69   	-105.90   	 51.86   	-813.83		
-93.99   	-106.20   	 48.61   	-783.31		
-95.21   	-107.12   	 45.47   	-757.88		
-96.74   	-108.34   	 42.44   	-717.19		
-97.35   	-109.86   	 39.57   	-681.58		
-97.66   	-111.08   	 36.85   	-645.98		
-97.66   	-112.61   	 34.26   	-605.29		
-97.96   	-113.53   	 31.84   	-569.68		
-98.88   	-114.14   	 29.56   	-528.99		
-100.10   	-115.05   	 27.45   	-493.39		
-101.93   	-116.27   	 25.47   	-457.78		
-103.15   	-118.10   	 23.64   	-417.09		
-103.45   	-120.24   	 21.97   	-386.57		
-103.15   	-122.38   	 20.43   	-345.88		
-102.54   	-123.60   	 19.04   	-315.36		
-101.93   	-124.51   	 17.78   	-284.84		
-101.62   	-125.12   	 16.64   	-254.32		
-101.62   	-125.73   	 15.63   	-223.80		
-101.62   	-126.65   	 14.73   	-193.29		
-101.93   	-127.87   	 13.96   	-172.94		
-102.23   	-129.39   	 13.27   	-142.42		
-103.15   	-130.31   	 12.70   	-116.99		
-104.06   	-130.62   	 12.23   	-101.73		
-104.98   	-130.00   	 11.82   	 -76.30		
-105.59   	-129.09   	 11.52   	 -66.12		
-105.29   	-128.48   	 11.25   	 -45.78		
-104.37   	-128.78   	 11.07   	 -35.61		
-103.45   	-129.09   	 10.93   	 -25.43		
-102.54   	-127.87   	 10.82   	 -10.17		
-100.71   	-123.60   	 10.78   	  -5.09		
-98.27   	-115.36   	 10.76   	   5.09		
-94.60   	-103.15   	 10.78   	  10.17		
-91.25   	-89.42   	 10.82   	  20.35		
-88.50   	-76.60   	 10.91   	  30.52		
-86.67   	-67.14   	 11.03   	  40.69		
-85.14   	-62.26   	 11.19   	  45.78		
-82.40   	-60.12   	 11.37   	  61.04		
-78.13   	-58.29   	 11.62   	  66.12		
-72.63   	-52.49   	 11.88   	  76.30		
-66.53   	-40.89   	 12.19   	  76.30		
-59.81   	-24.72   	 12.49   	  71.21		
-52.80   	 -7.63   	 12.78   	  55.95		
-45.78   	  7.02   	 13.00   	  40.69		
-37.84   	 17.40   	 13.16   	  20.35		
-29.91   	 24.72   	 13.25   	  -5.09		
-23.19   	 28.99   	 13.22   	 -30.52		
-20.75   	 28.99   	 13.10   	 -55.95		
-24.41   	 22.58   	 12.88   	 -81.38		
-32.65   	  9.77   	 12.55   	 -96.64		
-41.50   	 -6.71   	 12.17   	-116.99		
-46.69   	-24.72   	 11.70   	-116.99		
-48.83   	-44.25   	 11.23   	-127.16		
-52.80   	-65.61   	 10.72   	-116.99		
-62.56   	-87.89   	 10.25   	-111.90		
-78.43   	-106.20   	  9.81   	-101.73		
-95.21   	-117.19   	  9.40   	 -81.38		
-106.81   	-122.38   	  9.07   	 -66.12		
-110.78   	-126.04   	  8.81   	 -50.86		
-108.95   	-131.84   	  8.61   	 -30.52		
-106.81   	-140.38   	  8.48   	 -10.17		
-107.12   	-148.93   	  8.44(D)	  10.17		
-109.86   	-155.03   	  8.48   	  20.35		
-113.22   	-158.39   	  8.57   	  40.69		
-115.05   	-159.91   	  8.73   	  50.86		
-115.36   	-160.52   	  8.93   	  55.95		
-114.75   	-160.83   	  9.16   	  61.04		
-114.44   	-160.83   	  9.40   	  66.12		
-115.05   	-161.13   	  9.66   	  66.12		
-116.27   	-161.44   	  9.93   	  61.04		
-117.80   	-162.35   	 10.17   	  61.04		
-120.54   	-162.05   	 10.42   	  61.04		
-125.43   	-156.56   	 10.66   	  55.95		
-131.84   	-137.33   	 10.89   	  61.04		
-132.45   	-94.60   	 11.13   	  55.95		
-110.78   	-25.02   	 11.35   	  61.04		
-42.72   	 62.87   	 11.60   	  55.95		
 93.69   	154.72   	 11.82   	  55.95		
304.26   	236.51   	 12.04   	  50.86		
566.41   	305.18   	 12.25   	  86.47		
1006.47   	410.46   	 12.59   	  35.61		
1046.45   	417.79(R)	 12.74(E)	  30.52		
919.80   	361.94   	 12.86   	  25.43		
661.32   	235.60   	 12.96   	  20.35		
355.83   	 66.53   	 13.04   	  15.26		
 97.96   	-90.33   	 13.10   	  25.43		
-52.49   	-183.72   	 13.20   	  30.52		
-95.21   	-195.92   	 13.33   	  35.61		
-74.77   	-148.32   	 13.47   	  50.86		
-43.03   	-80.57   	 13.67   	  66.12		
-27.47   	-28.99   	 13.94   	  81.38		
-28.38   	 -8.24   	 14.26   	  96.64		
-33.57   	-11.60   	 14.65   	 116.99		
-34.48   	-22.89   	 15.12   	 147.51		
-31.74   	-30.82   	 15.71   	 178.03		
-29.30   	-32.04   	 16.42   	 218.72		
-29.30   	-29.60   	 17.29   	 269.58		
-30.21   	-27.47   	 18.37   	 325.53		
-30.52   	-25.94   	 19.67   	 391.66		
-29.60   	-24.11   	 21.24   	 457.78		
-28.08   	-20.75   	 23.07   	 523.90		
-25.63   	-15.87   	 25.17   	 584.94		
-22.58   	-10.99   	 27.51   	 640.89		
-18.62   	 -6.71   	 30.07   	 676.50		
-14.95   	 -2.14   	 32.78   	 696.84		
-11.29   	  3.36   	 35.56   	 701.93		
 -8.24   	  9.46   	 38.37   	 696.84		
 -5.19   	 16.17   	 41.16   	 671.41		
 -1.83   	 23.50   	 43.85   	 645.98		
  2.44   	 31.13   	 46.43   	 630.72		
  7.63   	 39.67   	 48.95   	 630.72		
 13.43   	 48.52   	 51.47   	 661.24		
 19.53   	 57.68   	 54.12   	 712.10		
 25.63   	 67.14   	 56.97   	 778.23		
 32.35   	 76.90   	 60.08   	 854.52		
 39.67   	 87.28   	 63.50   	 915.56		
 47.91   	 99.18   	 67.16   	 961.34		
 56.46   	112.30   	 71.01   	 966.43		
 65.31   	126.65   	 74.87   	 940.99		
 74.77   	141.60   	 78.64   	 885.04		
 84.84   	157.17   	 82.18   	 798.57		
 95.83   	173.34   	 85.37   	 696.84		
107.42   	190.43   	 88.16   	 584.94		
119.93   	208.13   	 90.50   	 483.21		
132.75   	226.14   	 92.43   	 376.40		
146.18   	244.45   	 93.94   	 289.93		
160.52   	262.45   	 95.10   	 213.63		
175.17   	280.46   	 95.95   	 157.68		
189.82   	298.16   	 96.58   	 111.90		
202.94   	314.94   	 97.03   	  81.38		
213.93   	330.51   	 97.35   	  66.12		
222.78   	343.63   	 97.62   	  50.86		
229.49   	353.09   	 97.82   	  50.86		
234.07   	357.67   	 98.03   	  50.86		
236.82   	356.75   	 98.23   	  50.86		
237.43   	350.34   	 98.43   	  50.86		
234.38   	338.13   	 98.64   	  50.86		
227.05   	320.43   	 98.84   	  55.95		
214.23   	297.24   	 99.06   	  45.78		
196.53   	269.17   	 99.25   	  50.86		
174.56   	237.73   	 99.45   	  40.69		
149.23   	203.55   	 99.61   	  30.52		
121.15   	167.85   	 99.74   	  30.52		
 91.25   	131.84   	 99.86   	  30.52		
 61.34   	 96.44   	 99.98   	  25.43		
 33.26   	 63.17   	100.08   	  30.52		
  8.24   	 33.26   	100.20   	  30.52		
-13.43   	  6.71   	100.33   	  40.69		
-32.96   	-16.78   	100.49   	  45.78		
-50.66   	-36.93   	100.67   	  50.86		
-66.83   	-54.02   	100.87   	  50.86		
-80.26   	-68.36   	101.08   	  40.69		
-90.64   	-79.96   	101.24   	  40.69		
-97.96   	-89.11   	101.40   	  30.52		
-102.84   	-96.13   	101.53   	  15.26		
-106.81   	-101.93   	101.59   	   5.09		
-110.47   	-106.81   	101.61(S)	  -5.09		
-113.53   	-111.08   	101.59   	 -20.35		
-115.97   	-114.44   	101.51   	 -35.61		
-117.49   	-117.19   	101.36   	 -50.86		
-118.41   	-119.02   	101.16   	 -66.12		
-118.41   	-120.24   	100.89   	 -81.38		
-118.10   	-120.85   	100.57   	-101.73		
-117.19   	-121.15   	100.16   	-137.33		
-116.27   	-121.46   	 99.61   	-167.85		
-115.05   	-121.77   	 98.94   	-208.54		
-113.83   	-121.77   	 98.11   	-259.41		
-112.61   	-121.15   	 97.07   	-305.19		
-111.08   	-119.63   	 95.85   	-356.05		
-109.86   	-117.49   	 94.42   	-412.00		
-108.34   	-115.05   	 92.78   	-467.95		
-107.12   	-112.30   	 90.91   	-518.82		
-105.59   	-109.56   	 88.83   	-569.68		
-104.37   	-107.73   	 86.55   	-620.55		
-104.06   	-106.51   	 84.07   	-666.32		
-103.76   	-105.90   	 81.40   	-701.93		
-104.06   	-105.29   	 78.60   	-747.71		
-104.37   	-104.06   	 75.60   	-783.31		
-103.45   	-102.23   	 72.47   	-813.83		
-101.93   	-100.10   	 69.22   	-839.26		
-100.40   	-98.57   	 65.86   	-854.52		
-99.49   	-97.66   	 62.44   	-859.61		
-99.49   	-97.66   	 59.00   	-864.70		
-99.79   	-97.66   	 55.54   	-854.52		
-100.40   	-97.66   	 52.13   	-829.09		
-100.71   	-97.35   	 48.81   	-803.66		
-100.71   	-97.05   	 45.59   	-773.14		
-101.01   	-96.44   	 42.50   	-732.45		
-101.62   	-96.74   	 39.57   	-696.84		
-102.54   	-97.96   	 36.79   	-651.07		
-103.76   	-100.10   	 34.18   	-615.46		
-104.37   	-102.54   	 31.72   	-574.77		
-104.68   	-104.68   	 29.42   	-534.08		
-104.68   	-106.20   	 27.28   	-498.47		
-104.68   	-106.51   	 25.29   	-457.78		
-105.29   	-107.12   	 23.46   	-427.26		
-106.81   	-108.34   	 21.75   	-391.66		
-108.34   	-110.17   	 20.18   	-361.14		
-108.95   	-111.69   	 18.74   	-320.45		
-108.95   	-112.92   	 17.46   	-295.01		
-108.34   	-113.22   	 16.28   	-269.58		
-108.03   	-113.83   	 15.20   	-233.98		
-108.64   	-115.05   	 14.26   	-213.63		
-109.56   	-116.88   	 13.41   	-183.11		
-110.47   	-118.71   	 12.68   	-162.77		
-110.47   	-119.63   	 12.02   	-137.33		
-110.17   	-119.63   	 11.48   	-122.07		
-110.78   	-119.32   	 10.99   	 -96.64		
-112.00   	-119.32   	 10.60   	 -76.30		
-113.83   	-120.24   	 10.29   	 -61.04		
-115.36   	-121.46   	 10.05   	 -45.78		
-115.66   	-122.99   	  9.87   	 -35.61		
-115.05   	-124.51   	  9.73   	 -20.35		
-114.75   	-125.73   	  9.64   	 -15.26		
-114.75   	-126.65   	  9.58   	  -5.09		
-114.75   	-127.26   	  9.56   	   0.00		
-114.75   	-127.56   	  9.56   	   5.09		
-113.83   	-126.65   	  9.58   	  10.17		
-111.69   	-123.60   	  9.62   	  15.26		
-108.95   	-116.88   	  9.68   	  15.26		
-105.59   	-106.20   	  9.75   	  25.43		
-102.23   	-93.08   	  9.85   	  25.43		
-98.57   	-79.96   	  9.95   	  35.61		
-94.60   	-70.50   	 10.09   	  45.78		
-90.64   	-65.92   	 10.27   	  55.95		
-86.67   	-64.09   	 10.50   	  66.12		
-83.01   	-62.26   	 10.76   	  61.04		
-78.43   	-56.15   	 11.01   	  61.04		
-72.94   	-44.56   	 11.25   	  50.86		
-65.92   	-28.38   	 11.45   	  35.61		
-57.68   	-11.90   	 11.60   	   5.09		
-49.44   	  1.53   	 11.62   	 -20.35		
-41.50   	 10.68   	 11.54   	 -55.95		
-34.79   	 17.70   	 11.31   	 -91.56		
-30.21   	 21.97   	 10.95   	-122.07		
-29.30   	 22.58   	 10.46   	-142.42		
-32.96   	 17.40   	  9.89   	-162.77		
-39.67   	  6.71   	  9.24   	-162.77		
-45.78   	 -7.32   	  8.59   	-167.85		
-49.13   	-22.58   	  7.91   	-152.59		
-50.96   	-40.59   	  7.30   	-137.33		
-56.46   	-62.26   	  6.75   	-111.90		
-69.27   	-85.75   	  6.31   	 -91.56		
-86.98   	-105.29   	  5.94   	 -61.04		
-104.06   	-116.58   	  5.70   	 -40.69		
-114.75   	-121.15   	  5.53   	 -15.26		
-117.19   	-123.29   	  5.47(D)	   5.09		
-114.44   	-127.56   	  5.49   	  20.35		
-111.08   	-134.28   	  5.57   	  40.69		
-109.25   	-140.38   	  5.74   	  50.86		
-109.25   	-144.04   	  5.94   	  61.04		
-110.17   	-144.96   	  6.19   	  66.12		
-111.39   	-144.96   	  6.45   	  71.21		
-112.30   	-145.26   	  6.73   	  71.21		
-112.61   	-146.18   	  7.02   	  66.12		
-112.92   	-147.09   	  7.28   	  66.12		
-113.22   	-147.71   	  7.55   	  61.04		
-114.14   	-148.32   	  7.79   	  55.95		
-115.36   	-148.93   	  8.02   	  45.78		
-117.49   	-148.01   	  8.20   	  45.78		
-120.54   	-143.13   	  8.38   	  45.78		
-124.82   	-126.95   	  8.57   	  40.69		
-125.12   	-89.72   	  8.73   	  40.69		
-106.81   	-26.25   	  8.89   	  45.78		
-46.08   	 57.68   	  9.07   	  40.69		
 79.96   	147.40   	  9.24   	  45.78		
280.46   	226.75   	  9.42   	  81.38		
796.20   	343.93   	  9.75   	  40.69		
987.24   	389.10   	  9.91   	  35.61		
1041.57   	410.46(R)	 10.05(E)	  25.43		
928.96   	381.16   	 10.15   	  25.43		
677.80   	284.73   	 10.25   	  20.35		
369.26   	132.45   	 10.34   	  10.17		
100.40   	-28.99   	 10.38   	  15.26		
-61.34   	-144.35   	 10.44   	  15.26		
-109.56   	-182.19   	 10.50   	  20.35		
-86.98   	-149.54   	 10.58   	  25.43		
-48.52   	-82.40   	 10.68   	  40.69		
-26.86   	-21.97   	 10.84   	  50.86		
-25.02   	  8.54   	 11.05   	  71.21		
-29.91   	 10.38   	 11.33   	  86.47		
-32.35   	 -0.92   	 11.68   	 116.99		
-30.82   	-10.99   	 12.15   	 147.51		
-29.30   	-13.73   	 12.74   	 188.20		
-29.60   	-11.60   	 13.49   	 233.98		
-30.52   	 -8.85   	 14.43   	 289.93		
-30.21   	 -7.93   	 15.58   	 345.88		
-28.99   	 -7.93   	 16.97   	 412.00		
-27.16   	 -6.71   	 18.62   	 473.04		
-24.72   	 -3.05   	 20.51   	 539.16		
-21.97   	  3.36   	 22.67   	 595.11		
-18.92   	 11.90   	 25.05   	 651.07		
-15.56   	 20.45   	 27.65   	 686.67		
-11.90   	 27.16   	 30.40   	 707.02		
 -7.63   	 32.35   	 33.22   	 717.19		
 -3.36   	 36.93   	 36.09   	 701.93		
  1.22   	 42.11   	 38.90   	 686.67		
  5.19   	 49.13   	 41.65   	 656.15		
  8.54   	 56.76   	 44.27   	 630.72		
 12.51   	 64.70   	 46.80   	 615.46		
 18.01   	 73.24   	 49.26   	 610.37		
 25.33   	 82.70   	 51.70   	 640.89		
 34.18   	 93.69   	 54.26   	 681.58		
 43.33   	106.51   	 56.99   	 737.54		
 51.88   	119.93   	 59.94   	 793.49		
 59.20   	133.06   	 63.11   	 844.35		
 66.53   	145.57   	 66.49   	 859.61		
 75.07   	157.78   	 69.93   	 859.61		
 85.75   	170.29   	 73.37   	 824.00		
 98.27   	184.33   	 76.66   	 762.97		
111.69   	200.81   	 79.71   	 686.67		
125.73   	219.73   	 82.46   	 600.20		
139.77   	239.87   	 84.86   	 503.56		
154.42   	260.31   	 86.88   	 422.18		
169.07   	280.46   	 88.57   	 340.79		
183.11   	298.46   	 89.93   	 264.50		
195.92   	313.72   	 90.99   	 203.46		
207.52   	326.84   	 91.80   	 157.68		
218.20   	338.44   	 92.43   	 122.07		
227.97   	349.73   	 92.92   	  91.56		
236.82   	359.50   	 93.29   	  71.21		
242.92   	365.60   	 93.57   	  55.95		
245.97   	366.82   	 93.79   	  55.95		
245.97   	362.55   	 94.02   	  45.78		
242.00   	353.09   	 94.20   	  45.78		
233.76   	338.44   	 94.38   	  40.69		
220.03   	317.99   	 94.55   	  40.69		
201.11   	292.36   	 94.71   	  30.52		
177.31   	261.54   	 94.83   	  25.43		
150.45   	227.05   	 94.93   	  15.26		
122.07   	191.35   	 94.99   	  10.17		
 93.08   	155.03   	 95.04   	   5.09		
 64.09   	119.32   	 95.06   	   5.09		
 35.40   	 84.23   	 95.08   	   0.00		
  8.24   	 51.57   	 95.08   	   0.00		
-16.17   	 22.58   	 95.08   	   5.09		
-36.93   	 -1.53   	 95.10(S)	   0.00		
-54.32   	-20.75   	 95.10   	   0.00		
-68.66   	-36.93   	 95.10   	   0.00		
-80.87   	-52.49   	 95.10   	   0.00		
-91.55   	-67.44   	 95.10   	  -5.09		
-101.01   	-80.87   	 95.08   	  -5.09		
-108.64   	-90.64   	 95.06   	 -10.17		
-114.14   	-95.52   	 95.01   	 -15.26		
-118.10   	-95.21   	 94.95   	 -15.26		
-120.54   	-93.38   	 94.89   	 -20.35		
-122.38   	-93.08   	 94.81   	 -35.61		
-124.21   	-96.13   	 94.67   	 -45.78		
-125.73   	-101.62   	 94.49   	 -61.04		
-126.65   	-107.12   	 94.24   	 -81.38		
-126.34   	-110.47   	 93.92   	-106.82		
-124.82   	-111.39   	 93.49   	-142.42		
-122.68   	-111.69   	 92.92   	-183.11		
-121.15   	-112.61   	 92.19   	-223.80		
-120.54   	-113.83   	 91.29   	-279.75		
-120.54   	-114.44   	 90.17   	-330.62		
-119.93   	-113.83   	 88.85   	-386.57		
-118.41   	-112.92   	 87.30   	-447.61		
-116.58   	-112.30   	 85.51   	-508.65		
-114.75   	-112.92   	 83.48   	-569.68		
-114.14   	-112.61   	 81.20   	-625.63		
-114.14   	-109.56   	 78.70   	-691.76		
-113.53   	-103.76   	 75.93   	-742.62		
-111.69   	-96.74   	 72.96   	-793.49		
-108.95   	-91.55   	 69.79   	-839.26		
-106.51   	-90.33   	 66.43   	-869.78		
-105.29   	-91.86   	 62.95   	-885.04		
-105.29   	-93.38   	 59.41   	-895.22		
-105.29   	-91.55   	 55.83   	-890.13		
-104.37   	-86.36   	 52.27   	-874.87		
-102.84   	-80.87   	 48.77   	-849.44		
-101.62   	-79.04   	 45.37   	-824.00		
-101.62   	-81.48   	 42.08   	-783.31		
-102.23   	-86.06   	 38.94   	-742.62		
-102.54   	-89.72   	 35.97   	-707.02		
-101.93   	-90.03   	 33.14   	-661.24		
-101.32   	-88.50   	 30.50   	-615.46		
-101.93   	-87.28   	 28.04   	-579.86		
-104.06   	-88.50   	 25.72   	-544.25		
-106.51   	-91.25   	 23.54   	-498.47		
-108.34   	-93.08   	 21.55   	-462.87		
-108.64   	-92.47   	 19.69   	-432.35		
-107.73   	-89.72   	 17.97   	-391.66		
-106.20   	-86.36   	 16.40   	-356.05		
-105.59   	-84.53   	 14.97   	-320.45		
-106.20   	-85.14   	 13.69   	-295.01		
-107.12   	-87.59   	 12.51   	-259.41		
-108.03   	-90.03   	 11.48   	-228.89		
-108.64   	-91.55   	 10.56   	-203.46		
-108.34   	-92.16   	  9.75   	-178.03		
-108.34   	-92.16   	  9.03   	-152.59		
-108.95   	-93.08   	  8.42   	-132.25		
-110.17   	-94.91   	  7.89   	-106.82		
-111.08   	-97.96   	  7.47   	 -86.47		
-110.47   	-101.32   	  7.12   	 -50.86		
-108.95   	-102.84   	  6.92   	 -25.43		
-106.81   	-101.32   	  6.82   	  10.17		
-104.98   	-95.52   	  6.86   	  45.78		
-103.76   	-85.75   	  7.04   	  76.30		
-102.23   	-73.24   	  7.34   	  96.64		
-100.10   	-60.12   	  7.73   	 106.82		
-97.05   	-49.13   	  8.16   	  86.47		
-93.38   	-41.81   	  8.50   	  61.04		
-89.72   	-38.76   	  8.75   	  10.17		
-86.06   	-38.76   	  8.79   	 -40.69		
-81.79   	-39.37   	  8.63   	 -91.56		
-76.29   	-36.32   	  8.26   	-152.59		
-69.89   	-27.16   	  7.65   	-188.20		
-62.26   	-11.29   	  6.90   	-213.63		
-54.32   	  7.93   	  6.04   	-228.89		
-47.91   	 25.33   	  5.13   	-228.89		
-42.72   	 37.54   	  4.21   	-208.54		
-37.54   	 43.33   	  3.38   	-188.20		
-32.65   	 45.47   	  2.62   	-152.59		
-28.99   	 44.86   	  2.01   	-111.90		
-28.99   	 41.81   	  1.57   	 -81.38		
-33.26   	 36.32   	  1.24   	 -40.69		
-39.98   	 28.08   	  1.08   	 -15.26		
-46.08   	 16.48   	  1.02(D)	  10.17		
-49.13   	  0.61   	  1.06   	  35.61		
-51.88   	-20.45   	  1.20   	  45.78		
-59.20   	-46.39   	  1.38   	  61.04		
-72.94   	-72.33   	  1.63   	  61.04		
-90.03   	-92.47   	  1.87   	  71.21		
-104.98   	-104.06   	  2.16   	  66.12		
-113.22   	-109.56   	  2.42   	  71.21		
-114.14   	-113.53   	  2.71   	  66.12		
-111.39   	-118.41   	  2.97   	  71.21		
-108.64   	-124.51   	  3.26   	  66.12		
-107.12   	-129.39   	  3.52   	  66.12		
-106.81   	-131.23   	  3.78   	  66.12		
-107.12   	-131.84   	  4.05   	  61.04		
-108.03   	-133.06   	  4.29   	  61.04		
-109.56   	-135.50   	  4.54   	  55.95		
-111.69   	-138.24   	  4.76   	  45.78		
-113.22   	-138.85   	  4.94   	  45.78		
-113.53   	-137.02   	  5.13   	  40.69		
-113.22   	-135.19   	  5.29   	  35.61		
-112.92   	-135.50   	  5.43   	  35.61		
-112.61   	-137.33   	  5.57   	  35.61		
-108.95   	-134.28   	  5.72   	  35.61		
-93.69   	-110.17   	  5.86   	  35.61		
-52.80   	-48.52   	  6.00   	  40.69		
 29.60   	 57.37   	  6.16   	  45.78		
162.05   	192.57   	  6.35   	  45.78		
338.75   	323.49   	  6.53   	  96.64		
705.87   	444.03(R)	  6.92(E)	  45.78		
805.97   	423.58   	  7.10   	  40.69		
791.63   	372.62   	  7.26   	  40.69		
646.06   	303.96   	  7.43   	  35.61		
394.90   	214.23   	  7.57   	  30.52		
108.95   	 97.96   	  7.69   	  25.43		
-122.68   	-31.74   	  7.79   	  20.35		
-237.12   	-140.99   	  7.87   	  25.43		
-231.63   	-195.01   	  7.98   	  30.52		
-157.47   	-184.02   	  8.10   	  30.52		
-81.48   	-129.70   	  8.22   	  45.78		
-40.89   	-69.58   	  8.40   	  55.95		
-33.26   	-31.13   	  8.63   	  76.30		
-36.32   	-18.62   	  8.93   	  96.64		
-34.18   	-20.75   	  9.32   	 116.99		
-26.25   	-24.41   	  9.79   	 152.59		
-18.92   	-24.41   	 10.40   	 178.03		
-15.87   	-22.58   	 11.11   	 218.72		
-14.95   	-21.36   	 11.98   	 264.50		
-13.43   	-21.06   	 13.04   	 310.27		
-10.68   	-20.45   	 14.28   	 361.14		
 -7.63   	-17.40   	 15.73   	 412.00		
 -3.66   	-11.60   	 17.38   	 462.87		
  0.92   	 -4.27   	 19.23   	 518.82		
  6.41   	  3.66   	 21.30   	 564.60		
 12.21   	 10.68   	 23.56   	 615.46		
 17.70   	 16.48   	 26.02   	 651.07		
 22.58   	 21.36   	 28.63   	 686.67		
 27.16   	 26.86   	 31.37   	 701.93		
 31.13   	 33.87   	 34.18   	 707.02		
 36.01   	 42.42   	 37.01   	 701.93		
 42.42   	 51.88   	 39.82   	 676.50		
 51.27   	 61.04   	 42.52   	 645.98		
 61.34   	 69.58   	 45.11   	 615.46		
 71.41   	 78.43   	 47.57   	 590.03		
 80.26   	 88.81   	 49.93   	 579.86		
 87.59   	100.40   	 52.25   	 584.94		
 94.60   	112.30   	 54.59   	 605.29		
102.84   	123.29   	 57.01   	 651.07		
112.92   	133.67   	 59.61   	 691.76		
125.12   	144.96   	 62.38   	 732.45		
139.47   	159.00   	 65.31   	 762.97		
155.64   	176.39   	 68.36   	 768.05		
172.12   	196.53   	 71.43   	 757.88		
187.38   	216.98   	 74.47   	 722.28		
200.81   	236.21   	 77.35   	 671.41		
212.71   	253.30   	 80.04   	 595.11		
224.00   	268.55   	 82.42   	 518.82		
236.82   	283.20   	 84.50   	 432.35		
251.77   	297.55   	 86.23   	 350.97		
267.03   	311.28   	 87.63   	 274.67		
280.46   	324.10   	 88.73   	 203.46		
289.61   	334.78   	 89.54   	 152.59		
294.80   	342.41   	 90.15   	 101.73		
296.33   	345.46   	 90.56   	  76.30		
294.80   	342.10   	 90.86   	  50.86		
289.61   	331.73   	 91.07   	  35.61		
279.24   	314.03   	 91.21   	  30.52		
263.98   	291.14   	 91.33   	  25.43		
243.84   	264.89   	 91.43   	  25.43		
219.73   	236.21   	 91.54   	  30.52		
192.26   	205.38   	 91.66   	  30.52		
161.44   	172.12   	 91.78   	  25.43		
127.87   	136.41   	 91.88   	  20.35		
 93.38   	100.40   	 91.96   	  20.35		
 60.12   	 65.61   	 92.04   	  10.17		
 30.82   	 35.40   	 92.09(S)	   0.00		
  6.10   	  9.77   	 92.09   	 -15.26		
-14.34   	-11.29   	 92.02   	 -20.35		
-32.04   	-29.91   	 91.94   	 -35.61		
-48.83   	-47.91   	 91.80   	 -45.78		
-64.70   	-65.00   	 91.62   	 -55.95		
-78.43   	-79.96   	 91.39   	 -55.95		
-88.81   	-91.55   	 91.17   	 -55.95		
-95.52   	-99.49   	 90.95   	 -50.86		
-99.18   	-104.06   	 90.74   	 -45.78		
-102.54   	-106.81   	 90.56   	 -35.61		
-106.20   	-108.95   	 90.42   	 -35.61		
-110.17   	-110.47   	 90.27   	 -25.43		
-113.53   	-111.39   	 90.17   	 -30.52		
-115.05   	-112.00   	 90.05   	 -30.52		
-114.44   	-112.92   	 89.93   	 -35.61		
-112.61   	-114.75   	 89.79   	 -61.04		
-110.17   	-117.19   	 89.54   	 -81.38		
-108.34   	-119.93   	 89.22   	-122.07		
-107.73   	-121.77   	 88.73   	-162.77		
-108.03   	-123.29   	 88.08   	-223.80		
-108.64   	-124.82   	 87.18   	-289.93		
-108.95   	-125.73   	 86.02   	-350.97		
-108.64   	-125.43   	 84.62   	-427.26		
-107.42   	-123.29   	 82.91   	-503.56		
-106.20   	-120.24   	 80.89   	-569.68		
-104.98   	-116.58   	 78.62   	-635.81		
-103.76   	-113.83   	 76.07   	-696.84		
-102.54   	-111.69   	 73.29   	-747.71		
-100.71   	-109.86   	 70.29   	-788.40		
-99.49   	-107.42   	 67.14   	-818.92		
-98.27   	-104.68   	 63.87   	-834.18		
-97.35   	-101.32   	 60.53   	-844.35		
-95.83   	-97.35   	 57.15   	-844.35		
-94.60   	-93.99   	 53.77   	-839.26		
-93.38   	-91.55   	 50.42   	-818.92		
-92.16   	-90.94   	 47.14   	-798.57		
-91.25   	-91.25   	 43.95   	-773.14		
-90.64   	-92.16   	 40.85   	-742.62		
-90.33   	-92.47   	 37.88   	-717.19		
-90.33   	-92.16   	 35.02   	-686.67		
-90.03   	-91.25   	 32.27   	-651.07		
-89.72   	-90.03   	 29.66   	-615.46		
-89.42   	-89.11   	 27.20   	-574.77		
-89.11   	-88.81   	 24.90   	-539.16		
-89.11   	-88.50   	 22.75   	-488.30		
-89.72   	-88.81   	 20.79   	-447.61		
-90.33   	-89.11   	 19.00   	-396.74		
-91.55   	-90.03   	 17.42   	-345.88		
-93.38   	-91.55   	 16.03   	-289.93		
-95.52   	-93.69   	 14.87   	-244.15		
-97.05   	-95.21   	 13.90   	-198.37		
-96.74   	-96.13   	 13.10   	-157.68		
-94.30   	-94.30   	 12.47   	-132.25		
-88.20   	-88.50   	 11.94   	-111.90		
-73.55   	-74.46   	 11.50   	-111.90		
-45.17   	-45.47   	 11.05   	-106.82		
  1.22   	  4.58   	 10.62   	-111.90		
 63.48   	 78.43   	 10.17   	-122.07		
133.67   	171.51   	  9.68   	-132.25		
199.89   	275.57   	  9.16   	-147.51		
249.63   	379.03   	  8.57   	-335.71		
263.37   	510.86   	  7.22   	-188.20		
212.40   	484.31   	  6.47   	-193.29		
115.05   	355.53   	  5.70   	-198.37		
-26.86   	118.41   	  4.90   	-198.37		
-203.55   	-192.57   	  4.11   	-188.20		
-396.42   	-508.42   	  3.36   	-183.11		
-582.89   	-751.34   	  2.62   	-157.68		
-742.19   	-868.84   	  1.99   	-137.33		
-861.51   	-859.99   	  1.44   	-111.90		
-935.36   	-764.47   	  1.00   	 -76.30		
-959.78   	-635.38   	  0.69   	 -40.69		
-932.92   	-513.31   	  0.53   	 -10.17		
-855.71   	-410.77   	  0.49   	  25.43		
-736.08   	-321.96   	  0.59   	  61.04		
-592.96   	-238.34   	  0.83   	  96.64		
-452.58   	-160.52   	  1.22   	 137.33		
-338.13   	-97.05   	  1.77   	 183.11		
-258.79   	-55.54   	  2.50   	 223.80		
-209.35   	-36.32   	  3.40   	 274.67		
-176.70   	-32.96   	  4.50   	 325.53		
-149.54   	-34.48   	  5.80   	 371.31		
-124.21   	-33.26   	  7.28   	 406.92		
-102.23   	-29.91   	  8.91   	 432.35		
-82.70   	-30.21   	 10.64   	 437.43		
-61.04   	-39.37   	 12.39   	 422.18		
-33.57   	-56.46   	 14.08   	 381.48		
 -0.92   	-72.94   	 15.61   	 310.27		
 32.65   	-75.68   	 16.85   	 223.80		
 63.48   	-56.46   	 17.74   	 116.99		
 92.77   	-17.70   	 18.21   	 -15.26		
123.29   	 30.21   	 18.15   	-147.51		
156.56   	 75.38   	 17.56   	-289.93		
188.29   	109.25   	 16.40   	-417.09		
214.84   	132.14   	 14.73   	-528.99		
234.07   	148.01   	 12.61   	-610.37		
248.41   	162.05   	 10.17   	-661.24		
261.23   	176.39   	  7.53   	-676.50		
275.27   	191.04   	  4.82   	-676.50		
291.14   	205.99   	  2.12   	-640.89		
308.23   	220.95   	 -0.45   	-605.29		
325.62   	236.82   	 -2.87   	-559.51		
343.63   	254.52   	 -5.11   	-513.73		
362.24   	274.05   	 -7.16   	-473.04		
382.08   	294.80   	 -9.05   	-432.35		
404.05   	316.47   	-10.78   	-386.57		
428.16   	339.05   	-12.33   	-345.88		
454.10   	362.85   	-13.71   	-295.01		
480.96   	388.18   	-14.89   	-233.98		
508.12   	414.43   	-15.83   	-178.03		
534.97   	441.28   	-16.54   	-111.90		
561.22   	467.22   	-16.99   	 -55.95		
587.16   	491.94   	-17.21   	  -5.09		
611.88   	515.14   	-17.23   	  30.52		
634.46   	536.50   	-17.11   	  61.04		
654.30   	556.34   	-16.87   	  55.95		
669.56   	573.43   	-16.64   	  35.61		
679.63   	586.85   	-16.50   	  -5.09		
685.12   	597.23   	-16.52   	 -55.95		
686.04   	603.94   	-16.74   	-122.07		
681.76   	606.99   	-17.23   	-172.94		
671.69   	605.77   	-17.92   	-218.72		
654.91   	599.67   	-18.80   	-244.15		
631.41   	588.38   	-19.78   	-228.89		
602.11   	572.20   	-20.69   	-198.37		
567.63   	550.84   	-21.49   	-132.25		
528.87   	524.60   	-22.01   	 -40.69		
486.76   	493.16   	-22.18(D)	  71.21		
441.89   	457.15   	-21.89   	 193.29		
396.12   	417.48   	-21.12   	 340.79		
350.04   	374.76   	-19.76   	 493.39		
304.87   	330.20   	-17.78   	 661.24		
260.62   	283.81   	-15.14   	 849.44		
217.59   	236.51   	-11.74   	1068.15		
175.48   	189.51   	 -7.47   	1317.39		
134.58   	144.35   	 -2.20   	1586.97		
 95.83   	101.62   	  4.15   	1871.81		
 60.12   	 62.87   	 11.64   	2136.31		
 27.77   	 27.77   	 20.18   	2380.46		
 -0.92   	 -4.27   	 29.70   	2599.18		
-25.63   	-33.26   	 40.10   	2761.94		
-47.00   	-58.90   	 51.15   	2884.02		
-65.00   	-81.18   	 62.69   	2960.31		
-79.35   	-100.10   	 74.53   	2990.83		
-90.94   	-116.27   	 86.49   	2990.83		
-100.10   	-130.62   	 98.45   	2939.97		
-107.42   	-142.21   	110.21   	2863.67		
-113.22   	-151.37   	121.67   	2756.86		
-117.49   	-157.78   	132.70   	2629.69		
-120.54   	-162.05   	143.21   	2492.36		
-122.38   	-164.79   	153.18   	2344.85		
-122.38   	-166.32   	162.56   	2197.35		
-122.07   	-166.63   	171.35   	2044.75		
-122.07   	-166.02   	179.53   	1897.25		
-122.99   	-164.79   	187.12   	1754.83		
-124.51   	-163.57   	194.14   	1627.66		
-126.04   	-162.35   	200.65   	1525.93		
-126.04   	-161.13   	206.75   	1419.12		
-124.21   	-159.61   	212.43   	1281.79		
-121.77   	-157.78   	217.56   	1098.67		
-119.93   	-155.33   	221.95   	 818.92		
-119.32   	-152.59   	225.23   	 457.78		
-119.32   	-149.54   	227.06   	   0.00		
-119.63   	-146.18   	227.06   	-518.82		
-119.63   	-143.43   	224.98   	-1068.15		
-119.32   	-141.60   	220.71   	-1617.49		
-119.32   	-140.69   	214.24   	-2126.14		
-119.63   	-139.77   	205.74   	-2548.31		
-119.93   	-137.63   	195.54   	-2863.67		
-119.32   	-134.28   	184.09   	-3056.96		
-119.02   	-130.31   	171.86   	-3112.91		
-118.71   	-126.65   	159.41   	-3056.96		
-118.71   	-123.90   	147.18   	-2889.10		
-119.32   	-121.77   	135.63   	-2639.87		
-120.54   	-120.24   	125.07   	-2339.77		
-121.77   	-119.02   	115.71   	-2004.06		
-123.29   	-118.71   	107.69   	-1673.44		
-124.51   	-119.02   	101.00   	-1353.00		
-125.43   	-119.93   	 95.58   	-1063.07		
-126.04   	-121.15   	 91.33   	-813.83		
-126.34   	-122.07   	 88.08   	-590.03		
-127.26   	-122.68   	 85.72   	-412.00		
-127.87   	-122.68   	 84.07   	-269.58		
-128.17   	-122.68   	 82.99   	-147.51		
-128.17   	-122.68   	 82.40   	 -50.86		
-127.87   	-122.68   	 82.20   	  20.35		
-126.95   	-123.60   	 82.28   	  81.38		
-126.04   	-124.82   	 82.60   	 127.16		
-125.12   	-126.34   	 83.11   	 167.85		
-124.82   	-128.17   	 83.78   	 198.37		
-124.82   	-129.70   	 84.58   	 223.80		
-125.12   	-130.62   	 85.47   	 249.24		
-125.43   	-130.92   	 86.47   	 264.50		
-125.43   	-130.62   	 87.53   	 269.58		
-124.51   	-130.31   	 88.61   	 264.50		
-123.90   	-129.70   	 89.66   	 239.06		
-122.68   	-129.09   	 90.62   	 198.37		
-121.46   	-129.09   	 91.41   	 137.33		
-120.24   	-129.39   	 91.96   	  55.95		
-119.32   	-130.31   	 92.19   	 -30.52		
-119.32   	-131.53   	 92.06   	-132.25		
-119.93   	-131.84   	 91.54   	-233.98		
-119.93   	-131.23   	 90.60   	-330.62		
-119.63   	-129.70   	 89.28   	-422.18		
-118.71   	-127.56   	 87.59   	-493.39		
-118.10   	-126.04   	 85.62   	-559.51		
-118.10   	-124.82   	 83.38   	-595.11		
-118.71   	-124.21   	 81.00   	-625.63		
-119.63   	-123.29   	 78.49   	-640.89		
-119.32   	-121.77   	 75.93   	-645.98		
-118.10   	-120.24   	 73.35   	-640.89		
-116.27   	-118.41   	 70.78   	-630.72		
-114.14   	-117.19   	 68.26   	-615.46		
-112.92   	-116.27   	 65.80   	-600.20		
-112.61   	-115.66   	 63.40   	-584.94		
-112.92   	-115.05   	 61.06   	-559.51		
-112.92   	-114.14   	 58.82   	-534.08		
-112.00   	-112.61   	 56.68   	-493.39		
-110.17   	-111.08   	 54.71   	-452.69		
-108.03   	-109.56   	 52.90   	-401.83		
-106.20   	-108.34   	 51.29   	-340.79		
-104.68   	-107.42   	 49.93   	-269.58		
-103.76   	-107.42   	 48.85   	-183.11		
-103.15   	-107.73   	 48.12   	 -96.64		
-103.15   	-107.73   	 47.73   	  -5.09		
-102.84   	-107.12   	 47.71   	  91.56		
-102.23   	-106.51   	 48.08   	 183.11		
-101.01   	-105.59   	 48.81   	 264.50		
-99.79   	-105.29   	 49.87   	 345.88		
-98.88   	-105.29   	 51.25   	 417.09		
-98.27   	-104.98   	 52.92   	 467.95		
-98.27   	-104.06   	 54.79   	 503.56		
-98.27   	-103.15   	 56.81   	 523.90		
-98.57   	-102.23   	 58.90   	 528.99		
-98.27   	-101.93   	 61.02   	 523.90		
-97.66   	-101.62   	 63.11   	 498.47		
-96.74   	-101.32   	 65.11   	 473.04		
-95.52   	-100.40   	 67.00   	 437.43		
-93.99   	-99.18   	 68.75   	 396.74		
-92.77   	-98.27   	 70.34   	 361.14		
-92.47   	-97.96   	 71.78   	 315.36		
-92.77   	-97.96   	 73.04   	 274.67		
-92.77   	-97.35   	 74.14   	 228.89		
-91.86   	-96.74   	 75.06   	 178.03		
-90.64   	-95.83   	 75.77   	 132.25		
-89.11   	-95.52   	 76.30   	  76.30		
-87.89   	-95.83   	 76.60   	  20.35		
-86.98   	-96.44   	 76.68   	 -35.61		
-86.36   	-96.44   	 76.54   	 -91.56		
-85.45   	-94.30   	 76.17   	-147.51		
-83.62   	-89.42   	 75.58   	-193.29		
-80.57   	-81.48   	 74.81   	-239.06		
-76.60   	-69.89   	 73.86   	-279.75		
-72.33   	-55.54   	 72.74   	-310.27		
-68.66   	-40.59   	 71.50   	-330.62		
-66.22   	-27.16   	 70.17   	-345.88		
-64.39   	-17.09   	 68.79   	-356.05		
-61.95   	-10.68   	 67.36   	-361.14		
-58.29   	 -6.71   	 65.92   	-350.97		
-53.10   	 -1.53   	 64.52   	-345.88		
-46.69   	  7.93   	 63.13   	-330.62		
-39.67   	 22.28   	 61.81   	-305.19		
-33.26   	 39.06   	 60.59   	-289.93		
-27.77   	 53.71   	 59.43   	-254.32		
-23.19   	 63.48   	 58.41   	-228.89		
-18.31   	 69.27   	 57.50   	-193.29		
-14.34   	 73.24   	 56.72   	-152.59		
-12.21   	 75.99   	 56.11   	-111.90		
-13.73   	 75.38   	 55.67   	 -76.30		
-18.92   	 69.89   	 55.36   	 -30.52		
-24.72   	 59.51   	 55.24   	  10.17		
-28.08   	 45.17   	 55.28   	  45.78		
-28.38   	 27.47   	 55.46   	  76.30		
-28.99   	  6.10   	 55.77   	 111.90		
-35.10   	-18.01   	 56.22   	 137.33		
-48.22   	-40.28   	 56.76   	 157.68		
-65.00   	-55.54   	 57.40   	 178.03		
-79.04   	-62.56   	 58.11   	 188.20		
-86.06   	-64.70   	 58.86   	 198.37		
-86.67   	-67.14   	 59.65   	 198.37		
-83.92   	-71.11   	 60.45   	 193.29		
-82.09   	-76.60   	 61.22   	 193.29		
-82.70   	-81.48   	 61.99   	 178.03		
-84.23   	-84.23   	 62.71   	 162.77		
-85.45   	-85.45   	 63.36   	 147.51		
-85.75   	-85.75   	 63.95   	 127.16		
-86.06   	-86.06   	 64.46   	  96.64		
-86.98   	-86.67   	 64.84   	  76.30		
-88.20   	-87.59   	 65.15   	  50.86		
-89.42   	-88.81   	 65.35   	  25.43		
-90.94   	-90.33   	 65.45   	  -5.09		
-93.99   	-88.20   	 65.43   	 -25.43		
-99.49   	-75.38   	 65.33   	 -50.86		
-102.54   	-40.28   	 65.13   	 -71.21		
-90.33   	 24.72   	 64.84   	 -91.56		
-41.20   	117.49   	 64.48   	-101.73		
 67.44   	226.44   	 64.07   	-122.07		
247.80   	337.52   	 63.58   	-127.16		
487.37   	442.81   	 63.07   	-274.67		
950.93   	611.57   	 61.97   	-132.25		
1041.87   	632.93(R)	 61.44   	-137.33		
978.09   	571.59   	 60.89   	-122.07		
774.23   	421.14   	 60.41   	-116.99		
496.22   	215.15   	 59.94   	-101.73		
232.85   	 16.48   	 59.53   	 -91.56		
 52.19   	-112.00   	 59.17   	 -76.30		
-26.86   	-145.57   	 58.86   	 -61.04		
-32.04   	-104.06   	 58.62   	 -50.86		
-11.29   	-31.74   	 58.41   	 -35.61		
  2.14   	 28.99   	 58.27   	 -25.43		
  1.22   	 57.37   	 58.17   	 -15.26		
 -6.10   	 56.46   	 58.11   	  -5.09		
-10.38   	 42.11   	 58.09   	   0.00		
-10.38   	 28.99   	 58.09   	  10.17		
 -8.85   	 22.89   	 58.13   	  15.26		
 -9.16   	 22.28   	 58.19   	  20.35		
-10.07   	 23.50   	 58.27   	  25.43		
-10.68   	 23.50   	 58.37   	  30.52		
-10.07   	 22.89   	 58.49   	  30.52		
 -8.54   	 22.58   	 58.62   	  40.69		
 -6.41   	 23.80   	 58.78   	  40.69		
 -3.97   	 26.55   	 58.94   	  40.69		
 -1.22   	 30.21   	 59.10   	  55.95		
  1.53   	 34.79   	 59.33   	  61.04		
  4.58   	 40.89   	 59.57   	  71.21		
  8.24   	 47.91   	 59.86   	  91.56		
 12.21   	 54.93   	 60.22   	 111.90		
 16.17   	 61.95   	 60.67   	 137.33		
 19.84   	 68.66   	 61.22   	 167.85		
 23.50   	 75.38   	 61.89   	 188.20		
 26.86   	 83.31   	 62.64   	 223.80		
 31.13   	 92.16   	 63.54   	 249.24		
 36.32   	102.23   	 64.54   	 269.58		
 43.03   	112.92   	 65.62   	 289.93		
 50.05   	122.99   	 66.77   	 310.27		
 57.07   	133.06   	 68.02   	 315.36		
 63.48   	144.04   	 69.28   	 325.53		
 69.89   	156.25   	 70.58   	 325.53		
 76.60   	169.98   	 71.88   	 320.45		
 84.53   	184.63   	 73.16   	 310.27		
 93.38   	200.20   	 74.40   	 295.01		
103.45   	216.37   	 75.58   	 269.58		
113.83   	233.46   	 76.66   	 249.24		
124.82   	250.85   	 77.66   	 218.72		
136.41   	267.94   	 78.53   	 188.20		
148.32   	284.73   	 79.29   	 152.59		
160.83   	301.51   	 79.90   	 132.25		
173.65   	317.99   	 80.43   	 106.82		
186.16   	333.25   	 80.85   	  96.64		
198.06   	347.29   	 81.24   	  N/A		
