  I     	  II     	  LV     	  LV'		
-14.34   	-111.08   	105.43   	 666.32		
-16.78   	-112.30   	108.10   	 645.98		
-16.78   	-113.83   	110.68   	 630.72		
-14.34   	-116.27   	113.20   	 605.29		
-10.68   	-118.71   	115.63   	 584.94		
 -8.54   	-120.85   	117.96   	 574.77		
 -7.93   	-120.85   	120.26   	 549.34		
 -8.24   	-117.80   	122.46   	 539.16		
 -7.63   	-112.00   	124.62   	 518.82		
 -5.19   	-105.59   	126.69   	 498.47		
 -2.44   	-101.93   	128.69   	 483.21		
 -1.53   	-103.45   	130.62   	 462.87		
 -3.97   	-109.56   	132.47   	 442.52		
 -8.24   	-115.66   	134.24   	 422.18		
-11.90   	-118.41   	135.93   	 401.83		
-12.82   	-115.97   	137.54   	 381.48		
-11.29   	-109.56   	139.06   	 356.05		
 -8.54   	-102.23   	140.49   	 340.79		
 -7.63   	-95.21   	141.85   	 325.53		
 -8.85   	-88.81   	143.15   	 310.27		
-11.29   	-83.62   	144.39   	 289.93		
-13.73   	-79.65   	145.55   	 274.67		
-14.95   	-78.43   	146.65   	 259.41		
-15.56   	-79.96   	147.69   	 239.06		
-16.48   	-83.62   	148.65   	 223.80		
-18.01   	-85.75   	149.54   	 203.46		
-19.84   	-83.62   	150.36   	 183.11		
-20.75   	-77.21   	151.09   	 162.77		
-21.67   	-68.97   	151.74   	 142.42		
-22.58   	-63.78   	152.31   	 122.07		
-23.80   	-63.78   	152.80   	 101.73		
-24.11   	-67.44   	153.20   	  76.30		
-23.50   	-68.97   	153.51   	  61.04		
-21.97   	-65.00   	153.75   	  30.52		
-21.06   	-55.85   	153.88   	   5.09		
-21.06   	-46.69   	153.90   	 -15.26		
-20.45   	-41.20   	153.83   	 -50.86		
-17.09   	-40.28   	153.63   	 -71.21		
-10.68   	-41.20   	153.35   	-106.82		
 -2.75   	-39.67   	152.92   	-132.25		
  4.27   	-35.71   	152.39   	-162.77		
  7.32   	-31.13   	151.74   	-198.37		
  6.10   	-28.99   	150.95   	-223.80		
  2.14   	-29.91   	150.05   	-259.41		
 -1.83   	-31.74   	149.01   	-295.01		
 -3.66   	-31.74   	147.83   	-335.71		
 -2.75   	-29.30   	146.49   	-366.22		
 -1.22   	-26.25   	145.02   	-406.92		
 -0.31   	-25.33   	143.40   	-442.52		
 -0.61   	-27.16   	141.63   	-478.13		
 -0.92   	-30.52   	139.71   	-513.73		
 -0.61   	-32.96   	137.66   	-549.34		
  0.92   	-33.26   	135.46   	-579.86		
  3.66   	-32.35   	133.14   	-620.55		
  5.49   	-32.35   	130.66   	-645.98		
  6.10   	-33.26   	128.08   	-671.41		
  4.27   	-34.79   	125.39   	-707.02		
  1.53   	-35.71   	122.56   	-732.45		
 -0.31   	-35.40   	119.63   	-762.97		
  0.00   	-34.18   	116.58   	-798.57		
  1.53   	-33.26   	113.39   	-834.18		
  3.36   	-33.26   	110.05   	-869.78		
  3.66   	-35.71   	106.57   	-900.30		
  2.75   	-39.98   	102.97   	-930.82		
  1.53   	-46.39   	 99.25   	-956.25		
  0.92   	-52.19   	 95.42   	-966.43		
  1.22   	-54.63   	 91.56   	-971.51		
  2.14   	-53.10   	 87.67   	-971.51		
  2.75   	-49.44   	 83.78   	-956.25		
  3.36   	-47.91   	 79.96   	-951.17		
  3.66   	-50.35   	 76.15   	-925.73		
  4.27   	-55.85   	 72.45   	-910.47		
  5.49   	-60.42   	 68.81   	-885.04		
  6.41   	-61.04   	 65.27   	-864.70		
  7.02   	-58.90   	 61.81   	-839.26		
  6.41   	-57.37   	 58.45   	-818.92		
  5.19   	-60.12   	 55.18   	-788.40		
  3.66   	-67.44   	 52.02   	-757.88		
  2.75   	-75.07   	 48.99   	-732.45		
  2.44   	-78.43   	 46.06   	-691.76		
  3.36   	-75.99   	 43.30   	-651.07		
  3.97   	-71.72   	 40.69   	-615.46		
  3.97   	-69.89   	 38.23   	-569.68		
  2.44   	-72.02   	 35.95   	-534.08		
  0.31   	-76.29   	 33.81   	-483.21		
 -0.61   	-77.82   	 31.88   	-447.61		
 -0.31   	-75.99   	 30.09   	-406.92		
  1.53   	-72.33   	 28.46   	-371.31		
  3.05   	-69.89   	 26.98   	-330.62		
  3.36   	-70.50   	 25.66   	-295.01		
  2.75   	-72.94   	 24.48   	-264.50		
  2.44   	-75.07   	 23.42   	-233.98		
  3.97   	-74.16   	 22.48   	-198.37		
  7.02   	-70.80   	 21.69   	-167.85		
  9.46   	-66.53   	 21.02   	-147.51		
  9.77   	-63.48   	 20.43   	-111.90		
  7.02   	-63.78   	 19.98   	 -91.56		
  3.66   	-66.83   	 19.61   	 -71.21		
  1.53   	-70.50   	 19.33   	 -50.86		
  2.14   	-72.33   	 19.13   	 -35.61		
  3.66   	-71.41   	 18.98   	 -25.43		
  3.97   	-69.27   	 18.88   	 -10.17		
  1.53   	-68.05   	 18.84   	  -5.09		
 -1.53   	-69.58   	 18.82   	   0.00		
 -2.14   	-72.94   	 18.82   	   0.00		
  1.22   	-75.99   	 18.82   	   5.09		
  7.32   	-76.60   	 18.84   	   5.09		
 12.21   	-74.46   	 18.86   	   5.09		
 12.21   	-71.41   	 18.88   	   5.09		
  7.02   	-70.19   	 18.90   	  10.17		
 -0.31   	-72.63   	 18.94   	  15.26		
 -5.19   	-77.21   	 19.00   	  15.26		
 -5.49   	-81.79   	 19.06   	  20.35		
 -1.53   	-83.01   	 19.15   	  25.43		
  2.75   	-79.65   	 19.25   	  20.35		
  5.49   	-72.94   	 19.33   	  20.35		
  5.49   	-65.31   	 19.41   	  20.35		
  4.88   	-59.51   	 19.49   	  20.35		
  4.88   	-57.68   	 19.57   	  10.17		
  6.41   	-60.73   	 19.61   	  15.26		
  7.63   	-67.14   	 19.67   	   5.09		
  8.24   	-73.24   	 19.69   	  10.17		
  7.02   	-75.99   	 19.74   	   0.00		
  4.27   	-74.77   	 19.74   	   5.09		
  1.83   	-70.80   	 19.76   	   5.09		
  0.61   	-66.22   	 19.78   	   0.00		
  0.92   	-63.78   	 19.78   	  -5.09		
  2.44   	-63.17   	 19.76   	   0.00		
  4.27   	-63.17   	 19.76   	  -5.09		
  4.88   	-63.78   	 19.74   	  -5.09		
  4.88   	-63.78   	 19.72   	 -10.17		
  4.88   	-62.56   	 19.67   	 -15.26		
  6.10   	-59.20   	 19.61   	 -15.26		
  8.24   	-53.41   	 19.55   	 -15.26		
 10.07   	-47.00   	 19.49   	 -15.26		
 10.99   	-41.20   	 19.43   	 -20.35		
 10.68   	-37.23   	 19.35   	 -20.35		
 10.68   	-34.48   	 19.27   	 -20.35		
 13.43   	-30.82   	 19.19   	 -15.26		
 18.92   	-24.41   	 19.13   	 -20.35		
 25.02   	-15.26   	 19.04   	 -15.26		
 27.77   	 -6.71   	 18.98   	 -15.26		
 24.72   	 -3.05   	 18.92   	 -10.17		
 16.78   	 -5.80   	 18.88   	 -15.26		
  8.85   	-12.51   	 18.82   	 -10.17		
  7.02   	-17.09   	 18.78   	 -15.26		
 12.82   	-14.95   	 18.72   	  -5.09		
 23.19   	 -6.71   	 18.70   	 -10.17		
 32.04   	  2.14   	 18.66   	 -10.17		
 35.40   	  7.02   	 18.62   	  -5.09		
 32.35   	  8.24   	 18.60   	  -5.09		
 25.33   	  8.85   	 18.58   	  -5.09		
 18.31   	 10.99   	 18.56   	  -5.09		
 13.43   	 11.29   	 18.54   	   0.00		
 11.29   	  3.36   	 18.54   	  -5.09		
 12.21   	-15.26   	 18.51   	   0.00		
 14.95   	-40.28   	 18.51   	  -5.09		
 18.92   	-63.78   	 18.49   	   0.00		
 20.45   	-79.65   	 18.49   	  -5.09		
 16.48   	-86.67   	 18.47   	   0.00		
  7.63   	-86.98   	 18.47   	 -10.17		
 -3.05   	-85.14   	 18.43   	  -5.09		
-11.29   	-84.53   	 18.41   	  -5.09		
-14.04   	-85.14   	 18.39   	  -5.09		
-12.51   	-86.67   	 18.37   	 -10.17		
-10.99   	-87.89   	 18.33   	 -10.17		
-11.29   	-88.20   	 18.29   	 -10.17		
-12.51   	-86.36   	 18.25   	 -10.17		
-12.82   	-83.62   	 18.21   	 -10.17		
-10.68   	-81.79   	 18.17   	 -10.17		
 -7.02   	-80.87   	 18.13   	 -10.17		
 -4.58   	-80.87   	 18.09   	 -15.26		
 -3.97   	-80.26   	 18.03   	 -10.17		
 -4.58   	-77.82   	 17.99   	 -15.26		
 -5.19   	-74.16   	 17.92   	  -5.09		
 -5.49   	-73.24   	 17.90   	 -10.17		
 -4.58   	-79.04   	 17.86   	  -5.09		
  0.61   	-93.99   	 17.84   	   0.00		
 16.48   	-118.10   	 17.84   	   0.00		
 52.19   	-147.09   	 17.84   	  10.17		
117.49   	-173.95   	 17.88   	  10.17		
214.23   	-191.96   	 17.92   	  20.35		
333.56   	-195.01   	 18.01   	  25.43		
456.54   	-179.44   	 18.11   	  25.43		
559.39   	-144.65   	 18.21   	  35.61		
621.34   	-84.23   	 18.35   	  40.69		
617.98   	 12.51   	 18.51   	  45.78		
524.29   	156.56   	 18.70   	  50.86		
328.06   	355.53   	 18.90   	  50.86		
 43.03   	605.16   	 19.10   	  55.95		
-283.20   	883.79   	 19.33   	 116.99		
-781.56   	1363.83   	 19.80   	  61.04		
-858.15   	1463.62(R)	 20.04   	  71.21		
-806.58   	1414.49   	 20.33   	  71.21		
-651.86   	1212.77   	 20.61   	  76.30		
-439.15   	898.13   	 20.92   	  86.47		
-224.91   	543.21   	 21.26   	  96.64		
-63.78   	227.97   	 21.65   	 111.90		
 14.65   	  7.93   	 22.10   	 132.25		
 19.53   	-105.90   	 22.62   	 147.51		
-11.29   	-140.38   	 23.21   	 172.94		
-37.84   	-137.33   	 23.91   	 203.46		
-42.11   	-129.09   	 24.72   	 239.06		
-29.30   	-128.48   	 25.68   	 274.67		
-14.65   	-133.97   	 26.78   	 320.45		
 -7.32   	-139.16   	 28.06   	 371.31		
 -7.63   	-140.99   	 29.54   	 417.09		
-10.38   	-139.77   	 31.21   	 467.95		
-11.29   	-136.41   	 33.08   	 518.82		
-10.07   	-131.84   	 35.16   	 569.68		
 -7.02   	-128.78   	 37.44   	 615.46		
 -3.66   	-130.92   	 39.90   	 661.24		
 -0.92   	-137.94   	 42.54   	 696.84		
  0.31   	-146.48   	 45.33   	 732.45		
  0.61   	-151.37   	 48.26   	 762.97		
  0.00   	-148.93   	 51.31   	 783.31		
 -0.61   	-141.91   	 54.45   	 798.57		
 -0.61   	-135.19   	 57.64   	 808.75		
  0.61   	-132.45   	 60.87   	 813.83		
  3.05   	-134.58   	 64.13   	 803.66		
  5.49   	-139.16   	 67.34   	 793.49		
  6.41   	-143.13   	 70.52   	 778.23		
  5.19   	-145.57   	 73.63   	 762.97		
  2.75   	-145.87   	 76.68   	 747.71		
  1.22   	-144.65   	 79.67   	 737.54		
  1.53   	-142.21   	 82.62   	 727.36		
  3.66   	-140.38   	 85.53   	 712.10		
  5.49   	-140.38   	 88.38   	 707.02		
  5.49   	-142.21   	 91.21   	 696.84		
  3.36   	-144.35   	 94.00   	 676.50		
  0.31   	-146.18   	 96.70   	 666.32		
 -2.14   	-148.01   	 99.37   	 645.98		
 -2.44   	-149.84   	101.95   	 625.63		
 -1.22   	-152.28   	104.46   	 605.29		
  0.92   	-153.81   	106.88   	 584.94		
  3.36   	-154.11   	109.22   	 569.68		
  4.27   	-152.89   	111.49   	 554.42		
  4.58   	-152.59   	113.71   	 544.25		
  4.27   	-153.20   	115.89   	 528.99		
  3.97   	-154.72   	118.01   	 518.82		
  4.27   	-155.33   	120.08   	 503.56		
  5.19   	-153.50   	122.10   	 493.39		
  6.10   	-150.45   	124.07   	 483.21		
  6.71   	-147.71   	126.00   	 462.87		
  6.71   	-147.40   	127.85   	 447.61		
  7.02   	-149.23   	129.64   	 427.26		
  7.32   	-151.37   	131.35   	 412.00		
  7.63   	-150.45   	133.00   	 386.57		
  7.63   	-145.87   	134.55   	 376.40		
  6.71   	-138.55   	136.05   	 350.97		
  5.49   	-131.53   	137.46   	 335.71		
  4.58   	-127.26   	138.80   	 320.45		
  4.27   	-125.43   	140.08   	 300.10		
  4.58   	-124.82   	141.28   	 289.93		
  4.27   	-123.29   	142.44   	 264.50		
  3.05   	-119.93   	143.50   	 249.24		
  1.22   	-115.36   	144.50   	 233.98		
  0.00   	-109.86   	145.43   	 213.63		
  0.31   	-104.37   	146.29   	 193.29		
  1.53   	-99.18   	147.06   	 172.94		
  2.44   	-95.21   	147.75   	 152.59		
  2.75   	-93.08   	148.36   	 132.25		
  2.14   	-92.77   	148.89   	 111.90		
  1.53   	-93.08   	149.34   	  91.56		
  1.53   	-92.47   	149.70   	  71.21		
  1.83   	-90.03   	149.99   	  40.69		
  2.44   	-85.75   	150.15   	  15.26		
  3.66   	-80.87   	150.21(S)	 -15.26		
  5.80   	-75.68   	150.15   	 -45.78		
  9.16   	-70.50   	149.97   	 -81.38		
 13.73   	-65.31   	149.64   	-116.99		
 18.01   	-59.81   	149.18   	-152.59		
 21.06   	-54.02   	148.57   	-183.11		
 22.58   	-48.83   	147.83   	-223.80		
 21.97   	-44.56   	146.94   	-264.50		
 20.75   	-41.81   	145.88   	-300.10		
 19.53   	-41.20   	144.68   	-335.71		
 18.92   	-41.81   	143.34   	-376.40		
 19.23   	-42.11   	141.83   	-412.00		
 20.14   	-41.81   	140.18   	-452.69		
 20.75   	-39.67   	138.37   	-488.30		
 21.36   	-36.62   	136.42   	-523.90		
 21.97   	-32.96   	134.32   	-559.51		
 23.19   	-29.91   	132.08   	-590.03		
 24.11   	-28.08   	129.72   	-620.55		
 23.80   	-28.38   	127.24   	-651.07		
 21.36   	-30.52   	124.64   	-681.58		
 18.01   	-33.26   	121.91   	-701.93		
 15.26   	-36.32   	119.10   	-732.45		
 14.65   	-39.06   	116.17   	-762.97		
 16.17   	-40.28   	113.12   	-793.49		
 18.62   	-40.28   	109.95   	-824.00		
 21.06   	-39.06   	106.65   	-859.61		
 21.97   	-37.54   	103.21   	-879.96		
 21.36   	-37.23   	 99.69   	-900.30		
 19.84   	-38.45   	 96.09   	-910.47		
 18.01   	-41.50   	 92.45   	-915.56		
 16.48   	-43.95   	 88.79   	-910.47		
 15.87   	-44.86   	 85.15   	-900.30		
 16.48   	-44.25   	 81.55   	-885.04		
 17.09   	-43.03   	 78.01   	-864.70		
 17.70   	-42.72   	 74.55   	-844.35		
 18.62   	-43.33   	 71.17   	-824.00		
 20.14   	-44.25   	 67.87   	-803.66		
 22.58   	-45.47   	 64.66   	-778.23		
 23.50   	-47.61   	 61.55   	-757.88		
 21.97   	-51.57   	 58.51   	-737.54		
 17.40   	-57.07   	 55.56   	-712.10		
 12.21   	-61.95   	 52.72   	-681.58		
  9.77   	-64.70   	 49.99   	-651.07		
 11.29   	-64.39   	 47.39   	-615.46		
 16.17   	-61.65   	 44.92   	-574.77		
 20.45   	-58.29   	 42.62   	-544.25		
 22.58   	-55.85   	 40.45   	-498.47		
 21.36   	-54.93   	 38.45   	-462.87		
 19.23   	-55.24   	 36.60   	-422.18		
 17.70   	-55.85   	 34.91   	-386.57		
 18.01   	-56.15   	 33.37   	-350.97		
 18.31   	-56.76   	 31.96   	-315.36		
 17.40   	-58.90   	 30.70   	-289.93		
 14.34   	-62.26   	 29.54   	-254.32		
 10.38   	-66.22   	 28.52   	-228.89		
  7.63   	-68.05   	 27.61   	-198.37		
  7.93   	-66.53   	 26.82   	-178.03		
 11.29   	-62.56   	 26.10   	-147.51		
 15.56   	-57.68   	 25.51   	-122.07		
 18.01   	-54.63   	 25.03   	-101.73		
 18.31   	-54.32   	 24.62   	 -81.38		
 16.48   	-56.15   	 24.29   	 -61.04		
 13.73   	-57.98   	 24.05   	 -40.69		
 11.29   	-58.59   	 23.89   	 -30.52		
 10.07   	-56.76   	 23.76   	 -20.35		
 10.68   	-53.41   	 23.68   	  -5.09		
 12.21   	-49.74   	 23.66   	  -5.09		
 14.04   	-47.30   	 23.64(D)	  10.17		
 15.26   	-46.08   	 23.68   	   5.09		
 15.26   	-45.47   	 23.70   	  15.26		
 13.73   	-44.25   	 23.76   	  15.26		
 12.21   	-42.11   	 23.82   	  15.26		
 10.99   	-39.37   	 23.89   	  15.26		
  9.77   	-37.23   	 23.95   	  15.26		
  8.85   	-35.40   	 24.01   	  15.26		
  7.63   	-33.57   	 24.07   	  15.26		
  7.32   	-31.74   	 24.13   	  10.17		
  7.63   	-29.91   	 24.17   	  15.26		
  8.24   	-28.69   	 24.23   	  15.26		
  8.54   	-28.38   	 24.29   	  15.26		
  8.54   	-28.38   	 24.35   	  20.35		
  8.54   	-27.47   	 24.44   	  15.26		
  9.16   	-25.63   	 24.50   	  15.26		
 10.38   	-23.19   	 24.56   	  20.35		
 11.29   	-21.36   	 24.64   	  10.17		
 10.68   	-21.36   	 24.68   	  15.26		
  9.16   	-23.19   	 24.74   	  10.17		
  7.02   	-25.33   	 24.78   	  15.26		
  5.19   	-26.86   	 24.84   	   5.09		
  4.58   	-26.55   	 24.86   	  10.17		
  5.19   	-25.33   	 24.90   	  10.17		
  5.80   	-24.41   	 24.94   	  10.17		
  6.41   	-24.41   	 24.98   	  10.17		
  5.80   	-25.33   	 25.03   	  10.17		
  4.88   	-25.94   	 25.07   	  10.17		
  4.27   	-24.72   	 25.11   	  15.26		
  3.97   	-21.06   	 25.17   	  10.17		
  4.88   	-15.87   	 25.21   	   5.09		
  6.41   	 -9.46   	 25.23   	  10.17		
  8.54   	 -3.66   	 25.27   	  10.17		
 10.99   	  1.53   	 25.31   	   5.09		
 14.34   	  7.63   	 25.33   	   5.09		
 19.23   	 15.56   	 25.35   	   5.09		
 24.11   	 25.33   	 25.37   	   5.09		
 25.94   	 35.71   	 25.39   	   5.09		
 23.80   	 43.03   	 25.41   	  10.17		
 18.01   	 45.17   	 25.45   	   5.09		
 11.29   	 42.11   	 25.47   	   5.09		
  8.54   	 36.62   	 25.49   	   5.09		
 11.29   	 32.96   	 25.51   	   5.09		
 19.53   	 34.79   	 25.53   	  10.17		
 28.69   	 41.20   	 25.57   	   5.09		
 34.79   	 49.44   	 25.60   	  10.17		
 36.01   	 56.76   	 25.64   	  10.17		
 32.04   	 61.65   	 25.68   	  10.17		
 26.25   	 63.48   	 25.72   	  10.17		
 21.36   	 61.34   	 25.76   	  10.17		
 18.92   	 53.41   	 25.80   	  10.17		
 18.01   	 38.76   	 25.84   	  10.17		
 18.62   	 19.84   	 25.88   	  15.26		
 19.53   	  1.83   	 25.94   	  15.26		
 21.06   	-10.07   	 26.00   	  15.26		
 21.36   	-14.95   	 26.06   	  15.26		
 18.31   	-16.48   	 26.12   	  20.35		
 11.29   	-18.92   	 26.21   	  15.26		
  1.83   	-23.19   	 26.27   	  20.35		
 -6.41   	-26.55   	 26.35   	  20.35		
 -9.77   	-25.94   	 26.43   	  25.43		
 -8.54   	-21.06   	 26.53   	  20.35		
 -5.49   	-14.04   	 26.61   	  20.35		
 -3.97   	 -8.54   	 26.69   	  25.43		
 -4.27   	 -4.88   	 26.80   	  20.35		
 -5.49   	 -3.05   	 26.88   	  25.43		
 -5.80   	 -1.22   	 26.98   	  25.43		
 -4.88   	  1.22   	 27.08   	  25.43		
 -3.66   	  3.05   	 27.18   	  25.43		
 -3.36   	  4.27   	 27.28   	  30.52		
 -4.27   	  4.88   	 27.41   	  30.52		
 -5.80   	  4.88   	 27.53   	  30.52		
 -6.41   	  5.19   	 27.65   	  35.61		
 -3.36   	  3.05   	 27.79   	  40.69		
  7.02   	 -4.88   	 27.96   	  45.78		
 28.38   	-21.97   	 28.14   	  45.78		
 67.14   	-47.00   	 28.32   	  50.86		
130.31   	-73.55   	 28.52   	  55.95		
221.56   	-92.77   	 28.75   	  61.04		
335.39   	-97.96   	 28.99   	  66.12		
457.46   	-86.06   	 29.26   	  66.12		
567.93   	-55.85   	 29.52   	  76.30		
643.01   	 -1.53   	 29.83   	  76.30		
653.99   	 87.89   	 30.13   	  76.30		
572.81   	222.47   	 30.44   	  81.38		
387.27   	408.33   	 30.76   	  86.47		
111.39   	639.34   	 31.11   	  86.47		
-206.60   	896.61   	 31.45   	  81.38		
-498.05   	1146.24   	 31.78   	 178.03		
-782.47   	1435.85(R)	 32.49(E)	  91.56		
-733.64   	1383.67   	 32.86   	  91.56		
-579.22   	1182.56   	 33.22   	 101.73		
-369.26   	874.02   	 33.63   	 101.73		
-166.93   	534.36   	 34.04   	 116.99		
-27.47   	243.84   	 34.51   	 122.07		
 25.94   	 50.35   	 34.99   	 147.51		
 11.60   	-45.47   	 35.58   	 162.77		
-27.16   	-75.99   	 36.24   	 193.29		
-52.80   	-80.57   	 37.01   	 228.89		
-52.49   	-83.31   	 37.92   	 269.58		
-36.93   	-89.72   	 39.00   	 315.36		
-21.97   	-95.83   	 40.26   	 366.22		
-16.48   	-98.57   	 41.73   	 417.09		
-18.31   	-98.27   	 43.40   	 473.04		
-22.28   	-96.74   	 45.29   	 523.90		
-24.11   	-95.21   	 47.39   	 569.68		
-22.89   	-93.69   	 49.66   	 610.37		
-20.14   	-92.47   	 52.11   	 645.98		
-17.40   	-91.55   	 54.69   	 676.50		
-15.26   	-90.64   	 57.40   	 696.84		
-14.04   	-89.72   	 60.18   	 712.10		
-12.51   	-88.20   	 63.03   	 717.19		
-10.99   	-86.06   	 65.90   	 727.36		
 -9.46   	-83.31   	 68.81   	 722.28		
 -8.85   	-80.57   	 71.70   	 722.28		
 -9.46   	-78.43   	 74.59   	 712.10		
-10.99   	-77.51   	 77.44   	 712.10		
-12.82   	-78.74   	 80.28   	 701.93		
-14.34   	-81.48   	 83.09   	 696.84		
-14.04   	-85.14   	 85.88   	 691.76		
-12.21   	-88.50   	 88.65   	 691.76		
 -9.77   	-90.64   	 91.41   	 686.67		
 -7.63   	-91.55   	 94.16   	 681.58		
 -7.02   	-91.86   	 96.89   	 671.41		
 -7.32   	-92.16   	 99.57   	 671.41		
 -7.63   	-92.77   	102.26   	 661.24		
 -7.32   	-93.38   	104.90   	 645.98		
 -6.10   	-94.30   	107.49   	 640.89		
 -5.19   	-95.21   	110.05   	 625.63		
 -5.49   	-96.74   	112.55   	 620.55		
 -6.41   	-97.66   	115.04   	 600.20		
 -7.63   	-97.05   	117.44   	 595.11		
 -7.63   	-95.21   	119.82   	 579.86		
 -6.71   	-92.16   	122.14   	 569.68		
 -5.19   	-89.42   	124.41   	 559.51		
 -4.58   	-87.59   	126.65   	 539.16		
 -5.19   	-86.67   	128.81   	 523.90		
 -6.41   	-86.36   	130.90   	 508.65		
 -7.32   	-85.75   	132.94   	 488.30		
 -7.63   	-85.14   	134.89   	 478.13		
 -7.32   	-84.23   	136.81   	 457.78		
 -7.32   	-82.40   	138.64   	 447.61		
 -8.24   	-79.96   	140.43   	 432.35		
-10.07   	-76.29   	142.16   	 417.09		
-11.90   	-71.72   	143.82   	 401.83		
-12.82   	-67.14   	145.43   	 386.57		
-12.51   	-62.56   	146.98   	 361.14		
-11.60   	-57.98   	148.42   	 345.88		
-10.68   	-52.80   	149.81   	 325.53		
-10.99   	-47.30   	151.11   	 305.19		
-12.82   	-42.42   	152.33   	 284.84		
-14.95   	-38.45   	153.47   	 264.50		
-17.70   	-35.71   	154.53   	 244.15		
-19.84   	-33.87   	155.50   	 228.89		
-21.67   	-31.43   	156.42   	 208.54		
-23.50   	-28.08   	157.25   	 193.29		
-25.02   	-23.80   	158.03   	 172.94		
-26.55   	-19.23   	158.72   	 147.51		
-27.47   	-15.87   	159.31   	 127.16		
-27.77   	-12.82   	159.82   	  96.64		
-27.77   	-10.07   	160.20   	  76.30		
-27.16   	 -6.41   	160.51   	  45.78		
-24.72   	 -1.53   	160.69   	  15.26		
-21.36   	  3.05   	160.75(S)	 -10.17		
-18.01   	  6.41   	160.71   	 -35.61		
-15.26   	  7.93   	160.57   	 -71.21		
-14.04   	  8.24   	160.28   	-101.73		
-12.82   	  8.54   	159.88   	-132.25		
-11.29   	  9.77   	159.35   	-167.85		
 -8.24   	 11.29   	158.68   	-203.46		
 -4.88   	 12.82   	157.86   	-233.98		
 -2.14   	 12.82   	156.93   	-274.67		
 -0.61   	 11.60   	155.83   	-310.27		
  0.61   	  9.77   	154.59   	-345.88		
  1.53   	  8.24   	153.20   	-381.48		
  2.14   	  7.32   	151.68   	-422.18		
  3.05   	  7.02   	149.99   	-452.69		
  3.36   	  7.02   	148.18   	-493.39		
  3.66   	  6.71   	146.20   	-523.90		
  3.36   	  5.49   	144.11   	-559.51		
  2.75   	  3.05   	141.87   	-595.11		
  0.92   	  0.00   	139.49   	-625.63		
 -1.22   	 -3.66   	136.99   	-656.15		
 -3.05   	 -6.41   	134.36   	-681.58		
 -3.97   	 -8.24   	131.64   	-712.10		
 -3.05   	 -8.85   	128.79   	-737.54		
 -0.92   	 -9.46   	125.84   	-773.14		
  1.22   	-10.99   	122.75   	-803.66		
  2.44   	-13.73   	119.53   	-834.18		
  1.83   	-17.40   	116.19   	-869.78		
  0.61   	-21.36   	112.72   	-900.30		
 -0.61   	-24.11   	109.11   	-920.65		
 -1.22   	-25.63   	105.43   	-930.82		
 -1.53   	-26.25   	101.71   	-940.99		
 -1.53   	-26.86   	 97.94   	-935.91		
 -1.22   	-28.08   	 94.20   	-920.65		
 -0.61   	-29.60   	 90.52   	-910.47		
  0.00   	-30.52   	 86.88   	-885.04		
  0.31   	-30.52   	 83.34   	-864.70		
  0.31   	-29.91   	 79.88   	-839.26		
  0.61   	-30.21   	 76.52   	-818.92		
  0.61   	-31.74   	 73.24   	-798.57		
  0.61   	-35.10   	 70.05   	-773.14		
  0.00   	-38.45   	 66.96   	-752.79		
 -0.31   	-41.20   	 63.95   	-722.28		
 -0.61   	-42.11   	 61.06   	-696.84		
 -0.31   	-41.50   	 58.27   	-666.32		
  0.31   	-39.98   	 55.61   	-630.72		
  0.92   	-38.15   	 53.08   	-590.03		
  0.92   	-37.23   	 50.72   	-549.34		
 -0.31   	-37.54   	 48.52   	-513.73		
 -1.22   	-37.84   	 46.47   	-473.04		
 -1.22   	-37.23   	 44.58   	-432.35		
  0.31   	-34.48   	 42.85   	-401.83		
  2.14   	-30.21   	 41.24   	-361.14		
  2.44   	-26.55   	 39.80   	-330.62		
  0.31   	-25.33   	 38.47   	-300.10		
 -2.75   	-27.16   	 37.27   	-269.58		
 -3.97   	-29.91   	 36.20   	-239.06		
 -3.05   	-31.43   	 35.24   	-213.63		
 -0.61   	-31.13   	 34.38   	-193.29		
  0.31   	-29.30   	 33.61   	-162.77		
 -1.22   	-27.77   	 32.96   	-142.42		
 -3.97   	-27.77   	 32.39   	-116.99		
 -6.71   	-28.38   	 31.92   	-101.73		
 -7.02   	-28.69   	 31.52   	 -81.38		
 -5.80   	-27.77   	 31.19   	 -66.12		
 -3.05   	-26.25   	 30.93   	 -50.86		
 -0.31   	-24.72   	 30.72   	 -40.69		
  1.22   	-24.72   	 30.56   	 -30.52		
  1.22   	-26.55   	 30.44   	 -25.43		
 -0.31   	-28.69   	 30.34   	 -20.35		
 -2.44   	-30.52   	 30.25   	 -10.17		
 -3.97   	-30.82   	 30.21   	 -10.17		
 -4.27   	-29.91   	 30.17   	  -5.09		
 -3.66   	-28.38   	 30.15   	   0.00		
 -2.75   	-27.47   	 30.15   	   0.00		
 -2.44   	-27.16   	 30.15   	   0.00		
 -3.36   	-27.47   	 30.15   	   0.00		
 -4.58   	-27.77   	 30.15   	   5.09		
 -5.19   	-27.77   	 30.17   	   0.00		
 -4.27   	-26.55   	 30.17   	   5.09		
 -2.44   	-25.02   	 30.19   	   0.00		
 -0.92   	-23.80   	 30.19   	   5.09		
 -0.92   	-23.80   	 30.21   	   0.00		
 -2.14   	-24.11   	 30.21   	   0.00		
 -3.66   	-24.11   	 30.21   	   0.00		
 -4.88   	-23.19   	 30.21   	  -5.09		
 -4.88   	-21.67   	 30.19   	   0.00		
 -4.88   	-21.36   	 30.19   	   0.00		
 -5.49   	-23.19   	 30.19   	  -5.09		
 -7.02   	-26.55   	 30.17   	  -5.09		
 -8.24   	-30.52   	 30.15   	  -5.09		
 -7.93   	-32.65   	 30.13   	   0.00		
 -6.41   	-32.35   	 30.13   	  -5.09		
 -3.97   	-28.69   	 30.11   	  -5.09		
 -1.53   	-23.50   	 30.09   	  -5.09		
 -0.31   	-17.40   	 30.07   	  -5.09		
 -0.31   	-12.21   	 30.05   	  -5.09		
 -1.83   	 -7.02   	 30.03   	  -5.09		
 -4.58   	 -1.83   	 30.01   	  -5.09		
 -7.02   	  4.27   	 29.99   	  -5.09		
 -6.71   	 11.29   	 29.97   	  -5.09		
 -3.36   	 18.92   	 29.95   	  -5.09		
  3.05   	 26.25   	 29.93   	  -5.09		
  9.46   	 32.96   	 29.91   	  -5.09		
 13.12   	 38.76   	 29.89   	 -10.17		
 12.21   	 42.11   	 29.85   	  -5.09		
  7.02   	 42.42   	 29.83   	 -10.17		
  1.22   	 39.06   	 29.79   	 -10.17		
 -1.53   	 34.18   	 29.75   	 -10.17		
  0.92   	 30.82   	 29.70   	 -15.26		
  7.63   	 31.43   	 29.64   	 -20.35		
 14.95   	 36.93   	 29.56   	 -20.35		
 19.53   	 45.78   	 29.48   	 -20.35		
 19.84   	 55.54   	 29.40   	 -25.43		
 16.78   	 63.78   	 29.30   	 -30.52		
 13.12   	 68.66   	 29.18   	 -30.52		
 10.38   	 68.36   	 29.05   	 -30.52		
  8.54   	 60.73   	 28.93   	 -35.61		
  7.02   	 46.39   	 28.79   	 -35.61		
  6.71   	 27.77   	 28.65   	 -30.52		
  8.54   	 10.99   	 28.52   	 -35.61		
 12.21   	 -0.31   	 28.38   	 -30.52		
 14.04   	 -5.49   	 28.26   	 -35.61		
 10.99   	 -7.93   	 28.12   	 -25.43		
  1.83   	-11.90   	 28.02   	 -25.43		
-10.38   	-18.31   	 27.91   	 -25.43		
-20.14   	-23.80   	 27.81   	 -25.43		
-23.80   	-23.80   	 27.71   	 -20.35		
-21.67   	-17.70   	 27.63   	 -15.26		
-18.31   	 -9.46   	 27.57   	 -15.26		
-17.09   	 -2.75   	 27.51   	 -15.26		
-18.62   	 -0.31   	 27.45   	 -15.26		
-20.14   	 -1.22   	 27.39   	 -15.26		
-19.23   	 -2.44   	 27.32   	 -10.17		
-16.48   	 -2.44   	 27.28   	 -10.17		
-13.73   	 -1.53   	 27.24   	 -10.17		
-13.12   	 -0.31   	 27.20   	  -5.09		
-14.95   	 -0.61   	 27.18   	  -5.09		
-18.31   	 -2.14   	 27.16   	  -5.09		
-19.84   	 -4.88   	 27.14(D)	   0.00		
-17.70   	-10.38   	 27.14   	   5.09		
 -8.85   	-20.75   	 27.16   	   5.09		
 11.60   	-38.15   	 27.18   	  10.17		
 51.57   	-61.34   	 27.22   	  10.17		
118.71   	-85.14   	 27.26   	  20.35		
215.15   	-102.54   	 27.34   	  20.35		
332.95   	-106.51   	 27.43   	  30.52		
455.02   	-94.91   	 27.55   	  30.52		
562.44   	-65.00   	 27.67   	  30.52		
635.07   	 -7.63   	 27.79   	  40.69		
646.06   	 88.20   	 27.96   	  35.61		
565.80   	232.85   	 28.10   	  45.78		
377.50   	428.47   	 28.28   	  40.69		
 92.77   	666.81   	 28.44   	  45.78		
-237.12   	926.51   	 28.63   	  40.69		
-537.11   	1175.23   	 28.79   	  91.56		
-819.70   	1462.10(R)	 29.16(E)	  45.78		
-765.99   	1409.61   	 29.34   	  45.78		
-608.83   	1209.41   	 29.52   	  50.86		
-396.42   	900.57   	 29.73   	  61.04		
-190.12   	557.56   	 29.97   	  71.21		
-45.47   	259.09   	 30.25   	  81.38		
 12.21   	 55.24   	 30.58   	 101.73		
 -0.61   	-48.22   	 30.99   	 122.07		
-39.37   	-79.96   	 31.47   	 152.59		
-63.17   	-79.04   	 32.09   	 193.29		
-58.90   	-75.38   	 32.86   	 228.89		
-39.37   	-79.96   	 33.77   	 279.75		
-23.50   	-91.25   	 34.89   	 325.53		
-19.53   	-100.71   	 36.20   	 386.57		
-23.50   	-103.76   	 37.74   	 437.43		
-28.08   	-101.01   	 39.49   	 498.47		
-28.38   	-96.13   	 41.49   	 544.25		
-25.63   	-93.99   	 43.66   	 600.20		
-21.67   	-95.52   	 46.06   	 640.89		
-18.92   	-99.79   	 48.63   	 676.50		
-18.31   	-103.76   	 51.33   	 707.02		
-18.62   	-105.59   	 54.16   	 727.36		
-19.23   	-105.29   	 57.07   	 742.62		
-18.92   	-103.76   	 60.04   	 752.79		
-17.40   	-103.45   	 63.05   	 752.79		
-15.26   	-105.59   	 66.06   	 752.79		
-13.12   	-109.56   	 69.07   	 747.71		
-12.21   	-114.14   	 72.06   	 742.62		
-12.51   	-117.80   	 75.04   	 737.54		
-12.82   	-119.32   	 77.99   	 727.36		
-12.21   	-119.63   	 80.89   	 722.28		
-10.68   	-119.63   	 83.78   	 717.19		
 -8.24   	-119.02   	 86.65   	 707.02		
 -5.80   	-117.49   	 89.48   	 701.93		
 -4.88   	-115.05   	 92.29   	 696.84		
 -5.19   	-113.22   	 95.08   	 681.58		
 -6.41   	-112.92   	 97.80   	 681.58		
 -7.93   	-114.44   	100.53   	 666.32		
 -8.85   	-115.66   	103.19   	 656.15		
 -9.46   	-116.27   	105.82   	 645.98		
 -9.16   	-116.58   	108.40   	 640.89		
 -8.54   	-117.80   	110.97   	 620.55		
 -7.93   	-120.85   	113.45   	 610.37		
 -7.32   	-124.21   	115.89   	 595.11		
 -7.02   	-125.12   	118.27   	 579.86		
 -6.71   	-123.60   	120.59   	 554.42		
 -6.10   	-121.77   	122.81   	 534.08		
 -4.88   	-122.07   	124.94   	 513.73		
 -3.97   	-126.04   	127.00   	 493.39		
 -3.66   	-130.92   	128.97   	 467.95		
 -3.97   	-133.06   	130.84   	 452.69		
 -4.88   	-130.00   	132.65   	 432.35		
 -6.41   	-124.21   	134.38   	 412.00		
 -8.24   	-119.93   	136.03   	 391.66		
 -9.77   	-119.93   	137.60   	 376.40		
-10.38   	-123.90   	139.10   	 361.14		
-10.38   	-126.95   	140.55   	 345.88		
 -9.46   	-125.43   	141.93   	 335.71		
 -8.24   	-119.32   	143.28   	 325.53		
 -7.93   	-111.39   	144.58   	 315.36		
 -8.85   	-105.59   	145.84   	 300.10		
-11.60   	-102.54   	147.04   	 289.93		
-15.26   	-101.01   	148.20   	 269.58		
-18.92   	-98.88   	149.28   	 249.24		
-21.97   	-95.52   	150.27   	 228.89		
-23.50   	-91.25   	151.19   	 203.46		
-23.50   	-86.06   	152.00   	 178.03		
-22.28   	-80.26   	152.72   	 152.59		
-20.14   	-74.46   	153.33   	 127.16		
-18.62   	-70.80   	153.83   	 101.73		
-18.92   	-69.89   	154.24   	  76.30		
-20.14   	-70.80   	154.55   	  50.86		
-21.36   	-69.27   	154.75   	  30.52		
-20.14   	-63.17   	154.87(S)	   0.00		
-16.48   	-53.41   	154.87   	 -30.52		
-11.60   	-44.86   	154.75   	 -61.04		
 -7.63   	-41.50   	154.51   	 -91.56		
 -5.80   	-43.33   	154.14   	-122.07		
 -5.19   	-46.08   	153.65   	-157.68		
 -3.66   	-45.17   	153.02   	-193.29		
 -0.61   	-38.45   	152.25   	-223.80		
  3.36   	-28.69   	151.35   	-264.50		
  7.32   	-19.23   	150.29   	-295.01		
  9.46   	-14.04   	149.11   	-335.71		
 10.38   	-14.04   	147.77   	-371.31		
  8.85   	-17.70   	146.29   	-406.92		
  5.80   	-22.58   	144.66   	-442.52		
  2.14   	-25.33   	142.89   	-478.13		
 -0.31   	-23.50   	140.98   	-513.73		
  0.00   	-18.01   	138.92   	-549.34		
  2.44   	-12.21   	136.72   	-579.86		
  4.88   	 -9.77   	134.40   	-615.46		
  6.10   	-12.21   	131.94   	-645.98		
  5.49   	-17.70   	129.36   	-676.50		
  4.88   	-21.67   	126.65   	-712.10		
  3.97   	-22.28   	123.80   	-737.54		
  2.14   	-21.36   	120.85   	-773.14		
 -0.92   	-22.28   	117.76   	-808.75		
 -4.27   	-25.63   	114.53   	-839.26		
 -5.80   	-28.69   	111.17   	-869.78		
 -4.58   	-28.38   	107.69   	-905.39		
 -0.61   	-24.41   	104.07   	-930.82		
  3.36   	-20.45   	100.35   	-946.08		
  4.88   	-20.45   	 96.56   	-966.43		
  3.97   	-23.80   	 92.70   	-966.43		
  1.53   	-27.47   	 88.83   	-971.51		
  0.00   	-28.08   	 84.94   	-966.43		
  0.92   	-25.63   	 81.08   	-956.25		
  3.97   	-22.28   	 77.25   	-940.99		
  6.41   	-20.45   	 73.49   	-925.73		
  5.80   	-20.14   	 69.79   	-900.30		
  2.44   	-20.14   	 66.18   	-885.04		
 -1.22   	-20.75   	 62.64   	-854.52		
 -3.05   	-21.06   	 59.23   	-834.18		
 -2.14   	-21.36   	 55.89   	-803.66		
  0.92   	-20.75   	 52.68   	-768.05		
  3.05   	-18.92   	 49.60   	-742.62		
  3.66   	-17.40   	 46.63   	-707.02		
  2.75   	-18.62   	 43.80   	-666.32		
  1.83   	-23.50   	 41.14   	-630.72		
  1.53   	-30.52   	 38.62   	-590.03		
  2.44   	-34.79   	 36.26   	-544.25		
  3.97   	-33.57   	 34.08   	-508.65		
  5.19   	-28.08   	 32.04   	-473.04		
  3.97   	-22.58   	 30.15   	-427.26		
  1.22   	-21.06   	 28.44   	-386.57		
 -2.14   	-24.41   	 26.90   	-356.05		
 -4.27   	-30.52   	 25.47   	-315.36		
 -4.88   	-35.71   	 24.21   	-279.75		
 -3.97   	-36.93   	 23.09   	-244.15		
 -2.14   	-33.87   	 22.12   	-213.63		
  0.00   	-28.38   	 21.26   	-178.03		
  2.44   	-21.97   	 20.55   	-152.59		
  4.27   	-18.01   	 19.94   	-122.07		
  5.19   	-16.48   	 19.45   	-101.73		
  4.88   	-16.78   	 19.04   	 -71.21		
  3.66   	-17.40   	 18.76   	 -55.95		
  1.53   	-17.40   	 18.54   	 -35.61		
 -0.61   	-17.70   	 18.39   	 -20.35		
 -3.05   	-20.45   	 18.31   	 -10.17		
 -4.27   	-26.25   	 18.27   	   5.09		
 -3.36   	-32.04   	 18.29   	  10.17		
 -0.92   	-34.48   	 18.33   	  15.26		
  1.53   	-32.04   	 18.39   	  20.35		
  2.75   	-26.55   	 18.47   	  20.35		
  3.05   	-21.67   	 18.56   	  25.43		
  3.05   	-20.45   	 18.66   	  25.43		
  3.36   	-22.28   	 18.76   	  25.43		
  3.05   	-26.25   	 18.86   	  30.52		
  2.44   	-30.21   	 18.98   	  30.52		
  1.83   	-32.04   	 19.10   	  30.52		
  1.53   	-31.43   	 19.23   	  30.52		
  2.14   	-27.77   	 19.35   	  30.52		
  3.36   	-22.58   	 19.47   	  25.43		
  4.27   	-17.40   	 19.57   	  20.35		
  4.88   	-14.34   	 19.65   	  20.35		
  5.19   	-14.04   	 19.74   	  10.17		
  5.80   	-16.17   	 19.78   	  10.17		
  5.49   	-19.53   	 19.82   	   0.00		
  4.58   	-21.97   	 19.82   	  -5.09		
  3.36   	-22.28   	 19.80   	  -5.09		
  1.83   	-21.06   	 19.78   	 -10.17		
  0.92   	-20.14   	 19.74   	 -10.17		
  1.53   	-19.84   	 19.69   	 -10.17		
  3.05   	-21.06   	 19.65   	 -15.26		
  4.88   	-23.19   	 19.59   	 -15.26		
  6.41   	-25.63   	 19.53   	 -10.17		
  6.41   	-28.99   	 19.49   	 -15.26		
  4.27   	-31.13   	 19.43   	 -15.26		
  2.14   	-29.30   	 19.37   	 -15.26		
  1.83   	-22.89   	 19.31   	 -15.26		
  4.27   	-13.73   	 19.25   	 -15.26		
  8.54   	 -7.32   	 19.19   	 -20.35		
 11.60   	 -6.10   	 19.10   	 -15.26		
 12.82   	 -8.85   	 19.04   	 -20.35		
 12.82   	-10.07   	 18.96   	 -15.26		
 13.12   	 -5.19   	 18.90   	 -15.26		
 15.56   	  6.10   	 18.84   	 -15.26		
 17.70   	 19.53   	 18.78   	 -15.26		
 16.17   	 29.30   	 18.72   	 -10.17		
  9.77   	 31.13   	 18.68   	 -10.17		
  2.44   	 26.55   	 18.64   	  -5.09		
 -0.31   	 20.45   	 18.62   	 -10.17		
  5.19   	 18.62   	 18.58   	  -5.09		
 16.48   	 23.19   	 18.56   	  -5.09		
 26.25   	 32.04   	 18.54   	  -5.09		
 29.60   	 40.28   	 18.51   	   0.00		
 26.25   	 46.08   	 18.51   	  -5.09		
 19.84   	 50.05   	 18.49   	   0.00		
 14.34   	 51.88   	 18.49   	   0.00		
 11.29   	 49.74   	 18.49   	  -5.09		
  9.46   	 41.50   	 18.47   	   0.00		
  8.54   	 27.47   	 18.47   	   5.09		
  8.54   	 11.60   	 18.49   	   0.00		
 11.60   	 -0.92   	 18.49   	   0.00		
 16.17   	 -8.54   	 18.49   	   0.00		
 18.31   	-14.34   	 18.49   	   0.00		
 14.04   	-22.58   	 18.49   	  -5.09		
  2.44   	-35.40   	 18.47   	   0.00		
-12.21   	-49.74   	 18.47   	   0.00		
-22.89   	-59.51   	 18.47   	   0.00		
-23.80   	-60.73   	 18.47   	   0.00		
-17.09   	-54.93   	 18.47   	  -5.09		
 -9.16   	-47.00   	 18.45   	  -5.09		
 -6.10   	-41.81   	 18.43   	  -5.09		
 -9.77   	-41.50   	 18.41   	  -5.09		
-15.87   	-44.86   	 18.39   	 -10.17		
-19.53   	-48.22   	 18.35   	  -5.09		
-18.62   	-50.35   	 18.33   	 -10.17		
-15.26   	-51.27   	 18.29   	 -15.26		
-12.21   	-51.57   	 18.23   	 -10.17		
-11.60   	-51.27   	 18.19   	 -10.17		
-13.12   	-51.57   	 18.15   	 -10.17		
-14.34   	-54.02   	 18.11   	  -5.09		
-11.60   	-60.73   	 18.09   	  -5.09		
 -0.61   	-74.16   	 18.07   	  -5.09		
 24.41   	-94.91   	 18.05(D)	   5.09		
 70.80   	-120.54   	 18.07   	   5.09		
143.43   	-145.87   	 18.09   	  15.26		
241.39   	-164.18   	 18.15   	  20.35		
354.61   	-167.85   	 18.23   	  30.52		
466.92   	-151.98   	 18.35   	  35.61		
560.30   	-111.08   	 18.49   	  40.69		
614.01   	-37.23   	 18.66   	  45.78		
599.67   	 78.43   	 18.84   	  55.95		
487.98   	242.31   	 19.06   	  55.95		
268.55   	454.41   	 19.29   	  61.04		
-35.71   	704.35   	 19.53   	  71.21		
-364.07   	971.07   	 19.82   	 142.42		
-806.27   	1403.81   	 20.39   	  76.30		
-842.29   	1471.86(R)	 20.69   	  76.30		
-757.45   	1385.80   	 21.00   	  81.38		
-584.41   	1147.16   	 21.32   	  91.56		
-369.87   	805.97   	 21.69   	  96.64		
-169.68   	444.95   	 22.08   	 106.82		
-32.65   	147.71   	 22.50   	 116.99		
 21.67   	-39.67   	 22.97   	 137.33		
 11.29   	-121.46   	 23.52   	 157.68		
-22.89   	-135.19   	 24.15   	 178.03		
-44.25   	-124.82   	 24.86   	 213.63		
-41.20   	-116.88   	 25.72   	 244.15		
-24.11   	-119.02   	 26.69   	 284.84		
 -9.46   	-125.73   	 27.83   	 325.53		
 -4.58   	-130.62   	 29.14   	 371.31		
 -7.32   	-132.45   	 30.62   	 422.18		
-11.60   	-132.75   	 32.31   	 473.04		
-13.43   	-133.36   	 34.20   	 518.82		
-12.51   	-133.97   	 36.28   	 569.68		
-10.38   	-134.28   	 38.56   	 615.46		
 -8.54   	-133.06   	 41.02   	 656.15		
 -7.02   	-130.62   	 43.64   	 696.84		
 -5.19   	-127.87   	 46.43   	 727.36		
 -3.05   	-126.65   	 49.34   	 757.88		
 -1.22   	-126.95   	 52.37   	 778.23		
  0.00   	-127.26   	 55.48   	 793.49		
  0.00   	-126.04   	 58.66   	 793.49		
 -0.61   	-123.60   	 61.83   	 793.49		
 -1.83   	-121.77   	 65.00   	 788.40		
 -3.66   	-122.99   	 68.16   	 773.14		
 -4.88   	-126.65   	 71.25   	 757.88		
 -4.88   	-130.92   	 74.28   	 742.62		
 -3.05   	-132.45   	 77.25   	 737.54		
 -0.92   	-130.62   	 80.20   	 727.36		
  0.00   	-127.56   	 83.11   	 717.19		
 -0.31   	-126.34   	 85.98   	 712.10		
 -2.44   	-128.17   	 88.83   	 701.93		
 -4.27   	-131.53   	 91.64   	 686.67		
 -4.88   	-133.06   	 94.38   	 666.32		
 -3.97   	-132.14   	 97.05   	 640.89		
 -2.75   	-129.39   	 99.61   	 620.55		
 -1.53   	-126.65   	102.10   	 600.20		
 -0.92   	-125.73   	104.50   	 579.86		
 -0.92   	-126.95   	106.82   	 564.60		
 -1.22   	-128.78   	109.07   	 559.51		
 -1.83   	-130.00   	111.31   	 549.34		
 -1.53   	-129.70   	113.51   	 544.25		
 -0.61   	-128.17   	115.69   	 539.16		
  0.61   	-126.34   	117.84   	 528.99		
  2.14   	-124.21   	119.96   	 513.73		
  2.44   	-122.07   	122.01   	 498.47		
  2.44   	-119.32   	124.01   	 467.95		
  1.83   	-115.97   	125.88   	 452.69		
  1.53   	-112.61   	127.69   	 427.26		
  1.53   	-109.56   	129.40   	 406.92		
  1.22   	-106.51   	131.03   	 391.66		
  0.00   	-104.06   	132.59   	 371.31		
 -1.53   	-102.23   	134.08   	 356.05		
 -3.05   	-100.40   	135.50   	 345.88		
 -3.36   	-98.57   	136.89   	 330.62		
 -3.36   	-95.83   	138.21   	 320.45		
 -3.66   	-92.47   	139.49   	 305.19		
 -4.27   	-88.50   	140.71   	 295.01		
 -4.88   	-84.84   	141.89   	 279.75		
 -4.58   	-81.48   	143.01   	 259.41		
 -3.97   	-79.04   	144.05   	 239.06		
 -3.66   	-77.51   	145.00   	 223.80		
 -4.88   	-76.60   	145.90   	 203.46		
 -7.93   	-75.38   	146.71   	 178.03		
-10.99   	-72.94   	147.43   	 152.59		
-12.51   	-68.36   	148.04   	 137.33		
-12.21   	-61.95   	148.59   	 106.82		
-10.38   	-54.93   	149.01   	  86.47		
 -8.24   	-48.52   	149.36   	  55.95		
 -6.41   	-43.33   	149.58   	  25.43		
 -4.88   	-38.76   	149.68(S)	   0.00		
 -3.05   	-34.48   	149.68   	 -35.61		
 -0.31   	-29.60   	149.54   	 -71.21		
  4.27   	-24.41   	149.26   	-101.73		
  8.85   	-19.53   	148.85   	-137.33		
 12.82   	-15.87   	148.30   	-172.94		
 14.34   	-13.12   	147.61   	-213.63		
 13.73   	-10.68   	146.75   	-244.15		
 12.82   	 -7.63   	145.78   	-284.84		
 12.51   	 -3.66   	144.64   	-320.45		
 13.43   	  0.00   	143.36   	-356.05		
 14.04   	  1.22   	141.93   	-396.74		
 13.73   	  0.00   	140.35   	-432.35		
 12.82   	 -2.44   	138.62   	-473.04		
 12.51   	 -3.36   	136.72   	-513.73		
 13.73   	 -2.14   	134.67   	-544.25		
 15.26   	  0.61   	132.49   	-579.86		
 15.87   	  2.75   	130.17   	-610.37		
 15.26   	  2.14   	127.73   	-635.81		
 14.34   	  0.00   	125.19   	-661.24		
 14.04   	 -2.44   	122.54   	-691.76		
 14.04   	 -3.05   	119.78   	-712.10		
 13.43   	 -2.44   	116.93   	-747.71		
 11.90   	 -1.53   	113.94   	-773.14		
  9.77   	 -1.83   	110.84   	-808.75		
  8.54   	 -3.36   	107.61   	-844.35		
  9.16   	 -4.58   	104.23   	-869.78		
 10.99   	 -4.88   	100.75   	-890.13		
 13.43   	 -3.97   	 97.19   	-910.47		
 14.95   	 -3.05   	 93.55   	-915.56		
 14.65   	 -2.44   	 89.89   	-915.56		
 13.43   	 -2.44   	 86.23   	-905.39		
 12.21   	 -2.75   	 82.60   	-890.13		
 12.21   	 -3.36   	 79.04   	-874.87		
 13.12   	 -3.97   	 75.54   	-849.44		
 13.73   	 -5.19   	 72.15   	-829.09		
 13.73   	 -6.41   	 68.83   	-803.66		
 12.82   	 -7.93   	 65.62   	-778.23		
 11.60   	 -9.46   	 62.50   	-757.88		
 10.99   	-11.60   	 59.47   	-727.36		
 11.60   	-13.73   	 56.56   	-707.02		
 12.82   	-15.26   	 53.73   	-676.50		
 13.73   	-16.48   	 51.03   	-645.98		
 13.73   	-17.40   	 48.44   	-605.29		
 12.51   	-18.62   	 46.02   	-574.77		
 10.68   	-20.75   	 43.72   	-534.08		
  9.77   	-22.89   	 41.59   	-498.47		
  9.77   	-24.41   	 39.59   	-462.87		
 10.68   	-24.72   	 37.74   	-422.18		
 11.60   	-23.50   	 36.05   	-386.57		
 11.90   	-21.67   	 34.51   	-350.97		
 11.29   	-19.84   	 33.10   	-315.36		
 10.07   	-18.62   	 31.84   	-289.93		
  8.85   	-18.31   	 30.68   	-259.41		
  7.93   	-19.23   	 29.64   	-223.80		
  7.63   	-20.14   	 28.75   	-203.46		
  7.93   	-20.14   	 27.93   	-172.94		
  8.54   	-18.62   	 27.24   	-147.51		
  9.16   	-15.87   	 26.65   	-127.16		
  9.46   	-12.21   	 26.14   	-101.73		
  9.46   	 -9.46   	 25.74   	 -81.38		
  9.77   	 -7.93   	 25.41   	 -66.12		
  9.77   	 -7.63   	 25.15   	 -45.78		
  9.77   	 -8.24   	 24.96   	 -35.61		
  9.77   	 -9.46   	 24.82   	 -25.43		
  9.16   	-11.29   	 24.72   	 -10.17		
  8.24   	-13.73   	 24.68   	 -10.17		
  7.32   	-16.48   	 24.64(D)	   0.00		
  7.02   	-19.23   	 24.64   	   5.09		
  7.32   	-20.75   	 24.66   	   5.09		
  7.93   	-20.75   	 24.68   	  10.17		
  8.24   	-19.23   	 24.72   	  10.17		
  7.63   	-16.78   	 24.76   	  15.26		
  6.10   	-14.95   	 24.82   	  15.26		
  4.27   	-14.34   	 24.88   	  20.35		
  3.36   	-14.65   	 24.96   	  20.35		
  3.36   	-15.26   	 25.05   	  15.26		
  4.27   	-15.87   	 25.11   	  20.35		
  4.58   	-16.48   	 25.19   	  20.35		
  4.58   	-16.78   	 25.27   	  15.26		
  4.27   	-17.40   	 25.33   	  15.26		
  3.97   	-17.40   	 25.39   	  20.35		
  4.27   	-16.48   	 25.47   	  10.17		
  4.58   	-14.34   	 25.51   	  15.26		
  4.58   	-11.90   	 25.57   	  15.26		
  4.27   	 -9.77   	 25.64   	  10.17		
  3.36   	 -8.24   	 25.68   	  10.17		
  3.05   	 -7.32   	 25.72   	  10.17		
  3.05   	 -6.41   	 25.76   	  15.26		
  3.36   	 -5.19   	 25.82   	  10.17		
  3.66   	 -3.36   	 25.86   	  10.17		
  3.97   	 -1.83   	 25.90   	  15.26		
  3.66   	  0.00   	 25.96   	  10.17		
  3.66   	  2.14   	 26.00   	  15.26		
  3.66   	  4.27   	 26.06   	  10.17		
  3.36   	  7.02   	 26.10   	  15.26		
  3.05   	 10.38   	 26.16   	  10.17		
  2.44   	 14.95   	 26.21   	  15.26		
  2.14   	 21.36   	 26.27   	  10.17		
  2.75   	 29.30   	 26.31   	  15.26		
  5.49   	 37.23   	 26.37   	  15.26		
 10.07   	 45.17   	 26.43   	  15.26		
 15.26   	 52.80   	 26.49   	  15.26		
 18.62   	 60.73   	 26.55   	  15.26		
 18.31   	 67.75   	 26.61   	  15.26		
 13.73   	 72.02   	 26.67   	  15.26		
  6.71   	 71.11   	 26.73   	  15.26		
  1.22   	 65.92   	 26.80   	  20.35		
  0.61   	 59.51   	 26.88   	  15.26		
  5.49   	 56.46   	 26.94   	  15.26		
 13.12   	 59.20   	 27.00   	  15.26		
 19.23   	 66.53   	 27.06   	  15.26		
 20.75   	 75.38   	 27.12   	  15.26		
 18.62   	 83.31   	 27.18   	  10.17		
 14.95   	 89.11   	 27.22   	  15.26		
 13.43   	 91.25   	 27.28   	  15.26		
 14.65   	 88.50   	 27.34   	  15.26		
 16.48   	 79.04   	 27.41   	  15.26		
 17.40   	 62.56   	 27.47   	  20.35		
 17.09   	 42.72   	 27.55   	  15.26		
 17.09   	 25.33   	 27.61   	  20.35		
 18.01   	 14.65   	 27.69   	  25.43		
 17.70   	  9.77   	 27.79   	  20.35		
 13.12   	  7.32   	 27.87   	  25.43		
  3.36   	  3.36   	 27.98   	  30.52		
 -9.16   	 -1.83   	 28.10   	  25.43		
-18.62   	 -5.19   	 28.20   	  30.52		
-21.06   	 -3.66   	 28.32   	  25.43		
-18.01   	  1.53   	 28.42   	  30.52		
-14.04   	  6.10   	 28.55   	  25.43		
-13.12   	  7.63   	 28.65   	  30.52		
-14.65   	  5.49   	 28.77   	  25.43		
-16.78   	  2.44   	 28.87   	  25.43		
-17.09   	  0.61   	 28.97   	  30.52		
-15.56   	  0.61   	 29.09   	  25.43		
-14.34   	  0.92   	 29.20   	  30.52		
-14.34   	  1.22   	 29.32   	  30.52		
-14.95   	  1.22   	 29.44   	  35.61		
-15.26   	  1.53   	 29.58   	  35.61		
-14.34   	  1.22   	 29.73   	  35.61		
 -9.77   	 -2.44   	 29.87   	  45.78		
  0.92   	-13.43   	 30.05   	  45.78		
 24.11   	-32.96   	 30.23   	  55.95		
 67.44   	-57.98   	 30.46   	  55.95		
138.24   	-81.18   	 30.68   	  61.04		
235.90   	-95.83   	 30.93   	  66.12		
351.87   	-96.13   	 31.19   	  76.30		
469.97   	-80.87   	 31.50   	  76.30		
571.29   	-46.08   	 31.80   	  86.47		
633.24   	 16.48   	 32.15   	  86.47		
625.92   	117.49   	 32.49   	  96.64		
523.07   	265.50   	 32.88   	  91.56		
315.86   	462.04   	 33.25   	 101.73		
 26.25   	697.94   	 33.65   	 101.73		
-289.00   	951.54   	 34.06   	  96.64		
-560.00   	1189.27   	 34.45   	 203.46		
-777.89   	1423.03(R)	 35.26(E)	  96.64		
-699.16   	1331.79   	 35.65   	 101.73		
-526.73   	1097.41   	 36.05   	 106.82		
-315.55   	773.32   	 36.48   	 106.82		
-128.17   	442.20   	 36.91   	 122.07		
-14.04   	179.75   	 37.40   	 132.25		
 15.56   	 20.75   	 37.92   	 152.59		
-11.60   	-46.39   	 38.53   	 178.03		
-50.05   	-60.12   	 39.25   	 208.54		
-67.44   	-57.07   	 40.08   	 239.06		
-59.81   	-57.07   	 41.04   	 289.93		
-41.81   	-61.34   	 42.20   	 335.71		
-29.60   	-65.92   	 43.54   	 381.48		
-28.08   	-67.75   	 45.07   	 442.52		
-32.35   	-67.44   	 46.84   	 488.30		
-35.71   	-67.44   	 48.79   	 539.16		
-34.79   	-68.36   	 50.95   	 584.94		
-29.91   	-70.50   	 53.29   	 625.63		
-25.02   	-72.63   	 55.79   	 656.15		
-22.89   	-73.85   	 58.41   	 681.58		
-23.80   	-74.77   	 61.14   	 701.93		
-25.94   	-75.38   	 63.95   	 717.19		
-27.16   	-76.60   	 66.82   	 727.36		
-26.55   	-78.43   	 69.73   	 727.36		
-25.33   	-79.35   	 72.63   	 727.36		
-23.80   	-79.04   	 75.54   	 727.36		
-22.89   	-77.82   	 78.45   	 717.19		
-22.89   	-76.60   	 81.32   	 712.10		
-23.19   	-76.90   	 84.17   	 712.10		
-23.80   	-78.43   	 87.02   	 707.02		
-23.80   	-79.65   	 89.85   	 701.93		
-23.50   	-80.26   	 92.65   	 707.02		
-22.89   	-79.35   	 95.48   	 701.93		
-22.28   	-78.13   	 98.29   	 701.93		
-21.97   	-76.90   	101.10   	 696.84		
-21.67   	-76.90   	103.89   	 686.67		
-21.36   	-79.04   	106.63   	 676.50		
-21.36   	-81.79   	109.34   	 666.32		
-21.67   	-84.53   	112.00   	 651.07		
-21.97   	-86.36   	114.61   	 645.98		
-21.67   	-86.67   	117.19   	 625.63		
-21.06   	-86.36   	119.69   	 620.55		
-19.53   	-85.75   	122.18   	 605.29		
-18.01   	-84.53   	124.60   	 595.11		
-17.09   	-83.01   	126.98   	 574.77		
-17.09   	-80.87   	129.28   	 559.51		
-17.40   	-78.74   	131.52   	 544.25		
-17.70   	-76.29   	133.69   	 523.90		
-17.40   	-74.46   	135.79   	 503.56		
-16.48   	-72.63   	137.80   	 493.39		
-15.26   	-71.72   	139.78   	 478.13		
-15.56   	-71.72   	141.69   	 467.95		
-17.40   	-72.33   	143.56   	 452.69		
-20.14   	-72.33   	145.37   	 442.52		
-21.97   	-70.50   	147.14   	 422.18		
-21.67   	-67.44   	148.83   	 401.83		
-20.75   	-64.39   	150.44   	 376.40		
-20.45   	-62.56   	151.94   	 350.97		
-21.97   	-62.26   	153.35   	 325.53		
-25.33   	-61.65   	154.65   	 305.19		
-28.38   	-59.51   	155.87   	 284.84		
-30.52   	-55.54   	157.01   	 274.67		
-31.13   	-50.66   	158.11   	 264.50		
-32.35   	-46.39   	159.17   	 249.24		
-34.48   	-43.33   	160.16   	 239.06		
-36.93   	-42.11   	161.12   	 223.80		
-38.76   	-41.20   	162.01   	 198.37		
-39.06   	-39.37   	162.81   	 172.94		
-37.84   	-36.01   	163.50   	 147.51		
-36.32   	-31.13   	164.09   	 116.99		
-36.01   	-25.63   	164.56   	  86.47		
-36.93   	-20.45   	164.90   	  61.04		
-38.76   	-17.09   	165.15   	  30.52		
-39.67   	-14.95   	165.27   	  10.17		
-38.45   	-13.43   	165.31(S)	 -25.43		
-35.40   	-11.29   	165.21   	 -45.78		
-30.52   	 -7.63   	165.02   	 -81.38		
-25.63   	 -3.36   	164.70   	-111.90		
-21.06   	  0.92   	164.25   	-142.42		
-17.70   	  3.05   	163.68   	-178.03		
-15.56   	  3.05   	162.97   	-208.54		
-14.65   	  1.22   	162.14   	-249.24		
-14.65   	 -1.53   	161.14   	-284.84		
-14.95   	 -3.66   	160.00   	-325.53		
-14.34   	 -5.19   	158.70   	-356.05		
-13.12   	 -5.80   	157.27   	-396.74		
-11.29   	 -6.10   	155.69   	-437.43		
-10.07   	 -6.10   	153.94   	-467.95		
 -9.46   	 -6.41   	152.06   	-508.65		
 -9.77   	 -7.02   	150.03   	-544.25		
 -9.46   	 -7.63   	147.85   	-584.94		
 -8.85   	 -8.85   	145.51   	-610.37		
 -7.93   	-10.38   	143.07   	-651.07		
 -7.63   	-12.51   	140.47   	-671.41		
 -7.93   	-14.65   	137.78   	-707.02		
 -8.54   	-16.78   	134.95   	-727.36		
 -8.54   	-19.23   	132.04   	-762.97		
 -8.24   	-21.97   	128.99   	-783.31		
 -7.93   	-25.33   	125.86   	-824.00		
 -8.54   	-29.30   	122.56   	-854.52		
-10.07   	-32.65   	119.15   	-890.13		
-11.60   	-35.10   	115.58   	-920.65		
-12.51   	-36.62   	111.90   	-946.08		
-11.90   	-37.54   	108.12   	-961.34		
-10.38   	-38.45   	104.27   	-966.43		
 -8.85   	-39.67   	100.41   	-966.43		
 -7.93   	-40.89   	 96.54   	-956.25		
 -8.24   	-41.50   	 92.72   	-935.91		
 -9.16   	-40.89   	 88.97   	-920.65		
 -9.77   	-39.98   	 85.29   	-895.22		
-10.07   	-39.67   	 81.71   	-874.87		
-10.07   	-42.11   	 78.21   	-849.44		
-10.07   	-47.61   	 74.81   	-834.18		
 -9.46   	-54.93   	 71.47   	-803.66		
 -8.85   	-61.95   	 68.26   	-788.40		
 -7.63   	-67.44   	 65.11   	-757.88		
 -6.41   	-71.72   	 62.08   	-732.45		
 -5.49   	-76.60   	 59.15   	-701.93		
 -4.58   	-81.79   	 56.34   	-666.32		
 -3.97   	-86.36   	 53.67   	-630.72		
 -3.97   	-89.11   	 51.15   	-584.94		
 -4.58   	-88.81   	 48.81   	-554.42		
 -6.41   	-87.28   	 46.59   	-508.65		
 -8.85   	-86.98   	 44.56   	-478.13		
-10.68   	-88.50   	 42.64   	-442.52		
-10.99   	-90.94   	 40.87   	-406.92		
 -9.46   	-92.47   	 39.25   	-376.40		
 -7.32   	-92.77   	 37.74   	-350.97		
 -5.80   	-93.38   	 36.34   	-325.53		
 -6.10   	-95.52   	 35.04   	-295.01		
 -7.63   	-99.49   	 33.86   	-274.67		
 -8.85   	-103.45   	 32.76   	-249.24		
 -9.16   	-105.90   	 31.76   	-223.80		
 -7.63   	-105.90   	 30.86   	-203.46		
 -5.49   	-104.06   	 30.05   	-183.11		
 -4.27   	-101.01   	 29.32   	-162.77		
 -4.58   	-98.27   	 28.67   	-142.42		
 -5.80   	-96.74   	 28.10   	-122.07		
 -7.32   	-97.96   	 27.61   	-106.82		
 -8.54   	-101.93   	 27.18   	 -91.56		
 -9.16   	-106.51   	 26.82   	 -81.38		
 -8.85   	-109.56   	 26.49   	 -71.21		
 -7.93   	-108.64   	 26.21   	 -61.04		
 -7.02   	-104.37   	 25.96   	 -55.95		
 -6.10   	-100.10   	 25.74   	 -50.86		
 -6.41   	-98.57   	 25.53   	 -45.78		
 -7.02   	-100.71   	 25.35   	 -40.69		
 -7.02   	-103.76   	 25.19   	 -40.69		
 -5.80   	-105.59   	 25.03   	 -35.61		
 -3.97   	-104.98   	 24.88   	 -30.52		
 -2.75   	-104.37   	 24.76   	 -25.43		
 -3.36   	-105.59   	 24.66   	 -20.35		
 -5.19   	-109.56   	 24.58   	 -15.26		
 -7.02   	-113.53   	 24.52   	 -20.35		
 -7.63   	-114.44   	 24.44   	 -15.26		
 -7.63   	-112.30   	 24.37   	 -20.35		
 -7.63   	-110.78   	 24.29   	 -20.35		
 -8.24   	-113.53   	 24.21   	 -20.35		
 -8.85   	-120.54   	 24.13   	 -20.35		
 -8.85   	-127.87   	 24.05   	 -20.35		
 -7.93   	-130.00   	 23.97   	 -25.43		
 -6.71   	-125.12   	 23.87   	 -20.35		
 -6.10   	-116.88   	 23.78   	 -20.35		
 -6.41   	-110.78   	 23.70   	 -20.35		
 -7.02   	-110.47   	 23.62   	 -20.35		
 -7.02   	-113.53   	 23.54   	 -20.35		
 -5.49   	-114.75   	 23.46   	 -20.35		
 -3.05   	-111.69   	 23.38   	 -20.35		
 -0.61   	-105.59   	 23.30   	 -15.26		
  1.22   	-98.88   	 23.23   	 -20.35		
  1.83   	-93.69   	 23.15   	 -15.26		
  1.22   	-88.50   	 23.09   	 -15.26		
  1.53   	-81.79   	 23.03   	 -15.26		
  4.58   	-71.72   	 22.97   	 -10.17		
 10.38   	-59.81   	 22.93   	 -15.26		
 17.40   	-47.91   	 22.87   	 -10.17		
 22.58   	-39.06   	 22.83   	 -10.17		
 22.28   	-36.32   	 22.79   	  -5.09		
 16.17   	-40.59   	 22.77   	 -10.17		
  6.71   	-50.66   	 22.73   	  -5.09		
 -0.61   	-61.95   	 22.71   	  -5.09		
 -1.22   	-67.75   	 22.69   	  -5.09		
  5.49   	-64.09   	 22.67   	  -5.09		
 16.17   	-52.80   	 22.64   	  -5.09		
 25.02   	-39.67   	 22.62   	  -5.09		
 27.47   	-30.82   	 22.60   	  -5.09		
 23.50   	-28.38   	 22.58   	  -5.09		
 16.48   	-30.21   	 22.56   	  -5.09		
 11.29   	-35.71   	 22.54   	  -5.09		
  9.16   	-46.08   	 22.52   	  -5.09		
  8.85   	-62.56   	 22.50   	  -5.09		
  8.85   	-83.62   	 22.48   	  -5.09		
  9.16   	-102.23   	 22.46   	  -5.09		
 10.38   	-112.61   	 22.44   	  -5.09		
 11.29   	-115.66   	 22.42   	   0.00		
  8.54   	-118.41   	 22.42   	  -5.09		
  0.00   	-126.04   	 22.40   	   0.00		
-12.51   	-138.85   	 22.40   	  -5.09		
-22.89   	-149.23   	 22.38   	   0.00		
-25.33   	-151.06   	 22.38   	 -10.17		
-20.75   	-145.26   	 22.34   	  -5.09		
-14.34   	-136.41   	 22.32   	  -5.09		
-12.21   	-129.70   	 22.30   	 -10.17		
-15.56   	-126.34   	 22.26   	 -10.17		
-21.06   	-124.51   	 22.22   	  -5.09		
-24.41   	-124.21   	 22.20   	 -10.17		
-24.11   	-126.65   	 22.16   	  -5.09		
-21.36   	-132.75   	 22.14   	  -5.09		
-18.01   	-140.08   	 22.12   	   0.00		
-16.48   	-145.26   	 22.12   	  -5.09		
-16.17   	-145.57   	 22.10(D)	   5.09		
-14.95   	-144.35   	 22.12   	   0.00		
-10.38   	-148.01   	 22.12   	   5.09		
  1.53   	-163.27   	 22.14   	  10.17		
 27.47   	-190.73   	 22.18   	  10.17		
 75.68   	-223.08   	 22.22   	  15.26		
152.89   	-250.24   	 22.28   	  20.35		
258.48   	-263.67   	 22.36   	  20.35		
381.16   	-260.31   	 22.44   	  30.52		
502.32   	-241.39   	 22.56   	  30.52		
601.20   	-203.86   	 22.69   	  40.69		
653.99   	-136.11   	 22.85   	  40.69		
629.58   	-24.11   	 23.01   	  45.78		
502.01   	140.99   	 23.19   	  50.86		
264.59   	357.36   	 23.40   	  55.95		
-54.63   	610.35   	 23.62   	  55.95		
-390.32   	874.02   	 23.85   	 111.90		
-825.81   	1288.15   	 24.29   	  61.04		
-852.05   	1343.69(R)	 24.54(E)	  61.04		
-754.09   	1246.95   	 24.78   	  66.12		
-567.02   	1003.11   	 25.05   	  71.21		
-343.63   	664.06   	 25.33   	  76.30		
-144.65   	315.55   	 25.64   	  91.56		
-18.62   	 36.93   	 26.00   	 101.73		
 20.45   	-132.14   	 26.41   	 122.07		
 -1.22   	-202.64   	 26.90   	 147.51		
-38.45   	-215.45   	 27.49   	 172.94		
-56.76   	-211.49   	 28.18   	 208.54		
-50.05   	-213.01   	 29.01   	 244.15		
-32.65   	-221.86   	 29.99   	 289.93		
-19.84   	-230.71   	 31.15   	 340.79		
-16.78   	-234.38   	 32.51   	 386.57		
-20.14   	-233.15   	 34.06   	 442.52		
-23.19   	-231.02   	 35.83   	 493.39		
-23.80   	-231.63   	 37.80   	 544.25		
-21.67   	-236.21   	 39.98   	 595.11		
-18.62   	-242.61   	 42.36   	 635.81		
-15.87   	-248.11   	 44.90   	 676.50		
-14.65   	-250.55   	 47.61   	 701.93		
-14.34   	-249.63   	 50.42   	 737.54		
-14.65   	-246.28   	 53.37   	 752.79		
-15.26   	-242.31   	 56.38   	 768.05		
-15.87   	-239.26   	 59.45   	 773.14		
-15.56   	-237.12   	 62.54   	 778.23		
-13.73   	-236.21   	 65.66   	 778.23		
-10.68   	-236.82   	 68.77   	 768.05		
 -7.93   	-239.26   	 71.84   	 757.88		
 -7.02   	-242.00   	 74.87   	 747.71		
 -8.24   	-242.61   	 77.86   	 737.54		
-10.38   	-239.56   	 80.81   	 727.36		
-11.29   	-234.07   	 83.72   	 717.19		
-10.38   	-229.80   	 86.59   	 712.10		
 -7.93   	-230.71   	 89.44   	 696.84		
 -6.10   	-237.12   	 92.23   	 686.67		
 -6.10   	-245.67   	 94.97   	 676.50		
 -8.24   	-251.46   	 97.68   	 656.15		
-11.29   	-252.08   	100.30   	 635.81		
-12.82   	-247.50   	102.85   	 620.55		
-11.29   	-241.39   	105.33   	 600.20		
 -6.41   	-236.82   	107.73   	 584.94		
 -1.22   	-234.68   	110.07   	 569.68		
  1.53   	-234.38   	112.35   	 559.51		
  0.31   	-235.60   	114.59   	 544.25		
 -3.97   	-238.04   	116.76   	 534.08		
 -8.54   	-239.56   	118.90   	 518.82		
-10.68   	-239.56   	120.98   	 498.47		
 -9.77   	-236.82   	122.97   	 483.21		
 -8.24   	-231.63   	124.90   	 462.87		
 -7.93   	-226.14   	126.75   	 442.52		
 -9.46   	-223.69   	128.52   	 417.09		
-11.29   	-224.30   	130.19   	 401.83		
-11.29   	-226.14   	131.80   	 381.48		
 -9.46   	-226.14   	133.33   	 366.22		
 -7.02   	-222.47   	134.79   	 350.97		
 -5.80   	-217.29   	136.19   	 335.71		
 -7.32   	-213.01   	137.54   	 325.53		
-10.07   	-210.88   	138.84   	 315.36		
-12.51   	-208.74   	140.10   	 295.01		
-13.12   	-204.47   	141.28   	 284.84		
-13.12   	-197.75   	142.42   	 259.41		
-12.82   	-191.35   	143.46   	 244.15		
-13.43   	-187.07   	144.43   	 223.80		
-14.34   	-185.85   	145.33   	 198.37		
-14.95   	-184.63   	146.12   	 178.03		
-13.73   	-181.27   	146.84   	 157.68		
-11.90   	-174.56   	147.47   	 132.25		
-10.99   	-166.93   	148.00   	 111.90		
-11.90   	-161.13   	148.44   	  91.56		
-15.26   	-157.78   	148.81   	  66.12		
-18.62   	-154.72   	149.07   	  45.78		
-19.84   	-151.06   	149.26   	  20.35		
-17.09   	-144.65   	149.34(S)	 -10.17		
-11.29   	-137.33   	149.30   	 -40.69		
 -5.19   	-131.84   	149.13   	 -71.21		
  0.31   	-128.17   	148.85   	 -96.64		
  4.88   	-125.73   	148.46   	-132.25		
  7.63   	-123.29   	147.93   	-162.77		
  8.54   	-120.24   	147.28   	-198.37		
  7.93   	-116.58   	146.49   	-239.06		
  6.71   	-112.61   	145.53   	-274.67		
  6.10   	-108.34   	144.43   	-305.19		
  7.02   	-104.68   	143.21   	-350.97		
  8.24   	-102.54   	141.81   	-381.48		
  8.85   	-103.45   	140.28   	-422.18		
  8.85   	-105.90   	138.60   	-457.78		
  8.85   	-107.42   	136.76   	-493.39		
  9.46   	-106.20   	134.79   	-523.90		
 10.38   	-102.84   	132.70   	-564.60		
 10.07   	-101.01   	130.44   	-595.11		
  8.24   	-104.06   	128.06   	-625.63		
  5.49   	-112.30   	125.55   	-651.07		
  3.05   	-121.46   	122.95   	-681.58		
  3.05   	-125.43   	120.22   	-712.10		
  4.88   	-122.07   	117.37   	-742.62		
  7.93   	-114.44   	114.40   	-778.23		
  9.77   	-108.03   	111.29   	-818.92		
  9.46   	-107.73   	108.02   	-859.61		
  6.10   	-113.53   	104.58   	-890.13		
  1.83   	-120.24   	101.02   	-925.73		
 -0.61   	-123.90   	 97.31   	-946.08		
  0.31   	-123.60   	 93.53   	-961.34		
  3.97   	-120.54   	 89.68   	-961.34		
  8.24   	-116.88   	 85.84   	-966.43		
 10.38   	-114.44   	 81.97   	-951.17		
 10.07   	-114.44   	 78.17   	-940.99		
  8.24   	-115.97   	 74.40   	-920.65		
  7.02   	-118.41   	 70.72   	-905.39		
  5.80   	-119.93   	 67.10   	-885.04		
  3.66   	-119.93   	 63.56   	-864.70		
  0.92   	-118.71   	 60.10   	-839.26		
 -0.31   	-117.80   	 56.74   	-818.92		
  1.83   	-118.41   	 53.47   	-783.31		
  7.02   	-119.63   	 50.34   	-757.88		
 12.21   	-120.54   	 47.30   	-722.28		
 13.73   	-121.15   	 44.41   	-691.76		
 10.99   	-121.15   	 41.65   	-645.98		
  6.41   	-121.77   	 39.06   	-610.37		
  2.75   	-123.60   	 36.62   	-564.60		
  1.83   	-127.56   	 34.36   	-523.90		
  2.14   	-132.14   	 32.27   	-483.21		
  2.75   	-136.72   	 30.34   	-437.43		
  2.75   	-138.85   	 28.59   	-401.83		
  3.36   	-137.02   	 26.98   	-356.05		
  4.58   	-132.45   	 25.55   	-320.45		
  5.49   	-126.95   	 24.27   	-279.75		
  6.10   	-122.07   	 23.15   	-244.15		
  5.80   	-118.71   	 22.18   	-208.54		
  5.49   	-116.88   	 21.34   	-172.94		
  6.10   	-116.58   	 20.65   	-147.51		
  7.02   	-117.80   	 20.06   	-111.90		
  7.93   	-119.63   	 19.61   	 -86.47		
  8.24   	-121.15   	 19.27   	 -66.12		
  8.24   	-120.24   	 19.00   	 -45.78		
  7.93   	-116.88   	 18.82   	 -30.52		
  6.71   	-113.22   	 18.70   	 -20.35		
  5.19   	-111.69   	 18.62   	  -5.09		
  3.05   	-112.92   	 18.60(D)	   5.09		
  1.83   	-115.36   	 18.62   	  10.17		
  1.53   	-116.27   	 18.66   	  20.35		
  3.05   	-113.83   	 18.74   	  25.43		
  4.88   	-108.64   	 18.84   	  35.61		
  7.02   	-103.15   	 18.98   	  35.61		
  8.54   	-99.79   	 19.13   	  35.61		
  9.46   	-98.57   	 19.27   	  40.69		
  9.16   	-98.88   	 19.43   	  40.69		
  8.54   	-99.49   	 19.59   	  35.61		
  8.24   	-99.18   	 19.74   	  35.61		
  8.24   	-97.66   	 19.88   	  25.43		
  8.54   	-94.60   	 19.98   	  25.43		
  8.54   	-90.94   	 20.08   	  20.35		
  8.54   	-87.59   	 20.16   	  15.26		
  8.54   	-85.75   	 20.22   	  10.17		
  8.85   	-84.84   	 20.26   	   5.09		
  9.16   	-83.62   	 20.28   	  10.17		
  8.85   	-81.79   	 20.33   	   0.00		
  8.24   	-79.96   	 20.33   	   5.09		
  8.24   	-79.35   	 20.35   	   0.00		
  8.85   	-80.87   	 20.35   	   0.00		
  9.77   	-83.01   	 20.35   	   0.00		
 10.68   	-83.01   	 20.35   	  -5.09		
 10.38   	-79.96   	 20.33   	  -5.09		
  9.46   	-75.38   	 20.31   	  -5.09		
  8.54   	-71.11   	 20.28   	  -5.09		
  8.24   	-68.05   	 20.26   	 -10.17		
  8.54   	-66.22   	 20.22   	 -10.17		
  9.46   	-65.31   	 20.18   	 -10.17		
 10.07   	-64.39   	 20.14   	  -5.09		
 10.99   	-62.87   	 20.12   	  -5.09		
 11.90   	-59.81   	 20.10   	  -5.09		
 13.12   	-55.24   	 20.08   	   0.00		
 14.65   	-49.74   	 20.08   	   0.00		
 16.48   	-44.86   	 20.08   	   0.00		
 18.92   	-41.50   	 20.08   	   5.09		
 21.97   	-37.23   	 20.10   	   5.09		
 25.63   	-30.52   	 20.12   	   5.09		
 28.99   	-20.75   	 20.14   	   5.09		
 30.21   	-10.99   	 20.16   	  10.17		
 27.77   	 -5.49   	 20.20   	   5.09		
 22.58   	 -5.80   	 20.22   	  10.17		
 17.70   	 -9.77   	 20.26   	  10.17		
 16.78   	-13.12   	 20.31   	  15.26		
 21.67   	-13.12   	 20.37   	  10.17		
 30.52   	 -9.46   	 20.41   	  15.26		
 38.45   	 -3.97   	 20.47   	  15.26		
 40.89   	  1.53   	 20.53   	  10.17		
 37.54   	  6.71   	 20.57   	  15.26		
 31.74   	 11.90   	 20.63   	  15.26		
 27.47   	 15.56   	 20.69   	  15.26		
 26.86   	 14.95   	 20.75   	  15.26		
 28.08   	  7.02   	 20.81   	  15.26		
 28.69   	 -9.77   	 20.87   	  15.26		
 27.47   	-30.82   	 20.94   	  20.35		
 26.25   	-49.13   	 21.02   	  15.26		
 26.25   	-59.81   	 21.08   	  25.43		
 25.94   	-63.17   	 21.18   	  25.43		
 22.58   	-64.09   	 21.28   	  25.43		
 14.65   	-67.14   	 21.38   	  30.52		
  4.88   	-72.33   	 21.51   	  35.61		
 -2.75   	-76.60   	 21.65   	  30.52		
 -3.97   	-77.21   	 21.77   	  30.52		
 -0.61   	-75.07   	 21.89   	  30.52		
  3.36   	-72.94   	 22.01   	  25.43		
  5.19   	-72.02   	 22.12   	  25.43		
  3.97   	-72.02   	 22.22   	  25.43		
  1.53   	-70.19   	 22.32   	  20.35		
  0.31   	-66.22   	 22.40   	  20.35		
  0.61   	-61.04   	 22.48   	  25.43		
  2.44   	-57.07   	 22.58   	  20.35		
  4.58   	-56.15   	 22.67   	  20.35		
  5.80   	-58.29   	 22.75   	  25.43		
  6.71   	-61.95   	 22.85   	  30.52		
  7.93   	-65.92   	 22.97   	  25.43		
 13.12   	-71.72   	 23.07   	  35.61		
 27.16   	-83.31   	 23.21   	  40.69		
 56.15   	-104.06   	 23.38   	  40.69		
107.42   	-132.14   	 23.54   	  50.86		
184.63   	-159.61   	 23.74   	  50.86		
286.25   	-175.78   	 23.95   	  61.04		
401.61   	-171.81   	 24.19   	  66.12		
513.92   	-144.96   	 24.46   	  76.30		
603.33   	-93.08   	 24.76   	  81.38		
645.14   	-10.99   	 25.09   	  81.38		
608.52   	108.95   	 25.41   	  91.56		
470.28   	276.18   	 25.78   	  91.56		
229.80   	491.64   	 26.14   	  91.56		
-79.96   	744.63   	 26.51   	  96.64		
-394.29   	1007.69   	 26.90   	 188.20		
-778.20   	1389.77   	 27.65   	  91.56		
-782.78   	1405.64(R)	 28.02(E)	  91.56		
-669.25   	1264.65   	 28.38   	  91.56		
-475.77   	988.77   	 28.75   	  96.64		
-260.01   	642.40   	 29.14   	 111.90		
-82.40   	312.19   	 29.58   	 116.99		
 15.56   	 67.14   	 30.05   	 137.33		
 31.74   	-69.58   	 30.60   	 157.68		
  0.92   	-119.02   	 31.23   	 188.20		
-33.26   	-123.29   	 31.98   	 213.63		
-43.95   	-119.32   	 32.84   	 254.32		
-32.96   	-122.68   	 33.86   	 289.93		
-16.17   	-132.45   	 35.02   	 335.71		
 -6.71   	-141.30   	 36.36   	 381.48		
 -6.41   	-144.65   	 37.88   	 432.35		
-10.07   	-144.35   	 39.61   	 488.30		
-12.82   	-142.82   	 41.57   	 539.16		
-12.51   	-142.82   	 43.72   	 584.94		
-10.99   	-144.35   	 46.06   	 630.72		
 -9.16   	-145.57   	 48.59   	 671.41		
 -7.93   	-145.26   	 51.27   	 701.93		
 -7.32   	-142.82   	 54.08   	 727.36		
 -7.93   	-139.77   	 56.99   	 737.54		
 -9.16   	-137.94   	 59.94   	 752.79		
-10.68   	-136.72   	 62.95   	 757.88		
-10.99   	-134.58   	 65.98   	 752.79		
 -9.46   	-130.92   	 68.99   	 747.71		
 -6.10   	-125.73   	 71.98   	 742.62		
 -3.36   	-121.77   	 74.95   	 737.54		
 -2.75   	-120.54   	 77.90   	 727.36		
 -4.27   	-121.46   	 80.81   	 727.36		
 -6.10   	-122.68   	 83.72   	 712.10		
 -6.71   	-122.38   	 86.57   	 712.10		
 -5.80   	-119.93   	 89.42   	 707.02		
 -3.97   	-116.88   	 92.25   	 701.93		
 -3.05   	-114.75   	 95.06   	 691.76		
 -2.14   	-113.83   	 97.82   	 681.58		
 -1.83   	-114.44   	100.55   	 666.32		
 -1.83   	-115.97   	103.21   	 656.15		
 -2.14   	-117.49   	105.84   	 635.81		
 -2.75   	-119.02   	108.38   	 625.63		
 -3.97   	-120.24   	110.88   	 615.46		
 -4.58   	-120.54   	113.35   	 605.29		
 -4.88   	-120.24   	115.77   	 605.29		
 -4.88   	-120.24   	118.19   	 595.11		
 -3.66   	-119.93   	120.57   	 590.03		
 -1.83   	-120.24   	122.93   	 579.86		
  0.00   	-120.54   	125.25   	 564.60		
  0.61   	-120.24   	127.51   	 549.34		
 -1.53   	-119.63   	129.70   	 518.82		
 -4.88   	-119.02   	131.78   	 503.56		
 -7.63   	-118.41   	133.79   	 478.13		
 -8.54   	-118.41   	135.71   	 457.78		
 -7.63   	-118.10   	137.54   	 437.43		
 -5.80   	-117.49   	139.29   	 422.18		
 -5.19   	-116.27   	140.98   	 406.92		
 -5.80   	-114.44   	142.60   	 396.74		
 -7.02   	-112.61   	144.19   	 381.48		
 -7.93   	-110.78   	145.72   	 366.22		
 -9.46   	-108.64   	147.18   	 345.88		
-10.99   	-105.90   	148.57   	 325.53		
-12.82   	-102.54   	149.87   	 310.27		
-14.34   	-98.88   	151.11   	 284.84		
-14.65   	-94.60   	152.25   	 264.50		
-14.34   	-90.03   	153.31   	 239.06		
-14.04   	-84.84   	154.26   	 228.89		
-14.95   	-79.96   	155.18   	 203.46		
-17.09   	-76.60   	155.99   	 183.11		
-19.84   	-74.46   	156.72   	 167.85		
-21.36   	-72.94   	157.40   	 142.42		
-21.67   	-70.80   	157.96   	 116.99		
-20.75   	-67.14   	158.43   	  91.56		
-19.23   	-62.26   	158.80   	  66.12		
-18.01   	-57.37   	159.06   	  35.61		
-16.78   	-53.10   	159.21   	   5.09		
-15.56   	-49.13   	159.23(S)	 -20.35		
-13.43   	-45.78   	159.14   	 -50.86		
-10.68   	-42.72   	158.94   	 -86.47		
 -7.93   	-40.28   	158.60   	-116.99		
 -5.80   	-38.15   	158.13   	-152.59		
 -4.27   	-35.71   	157.52   	-188.20		
 -2.44   	-32.96   	156.76   	-223.80		
 -0.31   	-30.21   	155.87   	-264.50		
  2.14   	-27.77   	154.81   	-305.19		
  3.66   	-26.25   	153.59   	-335.71		
  4.88   	-25.33   	152.25   	-381.48		
  5.80   	-25.02   	150.72   	-412.00		
  7.02   	-24.41   	149.07   	-452.69		
  7.63   	-24.11   	147.26   	-483.21		
  7.32   	-24.11   	145.33   	-523.90		
  6.10   	-24.72   	143.23   	-559.51		
  4.58   	-25.94   	141.00   	-590.03		
  4.27   	-27.47   	138.64   	-625.63		
  4.58   	-29.30   	136.13   	-656.15		
  5.19   	-31.43   	133.51   	-681.58		
  5.19   	-33.57   	130.78   	-707.02		
  4.27   	-34.79   	127.95   	-727.36		
  3.36   	-34.48   	125.05   	-757.88		
  3.05   	-32.96   	122.01   	-783.31		
  3.05   	-31.74   	118.88   	-813.83		
  3.36   	-32.35   	115.63   	-849.44		
  3.05   	-35.40   	112.23   	-879.96		
  3.05   	-39.06   	108.71   	-900.30		
  2.75   	-41.50   	105.11   	-930.82		
  3.05   	-41.50   	101.38   	-935.91		
  3.05   	-39.67   	 97.64   	-940.99		
  2.75   	-37.84   	 93.88   	-935.91		
  2.14   	-36.93   	 90.13   	-915.56		
  1.83   	-36.62   	 86.47   	-900.30		
  2.14   	-35.71   	 82.87   	-874.87		
  3.05   	-35.10   	 79.37   	-854.52		
  4.27   	-35.40   	 75.95   	-824.00		
  5.49   	-37.54   	 72.65   	-798.57		
  6.10   	-40.89   	 69.46   	-773.14		
  6.41   	-42.72   	 66.37   	-747.71		
  6.71   	-43.33   	 63.38   	-727.36		
  6.71   	-43.03   	 60.47   	-696.84		
  6.41   	-43.64   	 57.68   	-666.32		
  5.49   	-44.86   	 55.02   	-630.72		
  4.58   	-46.39   	 52.49   	-595.11		
  4.58   	-47.00   	 50.11   	-559.51		
  5.19   	-46.69   	 47.87   	-513.73		
  6.41   	-45.78   	 45.82   	-478.13		
  7.32   	-45.17   	 43.91   	-432.35		
  7.02   	-44.56   	 42.18   	-396.74		
  5.80   	-44.86   	 40.59   	-366.22		
  4.27   	-46.39   	 39.12   	-325.53		
  3.36   	-48.22   	 37.82   	-295.01		
  2.75   	-50.05   	 36.64   	-259.41		
  3.05   	-50.35   	 35.61   	-233.98		
  3.97   	-48.83   	 34.67   	-208.54		
  4.58   	-45.78   	 33.84   	-178.03		
  4.88   	-42.11   	 33.12   	-152.59		
  3.97   	-39.37   	 32.51   	-127.16		
  2.75   	-37.84   	 32.00   	-101.73		
  1.53   	-37.23   	 31.60   	 -86.47		
  1.22   	-36.93   	 31.25   	 -61.04		
  1.83   	-36.93   	 31.01   	 -50.86		
  2.44   	-37.54   	 30.80   	 -40.69		
  2.44   	-37.84   	 30.64   	 -25.43		
  2.14   	-37.84   	 30.54   	 -20.35		
  1.83   	-36.01   	 30.46   	 -10.17		
  1.53   	-32.35   	 30.42   	  -5.09		
  1.22   	-28.08   	 30.40(D)	   0.00		
  0.61   	-24.72   	 30.40   	   0.00		
  0.92   	-22.58   	 30.40   	   5.09		
  2.14   	-21.06   	 30.42   	   5.09		
  4.27   	-19.23   	 30.44   	  10.17		
  6.10   	-16.78   	 30.48   	   5.09		
  6.41   	-14.04   	 30.50   	  10.17		
  4.58   	-12.21   	 30.54   	  15.26		
  1.83   	-11.29   	 30.60   	  10.17		
 -0.31   	-10.99   	 30.64   	  10.17		
 -0.61   	-10.68   	 30.68   	  15.26		
  0.00   	-10.07   	 30.74   	  10.17		
  0.61   	 -8.54   	 30.78   	  15.26		
  1.22   	 -6.71   	 30.84   	  10.17		
  0.92   	 -4.58   	 30.88   	  10.17		
  0.31   	 -2.75   	 30.93   	   5.09		
 -0.31   	 -0.92   	 30.95   	  10.17		
 -0.92   	  0.31   	 30.99   	   5.09		
 -1.53   	  1.22   	 31.01   	   5.09		
 -1.22   	  2.44   	 31.03   	   5.09		
 -0.61   	  3.36   	 31.05   	   5.09		
  0.00   	  3.66   	 31.07   	   5.09		
  0.00   	  3.36   	 31.09   	  10.17		
 -0.61   	  2.14   	 31.13   	  10.17		
 -1.22   	  1.83   	 31.17   	  10.17		
 -0.61   	  3.05   	 31.21   	  15.26		
  0.92   	  6.71   	 31.27   	  15.26		
  3.05   	 12.82   	 31.33   	  15.26		
  4.58   	 19.84   	 31.39   	  20.35		
  5.80   	 26.86   	 31.47   	  20.35		
  8.24   	 33.57   	 31.56   	  20.35		
 11.90   	 39.98   	 31.64   	  25.43		
 16.48   	 46.69   	 31.74   	  20.35		
 19.84   	 54.32   	 31.82   	  15.26		
 20.14   	 61.65   	 31.88   	  20.35		
 16.48   	 65.92   	 31.96   	  20.35		
 10.07   	 65.31   	 32.04   	  20.35		
  4.27   	 59.81   	 32.13   	  N/A		
