  I     	  II     	  LV     	  LV'		
-235.90   	-24.41   	 27.10   	-528.99		
-244.75   	-28.99   	 24.98   	-498.47		
-227.36   	-30.82   	 22.99   	-462.87		
-199.28   	-28.69   	 21.14   	-412.00		
-169.37   	-24.72   	 19.49   	-361.14		
-140.99   	-22.58   	 18.05   	-315.36		
-119.63   	-24.41   	 16.79   	-269.58		
-117.19   	-28.38   	 15.71   	-223.80		
-143.74   	-30.52   	 14.81   	-193.29		
-192.26   	-30.21   	 14.04   	-162.77		
-235.60   	-28.99   	 13.39   	-142.42		
-242.92   	-29.60   	 12.82   	-132.25		
-205.99   	-34.18   	 12.29   	-122.07		
-141.30   	-41.50   	 11.80   	-111.90		
-79.04   	-47.00   	 11.35   	-106.82		
-49.44   	-47.30   	 10.93   	-101.73		
-69.89   	-40.89   	 10.52   	 -86.47		
-136.11   	-29.91   	 10.17   	 -71.21		
-221.86   	-18.62   	  9.89   	 -55.95		
-285.34   	-11.29   	  9.66   	 -40.69		
-294.49   	-10.38   	  9.50   	 -25.43		
-248.72   	-15.87   	  9.40   	 -15.26		
-178.22   	-23.80   	  9.34   	   0.00		
-122.99   	-31.43   	  9.34   	   5.09		
-105.29   	-35.10   	  9.36   	  10.17		
-118.41   	-34.79   	  9.40   	  10.17		
-134.58   	-32.04   	  9.44   	   5.09		
-134.28   	-28.69   	  9.46   	   5.09		
-118.71   	-25.63   	  9.48   	   0.00		
-100.71   	-21.97   	  9.48   	   0.00		
-96.13   	-18.01   	  9.48   	   0.00		
-115.66   	-14.95   	  9.48   	   0.00		
-152.89   	-14.95   	  9.48   	   5.09		
-191.65   	-18.31   	  9.50   	  10.17		
-214.23   	-23.19   	  9.54   	  15.26		
-209.35   	-27.16   	  9.60   	  20.35		
-178.22   	-28.38   	  9.68   	  25.43		
-137.63   	-26.25   	  9.79   	  30.52		
-112.61   	-21.67   	  9.91   	  25.43		
-119.32   	-15.87   	 10.01   	  25.43		
-150.76   	 -9.46   	 10.11   	  20.35		
-179.14   	 -2.14   	 10.19   	  15.26		
-176.39   	  7.02   	 10.25   	   5.09		
-141.30   	 19.53   	 10.27   	   5.09		
-99.79   	 34.18   	 10.29   	  -5.09		
-82.40   	 47.30   	 10.27   	 -10.17		
-102.84   	 55.85   	 10.23   	 -15.26		
-145.87   	 60.73   	 10.17   	 -10.17		
-182.80   	 67.14   	 10.13   	 -10.17		
-195.92   	 78.43   	 10.09   	 -10.17		
-184.63   	 93.99   	 10.05   	  -5.09		
-157.47   	105.90   	 10.03   	  -5.09		
-123.60   	107.73   	 10.01   	   0.00		
-94.30   	 98.57   	 10.01   	   5.09		
-76.60   	 84.53   	 10.03   	   0.00		
-71.41   	 74.46   	 10.03   	   5.09		
-76.60   	 72.02   	 10.05   	   5.09		
-83.31   	 74.16   	 10.07   	   0.00		
-83.31   	 73.24   	 10.07   	   0.00		
-76.60   	 63.78   	 10.07   	   0.00		
-72.63   	 47.30   	 10.07   	   0.00		
-81.18   	 29.91   	 10.07   	  -5.09		
-103.15   	 16.78   	 10.05   	  -5.09		
-131.23   	  8.24   	 10.03   	  -5.09		
-156.25   	  0.92   	 10.01   	  -5.09		
-172.12   	 -9.46   	  9.99   	   0.00		
-180.05   	-22.28   	  9.99   	   0.00		
-185.24   	-32.35   	  9.99   	   0.00		
-184.33   	-36.62   	  9.99   	   5.09		
-172.73   	-36.62   	 10.01   	   5.09		
-153.81   	-35.40   	 10.03   	  15.26		
-139.16   	-36.93   	 10.09   	  10.17		
-137.33   	-41.20   	 10.13   	  20.35		
-143.74   	-47.61   	 10.21   	  20.35		
-144.65   	-54.63   	 10.29   	  20.35		
-136.72   	-61.65   	 10.38   	  25.43		
-125.73   	-65.61   	 10.48   	  30.52		
-118.10   	-63.78   	 10.60   	  35.61		
-117.80   	-56.15   	 10.74   	  40.69		
-123.29   	-46.39   	 10.91   	  45.78		
-135.50   	-37.84   	 11.09   	  45.78		
-160.52   	-32.65   	 11.27   	  55.95		
-195.92   	-30.21   	 11.50   	  55.95		
-218.51   	-30.21   	 11.72   	  55.95		
-208.44   	-32.65   	 11.94   	  61.04		
-175.17   	-32.96   	 12.19   	  66.12		
-151.37   	-20.14   	 12.45   	  55.95		
-162.66   	 15.26   	 12.68   	  61.04		
-203.55   	 70.19   	 12.92   	  50.86		
-236.82   	125.12   	 13.12   	  50.86		
-219.73   	155.33   	 13.33   	  45.78		
-138.55   	148.93   	 13.51   	  40.69		
 -7.93   	115.97   	 13.67   	  35.61		
149.84   	 69.58   	 13.81   	  35.61		
317.38   	  6.41   	 13.96   	  30.52		
484.31   	-88.20   	 14.08   	  30.52		
628.36   	-213.32   	 14.20   	  30.52		
712.28(R)	-337.83   	 14.32(E)	  35.61		
695.19   	-410.46   	 14.47   	  30.52		
561.52   	-402.53   	 14.59   	  30.52		
346.37   	-334.17   	 14.71   	  30.52		
122.99   	-253.91   	 14.83   	  35.61		
-40.28   	-192.57   	 14.97   	  35.61		
-112.30   	-146.79   	 15.12   	  45.78		
-112.30   	-97.66   	 15.30   	  55.95		
-85.45   	-41.50   	 15.52   	  66.12		
-59.51   	  2.75   	 15.79   	  86.47		
-39.98   	 16.17   	 16.13   	 116.99		
-29.91   	  1.53   	 16.60   	 157.68		
-36.93   	-16.78   	 17.23   	 198.37		
-74.16   	-18.62   	 18.03   	 259.41		
-140.69   	 -3.66   	 19.06   	 320.45		
-206.30   	 14.04   	 20.35   	 396.74		
-234.68   	 20.14   	 21.93   	 462.87		
-212.40   	 12.82   	 23.78   	 539.16		
-160.22   	  1.53   	 25.94   	 605.29		
-117.80   	 -4.27   	 28.36   	 681.58		
-109.56   	 -1.83   	 31.09   	 752.79		
-126.65   	  4.88   	 34.10   	 808.75		
-140.08   	  9.46   	 37.33   	 869.78		
-136.11   	  7.63   	 40.81   	 905.39		
-121.46   	  3.97   	 44.44   	 930.82		
-116.58   	  4.27   	 48.16   	 935.91		
-133.67   	 10.99   	 51.90   	 910.47		
-159.61   	 21.36   	 55.54   	 864.70		
-167.85   	 28.99   	 59.00   	 803.66		
-147.40   	 29.30   	 62.22   	 727.36		
-112.61   	 24.41   	 65.13   	 640.89		
-91.55   	 19.84   	 67.69   	 569.68		
-102.54   	 19.23   	 69.97   	 498.47		
-134.89   	 21.67   	 71.96   	 447.61		
-157.78   	 23.80   	 73.75   	 422.18		
-147.71   	 25.02   	 75.44   	 401.83		
-108.03   	 26.86   	 77.05   	 406.92		
-63.48   	 30.52   	 78.68   	 417.09		
-42.11   	 35.71   	 80.35   	 432.35		
-54.02   	 39.67   	 82.07   	 442.52		
-88.81   	 40.59   	 83.85   	 447.61		
-128.17   	 40.28   	 85.64   	 442.52		
-156.25   	 42.72   	 87.41   	 427.26		
-165.10   	 48.22   	 89.11   	 401.83		
-154.72   	 54.63   	 90.72   	 366.22		
-130.62   	 58.90   	 92.19   	 330.62		
-98.88   	 60.42   	 93.51   	 289.93		
-63.17   	 60.73   	 94.67   	 254.32		
-27.16   	 61.95   	 95.69   	 218.72		
  0.92   	 65.00   	 96.56   	 188.20		
  5.49   	 70.19   	 97.31   	 172.94		
-20.14   	 76.60   	 98.01   	 162.77		
-61.34   	 85.45   	 98.66   	 152.59		
-86.06   	 96.44   	 99.27   	 162.77		
-71.72   	109.86   	 99.92   	 157.68		
-29.60   	122.99   	100.55   	 172.94		
  4.27   	133.67   	101.24   	 172.94		
  5.80   	141.30   	101.93   	 178.03		
-16.17   	146.79   	102.64   	 178.03		
-27.16   	151.98   	103.36   	 178.03		
 -5.80   	159.30   	104.07   	 178.03		
 31.43   	169.68   	104.78   	 172.94		
 55.24   	181.58   	105.47   	 172.94		
 55.85   	194.09   	106.16   	 172.94		
 55.85   	206.30   	106.86   	 172.94		
 82.70   	215.76   	107.55   	 167.85		
133.67   	221.56   	108.22   	 167.85		
175.17   	224.91   	108.89   	 167.85		
171.51   	226.75   	109.56   	 167.85		
124.51   	227.36   	110.23   	 162.77		
 73.55   	225.52   	110.88   	 152.59		
 52.80   	219.12   	111.49   	 152.59		
 65.00   	207.82   	112.11   	 137.33		
 79.96   	195.31   	112.65   	 132.25		
 64.70   	185.85   	113.18   	 116.99		
 19.84   	178.53   	113.65   	 106.82		
-20.45   	167.85   	114.08   	  96.64		
-28.38   	148.93   	114.47   	  76.30		
-10.68   	121.15   	114.77   	  66.12		
  2.44   	 91.86   	115.04   	  50.86		
-16.48   	 70.50   	115.24   	  40.69		
-70.80   	 61.65   	115.40   	  30.52		
-131.84   	 60.42   	115.52   	  20.35		
-164.79   	 57.37   	115.60   	  20.35		
-156.86   	 45.47   	115.69   	  10.17		
-125.12   	 26.55   	115.73   	   5.09		
-103.76   	  9.46   	115.75(S)	  -5.09		
-115.97   	  2.14   	115.73   	 -10.17		
-159.91   	  4.27   	115.69   	 -20.35		
-209.05   	 10.07   	115.60   	 -30.52		
-231.32   	 12.51   	115.48   	 -45.78		
-216.06   	  8.54   	115.30   	 -61.04		
-176.39   	  0.31   	115.06   	 -76.30		
-131.53   	 -9.46   	114.75   	 -96.64		
-93.99   	-20.14   	114.36   	-122.07		
-71.72   	-29.91   	113.88   	-152.59		
-73.24   	-35.40   	113.27   	-178.03		
-108.34   	-32.65   	112.55   	-218.72		
-170.90   	-21.97   	111.68   	-254.32		
-234.07   	 -8.54   	110.66   	-289.93		
-263.98   	 -0.61   	109.50   	-315.36		
-246.28   	 -2.75   	108.24   	-325.53		
-191.35   	-12.51   	106.94   	-345.88		
-126.95   	-23.19   	105.55   	-356.05		
-79.04   	-29.60   	104.13   	-396.74		
-61.04   	-31.74   	102.54   	-447.61		
-75.07   	-30.82   	100.75   	-528.99		
-115.36   	-28.38   	 98.64   	-640.89		
-166.02   	-24.72   	 96.07   	-768.05		
-201.72   	-21.67   	 93.00   	-890.13		
-200.81   	-20.45   	 89.44   	-1017.29		
-165.10   	-22.89   	 85.37   	-1108.85		
-124.21   	-27.16   	 80.94   	-1180.06		
-108.95   	-30.52   	 76.22   	-1210.58		
-132.75   	-29.91   	 71.37   	-1205.49		
-178.22   	-26.25   	 66.55   	-1169.88		
-209.05   	-21.97   	 61.87   	-1098.67		
-204.47   	-20.14   	 57.48   	-1022.38		
-176.09   	-21.06   	 53.39   	-935.91		
-151.67   	-23.50   	 49.64   	-849.44		
-148.01   	-25.63   	 46.25   	-778.23		
-159.00   	-27.47   	 43.13   	-717.19		
-164.49   	-28.38   	 40.26   	-671.41		
-154.11   	-27.16   	 37.58   	-640.89		
-134.58   	-23.80   	 35.02   	-615.46		
-119.93   	-19.53   	 32.55   	-590.03		
-116.88   	-16.78   	 30.19   	-574.77		
-122.07   	-17.70   	 27.89   	-539.16		
-127.56   	-21.97   	 25.74   	-513.73		
-133.67   	-25.63   	 23.68   	-462.87		
-148.32   	-24.72   	 21.83   	-422.18		
-172.12   	-19.53   	 20.14   	-371.31		
-195.31   	-14.04   	 18.66   	-315.36		
-205.08   	-13.73   	 17.40   	-274.67		
-197.14   	-18.62   	 16.30   	-233.98		
-175.48   	-24.11   	 15.36   	-198.37		
-149.23   	-25.02   	 14.57   	-172.94		
-124.82   	-20.45   	 13.88   	-157.68		
-106.20   	-14.04   	 13.25   	-137.33		
-96.44   	-10.99   	 12.70   	-137.33		
-99.49   	-13.12   	 12.15   	-122.07		
-121.46   	-18.01   	 11.66   	-116.99		
-160.52   	-20.75   	 11.19   	-106.82		
-202.33   	-20.14   	 10.76   	 -91.56		
-231.63   	-17.70   	 10.40   	 -76.30		
-237.12   	-15.56   	 10.09   	 -66.12		
-215.15   	-15.26   	  9.83   	 -45.78		
-176.09   	-15.87   	  9.64   	 -25.43		
-141.60   	-15.87   	  9.54   	 -15.26		
-130.00   	-14.65   	  9.48   	  -5.09		
-146.18   	-13.73   	  9.46(D)	   0.00		
-175.78   	-16.17   	  9.46   	  10.17		
-197.45   	-22.28   	  9.50   	   5.09		
-197.45   	-29.60   	  9.52   	  10.17		
-178.83   	-34.48   	  9.56   	   5.09		
-156.25   	-34.18   	  9.58   	   0.00		
-142.21   	-29.30   	  9.58   	   0.00		
-137.02   	-22.58   	  9.58   	   0.00		
-130.92   	-16.17   	  9.58   	  -5.09		
-119.93   	-10.99   	  9.56   	  -5.09		
-108.64   	 -8.54   	  9.54   	  -5.09		
-99.49   	-10.38   	  9.52   	   5.09		
-91.86   	-15.56   	  9.54   	   0.00		
-89.42   	-21.36   	  9.54   	   5.09		
-94.60   	-21.97   	  9.56   	  10.17		
-111.69   	-14.04   	  9.60   	  10.17		
-143.74   	  0.92   	  9.64   	  10.17		
-180.05   	 17.40   	  9.68   	  10.17		
-198.67   	 30.21   	  9.73   	  10.17		
-184.94   	 38.45   	  9.77   	  10.17		
-147.09   	 43.64   	  9.81   	   5.09		
-108.95   	 47.91   	  9.83   	   5.09		
-95.21   	 54.32   	  9.85   	   5.09		
-112.00   	 65.61   	  9.87   	   0.00		
-142.52   	 82.40   	  9.87   	   0.00		
-159.00   	101.62   	  9.87   	   0.00		
-147.71   	115.97   	  9.87   	   0.00		
-118.71   	117.49   	  9.87   	   0.00		
-91.25   	105.59   	  9.87   	   0.00		
-71.11   	 87.89   	  9.87   	   5.09		
-56.46   	 73.55   	  9.89   	   5.09		
-47.30   	 67.44   	  9.91   	   0.00		
-49.74   	 67.14   	  9.91   	   5.09		
-73.55   	 66.53   	  9.93   	   5.09		
-115.97   	 59.51   	  9.95   	   0.00		
-152.59   	 44.86   	  9.95   	   0.00		
-159.91   	 25.63   	  9.95   	   0.00		
-139.16   	  7.93   	  9.95   	   0.00		
-113.83   	 -3.97   	  9.95   	  -5.09		
-105.59   	 -9.46   	  9.93   	  -5.09		
-115.97   	-13.43   	  9.91   	   0.00		
-128.48   	-22.28   	  9.91   	  -5.09		
-129.39   	-36.32   	  9.89   	  -5.09		
-122.99   	-48.22   	  9.87   	  -5.09		
-126.65   	-50.35   	  9.85   	   0.00		
-148.93   	-40.89   	  9.85   	   5.09		
-174.87   	-27.77   	  9.87   	   5.09		
-182.19   	-22.58   	  9.89   	  10.17		
-162.96   	-30.21   	  9.93   	  15.26		
-132.14   	-44.86   	  9.99   	  20.35		
-113.53   	-57.98   	 10.07   	  20.35		
-122.38   	-63.78   	 10.15   	  30.52		
-151.67   	-62.87   	 10.27   	  30.52		
-182.50   	-60.42   	 10.40   	  35.61		
-200.50   	-59.51   	 10.54   	  40.69		
-205.08   	-57.68   	 10.70   	  40.69		
-201.11   	-54.02   	 10.86   	  50.86		
-191.65   	-48.52   	 11.07   	  50.86		
-177.31   	-43.64   	 11.27   	  50.86		
-161.44   	-40.89   	 11.48   	  55.95		
-155.03   	-36.32   	 11.70   	  55.95		
-166.93   	-21.97   	 11.92   	  55.95		
-197.45   	  8.85   	 12.15   	  55.95		
-230.41   	 53.10   	 12.37   	  45.78		
-236.82   	 95.83   	 12.55   	  45.78		
-192.57   	118.10   	 12.74   	  40.69		
-89.72   	110.78   	 12.90   	  40.69		
 61.04   	 82.40   	 13.06   	  30.52		
231.32   	 43.95   	 13.18   	  30.52		
390.01   	 -8.54   	 13.31   	  25.43		
516.97   	-90.64   	 13.41   	  25.43		
601.20   	-205.38   	 13.51   	  20.35		
633.54(R)	-326.23   	 13.59(E)	  30.52		
603.03   	-404.66   	 13.71   	  25.43		
509.34   	-408.02   	 13.81   	  30.52		
370.79   	-350.65   	 13.94   	  30.52		
220.03   	-277.10   	 14.06   	  35.61		
 88.20   	-218.81   	 14.20   	  35.61		
 -7.02   	-173.34   	 14.34   	  45.78		
-70.80   	-121.15   	 14.53   	  55.95		
-114.75   	-56.46   	 14.75   	  66.12		
-140.99   	  0.31   	 15.02   	  86.47		
-147.40   	 25.02   	 15.36   	 106.82		
-138.55   	 15.87   	 15.79   	 142.42		
-126.34   	 -6.71   	 16.36   	 183.11		
-120.54   	-20.45   	 17.09   	 239.06		
-116.58   	-18.92   	 18.05   	 295.01		
-105.90   	-10.68   	 19.23   	 361.14		
-91.55   	 -5.49   	 20.67   	 432.35		
-90.03   	 -4.27   	 22.40   	 508.65		
-115.66   	 -2.44   	 24.44   	 579.86		
-162.05   	  3.36   	 26.75   	 651.07		
-199.89   	 10.38   	 29.36   	 722.28		
-200.81   	 14.65   	 32.25   	 783.31		
-168.15   	 12.51   	 35.38   	 844.35		
-131.53   	  6.10   	 38.76   	 890.13		
-115.05   	  0.92   	 42.32   	 920.65		
-116.58   	  1.53   	 46.00   	 935.91		
-116.27   	  7.32   	 49.75   	 925.73		
-102.23   	 12.82   	 53.45   	 900.30		
-87.89   	 14.95   	 57.05   	 844.35		
-96.74   	 13.73   	 60.43   	 778.23		
-133.97   	 13.73   	 63.54   	 701.93		
-173.65   	 17.70   	 66.35   	 620.55		
-184.63   	 23.19   	 68.83   	 554.42		
-160.22   	 25.02   	 71.05   	 493.39		
-120.54   	 21.36   	 73.02   	 452.69		
-93.38   	 15.26   	 74.83   	 422.18		
-89.72   	 12.21   	 76.52   	 417.09		
-99.79   	 16.17   	 78.19   	 417.09		
-109.86   	 25.33   	 79.86   	 427.26		
-118.71   	 35.71   	 81.57   	 432.35		
-131.53   	 43.03   	 83.30   	 432.35		
-145.87   	 45.47   	 85.03   	 432.35		
-149.54   	 44.86   	 86.75   	 422.18		
-128.78   	 43.03   	 88.44   	 401.83		
-82.70   	 41.20   	 90.05   	 371.31		
-31.43   	 41.50   	 91.54   	 335.71		
 -1.53   	 45.78   	 92.88   	 300.10		
-10.38   	 54.32   	 94.08   	 264.50		
-52.80   	 66.22   	 95.14   	 228.89		
-103.76   	 77.21   	 96.05   	 198.37		
-131.84   	 85.14   	 96.85   	 178.03		
-122.38   	 89.42   	 97.56   	 162.77		
-80.87   	 92.47   	 98.21   	 157.68		
-25.02   	 94.30   	 98.84   	 147.51		
 25.94   	 94.60   	 99.43   	 152.59		
 55.85   	 93.38   	100.04   	 157.68		
 60.42   	 94.91   	100.67   	 157.68		
 44.56   	105.29   	101.30   	 167.85		
 20.14   	127.26   	101.97   	 167.85		
  3.97   	155.33   	102.64   	 178.03		
  5.49   	180.66   	103.36   	 172.94		
 20.75   	195.31   	104.05   	 178.03		
 38.45   	199.89   	104.76   	 178.03		
 51.88   	200.20   	105.47   	 172.94		
 64.70   	202.94   	106.16   	 178.03		
 80.57   	211.49   	106.88   	 167.85		
100.10   	222.78   	107.55   	 172.94		
120.54   	231.32   	108.24   	 172.94		
136.41   	233.76   	108.93   	 167.85		
142.52   	230.10   	109.60   	 167.85		
133.06   	222.17   	110.27   	 162.77		
105.29   	212.40   	110.93   	 152.59		
 66.53   	201.42   	111.54   	 152.59		
 34.18   	189.21   	112.15   	 137.33		
 20.75   	174.56   	112.70   	 127.16		
 22.28   	158.69   	113.20   	 111.90		
 21.67   	143.43   	113.65   	  96.64		
  7.02   	129.39   	114.04   	  81.38		
-14.95   	115.97   	114.36   	  71.21		
-32.65   	101.01   	114.65   	  50.86		
-45.47   	 84.23   	114.85   	  35.61		
-66.83   	 67.14   	114.99   	  20.35		
-104.98   	 52.49   	115.08   	  15.26		
-148.93   	 40.28   	115.14   	   5.09		
-176.70   	 28.69   	115.16(S)	   0.00		
-172.12   	 15.26   	115.16   	  -5.09		
-142.82   	  0.92   	115.14   	  -5.09		
-115.97   	-10.68   	115.12   	 -10.17		
-112.30   	-14.65   	115.08   	 -10.17		
-129.70   	-10.99   	115.04   	 -25.43		
-155.03   	 -5.80   	114.93   	 -35.61		
-174.56   	 -5.19   	114.79   	 -50.86		
-182.50   	-10.68   	114.59   	 -76.30		
-181.58   	-19.53   	114.28   	-101.73		
-176.70   	-26.86   	113.88   	-137.33		
-168.15   	-29.91   	113.33   	-167.85		
-155.64   	-29.30   	112.65   	-208.54		
-141.91   	-26.86   	111.82   	-239.06		
-130.31   	-24.72   	110.86   	-279.75		
-126.65   	-23.80   	109.75   	-305.19		
-132.75   	-25.33   	108.52   	-325.53		
-140.38   	-29.91   	107.22   	-330.62		
-135.50   	-35.40   	105.90   	-345.88		
-117.19   	-38.45   	104.52   	-371.31		
-101.01   	-38.15   	103.03   	-412.00		
-109.56   	-34.48   	101.38   	-493.39		
-150.15   	-30.52   	 99.41   	-590.03		
-202.94   	-28.08   	 97.05   	-707.02		
-232.24   	-28.99   	 94.22   	-839.26		
-219.12   	-32.35   	 90.86   	-971.51		
-176.39   	-36.93   	 86.98   	-1078.33		
-133.36   	-39.98   	 82.66   	-1159.71		
-106.81   	-41.20   	 78.03   	-1210.58		
-96.44   	-41.20   	 73.18   	-1220.75		
-99.79   	-39.37   	 68.30   	-1200.40		
-118.41   	-35.40   	 63.50   	-1139.36		
-148.32   	-28.99   	 58.94   	-1063.07		
-177.61   	-21.36   	 54.69   	-976.60		
-185.85   	-16.17   	 50.78   	-890.13		
-163.27   	-17.40   	 47.22   	-803.66		
-124.51   	-24.41   	 44.01   	-737.54		
-101.01   	-32.35   	 41.06   	-681.58		
-110.17   	-35.10   	 38.33   	-640.89		
-139.16   	-31.43   	 35.77   	-620.55		
-162.35   	-25.33   	 33.29   	-595.11		
-165.41   	-21.97   	 30.91   	-574.77		
-155.03   	-21.97   	 28.61   	-554.42		
-147.09   	-21.97   	 26.39   	-523.90		
-149.54   	-18.62   	 24.29   	-488.30		
-157.47   	-13.12   	 22.34   	-442.52		
-159.61   	-11.29   	 20.57   	-391.66		
-153.20   	-17.70   	 19.00   	-345.88		
-147.40   	-29.30   	 17.62   	-289.93		
-148.93   	-38.45   	 16.46   	-254.32		
-152.59   	-37.54   	 15.44   	-208.54		
-149.84   	-26.86   	 14.61   	-183.11		
-139.16   	-15.26   	 13.88   	-167.85		
-129.70   	-12.21   	 13.20   	-147.51		
-130.62   	-19.53   	 12.61   	-137.33		
-142.52   	-30.52   	 12.07   	-132.25		
-157.78   	-35.40   	 11.54   	-122.07		
-161.44   	-29.91   	 11.05   	-116.99		
-147.71   	-18.92   	 10.58   	-106.82		
-126.65   	-11.60   	 10.15   	 -96.64		
-116.58   	-13.12   	  9.77   	 -76.30		
-130.62   	-20.14   	  9.46   	 -61.04		
-163.57   	-26.86   	  9.22   	 -45.78		
-192.87   	-28.99   	  9.03   	 -35.61		
-193.48   	-27.77   	  8.89   	 -15.26		
-158.39   	-27.16   	  8.83   	  -5.09		
-109.56   	-28.38   	  8.81(D)	   0.00		
-82.70   	-29.60   	  8.81   	   5.09		
-96.74   	-27.77   	  8.83   	   5.09		
-139.47   	-21.67   	  8.85   	   5.09		
-171.81   	-14.95   	  8.87   	   5.09		
-160.22   	-13.73   	  8.89   	   5.09		
-114.44   	-20.75   	  8.91   	   0.00		
-76.29   	-31.74   	  8.91   	   0.00		
-81.79   	-38.15   	  8.91   	   0.00		
-133.97   	-33.87   	  8.91   	   5.09		
-196.84   	-21.36   	  8.93   	   5.09		
-222.17   	-10.07   	  8.95   	   5.09		
-194.40   	 -7.93   	  8.97   	  15.26		
-140.69   	-14.34   	  9.03   	  10.17		
-97.35   	-19.23   	  9.07   	  15.26		
-82.40   	-13.73   	  9.14   	  20.35		
-89.42   	  3.66   	  9.22   	  15.26		
-105.59   	 24.72   	  9.28   	  15.26		
-123.90   	 40.89   	  9.34   	  20.35		
-144.96   	 50.35   	  9.42   	  10.17		
-165.41   	 55.54   	  9.46   	  15.26		
-167.24   	 61.34   	  9.52   	   5.09		
-134.58   	 67.44   	  9.54   	  10.17		
-79.04   	 73.55   	  9.58   	   5.09		
-33.57   	 79.04   	  9.60   	   5.09		
-28.99   	 85.75   	  9.62   	   0.00		
-66.83   	 93.38   	  9.62   	   0.00		
-115.05   	 99.18   	  9.62   	   0.00		
-135.50   	100.10   	  9.62   	   0.00		
-113.53   	 93.38   	  9.62   	   5.09		
-69.58   	 81.18   	  9.64   	  -5.09		
-39.98   	 66.83   	  9.62   	   0.00		
-44.86   	 50.96   	  9.62   	   0.00		
-76.90   	 35.10   	  9.62   	   0.00		
-112.00   	 20.45   	  9.62   	   0.00		
-127.87   	  8.54   	  9.62   	   0.00		
-119.63   	  0.00   	  9.62   	  -5.09		
-104.06   	 -8.24   	  9.60   	   0.00		
-101.01   	-18.31   	  9.60   	  -5.09		
-117.80   	-31.74   	  9.58   	   0.00		
-140.69   	-45.47   	  9.58   	  -5.09		
-150.45   	-54.93   	  9.56   	   0.00		
-139.47   	-59.20   	  9.56   	   0.00		
-121.46   	-59.81   	  9.56   	   0.00		
-121.15   	-58.59   	  9.56   	   5.09		
-151.37   	-56.15   	  9.58   	  10.17		
-195.31   	-52.80   	  9.62   	  10.17		
-217.29   	-50.66   	  9.66   	  10.17		
-194.70   	-52.80   	  9.70   	  20.35		
-141.60   	-60.42   	  9.79   	  20.35		
-94.60   	-68.97   	  9.87   	  25.43		
-84.84   	-73.85   	  9.97   	  30.52		
-116.27   	-72.63   	 10.09   	  30.52		
-164.18   	-68.05   	 10.21   	  40.69		
-197.45   	-64.70   	 10.38   	  40.69		
-204.47   	-64.09   	 10.54   	  50.86		
-192.26   	-63.48   	 10.74   	  50.86		
-168.15   	-59.81   	 10.95   	  55.95		
-136.11   	-50.96   	 11.17   	  55.95		
-108.34   	-36.93   	 11.39   	  55.95		
-102.84   	-14.04   	 11.62   	  55.95		
-132.75   	 20.75   	 11.84   	  50.86		
-190.12   	 62.56   	 12.04   	  50.86		
-238.95   	 97.66   	 12.25   	  45.78		
-226.75   	111.08   	 12.43   	  40.69		
-121.77   	 97.66   	 12.59   	  35.61		
 59.51   	 65.31   	 12.74   	  30.52		
267.03   	 18.31   	 12.86   	  25.43		
451.66   	-54.63   	 12.96   	  25.43		
585.33   	-161.74   	 13.06   	  20.35		
659.18   	-287.78   	 13.14   	  25.43		
672.00(R)	-390.63   	 13.25(E)	  20.35		
614.32   	-426.03   	 13.33   	  30.52		
481.26   	-388.79   	 13.45   	  25.43		
299.07   	-317.38   	 13.55   	  35.61		
116.58   	-254.52   	 13.69   	  35.61		
-17.70   	-209.96   	 13.84   	  40.69		
-81.79   	-163.88   	 14.00   	  50.86		
-89.72   	-99.18   	 14.20   	  61.04		
-74.46   	-28.08   	 14.45   	  71.21		
-62.87   	 17.70   	 14.73   	  96.64		
-66.53   	 21.36   	 15.12   	 122.07		
-83.92   	 -3.66   	 15.61   	 157.68		
-108.64   	-28.38   	 16.24   	 203.46		
-130.92   	-34.48   	 17.05   	 254.32		
-143.13   	-24.41   	 18.07   	 325.53		
-141.91   	-10.99   	 19.37   	 386.57		
-129.39   	 -4.58   	 20.92   	 467.95		
-115.05   	 -4.88   	 22.79   	 534.08		
-112.92   	 -6.41   	 24.92   	 610.37		
-130.62   	 -6.41   	 27.37   	 676.50		
-156.86   	 -3.97   	 30.07   	 742.62		
-170.59   	 -1.22   	 33.04   	 803.66		
-161.13   	  0.00   	 36.26   	 859.61		
-136.72   	  0.92   	 39.69   	 895.22		
-118.10   	  3.05   	 43.28   	 920.65		
-117.19   	  6.41   	 46.96   	 930.82		
-119.93   	  7.63   	 50.68   	 915.56		
-105.90   	  5.49   	 54.34   	 885.04		
-76.90   	  2.44   	 57.88   	 829.09		
-59.20   	  3.05   	 61.20   	 762.97		
-77.82   	 10.07   	 64.25   	 696.84		
-128.48   	 20.14   	 67.04   	 615.46		
-175.78   	 26.86   	 69.50   	 554.42		
-183.11   	 27.16   	 71.72   	 498.47		
-146.79   	 23.80   	 73.71   	 457.78		
-96.13   	 20.75   	 75.54   	 437.43		
-67.14   	 21.06   	 77.29   	 427.26		
-67.14   	 23.50   	 79.00   	 422.18		
-73.55   	 25.94   	 80.69   	 422.18		
-68.66   	 27.77   	 82.38   	 432.35		
-57.68   	 28.99   	 84.11   	 427.26		
-61.95   	 31.74   	 85.82   	 422.18		
-97.35   	 36.62   	 87.51   	 406.92		
-151.06   	 43.33   	 89.13   	 391.66		
-186.16   	 50.35   	 90.70   	 361.14		
-174.56   	 55.85   	 92.15   	 325.53		
-121.77   	 57.68   	 93.45   	 300.10		
-60.42   	 56.76   	 94.65   	 259.41		
-22.28   	 55.54   	 95.69   	 233.98		
-16.78   	 58.59   	 96.62   	 203.46		
-29.60   	 66.22   	 97.44   	 188.20		
-32.96   	 76.60   	 98.19   	 167.85		
-12.21   	 86.06   	 98.86   	 162.77		
 22.89   	 93.69   	 99.51   	 162.77		
 44.86   	101.62   	100.16   	 157.68		
 32.35   	112.92   	100.79   	 162.77		
 -8.54   	128.17   	101.44   	 162.77		
-47.91   	142.52   	102.10   	 167.85		
-53.71   	151.37   	102.77   	 167.85		
-18.62   	155.33   	103.44   	 167.85		
 34.79   	158.39   	104.11   	 162.77		
 76.90   	165.71   	104.76   	 167.85		
 93.69   	178.53   	105.43   	 162.77		
 94.30   	193.18   	106.08   	 167.85		
 97.35   	205.38   	106.75   	 172.94		
108.64   	212.40   	107.45   	 172.94		
120.85   	215.76   	108.14   	 178.03		
126.34   	218.51   	108.85   	 178.03		
126.65   	222.17   	109.56   	 178.03		
134.28   	224.30   	110.27   	 172.94		
155.64   	221.56   	110.97   	 162.77		
174.26   	211.49   	111.62   	 147.51		
162.96   	197.75   	112.21   	 132.25		
110.17   	184.94   	112.74   	 116.99		
 37.23   	173.65   	113.20   	 101.73		
-19.53   	160.83   	113.61   	  86.47		
-36.01   	142.21   	113.96   	  76.30		
-24.11   	118.10   	114.26   	  66.12		
-18.01   	 94.30   	114.53   	  55.95		
-35.40   	 76.60   	114.75   	  55.95		
-68.36   	 65.00   	114.97   	  45.78		
-98.57   	 56.46   	115.16   	  35.61		
-115.97   	 46.08   	115.30   	  30.52		
-122.38   	 33.26   	115.42   	  15.26		
-122.99   	 19.53   	115.48   	  10.17		
-116.58   	  7.63   	115.52(S)	  -5.09		
-101.62   	 -1.83   	115.50   	 -15.26		
-87.59   	 -7.93   	115.44   	 -25.43		
-91.86   	-10.38   	115.34   	 -40.69		
-123.90   	 -8.24   	115.18   	 -50.86		
-173.03   	 -3.66   	114.97   	 -66.12		
-212.10   	 -0.61   	114.71   	 -81.38		
-213.62   	 -4.27   	114.38   	-101.73		
-173.03   	-16.17   	113.98   	-122.07		
-116.27   	-31.43   	113.49   	-152.59		
-83.01   	-41.50   	112.88   	-188.20		
-95.83   	-41.50   	112.13   	-218.72		
-140.99   	-32.96   	111.25   	-259.41		
-182.50   	-22.89   	110.21   	-289.93		
-190.73   	-18.62   	109.05   	-310.27		
-167.24   	-21.36   	107.81   	-325.53		
-144.04   	-27.16   	106.51   	-335.71		
-145.26   	-32.04   	105.17   	-366.22		
-163.57   	-34.48   	103.70   	-417.09		
-174.26   	-36.32   	102.03   	-483.21		
-163.57   	-37.84   	100.10   	-584.94		
-140.69   	-38.15   	 97.76   	-707.02		
-126.04   	-34.79   	 94.93   	-834.18		
-129.09   	-28.38   	 91.60   	-961.34		
-136.72   	-21.36   	 87.75   	-1078.33		
-133.06   	-18.01   	 83.44   	-1159.71		
-117.19   	-19.84   	 78.80   	-1220.75		
-102.84   	-25.02   	 73.92   	-1241.09		
-104.98   	-29.30   	 68.95   	-1220.75		
-127.87   	-29.91   	 64.07   	-1169.88		
-159.61   	-26.86   	 59.39   	-1103.76		
-186.77   	-23.50   	 54.97   	-1012.20		
-198.36   	-23.19   	 50.93   	-925.73		
-187.07   	-26.86   	 47.22   	-839.26		
-154.42   	-31.74   	 43.87   	-757.88		
-115.66   	-33.57   	 40.83   	-696.84		
-90.94   	-29.91   	 38.05   	-656.15		
-92.16   	-21.67   	 35.42   	-615.46		
-115.05   	-13.43   	 32.96   	-590.03		
-143.43   	 -9.46   	 30.60   	-569.68		
-160.22   	-10.68   	 28.32   	-544.25		
-160.52   	-14.34   	 26.14   	-518.82		
-151.98   	-17.70   	 24.07   	-483.21		
-143.43   	-18.92   	 22.14   	-442.52		
-139.16   	-18.01   	 20.37   	-396.74		
-134.89   	-15.87   	 18.78   	-345.88		
-121.46   	-13.43   	 17.40   	-300.10		
-95.21   	-12.82   	 16.20   	-254.32		
-69.89   	-15.87   	 15.18   	-218.72		
-65.31   	-22.28   	 14.30   	-188.20		
-93.08   	-27.77   	 13.55   	-167.85		
-148.01   	-27.47   	 12.88   	-152.59		
-203.25   	-19.53   	 12.27   	-137.33		
-229.19   	 -8.54   	 11.72   	-132.25		
-217.90   	 -1.83   	 11.19   	-127.16		
-185.55   	 -4.58   	 10.68   	-116.99		
-152.59   	-13.12   	 10.21   	-106.82		
-126.95   	-21.36   	  9.79   	 -96.64		
-103.15   	-24.11   	  9.40   	 -86.47		
-78.74   	-21.67   	  9.05   	 -66.12		
-62.87   	-16.48   	  8.79   	 -50.86		
-71.41   	-12.51   	  8.59   	 -35.61		
-108.64   	-10.38   	  8.44   	 -25.43		
-158.39   	 -8.54   	  8.34   	 -15.26		
-190.12   	 -5.19   	  8.28   	  -5.09		
-187.38   	 -0.92   	  8.26   	   0.00		
-161.13   	  3.05   	  8.26   	   0.00		
-137.63   	  3.66   	  8.26   	   0.00		
-134.58   	 -0.61   	  8.26   	   0.00		
-149.23   	 -8.85   	  8.26   	 -10.17		
-162.35   	-18.31   	  8.22   	 -10.17		
-155.64   	-24.41   	  8.18   	 -15.26		
-128.48   	-24.41   	  8.12   	 -15.26		
-98.88   	-20.45   	  8.06   	 -15.26		
-88.20   	-15.26   	  8.00   	 -15.26		
-103.15   	-11.29   	  7.93   	 -15.26		
-133.06   	 -7.02   	  7.87   	 -10.17		
-157.78   	  1.22   	  7.83   	 -10.17		
-162.66   	 15.56   	  7.79   	  -5.09		
-148.93   	 34.18   	  7.77   	   0.00		
-130.00   	 52.80   	  7.77   	   0.00		
-119.63   	 65.61   	  7.77   	   0.00		
-121.77   	 70.50   	  7.77   	   0.00		
-129.39   	 71.11   	  7.77   	   0.00		
-132.14   	 74.16   	  7.77   	  -5.09		
-121.77   	 83.62   	  7.75   	  -5.09		
-95.21   	 97.35   	  7.73   	  -5.09		
-55.85   	107.12   	  7.71   	 -10.17		
-14.65   	105.59   	  7.67   	 -10.17		
 10.68   	 93.08   	  7.63   	 -10.17		
  7.93   	 79.65   	  7.59   	 -15.26		
-23.80   	 74.46   	  7.53   	 -10.17		
-68.66   	 79.35   	  7.49   	 -10.17		
-101.01   	 85.45   	  7.45   	 -10.17		
-106.81   	 81.79   	  7.41   	 -10.17		
-96.13   	 65.92   	  7.37   	 -10.17		
-90.33   	 43.64   	  7.32   	  -5.09		
-95.21   	 23.50   	  7.30   	 -10.17		
-97.66   	  9.46   	  7.26   	   0.00		
-83.31   	 -1.53   	  7.26   	  -5.09		
-58.59   	-13.12   	  7.24   	  -5.09		
-54.32   	-25.63   	  7.22   	   0.00		
-95.83   	-36.32   	  7.22   	  -5.09		
-170.90   	-43.03   	  7.20   	   0.00		
-234.99   	-47.00   	  7.20   	  -5.09		
-246.28   	-51.57   	  7.18   	   0.00		
-200.20   	-56.15   	  7.18   	  -5.09		
-130.00   	-58.29   	  7.16(D)	   0.00		
-79.96   	-54.32   	  7.16   	   5.09		
-74.16   	-45.47   	  7.18   	   5.09		
-104.68   	-37.23   	  7.20   	   5.09		
-145.87   	-35.10   	  7.22   	  15.26		
-173.65   	-39.37   	  7.28   	  15.26		
-173.65   	-46.69   	  7.34   	  20.35		
-150.45   	-52.49   	  7.43   	  30.52		
-123.60   	-53.71   	  7.55   	  35.61		
-108.64   	-50.66   	  7.69   	  40.69		
-105.59   	-47.00   	  7.85   	  40.69		
-103.15   	-45.78   	  8.02   	  45.78		
-92.47   	-48.22   	  8.20   	  50.86		
-83.92   	-48.52   	  8.40   	  45.78		
-101.01   	-36.32   	  8.59   	  50.86		
-157.17   	 -3.36   	  8.79   	  45.78		
-235.60   	 45.17   	  8.97   	  40.69		
-291.14   	 89.42   	  9.14   	  35.61		
-277.71   	107.12   	  9.28   	  35.61		
-182.19   	 89.11   	  9.42   	  30.52		
-25.94   	 47.61   	  9.54   	  25.43		
159.30   	 -0.31   	  9.64   	  15.26		
346.98   	-57.07   	  9.70   	  20.35		
521.24   	-139.16   	  9.79   	  10.17		
664.37   	-251.46   	  9.83   	   5.09		
745.24(R)	-367.74   	  9.85(E)	   5.09		
729.98   	-434.88   	  9.87   	   5.09		
605.77   	-417.79   	  9.89   	   0.00		
404.97   	-334.78   	  9.89   	   5.09		
194.70   	-239.87   	  9.91   	   5.09		
 40.59   	-177.00   	  9.93   	   5.09		
-27.16   	-148.01   	  9.95   	  20.35		
-27.47   	-122.38   	 10.03   	  30.52		
-13.12   	-77.51   	 10.15   	  45.78		
-28.38   	-22.28   	 10.34   	  71.21		
-81.18   	 16.48   	 10.62   	 101.73		
-142.52   	 25.63   	 11.03   	 137.33		
-173.03   	 13.73   	 11.58   	 183.11		
-157.17   	  0.31   	 12.31   	 233.98		
-115.05   	 -3.66   	 13.25   	 289.93		
-85.45   	 -1.22   	 14.40   	 350.97		
-90.03   	  0.61   	 15.81   	 412.00		
-121.15   	 -2.44   	 17.46   	 478.13		
-149.23   	 -7.02   	 19.37   	 534.08		
-147.71   	 -8.85   	 21.51   	 590.03		
-118.41   	 -7.02   	 23.87   	 645.98		
-86.36   	 -2.75   	 26.45   	 686.67		
-77.82   	  2.14   	 29.20   	 732.45		
-101.01   	  7.32   	 32.13   	 773.14		
-141.91   	 14.04   	 35.22   	 803.66		
-174.56   	 21.67   	 38.43   	 829.09		
-175.48   	 27.77   	 41.75   	 839.26		
-139.47   	 27.47   	 45.11   	 839.26		
-86.36   	 19.23   	 48.46   	 829.09		
-47.61   	  9.16   	 51.78   	 803.66		
-46.08   	  6.10   	 54.99   	 757.88		
-81.79   	 13.12   	 58.03   	 717.19		
-130.92   	 26.55   	 60.89   	 671.41		
-160.52   	 36.93   	 63.58   	 625.63		
-151.67   	 37.54   	 66.08   	 595.11		
-113.22   	 29.30   	 68.46   	 574.77		
-73.55   	 19.84   	 70.76   	 554.42		
-57.68   	 15.26   	 72.98   	 554.42		
-71.11   	 16.17   	 75.20   	 554.42		
-99.49   	 19.84   	 77.42   	 539.16		
-118.41   	 24.72   	 79.57   	 528.99		
-112.92   	 30.52   	 81.69   	 503.56		
-89.11   	 37.84   	 83.70   	 473.04		
-64.39   	 46.39   	 85.59   	 427.26		
-50.96   	 53.10   	 87.30   	 381.48		
-50.66   	 56.46   	 88.83   	 340.79		
-55.54   	 58.29   	 90.19   	 289.93		
-56.46   	 61.34   	 91.35   	 244.15		
-53.71   	 65.61   	 92.33   	 213.63		
-55.85   	 69.58   	 93.18   	 183.11		
-63.17   	 71.72   	 93.92   	 157.68		
-62.87   	 72.33   	 94.55   	 142.42		
-40.28   	 75.07   	 95.12   	 127.16		
  0.92   	 83.31   	 95.63   	 122.07		
 36.62   	 98.27   	 96.11   	 111.90		
 36.32   	116.27   	 96.56   	 111.90		
 -5.49   	133.67   	 97.01   	 111.90		
-52.49   	146.79   	 97.46   	 111.90		
-53.10   	155.03   	 97.90   	 116.99		
  4.88   	159.30   	 98.37   	 116.99		
 83.31   	163.57   	 98.84   	 122.07		
125.43   	169.98   	 99.33   	 127.16		
106.81   	178.83   	 99.84   	 137.33		
 57.68   	188.29   	100.39   	 147.51		
 33.26   	196.53   	100.98   	 157.68		
 63.17   	202.03   	101.61   	 157.68		
126.65   	206.30   	102.24   	 167.85		
180.05   	211.49   	102.91   	 172.94		
194.70   	218.20   	103.60   	 178.03		
171.51   	222.47   	104.31   	 172.94		
129.70   	220.95   	105.00   	 167.85		
 90.33   	213.62   	105.68   	 167.85		
 65.31   	203.55   	106.35   	 162.77		
 54.63   	194.09   	107.00   	 152.59		
 53.71   	184.63   	107.61   	 142.42		
 50.96   	170.59   	108.18   	 137.33		
 35.10   	148.01   	108.73   	 116.99		
  5.49   	119.32   	109.20   	 106.82		
-27.77   	 92.47   	109.62   	  86.47		
-56.76   	 73.85   	109.97   	  66.12		
-80.57   	 65.00   	110.23   	  55.95		
-100.10   	 63.17   	110.46   	  30.52		
-115.05   	 61.04   	110.58   	  20.35		
-120.24   	 52.49   	110.66   	  10.17		
-114.44   	 36.32   	110.70(S)	 -10.17		
-109.56   	 16.17   	110.66   	 -10.17		
-118.10   	 -1.22   	110.62   	 -25.43		
-137.94   	-11.29   	110.52   	 -30.52		
-152.89   	-13.12   	110.40   	 -35.61		
-150.76   	-10.07   	110.25   	 -50.86		
-133.36   	 -8.54   	110.05   	 -61.04		
-117.49   	-10.68   	109.81   	 -81.38		
-122.99   	-16.17   	109.48   	 -96.64		
-150.45   	-21.06   	109.09   	-132.25		
-183.41   	-21.97   	108.57   	-162.77		
-205.38   	-18.01   	107.91   	-198.37		
-206.60   	-13.12   	107.12   	-239.06		
-187.99   	-10.68   	106.16   	-279.75		
-160.52   	-13.43   	105.05   	-305.19		
-137.33   	-20.45   	103.82   	-335.71		
-122.38   	-28.08   	102.48   	-350.97		
-111.69   	-33.26   	101.08   	-371.31		
-104.68   	-34.18   	 99.59   	-412.00		
-101.62   	-31.74   	 97.94   	-457.78		
-98.88   	-28.38   	 96.11   	-539.16		
-101.01   	-25.94   	 93.96   	-630.72		
-114.75   	-25.02   	 91.43   	-747.71		
-137.94   	-24.41   	 88.44   	-859.61		
-166.63   	-21.97   	 85.00   	-981.68		
-189.82   	-17.09   	 81.08   	-1078.33		
-190.12   	-11.90   	 76.76   	-1154.62		
-163.88   	 -9.46   	 72.15   	-1205.49		
-128.48   	-11.60   	 67.32   	-1215.66		
-105.59   	-15.87   	 62.46   	-1195.32		
-102.54   	-18.62   	 57.68   	-1144.45		
-112.61   	-18.31   	 53.10   	-1068.15		
-126.04   	-15.26   	 48.83   	-976.60		
-140.69   	-11.29   	 44.92   	-885.04		
-158.69   	 -8.24   	 41.38   	-793.49		
-176.09   	 -6.71   	 38.21   	-707.02		
-177.92   	 -4.88   	 35.38   	-645.98		
-155.64   	 -3.36   	 32.80   	-590.03		
-119.02   	 -2.44   	 30.44   	-559.51		
-90.03   	 -1.83   	 28.20   	-528.99		
-84.23   	 -2.14   	 26.08   	-503.56		
-97.05   	 -4.58   	 24.07   	-488.30		
-111.08   	 -9.46   	 22.12   	-457.78		
-114.75   	-14.34   	 20.28   	-427.26		
-109.56   	-16.48   	 18.58   	-391.66		
-102.84   	-13.12   	 17.01   	-340.79		
-103.45   	 -5.19   	 15.65   	-295.01		
-114.44   	  2.44   	 14.47   	-239.06		
-130.31   	  4.58   	 13.51   	-188.20		
-143.13   	  1.22   	 12.76   	-142.42		
-144.04   	 -3.97   	 12.19   	-106.82		
-129.39   	 -4.88   	 11.76   	 -76.30		
-111.08   	 -0.31   	 11.45   	 -61.04		
-106.81   	  7.63   	 11.21   	 -50.86		
-123.29   	 14.65   	 11.01   	 -45.78		
-149.84   	 17.70   	 10.82   	 -45.78		
-163.88   	 15.87   	 10.64   	 -45.78		
-150.45   	 10.38   	 10.46   	 -45.78		
-118.10   	  3.66   	 10.27   	 -50.86		
-84.84   	 -2.75   	 10.07   	 -45.78		
-64.39   	 -7.63   	  9.89   	 -40.69		
-61.65   	 -9.16   	  9.73   	 -40.69		
-74.46   	 -6.10   	  9.56   	 -25.43		
-102.54   	  1.53   	  9.46   	 -25.43		
-143.43   	 11.90   	  9.36   	 -20.35		
-184.63   	 19.23   	  9.28   	 -15.26		
-202.64   	 18.31   	  9.22   	 -15.26		
-183.41   	 10.99   	  9.16   	 -10.17		
-135.80   	  3.36   	  9.11   	  -5.09		
-84.53   	  3.97   	  9.09   	 -10.17		
-51.88   	 14.04   	  9.05(D)	   0.00		
-47.61   	 27.47   	  9.05   	   0.00		
-64.70   	 36.93   	  9.05   	   5.09		
-86.98   	 41.50   	  9.07   	  10.17		
-103.45   	 45.78   	  9.11   	  20.35		
-111.08   	 55.54   	  9.20   	  25.43		
-111.08   	 70.19   	  9.30   	  35.61		
-108.95   	 84.53   	  9.44   	  40.69		
-109.86   	 95.21   	  9.60   	  40.69		
-112.00   	103.15   	  9.77   	  50.86		
-106.81   	112.30   	  9.97   	  45.78		
-90.03   	122.99   	 10.15   	  40.69		
-69.27   	131.53   	 10.32   	  35.61		
-58.59   	131.84   	 10.46   	  35.61		
-65.00   	125.12   	 10.60   	  20.35		
-77.51   	118.10   	 10.68   	  15.26		
-74.77   	116.27   	 10.74   	   5.09		
-46.39   	119.32   	 10.76   	   0.00		
 -3.36   	120.24   	 10.76   	  -5.09		
 25.33   	111.08   	 10.74   	  -5.09		
 16.17   	 91.55   	 10.72   	  -5.09		
-29.60   	 68.97   	 10.70   	  -5.09		
-91.25   	 50.96   	 10.68   	   0.00		
-146.48   	 39.98   	 10.68   	   0.00		
-180.66   	 33.26   	 10.68   	  10.17		
-186.46   	 24.41   	 10.72   	  15.26		
-166.02   	 10.38   	 10.78   	  15.26		
-128.78   	 -4.88   	 10.84   	  20.35		
-87.89   	-16.17   	 10.93   	  20.35		
-58.59   	-21.06   	 11.01   	  25.43		
-55.24   	-18.92   	 11.11   	  20.35		
-75.68   	-14.04   	 11.19   	  25.43		
-103.76   	-12.51   	 11.29   	  20.35		
-119.93   	-18.01   	 11.37   	  20.35		
-116.27   	-26.55   	 11.45   	  15.26		
-99.18   	-32.04   	 11.52   	  20.35		
-85.45   	-29.91   	 11.60   	  15.26		
-90.33   	-20.75   	 11.66   	  20.35		
-113.22   	-10.68   	 11.74   	  20.35		
-137.94   	 -7.02   	 11.82   	  25.43		
-145.57   	-11.90   	 11.92   	  30.52		
-125.43   	-21.06   	 12.04   	  40.69		
-86.36   	-28.69   	 12.21   	  50.86		
-52.19   	-30.52   	 12.41   	  61.04		
-45.47   	-25.63   	 12.66   	  66.12		
-72.63   	-15.56   	 12.92   	  71.21		
-120.85   	 -1.22   	 13.20   	  81.38		
-163.88   	 21.06   	 13.53   	  76.30		
-184.33   	 55.24   	 13.84   	  81.38		
-185.55   	100.10   	 14.16   	  71.21		
-177.00   	145.26   	 14.45   	  71.21		
-152.89   	175.17   	 14.73   	  61.04		
-96.13   	179.14   	 14.97   	  55.95		
  8.85   	161.44   	 15.20   	  50.86		
161.44   	129.70   	 15.40   	  45.78		
338.44   	 79.35   	 15.58   	  40.69		
507.81   	 -3.05   	 15.75   	  35.61		
641.48   	-117.49   	 15.89   	  35.61		
714.11(R)	-238.34   	 16.03(E)	  35.61		
704.65   	-319.82   	 16.17   	  30.52		
605.77   	-330.20   	 16.30   	  25.43		
436.40   	-281.68   	 16.40   	  30.52		
245.36   	-215.76   	 16.52   	  30.52		
 84.23   	-162.66   	 16.64   	  30.52		
-19.53   	-121.15   	 16.76   	  35.61		
-64.70   	-73.24   	 16.91   	  45.78		
-69.58   	-13.12   	 17.09   	  61.04		
-54.02   	 39.98   	 17.33   	  76.30		
-29.60   	 61.65   	 17.64   	 106.82		
 -8.24   	 47.00   	 18.07   	 147.51		
 -2.75   	 16.48   	 18.66   	 188.20		
-18.31   	 -2.44   	 19.41   	 244.15		
-45.17   	  2.44   	 20.39   	 310.27		
-70.19   	 23.80   	 21.63   	 381.48		
-83.92   	 43.33   	 23.15   	 447.61		
-88.81   	 49.13   	 24.94   	 523.90		
-94.91   	 40.59   	 27.04   	 590.03		
-106.81   	 28.38   	 29.40   	 656.15		
-115.97   	 22.28   	 32.02   	 727.36		
-108.34   	 24.72   	 34.93   	 783.31		
-83.92   	 31.43   	 38.07   	 844.35		
-57.98   	 35.71   	 41.44   	 885.04		
-45.78   	 36.32   	 44.98   	 915.56		
-56.15   	 36.62   	 48.65   	 930.82		
-82.40   	 40.28   	 52.37   	 925.73		
-102.54   	 45.17   	 56.07   	 895.22		
-96.13   	 47.61   	 59.65   	 849.44		
-65.00   	 46.39   	 63.05   	 783.31		
-31.13   	 42.72   	 66.18   	 707.02		
-20.75   	 41.20   	 69.01   	 635.81		
-43.95   	 43.95   	 71.56   	 559.51		
-85.14   	 48.83   	 73.79   	 503.56		
-109.86   	 51.27   	 75.81   	 462.87		
-91.86   	 49.74   	 77.66   	 442.52		
-38.15   	 45.47   	 79.43   	 437.43		
 13.73   	 43.03   	 81.18   	 447.61		
 26.25   	 46.69   	 82.97   	 452.69		
 -7.63   	 57.07   	 84.78   	 467.95		
-57.07   	 68.66   	 86.65   	 467.95		
-80.87   	 75.99   	 88.52   	 457.78		
-63.48   	 76.29   	 90.36   	 442.52		
-23.80   	 74.46   	 92.13   	 412.00		
  4.58   	 76.60   	 93.77   	 366.22		
  2.14   	 85.75   	 95.24   	 325.53		
-21.06   	 97.96   	 96.54   	 279.75		
-39.67   	103.45   	 97.66   	 239.06		
-40.59   	 98.57   	 98.62   	 198.37		
-30.52   	 88.20   	 99.41   	 172.94		
-21.36   	 84.23   	100.10   	 147.51		
-14.95   	 93.69   	100.69   	 137.33		
 -6.41   	112.30   	101.24   	 137.33		
  7.02   	130.62   	101.79   	 142.42		
 24.11   	140.08   	102.36   	 147.51		
 42.42   	142.21   	102.95   	 162.77		
 61.65   	144.65   	103.60   	 172.94		
 86.06   	153.20   	104.29   	 178.03		
117.80   	166.63   	105.00   	 193.29		
146.48   	180.66   	105.78   	 198.37		
154.72   	193.18   	106.57   	 198.37		
136.72   	205.38   	107.36   	 208.54		
108.03   	217.59   	108.20   	 203.46		
 94.30   	228.58   	109.01   	 208.54		
108.95   	235.90   	109.85   	 213.63		
141.91   	238.95   	110.70   	 208.54		
170.29   	241.70   	111.54   	 213.63		
175.48   	246.89   	112.39   	 208.54		
162.05   	253.30   	113.22   	 208.54		
151.67   	255.74   	114.06   	 198.37		
155.64   	252.08   	114.85   	 193.29		
164.49   	243.53   	115.63   	 172.94		
162.96   	234.38   	116.32   	 157.68		
147.71   	225.22   	116.95   	 142.42		
128.48   	213.01   	117.52   	 122.07		
118.10   	194.09   	118.01   	 106.82		
114.14   	171.51   	118.43   	  91.56		
 98.27   	151.37   	118.80   	  76.30		
 55.85   	137.02   	119.10   	  66.12		
 -8.24   	128.48   	119.37   	  61.04		
-71.11   	120.54   	119.61   	  50.86		
-106.81   	107.42   	119.82   	  50.86		
-103.15   	 88.50   	120.02   	  45.78		
-66.53   	 66.22   	120.20   	  40.69		
-17.09   	 45.47   	120.37   	  35.61		
 21.06   	 30.82   	120.51   	  25.43		
 28.38   	 25.33   	120.61   	  15.26		
  4.27   	 27.77   	120.67   	   5.09		
-35.10   	 32.04   	120.69(S)	 -10.17		
-69.89   	 32.35   	120.65   	 -20.35		
-92.47   	 27.47   	120.57   	 -40.69		
-107.12   	 20.45   	120.41   	 -61.04		
-123.60   	 15.26   	120.16   	 -76.30		
-140.38   	 13.43   	119.86   	-101.73		
-142.21   	 13.73   	119.45   	-127.16		
-118.10   	 13.12   	118.94   	-152.59		
-76.60   	 11.29   	118.33   	-183.11		
-36.62   	  9.77   	117.60   	-218.72		
-15.26   	  7.63   	116.72   	-254.32		
-12.51   	  3.05   	115.71   	-284.84		
-11.60   	 -3.36   	114.57   	-305.19		
  2.14   	 -9.16   	113.35   	-325.53		
 19.84   	-10.38   	112.04   	-330.62		
 14.34   	 -6.41   	110.72   	-350.97		
-29.60   	  0.31   	109.32   	-376.40		
-97.66   	  4.58   	107.81   	-427.26		
-149.54   	  3.36   	106.10   	-503.56		
-148.62   	 -1.22   	104.09   	-595.11		
-95.21   	 -5.19   	101.71   	-717.19		
-26.86   	 -7.02   	 98.84   	-849.44		
 12.82   	 -8.24   	 95.44   	-966.43		
  5.80   	-11.60   	 91.58   	-1078.33		
-33.26   	-17.70   	 87.26   	-1154.62		
-79.04   	-22.28   	 82.64   	-1205.49		
-114.44   	-19.84   	 77.82   	-1215.66		
-132.45   	 -7.93   	 72.96   	-1195.32		
-132.75   	  8.24   	 68.18   	-1144.45		
-121.15   	 19.23   	 63.60   	-1078.33		
-101.32   	 18.92   	 59.29   	-1002.03		
-70.50   	  8.54   	 55.28   	-925.73		
-28.08   	 -4.88   	 51.58   	-859.61		
 15.56   	-13.12   	 48.14   	-798.57		
 39.06   	-12.21   	 44.94   	-752.79		
 23.50   	 -3.36   	 41.93   	-712.10		
-27.16   	  6.71   	 39.08   	-681.58		
-86.06   	 11.60   	 36.36   	-656.15		
-119.32   	  8.85   	 33.73   	-625.63		
-119.32   	  0.92   	 31.23   	-595.11		
-102.23   	 -4.27   	 28.85   	-554.42		
-85.14   	 -1.53   	 26.63   	-508.65		
-72.33   	  7.02   	 24.60   	-462.87		
-58.90   	 14.34   	 22.75   	-412.00		
-46.69   	 14.34   	 21.10   	-356.05		
-47.30   	  8.54   	 19.67   	-315.36		
-62.56   	  3.05   	 18.41   	-274.67		
-78.13   	  2.14   	 17.31   	-239.06		
-78.74   	  6.10   	 16.36   	-208.54		
-64.70   	 10.38   	 15.52   	-188.20		
-50.05   	 11.60   	 14.77   	-167.85		
-42.42   	 10.07   	 14.10   	-157.68		
-30.82   	  6.10   	 13.47   	-142.42		
 -1.22   	  0.92   	 12.90   	-132.25		
 35.71   	 -1.53   	 12.37   	-111.90		
 45.17   	  0.92   	 11.92   	-101.73		
  2.14   	  8.24   	 11.52   	 -81.38		
-79.65   	 16.17   	 11.19   	 -66.12		
-148.32   	 19.84   	 10.93   	 -45.78		
-155.33   	 16.48   	 10.74   	 -30.52		
-101.93   	 10.38   	 10.62   	 -20.35		
-35.40   	  7.93   	 10.54   	  -5.09		
 -3.97   	 11.60   	 10.52   	   0.00		
-18.62   	 18.62   	 10.52   	   0.00		
-49.13   	 22.58   	 10.52   	   0.00		
-55.54   	 18.92   	 10.52   	   5.09		
-31.13   	  9.77   	 10.54   	  -5.09		
 -5.49   	  0.92   	 10.52   	  -5.09		
 -2.75   	 -0.31   	 10.50   	  -5.09		
-17.70   	  9.16   	 10.48   	  -5.09		
-25.33   	 25.63   	 10.46   	 -10.17		
 -6.41   	 42.11   	 10.42(D)	   0.00		
 23.19   	 55.24   	 10.42   	   0.00		
 27.77   	 65.31   	 10.42   	   5.09		
 -8.54   	 73.24   	 10.44   	  10.17		
-61.95   	 79.96   	 10.48   	  15.26		
-94.30   	 85.14   	 10.54   	  15.26		
-86.06   	 89.42   	 10.60   	  20.35		
-51.27   	 95.52   	 10.68   	  20.35		
-19.53   	105.29   	 10.76   	  15.26		
 -5.49   	115.66   	 10.82   	  10.17		
 -1.83   	121.15   	 10.86   	  10.17		
 10.07   	119.32   	 10.91   	   5.09		
 38.76   	113.22   	 10.93   	   0.00		
 72.02   	107.73   	 10.93   	   0.00		
 90.33   	106.51   	 10.93   	 -10.17		
 82.70   	108.64   	 10.89   	 -10.17		
 57.07   	106.20   	 10.84   	 -10.17		
 34.18   	 93.69   	 10.80   	 -10.17		
 26.86   	 72.33   	 10.76   	 -15.26		
 26.86   	 48.22   	 10.70   	 -10.17		
 10.99   	 28.99   	 10.66   	  -5.09		
-31.43   	 17.09   	 10.64   	  -5.09		
-83.31   	 10.07   	 10.62   	  -5.09		
-108.64   	  3.05   	 10.60   	   0.00		
-87.89   	 -5.80   	 10.60   	   0.00		
-36.62   	-13.12   	 10.60   	   5.09		
  7.63   	-17.09   	 10.62   	   5.09		
 17.70   	-18.92   	 10.64   	   5.09		
 -2.44   	-21.67   	 10.66   	   5.09		
-22.28   	-26.55   	 10.68   	   5.09		
-16.17   	-31.43   	 10.70   	  10.17		
 12.21   	-32.96   	 10.74   	  10.17		
 33.26   	-29.91   	 10.78   	  15.26		
 22.89   	-24.41   	 10.84   	  25.43		
-16.78   	-21.36   	 10.95   	  25.43		
-56.76   	-24.11   	 11.05   	  35.61		
-63.78   	-33.26   	 11.19   	  45.78		
-35.71   	-44.56   	 11.37   	  50.86		
 -1.53   	-50.66   	 11.58   	  61.04		
  3.97   	-47.00   	 11.82   	  66.12		
-27.47   	-34.48   	 12.09   	  71.21		
-71.72   	-20.75   	 12.37   	  81.38		
-99.49   	-11.90   	 12.70   	  76.30		
-101.62   	 -6.71   	 13.00   	  76.30		
-90.03   	  5.19   	 13.31   	  76.30		
-83.31   	 34.18   	 13.61   	  71.21		
-85.75   	 81.48   	 13.90   	  66.12		
-83.31   	130.92   	 14.16   	  61.04		
-52.49   	163.57   	 14.40   	  55.95		
 25.63   	168.15   	 14.63   	  50.86		
154.72   	148.32   	 14.83   	  40.69		
320.13   	108.95   	 14.99   	  40.69		
490.72   	 42.11   	 15.16   	  35.61		
629.58   	-61.95   	 15.30   	  25.43		
709.84   	-193.18   	 15.40   	  30.52		
723.57(R)	-313.42   	 15.52(E)	  20.35		
675.05   	-375.06   	 15.61   	  25.43		
574.04   	-359.80   	 15.71   	  20.35		
436.40   	-295.72   	 15.79   	  20.35		
288.39   	-228.58   	 15.87   	  25.43		
164.79   	-179.75   	 15.97   	  30.52		
 94.60   	-138.85   	 16.09   	  35.61		
 79.65   	-87.28   	 16.24   	  50.86		
 91.25   	-26.25   	 16.44   	  66.12		
 90.94   	 21.67   	 16.70   	  91.56		
 55.54   	 37.84   	 17.07   	 122.07		
 -2.44   	 28.08   	 17.56   	 167.85		
-49.74   	 12.82   	 18.23   	 213.63		
-59.51   	  5.80   	 19.08   	 274.67		
-33.87   	  5.80   	 20.18   	 335.71		
  1.83   	  6.41   	 21.53   	 412.00		
 25.33   	  5.49   	 23.17   	 483.21		
 34.79   	  6.10   	 25.11   	 554.42		
 37.54   	  9.77   	 27.32   	 625.63		
 33.57   	 13.43   	 29.83   	 696.84		
 10.38   	 13.73   	 32.61   	 752.79		
-37.23   	 12.82   	 35.63   	 813.83		
-85.14   	 14.65   	 38.88   	 869.78		
-92.16   	 18.62   	 42.36   	 905.39		
-43.95   	 20.14   	 45.98   	 935.91		
 26.25   	 16.17   	 49.73   	 940.99		
 66.22   	 10.68   	 53.49   	 930.82		
 50.66   	 10.99   	 57.21   	 900.30		
  5.49   	 21.36   	 60.81   	 844.35		
-15.56   	 36.32   	 64.19   	 778.23		
 16.17   	 47.30   	 67.30   	 707.02		
 73.24   	 47.30   	 70.13   	 635.81		
100.71   	 37.84   	 72.68   	 569.68		
 68.05   	 26.25   	 74.95   	 518.82		
 -9.16   	 19.53   	 77.03   	 483.21		
-83.62   	 22.28   	 78.96   	 467.95		
-110.47   	 33.26   	 80.83   	 462.87		
-79.04   	 46.39   	 82.69   	 467.95		
 -8.85   	 53.41   	 84.56   	 478.13		
 68.05   	 48.52   	 86.47   	 483.21		
121.15   	 34.18   	 88.40   	 473.04		
136.41   	 20.75   	 90.29   	 457.78		
115.05   	 19.84   	 92.13   	 427.26		
 66.53   	 35.10   	 93.83   	 386.57		
 11.90   	 58.59   	 95.38   	 345.88		
-26.86   	 78.43   	 96.76   	 295.01		
-37.54   	 86.98   	 97.94   	 249.24		
-16.78   	 84.84   	 98.94   	 213.63		
 31.43   	 79.04   	 99.80   	 183.11		
 93.99   	 75.38   	100.53   	 167.85		
147.71   	 77.51   	101.20   	 157.68		
169.37   	 83.92   	101.83   	 157.68		
149.23   	 93.08   	102.46   	 167.85		
100.40   	103.45   	103.13   	 172.94		
 53.10   	114.75   	103.82   	 183.11		
 37.23   	127.26   	104.56   	 198.37		
 68.66   	140.08   	105.35   	 203.46		
138.55   	151.06   	106.16   	 208.54		
213.01   	159.61   	107.00   	 213.63		
254.21   	168.15   	107.85   	 218.72		
244.45   	178.83   	108.73   	 223.80		
194.40   	192.57   	109.62   	 223.80		
141.60   	205.99   	110.52   	 228.89		
127.26   	215.45   	111.43   	 223.80		
160.22   	220.64   	112.33   	 228.89		
209.35   	226.44   	113.24   	 223.80		
238.65   	236.51   	114.14   	 213.63		
237.12   	249.02   	114.99   	 208.54		
220.64   	256.96   	115.83   	 193.29		
215.45   	255.13   	116.60   	 183.11		
230.71   	243.53   	117.33   	 162.77		
254.82   	228.27   	117.99   	 147.51		
265.50   	214.54   	118.58   	 137.33		
247.50   	204.16   	119.12   	 116.99		
200.81   	195.31   	119.59   	 106.82		
140.38   	184.33   	120.02   	  91.56		
 89.72   	167.85   	120.39   	  86.47		
 65.61   	146.18   	120.73   	  76.30		
 68.36   	122.38   	121.04   	  66.12		
 79.65   	101.32   	121.30   	  61.04		
 74.77   	 85.45   	121.55   	  55.95		
 46.39   	 74.16   	121.77   	  45.78		
 10.07   	 63.48   	121.95   	  40.69		
-14.04   	 50.96   	122.12   	  30.52		
-20.75   	 36.62   	122.24   	  25.43		
-17.70   	 24.41   	122.34   	  15.26		
-11.29   	 18.01   	122.40(S)	   0.00		
 -0.61   	 17.09   	122.40   	 -10.17		
 18.92   	 17.09   	122.36   	 -20.35		
 41.50   	 14.65   	122.28   	 -35.61		
 48.22   	  8.85   	122.14   	 -50.86		
 23.19   	  2.44   	121.93   	 -71.21		
-24.72   	 -2.14   	121.65   	 -81.38		
-63.17   	 -3.97   	121.32   	-111.90		
-65.92   	 -5.49   	120.87   	-127.16		
-34.18   	 -9.46   	120.37   	-157.68		
  6.41   	-14.34   	119.74   	-188.20		
 28.38   	-15.56   	118.98   	-223.80		
 21.67   	-11.90   	118.09   	-249.24		
  2.75   	 -7.02   	117.09   	-284.84		
 -0.92   	 -6.10   	115.95   	-305.19		
 20.45   	-10.68   	114.73   	-320.45		
 51.88   	-16.78   	113.45   	-325.53		
 66.53   	-18.62   	112.15   	-340.79		
 45.17   	-14.34   	110.78   	-376.40		
-10.99   	 -8.54   	109.28   	-427.26		
-75.68   	 -9.16   	107.57   	-513.73		
-112.00   	-17.70   	105.51   	-620.55		
-98.88   	-28.38   	103.03   	-747.71		
-47.00   	-33.26   	100.04   	-879.96		
 12.51   	-30.21   	 96.52   	-1007.12		
 50.35   	-23.19   	 92.49   	-1113.93		
 61.04   	-18.31   	 88.04   	-1190.23		
 59.51   	-19.84   	 83.28   	-1230.92		
 62.87   	-24.41   	 78.35   	-1241.09		
 68.66   	-26.55   	 73.39   	-1210.58		
 57.68   	-24.11   	 68.55   	-1169.88		
 14.65   	-19.84   	 63.87   	-1098.67		
-47.61   	-18.01   	 59.47   	-1022.38		
-93.38   	-19.53   	 55.38   	-951.17		
-98.27   	-21.67   	 51.58   	-885.04		
-68.05   	-20.45   	 48.04   	-824.00		
-29.60   	-14.04   	 44.74   	-773.14		
 -7.63   	 -5.19   	 41.65   	-737.54		
 -2.44   	  0.61   	 38.70   	-707.02		
  8.24   	 -0.31   	 35.87   	-666.32		
 41.20   	 -6.41   	 33.20   	-640.89		
 84.53   	-13.43   	 30.64   	-600.20		
105.90   	-15.87   	 28.24   	-559.51		
 82.40   	-13.43   	 26.00   	-513.73		
 20.45   	 -8.85   	 23.95   	-457.78		
-46.39   	 -6.41   	 22.12   	-412.00		
-77.82   	 -6.41   	 20.47   	-356.05		
-61.34   	 -7.32   	 19.04   	-315.36		
-21.06   	 -6.41   	 17.78   	-269.58		
  7.32   	 -3.97   	 16.70   	-244.15		
  7.32   	 -1.53   	 15.73   	-213.63		
 -8.85   	 -1.53   	 14.87   	-193.29		
-12.51   	 -3.36   	 14.10   	-178.03		
  9.16   	 -3.97   	 13.39   	-167.85		
 36.93   	 -1.83   	 12.72   	-152.59		
 39.06   	  1.53   	 12.11   	-137.33		
  5.80   	  3.66   	 11.56   	-122.07		
-39.37   	  3.36   	 11.07   	-106.82		
-58.29   	  1.83   	 10.64   	 -86.47		
-33.87   	  0.92   	 10.29   	 -61.04		
 15.26   	  1.53   	 10.05   	 -50.86		
 50.66   	  1.53   	  9.85   	 -25.43		
 50.05   	 -2.14   	  9.75   	 -15.26		
 22.89   	 -9.46   	  9.68   	  -5.09		
 -3.66   	-15.56   	  9.66(D)	   5.09		
 -4.27   	-16.17   	  9.68   	  10.17		
 23.50   	-11.29   	  9.73   	  10.17		
 56.46   	 -4.58   	  9.77   	  15.26		
 69.27   	 -1.83   	  9.83   	   5.09		
 51.88   	 -5.19   	  9.85   	  10.17		
 15.56   	 -9.16   	  9.89   	   0.00		
-17.09   	 -6.41   	  9.89   	   5.09		
-27.47   	  6.41   	  9.91   	   0.00		
 -8.54   	 25.94   	  9.91   	  -5.09		
 30.82   	 45.17   	  9.89   	  -5.09		
 68.36   	 57.68   	  9.87   	   0.00		
 79.65   	 63.17   	  9.87   	  -5.09		
 59.51   	 67.14   	  9.85   	  -5.09		
 23.19   	 74.46   	  9.83   	  -5.09		
  3.36   	 85.75   	  9.81   	  -5.09		
 27.16   	 97.05   	  9.79   	   0.00		
 85.75   	104.06   	  9.79   	  -5.09		
134.28   	104.68   	  9.77   	   0.00		
132.75   	101.93   	  9.77   	   0.00		
 80.57   	 99.79   	  9.77   	   0.00		
 13.12   	100.40   	  9.77   	  -5.09		
-23.80   	101.93   	  9.75   	   0.00		
-11.29   	100.10   	  9.75   	   0.00		
 29.30   	 90.33   	  9.75   	   0.00		
 65.31   	 71.11   	  9.75   	   0.00		
 78.13   	 44.56   	  9.75   	  -5.09		
 71.41   	 17.40   	  9.73   	  -5.09		
 65.92   	 -1.83   	  9.70   	   0.00		
 75.07   	-10.07   	  9.70   	  -5.09		
 84.53   	-10.07   	  9.68   	  -5.09		
 73.85   	 -8.54   	  9.66   	   0.00		
 39.06   	-11.60   	  9.66   	   0.00		
 -6.10   	-20.14   	  9.66   	   5.09		
-37.84   	-30.82   	  9.68   	  10.17		
-39.67   	-38.15   	  9.73   	  10.17		
-20.75   	-40.59   	  9.77   	  15.26		
 -1.83   	-39.98   	  9.83   	  20.35		
 13.43   	-40.28   	  9.91   	  25.43		
 29.30   	-43.64   	 10.01   	  25.43		
 41.20   	-49.44   	 10.11   	  25.43		
 36.32   	-53.71   	 10.21   	  25.43		
  7.93   	-54.02   	 10.32   	  25.43		
-28.69   	-50.66   	 10.42   	  25.43		
-45.47   	-48.52   	 10.52   	  30.52		
-27.47   	-51.57   	 10.64   	  30.52		
  6.71   	-58.29   	 10.76   	  35.61		
 24.11   	-62.26   	 10.91   	  35.61		
 14.95   	-57.37   	 11.05   	  45.78		
  1.83   	-43.64   	 11.23   	  55.95		
  7.63   	-27.47   	 11.45   	  55.95		
 30.21   	-14.95   	 11.68   	  61.04		
 40.59   	 -3.97   	 11.92   	  61.04		
  8.24   	 14.95   	 12.17   	  61.04		
-57.68   	 48.83   	 12.41   	  55.95		
-108.95   	 90.94   	 12.63   	  55.95		
-97.66   	124.21   	 12.86   	  45.78		
-14.65   	132.75   	 13.04   	  45.78		
111.69   	116.88   	 13.22   	  35.61		
244.14   	 86.36   	 13.37   	  25.43		
368.65   	 38.45   	 13.47   	  25.43		
497.44   	-42.72   	 13.57   	  25.43		
638.73   	-164.79   	 13.67   	  20.35		
766.91   	-303.65   	 13.75   	  20.35		
829.77(R)	-406.19   	 13.84(E)	  20.35		
784.00   	-424.80   	 13.92   	  25.43		
632.32   	-364.38   	 14.02   	  30.52		
429.69   	-275.57   	 14.14   	  30.52		
247.19   	-208.44   	 14.26   	  35.61		
129.70   	-171.81   	 14.40   	  45.78		
 79.04   	-138.24   	 14.59   	  50.86		
 61.95   	-83.31   	 14.79   	  66.12		
 43.64   	-14.04   	 15.06   	  81.38		
 14.95   	 37.84   	 15.38   	 106.82		
 -9.46   	 49.44   	 15.81   	 137.33		
-13.12   	 26.55   	 16.36   	 178.03		
  4.27   	 -4.27   	 17.07   	 228.89		
 25.63   	-20.45   	 17.99   	 284.84		
 35.10   	-17.09   	 19.13   	 356.05		
 32.04   	 -2.75   	 20.55   	 422.18		
 31.74   	  9.77   	 22.24   	 493.39		
 49.44   	 13.12   	 24.21   	 569.68		
 72.94   	  7.93   	 26.49   	 640.89		
 72.94   	  0.31   	 29.05   	 707.02		
 33.26   	 -1.83   	 31.88   	 762.97		
-32.65   	  4.88   	 34.93   	 818.92		
-82.40   	 16.17   	 38.21   	 864.70		
-74.77   	 24.72   	 41.67   	 905.39		
-12.82   	 25.33   	 45.29   	 925.73		
 53.71   	 20.45   	 48.99   	 935.91		
 72.63   	 17.40   	 52.74   	 930.82		
 31.43   	 20.45   	 56.46   	 900.30		
-36.32   	 27.77   	 60.06   	 859.61		
-78.13   	 34.18   	 63.50   	 798.57		
-65.92   	 34.48   	 66.69   	 727.36		
-11.60   	 30.21   	 69.60   	 656.15		
 49.13   	 24.41   	 72.23   	 590.03		
 82.40   	 21.36   	 74.59   	 528.99		
 75.38   	 22.28   	 76.70   	 488.30		
 41.20   	 26.55   	 78.66   	 447.61		
  4.27   	 32.35   	 80.45   	 437.43		
 -8.24   	 39.67   	 82.20   	 432.35		
 18.62   	 46.08   	 83.93   	 427.26		
 71.72   	 49.44   	 85.64   	 437.43		
123.29   	 49.13   	 87.39   	 437.43		
145.57   	 46.69   	 89.13   	 427.26		
129.09   	 46.08   	 90.84   	 422.18		
 87.59   	 50.05   	 92.53   	 396.74		
 47.00   	 57.98   	 94.12   	 366.22		
 26.55   	 66.22   	 95.58   	 340.79		
 28.08   	 72.02   	 96.95   	 300.10		
 43.95   	 75.38   	 98.15   	 269.58		
 63.78   	 78.13   	 99.23   	 233.98		
 79.65   	 81.79   	100.16   	 213.63		
 90.03   	 87.59   	101.02   	 188.20		
100.10   	 94.60   	101.77   	 183.11		
116.27   	101.62   	102.50   	 172.94		
136.41   	108.34   	103.19   	 178.03		
148.32   	115.97   	103.91   	 178.03		
143.74   	124.51   	104.62   	 183.11		
121.77   	134.89   	105.35   	 188.20		
 98.88   	147.71   	106.10   	 193.29		
104.68   	162.96   	106.88   	 198.37		
150.76   	177.92   	107.67   	 193.29		
215.45   	191.04   	108.44   	 193.29		
263.67   	200.81   	109.22   	 193.29		
274.05   	206.30   	109.99   	 193.29		
249.33   	208.13   	110.76   	 188.20		
210.27   	210.27   	111.52   	 193.29		
180.97   	214.84   	112.29   	 188.20		
173.95   	223.69   	113.04   	 188.20		
191.65   	234.68   	113.79   	 193.29		
226.14   	241.39   	114.57   	 183.11		
259.40   	239.87   	115.30   	 178.03		
270.69   	230.41   	116.01   	 167.85		
254.52   	217.90   	116.68   	 162.77		
226.14   	206.60   	117.33   	 142.42		
204.47   	198.06   	117.90   	 127.16		
191.96   	188.60   	118.41   	 116.99		
171.20   	174.26   	118.88   	 101.73		
127.26   	153.50   	119.29   	  86.47		
 70.19   	127.87   	119.63   	  71.21		
 29.91   	101.62   	119.92   	  61.04		
 21.97   	 79.65   	120.16   	  50.86		
 29.91   	 64.09   	120.37   	  40.69		
 27.77   	 53.41   	120.53   	  30.52		
  9.77   	 43.33   	120.65   	  25.43		
 -5.19   	 29.30   	120.75   	  15.26		
  3.36   	 13.43   	120.81   	  10.17		
 30.82   	  0.61   	120.85(S)	   0.00		
 51.57   	 -3.66   	120.85   	  -5.09		
 41.50   	  0.31   	120.83   	 -15.26		
  2.44   	  7.02   	120.77   	 -25.43		
-38.76   	  8.54   	120.67   	 -40.69		
-54.63   	  1.83   	120.51   	 -50.86		
-39.06   	 -9.46   	120.30   	 -76.30		
 -7.93   	-17.40   	120.00   	-101.73		
 18.01   	-16.78   	119.59   	-122.07		
 22.89   	 -8.85   	119.10   	-157.68		
  6.71   	 -0.61   	118.47   	-193.29		
-15.26   	  0.00   	117.70   	-233.98		
-23.19   	 -9.46   	116.76   	-269.58		
 -8.85   	-22.58   	115.69   	-300.10		
 15.87   	-31.43   	114.49   	-325.53		
 23.80   	-31.74   	113.18   	-335.71		
 -2.75   	-25.63   	111.84   	-350.97		
-52.19   	-18.62   	110.44   	-371.31		
-86.36   	-15.87   	108.95   	-417.09		
-68.66   	-18.92   	107.28   	-473.04		
 -1.22   	-26.55   	105.39   	-574.77		
 68.97   	-34.48   	103.09   	-686.67		
 89.42   	-37.54   	100.35   	-818.92		
 45.47   	-34.18   	 97.07   	-956.25		
-27.47   	-27.16   	 93.24   	-1078.33		
-76.90   	-21.06   	 88.93   	-1180.06		
-79.04   	-18.92   	 84.21   	-1246.18		
-50.35   	-20.45   	 79.23   	-1286.87		
-24.72   	-21.67   	 74.08   	-1276.70		
-16.17   	-19.23   	 68.97   	-1241.09		
-11.90   	-14.65   	 64.01   	-1180.06		
  2.75   	-12.21   	 59.29   	-1098.67		
 23.50   	-15.26   	 54.89   	-1012.20		
 34.79   	-22.89   	 50.84   	-920.65		
 25.94   	-31.74   	 47.16   	-844.35		
  1.53   	-38.76   	 43.78   	-768.05		
-23.19   	-41.50   	 40.71   	-712.10		
-36.01   	-39.67   	 37.86   	-666.32		
-35.10   	-34.79   	 35.20   	-630.72		
-23.19   	-27.47   	 32.68   	-600.20		
 -3.05   	-19.23   	 30.27   	-569.68		
 14.65   	-12.51   	 28.00   	-534.08		
 17.40   	 -9.77   	 25.86   	-493.39		
 -1.22   	-10.99   	 23.89   	-457.78		
-31.74   	-14.95   	 22.05   	-412.00		
-54.32   	-20.45   	 20.41   	-361.14		
-53.10   	-25.02   	 18.96   	-320.45		
-27.16   	-27.47   	 17.68   	-279.75		
 12.82   	-27.47   	 16.56   	-239.06		
 52.49   	-25.94   	 15.61   	-208.54		
 75.38   	-23.80   	 14.77   	-183.11		
 72.02   	-21.36   	 14.04   	-167.85		
 43.33   	-17.09   	 13.37   	-152.59		
  5.19   	-10.68   	 12.76   	-137.33		
-18.62   	 -3.66   	 12.21   	-132.25		
-15.26   	 -0.92   	 11.68   	-116.99		
  8.85   	 -7.32   	 11.21   	-106.82		
 30.82   	-21.67   	 10.78   	 -96.64		
 29.30   	-36.32   	 10.40   	 -81.38		
  0.61   	-41.81   	 10.07   	 -66.12		
-41.50   	-35.10   	  9.81   	 -50.86		
-75.07   	-21.36   	  9.60   	 -35.61		
-83.62   	-11.60   	  9.46   	 -25.43		
-59.51   	-11.90   	  9.36   	 -15.26		
-16.48   	-19.53   	  9.30   	  -5.09		
 19.84   	-26.55   	  9.28   	   0.00		
 36.01   	-27.47   	  9.28   	   0.00		
 37.54   	-24.72   	  9.28   	   5.09		
 40.59   	-22.89   	  9.30   	   5.09		
 52.80   	-23.80   	  9.32   	   0.00		
 62.87   	-23.80   	  9.32   	  -5.09		
 49.13   	-16.78   	  9.30   	   0.00		
  5.19   	 -1.22   	  9.30   	  -5.09		
-48.22   	 16.17   	  9.28   	  -5.09		
-79.04   	 28.38   	  9.26   	 -10.17		
-71.11   	 34.48   	  9.22   	  -5.09		
-32.04   	 39.06   	  9.20   	  -5.09		
 14.34   	 46.69   	  9.18   	   0.00		
 46.69   	 59.51   	  9.18   	  -5.09		
 56.15   	 74.16   	  9.16(D)	   5.09		
 50.96   	 85.75   	  9.18   	   0.00		
 42.11   	 92.16   	  9.18   	   5.09		
 34.79   	 95.21   	  9.20   	  10.17		
 32.35   	 96.44   	  9.24   	   5.09		
 40.59   	 96.13   	  9.26   	   0.00		
 65.31   	 93.99   	  9.26   	   5.09		
100.71   	 90.33   	  9.28   	   5.09		
121.77   	 85.45   	  9.30   	   0.00		
102.54   	 78.74   	  9.30   	  -5.09		
 40.59   	 69.89   	  9.28   	   0.00		
-32.96   	 57.68   	  9.28   	  -5.09		
-72.33   	 43.03   	  9.26   	 -10.17		
-57.37   	 28.08   	  9.22   	  -5.09		
 -9.16   	 14.95   	  9.20   	  -5.09		
 32.35   	  2.75   	  9.18   	   0.00		
 42.42   	-10.07   	  9.18   	  -5.09		
 25.33   	-24.72   	  9.16   	   0.00		
 -0.31   	-38.45   	  9.16   	   0.00		
-18.92   	-46.69   	  9.16   	   5.09		
-26.55   	-47.00   	  9.18   	  10.17		
-22.58   	-41.81   	  9.22   	  15.26		
 -2.44   	-38.45   	  9.28   	  15.26		
 32.65   	-41.50   	  9.34   	  20.35		
 63.78   	-50.35   	  9.42   	  25.43		
 65.92   	-57.68   	  9.52   	  25.43		
 28.69   	-57.68   	  9.62   	  25.43		
-30.52   	-50.05   	  9.73   	  25.43		
-75.68   	-39.67   	  9.83   	  30.52		
-83.62   	-32.96   	  9.95   	  30.52		
-59.20   	-33.26   	 10.07   	  30.52		
-29.30   	-39.37   	 10.19   	  30.52		
-18.92   	-48.52   	 10.32   	  40.69		
-28.08   	-58.29   	 10.48   	  40.69		
-41.50   	-65.00   	 10.64   	  45.78		
-46.69   	-64.70   	 10.82   	  50.86		
-38.76   	-55.24   	 11.03   	  55.95		
-19.23   	-37.84   	 11.25   	  55.95		
  6.10   	-14.34   	 11.48   	  61.04		
 26.86   	 14.95   	 11.72   	  50.86		
 27.16   	 51.27   	 11.92   	  50.86		
 -7.93   	 91.25   	 12.13   	  50.86		
-66.22   	124.51   	 12.33   	  35.61		
-105.29   	137.63   	 12.47   	  35.61		
-69.89   	124.82   	 12.61   	  25.43		
 71.41   	 89.11   	 12.72   	  25.43		
299.07   	 28.69   	 12.82   	  20.35		
550.54   	-64.39   	 12.90   	  15.26		
751.65   	-189.51   	 12.96   	  20.35		
849.91(R)	-322.88   	 13.04(E)	  20.35		
830.99   	-418.70   	 13.12   	  20.35		
713.20   	-436.71   	 13.20   	  25.43		
540.77   	-381.16   	 13.31   	  30.52		
368.96   	-296.63   	 13.43   	  35.61		
238.95   	-226.75   	 13.57   	  35.61		
160.52   	-180.36   	 13.71   	  45.78		
111.08   	-135.50   	 13.90   	  55.95		
 58.90   	-75.38   	 14.12   	  66.12		
 -3.97   	-11.90   	 14.38   	  81.38		
-57.37   	 26.25   	 14.71   	 106.82		
-70.50   	 24.41   	 15.14   	 137.33		
-39.37   	 -2.75   	 15.69   	 178.03		
  5.19   	-25.63   	 16.40   	 223.80		
 26.55   	-27.47   	 17.29   	 284.84		
 17.70   	-12.21   	 18.43   	 356.05		
  2.75   	  4.58   	 19.86   	 422.18		
 10.07   	 12.51   	 21.55   	 493.39		
 40.59   	 11.60   	 23.52   	 569.68		
 62.87   	  6.41   	 25.80   	 635.81		
 44.56   	  2.14   	 28.34   	 696.84		
-15.56   	  1.53   	 31.13   	 757.88		
-85.75   	  5.49   	 34.16   	 803.66		
-122.38   	 10.99   	 37.38   	 854.52		
-103.76   	 15.26   	 40.79   	 885.04		
-43.33   	 15.87   	 44.33   	 905.39		
 24.41   	 13.43   	 47.96   	 920.65		
 68.66   	 10.68   	 51.64   	 910.47		
 74.16   	 10.68   	 55.28   	 885.04		
 46.39   	 14.65   	 58.82   	 849.44		
  4.27   	 20.75   	 62.22   	 788.40		
-27.77   	 25.33   	 65.37   	 727.36		
-30.52   	 25.63   	 68.28   	 661.24		
 -5.49   	 21.97   	 70.93   	 590.03		
 24.41   	 18.62   	 73.29   	 539.16		
 36.01   	 19.84   	 75.44   	 493.39		
 23.19   	 26.25   	 77.42   	 457.78		
  1.53   	 34.48   	 79.25   	 442.52		
 -7.02   	 40.28   	 81.02   	 432.35		
  1.53   	 40.89   	 82.75   	 427.26		
  8.85   	 39.06   	 84.46   	 427.26		
 -2.44   	 37.84   	 86.16   	 427.26		
-22.89   	 39.06   	 87.87   	 422.18		
-26.86   	 40.89   	 89.56   	 406.92		
  3.36   	 41.20   	 91.19   	 391.66		
 57.68   	 40.89   	 92.76   	 366.22		
103.45   	 43.03   	 94.22   	 335.71		
114.14   	 50.96   	 95.56   	 305.19		
 89.72   	 63.78   	 96.78   	 279.75		
 53.41   	 77.51   	 97.90   	 249.24		
 26.55   	 86.67   	 98.90   	 223.80		
 13.73   	 90.03   	 99.80   	 208.54		
  7.32   	 90.03   	100.63   	 198.37		
  5.80   	 91.86   	101.42   	 188.20		
 20.14   	 98.27   	102.18   	 183.11		
 59.51   	108.03   	102.91   	 183.11		
113.53   	119.63   	103.64   	 183.11		
154.72   	130.92   	104.37   	 178.03		
164.18   	140.99   	105.09   	 183.11		
150.76   	150.15   	105.82   	 178.03		
144.65   	159.30   	106.53   	 183.11		
163.88   	168.76   	107.26   	 178.03		
197.75   	180.66   	107.98   	 183.11		
217.59   	195.31   	108.71   	 183.11		
210.57   	211.79   	109.44   	 183.11		
189.51   	225.83   	110.17   	 188.20		
176.39   	232.24   	110.93   	 188.20		
180.36   	231.02   	111.68   	 193.29		
194.70   	225.83   	112.45   	 193.29		
211.18   	220.95   	113.22   	 188.20		
231.63   	217.29   	113.98   	 188.20		
256.96   	213.32   	114.73   	 172.94		
274.35   	205.99   	115.42   	 162.77		
263.06   	193.79   	116.07   	 147.51		
216.98   	178.53   	116.66   	 132.25		
148.32   	162.96   	117.19   	 116.99		
 83.01   	148.32   	117.66   	  96.64		
 40.89   	135.19   	118.05   	  86.47		
 28.69   	121.77   	118.39   	  76.30		
 41.50   	106.51   	118.70   	  61.04		
 69.27   	 87.89   	118.94   	  50.86		
 96.44   	 65.92   	119.15   	  45.78		
 98.57   	 44.56   	119.33   	  40.69		
 56.46   	 28.99   	119.49   	  30.52		
-21.97   	 21.97   	119.61   	  25.43		
-102.23   	 21.97   	119.71   	  15.26		
-143.13   	 23.19   	119.78   	  10.17		
-126.04   	 19.84   	119.82(S)	 -10.17		
-71.41   	  9.77   	119.78   	 -15.26		
-22.58   	 -3.66   	119.71   	 -35.61		
 -9.77   	-15.26   	119.57   	 -50.86		
-26.25   	-21.36   	119.37   	 -71.21		
-39.37   	-21.97   	119.08   	 -91.56		
-28.38   	-20.14   	118.72   	-116.99		
 -5.49   	-18.01   	118.25   	-142.42		
 -1.53   	-16.78   	117.68   	-172.94		
-31.43   	-17.09   	116.99   	-208.54		
-78.74   	-19.23   	116.15   	-244.15		
-110.47   	-22.58   	115.18   	-279.75		
-105.29   	-27.16   	114.06   	-305.19		
-72.33   	-32.96   	112.84   	-325.53		
-37.23   	-38.15   	111.54   	-330.62		
-16.48   	-41.50   	110.21   	-350.97		
-11.29   	-41.50   	108.81   	-376.40		
-19.23   	-37.54   	107.30   	-427.26		
-36.93   	-30.82   	105.59   	-503.56		
-57.68   	-25.63   	103.58   	-605.29		
-71.41   	-25.63   	101.16   	-732.45		
-65.31   	-30.52   	 98.23   	-864.70		
-40.89   	-36.32   	 94.77   	-1002.03		
-14.04   	-38.45   	 90.76   	-1119.02		
 -5.19   	-35.10   	 86.29   	-1210.58		
-21.06   	-29.91   	 81.44   	-1266.53		
-49.13   	-27.77   	 76.38   	-1286.87		
-70.19   	-31.13   	 71.23   	-1276.70		
-72.94   	-37.84   	 66.12   	-1225.83		
-58.29   	-43.03   	 61.22   	-1154.62		
-39.67   	-44.25   	 56.60   	-1073.24		
-30.82   	-43.03   	 52.31   	-976.60		
-38.45   	-40.89   	 48.40   	-895.22		
-59.51   	-38.76   	 44.82   	-808.75		
-79.35   	-36.01   	 41.59   	-742.62		
-77.82   	-31.74   	 38.62   	-686.67		
-46.08   	-26.86   	 35.87   	-640.89		
 -0.92   	-23.19   	 33.31   	-610.37		
 29.91   	-22.58   	 30.86   	-579.86		
 29.60   	-25.33   	 28.55   	-549.34		
  4.27   	-29.91   	 26.35   	-513.73		
-24.11   	-35.10   	 24.29   	-478.13		
-37.54   	-38.76   	 22.38   	-427.26		
-38.15   	-38.76   	 20.67   	-386.57		
-42.11   	-33.26   	 19.13   	-340.79		
-55.24   	-25.02   	 17.76   	-295.01		
-65.31   	-18.62   	 16.58   	-249.24		
-61.95   	-18.01   	 15.58   	-218.72		
-50.35   	-23.50   	 14.71   	-193.29		
-42.11   	-30.52   	 13.94   	-162.77		
-40.89   	-34.18   	 13.29   	-152.59		
-38.15   	-32.65   	 12.68   	-137.33		
-20.75   	-28.99   	 12.13   	  N/A		
