  I     	  II     	  AO     	  AO'		
  2.14   	-19.84   	119.04   	-172.94		
  4.27   	-16.17   	118.35   	-167.85		
 11.90   	 -6.71   	117.68   	-167.85		
 20.14   	  0.00   	117.01   	-162.77		
 23.19   	 -2.75   	116.36   	-157.68		
 17.40   	-12.82   	115.73   	-157.68		
  3.66   	-22.89   	115.10   	-162.77		
-10.99   	-28.38   	114.45   	-157.68		
-16.48   	-26.86   	113.81   	-162.77		
-10.07   	-19.53   	113.16   	-152.59		
  2.14   	-10.68   	112.55   	-157.68		
 10.38   	 -5.19   	111.92   	-152.59		
  8.85   	 -5.80   	111.31   	-147.51		
  2.44   	-10.99   	110.72   	-147.51		
 -0.92   	-17.40   	110.13   	-142.42		
  2.44   	-23.19   	109.56   	-142.42		
 10.68   	-25.94   	108.99   	-137.33		
 18.01   	-25.63   	108.44   	-137.33		
 21.06   	-22.28   	107.89   	-132.25		
 19.84   	-18.62   	107.36   	-132.25		
 15.26   	-18.01   	106.84   	-127.16		
  6.71   	-22.89   	106.33   	-127.16		
 -4.88   	-32.96   	105.82   	-127.16		
-14.65   	-43.33   	105.31   	-127.16		
-14.95   	-46.39   	104.80   	-127.16		
 -3.66   	-40.28   	104.29   	-122.07		
 13.12   	-31.13   	103.80   	-127.16		
 24.41   	-26.25   	103.30   	-122.07		
 21.36   	-29.30   	102.81   	-127.16		
  5.19   	-36.93   	102.30   	-122.07		
-12.82   	-42.42   	101.81   	-127.16		
-21.67   	-40.89   	101.30   	-122.07		
-17.09   	-33.26   	100.81   	-127.16		
 -2.14   	-25.02   	100.30   	-122.07		
 14.04   	-20.75   	 99.82   	-122.07		
 24.11   	-23.80   	 99.33   	-122.07		
 24.41   	-32.35   	 98.84   	-116.99		
 16.48   	-42.42   	 98.37   	-122.07		
  5.80   	-49.13   	 97.88   	-111.90		
 -1.22   	-48.52   	 97.44   	-116.99		
 -0.92   	-41.50   	 96.97   	-111.90		
  6.41   	-32.65   	 96.52   	-106.82		
 16.17   	-25.33   	 96.09   	-106.82		
 22.58   	-21.67   	 95.67   	-106.82		
 20.75   	-21.67   	 95.24   	-101.73		
 11.60   	-23.19   	 94.83   	-101.73		
  1.22   	-23.50   	 94.42   	 -96.64		
 -2.14   	-20.75   	 94.04   	 -96.64		
  7.32   	-11.90   	 93.65   	 -96.64		
 26.86   	  2.75   	 93.27   	 -91.56		
 45.17   	 19.23   	 92.90   	 -91.56		
 50.66   	 31.74   	 92.53   	 -91.56		
 41.81   	 40.59   	 92.17   	 -91.56		
 26.25   	 46.39   	 91.80   	 -91.56		
 13.12   	 49.74   	 91.43   	 -86.47		
  8.24   	 49.74   	 91.09   	 -91.56		
  7.32   	 42.11   	 90.72   	 -86.47		
  4.58   	 25.02   	 90.38   	 -86.47		
  0.92   	  4.88   	 90.03   	 -86.47		
  1.83   	 -9.77   	 89.68   	 -86.47		
 10.99   	-14.04   	 89.34   	 -86.47		
 23.80   	 -9.46   	 88.99   	 -86.47		
 30.52   	 -1.83   	 88.65   	 -81.38		
 25.02   	  3.05   	 88.32   	 -81.38		
 10.68   	  3.36   	 88.00   	 -86.47		
 -2.44   	 -1.22   	 87.65   	 -76.30		
 -4.27   	-11.29   	 87.34   	 -76.30		
  3.36   	-27.47   	 87.04   	 -76.30		
 11.90   	-47.00   	 86.73   	 -76.30		
 12.82   	-63.48   	 86.43   	 -71.21		
  5.49   	-72.02   	 86.14   	 -76.30		
 -3.05   	-70.19   	 85.84   	 -71.21		
 -4.58   	-63.78   	 85.55   	 -76.30		
  1.83   	-62.26   	 85.25   	 -71.21		
 11.90   	-72.94   	 84.96   	 -76.30		
 21.36   	-93.38   	 84.66   	 -71.21		
 28.38   	-113.22   	 84.37   	 -71.21		
 35.10   	-120.54   	 84.09   	 -71.21		
 39.67   	-112.30   	 83.80   	 -66.12		
 37.84   	-97.66   	 83.54   	 -71.21		
 27.77   	-90.33   	 83.26   	 -66.12		
 14.34   	-96.44   	 82.99   	 -66.12		
  5.80   	-109.25   	 82.73   	 -61.04		
  6.71   	-116.88   	 82.48   	 -66.12		
 14.04   	-113.53   	 82.22   	 -61.04		
 23.19   	-102.23   	 81.97   	 -61.04		
 30.52   	-90.33   	 81.73   	 -55.95		
 36.93   	-82.40   	 81.51   	 -55.95		
 42.11   	-78.43   	 81.28   	 -55.95		
 43.03   	-78.13   	 81.06   	 -55.95		
 35.40   	-80.87   	 80.83   	 -50.86		
 21.36   	-84.84   	 80.63   	 -50.86		
  6.71   	-86.06   	 80.43   	 -50.86		
 -3.05   	-82.09   	 80.22   	 -45.78		
 -4.27   	-73.24   	 80.04   	 -45.78		
  1.22   	-63.78   	 79.86   	 -50.86		
  7.63   	-58.90   	 79.65   	 -45.78		
 10.38   	-60.12   	 79.47   	 -45.78		
  5.49   	-67.44   	 79.29   	 -45.78		
 -7.32   	-77.82   	 79.10   	 -45.78		
-22.89   	-86.98   	 78.92   	 -45.78		
-34.18   	-91.55   	 78.74   	 -45.78		
-36.32   	-89.72   	 78.56   	 -50.86		
-31.43   	-85.45   	 78.35   	 -50.86		
-26.25   	-83.31   	 78.15   	 -55.95		
-25.33   	-84.53   	 77.92   	 -55.95		
-26.25   	-85.75   	 77.70   	 -55.95		
-23.80   	-83.31   	 77.48   	 -55.95		
-14.95   	-75.99   	 77.25   	 -61.04		
 -5.80   	-68.05   	 77.01   	 -61.04		
 -4.27   	-68.05   	 76.76   	 -61.04		
-13.73   	-80.57   	 76.52   	 -61.04		
-28.38   	-101.32   	 76.28   	 -61.04		
-35.40   	-113.83   	 76.03   	 -61.04		
-21.36   	-97.05   	 75.79   	 -55.95		
 20.45   	-36.01   	 75.56   	 -61.04		
 86.36   	 66.83   	 75.32   	 -50.86		
166.32   	194.40   	 75.12   	 -55.95		
249.02   	327.15   	 74.89   	 -50.86		
325.62   	454.10   	 74.69   	-101.73		
440.06   	657.65   	 74.28   	 -45.78		
466.61   	696.72(R)	 74.10   	 -45.78		
457.15   	661.32   	 73.92   	 -40.69		
402.22   	543.52   	 73.75   	 -40.69		
307.31   	369.57   	 73.59   	 -35.61		
195.62   	186.77   	 73.45   	 -35.61		
 97.96   	 43.64   	 73.31   	 -35.61		
 35.40   	-35.71   	 73.16   	 -35.61		
  7.02   	-57.68   	 73.02   	 -35.61		
 -3.97   	-52.49   	 72.88   	 -40.69		
-13.73   	-49.44   	 72.72   	 -40.69		
-26.25   	-61.65   	 72.55   	 -40.69		
-37.23   	-84.84   	 72.39   	 -40.69		
-41.50   	-106.51   	 72.23   	 -45.78		
-39.37   	-118.10   	 72.04   	 -40.69		
-34.48   	-118.10   	 71.88   	 -35.61		
-29.91   	-111.08   	 71.74   	 -25.43		
-26.25   	-102.84   	 71.64   	 -15.26		
-25.63   	-99.79   	 71.58   	  10.17		
-30.82   	-106.20   	 71.62   	  35.61		
-42.11   	-119.93   	 71.76   	  66.12		
-54.63   	-132.45   	 72.02   	 101.73		
-61.95   	-135.80   	 72.43   	 127.16		
-60.12   	-129.39   	 72.94   	 157.68		
-49.74   	-117.80   	 73.57   	 178.03		
-35.10   	-108.34   	 74.28   	 203.46		
-21.06   	-102.54   	 75.10   	 223.80		
-11.60   	-98.57   	 75.99   	 244.15		
 -7.32   	-95.52   	 76.97   	 269.58		
-11.60   	-96.44   	 78.05   	 289.93		
-25.33   	-104.68   	 79.21   	 305.19		
-43.64   	-119.02   	 80.43   	 315.36		
-60.12   	-133.06   	 81.69   	 315.36		
-68.05   	-139.77   	 82.95   	 315.36		
-64.39   	-136.41   	 84.21   	 305.19		
-53.10   	-125.12   	 85.43   	 305.19		
-40.28   	-112.30   	 86.65   	 295.01		
-30.21   	-102.23   	 87.83   	 284.84		
-23.80   	-98.27   	 88.97   	 279.75		
-19.84   	-100.71   	 90.09   	 269.58		
-19.84   	-107.73   	 91.17   	 264.50		
-25.94   	-116.58   	 92.23   	 264.50		
-38.15   	-123.29   	 93.29   	 269.58		
-51.27   	-125.43   	 94.36   	 269.58		
-58.59   	-124.82   	 95.44   	 274.67		
-56.15   	-123.90   	 96.54   	 279.75		
-45.47   	-124.21   	 97.66   	 279.75		
-33.57   	-125.43   	 98.78   	 284.84		
-25.63   	-125.12   	 99.92   	 289.93		
-22.89   	-122.07   	101.08   	 289.93		
-23.50   	-118.10   	102.24   	 289.93		
-27.47   	-115.66   	103.40   	 279.75		
-34.79   	-115.97   	104.52   	 274.67		
-43.03   	-118.71   	105.62   	 259.41		
-47.61   	-120.54   	106.65   	 239.06		
-45.47   	-120.24   	107.61   	 223.80		
-36.32   	-117.49   	108.50   	 213.63		
-25.33   	-112.30   	109.36   	 203.46		
-17.40   	-106.20   	110.17   	 203.46		
-13.12   	-100.71   	110.99   	 193.29		
-12.21   	-97.05   	111.76   	 198.37		
-12.51   	-93.99   	112.55   	 193.29		
-12.82   	-89.11   	113.33   	 198.37		
-12.82   	-80.26   	114.12   	 198.37		
-11.60   	-68.05   	114.91   	 198.37		
 -7.93   	-54.93   	115.71   	 203.46		
 -1.83   	-43.33   	116.52   	 203.46		
  4.88   	-32.35   	117.33   	 208.54		
 11.60   	-18.01   	118.17   	 218.72		
 18.01   	  0.31   	119.04   	 218.72		
 23.19   	 20.75   	119.92   	 228.89		
 25.33   	 37.84   	120.83   	 228.89		
 24.72   	 47.30   	121.75   	 228.89		
 23.50   	 50.05   	122.66   	 233.98		
 24.41   	 52.49   	123.60   	 228.89		
 29.91   	 60.42   	124.52   	 223.80		
 39.06   	 76.90   	125.41   	 218.72		
 48.22   	 99.79   	126.29   	 208.54		
 54.32   	123.90   	127.12   	 193.29		
 54.02   	144.35   	127.89   	 183.11		
 48.22   	159.00   	128.63   	 167.85		
 40.89   	167.85   	129.30   	 142.42		
 37.23   	172.73   	129.87   	 122.07		
 36.93   	173.65   	130.36   	  96.64		
 38.76   	172.12   	130.74   	  66.12		
 39.67   	170.59   	131.01   	  40.69		
 38.76   	170.90   	131.17   	   0.00		
 39.67   	174.26   	131.17   	 -25.43		
 46.08   	181.27   	131.07   	 -55.95		
 56.15   	187.07   	130.84   	 -66.12		
 64.70   	188.90   	130.58   	 -81.38		
 65.61   	186.46   	130.25   	 -86.47		
 60.12   	183.11   	129.91   	 -91.56		
 52.49   	180.36   	129.54   	 -96.64		
 46.08   	176.39   	129.16   	-101.73		
 41.20   	165.10   	128.75   	-106.82		
 34.48   	144.04   	128.32   	-101.73		
 24.41   	116.88   	127.91   	 -96.64		
 14.65   	 94.30   	127.53   	 -81.38		
 10.68   	 85.14   	127.20   	 -66.12		
 15.26   	 90.94   	126.94   	 -40.69		
 25.02   	104.68   	126.77   	 -10.17		
 32.04   	114.44   	126.73   	  25.43		
 31.13   	112.00   	126.84   	  61.04		
 22.58   	 96.44   	127.08   	  96.64		
 10.38   	 73.55   	127.47   	 137.33		
  0.92   	 51.88   	128.02   	 167.85		
 -2.44   	 38.15   	128.69   	 188.20		
 -1.83   	 34.18   	129.44   	 208.54		
 -1.53   	 36.93   	130.27   	 203.46		
 -2.14   	 42.72   	131.09   	 193.29		
 -3.36   	 49.44   	131.86   	 172.94		
 -0.92   	 55.85   	132.55   	 137.33		
  4.58   	 60.12   	133.10   	 101.73		
  9.77   	 58.29   	133.51   	  66.12		
  9.46   	 48.52   	133.77   	  40.69		
  2.14   	 32.96   	133.94   	  35.61		
 -8.54   	 18.31   	134.08   	  40.69		
-16.78   	 10.07   	134.24   	  40.69		
-18.92   	  9.46   	134.40   	  20.35		
-14.65   	 14.34   	134.49(S)	 -25.43		
 -6.71   	 20.45   	134.38   	 -96.64		
  2.75   	 25.94   	134.00   	-193.29		
 13.12   	 30.82   	133.22   	-279.75		
 21.06   	 33.87   	132.11   	-356.05		
 22.28   	 33.87   	130.68   	-401.83		
 17.40   	 31.13   	129.07   	-447.61		
  8.24   	 26.55   	127.28   	-488.30		
 -0.61   	 20.14   	125.33   	-518.82		
 -5.19   	 13.73   	123.25   	-564.60		
 -4.88   	  8.24   	121.00   	-600.20		
 -1.22   	  5.80   	118.60   	-625.63		
  5.19   	  9.46   	116.09   	-640.89		
 14.34   	 18.31   	113.53   	-630.72		
 25.02   	 27.16   	111.01   	-605.29		
 34.18   	 31.13   	108.59   	-564.60		
 36.01   	 27.77   	106.33   	-528.99		
 28.38   	 19.84   	104.21   	-483.21		
 14.04   	 13.43   	102.28   	-437.43		
 -0.61   	 10.99   	100.53   	-386.57		
 -9.46   	 10.68   	 98.98   	-330.62		
 -9.46   	  7.93   	 97.66   	-264.50		
 -3.05   	  0.61   	 96.60   	-203.46		
  6.10   	 -7.93   	 95.79   	-132.25		
 16.78   	-12.21   	 95.26   	 -61.04		
 27.77   	 -7.32   	 95.01   	  -5.09		
 34.79   	  5.19   	 94.99   	  50.86		
 33.57   	 18.01   	 95.20   	  96.64		
 25.63   	 23.50   	 95.58   	 127.16		
 14.95   	 20.14   	 96.09   	 157.68		
  8.24   	 11.60   	 96.72   	 178.03		
  9.46   	  3.36   	 97.44   	 198.37		
 15.87   	 -1.22   	 98.23   	 203.46		
 21.06   	 -2.14   	 99.04   	 208.54		
 24.11   	 -0.61   	 99.88   	 198.37		
 27.16   	  4.58   	100.67   	 183.11		
 32.04   	 12.82   	101.40   	 167.85		
 36.01   	 19.84   	102.07   	 137.33		
 33.87   	 19.53   	102.62   	 111.90		
 23.80   	  9.16   	103.07   	  86.47		
  9.46   	 -8.24   	103.42   	  50.86		
  0.31   	-22.58   	103.62   	  25.43		
  3.97   	-25.02   	103.72   	 -15.26		
 17.70   	-16.78   	103.66   	 -40.69		
 30.82   	 -7.02   	103.50   	 -76.30		
 33.26   	 -4.88   	103.19   	-101.73		
 23.50   	-11.29   	102.79   	-132.25		
  9.16   	-18.62   	102.26   	-152.59		
  0.92   	-16.48   	101.65   	-178.03		
  1.53   	 -2.75   	100.94   	-193.29		
  7.32   	 15.87   	100.16   	-213.63		
 11.60   	 31.74   	 99.31   	-233.98		
 13.43   	 41.81   	 98.37   	-239.06		
 14.95   	 46.08   	 97.42   	-249.24		
 19.84   	 47.00   	 96.42   	-249.24		
 27.47   	 46.39   	 95.42   	-244.15		
 33.26   	 46.69   	 94.45   	-244.15		
 33.57   	 51.57   	 93.47   	-233.98		
 27.16   	 61.65   	 92.53   	-228.89		
 15.56   	 73.55   	 91.62   	-218.72		
  3.36   	 80.26   	 90.74   	-203.46		
 -2.75   	 79.65   	 89.93   	-188.20		
  3.05   	 75.38   	 89.18   	-167.85		
 18.62   	 72.33   	 88.50   	-147.51		
 34.79   	 70.80   	 87.91   	-132.25		
 41.81   	 65.00   	 87.39   	-106.82		
 37.84   	 51.88   	 86.96   	 -96.64		
 30.21   	 36.32   	 86.57   	 -81.38		
 26.86   	 26.25   	 86.25   	 -66.12		
 28.69   	 24.11   	 85.98   	 -50.86		
 29.30   	 24.41   	 85.78   	 -40.69		
 21.67   	 18.31   	 85.62   	 -35.61		
  6.41   	  1.83   	 85.47   	 -25.43		
 -6.10   	-16.78   	 85.37   	 -20.35		
 -8.54   	-27.16   	 85.29   	 -20.35		
 -0.92   	-26.25   	 85.21   	 -15.26		
  9.46   	-21.06   	 85.15   	 -20.35		
 17.09   	-18.62   	 85.07   	 -20.35		
 21.36   	-23.19   	 84.98   	 -25.43		
 25.33   	-32.96   	 84.88   	 -30.52		
 29.91   	-42.72   	 84.76   	 -30.52		
 32.04   	-50.66   	 84.64   	 -40.69		
 28.38   	-57.68   	 84.48   	 -40.69		
 19.53   	-65.00   	 84.31   	 -45.78		
 10.99   	-72.33   	 84.13   	 -50.86		
  8.54   	-79.04   	 83.93   	 -55.95		
 12.82   	-84.23   	 83.70   	 -61.04		
 21.97   	-85.75   	 83.46   	 -66.12		
 33.87   	-82.70   	 83.19   	 -71.21		
 45.17   	-73.55   	 82.91   	 -71.21		
 50.66   	-61.65   	 82.62   	 -76.30		
 46.69   	-54.02   	 82.32   	 -76.30		
 32.35   	-54.63   	 82.01   	 -76.30		
 14.65   	-62.26   	 81.71   	 -76.30		
  3.05   	-69.27   	 81.40   	 -71.21		
  2.75   	-67.44   	 81.12   	 -71.21		
  9.77   	-55.54   	 80.83   	 -71.21		
 15.26   	-39.67   	 80.55   	 -66.12		
 14.04   	-28.99   	 80.28   	 -61.04		
  7.02   	-26.86   	 80.04   	 -55.95		
 -0.92   	-32.65   	 79.82   	 -50.86		
 -7.02   	-42.11   	 79.61   	 -45.78		
-13.12   	-51.88   	 79.43   	 -45.78		
-21.67   	-60.42   	 79.25   	 -35.61		
-32.04   	-65.61   	 79.10   	 -35.61		
-40.28   	-66.22   	 78.96   	 -30.52		
-42.11   	-60.73   	 78.84   	 -30.52		
-36.32   	-50.66   	 78.72   	 -35.61		
-28.08   	-42.42   	 78.58   	 -30.52		
-20.75   	-39.06   	 78.45   	 -30.52		
-16.17   	-40.28   	 78.33   	 -35.61		
-13.43   	-44.56   	 78.19   	 -35.61		
-11.29   	-46.39   	 78.05   	 -40.69		
-10.99   	-43.33   	 77.88   	 -45.78		
-15.56   	-37.54   	 77.70   	 -50.86		
-25.63   	-33.87   	 77.50   	 -50.86		
-38.45   	-39.06   	 77.29   	 -61.04		
-48.22   	-57.07   	 77.05   	 -55.95		
-49.74   	-79.35   	 76.83   	 -66.12		
-39.06   	-84.23   	 76.56   	 -71.21		
-11.90   	-47.91   	 76.28   	 -66.12		
 36.93   	 39.67   	 76.01   	 -76.30		
106.81   	167.24   	 75.71   	 -71.21		
187.38   	308.53   	 75.42   	 -71.21		
263.98   	441.59   	 75.14   	 -76.30		
325.62   	556.95   	 74.83   	-137.33		
395.51   	703.74(R)	 74.28   	 -66.12		
401.31   	699.46   	 74.02   	 -61.04		
375.67   	617.98   	 73.77   	 -55.95		
309.45   	465.70   	 73.55   	 -50.86		
212.10   	279.85   	 73.35   	 -45.78		
109.86   	111.08   	 73.16   	 -40.69		
 32.65   	 -2.14   	 73.00   	 -40.69		
 -5.19   	-48.83   	 72.84   	 -30.52		
-11.60   	-49.44   	 72.72   	 -30.52		
 -9.77   	-39.06   	 72.59   	 -25.43		
-15.87   	-44.56   	 72.49   	 -20.35		
-32.04   	-68.05   	 72.41   	 -15.26		
-50.05   	-93.99   	 72.35   	 -10.17		
-61.65   	-107.12   	 72.31   	 -10.17		
-64.70   	-104.06   	 72.27(D)	   0.00		
-63.17   	-93.69   	 72.27   	   5.09		
-61.04   	-88.20   	 72.29   	  20.35		
-59.20   	-91.55   	 72.37   	  40.69		
-57.68   	-98.57   	 72.53   	  61.04		
-57.37   	-103.76   	 72.78   	  91.56		
-59.20   	-105.90   	 73.14   	 127.16		
-63.78   	-108.03   	 73.65   	 152.59		
-69.58   	-112.00   	 74.26   	 172.94		
-73.55   	-116.27   	 74.95   	 198.37		
-73.24   	-115.97   	 75.75   	 208.54		
-66.22   	-108.34   	 76.58   	 223.80		
-54.02   	-93.99   	 77.48   	 239.06		
-41.81   	-79.96   	 78.43   	 249.24		
-35.71   	-75.07   	 79.43   	 264.50		
-38.15   	-82.40   	 80.49   	 269.58		
-48.22   	-97.96   	 81.57   	 274.67		
-58.90   	-113.22   	 82.66   	 264.50		
-64.09   	-120.54   	 83.72   	 264.50		
-60.12   	-116.88   	 84.78   	 254.32		
-50.66   	-105.90   	 85.80   	 249.24		
-40.59   	-93.99   	 86.80   	 244.15		
-33.57   	-85.45   	 87.77   	 239.06		
-31.13   	-82.70   	 88.73   	 233.98		
-32.35   	-84.84   	 89.66   	 228.89		
-36.93   	-91.55   	 90.58   	 228.89		
-44.86   	-100.71   	 91.50   	 218.72		
-54.02   	-108.95   	 92.37   	 223.80		
-60.73   	-112.92   	 93.27   	 228.89		
-60.42   	-110.47   	 94.18   	 239.06		
-52.49   	-103.45   	 95.14   	 249.24		
-42.11   	-96.74   	 96.13   	 259.41		
-34.79   	-93.99   	 97.17   	 269.58		
-33.26   	-93.69   	 98.25   	 274.67		
-34.18   	-93.38   	 99.35   	 279.75		
-35.10   	-92.47   	100.47   	 284.84		
-35.40   	-92.77   	101.61   	 284.84		
-35.40   	-95.52   	102.75   	 295.01		
-36.93   	-100.71   	103.93   	 300.10		
-40.28   	-105.29   	105.13   	 300.10		
-41.81   	-105.29   	106.33   	 300.10		
-39.37   	-100.40   	107.53   	 300.10		
-32.65   	-93.38   	108.73   	 289.93		
-22.58   	-86.36   	109.89   	 295.01		
-12.51   	-81.18   	111.07   	 284.84		
 -7.32   	-79.04   	112.21   	 279.75		
 -9.16   	-79.04   	113.33   	 279.75		
-16.48   	-79.04   	114.45   	 269.58		
-24.41   	-77.21   	115.52   	 259.41		
-26.55   	-71.11   	116.56   	 254.32		
-21.67   	-60.73   	117.58   	 244.15		
-12.51   	-49.13   	118.55   	 239.06		
 -2.44   	-36.93   	119.51   	 228.89		
  5.49   	-24.72   	120.43   	 223.80		
 12.51   	 -9.77   	121.32   	 213.63		
 18.92   	  8.54   	122.18   	 208.54		
 22.28   	 27.47   	123.01   	 203.46		
 20.14   	 42.72   	123.82   	 198.37		
 14.04   	 51.27   	124.62   	 193.29		
  8.54   	 55.54   	125.39   	 193.29		
  7.93   	 62.26   	126.16   	 183.11		
 12.51   	 74.77   	126.90   	 183.11		
 18.92   	 91.25   	127.63   	 178.03		
 25.02   	109.86   	128.34   	 178.03		
 32.04   	128.78   	129.05   	 167.85		
 39.37   	146.79   	129.72   	 167.85		
 44.25   	161.74   	130.40   	 157.68		
 44.25   	169.07   	131.03   	 152.59		
 38.45   	167.24   	131.64   	 147.51		
 31.43   	161.13   	132.23   	 142.42		
 29.60   	160.22   	132.80   	 137.33		
 34.79   	169.07   	133.35   	 127.16		
 43.03   	184.33   	133.86   	 127.16		
 49.44   	197.75   	134.36   	 116.99		
 50.96   	202.94   	134.83   	 106.82		
 48.52   	199.58   	135.26   	  96.64		
 43.95   	191.65   	135.65   	  96.64		
 40.89   	183.11   	136.03   	  81.38		
 41.20   	177.31   	136.36   	  71.21		
 43.64   	174.56   	136.64   	  66.12		
 46.69   	173.65   	136.91   	  55.95		
 48.22   	171.51   	137.13   	  45.78		
 47.00   	163.57   	137.31   	  35.61		
 43.95   	150.45   	137.46   	  25.43		
 40.89   	136.41   	137.56   	  10.17		
 37.84   	126.04   	137.60(S)	  -5.09		
 34.79   	120.24   	137.58   	 -20.35		
 31.74   	114.75   	137.50   	 -40.69		
 28.38   	104.06   	137.33   	 -61.04		
 24.72   	 87.59   	137.09   	 -81.38		
 21.67   	 69.89   	136.76   	-106.82		
 21.06   	 57.68   	136.34   	-137.33		
 23.50   	 56.15   	135.79   	-167.85		
 27.47   	 63.17   	135.12   	-203.46		
 28.99   	 71.41   	134.30   	-228.89		
 24.72   	 74.46   	133.39   	-249.24		
 17.09   	 71.41   	132.39   	-264.50		
 10.99   	 64.70   	131.33   	-264.50		
 10.07   	 59.81   	130.27   	-259.41		
 13.12   	 58.29   	129.24   	-239.06		
 15.26   	 56.46   	128.28   	-223.80		
 14.34   	 51.88   	127.39   	-208.54		
 11.90   	 45.78   	126.55   	-198.37		
 10.38   	 41.50   	125.76   	-188.20		
 10.07   	 40.59   	125.00   	-178.03		
 10.07   	 41.81   	124.29   	-183.11		
  7.63   	 42.11   	123.56   	-178.03		
  2.14   	 40.28   	122.85   	-183.11		
 -5.19   	 38.76   	122.12   	-188.20		
-10.99   	 39.06   	121.36   	-183.11		
-13.73   	 40.59   	120.63   	-188.20		
-11.29   	 39.98   	119.88   	-183.11		
 -3.05   	 34.79   	119.15   	-172.94		
  5.19   	 25.33   	118.45   	-167.85		
  5.49   	 15.26   	117.78   	-162.77		
 -4.88   	  7.93   	117.13   	-157.68		
-21.97   	  5.49   	116.50   	-152.59		
-35.71   	  8.24   	115.89   	-147.51		
-33.87   	 14.95   	115.30   	-147.51		
-17.09   	 21.67   	114.71   	-147.51		
  2.14   	 24.41   	114.12   	-142.42		
 10.38   	 20.14   	113.55   	-137.33		
  2.75   	  9.46   	113.00   	-137.33		
-14.65   	 -2.44   	112.45   	-132.25		
-29.91   	-10.68   	111.92   	-127.16		
-34.18   	-12.21   	111.41   	-132.25		
-27.16   	 -7.63   	110.88   	-122.07		
-15.87   	  0.00   	110.40   	-127.16		
 -6.71   	  6.10   	109.89   	-122.07		
 -3.66   	  8.24   	109.40   	-116.99		
 -6.10   	  5.19   	108.93   	-122.07		
-10.38   	 -0.92   	108.44   	-116.99		
-13.43   	 -6.41   	107.98   	-122.07		
-14.65   	 -9.16   	107.49   	-122.07		
-16.78   	 -9.46   	107.00   	-122.07		
-21.36   	 -9.46   	106.51   	-122.07		
-27.47   	-12.21   	106.02   	-122.07		
-29.91   	-17.09   	105.53   	-127.16		
-26.25   	-21.36   	105.03   	-127.16		
-17.70   	-21.67   	104.52   	-132.25		
 -9.77   	-17.40   	103.99   	-132.25		
 -6.10   	 -9.77   	103.46   	-132.25		
 -7.93   	 -2.75   	102.93   	-137.33		
-12.21   	  0.31   	102.38   	-132.25		
-15.56   	 -1.53   	101.85   	-137.33		
-16.17   	 -8.24   	101.30   	-132.25		
-15.56   	-16.48   	100.77   	-137.33		
-16.48   	-25.02   	100.22   	-132.25		
-21.06   	-32.65   	 99.69   	-127.16		
-28.08   	-38.45   	 99.19   	-132.25		
-33.57   	-42.11   	 98.66   	-122.07		
-32.65   	-41.20   	 98.17   	-122.07		
-24.72   	-35.71   	 97.68   	-122.07		
-15.87   	-27.47   	 97.19   	-111.90		
-12.51   	-20.14   	 96.74   	-111.90		
-18.01   	-15.56   	 96.30   	-106.82		
-27.77   	-14.04   	 95.87   	-106.82		
-35.40   	-13.12   	 95.44   	-101.73		
-36.32   	 -9.77   	 95.04   	 -96.64		
-30.82   	 -1.83   	 94.65   	 -96.64		
-21.06   	 11.90   	 94.26   	 -91.56		
 -9.16   	 28.99   	 93.90   	 -91.56		
  1.83   	 45.47   	 93.53   	 -86.47		
  6.71   	 56.15   	 93.18   	 -86.47		
  3.05   	 58.90   	 92.84   	 -86.47		
 -9.16   	 54.02   	 92.49   	 -86.47		
-24.11   	 45.47   	 92.15   	 -81.38		
-33.57   	 36.32   	 91.82   	 -81.38		
-34.18   	 28.08   	 91.50   	 -81.38		
-28.38   	 21.06   	 91.17   	 -76.30		
-21.06   	 16.78   	 90.86   	 -81.38		
-14.65   	 16.78   	 90.54   	 -76.30		
 -7.93   	 21.06   	 90.23   	 -76.30		
 -0.92   	 26.86   	 89.93   	 -81.38		
  3.66   	 28.38   	 89.60   	 -71.21		
  1.53   	 20.75   	 89.32   	 -76.30		
-11.60   	  2.44   	 89.01   	 -76.30		
-32.96   	-23.50   	 88.71   	 -71.21		
-53.41   	-49.44   	 88.42   	 -71.21		
-62.87   	-68.36   	 88.14   	 -71.21		
-58.59   	-76.60   	 87.85   	 -71.21		
-45.47   	-75.38   	 87.57   	 -66.12		
-32.35   	-71.11   	 87.30   	 -71.21		
-24.41   	-69.58   	 87.02   	 -71.21		
-18.31   	-72.94   	 86.73   	 -66.12		
 -9.46   	-78.13   	 86.47   	 -71.21		
  3.05   	-81.48   	 86.18   	 -71.21		
 12.82   	-83.92   	 85.90   	 -66.12		
 12.51   	-87.59   	 85.64   	 -66.12		
  2.14   	-93.69   	 85.37   	 -71.21		
-10.38   	-100.40   	 85.09   	 -66.12		
-17.09   	-104.98   	 84.82   	 -61.04		
-16.17   	-105.59   	 84.58   	 -66.12		
-12.82   	-103.45   	 84.31   	 -61.04		
-10.99   	-99.79   	 84.07   	 -61.04		
 -8.85   	-93.08   	 83.82   	 -61.04		
 -1.83   	-80.57   	 83.58   	 -61.04		
 11.90   	-65.00   	 83.34   	 -61.04		
 25.33   	-54.02   	 83.09   	 -61.04		
 28.08   	-53.71   	 82.85   	 -55.95		
 14.04   	-64.39   	 82.62   	 -61.04		
-12.21   	-79.35   	 82.38   	 -55.95		
-37.54   	-88.20   	 82.16   	 -55.95		
-50.35   	-84.23   	 81.93   	 -55.95		
-47.61   	-70.19   	 81.71   	 -50.86		
-34.79   	-54.32   	 81.51   	 -50.86		
-21.97   	-45.47   	 81.30   	 -50.86		
-18.31   	-46.69   	 81.10   	 -50.86		
-25.02   	-54.32   	 80.89   	 -45.78		
-36.93   	-62.26   	 80.71   	 -45.78		
-47.00   	-66.53   	 80.53   	 -40.69		
-50.66   	-69.27   	 80.37   	 -45.78		
-49.44   	-73.55   	 80.18   	 -40.69		
-48.22   	-79.04   	 80.02   	 -45.78		
-51.57   	-82.40   	 79.84   	 -40.69		
-55.85   	-79.65   	 79.67   	 -45.78		
-54.32   	-70.80   	 79.49   	 -45.78		
-45.17   	-60.73   	 79.31   	 -45.78		
-32.35   	-52.80   	 79.12   	 -45.78		
-21.97   	-47.00   	 78.94   	 -45.78		
-19.23   	-44.25   	 78.76   	 -50.86		
-26.25   	-49.13   	 78.56   	 -50.86		
-41.20   	-68.97   	 78.35   	 -55.95		
-60.42   	-102.23   	 78.13   	 -50.86		
-75.99   	-132.45   	 77.92   	 -55.95		
-74.77   	-130.92   	 77.70   	 -50.86		
-43.33   	-73.24   	 77.50   	 -55.95		
 21.36   	 41.20   	 77.27   	 -55.95		
110.47   	189.21   	 77.05   	 -61.04		
206.91   	339.97   	 76.81   	 -55.95		
294.49   	473.94   	 76.58   	-111.90		
411.07   	668.34   	 76.13   	 -50.86		
436.10   	709.53(R)	 75.93   	 -55.95		
432.13   	687.56   	 75.71   	 -55.95		
390.93   	591.13   	 75.48   	 -50.86		
310.67   	433.04   	 75.28   	 -50.86		
204.47   	252.99   	 75.08   	 -45.78		
100.10   	 96.44   	 74.89   	 -50.86		
 23.19   	 -5.49   	 74.69   	 -45.78		
-17.09   	-48.52   	 74.51   	 -45.78		
-31.13   	-53.41   	 74.32   	 -40.69		
-36.62   	-50.05   	 74.16   	 -40.69		
-44.86   	-57.68   	 74.00   	 -40.69		
-54.02   	-76.90   	 73.83   	 -35.61		
-58.90   	-95.83   	 73.69   	 -30.52		
-59.51   	-104.98   	 73.57   	 -25.43		
-58.59   	-103.76   	 73.47   	 -25.43		
-58.29   	-98.57   	 73.37   	  -5.09		
-58.59   	-95.52   	 73.35(D)	   5.09		
-57.68   	-95.21   	 73.37   	  30.52		
-54.93   	-94.60   	 73.49   	  61.04		
-51.57   	-91.25   	 73.73   	  96.64		
-50.96   	-88.50   	 74.12   	 122.07		
-56.15   	-92.77   	 74.61   	 152.59		
-67.14   	-106.20   	 75.22   	 172.94		
-79.96   	-125.73   	 75.91   	 193.29		
-88.50   	-142.52   	 76.68   	 213.63		
-88.20   	-147.09   	 77.54   	 233.98		
-81.79   	-137.33   	 78.47   	 244.15		
-75.68   	-119.63   	 79.45   	 264.50		
-73.24   	-104.06   	 80.51   	 274.67		
-71.41   	-96.74   	 81.61   	 279.75		
-65.92   	-97.96   	 82.73   	 279.75		
-57.07   	-103.45   	 83.85   	 279.75		
-51.88   	-110.17   	 84.96   	 279.75		
-56.15   	-117.19   	 86.08   	 264.50		
-67.14   	-122.38   	 87.14   	 264.50		
-76.90   	-123.29   	 88.20   	 254.32		
-79.35   	-119.02   	 89.22   	 254.32		
-74.46   	-112.30   	 90.23   	 249.24		
-69.58   	-108.34   	 91.23   	 244.15		
-68.05   	-109.56   	 92.21   	 254.32		
-67.44   	-112.61   	 93.22   	 254.32		
-64.70   	-112.92   	 94.24   	 254.32		
-60.73   	-110.78   	 95.26   	 264.50		
-57.98   	-108.95   	 96.32   	 264.50		
-58.29   	-110.78   	 97.37   	 274.67		
-60.42   	-114.75   	 98.47   	 274.67		
-60.42   	-116.88   	 99.57   	 279.75		
-58.90   	-115.97   	100.69   	 279.75		
-59.51   	-115.36   	101.81   	 289.93		
-63.48   	-119.02   	102.97   	 284.84		
-65.92   	-124.82   	104.11   	 284.84		
-61.04   	-127.26   	105.25   	 284.84		
-50.05   	-123.60   	106.39   	 279.75		
-39.67   	-115.97   	107.51   	 279.75		
-36.01   	-111.69   	108.63   	 269.58		
-38.76   	-112.61   	109.70   	 269.58		
-42.11   	-114.75   	110.78   	 264.50		
-42.72   	-112.61   	111.84   	 259.41		
-42.42   	-107.42   	112.88   	 259.41		
-45.17   	-103.15   	113.92   	 259.41		
-49.74   	-102.23   	114.95   	 254.32		
-50.35   	-101.62   	115.97   	 254.32		
-43.64   	-95.83   	116.99   	 249.24		
-32.96   	-83.31   	117.99   	 244.15		
-24.41   	-68.97   	118.96   	 239.06		
-21.97   	-57.98   	119.92   	 239.06		
-22.58   	-51.27   	120.87   	 233.98		
-21.67   	-43.33   	121.81   	 233.98		
-17.40   	-29.91   	122.75   	 228.89		
-13.43   	-10.99   	123.66   	 223.80		
-11.90   	  9.46   	124.56   	 223.80		
 -9.77   	 28.38   	125.45   	 213.63		
 -3.66   	 46.08   	126.31   	 213.63		
  6.10   	 63.17   	127.16   	 213.63		
 15.26   	 79.65   	128.02   	 208.54		
 18.31   	 94.91   	128.85   	 203.46		
 16.17   	107.73   	129.66   	 203.46		
 13.43   	118.71   	130.48   	 198.37		
 13.73   	129.09   	131.27   	 188.20		
 15.87   	138.85   	132.02   	 188.20		
 16.78   	146.79   	132.78   	 172.94		
 16.48   	154.72   	133.47   	 167.85		
 20.14   	164.49   	134.14   	 157.68		
 30.52   	175.78   	134.77   	 147.51		
 42.72   	184.63   	135.36   	 142.42		
 47.30   	187.07   	135.93   	 127.16		
 39.37   	182.80   	136.44   	 122.07		
 23.19   	175.48   	136.93   	 111.90		
 11.60   	171.51   	137.37   	  96.64		
 13.73   	171.81   	137.76   	  91.56		
 25.63   	173.34   	138.13   	  76.30		
 36.62   	171.20   	138.43   	  66.12		
 39.98   	166.02   	138.70   	  55.95		
 37.54   	161.13   	138.92   	  40.69		
 36.32   	159.30   	139.08   	  35.61		
 35.71   	157.17   	139.23   	  25.43		
 30.52   	147.09   	139.33   	  15.26		
 15.56   	126.65   	139.39(S)	   0.00		
 -7.02   	100.10   	139.39   	  -5.09		
-26.86   	 77.21   	139.37   	 -25.43		
-34.79   	 64.09   	139.27   	 -35.61		
-29.60   	 61.65   	139.12   	 -55.95		
-19.23   	 63.48   	138.90   	 -66.12		
-12.82   	 64.09   	138.64   	 -91.56		
-11.29   	 62.26   	138.27   	-111.90		
-12.21   	 57.68   	137.82   	-137.33		
-13.43   	 50.96   	137.27   	-162.77		
-12.82   	 43.95   	136.62   	-188.20		
-11.29   	 39.98   	135.87   	-208.54		
-11.60   	 40.28   	135.04   	-233.98		
-12.82   	 45.78   	134.10   	-249.24		
-12.51   	 54.02   	133.10   	-254.32		
 -8.85   	 62.87   	132.08   	-254.32		
 -0.92   	 68.36   	131.07   	-244.15		
  9.77   	 68.36   	130.09   	-239.06		
 19.23   	 63.48   	129.13   	-223.80		
 25.02   	 54.93   	128.24   	-218.72		
 25.02   	 45.47   	127.36   	-213.63		
 19.23   	 40.89   	126.51   	-198.37		
 12.21   	 42.42   	125.72   	-193.29		
  5.80   	 47.91   	124.94   	-183.11		
  1.53   	 53.41   	124.21   	-172.94		
  3.66   	 57.07   	123.52   	-172.94		
 14.34   	 61.34   	122.83   	-167.85		
 28.99   	 65.31   	122.16   	-172.94		
 36.93   	 64.70   	121.46   	-167.85		
 31.74   	 56.46   	120.79   	-167.85		
 13.43   	 39.67   	120.12   	-162.77		
 -8.54   	 21.06   	119.47   	-162.77		
-20.14   	 11.60   	118.82   	-162.77		
-18.31   	 13.73   	118.17   	-157.68		
-11.29   	 20.45   	117.54   	-157.68		
 -8.54   	 24.41   	116.91   	-157.68		
-12.82   	 22.89   	116.28   	-157.68		
-18.62   	 18.01   	115.65   	-157.68		
-19.84   	 13.43   	115.01   	-152.59		
-15.56   	  9.77   	114.40   	-157.68		
-10.07   	  5.19   	113.77   	-152.59		
-10.07   	  0.00   	113.16   	-152.59		
-14.95   	 -3.05   	112.55   	-152.59		
-20.75   	 -0.92   	111.94   	-147.51		
-23.80   	  4.58   	111.35   	-142.42		
-21.67   	  9.46   	110.78   	-147.51		
-14.34   	 12.21   	110.19   	-142.42		
 -3.05   	 14.34   	109.62   	-137.33		
  8.24   	 17.09   	109.07   	-142.42		
 14.65   	 18.31   	108.50   	-132.25		
 14.04   	 14.65   	107.98   	-137.33		
  8.24   	  4.88   	107.43   	-137.33		
 -0.31   	 -6.71   	106.88   	-132.25		
 -8.24   	-12.82   	106.35   	-137.33		
-13.12   	 -9.46   	105.80   	-132.25		
-15.26   	  1.53   	105.27   	-132.25		
-12.82   	 14.34   	104.74   	-137.33		
 -4.58   	 22.89   	104.19   	-137.33		
  6.10   	 23.50   	103.64   	-137.33		
 12.82   	 17.09   	103.09   	-132.25		
 10.07   	  4.58   	102.56   	-137.33		
  0.31   	 -9.16   	102.01   	-137.33		
 -9.46   	-17.70   	101.46   	-137.33		
-12.82   	-17.70   	100.92   	-132.25		
 -9.46   	-10.38   	100.39   	-132.25		
 -4.58   	 -2.75   	 99.86   	-127.16		
 -3.05   	 -0.61   	 99.35   	-127.16		
 -5.19   	 -5.49   	 98.84   	-116.99		
 -8.54   	-12.82   	 98.37   	-116.99		
-10.68   	-16.48   	 97.90   	-111.90		
-10.68   	-12.82   	 97.46   	-106.82		
-10.07   	 -3.05   	 97.03   	-101.73		
 -8.85   	  8.54   	 96.62   	 -96.64		
 -6.71   	 20.75   	 96.24   	 -91.56		
 -2.44   	 33.57   	 95.87   	 -91.56		
  3.36   	 46.08   	 95.50   	 -86.47		
 10.07   	 55.54   	 95.16   	 -81.38		
 15.87   	 60.12   	 94.83   	 -81.38		
 18.31   	 59.81   	 94.51   	 -81.38		
 18.31   	 57.98   	 94.18   	 -76.30		
 16.78   	 57.07   	 93.88   	 -76.30		
 14.34   	 58.29   	 93.57   	 -71.21		
 11.29   	 60.12   	 93.29   	 -76.30		
  9.16   	 59.81   	 92.98   	 -76.30		
  8.85   	 57.98   	 92.68   	 -76.30		
 12.51   	 57.07   	 92.37   	 -76.30		
 19.23   	 56.76   	 92.06   	 -76.30		
 26.55   	 55.24   	 91.76   	 -81.38		
 29.60   	 49.74   	 91.43   	 -76.30		
 24.41   	 39.37   	 91.13   	 -76.30		
 12.51   	 25.63   	 90.82   	 -76.30		
 -0.31   	 11.90   	 90.52   	 -76.30		
-10.68   	 -0.31   	 90.21   	 -76.30		
-14.95   	-12.51   	 89.91   	 -76.30		
-13.73   	-25.94   	 89.60   	 -76.30		
-10.38   	-39.37   	 89.30   	 -76.30		
 -8.85   	-48.52   	 88.99   	 -76.30		
 -9.16   	-49.74   	 88.69   	 -76.30		
-12.21   	-44.56   	 88.38   	 -76.30		
-18.31   	-39.67   	 88.08   	 -76.30		
-25.02   	-42.42   	 87.77   	 -76.30		
-28.08   	-53.71   	 87.47   	 -76.30		
-26.55   	-70.80   	 87.16   	 -76.30		
-21.36   	-86.98   	 86.86   	 -76.30		
-14.95   	-96.44   	 86.55   	 -71.21		
 -8.85   	-98.57   	 86.27   	 -71.21		
 -1.83   	-94.60   	 85.98   	 -76.30		
  6.71   	-86.36   	 85.68   	 -66.12		
 14.95   	-77.21   	 85.41   	 -71.21		
 19.23   	-70.50   	 85.13   	 -71.21		
 17.09   	-68.05   	 84.84   	 -66.12		
  9.77   	-70.50   	 84.58   	 -71.21		
  3.36   	-75.07   	 84.29   	 -66.12		
  2.14   	-78.13   	 84.03   	 -66.12		
  5.80   	-76.90   	 83.76   	 -66.12		
 12.21   	-69.27   	 83.50   	 -66.12		
 17.09   	-59.20   	 83.23   	 -66.12		
 16.17   	-51.27   	 82.97   	 -66.12		
  8.54   	-48.22   	 82.71   	 -66.12		
 -2.14   	-48.52   	 82.44   	 -66.12		
 -9.77   	-48.22   	 82.18   	 -61.04		
 -9.16   	-45.17   	 81.93   	 -61.04		
 -3.05   	-41.50   	 81.69   	 -61.04		
  1.22   	-40.28   	 81.44   	 -55.95		
 -5.19   	-44.56   	 81.22   	 -55.95		
-23.50   	-51.57   	 81.00   	 -55.95		
-44.86   	-57.98   	 80.77   	 -50.86		
-58.90   	-61.34   	 80.57   	 -50.86		
-58.29   	-60.42   	 80.37   	 -45.78		
-43.95   	-54.93   	 80.18   	 -50.86		
-24.11   	-46.08   	 79.98   	 -40.69		
-10.99   	-38.15   	 79.82   	 -45.78		
-10.38   	-33.87   	 79.63   	 -45.78		
-20.75   	-33.57   	 79.45   	 -40.69		
-35.10   	-35.10   	 79.29   	 -40.69		
-44.56   	-33.87   	 79.12   	 -40.69		
-46.08   	-29.60   	 78.96   	 -40.69		
-43.95   	-28.08   	 78.80   	 -40.69		
-44.56   	-36.62   	 78.64   	 -40.69		
-48.22   	-55.85   	 78.47   	 -40.69		
-49.13   	-76.29   	 78.31   	 -40.69		
-40.28   	-78.74   	 78.15   	 -40.69		
-13.43   	-43.33   	 77.99   	 -45.78		
 32.96   	 37.54   	 77.80   	 -40.69		
 96.44   	155.03   	 77.64   	 -45.78		
172.12   	289.92   	 77.46   	 -45.78		
252.99   	426.33   	 77.27   	 -40.69		
332.34   	554.50   	 77.11   	 -96.64		
459.29   	739.44   	 76.72   	 -45.78		
483.09   	751.04(R)	 76.54   	 -50.86		
459.90   	681.46   	 76.34   	 -50.86		
384.83   	535.28   	 76.13   	 -50.86		
270.69   	346.68   	 75.93   	 -45.78		
149.23   	166.93   	 75.75   	 -50.86		
 52.80   	 38.15   	 75.54   	 -50.86		
 -2.14   	-23.80   	 75.34   	 -50.86		
-23.80   	-32.65   	 75.14   	 -45.78		
-31.74   	-21.36   	 74.95   	 -45.78		
-40.59   	-20.14   	 74.77   	 -45.78		
-51.57   	-37.54   	 74.59   	 -45.78		
-58.90   	-63.17   	 74.40   	 -40.69		
-57.98   	-82.09   	 74.24   	 -35.61		
-50.66   	-86.98   	 74.10   	 -30.52		
-44.25   	-82.09   	 73.98   	 -20.35		
-44.56   	-76.29   	 73.90   	 -10.17		
-51.88   	-76.29   	 73.86(D)	  10.17		
-61.34   	-81.79   	 73.90   	  40.69		
-68.05   	-88.50   	 74.06   	  71.21		
-69.27   	-93.08   	 74.34   	 101.73		
-66.22   	-93.08   	 74.75   	 132.25		
-61.34   	-88.81   	 75.28   	 157.68		
-58.29   	-83.62   	 75.91   	 183.11		
-56.76   	-82.40   	 76.64   	 198.37		
-55.85   	-87.59   	 77.44   	 218.72		
-55.24   	-97.35   	 78.31   	 239.06		
-54.93   	-105.59   	 79.27   	 249.24		
-56.15   	-105.29   	 80.26   	 269.58		
-57.98   	-94.91   	 81.34   	 274.67		
-59.51   	-80.57   	 82.44   	 279.75		
-60.42   	-71.11   	 83.56   	 279.75		
-61.65   	-73.85   	 84.68   	 274.67		
-63.48   	-86.06   	 85.78   	 274.67		
-65.00   	-97.66   	 86.88   	 264.50		
-62.56   	-98.88   	 87.93   	 264.50		
-53.10   	-89.11   	 88.99   	 259.41		
-40.59   	-76.60   	 90.03   	 249.24		
-32.35   	-71.41   	 91.03   	 249.24		
-34.79   	-77.21   	 92.02   	 244.15		
-49.13   	-89.72   	 93.00   	 249.24		
-66.53   	-99.79   	 94.00   	 254.32		
-75.99   	-100.40   	 95.01   	 259.41		
-72.94   	-91.55   	 96.05   	 269.58		
-60.42   	-79.04   	 97.13   	 269.58		
-47.00   	-69.58   	 98.21   	 274.67		
-41.20   	-69.89   	 99.31   	 279.75		
-45.17   	-79.96   	100.43   	 284.84		
-53.41   	-92.47   	101.57   	 284.84		
-59.51   	-99.79   	102.71   	 284.84		
-59.20   	-98.57   	103.84   	 284.84		
-51.27   	-90.64   	104.98   	 284.84		
-40.89   	-83.01   	106.12   	 279.75		
-33.87   	-81.79   	107.24   	 274.67		
-32.04   	-87.28   	108.34   	 274.67		
-34.48   	-93.99   	109.44   	 269.58		
-39.06   	-96.74   	110.52   	 264.50		
-43.33   	-93.08   	111.58   	 264.50		
-46.08   	-85.14   	112.63   	 259.41		
-47.00   	-76.29   	113.67   	 259.41		
-43.95   	-68.66   	114.71   	 254.32		
-37.23   	-62.26   	115.73   	 254.32		
-31.13   	-54.93   	116.74   	 254.32		
-29.60   	-46.08   	117.76   	 244.15		
-32.04   	-36.93   	118.74   	 244.15		
-32.65   	-27.77   	119.71   	 233.98		
-25.63   	-16.17   	120.65   	 239.06		
-11.60   	 -3.05   	121.61   	 228.89		
  1.83   	 10.07   	122.52   	 223.80		
  9.46   	 23.19   	123.42   	 223.80		
 10.68   	 36.62   	124.31   	 213.63		
 10.68   	 51.57   	125.17   	 218.72		
 13.12   	 68.05   	126.04   	 208.54		
 18.31   	 85.45   	126.88   	 208.54		
 22.89   	101.32   	127.71   	 203.46		
 25.63   	115.36   	128.52   	 203.46		
 27.77   	128.48   	129.34   	 198.37		
 30.82   	140.69   	130.13   	 188.20		
 33.87   	149.54   	130.88   	 188.20		
 34.18   	155.94   	131.64   	 178.03		
 32.35   	162.96   	132.35   	 178.03		
 31.13   	174.87   	133.06   	 167.85		
 33.57   	190.73   	133.73   	 157.68		
 40.89   	205.08   	134.36   	 152.59		
 50.05   	211.79   	134.97   	 142.42		
 54.93   	209.96   	135.54   	 127.16		
 52.19   	205.69   	136.05   	 127.16		
 43.33   	205.38   	136.56   	 111.90		
 34.18   	208.74   	137.01   	 101.73		
 31.43   	211.79   	137.42   	  96.64		
 38.45   	211.18   	137.80   	  91.56		
 50.05   	206.60   	138.17   	  76.30		
 57.07   	199.89   	138.47   	  66.12		
 55.24   	191.04   	138.74   	  61.04		
 46.08   	179.14   	138.98   	  45.78		
 35.71   	164.79   	139.17   	  35.61		
 30.52   	152.28   	139.31   	  20.35		
 32.04   	144.96   	139.39   	  15.26		
 36.62   	140.99   	139.45(S)	  -5.09		
 39.67   	135.19   	139.43   	 -15.26		
 38.45   	124.21   	139.37   	 -30.52		
 31.74   	108.95   	139.25   	 -50.86		
 21.06   	 93.38   	139.04   	 -66.12		
 10.07   	 80.57   	138.78   	 -86.47		
  2.14   	 70.50   	138.43   	-111.90		
 -0.92   	 62.87   	137.99   	-137.33		
  1.53   	 58.59   	137.44   	-162.77		
  9.16   	 59.81   	136.78   	-193.29		
 19.53   	 66.53   	136.01   	-218.72		
 28.69   	 75.38   	135.14   	-239.06		
 32.65   	 81.79   	134.18   	-254.32		
 28.08   	 82.09   	133.16   	-259.41		
 16.48   	 77.82   	132.13   	-259.41		
  4.88   	 72.33   	131.09   	-249.24		
 -1.53   	 68.66   	130.09   	-244.15		
 -2.75   	 65.31   	129.11   	-239.06		
 -3.66   	 57.98   	128.16   	-228.89		
 -8.54   	 46.39   	127.24   	-218.72		
-15.56   	 35.40   	126.37   	-213.63		
-18.92   	 31.74   	125.51   	-203.46		
-11.60   	 38.45   	124.70   	-198.37		
  4.88   	 51.88   	123.91   	-193.29		
 22.58   	 62.26   	123.13   	-183.11		
 30.52   	 61.65   	122.40   	-188.20		
 24.41   	 51.27   	121.65   	-178.03		
  8.24   	 36.62   	120.94   	-178.03		
-10.38   	 25.02   	120.22   	-178.03		
-22.58   	 20.14   	119.51   	-167.85		
-24.11   	 22.58   	118.84   	-162.77		
-16.78   	 28.08   	118.19   	-157.68		
 -7.93   	 32.65   	117.56   	-152.59		
 -2.44   	 34.48   	116.95   	-152.59		
 -1.53   	 31.43   	116.34   	-152.59		
 -2.75   	 24.41   	115.73   	-152.59		
  0.00   	 17.70   	115.12   	-152.59		
  8.24   	 15.87   	114.51   	-147.51		
 19.23   	 23.19   	113.92   	-147.51		
 25.33   	 36.62   	113.33   	-147.51		
 17.70   	 46.69   	112.74   	-142.42		
 -3.66   	 44.25   	112.17   	-147.51		
-29.91   	 28.08   	111.58   	-142.42		
-47.00   	  6.41   	111.01   	-142.42		
-45.47   	 -7.02   	110.44   	-137.33		
-27.16   	 -7.93   	109.89   	-142.42		
 -4.58   	 -3.05   	109.32   	-132.25		
 10.07   	 -1.53   	108.79   	-137.33		
 11.60   	 -5.80   	108.24   	-132.25		
  4.27   	-10.68   	107.71   	-132.25		
 -4.88   	 -9.46   	107.18   	-132.25		
-10.99   	 -2.44   	106.65   	-127.16		
-15.26   	  2.75   	106.14   	-132.25		
-18.62   	  1.22   	105.62   	-127.16		
-19.84   	 -5.19   	105.11   	-132.25		
-18.31   	 -9.46   	104.58   	-132.25		
-13.43   	 -7.63   	104.05   	-127.16		
 -5.80   	 -0.31   	103.54   	-132.25		
  0.61   	  4.88   	103.01   	-127.16		
  1.53   	  2.75   	102.50   	-122.07		
 -3.36   	 -6.71   	102.01   	-127.16		
-12.82   	-18.62   	101.51   	-122.07		
-23.19   	-28.08   	101.02   	-122.07		
-29.60   	-31.43   	100.53   	-122.07		
-28.08   	-28.38   	100.04   	-116.99		
-20.75   	-23.50   	 99.57   	-111.90		
-11.60   	-20.75   	 99.12   	-111.90		
 -3.66   	-19.53   	 98.68   	-106.82		
 -0.92   	-18.31   	 98.25   	-106.82		
 -3.05   	-14.04   	 97.82   	-101.73		
 -7.93   	 -6.41   	 97.42   	-101.73		
-12.82   	  2.14   	 97.01   	-101.73		
-16.48   	  7.93   	 96.60   	 -96.64		
-18.31   	 10.68   	 96.22   	 -96.64		
-18.31   	 12.21   	 95.83   	 -96.64		
-16.17   	 14.65   	 95.44   	 -96.64		
-13.73   	 17.70   	 95.06   	 -96.64		
-12.21   	 21.97   	 94.67   	 -96.64		
-11.29   	 28.99   	 94.28   	 -91.56		
-11.29   	 39.98   	 93.92   	 -96.64		
 -9.46   	 54.32   	 93.53   	 -96.64		
 -4.58   	 67.14   	 93.14   	 -91.56		
  0.92   	 72.33   	 92.78   	 -96.64		
  3.05   	 68.66   	 92.39   	 -96.64		
  1.83   	 61.34   	 92.00   	 -96.64		
 -1.22   	 55.24   	 91.62   	 -96.64		
 -2.75   	 51.88   	 91.23   	 -91.56		
 -0.61   	 48.83   	 90.86   	 -96.64		
  3.66   	 43.64   	 90.48   	 -91.56		
  7.32   	 38.15   	 90.11   	 -91.56		
  9.16   	 34.48   	 89.75   	 -91.56		
  9.46   	 33.26   	 89.38   	 -86.47		
 10.99   	 30.82   	 89.03   	 -86.47		
 12.21   	 22.58   	 88.69   	 -81.38		
  9.16   	  7.63   	 88.36   	 -76.30		
  0.61   	-10.99   	 88.06   	 -81.38		
-10.68   	-26.86   	 87.73   	 -71.21		
-17.70   	-35.40   	 87.45   	 -71.21		
-14.04   	-35.10   	 87.16   	 -71.21		
  0.00   	-30.82   	 86.88   	 -71.21		
 15.56   	-29.30   	 86.59   	 -66.12		
 22.89   	-35.71   	 86.33   	 -71.21		
 18.01   	-48.83   	 86.04   	 -61.04		
  6.41   	-62.26   	 85.80   	 -66.12		
 -3.66   	-71.72   	 85.53   	 -61.04		
 -4.88   	-76.60   	 85.29   	 -55.95		
  3.66   	-79.65   	 85.07   	 -61.04		
 16.78   	-83.01   	 84.82   	 -55.95		
 26.55   	-84.53   	 84.60   	 -61.04		
 27.77   	-81.79   	 84.35   	 -55.95		
 20.75   	-77.21   	 84.13   	 -55.95		
 11.29   	-75.38   	 83.91   	 -55.95		
  5.80   	-79.35   	 83.68   	 -55.95		
  8.24   	-85.45   	 83.46   	 -55.95		
 17.70   	-85.75   	 83.23   	 -55.95		
 28.38   	-74.77   	 83.01   	 -61.04		
 32.35   	-57.37   	 82.77   	 -55.95		
 27.47   	-42.42   	 82.54   	 -61.04		
 17.40   	-38.15   	 82.30   	 -61.04		
  9.46   	-44.25   	 82.05   	 -55.95		
  7.32   	-52.80   	 81.83   	 -61.04		
  7.93   	-56.46   	 81.59   	 -61.04		
  4.88   	-53.71   	 81.34   	 -61.04		
 -6.41   	-49.13   	 81.10   	 -61.04		
-21.36   	-47.91   	 80.85   	 -55.95		
-31.43   	-51.27   	 80.63   	 -61.04		
-31.43   	-55.24   	 80.39   	 -55.95		
-24.41   	-56.46   	 80.16   	 -61.04		
-18.62   	-56.46   	 79.92   	 -55.95		
-20.14   	-58.59   	 79.69   	 -55.95		
-27.77   	-63.78   	 79.47   	 -55.95		
-35.10   	-69.58   	 79.25   	 -55.95		
-37.23   	-70.80   	 79.02   	 -50.86		
-33.26   	-64.39   	 78.82   	 -50.86		
-26.86   	-53.71   	 78.62   	 -55.95		
-21.97   	-43.64   	 78.39   	 -45.78		
-19.84   	-37.23   	 78.21   	 -50.86		
-19.53   	-35.71   	 78.01   	 -45.78		
-19.84   	-39.37   	 77.82   	 -40.69		
-19.23   	-50.35   	 77.66   	 -40.69		
-16.78   	-68.36   	 77.50   	 -40.69		
-11.29   	-84.23   	 77.33   	 -40.69		
  0.00   	-78.74   	 77.17   	 -30.52		
 20.14   	-33.57   	 77.05   	 -35.61		
 51.88   	 54.63   	 76.91   	 -30.52		
 99.79   	172.42   	 76.79   	 -35.61		
164.49   	298.77   	 76.64   	 -30.52		
244.14   	420.23   	 76.52   	 -30.52		
332.34   	531.92   	 76.40   	 -61.04		
471.80   	685.73(R)	 76.15   	 -30.52		
482.79   	680.24   	 76.03   	 -30.52		
437.32   	594.79   	 75.91   	 -35.61		
341.19   	440.98   	 75.77   	 -35.61		
220.03   	259.40   	 75.63   	 -35.61		
107.42   	 97.35   	 75.48   	 -40.69		
 29.60   	-10.68   	 75.32   	 -40.69		
 -6.41   	-55.85   	 75.16   	 -40.69		
-14.04   	-57.37   	 74.99   	 -40.69		
-15.56   	-47.91   	 74.83   	 -45.78		
-25.02   	-52.80   	 74.65   	 -40.69		
-41.20   	-75.68   	 74.49   	 -45.78		
-54.63   	-102.54   	 74.30   	 -40.69		
-57.68   	-115.36   	 74.14   	 -40.69		
-51.57   	-108.03   	 73.98   	 -35.61		
-44.25   	-89.72   	 73.83   	 -25.43		
-43.03   	-76.29   	 73.73   	 -20.35		
-48.83   	-77.51   	 73.65(D)	   5.09		
-57.37   	-91.55   	 73.67   	  25.43		
-64.09   	-109.86   	 73.77   	  61.04		
-66.22   	-124.51   	 74.02   	  91.56		
-64.09   	-131.23   	 74.38   	 122.07		
-61.34   	-130.62   	 74.87   	 152.59		
-62.26   	-126.95   	 75.48   	 172.94		
-67.14   	-122.38   	 76.17   	 188.20		
-69.89   	-115.66   	 76.93   	 208.54		
-66.83   	-108.34   	 77.76   	 228.89		
-57.37   	-103.45   	 78.68   	 244.15		
-47.61   	-104.37   	 79.65   	 259.41		
-44.25   	-111.69   	 80.69   	 269.58		
-49.44   	-121.15   	 81.77   	 279.75		
-58.90   	-126.65   	 82.89   	 279.75		
-65.61   	-125.12   	 84.01   	 274.67		
-66.53   	-121.15   	 85.11   	 269.58		
-64.39   	-118.10   	 86.18   	 269.58		
-61.65   	-118.10   	 87.26   	 259.41		
-61.04   	-119.32   	 88.30   	 259.41		
-60.73   	-119.63   	 89.34   	 249.24		
-57.68   	-118.10   	 90.34   	 244.15		
-50.96   	-117.49   	 91.31   	 244.15		
-42.72   	-120.24   	 92.29   	 244.15		
-37.84   	-126.34   	 93.27   	 249.24		
-38.15   	-133.06   	 94.26   	 254.32		
-44.25   	-136.41   	 95.28   	 259.41		
-52.49   	-133.67   	 96.32   	 264.50		
-57.37   	-125.73   	 97.37   	 269.58		
-57.37   	-119.02   	 98.45   	 274.67		
-54.63   	-119.02   	 99.55   	 274.67		
-51.27   	-126.95   	100.65   	 269.58		
-47.61   	-138.24   	101.73   	 274.67		
-43.64   	-146.18   	102.83   	 274.67		
-39.67   	-146.79   	103.93   	 274.67		
-36.93   	-140.99   	105.03   	 269.58		
-36.32   	-132.45   	106.10   	 269.58		
-37.54   	-123.90   	107.18   	 274.67		
-39.37   	-117.80   	108.28   	 269.58		
-39.67   	-115.36   	109.36   	 264.50		
-40.28   	-117.80   	110.42   	 264.50		
-41.50   	-124.21   	111.47   	 264.50		
-40.89   	-128.48   	112.53   	 259.41		
-35.71   	-123.90   	113.57   	 259.41		
-25.94   	-108.64   	114.61   	 254.32		
-16.17   	-87.89   	115.63   	 254.32		
-13.43   	-71.41   	116.64   	 254.32		
-20.45   	-65.92   	117.66   	 249.24		
-32.04   	-67.44   	118.66   	 244.15		
-37.54   	-66.53   	119.63   	 249.24		
-32.35   	-57.98   	120.63   	 239.06		
-19.23   	-42.11   	121.59   	 244.15		
 -6.71   	-23.50   	122.56   	 239.06		
 -1.22   	 -8.24   	123.52   	 233.98		
 -1.22   	  4.27   	124.46   	 223.80		
 -0.92   	 16.78   	125.35   	 223.80		
  2.44   	 31.43   	126.25   	 213.63		
  7.63   	 47.91   	127.10   	 203.46		
 10.68   	 65.31   	127.91   	 203.46		
 10.07   	 82.09   	128.73   	 193.29		
  8.85   	 96.44   	129.50   	 183.11		
 10.07   	108.64   	130.23   	 178.03		
 16.48   	120.24   	130.95   	 172.94		
 26.25   	132.14   	131.64   	 157.68		
 32.65   	144.04   	132.27   	 152.59		
 32.35   	152.89   	132.88   	 147.51		
 25.63   	156.56   	133.47   	 142.42		
 17.40   	155.33   	134.04   	 132.25		
 13.43   	152.59   	134.57   	 132.25		
 18.01   	153.81   	135.10   	 122.07		
 27.47   	161.13   	135.58   	 116.99		
 35.71   	172.12   	136.05   	 116.99		
 39.98   	181.27   	136.52   	 101.73		
 41.81   	182.19   	136.93   	 101.73		
 42.72   	171.81   	137.33   	  91.56		
 41.81   	154.11   	137.70   	  81.38		
 35.71   	134.89   	138.03   	  76.30		
 24.11   	119.63   	138.33   	  61.04		
 10.99   	109.25   	138.58   	  55.95		
  2.75   	101.32   	138.80   	  50.86		
  3.36   	 92.16   	139.00   	  35.61		
  9.46   	 81.79   	139.14   	  20.35		
 14.95   	 72.63   	139.23   	  10.17		
 17.09   	 66.53   	139.27(S)	  -5.09		
 16.78   	 63.48   	139.25   	 -20.35		
 14.34   	 59.51   	139.17   	 -45.78		
  9.16   	 51.88   	138.98   	 -61.04		
  1.22   	 41.81   	138.74   	 -86.47		
 -7.63   	 32.96   	138.39   	-111.90		
-14.04   	 28.69   	137.94   	-142.42		
-14.65   	 28.08   	137.37   	-172.94		
-11.60   	 26.86   	136.68   	-198.37		
 -6.71   	 23.80   	135.89   	-233.98		
  0.00   	 21.67   	134.95   	-249.24		
  7.63   	 23.80   	133.96   	-264.50		
 13.43   	 30.21   	132.90   	-259.41		
 13.73   	 36.93   	131.86   	-254.32		
  5.19   	 36.93   	130.84   	-239.06		
 -8.24   	 28.38   	129.89   	-223.80		
-17.70   	 17.40   	128.99   	-218.72		
-18.31   	 10.68   	128.12   	-213.63		
-10.68   	 11.90   	127.26   	-203.46		
  0.31   	 19.84   	126.45   	-208.54		
  9.77   	 29.30   	125.61   	-198.37		
 15.26   	 33.26   	124.82   	-203.46		
 14.65   	 28.38   	124.01   	-198.37		
  7.63   	 17.09   	123.21   	-193.29		
 -2.75   	  4.88   	122.44   	-188.20		
 -9.46   	 -1.22   	121.69   	-178.03		
 -6.10   	  1.53   	120.98   	-178.03		
  3.97   	  9.46   	120.26   	-167.85		
 12.21   	 15.26   	119.59   	-157.68		
 11.29   	 14.95   	118.96   	-157.68		
  1.83   	 10.99   	118.33   	-147.51		
 -8.24   	  6.10   	117.74   	-147.51		
-11.60   	  2.44   	117.15   	-142.42		
 -8.85   	  0.61   	116.58   	-142.42		
 -6.10   	 -2.14   	116.01   	-137.33		
 -6.41   	 -6.71   	115.46   	-137.33		
 -7.63   	-12.82   	114.91   	-132.25		
 -6.41   	-19.53   	114.38   	-127.16		
  0.31   	-25.33   	113.88   	-132.25		
  9.77   	-25.94   	113.35   	-122.07		
 16.78   	-19.84   	112.86   	-122.07		
 18.62   	 -9.77   	112.37   	-116.99		
 15.56   	 -0.61   	111.90   	-116.99		
  9.16   	  0.61   	111.43   	-111.90		
  1.53   	 -6.41   	110.99   	-116.99		
 -4.58   	-17.09   	110.52   	-106.82		
 -7.93   	-24.11   	110.09   	-111.90		
 -7.02   	-22.89   	109.64   	-111.90		
 -1.22   	-14.65   	109.20   	-111.90		
  7.63   	 -3.05   	108.75   	-106.82		
 16.17   	  7.02   	108.32   	-111.90		
 21.06   	 12.82   	107.87   	-116.99		
 21.67   	 13.43   	107.41   	-111.90		
 19.23   	  9.77   	106.96   	-111.90		
 16.17   	  2.14   	106.51   	-116.99		
 12.82   	 -6.41   	106.04   	-116.99		
  9.46   	-14.04   	105.57   	-116.99		
  6.10   	-18.62   	105.11   	-122.07		
  3.66   	-19.84   	104.62   	-122.07		
  3.05   	-18.92   	104.13   	-127.16		
  3.36   	-17.70   	103.62   	-127.16		
  2.14   	-18.01   	103.11   	-122.07		
 -0.92   	-19.53   	102.62   	-127.16		
 -5.19   	-21.67   	102.12   	-127.16		
 -7.32   	-24.41   	101.61   	-127.16		
 -6.10   	-27.77   	101.10   	-127.16		
 -1.83   	-30.21   	100.59   	-122.07		
  2.14   	-29.91   	100.10   	-122.07		
  4.27   	-22.58   	 99.61   	-116.99		
  5.49   	 -8.24   	 99.15   	-116.99		
  7.02   	 11.29   	 98.68   	-111.90		
  8.24   	 29.91   	 98.23   	-111.90		
  7.32   	 41.81   	 97.78   	-106.82		
  3.36   	 44.25   	 97.35   	-106.82		
 -1.22   	 37.84   	 96.93   	-101.73		
 -0.92   	 28.99   	 96.52   	 -96.64		
  6.71   	 26.25   	 96.13   	 -96.64		
 17.40   	 34.48   	 95.75   	 -96.64		
 23.50   	 51.27   	 95.36   	 -91.56		
 19.84   	 68.05   	 94.99   	 -91.56		
 10.38   	 76.90   	 94.63   	 -86.47		
  3.05   	 74.77   	 94.28   	 -86.47		
  0.92   	 64.09   	 93.94   	 -81.38		
  1.83   	 51.27   	 93.61   	 -81.38		
  2.14   	 40.28   	 93.29   	 -86.47		
  0.00   	 31.43   	 92.94   	 -76.30		
 -0.92   	 24.41   	 92.63   	 -81.38		
  1.83   	 18.01   	 92.31   	 -81.38		
  5.49   	 11.60   	 91.98   	 -76.30		
  6.41   	  5.19   	 91.68   	 -76.30		
  3.97   	 -1.22   	 91.37   	 -76.30		
  1.22   	 -8.24   	 91.07   	 -71.21		
 -0.61   	-16.17   	 90.78   	 -71.21		
 -2.14   	-25.63   	 90.50   	 -71.21		
 -6.41   	-34.18   	 90.21   	 -71.21		
-13.43   	-39.98   	 89.93   	 -71.21		
-19.84   	-43.64   	 89.64   	 -66.12		
-20.45   	-48.52   	 89.38   	 -66.12		
-13.43   	-55.54   	 89.11   	 -66.12		
 -2.14   	-64.39   	 88.85   	 -66.12		
  6.10   	-72.94   	 88.59   	 -66.12		
  5.80   	-79.35   	 88.32   	 -66.12		
 -2.44   	-84.23   	 88.06   	 -61.04		
-12.51   	-88.50   	 87.81   	 -61.04		
-17.40   	-91.55   	 87.57   	 -66.12		
-14.04   	-91.25   	 87.30   	 -61.04		
 -5.80   	-86.67   	 87.06   	 -55.95		
  1.22   	-80.26   	 86.84   	 -61.04		
  4.58   	-74.16   	 86.59   	 -61.04		
  4.27   	-71.41   	 86.35   	 -61.04		
  1.83   	-73.24   	 86.10   	 -55.95		
 -0.92   	-78.13   	 85.88   	 -61.04		
 -3.66   	-82.09   	 85.64   	 -55.95		
 -6.10   	-80.57   	 85.41   	 -61.04		
 -7.32   	-72.94   	 85.17   	 -55.95		
 -9.16   	-62.26   	 84.94   	 -61.04		
-13.73   	-54.02   	 84.70   	 -55.95		
-20.45   	-51.27   	 84.48   	 -55.95		
-26.25   	-52.19   	 84.25   	 -55.95		
-28.38   	-53.41   	 84.03   	 -50.86		
-26.55   	-54.93   	 83.82   	 -55.95		
-23.50   	-58.29   	 83.60   	 -50.86		
-22.28   	-64.70   	 83.40   	 -50.86		
-23.19   	-72.02   	 83.19   	 -50.86		
-22.58   	-73.85   	 82.99   	 -50.86		
-21.06   	-68.05   	 82.79   	 -45.78		
-22.58   	-58.59   	 82.60   	 -50.86		
-30.21   	-53.41   	 82.40   	 -50.86		
-43.33   	-56.76   	 82.20   	 -50.86		
-53.41   	-65.61   	 81.99   	 -50.86		
-52.49   	-71.72   	 81.79   	 -50.86		
-41.50   	-69.27   	 81.59   	 -50.86		
-30.52   	-61.65   	 81.38   	 -50.86		
-29.91   	-56.76   	 81.18   	 -55.95		
-41.50   	-59.20   	 80.96   	 -55.95		
-57.37   	-69.89   	 80.73   	 -50.86		
-68.05   	-86.67   	 80.53   	 -55.95		
-67.44   	-106.20   	 80.30   	 -61.04		
-55.85   	-117.80   	 80.06   	 -55.95		
-35.10   	-105.59   	 79.84   	 -55.95		
 -2.75   	-53.41   	 79.61   	 -55.95		
 44.56   	 43.64   	 79.39   	 -55.95		
107.73   	171.51   	 79.17   	 -55.95		
183.11   	308.53   	 78.94   	 -55.95		
262.45   	439.45   	 78.72   	-111.90		
394.90   	654.91   	 78.27   	 -50.86		
428.16   	709.23(R)	 78.07   	 -50.86		
426.64   	695.80   	 77.86   	 -50.86		
384.52   	602.11   	 77.66   	 -45.78		
305.48   	442.81   	 77.48   	 -50.86		
206.30   	260.31   	 77.27   	 -40.69		
112.30   	102.54   	 77.11   	 -45.78		
 43.33   	 -0.31   	 76.93   	 -45.78		
  3.05   	-45.78   	 76.74   	 -40.69		
-19.53   	-54.93   	 76.58   	 -40.69		
-39.67   	-56.46   	 76.42   	 -35.61		
-61.95   	-68.36   	 76.28   	 -35.61		
-80.57   	-89.42   	 76.13   	 -30.52		
-87.89   	-107.42   	 76.01   	 -30.52		
-83.92   	-113.83   	 75.89   	 -25.43		
-75.38   	-110.78   	 75.79   	 -20.35		
-68.97   	-105.59   	 75.71   	 -10.17		
-66.53   	-103.76   	 75.67(D)	   5.09		
-65.92   	-105.59   	 75.69   	  25.43		
-65.92   	-109.56   	 75.79   	  45.78		
-67.44   	-114.75   	 75.97   	  81.38		
-71.41   	-120.24   	 76.30   	 111.90		
-77.51   	-124.82   	 76.74   	 137.33		
-83.62   	-126.34   	 77.29   	 162.77		
-86.67   	-124.82   	 77.94   	 188.20		
-85.75   	-123.90   	 78.70   	 203.46		
-80.87   	-127.26   	 79.51   	 218.72		
-73.24   	-131.23   	 80.39   	 239.06		
-63.48   	-130.00   	 81.34   	 254.32		
-54.63   	-120.54   	 82.36   	 259.41		
-52.19   	-108.03   	 83.40   	 274.67		
-59.20   	-100.71   	 84.50   	 269.58		
-75.07   	-106.20   	 85.57   	 274.67		
-93.69   	-122.99   	 86.67   	 269.58		
-103.45   	-141.60   	 87.75   	 264.50		
-98.27   	-151.67   	 88.81   	 264.50		
-82.40   	-148.01   	 89.87   	 249.24		
-66.22   	-135.19   	 90.86   	 249.24		
-57.98   	-121.46   	 91.86   	 244.15		
-58.90   	-113.53   	 92.84   	 244.15		
-63.48   	-112.30   	 93.81   	 239.06		
-65.61   	-113.83   	 94.77   	 249.24		
-62.56   	-113.83   	 95.77   	 249.24		
-58.90   	-112.61   	 96.76   	 254.32		
-59.20   	-113.83   	 97.78   	 264.50		
-63.48   	-119.93   	 98.84   	 269.58		
-69.58   	-129.09   	 99.92   	 274.67		
-71.72   	-135.50   	101.02   	 279.75		
-65.92   	-133.36   	102.14   	 284.84		
-54.63   	-122.99   	103.28   	 289.93		
-44.86   	-110.47   	104.43   	 295.01		
-43.95   	-105.29   	105.62   	 295.01		
-53.41   	-112.00   	106.80   	 289.93		
-68.66   	-127.87   	107.95   	 289.93		
-79.96   	-144.96   	109.11   	 284.84		
-81.48   	-153.20   	110.25   	 284.84		
-73.55   	-148.62   	111.39   	 284.84		
-61.34   	-135.50   	112.53   	 279.75		
-50.05   	-121.77   	113.65   	 279.75		
-43.03   	-112.61   	114.77   	 279.75		
-40.89   	-106.20   	115.89   	 274.67		
-43.03   	-98.88   	116.99   	 274.67		
-48.83   	-88.81   	118.09   	 274.67		
-54.32   	-76.90   	119.19   	 264.50		
-55.85   	-66.53   	120.24   	 264.50		
-52.80   	-59.51   	121.30   	 264.50		
-47.30   	-54.93   	122.36   	 259.41		
-41.50   	-50.35   	123.40   	 254.32		
-37.84   	-43.64   	124.41   	 244.15		
-34.48   	-32.35   	125.39   	 244.15		
-28.69   	-14.34   	126.37   	 239.06		
-20.14   	  9.46   	127.32   	 228.89		
-12.82   	 33.57   	128.24   	 223.80		
 -8.24   	 52.80   	129.13   	 218.72		
 -4.27   	 67.75   	130.01   	 208.54		
  2.44   	 82.40   	130.84   	 203.46		
 11.90   	 99.49   	131.66   	 198.37		
 19.84   	117.19   	132.45   	 198.37		
 19.53   	130.62   	133.24   	 188.20		
  9.77   	137.02   	134.00   	 183.11		
 -1.83   	141.30   	134.73   	 178.03		
 -3.36   	151.67   	135.44   	 172.94		
  7.32   	169.37   	136.13   	 162.77		
 22.89   	188.60   	136.78   	 157.68		
 35.10   	203.86   	137.42   	 147.51		
 37.54   	212.10   	138.01   	 142.42		
 32.65   	215.15   	138.58   	 137.33		
 26.86   	213.62   	139.12   	 122.07		
 21.36   	206.60   	139.61   	 116.99		
 14.95   	193.48   	140.08   	 106.82		
  8.85   	178.53   	140.51   	 101.73		
  5.19   	167.85   	140.92   	  91.56		
  5.49   	164.49   	141.28   	  81.38		
  8.85   	164.49   	141.61   	  71.21		
 13.12   	162.35   	141.89   	  66.12		
 18.31   	157.17   	142.16   	  55.95		
 23.50   	150.76   	142.38   	  45.78		
 25.94   	144.04   	142.56   	  30.52		
 20.75   	133.97   	142.69   	  25.43		
  5.80   	115.66   	142.79   	  10.17		
-12.51   	 90.33   	142.83(S)	  -5.09		
-25.33   	 66.53   	142.81   	 -15.26		
-27.47   	 53.10   	142.75   	 -35.61		
-22.28   	 52.19   	142.60   	 -55.95		
-17.70   	 56.76   	142.38   	 -71.21		
-17.40   	 59.51   	142.10   	 -96.64		
-18.31   	 57.68   	141.71   	-122.07		
-15.87   	 54.63   	141.22   	-152.59		
 -9.46   	 54.02   	140.61   	-172.94		
 -3.36   	 54.02   	139.92   	-203.46		
 -3.36   	 50.96   	139.10   	-228.89		
-10.07   	 44.25   	138.19   	-239.06		
-18.62   	 36.62   	137.23   	-249.24		
-24.72   	 33.26   	136.24   	-254.32		
-25.63   	 35.71   	135.22   	-244.15		
-21.67   	 41.20   	134.24   	-239.06		
-15.26   	 44.86   	133.29   	-233.98		
 -9.16   	 45.47   	132.35   	-228.89		
 -5.49   	 42.42   	131.43   	-223.80		
 -6.10   	 36.32   	130.54   	-218.72		
-11.29   	 28.08   	129.66   	-213.63		
-18.92   	 19.23   	128.81   	-203.46		
-24.72   	 13.73   	128.00   	-198.37		
-26.55   	 13.73   	127.20   	-198.37		
-25.33   	 18.01   	126.41   	-188.20		
-22.58   	 22.58   	125.66   	-188.20		
-20.14   	 23.19   	124.90   	-183.11		
-17.40   	 21.36   	124.17   	-183.11		
-13.12   	 21.06   	123.44   	-172.94		
 -7.63   	 23.80   	122.75   	-167.85		
 -3.36   	 25.94   	122.07   	-167.85		
 -2.44   	 21.67   	121.40   	-162.77		
 -7.02   	  9.77   	120.75   	-157.68		
-16.78   	 -5.19   	120.12   	-157.68		
-28.99   	-13.73   	119.49   	-162.77		
-38.76   	-10.99   	118.84   	-157.68		
-41.20   	  0.00   	118.21   	-157.68		
-34.18   	 10.68   	117.58   	-157.68		
-22.89   	 13.73   	116.95   	-152.59		
-15.26   	  8.24   	116.34   	-157.68		
-17.70   	 -3.05   	115.71   	-152.59		
-28.99   	-17.40   	115.10   	-152.59		
-40.89   	-30.52   	114.49   	-152.59		
-47.30   	-40.28   	113.88   	-142.42		
-45.47   	-44.86   	113.31   	-147.51		
-38.15   	-41.81   	112.72   	-142.42		
-28.69   	-30.52   	112.15   	-142.42		
-17.09   	-14.04   	111.58   	-137.33		
 -3.36   	  3.05   	111.03   	-137.33		
  8.54   	 14.65   	110.48   	-137.33		
 10.68   	 14.34   	109.93   	-132.25		
 -1.53   	  1.22   	109.40   	-132.25		
-23.19   	-19.53   	108.87   	-137.33		
-42.42   	-36.62   	108.32   	-127.16		
-48.52   	-41.81   	107.81   	-132.25		
-40.28   	-36.32   	107.28   	-132.25		
-26.55   	-26.25   	106.75   	-137.33		
-15.56   	-20.14   	106.21   	-132.25		
-10.38   	-18.62   	105.68   	-132.25		
 -8.54   	-19.23   	105.15   	-132.25		
 -7.32   	-18.92   	104.62   	-127.16		
 -8.54   	-18.92   	104.11   	-132.25		
-15.56   	-22.58   	103.58   	-127.16		
-28.69   	-29.60   	103.07   	-127.16		
-40.59   	-34.48   	102.56   	-127.16		
-44.86   	-33.26   	102.05   	-122.07		
-38.76   	-26.55   	101.57   	-116.99		
-26.86   	-21.06   	101.10   	-116.99		
-18.31   	-23.50   	100.63   	-116.99		
-18.62   	-34.79   	100.16   	-106.82		
-24.41   	-46.08   	 99.74   	-111.90		
-28.99   	-47.00   	 99.29   	-101.73		
-29.30   	-33.57   	 98.88   	-106.82		
-25.63   	-10.38   	 98.45   	-101.73		
-23.19   	 10.68   	 98.05   	-101.73		
-23.80   	 20.75   	 97.64   	 -96.64		
-23.80   	 21.36   	 97.25   	 -91.56		
-17.70   	 21.36   	 96.89   	 -96.64		
 -5.49   	 28.99   	 96.50   	 -91.56		
  6.10   	 41.81   	 96.13   	 -86.47		
  9.16   	 51.57   	 95.79   	 -91.56		
  0.92   	 49.44   	 95.42   	 -86.47		
-13.12   	 36.62   	 95.08   	 -86.47		
-21.97   	 22.89   	 94.73   	 -86.47		
-18.92   	 18.92   	 94.38   	 -91.56		
 -6.10   	 25.63   	 94.02   	 -91.56		
  6.71   	 34.48   	 93.65   	 -86.47		
 10.99   	 37.23   	 93.31   	 -91.56		
  6.41   	 30.52   	 92.94   	 -86.47		
 -0.61   	 18.92   	 92.59   	 -91.56		
 -4.58   	  6.71   	 92.23   	 -86.47		
 -4.88   	 -4.27   	 91.88   	 -86.47		
 -6.10   	-15.56   	 91.54   	 -81.38		
-12.51   	-28.38   	 91.21   	 -86.47		
-22.58   	-40.89   	 90.86   	 -81.38		
-30.52   	-50.05   	 90.54   	 -76.30		
-30.82   	-54.63   	 90.23   	 -81.38		
-24.41   	-54.32   	 89.91   	 -71.21		
-16.17   	-51.88   	 89.62   	 -76.30		
-10.68   	-50.66   	 89.32   	 -71.21		
 -9.46   	-54.93   	 89.03   	 -71.21		
-10.99   	-69.27   	 88.75   	 -66.12		
-13.12   	-91.86   	 88.48   	 -71.21		
-16.17   	-114.75   	 88.20   	 -66.12		
-19.53   	-129.39   	 87.93   	 -66.12		
-21.97   	-130.62   	 87.67   	 -66.12		
-20.14   	-120.24   	 87.41   	 -66.12		
-10.99   	-105.90   	 87.14   	 -61.04		
  2.75   	-94.60   	 86.90   	 -61.04		
 14.95   	-89.72   	 86.65   	 -61.04		
 21.06   	-88.81   	 86.41   	 -61.04		
 19.53   	-88.50   	 86.16   	 -61.04		
 12.51   	-87.59   	 85.92   	 -61.04		
  3.66   	-87.59   	 85.68   	 -61.04		
 -5.49   	-90.03   	 85.43   	 -61.04		
-12.82   	-94.91   	 85.19   	 -55.95		
-14.95   	-97.35   	 84.96   	 -61.04		
-10.07   	-91.55   	 84.72   	 -61.04		
 -0.31   	-75.68   	 84.48   	 -55.95		
  7.63   	-56.46   	 84.25   	 -61.04		
  4.88   	-46.08   	 84.01   	 -55.95		
 -9.46   	-50.35   	 83.78   	 -55.95		
-29.30   	-66.53   	 83.56   	 -55.95		
-44.56   	-83.92   	 83.34   	 -55.95		
-48.52   	-90.64   	 83.11   	 -50.86		
-40.59   	-83.62   	 82.91   	 -50.86		
-27.16   	-68.36   	 82.71   	 -55.95		
-16.78   	-54.63   	 82.48   	 -50.86		
-15.26   	-48.22   	 82.28   	 -50.86		
-21.36   	-49.74   	 82.07   	 -55.95		
-31.13   	-55.54   	 81.85   	 -50.86		
-37.84   	-62.56   	 81.65   	 -50.86		
-36.62   	-68.05   	 81.44   	 -55.95		
-28.38   	-69.89   	 81.22   	 -50.86		
-21.97   	-69.58   	 81.02   	 -55.95		
-23.80   	-67.44   	 80.79   	 -50.86		
-34.48   	-65.31   	 80.59   	 -55.95		
-49.44   	-66.53   	 80.37   	 -55.95		
-59.81   	-75.38   	 80.14   	 -55.95		
-60.42   	-92.47   	 79.92   	 -55.95		
-51.88   	-109.56   	 79.69   	 -55.95		
-36.32   	-109.86   	 79.47   	 -61.04		
-11.60   	-74.77   	 79.23   	 -55.95		
 29.91   	  6.41   	 79.00   	 -55.95		
 93.08   	126.34   	 78.78   	 -55.95		
175.78   	265.50   	 78.56   	 -55.95		
267.33   	404.36   	 78.33   	 -55.95		
352.78   	529.48   	 78.11   	-106.82		
461.43   	696.72   	 77.68   	 -55.95		
469.36   	703.13(R)	 77.46   	 -50.86		
433.96   	632.93   	 77.25   	 -45.78		
352.48   	487.98   	 77.07   	 -45.78		
237.73   	300.29   	 76.89   	 -45.78		
119.02   	120.85   	 76.70   	 -45.78		
 30.52   	 -3.97   	 76.52   	 -45.78		
 -9.46   	-57.68   	 76.34   	 -40.69		
-10.38   	-58.90   	 76.17   	 -40.69		
 -1.53   	-47.30   	 76.01   	 -35.61		
 -6.71   	-52.19   	 75.87   	 -35.61		
-31.74   	-78.13   	 75.73   	 -35.61		
-63.48   	-107.42   	 75.58   	 -30.52		
-82.70   	-120.54   	 75.46   	 -30.52		
-80.26   	-112.92   	 75.34   	 -20.35		
-64.39   	-96.74   	 75.26   	 -15.26		
-50.96   	-88.50   	 75.20(D)	   0.00		
-48.83   	-94.60   	 75.20   	  15.26		
-55.85   	-109.86   	 75.26   	  45.78		
-62.87   	-124.82   	 75.44   	  76.30		
-63.48   	-132.14   	 75.75   	 101.73		
-59.51   	-131.53   	 76.15   	 132.25		
-57.37   	-128.17   	 76.68   	 157.68		
-61.65   	-125.12   	 77.31   	 178.03		
-68.66   	-123.60   	 78.03   	 198.37		
-71.11   	-122.07   	 78.82   	 218.72		
-65.92   	-118.71   	 79.69   	 233.98		
-57.37   	-114.75   	 80.63   	 249.24		
-50.66   	-112.92   	 81.63   	 259.41		
-50.35   	-115.05   	 82.66   	 274.67		
-54.32   	-121.77   	 83.76   	 274.67		
-58.90   	-130.92   	 84.86   	 274.67		
-62.26   	-140.08   	 85.96   	 269.58		
-64.09   	-145.87   	 87.04   	 274.67		
-64.70   	-145.57   	 88.14   	 264.50		
-63.78   	-137.63   	 89.20   	 259.41		
-60.42   	-125.43   	 90.23   	 259.41		
-54.32   	-114.14   	 91.27   	 249.24		
-46.69   	-108.95   	 92.27   	 249.24		
-39.37   	-111.39   	 93.27   	 249.24		
-34.48   	-119.93   	 94.26   	 249.24		
-34.79   	-130.00   	 95.26   	 254.32		
-40.28   	-136.41   	 96.28   	 259.41		
-50.05   	-136.41   	 97.31   	 269.58		
-60.73   	-130.31   	 98.39   	 274.67		
-68.05   	-122.99   	 99.49   	 284.84		
-69.58   	-119.93   	100.63   	 279.75		
-62.87   	-121.15   	101.75   	 284.84		
-48.22   	-121.46   	102.89   	 284.84		
-31.74   	-117.80   	104.03   	 279.75		
-21.06   	-113.22   	105.15   	 279.75		
-23.19   	-114.14   	106.27   	 279.75		
-37.54   	-124.21   	107.39   	 279.75		
-54.02   	-137.33   	108.50   	 279.75		
-61.65   	-144.65   	109.62   	 284.84		
-56.46   	-139.77   	110.76   	 284.84		
-42.72   	-126.04   	111.90   	 279.75		
-29.60   	-112.61   	113.02   	 284.84		
-21.97   	-106.51   	114.16   	 279.75		
-22.89   	-108.64   	115.28   	 274.67		
-30.82   	-115.36   	116.38   	 269.58		
-41.20   	-118.10   	117.46   	 269.58		
-48.52   	-110.47   	118.53   	 264.50		
-47.91   	-92.47   	119.59   	 259.41		
-38.45   	-70.50   	120.63   	 259.41		
-23.50   	-53.10   	121.67   	 244.15		
 -9.46   	-44.86   	122.64   	 244.15		
 -2.75   	-43.33   	123.62   	 233.98		
 -2.75   	-39.67   	124.56   	 233.98		
 -5.80   	-28.08   	125.49   	 228.89		
 -8.85   	 -8.85   	126.41   	 223.80		
 -7.32   	 14.65   	127.30   	 218.72		
  0.61   	 37.23   	128.18   	 213.63		
 10.38   	 55.54   	129.03   	 213.63		
 18.62   	 68.05   	129.89   	 203.46		
 24.72   	 76.60   	130.70   	 198.37		
 30.82   	 85.75   	131.49   	 193.29		
 38.15   	 98.27   	132.27   	 188.20		
 43.33   	113.53   	133.02   	 183.11		
 43.03   	128.78   	133.75   	 178.03		
 38.15   	141.60   	134.47   	 172.94		
 31.13   	149.84   	135.16   	 162.77		
 26.55   	155.03   	135.81   	 157.68		
 26.86   	159.61   	136.44   	 147.51		
 31.74   	164.18   	137.03   	 137.33		
 36.93   	167.85   	137.58   	 132.25		
 40.59   	169.68   	138.11   	 122.07		
 41.50   	169.07   	138.60   	 111.90		
 37.54   	165.10   	139.04   	 106.82		
 30.82   	159.61   	139.47   	  96.64		
 28.69   	156.86   	139.86   	  86.47		
 32.96   	156.56   	140.20   	  76.30		
 39.67   	156.56   	140.51   	  71.21		
 43.64   	151.98   	140.79   	  55.95		
 42.11   	140.08   	141.02   	  50.86		
 36.32   	121.46   	141.22   	  40.69		
 29.60   	100.71   	141.38   	  30.52		
 22.89   	 81.18   	141.51   	  15.26		
 15.26   	 66.83   	141.57   	  10.17		
  8.85   	 59.20   	141.61   	 -10.17		
  7.63   	 56.15   	141.57   	 -20.35		
 14.34   	 54.93   	141.48   	 -35.61		
 25.33   	 52.19   	141.34   	 -55.95		
 33.57   	 46.69   	141.12   	 -76.30		
 32.04   	 40.28   	140.81   	 -96.64		
 20.75   	 35.10   	140.43   	-122.07		
  5.49   	 31.74   	139.94   	-147.51		
 -5.19   	 28.99   	139.35   	-178.03		
 -8.24   	 24.41   	138.64   	-203.46		
 -5.49   	 15.26   	137.82   	-233.98		
 -1.22   	  3.05   	136.89   	-254.32		
  1.53   	 -6.10   	135.87   	-264.50		
  1.22   	 -8.24   	134.81   	-264.50		
  0.00   	 -2.14   	133.75   	-269.58		
 -2.44   	  7.02   	132.67   	-259.41		
 -6.10   	 11.90   	131.64   	-249.24		
 -8.54   	  9.16   	130.64   	-244.15		
 -7.63   	  2.14   	129.66   	-233.98		
 -3.66   	 -2.75   	128.73   	-223.80		
  0.92   	 -2.44   	127.83   	-208.54		
  3.05   	  1.53   	127.00   	-203.46		
  2.14   	  5.49   	126.18   	-193.29		
 -0.31   	  6.71   	125.41   	-188.20		
 -2.44   	  4.27   	124.66   	-183.11		
 -5.19   	 -0.92   	123.93   	-183.11		
 -8.24   	 -7.02   	123.19   	-178.03		
 -9.16   	-11.60   	122.48   	-178.03		
 -5.80   	-14.65   	121.77   	-172.94		
 -0.31   	-16.48   	121.08   	-167.85		
  3.05   	-18.31   	120.41   	-162.77		
  1.22   	-22.28   	119.76   	-162.77		
 -5.19   	-29.91   	119.10   	-152.59		
-10.99   	-38.15   	118.49   	-157.68		
-12.51   	-43.33   	117.86   	-157.68		
-10.99   	-42.42   	117.23   	-157.68		
 -9.16   	-37.23   	116.60   	-152.59		
 -8.85   	-31.74   	115.99   	-157.68		
 -9.77   	-31.13   	115.36   	-152.59		
-10.07   	-37.23   	114.75   	-152.59		
 -7.63   	-46.08   	114.14   	-152.59		
 -2.44   	-51.27   	113.53   	-147.51		
  3.97   	-50.35   	112.94   	-147.51		
  6.10   	-45.47   	112.35   	-142.42		
  0.92   	-41.50   	111.78   	-142.42		
 -9.16   	-40.59   	111.21   	-142.42		
-19.23   	-42.11   	110.64   	-137.33		
-23.50   	-44.86   	110.09   	-137.33		
-19.53   	-47.61   	109.54   	-137.33		
-10.99   	-51.88   	108.99   	-132.25		
 -2.75   	-59.51   	108.46   	-137.33		
  3.66   	-67.44   	107.91   	-132.25		
  5.80   	-72.33   	107.39   	-132.25		
  0.92   	-72.63   	106.86   	  N/A		
