  I     	  II     	  AO     	  AO'		
 -9.16   	 56.76   	 83.23   	-127.16		
-11.60   	 50.66   	 82.73   	-106.82		
-12.82   	 49.74   	 82.30   	 -86.47		
-12.21   	 50.05   	 81.95   	 -61.04		
-10.38   	 44.86   	 81.71   	 -50.86		
 -9.46   	 32.96   	 81.51   	 -45.78		
-10.99   	 17.40   	 81.32   	 -40.69		
-15.56   	  3.66   	 81.16   	 -50.86		
-21.67   	 -5.80   	 80.96   	 -61.04		
-28.08   	-12.51   	 80.71   	 -81.38		
-33.87   	-20.14   	 80.39   	-101.73		
-38.76   	-31.74   	 79.98   	-122.07		
-43.03   	-45.78   	 79.49   	-137.33		
-46.39   	-57.98   	 78.94   	-147.51		
-47.30   	-64.39   	 78.35   	-157.68		
-45.47   	-64.70   	 77.72   	-162.77		
-42.72   	-62.26   	 77.07   	-147.51		
-40.59   	-60.42   	 76.48   	-142.42		
-40.28   	-61.04   	 75.91   	-116.99		
-41.20   	-63.48   	 75.44   	 -96.64		
-42.11   	-65.31   	 75.06   	 -76.30		
-42.11   	-65.92   	 74.75   	 -50.86		
-41.81   	-65.92   	 74.55   	 -25.43		
-41.50   	-66.53   	 74.45   	 -10.17		
-42.11   	-67.14   	 74.40   	   0.00		
-43.95   	-67.44   	 74.40   	  15.26		
-45.78   	-66.53   	 74.47   	  25.43		
-47.61   	-64.39   	 74.57   	  20.35		
-47.91   	-61.95   	 74.65   	  20.35		
-47.00   	-59.81   	 74.73   	  15.26		
-45.78   	-57.98   	 74.79   	  10.17		
-45.78   	-54.93   	 74.83   	   5.09		
-49.13   	-45.17   	 74.85   	   5.09		
-57.98   	-21.36   	 74.87   	   0.00		
-75.68   	 25.33   	 74.87   	   5.09		
-101.01   	 95.83   	 74.89   	  10.17		
-126.04   	180.36   	 74.93   	  20.35		
-132.75   	261.54   	 75.01   	  25.43		
-99.79   	325.62   	 75.12   	  40.69		
-12.51   	370.18   	 75.28   	  50.86		
127.56   	403.44   	 75.48   	  61.04		
303.04   	422.06   	 75.73   	  66.12		
489.81   	395.51   	 75.99   	  71.21		
664.37   	289.92   	 76.28   	  66.12		
804.44   	106.81   	 76.54   	  61.04		
885.93(R)	-101.93   	 76.79   	  45.78		
885.62   	-255.13   	 76.97   	  35.61		
790.41   	-299.07   	 77.11   	  15.26		
616.15   	-249.94   	 77.17   	  -5.09		
409.24   	-174.26   	 77.15   	 -20.35		
225.52   	-126.65   	 77.07   	 -40.69		
103.76   	-113.22   	 76.91   	 -61.04		
 49.74   	-104.98   	 76.66   	 -81.38		
 38.45   	-76.60   	 76.34   	-101.73		
 36.93   	-33.87   	 75.93   	-116.99		
 25.94   	 -3.05   	 75.46   	-132.25		
  5.49   	 -0.61   	 74.93   	-152.59		
-15.56   	-18.92   	 74.32   	-167.85		
-30.52   	-38.15   	 73.65   	-178.03		
-38.15   	-45.78   	 72.94   	-183.11		
-42.72   	-42.72   	 72.21   	-188.20		
-47.00   	-36.62   	 71.45   	-178.03		
-51.27   	-32.96   	 70.74   	-167.85		
-54.02   	-31.74   	 70.07   	-142.42		
-54.63   	-31.13   	 69.50   	-122.07		
-54.63   	-30.21   	 69.01   	 -91.56		
-55.24   	-28.99   	 68.65   	 -76.30		
-56.76   	-27.77   	 68.34   	 -50.86		
-58.29   	-27.16   	 68.14   	 -45.78		
-59.20   	-27.47   	 67.95   	 -35.61		
-58.90   	-28.38   	 67.81   	 -30.52		
-57.37   	-28.38   	 67.69   	 -35.61		
-55.85   	-27.77   	 67.55   	 -40.69		
-55.24   	-25.94   	 67.39   	 -40.69		
-55.24   	-24.11   	 67.22   	 -45.78		
-54.93   	-21.97   	 67.04   	 -45.78		
-53.71   	-19.84   	 66.86   	 -50.86		
-51.88   	-17.40   	 66.65   	 -40.69		
-50.35   	-15.26   	 66.49   	 -30.52		
-49.13   	-13.12   	 66.37   	 -15.26		
-48.83   	-11.29   	 66.31   	   0.00		
-48.52   	 -9.77   	 66.31   	  25.43		
-47.61   	 -7.93   	 66.41   	  50.86		
-45.17   	 -5.19   	 66.61   	  81.38		
-41.20   	 -1.83   	 66.94   	 111.90		
-36.62   	  2.75   	 67.39   	 137.33		
-32.04   	  7.32   	 67.93   	 172.94		
-28.69   	 10.99   	 68.63   	 203.46		
-26.55   	 14.04   	 69.44   	 228.89		
-25.02   	 16.17   	 70.36   	 254.32		
-23.80   	 18.01   	 71.37   	 274.67		
-21.67   	 20.14   	 72.47   	 295.01		
-18.31   	 22.89   	 73.65   	 310.27		
-13.73   	 25.94   	 74.89   	 325.53		
 -8.85   	 29.60   	 76.20   	 340.79		
 -4.27   	 34.18   	 77.56   	 345.88		
 -0.31   	 39.37   	 78.94   	 361.14		
  3.66   	 44.86   	 80.39   	 366.22		
  8.54   	 50.35   	 81.85   	 366.22		
 14.04   	 55.54   	 83.32   	 366.22		
 20.14   	 60.42   	 84.78   	 361.14		
 26.55   	 65.92   	 86.23   	 350.97		
 32.96   	 72.33   	 87.63   	 335.71		
 39.98   	 79.65   	 88.97   	 320.45		
 48.52   	 87.28   	 90.25   	 300.10		
 58.29   	 95.21   	 91.45   	 289.93		
 68.66   	102.84   	 92.61   	 274.67		
 78.74   	109.86   	 93.71   	 264.50		
 87.89   	115.66   	 94.77   	 264.50		
 95.52   	120.24   	 95.83   	 269.58		
102.23   	123.60   	 96.91   	 279.75		
107.73   	126.65   	 98.03   	 289.93		
112.61   	130.00   	 99.19   	 310.27		
116.27   	133.36   	100.43   	 325.53		
119.32   	137.02   	101.73   	 345.88		
122.07   	141.30   	103.11   	 361.14		
124.51   	145.57   	104.56   	 371.31		
126.95   	149.84   	106.04   	 381.48		
127.56   	153.81   	107.57   	 386.57		
124.51   	155.03   	109.11   	 386.57		
116.58   	152.89   	110.66   	 376.40		
104.68   	147.09   	112.17   	 366.22		
 89.72   	138.85   	113.63   	 350.97		
 73.55   	129.70   	115.04   	 330.62		
 56.46   	120.24   	116.36   	 315.36		
 39.37   	110.47   	117.62   	 284.84		
 22.89   	100.71   	118.76   	 264.50		
  7.63   	 90.64   	119.82   	 239.06		
 -6.41   	 80.26   	120.77   	 208.54		
-18.62   	 69.58   	121.61   	 183.11		
-30.21   	 59.20   	122.34   	 157.68		
-40.59   	 49.13   	122.97   	 132.25		
-49.74   	 39.98   	123.50   	 101.73		
-57.37   	 31.43   	123.91   	  66.12		
-62.87   	 23.80   	124.17   	  35.61		
-66.83   	 17.09   	124.31   	   5.09		
-69.58   	 11.29   	124.33(S)	 -30.52		
-71.72   	  6.71   	124.21   	 -66.12		
-73.55   	  3.36   	123.95   	 -91.56		
-73.85   	  1.22   	123.58   	-127.16		
-73.24   	 -0.31   	123.07   	-147.51		
-72.02   	 -1.53   	122.48   	-172.94		
-71.11   	 -3.05   	121.79   	-183.11		
-71.72   	 -5.49   	121.06   	-193.29		
-73.24   	 -7.63   	120.28   	-193.29		
-74.46   	 -9.77   	119.51   	-198.37		
-74.77   	-11.29   	118.72   	-183.11		
-73.55   	-12.21   	117.99   	-178.03		
-71.72   	-12.51   	117.27   	-162.77		
-70.50   	-12.82   	116.62   	-147.51		
-70.19   	-12.82   	116.03   	-132.25		
-70.19   	-12.82   	115.50   	-116.99		
-69.89   	-12.82   	115.04   	-106.82		
-68.36   	-13.12   	114.61   	 -91.56		
-66.83   	-14.04   	114.24   	 -86.47		
-65.92   	-15.26   	113.90   	 -86.47		
-66.22   	-17.40   	113.55   	 -81.38		
-67.14   	-18.92   	113.22   	 -86.47		
-68.05   	-19.84   	112.88   	 -96.64		
-68.05   	-20.45   	112.49   	-111.90		
-67.75   	-21.06   	112.04   	-122.07		
-66.53   	-21.97   	111.56   	-142.42		
-65.61   	-23.19   	110.99   	-157.68		
-64.70   	-24.11   	110.36   	-178.03		
-64.09   	-25.02   	109.64   	-193.29		
-64.09   	-25.33   	108.87   	-203.46		
-65.00   	-25.33   	108.06   	-213.63		
-66.53   	-25.33   	107.20   	-218.72		
-68.05   	-25.33   	106.33   	-223.80		
-69.27   	-25.63   	105.43   	-223.80		
-69.89   	-25.33   	104.54   	-213.63		
-69.58   	-25.02   	103.68   	-208.54		
-69.27   	-24.41   	102.85   	-203.46		
-68.36   	-23.80   	102.03   	-188.20		
-67.75   	-23.50   	101.28   	-183.11		
-66.83   	-23.19   	100.55   	-172.94		
-65.61   	-22.89   	 99.86   	-157.68		
-64.70   	-22.58   	 99.23   	-152.59		
-64.09   	-22.28   	 98.62   	-147.51		
-64.39   	-22.89   	 98.03   	-137.33		
-65.00   	-24.41   	 97.48   	-137.33		
-65.61   	-26.25   	 96.93   	-132.25		
-65.31   	-27.77   	 96.40   	-132.25		
-64.09   	-28.38   	 95.87   	-132.25		
-62.56   	-28.38   	 95.34   	-132.25		
-61.65   	-27.77   	 94.81   	-137.33		
-61.04   	-27.47   	 94.26   	-132.25		
-61.34   	-28.08   	 93.73   	-142.42		
-61.34   	-28.69   	 93.16   	-142.42		
-61.65   	-29.91   	 92.59   	-142.42		
-61.65   	-31.43   	 92.02   	-142.42		
-61.65   	-32.65   	 91.45   	-147.51		
-61.65   	-33.87   	 90.86   	-142.42		
-61.65   	-33.87   	 90.29   	-137.33		
-61.65   	-33.26   	 89.75   	-132.25		
-61.65   	-32.35   	 89.22   	-127.16		
-61.65   	-32.35   	 88.71   	-116.99		
-61.34   	-33.57   	 88.24   	-106.82		
-60.73   	-34.48   	 87.81   	 -96.64		
-60.12   	-35.10   	 87.43   	 -91.56		
-59.20   	-34.48   	 87.06   	 -76.30		
-58.29   	-33.26   	 86.75   	 -66.12		
-57.07   	-32.65   	 86.49   	 -61.04		
-56.46   	-32.96   	 86.25   	 -45.78		
-56.46   	-34.18   	 86.06   	 -40.69		
-56.46   	-35.71   	 85.90   	 -35.61		
-56.46   	-36.93   	 85.76   	 -35.61		
-55.24   	-36.32   	 85.62   	 -25.43		
-52.80   	-32.35   	 85.51   	 -25.43		
-49.44   	-24.41   	 85.41   	 -30.52		
-44.86   	-11.90   	 85.29   	 -25.43		
-40.28   	  3.97   	 85.19   	 -30.52		
-35.40   	 19.53   	 85.07   	 -30.52		
-31.74   	 31.43   	 84.94   	 -35.61		
-29.60   	 37.23   	 84.80   	 -40.69		
-28.99   	 38.45   	 84.64   	 -50.86		
-28.38   	 39.98   	 84.44   	 -50.86		
-25.94   	 45.47   	 84.23   	 -61.04		
-21.06   	 55.85   	 83.99   	 -66.12		
-14.95   	 67.44   	 83.72   	 -71.21		
 -9.16   	 73.85   	 83.44   	 -81.38		
 -5.49   	 72.02   	 83.11   	 -81.38		
 -3.97   	 64.09   	 82.79   	 -91.56		
 -4.88   	 54.93   	 82.42   	 -91.56		
 -6.71   	 48.83   	 82.05   	-101.73		
 -8.54   	 46.39   	 81.65   	-101.73		
 -9.16   	 44.25   	 81.24   	-101.73		
 -7.63   	 37.84   	 80.83   	-101.73		
 -6.41   	 25.33   	 80.43   	-106.82		
 -7.32   	  9.77   	 80.00   	-101.73		
-12.21   	 -4.58   	 79.59   	-101.73		
-20.45   	-14.34   	 79.19   	 -91.56		
-29.30   	-21.06   	 78.82   	 -91.56		
-36.32   	-27.77   	 78.45   	 -86.47		
-41.20   	-38.76   	 78.11   	 -81.38		
-44.56   	-52.80   	 77.78   	 -76.30		
-46.39   	-65.61   	 77.48   	 -71.21		
-46.69   	-72.94   	 77.19   	 -61.04		
-45.17   	-72.94   	 76.95   	 -55.95		
-43.33   	-68.97   	 76.72   	 -50.86		
-42.42   	-65.92   	 76.52   	 -45.78		
-43.33   	-66.53   	 76.34   	 -40.69		
-45.17   	-70.50   	 76.17   	 -40.69		
-47.00   	-75.07   	 76.01   	 -35.61		
-47.30   	-78.13   	 75.87   	 -35.61		
-47.30   	-79.65   	 75.73   	 -35.61		
-47.61   	-80.26   	 75.58   	 -35.61		
-48.22   	-80.26   	 75.44   	 -30.52		
-49.13   	-80.26   	 75.32   	 -35.61		
-49.44   	-79.65   	 75.18   	 -40.69		
-49.44   	-78.43   	 75.01   	 -40.69		
-49.13   	-77.21   	 74.85   	 -40.69		
-49.13   	-76.29   	 74.69   	 -45.78		
-49.74   	-75.07   	 74.51   	 -50.86		
-50.96   	-72.02   	 74.30   	 -55.95		
-54.63   	-61.95   	 74.08   	 -55.95		
-63.78   	-36.93   	 73.86   	 -55.95		
-82.70   	 10.99   	 73.63   	 -66.12		
-110.47   	 80.87   	 73.37   	 -66.12		
-136.41   	161.44   	 73.10   	 -71.21		
-140.38   	234.99   	 72.82   	 -71.21		
-98.57   	288.39   	 72.53   	 -71.21		
  3.36   	321.35   	 72.25   	 -71.21		
161.74   	343.02   	 71.96   	 -76.30		
356.75   	348.51   	 71.66   	 -71.21		
560.91   	307.62   	 71.37   	 -71.21		
746.77   	191.35   	 71.09   	 -71.21		
888.06   	  6.41   	 70.80   	 -71.21		
957.64(R)	-190.73   	 70.52   	 -66.12		
932.31   	-320.43   	 70.25   	 -61.04		
804.75   	-337.83   	 70.01   	 -61.04		
600.89   	-269.17   	 69.77   	 -55.95		
376.89   	-184.02   	 69.54   	 -55.95		
191.65   	-132.45   	 69.32   	 -50.86		
 79.04   	-115.36   	 69.11   	 -45.78		
 36.62   	-103.45   	 68.93   	 -45.78		
 32.04   	-73.55   	 68.75   	 -40.69		
 31.74   	-34.79   	 68.59   	 -40.69		
 19.84   	-11.60   	 68.42   	 -40.69		
 -0.92   	-15.26   	 68.26   	 -40.69		
-20.45   	-34.48   	 68.10   	 -35.61		
-33.26   	-51.27   	 67.95   	 -35.61		
-39.67   	-56.15   	 67.81   	 -35.61		
-44.25   	-53.10   	 67.67   	 -35.61		
-49.44   	-48.52   	 67.53   	 -40.69		
-54.63   	-46.69   	 67.36   	 -35.61		
-58.29   	-46.39   	 67.22   	 -40.69		
-60.12   	-46.39   	 67.06   	 -45.78		
-60.73   	-46.08   	 66.88   	 -40.69		
-61.04   	-45.17   	 66.71   	 -45.78		
-61.34   	-43.64   	 66.53   	 -50.86		
-61.34   	-41.20   	 66.33   	 -45.78		
-60.42   	-38.15   	 66.14   	 -50.86		
-59.51   	-36.01   	 65.94   	 -45.78		
-57.98   	-34.18   	 65.76   	 -50.86		
-56.76   	-32.96   	 65.55   	 -45.78		
-55.24   	-31.74   	 65.37   	 -45.78		
-53.71   	-30.52   	 65.19   	 -40.69		
-52.19   	-28.99   	 65.03   	 -35.61		
-50.96   	-27.16   	 64.88   	 -35.61		
-50.05   	-25.33   	 64.74   	 -25.43		
-49.13   	-23.80   	 64.64   	 -15.26		
-48.22   	-21.67   	 64.58(D)	   0.00		
-46.69   	-19.84   	 64.58   	  10.17		
-44.56   	-17.70   	 64.62   	  25.43		
-42.11   	-16.17   	 64.72   	  50.86		
-39.37   	-14.95   	 64.92   	  76.30		
-36.93   	-13.73   	 65.23   	 101.73		
-34.79   	-12.51   	 65.64   	 132.25		
-32.96   	-10.38   	 66.16   	 167.85		
-30.52   	 -7.02   	 66.84   	 198.37		
-27.16   	 -2.44   	 67.63   	 239.06		
-22.89   	  2.44   	 68.59   	 269.58		
-18.62   	  6.41   	 69.66   	 305.19		
-14.95   	  9.16   	 70.88   	 340.79		
-12.21   	 11.29   	 72.25   	 371.31		
 -9.46   	 13.12   	 73.73   	 396.74		
 -6.71   	 15.56   	 75.32   	 422.18		
 -3.36   	 18.31   	 77.01   	 437.43		
  0.92   	 21.67   	 78.76   	 457.78		
  6.10   	 25.63   	 80.59   	 462.87		
 12.82   	 30.21   	 82.44   	 467.95		
 20.45   	 35.40   	 84.31   	 467.95		
 28.69   	 40.59   	 86.18   	 462.87		
 37.23   	 46.08   	 88.04   	 452.69		
 46.08   	 52.80   	 89.85   	 447.61		
 55.24   	 60.42   	 91.64   	 427.26		
 64.39   	 68.36   	 93.35   	 412.00		
 73.55   	 76.29   	 94.99   	 396.74		
 82.09   	 83.31   	 96.58   	 381.48		
 90.94   	 90.03   	 98.11   	 361.14		
100.40   	 96.13   	 99.55   	 340.79		
109.56   	101.62   	100.92   	 320.45		
118.41   	106.51   	102.20   	 310.27		
126.04   	110.17   	103.44   	 289.93		
132.45   	113.83   	104.60   	 269.58		
137.63   	117.49   	105.68   	 259.41		
142.21   	121.15   	106.71   	 244.15		
145.87   	125.12   	107.69   	 233.98		
148.32   	128.48   	108.63   	 213.63		
149.23   	130.92   	109.48   	 208.54		
147.71   	131.84   	110.31   	 193.29		
142.82   	130.62   	111.09   	 188.20		
134.28   	127.56   	111.84   	 172.94		
121.77   	122.68   	112.53   	 167.85		
106.20   	116.58   	113.20   	 152.59		
 88.50   	109.56   	113.81   	 152.59		
 68.97   	101.32   	114.42   	 137.33		
 49.13   	 91.86   	114.97   	 127.16		
 30.21   	 81.18   	115.48   	 127.16		
 12.51   	 69.89   	115.99   	 111.90		
 -2.75   	 58.90   	116.44   	 101.73		
-16.48   	 48.52   	116.85   	  96.64		
-28.69   	 38.76   	117.23   	  86.47		
-39.37   	 29.91   	117.58   	  76.30		
-48.83   	 21.97   	117.88   	  71.21		
-56.46   	 15.26   	118.17   	  55.95		
-62.26   	  9.46   	118.39   	  45.78		
-66.83   	  3.97   	118.58   	  40.69		
-70.50   	 -1.53   	118.74   	  30.52		
-73.85   	 -6.41   	118.86   	  20.35		
-76.29   	-10.07   	118.94   	   5.09		
-77.51   	-12.82   	118.96   	   5.09		
-77.82   	-14.65   	118.98(S)	 -10.17		
-77.51   	-16.48   	118.94   	 -20.35		
-76.90   	-18.92   	118.86   	 -25.43		
-76.60   	-21.67   	118.76   	 -35.61		
-76.29   	-24.72   	118.62   	 -45.78		
-76.29   	-27.16   	118.43   	 -55.95		
-76.29   	-29.30   	118.21   	 -66.12		
-76.29   	-31.74   	117.94   	 -71.21		
-76.29   	-35.40   	117.66   	 -81.38		
-76.90   	-41.81   	117.33   	 -91.56		
-77.82   	-50.66   	116.97   	-106.82		
-78.74   	-60.12   	116.54   	-111.90		
-79.65   	-67.44   	116.09   	-122.07		
-80.87   	-70.19   	115.60   	-132.25		
-82.70   	-69.27   	115.08   	-147.51		
-86.06   	-66.53   	114.49   	-157.68		
-90.94   	-66.22   	113.86   	-167.85		
-96.74   	-71.72   	113.18   	-178.03		
-102.54   	-82.40   	112.47   	-188.20		
-106.51   	-94.30   	111.72   	-198.37		
-108.95   	-102.23   	110.93   	-208.54		
-110.78   	-103.45   	110.09   	-213.63		
-112.92   	-99.18   	109.24   	-218.72		
-116.58   	-94.91   	108.36   	-223.80		
-121.15   	-93.99   	107.47   	-228.89		
-125.43   	-96.13   	106.55   	-223.80		
-127.26   	-96.44   	105.66   	-223.80		
-124.51   	-91.25   	104.76   	-223.80		
-117.80   	-80.57   	103.87   	-213.63		
-109.25   	-69.27   	103.01   	-213.63		
-101.93   	-61.65   	102.16   	-203.46		
-98.27   	-58.29   	101.34   	-193.29		
-97.05   	-56.46   	100.57   	-193.29		
-96.13   	-53.41   	 99.80   	-183.11		
-92.77   	-49.44   	 99.06   	-172.94		
-86.98   	-46.69   	 98.37   	-167.85		
-81.48   	-46.39   	 97.70   	-157.68		
-78.43   	-47.30   	 97.07   	-152.59		
-77.82   	-46.39   	 96.46   	-147.51		
-78.43   	-41.20   	 95.87   	-137.33		
-78.13   	-30.82   	 95.32   	-137.33		
-75.07   	-18.62   	 94.77   	-127.16		
-70.19   	 -8.54   	 94.26   	-127.16		
-64.39   	 -5.49   	 93.75   	-116.99		
-59.20   	-10.99   	 93.29   	-116.99		
-54.63   	-23.19   	 92.82   	-111.90		
-51.27   	-36.01   	 92.37   	-106.82		
-48.22   	-43.95   	 91.94   	-106.82		
-46.08   	-45.78   	 91.52   	-101.73		
-44.25   	-42.72   	 91.11   	 -96.64		
-42.72   	-39.67   	 90.72   	 -96.64		
-41.20   	-38.45   	 90.34   	 -91.56		
-39.98   	-39.37   	 89.97   	 -86.47		
-39.06   	-41.20   	 89.62   	 -86.47		
-37.84   	-42.42   	 89.28   	 -86.47		
-36.32   	-42.72   	 88.93   	 -81.38		
-34.48   	-42.72   	 88.61   	 -76.30		
-32.35   	-42.72   	 88.30   	 -76.30		
-30.52   	-43.03   	 88.00   	 -76.30		
-29.30   	-43.03   	 87.69   	 -76.30		
-28.38   	-43.03   	 87.39   	 -71.21		
-28.38   	-42.11   	 87.10   	 -71.21		
-28.69   	-41.20   	 86.82   	 -71.21		
-29.91   	-39.67   	 86.53   	 -66.12		
-30.52   	-38.15   	 86.27   	 -71.21		
-30.21   	-36.62   	 85.98   	 -66.12		
-28.99   	-33.87   	 85.72   	 -66.12		
-28.08   	-28.38   	 85.45   	 -66.12		
-30.82   	-16.78   	 85.19   	 -66.12		
-40.89   	  8.54   	 84.92   	 -66.12		
-61.65   	 54.63   	 84.66   	 -71.21		
-89.72   	120.54   	 84.37   	 -66.12		
-112.92   	193.48   	 84.11   	 -66.12		
-109.56   	256.35   	 83.85   	 -66.12		
-55.54   	294.80   	 83.58   	 -66.12		
 61.95   	310.36   	 83.32   	 -71.21		
236.21   	313.11   	 83.03   	 -66.12		
442.81   	298.16   	 82.77   	 -71.21		
652.77   	237.73   	 82.48   	 -66.12		
836.79   	110.78   	 82.22   	 -71.21		
966.19   	-67.44   	 81.93   	 -71.21		
1013.79(R)	-236.82   	 81.65   	 -71.21		
958.56   	-323.49   	 81.36   	 -71.21		
801.09   	-298.16   	 81.08   	 -76.30		
578.31   	-201.42   	 80.77   	 -76.30		
352.48   	-104.37   	 80.47   	 -71.21		
179.75   	-49.13   	 80.18   	 -76.30		
 85.45   	-29.91   	 79.88   	 -76.30		
 56.76   	-15.26   	 79.57   	 -76.30		
 57.37   	 11.60   	 79.27   	 -81.38		
 55.85   	 39.37   	 78.94   	 -76.30		
 41.50   	 46.69   	 78.64   	 -76.30		
 19.84   	 30.82   	 78.33   	 -76.30		
  0.61   	  7.63   	 78.03   	 -76.30		
-11.60   	 -6.41   	 77.72   	 -76.30		
-17.70   	 -7.32   	 77.42   	 -76.30		
-21.97   	 -2.44   	 77.11   	 -76.30		
-26.86   	  0.61   	 76.81   	 -71.21		
-32.65   	  0.31   	 76.52   	 -71.21		
-37.84   	 -1.53   	 76.24   	 -71.21		
-41.20   	 -2.44   	 75.95   	 -71.21		
-42.11   	 -2.44   	 75.67   	 -71.21		
-41.81   	 -1.83   	 75.38   	 -66.12		
-40.89   	 -1.22   	 75.12   	 -61.04		
-40.89   	 -1.22   	 74.87   	 -66.12		
-42.11   	 -1.53   	 74.61   	 -61.04		
-43.64   	 -2.44   	 74.36   	 -55.95		
-44.86   	 -2.75   	 74.14   	 -61.04		
-45.78   	 -2.44   	 73.90   	 -50.86		
-46.39   	 -1.83   	 73.69   	 -55.95		
-46.69   	 -1.53   	 73.47   	 -45.78		
-46.39   	 -1.22   	 73.29   	 -45.78		
-44.86   	 -1.22   	 73.10   	 -45.78		
-42.72   	 -0.61   	 72.92   	 -35.61		
-40.59   	  0.31   	 72.78   	 -35.61		
-39.37   	  1.53   	 72.63   	 -30.52		
-39.06   	  3.05   	 72.51   	 -25.43		
-39.37   	  4.27   	 72.41   	 -10.17		
-39.37   	  5.49   	 72.37   	  -5.09		
-38.76   	  6.10   	 72.35(D)	  10.17		
-36.93   	  6.71   	 72.39   	  20.35		
-34.18   	  7.93   	 72.47   	  45.78		
-31.13   	 10.68   	 72.65   	  61.04		
-27.77   	 14.04   	 72.90   	  86.47		
-24.72   	 17.40   	 73.24   	 111.90		
-21.97   	 19.84   	 73.69   	 142.42		
-19.53   	 21.36   	 74.26   	 167.85		
-16.78   	 22.89   	 74.93   	 198.37		
-12.82   	 25.33   	 75.73   	 223.80		
 -8.24   	 29.30   	 76.62   	 254.32		
 -3.36   	 34.79   	 77.64   	 279.75		
  1.53   	 40.59   	 78.76   	 305.19		
  6.71   	 46.08   	 79.98   	 325.53		
 11.90   	 51.27   	 81.28   	 345.88		
 18.62   	 56.15   	 82.66   	 356.05		
 26.25   	 61.95   	 84.09   	 366.22		
 34.79   	 68.66   	 85.55   	 371.31		
 43.64   	 76.29   	 87.04   	 376.40		
 52.80   	 84.84   	 88.54   	 371.31		
 61.65   	 93.38   	 90.03   	 371.31		
 70.19   	101.32   	 91.52   	 361.14		
 78.43   	108.34   	 92.96   	 356.05		
 86.98   	114.14   	 94.38   	 340.79		
 95.83   	118.71   	 95.75   	 325.53		
104.06   	122.99   	 97.05   	 315.36		
111.69   	126.95   	 98.31   	 300.10		
117.80   	131.23   	 99.51   	 279.75		
121.77   	135.50   	100.63   	 264.50		
124.82   	139.16   	101.69   	 254.32		
126.65   	142.52   	102.71   	 233.98		
128.17   	144.65   	103.64   	 223.80		
128.48   	145.87   	104.54   	 208.54		
126.65   	145.87   	105.37   	 198.37		
121.46   	144.96   	106.16   	 183.11		
112.00   	142.52   	106.90   	 172.94		
 98.57   	138.24   	107.59   	 157.68		
 82.09   	130.62   	108.22   	 152.59		
 63.78   	119.63   	108.83   	 137.33		
 44.56   	105.59   	109.38   	 127.16		
 25.94   	 90.64   	109.89   	 122.07		
  8.54   	 76.29   	110.38   	 106.82		
 -7.32   	 64.09   	110.80   	  96.64		
-21.06   	 54.32   	111.19   	  86.47		
-32.96   	 45.78   	111.54   	  76.30		
-43.95   	 37.54   	111.84   	  66.12		
-53.71   	 28.99   	112.11   	  55.95		
-62.87   	 20.75   	112.33   	  50.86		
-71.11   	 12.82   	112.53   	  35.61		
-77.51   	  5.49   	112.68   	  25.43		
-82.09   	 -1.53   	112.78   	  20.35		
-84.53   	 -8.85   	112.86   	   5.09		
-85.14   	-15.56   	112.88(S)	   0.00		
-85.75   	-20.45   	112.88   	 -10.17		
-86.98   	-23.50   	112.84   	 -20.35		
-88.81   	-25.02   	112.76   	 -30.52		
-90.64   	-27.47   	112.63   	 -35.61		
-91.55   	-32.65   	112.49   	 -50.86		
-92.16   	-41.50   	112.29   	 -55.95		
-92.77   	-53.71   	112.06   	 -66.12		
-93.69   	-66.22   	111.80   	 -81.38		
-94.91   	-75.68   	111.47   	 -86.47		
-96.13   	-79.04   	111.13   	 -96.64		
-97.96   	-76.29   	110.74   	-106.82		
-100.40   	-70.80   	110.31   	-116.99		
-104.06   	-67.75   	109.85   	-132.25		
-108.64   	-71.41   	109.32   	-142.42		
-113.22   	-81.18   	108.75   	-157.68		
-117.80   	-93.69   	108.12   	-162.77		
-121.46   	-102.84   	107.47   	-178.03		
-124.82   	-105.59   	106.75   	-188.20		
-127.26   	-102.84   	106.00   	-193.29		
-130.00   	-98.88   	105.23   	-203.46		
-133.06   	-96.13   	104.41   	-208.54		
-136.72   	-94.30   	103.58   	-208.54		
-139.77   	-90.64   	102.75   	-213.63		
-139.77   	-84.53   	101.89   	-213.63		
-135.19   	-77.21   	101.04   	-208.54		
-126.95   	-71.41   	100.20   	-208.54		
-118.41   	-68.05   	 99.37   	-203.46		
-112.30   	-65.92   	 98.56   	-198.37		
-108.95   	-61.65   	 97.76   	-188.20		
-107.12   	-56.15   	 97.01   	-183.11		
-104.37   	-51.88   	 96.28   	-172.94		
-100.10   	-52.19   	 95.58   	-162.77		
-95.83   	-55.85   	 94.93   	-162.77		
-93.38   	-59.51   	 94.28   	-147.51		
-92.77   	-58.59   	 93.69   	-147.51		
-93.38   	-50.66   	 93.10   	-137.33		
-93.08   	-38.15   	 92.55   	-127.16		
-91.25   	-24.41   	 92.04   	-127.16		
-86.98   	-13.12   	 91.54   	-122.07		
-80.57   	 -7.93   	 91.05   	-116.99		
-74.16   	-10.07   	 90.58   	-106.82		
-68.36   	-19.53   	 90.15   	-111.90		
-64.09   	-32.35   	 89.70   	-101.73		
-61.04   	-43.64   	 89.30   	-101.73		
-59.20   	-48.22   	 88.89   	-101.73		
-58.29   	-46.39   	 88.48   	 -91.56		
-57.68   	-41.20   	 88.12   	 -96.64		
-57.68   	-37.23   	 87.73   	 -91.56		
-57.68   	-37.54   	 87.36   	 -86.47		
-57.37   	-40.28   	 87.02   	 -86.47		
-57.37   	-43.64   	 86.67   	 -86.47		
-57.37   	-45.47   	 86.33   	 -81.38		
-57.37   	-45.17   	 86.00   	 -81.38		
-56.76   	-43.64   	 85.68   	 -76.30		
-55.24   	-41.81   	 85.37   	 -81.38		
-52.80   	-40.59   	 85.05   	 -71.21		
-50.96   	-39.98   	 84.76   	 -76.30		
-49.44   	-39.98   	 84.46   	 -71.21		
-48.22   	-40.28   	 84.17   	 -76.30		
-46.69   	-39.98   	 83.87   	 -66.12		
-44.56   	-39.37   	 83.60   	 -71.21		
-42.72   	-39.37   	 83.32   	 -66.12		
-41.50   	-39.37   	 83.05   	 -71.21		
-41.81   	-38.45   	 82.77   	 -61.04		
-43.95   	-34.18   	 82.52   	 -66.12		
-49.13   	-22.28   	 82.26   	 -66.12		
-59.81   	  3.05   	 81.99   	 -66.12		
-78.74   	 47.00   	 81.73   	 -61.04		
-104.06   	108.34   	 81.48   	 -66.12		
-126.04   	175.78   	 81.22   	 -66.12		
-125.12   	232.24   	 80.96   	 -61.04		
-78.13   	263.98   	 80.71   	 -66.12		
 32.04   	272.52   	 80.45   	 -66.12		
202.33   	270.39   	 80.18   	 -66.12		
411.68   	256.96   	 79.92   	 -66.12		
629.88   	205.69   	 79.65   	 -66.12		
825.50   	 91.86   	 79.39   	 -71.21		
967.10   	-76.90   	 79.10   	 -71.21		
1025.70(R)	-243.84   	 78.82   	 -71.21		
978.39   	-332.64   	 78.53   	 -71.21		
823.97   	-305.79   	 78.25   	 -71.21		
596.62   	-198.97   	 77.97   	 -71.21		
359.50   	-87.89   	 77.68   	 -76.30		
172.42   	-23.80   	 77.38   	 -71.21		
 66.53   	 -5.80   	 77.09   	 -76.30		
 32.35   	  1.22   	 76.79   	 -71.21		
 34.79   	 21.36   	 76.50   	 -76.30		
 39.06   	 47.61   	 76.20   	 -71.21		
 30.82   	 57.98   	 75.91   	 -76.30		
 12.51   	 44.56   	 75.60   	 -71.21		
 -7.32   	 20.75   	 75.32   	 -71.21		
-21.97   	  4.27   	 75.04   	 -71.21		
-30.82   	  1.53   	 74.75   	 -71.21		
-36.32   	  5.80   	 74.47   	 -71.21		
-41.20   	  7.63   	 74.18   	 -71.21		
-45.78   	  4.58   	 73.90   	 -66.12		
-49.74   	 -1.22   	 73.63   	 -66.12		
-52.49   	 -5.49   	 73.37   	 -66.12		
-54.63   	 -6.41   	 73.10   	 -66.12		
-56.15   	 -3.97   	 72.84   	 -61.04		
-57.68   	 -0.31   	 72.59   	 -61.04		
-59.51   	  3.36   	 72.35   	 -61.04		
-60.73   	  5.80   	 72.11   	 -61.04		
-60.73   	  7.32   	 71.86   	 -55.95		
-60.12   	  8.24   	 71.64   	 -50.86		
-59.51   	  8.24   	 71.43   	 -55.95		
-59.20   	  6.41   	 71.21   	 -45.78		
-58.59   	  3.66   	 71.03   	 -45.78		
-57.07   	  1.83   	 70.84   	 -45.78		
-55.54   	  1.83   	 70.66   	 -35.61		
-54.32   	  4.58   	 70.52   	 -35.61		
-53.41   	  8.54   	 70.38   	 -30.52		
-52.49   	 12.21   	 70.25   	 -20.35		
-51.27   	 14.34   	 70.17   	 -10.17		
-49.44   	 15.56   	 70.13(D)	   5.09		
-46.69   	 15.87   	 70.15   	  15.26		
-44.25   	 15.87   	 70.21   	  35.61		
-41.50   	 16.17   	 70.36   	  55.95		
-39.37   	 17.09   	 70.58   	  81.38		
-37.23   	 19.53   	 70.91   	 111.90		
-35.40   	 22.89   	 71.35   	 137.33		
-32.96   	 26.86   	 71.90   	 167.85		
-29.91   	 31.43   	 72.57   	 198.37		
-25.33   	 35.71   	 73.37   	 233.98		
-20.45   	 39.06   	 74.30   	 264.50		
-15.56   	 41.20   	 75.36   	 295.01		
-10.99   	 42.42   	 76.54   	 320.45		
 -7.02   	 43.33   	 77.82   	 345.88		
 -2.75   	 45.47   	 79.21   	 371.31		
  3.05   	 49.44   	 80.69   	 386.57		
  9.77   	 54.63   	 82.24   	 396.74		
 17.40   	 59.81   	 83.82   	 406.92		
 25.33   	 65.00   	 85.45   	 412.00		
 32.96   	 70.80   	 87.10   	 406.92		
 39.67   	 77.51   	 88.73   	 406.92		
 45.47   	 85.45   	 90.36   	 396.74		
 50.96   	 93.08   	 91.94   	 381.48		
 57.68   	 98.88   	 93.47   	 371.31		
 66.22   	102.84   	 94.95   	 356.05		
 76.60   	105.29   	 96.38   	 335.71		
 86.67   	108.03   	 97.72   	 320.45		
 94.91   	111.69   	 99.00   	 300.10		
101.32   	117.49   	100.20   	 284.84		
106.20   	124.82   	101.34   	 264.50		
109.86   	132.14   	102.40   	 249.24		
113.22   	137.94   	103.40   	 228.89		
115.36   	140.08   	104.31   	 218.72		
117.19   	137.94   	105.19   	 203.46		
118.10   	132.45   	106.00   	 188.20		
117.19   	126.34   	106.75   	 172.94		
112.30   	120.85   	107.45   	 162.77		
102.23   	117.19   	108.10   	 147.51		
 86.98   	114.14   	108.69   	 137.33		
 68.97   	110.47   	109.24   	 132.25		
 51.27   	104.68   	109.77   	 116.99		
 34.79   	 95.83   	110.23   	 106.82		
 19.53   	 84.84   	110.66   	 101.73		
  4.58   	 72.63   	111.07   	  91.56		
-10.68   	 59.51   	111.43   	  76.30		
-25.63   	 46.69   	111.74   	  76.30		
-39.98   	 33.87   	112.04   	  61.04		
-52.80   	 21.67   	112.29   	  50.86		
-63.78   	 11.60   	112.49   	  45.78		
-72.33   	  4.27   	112.68   	  35.61		
-78.74   	  0.31   	112.82   	  25.43		
-83.01   	 -2.75   	112.92   	  20.35		
-85.75   	 -7.32   	113.00   	   5.09		
-88.50   	-15.26   	113.02(S)	   0.00		
-91.86   	-25.33   	113.02   	 -10.17		
-95.52   	-35.71   	112.98   	 -20.35		
-99.18   	-43.95   	112.90   	 -25.43		
-101.62   	-50.05   	112.80   	 -40.69		
-102.84   	-56.46   	112.63   	 -50.86		
-102.54   	-64.09   	112.43   	 -55.95		
-102.23   	-72.63   	112.21   	 -71.21		
-102.23   	-79.04   	111.92   	 -81.38		
-103.45   	-80.57   	111.60   	 -91.56		
-106.20   	-77.82   	111.23   	-101.73		
-110.47   	-73.24   	110.82   	-111.90		
-115.36   	-72.02   	110.38   	-127.16		
-119.32   	-76.60   	109.87   	-142.42		
-121.46   	-84.84   	109.30   	-152.59		
-122.07   	-93.08   	108.69   	-162.77		
-122.07   	-96.44   	108.04   	-178.03		
-122.68   	-94.30   	107.32   	-188.20		
-125.12   	-90.33   	106.57   	-198.37		
-129.39   	-90.03   	105.78   	-208.54		
-134.58   	-93.99   	104.94   	-213.63		
-137.94   	-98.27   	104.09   	-223.80		
-137.33   	-97.05   	103.19   	-218.72		
-131.23   	-86.36   	102.32   	-223.80		
-121.77   	-67.75   	101.42   	-223.80		
-112.30   	-47.00   	100.53   	-218.72		
-106.20   	-30.52   	 99.65   	-208.54		
-103.45   	-21.67   	 98.82   	-208.54		
-102.54   	-21.97   	 97.99   	-193.29		
-100.71   	-30.82   	 97.21   	-188.20		
-97.66   	-44.56   	 96.46   	-178.03		
-94.30   	-56.46   	 95.75   	-167.85		
-92.16   	-60.12   	 95.08   	-157.68		
-92.16   	-51.88   	 94.45   	-152.59		
-92.77   	-35.71   	 93.83   	-137.33		
-92.16   	-19.23   	 93.29   	-137.33		
-89.42   	 -8.54   	 92.74   	-122.07		
-85.45   	 -4.88   	 92.25   	-122.07		
-80.87   	 -5.80   	 91.76   	-111.90		
-76.90   	 -8.54   	 91.31   	-111.90		
-73.24   	-12.51   	 90.86   	-101.73		
-69.58   	-19.23   	 90.46   	-101.73		
-66.22   	-27.77   	 90.05   	-101.73		
-63.48   	-36.62   	 89.64   	 -96.64		
-62.26   	-43.33   	 89.26   	 -91.56		
-62.56   	-48.52   	 88.89   	 -91.56		
-64.09   	-53.41   	 88.52   	 -91.56		
-65.00   	-58.59   	 88.16   	 -91.56		
-65.00   	-63.17   	 87.79   	 -86.47		
-63.78   	-64.39   	 87.45   	 -81.38		
-61.95   	-61.34   	 87.12   	 -86.47		
-60.42   	-55.24   	 86.77   	 -81.38		
-59.51   	-50.66   	 86.45   	 -81.38		
-58.59   	-49.13   	 86.12   	 -76.30		
-56.46   	-50.96   	 85.82   	 -76.30		
-52.49   	-54.32   	 85.51   	 -76.30		
-48.83   	-56.15   	 85.21   	 -76.30		
-46.39   	-55.85   	 84.90   	 -71.21		
-46.39   	-54.02   	 84.62   	 -71.21		
-48.52   	-51.88   	 84.33   	 -66.12		
-51.27   	-50.96   	 84.07   	 -66.12		
-53.10   	-51.27   	 83.80   	 -71.21		
-53.71   	-52.19   	 83.52   	 -61.04		
-52.80   	-52.80   	 83.28   	 -66.12		
-51.88   	-50.35   	 83.01   	 -61.04		
-54.02   	-40.28   	 82.77   	 -66.12		
-63.48   	-15.56   	 82.50   	 -61.04		
-82.40   	 28.69   	 82.26   	 -61.04		
-108.03   	 90.33   	 82.01   	 -61.04		
-127.56   	156.25   	 81.77   	 -61.04		
-119.93   	209.66   	 81.53   	 -61.04		
-63.78   	240.78   	 81.28   	 -61.04		
 50.66   	254.82   	 81.04   	 -61.04		
215.76   	264.89   	 80.79   	 -66.12		
409.24   	264.59   	 80.53   	 -61.04		
606.38   	221.56   	 80.28   	 -66.12		
781.86   	109.56   	 80.02   	 -71.21		
907.90   	-59.81   	 79.74   	 -66.12		
954.28(R)	-223.39   	 79.47   	 -66.12		
895.69   	-302.43   	 79.21   	 -71.21		
730.90   	-267.03   	 78.92   	 -71.21		
499.88   	-159.61   	 78.64   	 -71.21		
268.55   	-55.24   	 78.35   	 -76.30		
 97.96   	 -0.92   	 78.05   	 -71.21		
 13.73   	 10.07   	 77.76   	 -71.21		
 -0.31   	 12.82   	 77.48   	 -76.30		
 15.26   	 28.38   	 77.17   	 -71.21		
 25.33   	 46.69   	 76.89   	 -76.30		
 18.01   	 47.91   	 76.58   	 -76.30		
 -1.22   	 28.08   	 76.28   	 -71.21		
-21.06   	  1.53   	 75.99   	 -71.21		
-33.57   	-14.95   	 75.71   	 -71.21		
-38.76   	-18.01   	 75.42   	 -71.21		
-40.59   	-14.65   	 75.14   	 -71.21		
-42.42   	-11.90   	 74.85   	 -71.21		
-46.39   	-12.51   	 74.57   	 -66.12		
-51.27   	-14.04   	 74.30   	 -71.21		
-55.24   	-14.95   	 74.02   	 -61.04		
-57.07   	-15.56   	 73.77   	 -66.12		
-57.98   	-17.09   	 73.51   	 -66.12		
-58.59   	-19.53   	 73.24   	 -61.04		
-59.20   	-21.36   	 73.00   	 -55.95		
-59.81   	-21.36   	 72.78   	 -55.95		
-60.12   	-18.01   	 72.55   	 -55.95		
-60.12   	-12.51   	 72.33   	 -55.95		
-60.12   	 -7.02   	 72.11   	 -45.78		
-58.90   	 -4.27   	 71.92   	 -50.86		
-56.46   	 -4.58   	 71.72   	 -40.69		
-54.02   	 -6.41   	 71.56   	 -40.69		
-52.49   	 -8.85   	 71.39   	 -35.61		
-52.49   	 -9.46   	 71.25   	 -30.52		
-53.41   	 -7.63   	 71.13   	 -25.43		
-53.71   	 -3.66   	 71.03   	 -20.35		
-53.41   	  1.53   	 70.95   	  -5.09		
-52.80   	  5.80   	 70.93(D)	  10.17		
-52.19   	  6.71   	 70.97   	  20.35		
-51.57   	  3.36   	 71.05   	  45.78		
-49.44   	 -2.44   	 71.23   	  61.04		
-46.08   	 -7.93   	 71.47   	  91.56		
-41.50   	 -9.46   	 71.84   	 116.99		
-36.93   	 -6.10   	 72.31   	 147.51		
-32.96   	  2.44   	 72.90   	 172.94		
-29.30   	 12.51   	 73.59   	 208.54		
-25.63   	 21.67   	 74.42   	 239.06		
-21.67   	 27.16   	 75.38   	 274.67		
-17.70   	 28.38   	 76.48   	 295.01		
-14.34   	 27.16   	 77.66   	 325.53		
-11.29   	 25.94   	 78.96   	 350.97		
 -7.32   	 25.94   	 80.37   	 366.22		
 -1.22   	 27.47   	 81.83   	 386.57		
  6.71   	 30.21   	 83.38   	 391.66		
 15.56   	 34.79   	 84.94   	 406.92		
 24.41   	 42.72   	 86.57   	 401.83		
 32.65   	 53.41   	 88.18   	 406.92		
 39.37   	 63.78   	 89.81   	 396.74		
 45.17   	 70.80   	 91.39   	 386.57		
 50.35   	 72.94   	 92.94   	 376.40		
 56.15   	 72.63   	 94.45   	 366.22		
 63.48   	 74.16   	 95.91   	 345.88		
 71.41   	 79.35   	 97.29   	 325.53		
 78.74   	 86.98   	 98.60   	 310.27		
 84.23   	 93.69   	 99.84   	 295.01		
 87.59   	 98.27   	101.02   	 274.67		
 90.33   	100.10   	102.12   	 254.32		
 93.99   	101.93   	103.13   	 244.15		
 98.88   	104.37   	104.11   	 223.80		
103.15   	107.73   	105.00   	 208.54		
104.68   	109.86   	105.84   	 198.37		
102.54   	109.25   	106.63   	 183.11		
 96.13   	105.90   	107.36   	 172.94		
 85.75   	100.40   	108.06   	 157.68		
 72.94   	 94.30   	108.69   	 147.51		
 58.29   	 88.20   	109.28   	 142.42		
 42.42   	 80.57   	109.85   	 127.16		
 25.63   	 69.27   	110.36   	 116.99		
  7.93   	 52.19   	110.82   	 106.82		
-10.07   	 31.74   	111.25   	 101.73		
-27.16   	 12.21   	111.66   	  86.47		
-42.42   	 -2.75   	112.00   	  76.30		
-56.15   	-11.29   	112.31   	  71.21		
-68.97   	-16.48   	112.59   	  55.95		
-81.18   	-24.11   	112.82   	  45.78		
-92.77   	-37.54   	113.00   	  40.69		
-103.45   	-56.46   	113.16   	  25.43		
-112.00   	-75.68   	113.27   	  15.26		
-119.32   	-90.64   	113.33   	  10.17		
-125.73   	-98.27   	113.37(S)	  -5.09		
-131.84   	-100.71   	113.35   	 -15.26		
-137.02   	-101.62   	113.29   	 -25.43		
-140.99   	-103.15   	113.18   	 -35.61		
-143.13   	-103.15   	113.04   	 -45.78		
-143.13   	-99.18   	112.86   	 -55.95		
-140.99   	-91.25   	112.63   	 -66.12		
-136.41   	-82.09   	112.37   	 -76.30		
-130.62   	-75.99   	112.06   	 -81.38		
-124.51   	-74.77   	111.74   	 -96.64		
-119.63   	-76.60   	111.35   	-111.90		
-116.58   	-77.82   	110.90   	-116.99		
-114.75   	-76.29   	110.44   	-127.16		
-112.61   	-72.02   	109.93   	-142.42		
-109.56   	-66.53   	109.36   	-152.59		
-105.90   	-60.73   	108.75   	-162.77		
-102.84   	-55.24   	108.10   	-178.03		
-100.71   	-50.35   	107.39   	-183.11		
-99.79   	-44.86   	106.65   	-198.37		
-99.18   	-38.45   	105.86   	-198.37		
-97.66   	-31.13   	105.07   	-208.54		
-94.60   	-23.80   	104.23   	-213.63		
-90.33   	-19.84   	103.38   	-208.54		
-85.45   	-21.97   	102.54   	-213.63		
-80.87   	-30.52   	101.69   	-213.63		
-76.60   	-42.11   	100.83   	-203.46		
-72.94   	-51.88   	100.02   	-198.37		
-69.58   	-55.85   	 99.23   	-193.29		
-66.22   	-54.32   	 98.45   	-188.20		
-63.48   	-49.74   	 97.70   	-172.94		
-61.34   	-46.69   	 97.01   	-167.85		
-59.81   	-47.30   	 96.34   	-162.77		
-59.51   	-51.57   	 95.69   	-147.51		
-59.51   	-57.98   	 95.10   	-142.42		
-59.51   	-63.48   	 94.53   	-137.33		
-58.59   	-67.14   	 93.98   	-127.16		
-56.76   	-68.36   	 93.47   	-116.99		
-54.63   	-67.44   	 93.00   	-116.99		
-52.80   	-65.92   	 92.53   	-111.90		
-51.27   	-64.09   	 92.09   	-106.82		
-50.05   	-62.87   	 91.66   	-106.82		
-49.13   	-62.56   	 91.23   	-101.73		
-49.13   	-63.48   	 90.82   	 -96.64		
-50.05   	-65.31   	 90.44   	 -96.64		
-51.57   	-67.44   	 90.05   	 -91.56		
-52.49   	-69.27   	 89.68   	 -91.56		
-52.19   	-69.58   	 89.32   	 -91.56		
-50.96   	-68.66   	 88.95   	 -86.47		
-50.05   	-66.83   	 88.61   	 -86.47		
-50.05   	-65.61   	 88.26   	 -86.47		
-50.96   	-65.31   	 87.91   	 -81.38		
-52.19   	-65.92   	 87.59   	 -81.38		
-53.41   	-65.00   	 87.26   	 -81.38		
-56.46   	-58.59   	 86.94   	 -76.30		
-64.39   	-38.76   	 86.63   	 -76.30		
-80.26   	  0.92   	 86.33   	 -76.30		
-103.76   	 60.42   	 86.02   	 -76.30		
-125.12   	128.17   	 85.72   	 -71.21		
-126.65   	187.38   	 85.43   	 -76.30		
-86.06   	225.22   	 85.13   	 -71.21		
 10.38   	242.31   	 84.84   	 -71.21		
159.61   	250.85   	 84.56   	 -71.21		
343.63   	249.94   	 84.27   	 -66.12		
536.50   	213.62   	 84.01   	 -71.21		
712.59   	114.14   	 83.72   	 -71.21		
846.25   	-44.25   	 83.44   	 -66.12		
910.34(R)	-209.66   	 83.17   	 -71.21		
880.13   	-306.40   	 82.89   	 -66.12		
747.38   	-294.49   	 82.62   	 -71.21		
539.86   	-205.08   	 82.34   	 -71.21		
315.86   	-108.34   	 82.05   	 -71.21		
136.11   	-54.63   	 81.77   	 -71.21		
 35.10   	-42.42   	 81.48   	 -66.12		
  6.41   	-37.84   	 81.22   	 -76.30		
 14.34   	-17.40   	 80.92   	 -71.21		
 22.28   	 10.68   	 80.63   	 -71.21		
 13.43   	 23.19   	 80.35   	 -71.21		
 -7.93   	 11.29   	 80.06   	 -71.21		
-30.52   	-13.73   	 79.78   	 -66.12		
-45.47   	-33.57   	 79.51   	 -71.21		
-52.49   	-40.28   	 79.23   	 -71.21		
-56.15   	-38.76   	 78.94   	 -71.21		
-59.81   	-36.32   	 78.66   	 -66.12		
-65.00   	-36.32   	 78.39   	 -71.21		
-69.58   	-38.15   	 78.11   	 -66.12		
-72.63   	-40.89   	 77.84   	 -66.12		
-73.55   	-43.03   	 77.58   	 -66.12		
-73.55   	-44.86   	 77.31   	 -61.04		
-72.94   	-45.78   	 77.07   	 -66.12		
-72.63   	-45.78   	 76.81   	 -61.04		
-72.33   	-44.86   	 76.56   	 -55.95		
-71.72   	-43.03   	 76.34   	 -55.95		
-70.80   	-39.67   	 76.11   	 -55.95		
-70.50   	-36.01   	 75.89   	 -50.86		
-70.19   	-32.65   	 75.69   	 -50.86		
-70.19   	-30.52   	 75.48   	 -45.78		
-69.89   	-29.30   	 75.30   	 -40.69		
-68.05   	-28.38   	 75.14   	 -40.69		
-65.61   	-27.47   	 74.97   	 -30.52		
-62.87   	-26.55   	 74.85   	 -25.43		
-60.73   	-25.63   	 74.75   	 -15.26		
-59.20   	-24.41   	 74.69   	  -5.09		
-57.37   	-22.58   	 74.67(D)	  10.17		
-55.24   	-20.14   	 74.71   	  25.43		
-52.80   	-17.70   	 74.81   	  45.78		
-50.35   	-14.65   	 74.99   	  66.12		
-48.22   	-11.60   	 75.26   	  91.56		
-46.69   	 -8.24   	 75.63   	 122.07		
-44.86   	 -4.88   	 76.11   	 152.59		
-42.42   	 -2.14   	 76.72   	 178.03		
-40.28   	 -0.31   	 77.44   	 213.63		
-37.84   	  1.22   	 78.29   	 244.15		
-34.79   	  3.36   	 79.27   	 274.67		
-31.13   	  7.02   	 80.37   	 305.19		
-25.94   	 11.90   	 81.59   	 330.62		
-20.14   	 17.09   	 82.91   	 345.88		
-14.04   	 22.28   	 84.29   	 371.31		
 -7.32   	 27.16   	 85.78   	 381.48		
 -0.31   	 32.65   	 87.30   	 391.66		
  7.32   	 38.76   	 88.87   	 401.83		
 14.65   	 45.17   	 90.48   	 396.74		
 21.06   	 50.66   	 92.06   	 391.66		
 26.86   	 55.85   	 93.63   	 386.57		
 32.65   	 61.04   	 95.18   	 381.48		
 38.45   	 65.92   	 96.70   	 361.14		
 44.86   	 71.11   	 98.15   	 345.88		
 50.66   	 75.99   	 99.53   	 335.71		
 55.85   	 80.26   	100.87   	 310.27		
 59.81   	 84.23   	102.12   	 300.10		
 63.78   	 88.20   	103.32   	 279.75		
 68.05   	 91.55   	104.43   	 264.50		
 72.94   	 95.21   	105.49   	 244.15		
 77.21   	 98.88   	106.47   	 228.89		
 80.26   	101.93   	107.39   	 218.72		
 80.87   	102.84   	108.26   	 203.46		
 78.74   	 99.79   	109.07   	 188.20		
 74.16   	 91.86   	109.83   	 172.94		
 67.14   	 80.87   	110.52   	 167.85		
 57.37   	 70.80   	111.19   	 152.59		
 44.56   	 64.39   	111.80   	 142.42		
 28.99   	 61.34   	112.37   	 127.16		
 10.68   	 58.29   	112.88   	 122.07		
 -8.85   	 50.35   	113.37   	 106.82		
-27.77   	 34.18   	113.79   	  96.64		
-45.17   	 11.60   	114.18   	  86.47		
-60.42   	-11.90   	114.53   	  76.30		
-73.85   	-29.91   	114.83   	  71.21		
-85.75   	-40.28   	115.12   	  55.95		
-97.35   	-44.86   	115.34   	  45.78		
-108.03   	-48.83   	115.52   	  35.61		
-118.41   	-55.54   	115.67   	  25.43		
-126.95   	-64.39   	115.77   	  15.26		
-133.06   	-70.80   	115.83   	   5.09		
-135.80   	-71.72   	115.85(S)	  -5.09		
-134.58   	-67.44   	115.83   	 -15.26		
-130.00   	-61.34   	115.77   	 -25.43		
-124.82   	-57.37   	115.67   	 -35.61		
-120.54   	-55.85   	115.52   	 -45.78		
-117.49   	-54.93   	115.34   	 -55.95		
-115.05   	-53.10   	115.12   	 -66.12		
-112.00   	-50.35   	114.85   	 -81.38		
-108.03   	-48.83   	114.53   	 -86.47		
-104.37   	-48.83   	114.18   	-101.73		
-102.54   	-49.44   	113.77   	-111.90		
-102.84   	-47.61   	113.33   	-127.16		
-104.06   	-41.50   	112.82   	-137.33		
-104.06   	-30.82   	112.27   	-147.51		
-101.62   	-18.01   	111.68   	-162.77		
-97.05   	 -7.63   	111.03   	-178.03		
-92.16   	 -2.44   	110.31   	-183.11		
-87.59   	 -4.88   	109.58   	-198.37		
-83.62   	-13.43   	108.79   	-208.54		
-79.96   	-24.41   	107.95   	-208.54		
-76.60   	-32.65   	107.12   	-218.72		
-73.55   	-36.32   	106.25   	-223.80		
-71.11   	-35.40   	105.35   	-218.72		
-69.27   	-32.65   	104.48   	-223.80		
-66.83   	-29.91   	103.58   	-213.63		
-64.39   	-28.38   	102.73   	-213.63		
-61.95   	-27.77   	101.87   	-203.46		
-59.81   	-27.77   	101.06   	-198.37		
-58.59   	-28.69   	100.26   	-188.20		
-57.98   	-30.52   	 99.51   	-183.11		
-57.37   	-32.65   	 98.78   	-167.85		
-56.46   	-34.79   	 98.11   	-162.77		
-55.24   	-36.32   	 97.46   	-152.59		
-53.71   	-37.23   	 96.85   	-142.42		
-51.88   	-37.84   	 96.28   	-137.33		
-50.35   	-37.84   	 95.73   	-127.16		
-49.13   	-37.84   	 95.22   	-122.07		
-48.52   	-37.54   	 94.73   	-116.99		
-49.13   	-37.84   	 94.26   	-116.99		
-50.05   	-38.45   	 93.79   	-106.82		
-51.27   	-39.37   	 93.37   	-106.82		
-51.57   	-40.59   	 92.94   	-101.73		
-50.96   	-41.20   	 92.53   	-101.73		
-49.44   	-41.20   	 92.13   	-101.73		
-47.91   	-40.89   	 91.72   	 -91.56		
-47.00   	-39.98   	 91.35   	 -96.64		
-46.39   	-39.06   	 90.97   	 -91.56		
-46.39   	-38.76   	 90.60   	 -91.56		
-47.30   	-38.76   	 90.23   	 -91.56		
-49.13   	-37.84   	 89.87   	 -86.47		
-52.80   	-32.96   	 89.52   	 -86.47		
-61.04   	-16.78   	 89.18   	 -86.47		
-76.60   	 19.53   	 88.83   	 -86.47		
-100.40   	 79.04   	 88.48   	 -81.38		
-125.43   	152.89   	 88.16   	 -81.38		
-134.28   	224.00   	 87.83   	 -81.38		
-104.68   	274.96   	 87.51   	 -81.38		
-18.62   	301.82   	 87.18   	 -81.38		
124.21   	313.42   	 86.86   	 -76.30		
307.31   	314.64   	 86.55   	 -76.30		
503.54   	285.34   	 86.25   	 -81.38		
685.42   	197.45   	 85.92   	 -76.30		
826.72   	 48.83   	 85.62   	 -76.30		
903.02(R)	-119.93   	 85.31   	 -81.38		
892.64   	-239.87   	 84.98   	 -76.30		
786.74   	-262.15   	 84.68   	 -76.30		
605.16   	-201.42   	 84.37   	 -81.38		
397.03   	-119.02   	 84.05   	 -76.30		
217.29   	-67.44   	 83.74   	 -81.38		
101.62   	-54.02   	 83.42   	 -76.30		
 51.57   	-50.66   	 83.11   	 -81.38		
 40.28   	-30.82   	 82.79   	 -76.30		
 35.71   	  3.05   	 82.48   	 -81.38		
 21.06   	 27.77   	 82.16   	 -81.38		
 -2.44   	 27.16   	 81.83   	 -76.30		
-25.94   	  7.63   	 81.53   	 -76.30		
-43.03   	-12.82   	 81.22   	 -81.38		
-53.10   	-22.28   	 80.89   	 -76.30		
-58.59   	-21.97   	 80.59   	 -71.21		
-62.87   	-18.92   	 80.30   	 -76.30		
-67.44   	-18.92   	 80.00   	 -71.21		
-72.02   	-21.67   	 79.71   	 -71.21		
-75.99   	-25.33   	 79.43   	 -71.21		
-79.04   	-27.77   	 79.15   	 -71.21		
-80.87   	-28.08   	 78.86   	 -66.12		
-81.79   	-26.55   	 78.60   	 -66.12		
-81.79   	-24.72   	 78.33   	 -66.12		
-81.18   	-23.19   	 78.07   	 -61.04		
-80.26   	-21.97   	 77.82   	 -61.04		
-79.04   	-20.75   	 77.58   	 -55.95		
-77.82   	-18.92   	 77.35   	 -55.95		
-76.90   	-16.48   	 77.13   	 -55.95		
-76.60   	-14.34   	 76.91   	 -45.78		
-76.29   	-12.51   	 76.72   	 -45.78		
-75.99   	-11.29   	 76.54   	 -40.69		
-75.38   	-10.07   	 76.38   	 -30.52		
-74.16   	 -8.85   	 76.26   	 -20.35		
-72.63   	 -6.71   	 76.17   	 -15.26		
-71.41   	 -4.58   	 76.11(D)	   5.09		
-70.80   	 -2.44   	 76.13   	  20.35		
-71.11   	 -0.61   	 76.22   	  35.61		
-71.11   	  1.83   	 76.36   	  66.12		
-69.58   	  4.58   	 76.62   	  86.47		
-65.92   	  7.93   	 76.97   	 122.07		
-61.34   	 11.60   	 77.46   	 147.51		
-56.76   	 14.95   	 78.05   	 183.11		
-52.80   	 18.01   	 78.78   	 218.72		
-49.74   	 21.36   	 79.65   	 254.32		
-46.69   	 25.02   	 80.67   	 279.75		
-43.64   	 28.69   	 81.79   	 315.36		
-40.59   	 32.04   	 83.05   	 340.79		
-36.93   	 34.79   	 84.41   	 366.22		
-32.96   	 37.23   	 85.88   	 381.48		
-28.08   	 39.98   	 87.41   	 401.83		
-22.58   	 42.72   	 89.01   	 406.92		
-17.09   	 45.17   	 90.64   	 417.09		
-12.21   	 46.08   	 92.31   	 412.00		
 -7.02   	 46.08   	 93.96   	 412.00		
 -1.83   	 45.78   	 95.60   	 401.83		
  3.66   	 47.00   	 97.21   	 391.66		
  9.46   	 51.27   	 98.78   	 381.48		
 14.34   	 57.68   	100.30   	 361.14		
 18.31   	 64.39   	101.75   	 350.97		
 20.45   	 67.75   	103.15   	 330.62		
 21.36   	 65.92   	104.48   	 310.27		
 21.67   	 59.81   	105.72   	 300.10		
 22.28   	 52.80   	106.92   	 274.67		
 22.89   	 50.35   	108.02   	 264.50		
 23.50   	 54.02   	109.07   	 244.15		
 23.50   	 62.26   	110.05   	 228.89		
 22.58   	 70.19   	110.97   	 213.63		
 20.45   	 73.85   	111.82   	 203.46		
 17.40   	 74.46   	112.63   	 183.11		
 14.95   	 75.38   	113.37   	 172.94		
 13.43   	 79.35   	114.06   	 162.77		
 12.51   	 85.75   	114.71   	 147.51		
 10.68   	 90.64   	115.30   	 132.25		
  5.49   	 89.42   	115.83   	 127.16		
 -3.66   	 83.01   	116.34   	 111.90		
-15.56   	 73.85   	116.78   	  96.64		
-28.08   	 65.61   	117.17   	  91.56		
-39.06   	 58.29   	117.54   	  76.30		
-47.61   	 50.05   	117.84   	  66.12		
-54.93   	 40.28   	118.11   	  50.86		
-62.56   	 30.52   	118.31   	  45.78		
-70.50   	 24.11   	118.49   	  30.52		
-77.82   	 21.97   	118.62   	  20.35		
-82.70   	 23.50   	118.70   	  10.17		
-84.84   	 25.94   	118.74(S)	  -5.09		
-84.23   	 25.94   	118.72   	 -10.17		
-82.09   	 21.06   	118.68   	 -20.35		
-79.04   	 11.60   	118.60   	 -35.61		
-75.68   	 -0.61   	118.45   	 -40.69		
-72.33   	-12.21   	118.29   	 -55.95		
-68.97   	-19.84   	118.07   	 -66.12		
-66.53   	-23.19   	117.80   	 -76.30		
-65.31   	-23.80   	117.50   	 -91.56		
-65.00   	-23.80   	117.13   	 -96.64		
-65.61   	-24.72   	116.74   	-111.90		
-66.22   	-26.55   	116.30   	-127.16		
-65.92   	-28.08   	115.79   	-137.33		
-65.00   	-28.69   	115.24   	-147.51		
-62.87   	-28.99   	114.65   	-157.68		
-60.42   	-28.69   	114.02   	-172.94		
-58.90   	-28.69   	113.33   	-188.20		
-58.29   	-29.30   	112.57   	-193.29		
-58.59   	-30.21   	111.80   	-203.46		
-59.20   	-30.52   	110.99   	-213.63		
-59.51   	-30.52   	110.13   	-213.63		
-59.20   	-29.91   	109.28   	-223.80		
-59.20   	-29.60   	108.38   	-223.80		
-59.51   	-29.60   	107.49   	-223.80		
-59.51   	-29.30   	106.59   	-218.72		
-59.20   	-28.38   	105.72   	-218.72		
-58.29   	-26.55   	104.84   	-213.63		
-57.37   	-25.02   	103.99   	-208.54		
-57.07   	-23.80   	103.15   	-203.46		
-57.07   	-22.89   	102.34   	-193.29		
-57.37   	-22.28   	101.57   	-183.11		
-56.76   	-21.97   	100.83   	-178.03		
-55.85   	-21.97   	100.12   	-172.94		
-54.93   	-21.97   	 99.43   	-162.77		
-53.71   	-22.28   	 98.78   	-152.59		
-52.49   	-21.97   	 98.17   	-152.59		
-50.66   	-20.75   	 97.56   	-142.42		
-48.22   	-19.23   	 96.99   	-142.42		
-45.78   	-17.70   	 96.42   	-132.25		
-43.64   	-16.78   	 95.89   	-132.25		
-41.81   	-16.78   	 95.36   	-122.07		
-40.28   	-17.09   	 94.87   	-127.16		
-39.06   	-18.62   	 94.36   	-116.99		
-39.06   	-20.14   	 93.90   	-122.07		
-40.59   	-21.67   	 93.41   	-111.90		
-43.33   	-22.28   	 92.96   	-116.99		
-46.39   	-21.97   	 92.49   	-111.90		
-48.22   	-21.06   	 92.04   	-106.82		
-48.22   	-20.14   	 91.62   	-106.82		
-47.30   	-19.23   	 91.19   	-106.82		
-45.78   	-18.01   	 90.76   	-101.73		
-45.17   	-16.17   	 90.36   	 -96.64		
-45.47   	-12.82   	 89.97   	 -96.64		
-49.44   	 -4.58   	 89.58   	 -96.64		
-59.51   	 15.87   	 89.20   	 -91.56		
-78.74   	 55.85   	 88.83   	 -91.56		
-105.90   	116.58   	 88.46   	 -86.47		
-130.62   	187.07   	 88.12   	 -86.47		
-132.45   	249.94   	 87.77   	 -81.38		
-87.28   	290.53   	 87.45   	 -81.38		
 19.53   	308.23   	 87.12   	 -81.38		
183.72   	315.25   	 86.80   	 -76.30		
381.16   	313.11   	 86.49   	 -76.30		
579.53   	279.24   	 86.18   	 -76.30		
746.46   	188.29   	 85.88   	 -76.30		
855.71   	 44.25   	 85.57   	 -71.21		
887.45(R)	-108.95   	 85.29   	 -76.30		
830.08   	-206.60   	 84.98   	 -76.30		
687.26   	-212.40   	 84.68   	 -71.21		
491.33   	-151.06   	 84.39   	 -76.30		
294.49   	-80.26   	 84.09   	 -71.21		
144.04   	-39.98   	 83.80   	 -76.30		
 61.34   	-28.69   	 83.50   	 -76.30		
 34.18   	-20.75   	 83.19   	 -76.30		
 29.91   	 -0.31   	 82.89   	 -76.30		
 21.97   	 23.19   	 82.58   	 -76.30		
  2.75   	 30.82   	 82.28   	 -76.30		
-20.75   	 17.40   	 81.97   	 -71.21		
-39.98   	 -3.97   	 81.69   	 -76.30		
-50.96   	-18.01   	 81.38   	 -76.30		
-56.76   	-20.45   	 81.08   	 -76.30		
-60.73   	-17.09   	 80.77   	 -76.30		
-65.31   	-15.56   	 80.47   	 -76.30		
-70.19   	-16.78   	 80.16   	 -71.21		
-74.46   	-19.53   	 79.88   	 -76.30		
-78.13   	-20.75   	 79.57   	 -71.21		
-80.57   	-20.45   	 79.29   	 -71.21		
-82.09   	-19.23   	 79.00   	 -66.12		
-82.70   	-17.40   	 78.74   	 -71.21		
-82.40   	-16.48   	 78.45   	 -66.12		
-81.79   	-16.17   	 78.19   	 -66.12		
-80.87   	-16.17   	 77.92   	 -61.04		
-79.65   	-15.56   	 77.68   	 -61.04		
-78.43   	-14.04   	 77.44   	 -61.04		
-77.21   	-11.90   	 77.19   	 -50.86		
-76.29   	 -9.46   	 76.99   	 -50.86		
-75.99   	 -7.93   	 76.79   	 -45.78		
-76.60   	 -6.71   	 76.60   	 -40.69		
-76.90   	 -6.10   	 76.44   	 -30.52		
-76.60   	 -5.19   	 76.32   	 -20.35		
-75.07   	 -2.75   	 76.24   	 -10.17		
-72.02   	  0.31   	 76.20   	   5.09		
-68.97   	  3.66   	 76.22   	  20.35		
-66.83   	  6.41   	 76.30   	  45.78		
-65.61   	  8.85   	 76.48   	  66.12		
-64.09   	 11.29   	 76.74   	  96.64		
-61.65   	 14.34   	 77.13   	 127.16		
-57.98   	 18.01   	 77.64   	 157.68		
-53.10   	 21.67   	 78.27   	 188.20		
-47.91   	 25.02   	 79.02   	 223.80		
-43.33   	 27.16   	 79.92   	 259.41		
-39.98   	 29.60   	 80.96   	 289.93		
-37.23   	 32.35   	 82.12   	 320.45		
-34.18   	 36.01   	 83.40   	 345.88		
-30.21   	 39.98   	 84.78   	 371.31		
-24.72   	 44.25   	 86.27   	 386.57		
-18.31   	 48.52   	 87.81   	 396.74		
-11.90   	 53.10   	 89.40   	 406.92		
 -5.49   	 57.37   	 91.03   	 406.92		
  0.31   	 61.65   	 92.65   	 406.92		
  6.10   	 65.61   	 94.28   	 401.83		
 11.90   	 68.97   	 95.89   	 391.66		
 17.70   	 72.33   	 97.46   	 376.40		
 22.89   	 75.99   	 98.96   	 361.14		
 28.08   	 79.65   	100.41   	 345.88		
 33.57   	 83.01   	101.79   	 325.53		
 39.37   	 85.75   	103.09   	 310.27		
 45.47   	 87.59   	104.33   	 284.84		
 51.27   	 89.11   	105.47   	 269.58		
 56.15   	 90.94   	106.55   	 244.15		
 59.81   	 93.38   	107.53   	 233.98		
 62.56   	 95.83   	108.46   	 213.63		
 64.70   	 98.88   	109.32   	 193.29		
 66.83   	101.93   	110.09   	 183.11		
 68.66   	104.68   	110.82   	 167.85		
 68.97   	107.12   	111.49   	 147.51		
 67.14   	108.34   	112.09   	 142.42		
 62.56   	108.64   	112.65   	 122.07		
 55.24   	107.73   	113.14   	 111.90		
 45.78   	104.98   	113.59   	 101.73		
 34.48   	100.71   	114.00   	  91.56		
 22.28   	 94.30   	114.36   	  76.30		
  9.46   	 85.45   	114.67   	  66.12		
 -3.36   	 75.07   	114.93   	  55.95		
-15.87   	 63.78   	115.16   	  40.69		
-26.86   	 53.10   	115.32   	  30.52		
-36.32   	 43.95   	115.44   	  20.35		
-43.95   	 36.32   	115.52   	  10.17		
-50.35   	 28.99   	115.56(S)	  -5.09		
-55.85   	 21.36   	115.54   	 -15.26		
-60.42   	 13.43   	115.48   	 -30.52		
-64.09   	  5.80   	115.36   	 -40.69		
-67.14   	 -0.31   	115.20   	 -50.86		
-69.27   	 -4.58   	114.99   	 -66.12		
-71.11   	 -7.32   	114.73   	 -76.30		
-72.33   	 -9.46   	114.42   	 -91.56		
-72.63   	-11.60   	114.06   	-101.73		
-72.63   	-13.43   	113.65   	-116.99		
-72.33   	-14.65   	113.18   	-127.16		
-72.63   	-15.26   	112.68   	-142.42		
-73.55   	-15.56   	112.11   	-152.59		
-74.46   	-15.56   	111.49   	-167.85		
-74.77   	-15.56   	110.82   	-172.94		
-74.77   	-15.56   	110.13   	-188.20		
-74.77   	-15.26   	109.38   	-198.37		
-75.07   	-15.26   	108.59   	-208.54		
-76.60   	-15.56   	107.75   	-213.63		
-77.82   	-15.56   	106.90   	-213.63		
-78.43   	-15.26   	106.04   	-223.80		
-78.13   	-14.34   	105.15   	-218.72		
-77.51   	-13.12   	104.27   	-218.72		
-77.21   	-12.21   	103.40   	-218.72		
-77.51   	-12.21   	102.52   	-213.63		
-78.13   	-12.82   	101.67   	-208.54		
-79.04   	-14.04   	100.83   	-198.37		
-79.04   	-15.26   	100.04   	-193.29		
-78.74   	-15.56   	 99.27   	-188.20		
-78.13   	-15.26   	 98.51   	-178.03		
-77.82   	-14.95   	 97.80   	-167.85		
-77.51   	-15.87   	 97.13   	-162.77		
-77.82   	-17.40   	 96.48   	-152.59		
-77.51   	-19.53   	 95.87   	-142.42		
-77.21   	-21.36   	 95.30   	-142.42		
-76.60   	-22.58   	 94.73   	-132.25		
-76.60   	-23.50   	 94.20   	-122.07		
-76.60   	-24.11   	 93.71   	-122.07		
-76.60   	-25.02   	 93.22   	-116.99		
-76.29   	-25.63   	 92.76   	-116.99		
-75.38   	-25.63   	 92.29   	-106.82		
-74.46   	-25.33   	 91.86   	-106.82		
-74.46   	-25.02   	 91.43   	-106.82		
-75.68   	-25.02   	 91.01   	 -96.64		
-77.82   	-26.25   	 90.62   	-101.73		
-79.96   	-27.77   	 90.21   	 -96.64		
-80.87   	-29.30   	 89.83   	 -96.64		
-79.96   	-30.21   	 89.44   	 -91.56		
-78.43   	-29.91   	 89.07   	 -91.56		
-76.60   	-28.99   	 88.71   	 -86.47		
-75.99   	-28.38   	 88.36   	 -86.47		
-76.90   	-28.38   	 88.02   	 -86.47		
-78.13   	-29.30   	 87.67   	 -86.47		
-78.43   	-30.52   	 87.32   	 -86.47		
-77.51   	-31.13   	 86.98   	 -81.38		
-75.68   	-31.43   	 86.65   	 -76.30		
-73.85   	-31.74   	 86.35   	 -81.38		
-73.24   	-32.35   	 86.02   	 -76.30		
-73.55   	-32.96   	 85.72   	 -76.30		
-74.16   	-33.57   	 85.41   	 -76.30		
-74.16   	-33.57   	 85.11   	 -76.30		
-72.94   	-32.96   	 84.80   	 -71.21		
-71.41   	-32.35   	 84.52   	 -76.30		
-70.80   	-31.74   	 84.21   	 -71.21		
-71.41   	-31.43   	 83.93   	 -71.21		
-71.72   	-31.74   	 83.64   	 -71.21		
-71.72   	-31.74   	 83.36   	 -71.21		
-70.80   	-32.04   	 83.07   	 -66.12		
-69.58   	-32.65   	 82.81   	 -71.21		
-69.27   	-33.57   	 82.52   	 -66.12		
-70.19   	-35.10   	 82.26   	 -71.21		
-72.02   	-36.93   	 81.97   	 -66.12		
-73.24   	-38.15   	 81.71   	 -71.21		
-72.94   	-38.15   	 81.42   	 -66.12		
-71.11   	-37.54   	 81.16   	 -71.21		
-69.27   	-36.62   	 80.87   	 -66.12		
-67.75   	-35.71   	 80.61   	 -71.21		
-67.44   	-35.40   	 80.33   	 -66.12		
-68.05   	-36.01   	 80.06   	 -66.12		
-69.27   	-36.62   	 79.80   	 -66.12		
-70.19   	-37.54   	 79.53   	 -71.21		
-70.50   	-38.15   	 79.25   	 -61.04		
-69.89   	-38.15   	 79.00   	 -66.12		
-68.97   	-37.54   	 78.74   	 -66.12		
-68.05   	-36.93   	 78.47   	 -66.12		
-68.05   	-36.93   	 78.21   	 -66.12		
-68.66   	-37.23   	 77.94   	 -61.04		
-68.66   	-36.93   	 77.70   	 -66.12		
-67.75   	-36.01   	 77.44   	 -61.04		
-66.83   	-34.48   	 77.19   	 -61.04		
-66.83   	-33.87   	 76.95   	 -61.04		
-68.36   	-34.48   	 76.70   	 -61.04		
-70.50   	-36.32   	 76.46   	 -66.12		
-71.72   	-38.15   	 76.20   	 -61.04		
-71.11   	-39.06   	 75.95   	 -55.95		
-69.27   	-39.06   	 75.73   	 -61.04		
-66.83   	-38.15   	 75.48   	 -61.04		
-65.00   	-37.23   	 75.24   	 -61.04		
-64.09   	-36.32   	 74.99   	 -61.04		
-63.78   	-35.71   	 74.75   	 -61.04		
-63.78   	-35.40   	 74.51   	 -55.95		
-64.39   	-36.01   	 74.28   	 -61.04		
-64.70   	-36.32   	 74.04   	 -61.04		
-64.70   	-36.93   	 73.79   	 -55.95		
-64.70   	-36.93   	 73.57   	 -61.04		
-64.09   	-36.62   	 73.33   	 -55.95		
-64.09   	-36.62   	 73.10   	 -61.04		
-64.09   	-36.93   	 72.86   	 -55.95		
-64.09   	-37.23   	 72.63   	 -55.95		
-64.39   	-36.93   	 72.41   	 -55.95		
-64.70   	-36.32   	 72.19   	 -55.95		
-64.70   	-35.71   	 71.96   	 -50.86		
-64.70   	-35.10   	 71.76   	 -55.95		
-64.09   	-35.40   	 71.54   	 -55.95		
-63.17   	-36.01   	 71.31   	 -50.86		
-61.95   	-36.62   	 71.11   	 -50.86		
-61.04   	-36.62   	 70.91   	 -50.86		
-60.12   	-36.62   	 70.70   	 -50.86		
-59.81   	-36.32   	 70.50   	 -50.86		
-60.12   	-35.71   	 70.29   	 -50.86		
-60.12   	-34.79   	 70.09   	 -45.78		
-59.51   	-32.96   	 69.91   	 -45.78		
-57.98   	-31.43   	 69.73   	 -50.86		
-56.46   	-29.91   	 69.52   	 -45.78		
-55.54   	-28.99   	 69.34   	 -45.78		
-55.54   	-28.38   	 69.16   	 -40.69		
-56.46   	-28.08   	 68.99   	 -45.78		
-56.76   	-28.08   	 68.81   	 -45.78		
-56.46   	-28.38   	 68.63   	 -40.69		
-55.24   	-28.38   	 68.46   	 -45.78		
-54.02   	-28.38   	 68.28   	 -40.69		
-52.80   	-28.08   	 68.12   	 -40.69		
-52.19   	-27.77   	 67.95   	 -40.69		
-51.88   	-27.77   	 67.79   	 -45.78		
-51.57   	-28.08   	 67.61   	 -40.69		
-51.27   	-28.08   	 67.45   	 -40.69		
-50.66   	-28.38   	 67.28   	 -40.69		
-50.35   	-28.38   	 67.12   	 -45.78		
-50.66   	-28.38   	 66.94   	 -40.69		
-50.35   	-27.16   	 66.77   	 -40.69		
-48.83   	-24.11   	 66.61   	 -40.69		
-45.47   	-18.62   	 66.45   	 -40.69		
-40.28   	 -9.46   	 66.29   	 -40.69		
-34.48   	  3.36   	 66.12   	 -45.78		
-29.60   	 18.31   	 65.94   	 -40.69		
-26.55   	 32.96   	 65.78   	 -40.69		
-24.72   	 43.64   	 65.62   	 -40.69		
-24.11   	 49.13   	 65.45   	 -40.69		
-23.50   	 50.35   	 65.29   	 -40.69		
-21.97   	 51.57   	 65.13   	 -40.69		
-18.62   	 56.46   	 64.96   	 -40.69		
-13.12   	 66.22   	 64.80   	 -40.69		
 -7.02   	 76.60   	 64.64   	 -40.69		
 -1.22   	 82.40   	 64.48   	 -35.61		
  2.44   	 80.26   	 64.33   	 -40.69		
  3.66   	 72.33   	 64.17   	 -35.61		
  2.44   	 64.09   	 64.03   	 -40.69		
 -0.31   	 58.59   	 63.87   	 -35.61		
 -2.75   	 55.85   	 63.72   	 -40.69		
 -3.66   	 52.49   	 63.56   	 -35.61		
 -2.75   	 43.95   	 63.42   	 -35.61		
 -1.83   	 29.30   	 63.28   	 -35.61		
 -3.66   	 11.60   	 63.13   	 -30.52		
 -9.16   	 -3.97   	 63.01   	 -35.61		
-17.09   	-14.65   	 62.87   	 -35.61		
-25.02   	-21.06   	 62.73   	 -30.52		
-31.13   	-26.55   	 62.60   	 -30.52		
-35.40   	-33.87   	 62.48   	 -30.52		
-37.54   	-42.72   	 62.36   	 -35.61		
-37.54   	-49.74   	 62.22   	 -25.43		
-36.01   	-53.10   	 62.12   	 -30.52		
-34.18   	-53.10   	 61.99   	 -30.52		
-33.26   	-52.80   	 61.87   	 -30.52		
-33.57   	-53.71   	 61.75   	 -25.43		
-34.79   	-56.15   	 61.65   	 -25.43		
-35.71   	-59.20   	 61.55   	 -30.52		
-36.62   	-61.04   	 61.42   	 -25.43		
-37.23   	-61.65   	 61.32   	 -25.43		
-37.54   	-61.34   	 61.22   	 -25.43		
-38.15   	-60.73   	 61.12   	 -30.52		
-38.45   	-60.42   	 61.00   	 -25.43		
-38.45   	-60.42   	 60.89   	 -25.43		
-38.15   	-60.73   	 60.79   	 -25.43		
-37.54   	-60.42   	 60.69   	 -25.43		
-36.93   	-59.20   	 60.59   	 -20.35		
-38.15   	-54.93   	 60.51   	 -25.43		
-43.33   	-43.03   	 60.41   	 -25.43		
-56.46   	-16.48   	 60.30   	 -25.43		
-79.35   	 32.65   	 60.20   	 -25.43		
-109.56   	102.23   	 60.10   	 -20.35		
-133.97   	179.75   	 60.02   	 -20.35		
-132.14   	248.41   	 59.94   	 -25.43		
-80.87   	296.02   	 59.84   	 -20.35		
 32.96   	325.62   	 59.76   	 -25.43		
202.03   	346.07   	 59.65   	 -20.35		
403.44   	345.76   	 59.57   	 -20.35		
609.44   	291.44   	 59.49   	 -20.35		
792.24   	159.00   	 59.41   	 -25.43		
924.38   	-32.35   	 59.31   	 -20.35		
979.92(R)	-217.90   	 59.23   	 -20.35		
937.19   	-321.96   	 59.15   	 -25.43		
794.68   	-317.08   	 59.04   	 -20.35		
584.41   	-245.67   	 58.96   	 -25.43		
364.38   	-175.17   	 58.86   	 -20.35		
190.12   	-139.77   	 58.78   	 -25.43		
 88.81   	-127.26   	 58.68   	 -20.35		
 51.88   	-105.90   	 58.60   	 -25.43		
 46.08   	-63.48   	 58.49   	 -20.35		
 42.11   	-18.31   	 58.41   	 -25.43		
 27.16   	  3.66   	 58.31   	 -25.43		
  6.10   	 -3.97   	 58.21   	 -25.43		
-13.43   	-24.41   	 58.11   	 -25.43		
-26.55   	-39.37   	 58.01   	 -20.35		
-33.87   	-41.50   	 57.92   	 -30.52		
-38.45   	-36.32   	 57.80   	 -25.43		
-43.03   	-30.82   	 57.70   	 -25.43		
-47.61   	-27.77   	 57.60   	 -25.43		
-51.57   	-26.86   	 57.50   	 -25.43		
-54.32   	-25.63   	 57.40   	 -25.43		
-55.24   	-23.50   	 57.29   	 -25.43		
-55.54   	-21.06   	 57.19   	 -25.43		
-55.85   	-18.62   	 57.09   	 -25.43		
-56.15   	-17.09   	 56.99   	 -20.35		
-56.46   	-15.87   	 56.91   	 -20.35		
-56.46   	-14.34   	 56.83   	 -15.26		
-55.85   	-12.21   	 56.76   	 -15.26		
-55.54   	 -9.46   	 56.70   	  -5.09		
-55.24   	 -6.71   	 56.68(D)	   5.09		
-55.24   	 -4.88   	 56.70   	  10.17		
-54.93   	 -3.66   	 56.74   	  30.52		
-54.32   	 -2.44   	 56.87   	  45.78		
-53.41   	 -0.61   	 57.05   	  66.12		
-52.49   	  1.22   	 57.31   	 101.73		
-51.27   	  3.05   	 57.72   	 127.16		
-49.74   	  4.58   	 58.23   	 167.85		
-47.30   	  6.10   	 58.90   	 203.46		
-44.25   	  7.32   	 59.71   	 249.24		
-41.20   	  9.16   	 60.71   	 295.01		
-38.45   	 10.99   	 61.89   	 340.79		
-36.32   	 13.12   	 63.26   	 386.57		
-34.79   	 14.95   	 64.80   	 432.35		
-32.96   	 16.78   	 66.53   	 473.04		
-30.82   	 18.62   	 68.42   	 503.56		
-27.77   	 20.45   	 70.44   	 539.16		
-24.41   	 22.58   	 72.59   	 569.68		
-21.06   	 25.02   	 74.87   	 584.94		
-17.70   	 28.69   	 77.21   	 595.11		
-14.04   	 33.26   	 79.59   	 605.29		
 -9.46   	 38.76   	 82.01   	 600.20		
 -4.27   	 44.25   	 84.41   	 600.20		
  1.83   	 49.13   	 86.82   	 590.03		
  7.63   	 54.02   	 89.18   	 574.77		
 13.12   	 58.59   	 91.47   	 559.51		
 18.62   	 63.48   	 93.71   	 534.08		
 24.11   	 68.66   	 95.85   	 513.73		
 30.21   	 73.85   	 97.90   	 493.39		
 37.23   	 78.74   	 99.88   	 462.87		
 45.17   	 83.92   	101.73   	 442.52		
 53.71   	 89.42   	103.50   	 417.09		
 62.56   	 94.91   	105.17   	 391.66		
 71.11   	100.71   	106.73   	 366.22		
 79.35   	105.90   	108.20   	 345.88		
 86.36   	110.17   	109.58   	 320.45		
 92.77   	113.22   	110.86   	 305.19		
 98.88   	115.36   	112.09   	 279.75		
104.98   	117.19   	113.20   	 269.58		
110.78   	118.71   	114.28   	 244.15		
116.88   	120.85   	115.26   	 233.98		
122.07   	123.29   	116.19   	 218.72		
127.26   	126.04   	117.07   	 198.37		
131.53   	128.48   	117.86   	 193.29		
135.50   	130.92   	118.64   	 172.94		
138.24   	132.75   	119.33   	 162.77		
139.16   	133.67   	119.98   	 147.51		
138.24   	133.36   	120.57   	 137.33		
134.89   	131.84   	121.12   	 122.07		
128.48   	129.70   	121.61   	 106.82		
119.32   	126.95   	122.03   	  96.64		
106.81   	123.90   	122.42   	  86.47		
 92.47   	120.24   	122.77   	  71.21		
 76.90   	115.36   	123.05   	  61.04		
 61.04   	108.95   	123.30   	  45.78		
 46.08   	101.62   	123.48   	  35.61		
 31.74   	 93.69   	123.62   	  20.35		
 18.01   	 85.45   	123.70   	  15.26		
  4.88   	 77.82   	123.76(S)	   0.00		
 -7.32   	 70.50   	123.76   	 -10.17		
-17.70   	 63.48   	123.72   	 -20.35		
-26.25   	 57.37   	123.64   	 -30.52		
-32.96   	 51.27   	123.52   	 -40.69		
-38.45   	 45.17   	123.36   	 -45.78		
-43.33   	 39.67   	123.17   	 -55.95		
-47.30   	 34.48   	122.95   	 -66.12		
-50.35   	 30.52   	122.69   	 -71.21		
-52.19   	 27.16   	122.40   	 -81.38		
-53.10   	 24.72   	122.07   	 -91.56		
-54.02   	 22.28   	121.71   	-101.73		
-54.93   	 20.45   	121.30   	-106.82		
-55.85   	 18.62   	120.87   	-116.99		
-56.76   	 17.70   	120.41   	-132.25		
-57.68   	 17.40   	119.88   	-137.33		
-58.90   	 16.78   	119.33   	-147.51		
-59.51   	 16.17   	118.74   	-162.77		
-59.81   	 14.95   	118.09   	-167.85		
-59.51   	 14.04   	117.42   	-183.11		
-58.90   	 13.12   	116.68   	-193.29		
-58.59   	 13.12   	115.91   	-203.46		
-58.29   	 14.04   	115.10   	-213.63		
-57.98   	 14.95   	114.24   	-223.80		
-57.37   	 15.87   	113.35   	-228.89		
-56.76   	 15.87   	112.43   	-233.98		
-55.54   	 14.65   	111.49   	-244.15		
-54.93   	 12.82   	110.52   	-239.06		
-54.32   	 11.60   	109.56   	-239.06		
-54.02   	 10.99   	108.61   	-244.15		
-54.02   	 11.29   	107.63   	-233.98		
-53.71   	 11.29   	106.69   	-233.98		
-53.10   	 11.29   	105.76   	-228.89		
-51.88   	 10.99   	104.84   	-218.72		
-50.35   	 10.38   	103.97   	-208.54		
-49.44   	  9.77   	103.13   	-203.46		
-49.13   	  9.16   	102.32   	-193.29		
-49.44   	  7.63   	101.55   	-188.20		
-50.05   	  5.49   	100.79   	-178.03		
-50.96   	  2.75   	100.08   	-167.85		
-51.88   	 -0.61   	 99.41   	-162.77		
-52.19   	 -2.75   	 98.76   	-152.59		
-51.57   	 -3.66   	 98.15   	-147.51		
-50.66   	 -2.75   	 97.56   	-142.42		
-49.44   	 -1.22   	 96.99   	-137.33		
-48.83   	  0.00   	 96.44   	-137.33		
-48.83   	  0.00   	 95.89   	-127.16		
-48.83   	 -1.22   	 95.38   	-122.07		
-48.83   	 -2.75   	 94.89   	-122.07		
-48.52   	 -4.27   	 94.40   	-116.99		
-48.83   	 -5.49   	 93.94   	-116.99		
-50.05   	 -6.41   	 93.47   	-111.90		
-51.27   	 -7.02   	 93.02   	-106.82		
-52.49   	 -7.32   	 92.59   	-111.90		
-53.10   	 -7.63   	 92.15   	-101.73		
-53.41   	 -7.93   	 91.74   	-101.73		
-53.71   	 -8.24   	 91.33   	-101.73		
-54.32   	 -8.54   	 90.93   	-101.73		
-54.93   	 -7.93   	 90.52   	 -96.64		
-55.54   	 -6.41   	 90.13   	 -96.64		
-56.46   	 -5.19   	 89.75   	 -91.56		
-57.37   	 -4.88   	 89.38   	 -96.64		
-57.98   	 -6.71   	 88.99   	 -91.56		
-58.29   	-10.07   	 88.63   	 -91.56		
-58.29   	-14.04   	 88.26   	 -86.47		
-57.98   	-16.48   	 87.91   	 -86.47		
-57.68   	-16.78   	 87.57   	 -91.56		
-57.68   	-15.87   	 87.20   	 -81.38		
-57.68   	-14.34   	 86.88   	 -86.47		
-57.07   	-13.73   	 86.53   	 -86.47		
-56.46   	-14.34   	 86.18   	 -81.38		
-55.85   	-16.17   	 85.86   	 -86.47		
-55.85   	-17.70   	 85.51   	 -81.38		
-56.46   	-18.31   	 85.19   	 -81.38		
-57.07   	-18.01   	 84.86   	 -81.38		
-57.37   	-17.09   	 84.54   	 -81.38		
-57.68   	-17.09   	 84.21   	 -81.38		
-57.68   	-18.01   	 83.89   	 -81.38		
-57.68   	-20.14   	 83.56   	 -76.30		
-57.68   	-21.97   	 83.26   	 -81.38		
-58.29   	-23.19   	 82.93   	 -76.30		
-58.90   	-22.89   	 82.62   	 -81.38		
-59.51   	-21.97   	 82.30   	 -76.30		
-60.42   	-20.75   	 81.99   	 -76.30		
-61.04   	-20.45   	 81.69   	 -76.30		
-61.04   	-20.45   	 81.38   	 -76.30		
-59.51   	-20.45   	 81.08   	 -76.30		
-57.07   	-20.75   	 80.77   	 -71.21		
-54.63   	-20.75   	 80.49   	 -76.30		
-53.71   	-20.75   	 80.18   	 -71.21		
-54.02   	-21.06   	 79.90   	 -76.30		
-55.54   	-21.06   	 79.59   	 -71.21		
-56.76   	-21.06   	 79.31   	 -71.21		
-56.46   	-21.06   	 79.02   	 -71.21		
-54.32   	-20.75   	 78.74   	 -71.21		
-50.35   	-18.01   	 78.45   	 -71.21		
-44.86   	-11.60   	 78.17   	 -71.21		
-39.06   	  0.61   	 77.88   	 -71.21		
-33.57   	 16.17   	 77.60   	 -66.12		
-30.21   	 31.13   	 77.33   	 -71.21		
-28.69   	 40.89   	 77.05   	 -71.21		
-28.38   	 44.25   	 76.76   	 -71.21		
-27.47   	 43.95   	 76.48   	 -66.12		
-24.11   	 46.39   	 76.22   	 -71.21		
-18.62   	 54.02   	 75.93   	 -66.12		
-11.60   	 66.53   	 75.67   	 -71.21		
 -5.19   	 77.82   	 75.38   	 -71.21		
 -0.31   	 82.40   	 75.10   	 -66.12		
  2.75   	 79.35   	 74.83   	 -71.21		
  3.66   	 72.02   	 74.55   	 -66.12		
  3.05   	 64.70   	 74.28   	 -66.12		
  1.22   	 60.12   	 74.02   	 -71.21		
 -0.31   	 56.76   	 73.73   	 -66.12		
 -0.61   	 51.88   	 73.47   	 -66.12		
  0.31   	 42.42   	 73.20   	 -66.12		
  0.31   	 28.38   	 72.94   	 -66.12		
 -3.97   	 11.90   	 72.68   	 -61.04		
-12.21   	 -3.36   	 72.43   	 -66.12		
-22.89   	-15.26   	 72.17   	 -61.04		
-32.65   	-23.80   	 71.92   	 -61.04		
-40.28   	-31.43   	 71.68   	 -61.04		
-45.17   	-39.37   	 71.43   	 -61.04		
-47.91   	-47.61   	 71.19   	 -55.95		
-48.83   	-54.93   	 70.97   	 -55.95		
-48.52   	-59.81   	 70.74   	 -55.95		
-47.00   	-61.95   	 70.52   	 -55.95		
-45.47   	-62.56   	 70.29   	 -55.95		
-43.95   	-62.26   	 70.07   	 -50.86		
-42.72   	-61.65   	 69.87   	 -55.95		
-41.81   	-61.34   	 69.64   	 -50.86		
-42.42   	-61.34   	 69.44   	 -50.86		
-44.25   	-62.56   	 69.24   	 -50.86		
-46.39   	-65.00   	 69.03   	 -45.78		
-47.91   	-68.66   	 68.85   	 -50.86		
-48.52   	-72.33   	 68.65   	 -45.78		
-47.91   	-74.77   	 68.46   	 -50.86		
-46.69   	-74.77   	 68.26   	 -45.78		
-45.78   	-72.02   	 68.08   	 -40.69		
-44.86   	-67.14   	 67.91   	 -45.78		
-44.25   	-62.26   	 67.73   	 -45.78		
-45.17   	-57.98   	 67.55   	 -40.69		
-49.13   	-51.88   	 67.39   	 -45.78		
-58.29   	-36.62   	 67.20   	 -40.69		
-75.07   	 -2.14   	 67.04   	 -40.69		
-99.49   	 53.71   	 66.88   	 -40.69		
-122.38   	121.15   	 66.71   	 -45.78		
-125.43   	181.27   	 66.53   	 -40.69		
-85.45   	217.90   	 66.37   	  N/A		
