  I     	  II     	  AO     	  AO'		
-62.26   	-40.28   	 85.09   	 -71.21		
-62.26   	-38.76   	 84.80   	 -66.12		
-61.95   	-36.93   	 84.54   	 -61.04		
-61.34   	-35.71   	 84.29   	 -61.04		
-60.73   	-35.71   	 84.05   	 -55.95		
-60.42   	-36.93   	 83.82   	 -61.04		
-59.81   	-38.76   	 83.58   	 -55.95		
-59.51   	-40.89   	 83.36   	 -66.12		
-58.59   	-41.81   	 83.09   	 -61.04		
-57.98   	-41.81   	 82.85   	 -71.21		
-57.68   	-40.89   	 82.56   	 -66.12		
-57.68   	-39.06   	 82.30   	 -71.21		
-57.37   	-37.54   	 82.01   	 -71.21		
-56.76   	-36.62   	 81.73   	 -71.21		
-56.15   	-36.32   	 81.44   	 -66.12		
-55.85   	-37.23   	 81.18   	 -61.04		
-55.85   	-38.15   	 80.94   	 -55.95		
-56.15   	-38.45   	 80.71   	 -55.95		
-55.54   	-37.84   	 80.49   	 -50.86		
-53.71   	-36.32   	 80.28   	 -50.86		
-51.57   	-35.40   	 80.08   	 -45.78		
-50.05   	-35.40   	 79.90   	 -50.86		
-49.74   	-35.40   	 79.69   	 -45.78		
-50.35   	-35.40   	 79.51   	 -50.86		
-50.96   	-34.79   	 79.31   	 -50.86		
-50.96   	-33.87   	 79.10   	 -45.78		
-50.35   	-32.35   	 78.92   	 -45.78		
-49.44   	-30.82   	 78.74   	 -45.78		
-48.83   	-29.30   	 78.56   	 -45.78		
-48.83   	-28.38   	 78.37   	 -40.69		
-48.83   	-28.08   	 78.21   	 -40.69		
-49.13   	-28.38   	 78.05   	 -45.78		
-49.13   	-28.99   	 77.86   	 -50.86		
-49.13   	-29.30   	 77.66   	 -61.04		
-47.91   	-28.38   	 77.42   	 -66.12		
-45.47   	-24.72   	 77.15   	 -71.21		
-40.89   	-16.78   	 76.87   	 -76.30		
-35.10   	 -4.58   	 76.56   	 -71.21		
-28.38   	 11.29   	 76.28   	 -76.30		
-22.58   	 27.47   	 75.97   	 -66.12		
-18.62   	 39.98   	 75.71   	 -61.04		
-17.09   	 46.08   	 75.46   	 -50.86		
-16.48   	 47.61   	 75.26   	 -40.69		
-14.95   	 48.83   	 75.10   	 -30.52		
-10.38   	 54.32   	 74.97   	 -15.26		
 -3.36   	 65.00   	 74.91   	  -5.09		
  4.88   	 76.60   	 74.89   	   0.00		
 11.29   	 82.70   	 74.89   	  10.17		
 14.65   	 80.87   	 74.93   	  15.26		
 14.34   	 73.55   	 74.99   	  15.26		
 11.29   	 65.31   	 75.06   	  20.35		
  7.32   	 59.20   	 75.14   	  20.35		
  3.97   	 54.93   	 75.22   	  15.26		
  1.53   	 47.91   	 75.28   	   5.09		
 -0.31   	 35.71   	 75.30   	   0.00		
 -2.75   	 19.23   	 75.30   	  -5.09		
 -7.63   	  2.14   	 75.28   	 -20.35		
-16.17   	-12.82   	 75.20   	 -25.43		
-27.16   	-24.41   	 75.10   	 -40.69		
-37.84   	-33.87   	 74.93   	 -45.78		
-46.08   	-42.72   	 74.75   	 -55.95		
-50.96   	-50.96   	 74.53   	 -55.95		
-52.49   	-57.37   	 74.30   	 -66.12		
-51.57   	-60.73   	 74.04   	 -71.21		
-50.96   	-61.65   	 73.75   	 -71.21		
-51.57   	-61.34   	 73.47   	 -76.30		
-53.71   	-61.95   	 73.16   	 -76.30		
-56.76   	-64.09   	 72.86   	 -76.30		
-59.51   	-66.83   	 72.55   	 -76.30		
-61.04   	-69.58   	 72.25   	 -81.38		
-62.56   	-70.80   	 71.92   	 -81.38		
-64.09   	-71.41   	 71.60   	 -86.47		
-65.61   	-71.41   	 71.25   	 -81.38		
-66.53   	-71.72   	 70.93   	 -81.38		
-66.22   	-72.02   	 70.60   	 -86.47		
-65.31   	-72.33   	 70.25   	 -86.47		
-64.09   	-72.02   	 69.91   	 -81.38		
-63.78   	-70.80   	 69.58   	 -86.47		
-64.09   	-68.97   	 69.24   	 -81.38		
-65.00   	-65.92   	 68.91   	 -76.30		
-67.75   	-60.42   	 68.61   	 -71.21		
-74.16   	-47.61   	 68.32   	 -66.12		
-88.50   	-20.75   	 68.06   	 -55.95		
-111.39   	 23.19   	 67.83   	 -45.78		
-136.11   	 76.29   	 67.65   	 -30.52		
-144.35   	121.46   	 67.53   	 -20.35		
-112.00   	141.91   	 67.45   	 -10.17		
-20.75   	131.23   	 67.41   	  -5.09		
130.92   	 97.35   	 67.39   	  10.17		
324.10   	 42.11   	 67.43   	  10.17		
527.65   	-47.61   	 67.47   	  15.26		
708.01   	-181.27   	 67.53   	  15.26		
830.99   	-342.41   	 67.59   	  20.35		
866.70(R)	-481.57   	 67.67   	  15.26		
795.59   	-543.21   	 67.73   	  15.26		
622.56   	-511.47   	 67.79   	  10.17		
391.24   	-425.72   	 67.83   	  10.17		
168.46   	-339.66   	 67.87   	  10.17		
 12.51   	-277.71   	 67.91   	  10.17		
-54.02   	-224.61   	 67.95   	   5.09		
-51.88   	-156.56   	 67.98   	  15.26		
-24.11   	-75.99   	 68.04   	  10.17		
 -4.88   	-13.12   	 68.08   	  10.17		
 -4.88   	  7.93   	 68.12   	  15.26		
-17.09   	 -8.24   	 68.18   	  10.17		
-31.43   	-34.79   	 68.22   	  10.17		
-40.89   	-47.30   	 68.26   	   0.00		
-45.47   	-42.11   	 68.26   	   0.00		
-47.61   	-29.30   	 68.26   	 -10.17		
-48.83   	-20.45   	 68.22   	 -25.43		
-49.74   	-18.01   	 68.12   	 -40.69		
-49.74   	-18.62   	 67.95   	 -61.04		
-48.83   	-18.62   	 67.71   	 -81.38		
-47.91   	-16.17   	 67.39   	 -91.56		
-46.69   	-12.21   	 67.02   	-101.73		
-46.08   	 -8.24   	 66.61   	 -86.47		
-45.47   	 -5.49   	 66.27   	 -76.30		
-45.17   	 -4.88   	 65.96   	 -45.78		
-44.25   	 -5.19   	 65.78   	 -10.17		
-43.33   	 -5.49   	 65.74   	  30.52		
-42.42   	 -5.49   	 65.86   	  66.12		
-41.50   	 -4.27   	 66.12   	  96.64		
-39.67   	 -2.75   	 66.51   	 127.16		
-37.23   	 -0.31   	 67.02   	 147.51		
-34.18   	  2.75   	 67.61   	 162.77		
-30.82   	  5.19   	 68.26   	 172.94		
-27.77   	  6.71   	 68.95   	 188.20		
-25.33   	  7.32   	 69.70   	 193.29		
-23.50   	  7.32   	 70.48   	 203.46		
-21.97   	  7.63   	 71.29   	 218.72		
-20.75   	  8.54   	 72.17   	 233.98		
-19.23   	 10.07   	 73.10   	 249.24		
-17.70   	 12.21   	 74.10   	 264.50		
-15.56   	 14.04   	 75.16   	 274.67		
-12.21   	 16.17   	 76.26   	 289.93		
 -7.93   	 19.23   	 77.42   	 295.01		
 -2.44   	 23.19   	 78.60   	 295.01		
  2.75   	 27.47   	 79.78   	 305.19		
  7.32   	 31.13   	 81.00   	 295.01		
 10.38   	 34.48   	 82.18   	 300.10		
 13.43   	 38.45   	 83.38   	 289.93		
 18.31   	 43.03   	 84.54   	 289.93		
 25.33   	 49.13   	 85.70   	 289.93		
 34.18   	 56.15   	 86.86   	 289.93		
 43.64   	 62.87   	 88.02   	 295.01		
 52.19   	 69.27   	 89.20   	 305.19		
 60.12   	 75.07   	 90.42   	 305.19		
 68.66   	 82.09   	 91.64   	 305.19		
 78.74   	 90.64   	 92.86   	 310.27		
 91.55   	101.01   	 94.10   	 310.27		
105.90   	112.92   	 95.34   	 295.01		
121.15   	124.82   	 96.52   	 289.93		
136.72   	136.41   	 97.68   	 264.50		
151.98   	147.71   	 98.74   	 249.24		
167.54   	159.00   	 99.74   	 218.72		
182.80   	170.90   	100.61   	 188.20		
197.75   	181.58   	101.36   	 162.77		
211.49   	191.35   	102.01   	 137.33		
223.69   	199.28   	102.56   	 106.82		
234.68   	206.30   	102.99   	  86.47		
244.45   	212.10   	103.34   	  66.12		
252.69   	216.37   	103.60   	  50.86		
258.48   	218.51   	103.80   	  45.78		
261.23   	217.29   	103.99   	  35.61		
259.70   	213.32   	104.13   	  40.69		
252.69   	206.30   	104.29   	  40.69		
239.56   	197.14   	104.46   	  40.69		
220.34   	185.55   	104.62   	  45.78		
195.62   	172.42   	104.80   	  50.86		
167.54   	158.39   	105.00   	  50.86		
137.63   	143.13   	105.21   	  55.95		
107.73   	126.95   	105.43   	  50.86		
 78.43   	109.56   	105.64   	  55.95		
 51.27   	 92.16   	105.86   	  61.04		
 27.16   	 75.07   	106.10   	  61.04		
  6.41   	 59.20   	106.35   	  66.12		
-11.29   	 45.47   	106.61   	  66.12		
-26.86   	 32.96   	106.88   	  76.30		
-40.59   	 22.28   	107.18   	  86.47		
-52.80   	 12.82   	107.53   	  91.56		
-62.56   	  4.27   	107.89   	  96.64		
-70.19   	 -3.36   	108.28   	 106.82		
-75.38   	-10.38   	108.71   	 116.99		
-79.04   	-16.17   	109.18   	 116.99		
-81.79   	-20.75   	109.64   	 122.07		
-84.23   	-24.11   	110.13   	 122.07		
-86.67   	-26.86   	110.62   	 116.99		
-88.81   	-29.30   	111.09   	 106.82		
-90.03   	-31.74   	111.52   	  91.56		
-89.72   	-33.87   	111.88   	  76.30		
-89.11   	-34.79   	112.19   	  55.95		
-88.20   	-35.40   	112.41   	  35.61		
-87.89   	-35.71   	112.55(S)	   0.00		
-87.28   	-36.01   	112.55   	 -30.52		
-86.06   	-36.32   	112.43   	 -66.12		
-83.62   	-36.93   	112.17   	 -96.64		
-81.18   	-38.15   	111.78   	-132.25		
-79.35   	-39.98   	111.25   	-152.59		
-78.74   	-41.81   	110.64   	-178.03		
-78.74   	-43.33   	109.93   	-193.29		
-79.35   	-44.56   	109.16   	-193.29		
-79.35   	-45.47   	108.38   	-193.29		
-79.04   	-46.39   	107.61   	-188.20		
-77.82   	-46.69   	106.86   	-178.03		
-76.60   	-46.69   	106.14   	-167.85		
-75.68   	-46.69   	105.47   	-152.59		
-75.99   	-47.00   	104.86   	-142.42		
-77.51   	-47.61   	104.29   	-132.25		
-79.35   	-48.22   	103.76   	-127.16		
-80.57   	-48.22   	103.25   	-116.99		
-80.57   	-47.00   	102.79   	-122.07		
-79.96   	-44.56   	102.30   	-122.07		
-79.35   	-41.81   	101.81   	-122.07		
-79.35   	-39.67   	101.32   	-127.16		
-79.35   	-38.15   	100.81   	-132.25		
-79.65   	-37.84   	100.28   	-132.25		
-79.65   	-37.84   	 99.76   	-137.33		
-79.65   	-37.54   	 99.21   	-132.25		
-79.96   	-36.93   	 98.68   	-137.33		
-79.65   	-35.71   	 98.13   	-132.25		
-79.04   	-34.18   	 97.60   	-122.07		
-77.82   	-32.65   	 97.11   	-122.07		
-76.29   	-31.13   	 96.62   	-111.90		
-75.38   	-29.60   	 96.17   	-101.73		
-75.07   	-28.08   	 95.77   	 -96.64		
-75.99   	-26.86   	 95.38   	 -86.47		
-77.21   	-26.86   	 95.04   	 -76.30		
-78.43   	-27.47   	 94.73   	 -71.21		
-78.74   	-28.08   	 94.45   	 -66.12		
-77.51   	-28.69   	 94.18   	 -61.04		
-75.38   	-28.08   	 93.94   	 -55.95		
-72.33   	-27.47   	 93.71   	 -50.86		
-70.19   	-26.25   	 93.51   	 -45.78		
-68.97   	-25.63   	 93.33   	 -40.69		
-69.27   	-25.33   	 93.16   	 -45.78		
-70.19   	-25.63   	 92.98   	 -35.61		
-70.80   	-26.25   	 92.84   	 -40.69		
-71.11   	-26.55   	 92.68   	 -30.52		
-70.80   	-26.25   	 92.55   	 -35.61		
-71.11   	-25.02   	 92.41   	 -35.61		
-71.41   	-23.80   	 92.27   	 -35.61		
-71.41   	-22.58   	 92.13   	 -35.61		
-71.11   	-21.36   	 91.98   	 -35.61		
-70.80   	-20.14   	 91.84   	 -45.78		
-70.19   	-18.92   	 91.66   	 -45.78		
-69.58   	-17.70   	 91.47   	 -50.86		
-68.97   	-17.09   	 91.27   	 -61.04		
-68.05   	-16.78   	 91.03   	 -66.12		
-66.83   	-16.78   	 90.76   	 -71.21		
-65.92   	-15.87   	 90.48   	 -81.38		
-65.00   	-14.34   	 90.15   	 -86.47		
-63.78   	-11.60   	 89.81   	 -86.47		
-62.56   	 -8.54   	 89.46   	 -96.64		
-61.34   	 -5.80   	 89.07   	 -96.64		
-61.34   	 -4.27   	 88.69   	 -96.64		
-61.95   	 -3.66   	 88.30   	-101.73		
-63.17   	 -4.27   	 87.89   	-101.73		
-64.39   	 -5.49   	 87.49   	-101.73		
-64.70   	 -7.02   	 87.08   	 -96.64		
-64.70   	 -8.54   	 86.69   	-101.73		
-64.70   	-10.07   	 86.29   	 -96.64		
-65.31   	-11.29   	 85.90   	 -96.64		
-65.92   	-11.60   	 85.51   	 -96.64		
-66.22   	-11.60   	 85.13   	 -91.56		
-65.61   	-11.60   	 84.76   	 -86.47		
-64.09   	-11.90   	 84.41   	 -86.47		
-62.56   	-12.51   	 84.07   	 -81.38		
-61.65   	-14.04   	 83.74   	 -81.38		
-61.65   	-15.87   	 83.42   	 -76.30		
-62.26   	-17.40   	 83.11   	 -71.21		
-62.56   	-18.92   	 82.83   	 -71.21		
-62.56   	-19.53   	 82.54   	 -71.21		
-61.95   	-19.53   	 82.26   	 -66.12		
-61.04   	-18.31   	 81.99   	 -61.04		
-60.12   	-17.09   	 81.75   	 -66.12		
-59.81   	-16.78   	 81.48   	 -61.04		
-60.12   	-17.70   	 81.24   	 -55.95		
-60.73   	-20.14   	 81.02   	 -61.04		
-60.73   	-22.58   	 80.77   	 -61.04		
-60.42   	-24.41   	 80.53   	 -55.95		
-59.81   	-25.33   	 80.30   	 -61.04		
-60.12   	-25.63   	 80.06   	 -55.95		
-61.04   	-25.94   	 79.84   	 -55.95		
-62.56   	-26.55   	 79.61   	 -61.04		
-63.78   	-27.16   	 79.37   	 -55.95		
-64.09   	-28.08   	 79.15   	 -50.86		
-63.78   	-28.38   	 78.94   	 -55.95		
-63.17   	-28.38   	 78.72   	 -55.95		
-62.26   	-27.77   	 78.49   	 -50.86		
-61.65   	-27.16   	 78.29   	 -50.86		
-60.73   	-26.86   	 78.09   	 -50.86		
-59.81   	-27.16   	 77.88   	 -50.86		
-58.90   	-28.08   	 77.68   	 -45.78		
-58.29   	-28.38   	 77.50   	 -50.86		
-57.68   	-28.08   	 77.29   	 -45.78		
-56.76   	-26.25   	 77.11   	 -50.86		
-54.32   	-22.28   	 76.91   	 -45.78		
-50.05   	-14.65   	 76.72   	 -50.86		
-43.95   	 -2.75   	 76.52   	 -50.86		
-36.93   	 12.51   	 76.32   	 -45.78		
-31.13   	 28.69   	 76.13   	 -50.86		
-27.47   	 40.89   	 75.93   	 -50.86		
-25.94   	 47.61   	 75.73   	 -55.95		
-25.02   	 50.35   	 75.50   	 -50.86		
-22.89   	 54.32   	 75.30   	 -50.86		
-18.01   	 61.95   	 75.10   	 -50.86		
-11.60   	 72.94   	 74.89   	 -55.95		
 -4.58   	 82.09   	 74.67   	 -50.86		
  0.61   	 84.84   	 74.47   	 -50.86		
  3.36   	 80.57   	 74.26   	 -55.95		
  3.66   	 73.55   	 74.04   	 -50.86		
  2.14   	 68.05   	 73.83   	 -50.86		
  0.31   	 65.00   	 73.63   	 -55.95		
 -1.83   	 61.65   	 73.41   	 -50.86		
 -3.05   	 54.02   	 73.20   	 -50.86		
 -4.58   	 40.89   	 73.00   	 -50.86		
 -7.63   	 24.41   	 72.80   	 -50.86		
-14.04   	  8.24   	 72.59   	 -50.86		
-24.11   	 -4.88   	 72.39   	 -50.86		
-36.01   	-15.26   	 72.19   	 -45.78		
-47.91   	-24.72   	 72.00   	 -50.86		
-57.07   	-34.79   	 71.80   	 -45.78		
-62.26   	-43.95   	 71.62   	 -45.78		
-63.48   	-50.35   	 71.43   	 -45.78		
-61.65   	-52.80   	 71.25   	 -45.78		
-59.20   	-52.49   	 71.07   	 -40.69		
-57.68   	-52.19   	 70.91   	 -35.61		
-58.90   	-54.32   	 70.76   	 -35.61		
-61.65   	-58.29   	 70.62   	 -35.61		
-65.00   	-62.87   	 70.48   	 -35.61		
-67.14   	-65.92   	 70.34   	 -30.52		
-68.36   	-67.14   	 70.21   	 -30.52		
-69.27   	-68.05   	 70.09   	 -35.61		
-70.50   	-69.58   	 69.95   	 -30.52		
-72.02   	-71.11   	 69.83   	 -35.61		
-72.63   	-72.02   	 69.68   	 -40.69		
-71.72   	-71.41   	 69.52   	 -40.69		
-69.89   	-70.50   	 69.36   	 -45.78		
-68.05   	-69.58   	 69.18   	 -45.78		
-67.14   	-68.97   	 68.99   	 -50.86		
-68.05   	-67.44   	 68.79   	 -50.86		
-71.72   	-61.65   	 68.59   	 -50.86		
-81.48   	-45.17   	 68.38   	 -50.86		
-99.49   	-12.51   	 68.18   	 -50.86		
-125.12   	 34.48   	 67.98   	 -45.78		
-145.87   	 83.92   	 67.79   	 -40.69		
-139.77   	117.19   	 67.63   	 -35.61		
-83.01   	121.46   	 67.49   	 -30.52		
 37.23   	 97.05   	 67.36   	 -20.35		
212.10   	 52.49   	 67.28   	 -15.26		
414.73   	-17.40   	 67.22   	 -10.17		
612.18   	-127.26   	 67.18   	  -5.09		
769.96   	-277.71   	 67.16   	   5.09		
855.71(R)	-438.23   	 67.18   	   5.09		
842.59   	-551.45   	 67.20   	   5.09		
718.99   	-572.51   	 67.22   	  10.17		
507.20   	-509.95   	 67.26   	   5.09		
265.20   	-415.95   	 67.28   	   0.00		
 61.95   	-336.30   	 67.28   	   0.00		
-56.15   	-278.63   	 67.28   	  -5.09		
-86.06   	-219.42   	 67.26   	 -10.17		
-62.26   	-143.13   	 67.22   	 -15.26		
-28.69   	-65.31   	 67.16   	 -20.35		
-11.90   	-17.09   	 67.08   	 -25.43		
-14.04   	-12.21   	 66.98   	 -30.52		
-26.25   	-34.18   	 66.86   	 -30.52		
-38.76   	-55.24   	 66.73   	 -25.43		
-46.69   	-58.59   	 66.63   	 -20.35		
-50.35   	-48.52   	 66.55   	 -20.35		
-51.88   	-36.32   	 66.47   	 -10.17		
-52.80   	-29.30   	 66.43   	 -10.17		
-53.71   	-27.16   	 66.39(D)	   0.00		
-54.32   	-27.16   	 66.39   	   0.00		
-54.63   	-26.55   	 66.39   	  10.17		
-53.71   	-24.72   	 66.43   	  10.17		
-51.88   	-21.67   	 66.47   	  15.26		
-49.74   	-17.70   	 66.53   	  25.43		
-47.30   	-13.73   	 66.63   	  35.61		
-45.47   	-10.99   	 66.77   	  40.69		
-43.95   	 -9.16   	 66.94   	  61.04		
-43.03   	 -7.93   	 67.18   	  66.12		
-42.72   	 -7.32   	 67.45   	  86.47		
-41.81   	 -7.02   	 67.79   	 101.73		
-40.28   	 -6.41   	 68.20   	 116.99		
-37.84   	 -5.19   	 68.67   	 137.33		
-35.40   	 -3.97   	 69.22   	 147.51		
-33.26   	 -2.44   	 69.81   	 167.85		
-31.13   	 -1.22   	 70.48   	 183.11		
-28.69   	  0.92   	 71.21   	 198.37		
-25.94   	  3.36   	 72.00   	 208.54		
-23.19   	  5.80   	 72.84   	 223.80		
-20.45   	  8.54   	 73.73   	 228.89		
-17.40   	 11.29   	 74.65   	 239.06		
-14.04   	 14.65   	 75.60   	 239.06		
-10.07   	 18.31   	 76.56   	 239.06		
 -5.80   	 21.97   	 77.52   	 239.06		
 -1.83   	 25.63   	 78.47   	 233.98		
  2.44   	 28.99   	 79.41   	 228.89		
  7.02   	 32.65   	 80.33   	 218.72		
 12.21   	 36.93   	 81.20   	 208.54		
 18.01   	 41.81   	 82.03   	 198.37		
 23.50   	 46.69   	 82.83   	 188.20		
 29.60   	 51.88   	 83.58   	 183.11		
 36.32   	 57.68   	 84.31   	 172.94		
 44.56   	 64.09   	 85.00   	 172.94		
 53.71   	 71.11   	 85.70   	 167.85		
 62.87   	 78.74   	 86.37   	 167.85		
 72.63   	 86.98   	 87.04   	 172.94		
 82.70   	 95.52   	 87.73   	 167.85		
 94.30   	104.98   	 88.40   	 172.94		
107.12   	115.05   	 89.09   	 178.03		
120.54   	125.73   	 89.81   	 178.03		
134.89   	137.33   	 90.52   	 183.11		
149.54   	149.54   	 91.25   	 183.11		
164.79   	161.74   	 91.98   	 188.20		
180.05   	173.34   	 92.74   	 193.29		
195.01   	184.02   	 93.51   	 198.37		
209.05   	192.87   	 94.30   	 203.46		
222.78   	200.81   	 95.12   	 208.54		
235.90   	208.13   	 95.95   	 213.63		
248.11   	214.84   	 96.81   	 218.72		
259.09   	219.42   	 97.68   	 218.72		
267.03   	220.95   	 98.56   	 223.80		
271.30   	218.81   	 99.45   	 218.72		
271.00   	213.93   	100.33   	 213.63		
265.81   	207.21   	101.18   	 208.54		
255.13   	199.28   	102.01   	 198.37		
238.95   	190.43   	102.81   	 183.11		
217.59   	180.05   	103.54   	 172.94		
191.35   	168.46   	104.23   	 157.68		
162.66   	155.33   	104.86   	 142.42		
133.06   	141.60   	105.43   	 132.25		
103.45   	126.34   	105.96   	 111.90		
 75.07   	109.56   	106.41   	 106.82		
 48.22   	 92.16   	106.84   	  91.56		
 24.11   	 74.46   	107.20   	  81.38		
  2.44   	 58.29   	107.53   	  71.21		
-15.87   	 44.25   	107.81   	  71.21		
-31.13   	 31.43   	108.10   	  61.04		
-43.33   	 19.53   	108.34   	  55.95		
-53.71   	  8.54   	108.57   	  50.86		
-61.95   	 -1.83   	108.77   	  50.86		
-68.97   	-10.99   	108.97   	  45.78		
-74.77   	-18.92   	109.16   	  35.61		
-79.35   	-25.02   	109.30   	  35.61		
-82.70   	-30.21   	109.44   	  30.52		
-84.84   	-33.57   	109.56   	  20.35		
-86.06   	-35.71   	109.64   	  15.26		
-87.28   	-36.93   	109.70(S)	   0.00		
-88.50   	-36.93   	109.70   	  -5.09		
-89.42   	-36.32   	109.68   	 -20.35		
-89.72   	-35.71   	109.60   	 -35.61		
-89.11   	-35.71   	109.46   	 -55.95		
-88.50   	-35.71   	109.24   	 -76.30		
-87.89   	-36.32   	108.93   	 -91.56		
-86.98   	-36.62   	108.57   	-122.07		
-85.75   	-36.62   	108.08   	-137.33		
-84.23   	-36.32   	107.53   	-157.68		
-82.40   	-36.01   	106.90   	-167.85		
-81.48   	-36.93   	106.23   	-178.03		
-81.48   	-38.76   	105.51   	-178.03		
-81.79   	-40.28   	104.80   	-172.94		
-81.48   	-41.20   	104.11   	-162.77		
-79.96   	-40.59   	103.46   	-147.51		
-77.82   	-39.37   	102.87   	-137.33		
-76.29   	-38.76   	102.32   	-122.07		
-76.29   	-39.06   	101.83   	-111.90		
-77.21   	-39.98   	101.38   	 -96.64		
-78.13   	-39.37   	101.00   	 -91.56		
-77.82   	-36.32   	100.63   	 -81.38		
-75.68   	-32.04   	100.30   	 -81.38		
-72.94   	-28.08   	 99.98   	 -81.38		
-70.80   	-26.86   	 99.65   	 -81.38		
-70.50   	-27.77   	 99.33   	 -91.56		
-71.41   	-29.60   	 98.96   	 -91.56		
-72.02   	-30.21   	 98.60   	 -96.64		
-72.33   	-28.99   	 98.21   	-106.82		
-72.02   	-26.55   	 97.78   	-111.90		
-71.72   	-23.80   	 97.33   	-116.99		
-71.41   	-21.67   	 96.87   	-116.99		
-71.41   	-19.53   	 96.40   	-122.07		
-71.72   	-18.01   	 95.91   	-122.07		
-72.33   	-17.40   	 95.42   	-122.07		
-72.94   	-17.09   	 94.93   	-116.99		
-73.85   	-17.40   	 94.47   	-111.90		
-73.85   	-17.09   	 94.02   	-106.82		
-72.33   	-15.56   	 93.59   	-101.73		
-69.58   	-12.51   	 93.18   	 -91.56		
-66.83   	 -9.16   	 92.82   	 -91.56		
-64.70   	 -6.71   	 92.45   	 -91.56		
-64.09   	 -5.49   	 92.09   	 -81.38		
-64.70   	 -6.41   	 91.76   	 -76.30		
-65.92   	 -8.54   	 91.45   	 -76.30		
-66.83   	-10.99   	 91.15   	 -76.30		
-67.14   	-12.21   	 90.84   	 -66.12		
-67.14   	-12.21   	 90.58   	 -66.12		
-66.22   	-11.60   	 90.32   	 -61.04		
-65.61   	-10.99   	 90.07   	 -55.95		
-65.31   	-10.68   	 89.85   	 -55.95		
-65.00   	-10.68   	 89.62   	 -50.86		
-65.31   	-11.29   	 89.42   	 -45.78		
-65.92   	-12.51   	 89.24   	 -45.78		
-66.53   	-13.43   	 89.05   	 -45.78		
-66.83   	-14.34   	 88.87   	 -45.78		
-66.53   	-14.34   	 88.69   	 -45.78		
-65.31   	-13.43   	 88.50   	 -50.86		
-64.09   	-12.82   	 88.30   	 -50.86		
-63.48   	-12.21   	 88.10   	 -55.95		
-64.09   	-12.21   	 87.87   	 -61.04		
-65.00   	-12.21   	 87.63   	 -71.21		
-65.61   	-12.21   	 87.34   	 -71.21		
-65.31   	-11.60   	 87.06   	 -81.38		
-64.09   	-11.29   	 86.73   	 -86.47		
-62.87   	-11.60   	 86.39   	 -96.64		
-61.95   	-13.12   	 86.00   	 -96.64		
-61.95   	-15.26   	 85.62   	-101.73		
-61.95   	-16.48   	 85.21   	-106.82		
-61.95   	-17.09   	 84.78   	-106.82		
-61.65   	-16.48   	 84.35   	-111.90		
-61.04   	-15.87   	 83.91   	-111.90		
-61.04   	-15.87   	 83.46   	-106.82		
-60.73   	-16.78   	 83.03   	-111.90		
-60.42   	-17.40   	 82.58   	-106.82		
-60.42   	-17.70   	 82.16   	-101.73		
-61.04   	-17.09   	 81.75   	-101.73		
-61.95   	-16.17   	 81.34   	 -96.64		
-62.87   	-14.65   	 80.96   	 -86.47		
-62.56   	-12.51   	 80.61   	 -86.47		
-60.73   	-10.68   	 80.26   	 -81.38		
-58.59   	 -8.85   	 79.94   	 -76.30		
-57.07   	 -8.24   	 79.63   	 -71.21		
-57.37   	 -8.24   	 79.35   	 -71.21		
-58.29   	 -8.85   	 79.06   	 -61.04		
-58.90   	 -8.85   	 78.82   	 -66.12		
-58.59   	 -8.54   	 78.56   	 -61.04		
-57.68   	 -7.32   	 78.31   	 -55.95		
-57.07   	 -6.10   	 78.09   	 -61.04		
-57.07   	 -5.19   	 77.84   	 -55.95		
-57.68   	 -5.19   	 77.62   	 -55.95		
-57.68   	 -5.80   	 77.40   	 -55.95		
-57.07   	 -6.41   	 77.17   	 -55.95		
-56.15   	 -7.02   	 76.95   	 -55.95		
-55.24   	 -7.32   	 76.72   	 -55.95		
-55.54   	 -7.02   	 76.50   	 -55.95		
-56.76   	 -6.71   	 76.28   	 -50.86		
-58.29   	 -6.41   	 76.07   	 -55.95		
-58.90   	 -5.80   	 75.85   	 -55.95		
-58.29   	 -4.88   	 75.63   	 -50.86		
-56.76   	 -3.66   	 75.42   	 -55.95		
-55.24   	 -2.75   	 75.20   	 -50.86		
-54.32   	 -1.53   	 74.99   	 -50.86		
-54.32   	 -0.31   	 74.79   	 -50.86		
-54.63   	  1.53   	 74.59   	 -50.86		
-54.93   	  4.27   	 74.38   	 -50.86		
-54.02   	  7.32   	 74.18   	 -55.95		
-52.49   	 10.38   	 73.96   	 -50.86		
-49.74   	 13.43   	 73.75   	 -50.86		
-46.39   	 17.70   	 73.55   	 -55.95		
-42.42   	 25.02   	 73.33   	 -50.86		
-37.54   	 36.62   	 73.12   	 -55.95		
-31.74   	 51.57   	 72.90   	 -50.86		
-25.63   	 67.44   	 72.70   	 -55.95		
-20.14   	 80.57   	 72.47   	 -50.86		
-16.48   	 87.89   	 72.27   	 -50.86		
-14.04   	 90.33   	 72.06   	 -45.78		
-11.60   	 91.25   	 71.88   	 -50.86		
 -8.54   	 94.91   	 71.68   	 -45.78		
 -3.66   	102.23   	 71.50   	 -40.69		
  2.44   	110.17   	 71.33   	 -40.69		
  7.32   	113.53   	 71.17   	 -40.69		
 10.99   	109.56   	 71.01   	 -40.69		
 12.21   	101.62   	 70.84   	 -40.69		
 11.60   	 93.99   	 70.68   	 -35.61		
  9.77   	 89.42   	 70.54   	 -40.69		
  7.32   	 85.14   	 70.38   	 -35.61		
  5.19   	 77.51   	 70.23   	 -40.69		
  3.36   	 64.09   	 70.07   	 -35.61		
  1.22   	 46.08   	 69.93   	 -40.69		
 -3.66   	 26.86   	 69.77   	 -35.61		
-12.51   	  9.77   	 69.62   	 -40.69		
-24.11   	 -4.27   	 69.46   	 -40.69		
-36.32   	-16.17   	 69.30   	 -40.69		
-45.78   	-26.55   	 69.14   	 -40.69		
-50.66   	-36.01   	 68.97   	 -40.69		
-51.57   	-43.03   	 68.81   	 -40.69		
-49.44   	-47.30   	 68.65   	 -40.69		
-47.00   	-48.83   	 68.48   	 -40.69		
-46.39   	-49.74   	 68.32   	 -35.61		
-48.22   	-51.88   	 68.18   	 -35.61		
-51.57   	-54.93   	 68.04   	 -35.61		
-55.24   	-58.59   	 67.89   	 -30.52		
-57.98   	-61.65   	 67.77   	 -35.61		
-59.81   	-63.48   	 67.63   	 -35.61		
-61.04   	-64.09   	 67.49   	 -35.61		
-62.56   	-64.09   	 67.34   	 -40.69		
-63.78   	-63.48   	 67.18   	 -40.69		
-65.00   	-62.87   	 67.02   	 -50.86		
-65.31   	-61.65   	 66.82   	 -50.86		
-65.00   	-60.42   	 66.61   	 -55.95		
-64.09   	-58.90   	 66.39   	 -55.95		
-63.17   	-57.07   	 66.16   	 -61.04		
-63.17   	-55.54   	 65.92   	 -61.04		
-65.31   	-52.49   	 65.68   	 -61.04		
-70.50   	-43.33   	 65.43   	 -61.04		
-81.48   	-21.67   	 65.19   	 -55.95		
-101.32   	 17.40   	 64.96   	 -45.78		
-125.73   	 68.36   	 64.78   	 -45.78		
-140.38   	116.27   	 64.60   	 -35.61		
-121.77   	142.52   	 64.46   	 -25.43		
-47.30   	137.63   	 64.35   	 -20.35		
 90.94   	107.12   	 64.27   	  -5.09		
278.02   	 56.46   	 64.25(D)	   0.00		
484.01   	-23.19   	 64.25   	  10.17		
673.22   	-145.57   	 64.29   	  15.26		
810.55   	-302.73   	 64.35   	  20.35		
864.87(R)	-452.88   	 64.44   	  25.43		
813.29   	-537.41   	 64.54   	  25.43		
654.60   	-524.90   	 64.64   	  25.43		
423.89   	-442.20   	 64.74   	  25.43		
186.46   	-346.37   	 64.84   	  20.35		
  6.71   	-274.66   	 64.92   	  10.17		
-81.79   	-220.64   	 64.96   	  10.17		
-89.11   	-158.39   	 65.00   	   5.09		
-56.46   	-79.35   	 65.03   	  -5.09		
-23.80   	 -8.24   	 65.00   	 -10.17		
-10.38   	 25.02   	 64.96   	 -15.26		
-14.65   	 16.17   	 64.90   	 -15.26		
-26.25   	-11.90   	 64.84   	 -20.35		
-36.62   	-30.82   	 64.76   	 -15.26		
-42.42   	-30.52   	 64.70   	 -15.26		
-44.86   	-18.31   	 64.64   	 -15.26		
-46.08   	 -7.63   	 64.58   	  -5.09		
-47.00   	 -3.66   	 64.56   	  -5.09		
-47.91   	 -4.58   	 64.54   	   0.00		
-48.52   	 -6.10   	 64.54   	   0.00		
-47.61   	 -6.10   	 64.54   	  10.17		
-45.47   	 -4.27   	 64.58   	   5.09		
-43.33   	 -1.83   	 64.60   	  20.35		
-41.50   	 -0.31   	 64.68   	  20.35		
-40.59   	 -0.31   	 64.76   	  30.52		
-39.98   	 -0.61   	 64.88   	  45.78		
-39.06   	 -0.31   	 65.07   	  50.86		
-37.54   	  1.53   	 65.27   	  71.21		
-35.10   	  4.27   	 65.55   	  81.38		
-31.74   	  7.02   	 65.88   	 101.73		
-28.38   	  9.46   	 66.29   	 116.99		
-26.55   	 10.68   	 66.75   	 132.25		
-25.94   	 10.99   	 67.28   	 147.51		
-26.25   	 10.99   	 67.87   	 167.85		
-25.94   	 11.29   	 68.55   	 188.20		
-24.11   	 12.82   	 69.30   	 193.29		
-20.45   	 15.56   	 70.07   	 213.63		
-16.48   	 18.62   	 70.93   	 223.80		
-12.51   	 21.97   	 71.82   	 233.98		
 -9.46   	 24.41   	 72.76   	 239.06		
 -7.02   	 26.55   	 73.71   	 249.24		
 -4.27   	 28.69   	 74.71   	 244.15		
 -0.92   	 30.52   	 75.69   	 244.15		
  2.75   	 32.96   	 76.66   	 244.15		
  6.41   	 35.71   	 77.64   	 233.98		
 10.68   	 39.67   	 78.58   	 218.72		
 15.26   	 44.56   	 79.45   	 213.63		
 21.06   	 50.35   	 80.30   	 198.37		
 27.77   	 56.46   	 81.10   	 193.29		
 35.10   	 61.65   	 81.87   	 178.03		
 42.72   	 66.22   	 82.58   	 172.94		
 50.35   	 70.19   	 83.28   	 162.77		
 58.59   	 74.77   	 83.93   	 162.77		
 68.05   	 80.87   	 84.58   	 162.77		
 79.35   	 88.81   	 85.23   	 162.77		
 91.55   	 97.05   	 85.88   	 162.77		
103.76   	105.59   	 86.53   	 167.85		
116.58   	113.83   	 87.20   	 167.85		
130.00   	122.68   	 87.87   	 172.94		
144.04   	132.14   	 88.57   	 172.94		
159.30   	142.82   	 89.26   	 178.03		
174.87   	154.42   	 89.97   	 178.03		
190.73   	166.02   	 90.68   	 183.11		
206.30   	176.39   	 91.41   	 193.29		
220.95   	185.24   	 92.19   	 193.29		
233.76   	192.26   	 92.96   	 203.46		
245.36   	198.06   	 93.77   	 208.54		
255.43   	203.86   	 94.61   	 218.72		
264.28   	209.05   	 95.48   	 218.72		
271.91   	213.32   	 96.36   	 218.72		
276.49   	215.45   	 97.23   	 218.72		
276.79   	213.62   	 98.11   	 213.63		
271.91   	207.82   	 98.96   	 208.54		
260.62   	198.06   	 99.80   	 203.46		
243.23   	185.85   	100.61   	 183.11		
220.03   	172.12   	101.34   	 178.03		
192.26   	157.47   	102.05   	 157.68		
161.74   	142.52   	102.69   	 147.51		
130.62   	126.95   	103.28   	 132.25		
100.10   	111.08   	103.80   	 116.99		
 71.72   	 94.91   	104.27   	 106.82		
 45.78   	 79.04   	104.70   	  96.64		
 22.89   	 64.09   	105.09   	  81.38		
  3.05   	 50.05   	105.41   	  76.30		
-13.43   	 37.23   	105.72   	  66.12		
-27.47   	 25.94   	105.98   	  66.12		
-39.67   	 16.17   	106.25   	  55.95		
-50.66   	  7.32   	106.47   	  55.95		
-60.12   	 -1.22   	106.69   	  45.78		
-67.75   	 -9.16   	106.88   	  50.86		
-73.24   	-16.17   	107.08   	  40.69		
-76.29   	-20.75   	107.24   	  35.61		
-77.21   	-23.50   	107.39   	  30.52		
-77.21   	-24.72   	107.51   	  20.35		
-77.82   	-25.94   	107.59   	  10.17		
-79.35   	-28.38   	107.63   	   5.09		
-81.79   	-31.43   	107.65(S)	 -15.26		
-84.53   	-34.18   	107.59   	 -30.52		
-86.67   	-36.32   	107.47   	 -45.78		
-87.89   	-37.23   	107.28   	 -71.21		
-87.28   	-36.93   	107.00   	 -91.56		
-85.45   	-37.23   	106.63   	-111.90		
-83.31   	-38.76   	106.18   	-137.33		
-81.48   	-41.20   	105.64   	-152.59		
-80.26   	-43.64   	105.03   	-167.85		
-79.35   	-45.17   	104.35   	-178.03		
-78.74   	-45.17   	103.64   	-183.11		
-77.82   	-44.25   	102.91   	-183.11		
-76.90   	-43.03   	102.18   	-172.94		
-75.38   	-42.42   	101.48   	-162.77		
-73.55   	-42.42   	100.83   	-147.51		
-71.72   	-42.72   	100.24   	-137.33		
-70.19   	-43.03   	 99.69   	-127.16		
-70.19   	-43.03   	 99.19   	-116.99		
-71.11   	-43.33   	 98.72   	-101.73		
-72.33   	-43.95   	 98.31   	-101.73		
-73.24   	-44.56   	 97.90   	 -91.56		
-73.24   	-44.86   	 97.54   	 -91.56		
-72.94   	-45.17   	 97.17   	 -86.47		
-72.94   	-45.47   	 96.83   	 -91.56		
-73.55   	-45.47   	 96.46   	 -91.56		
-73.85   	-45.47   	 96.09   	 -96.64		
-73.55   	-45.47   	 95.71   	-101.73		
-72.94   	-44.86   	 95.30   	-101.73		
-72.02   	-43.33   	 94.89   	-106.82		
-71.72   	-41.20   	 94.47   	-111.90		
-71.41   	-39.37   	 94.02   	-111.90		
-71.41   	-38.45   	 93.57   	-106.82		
-71.72   	-39.06   	 93.14   	-111.90		
-72.02   	-40.28   	 92.70   	-106.82		
-72.33   	-41.81   	 92.27   	-101.73		
-72.63   	-42.42   	 91.86   	 -96.64		
-72.63   	-42.11   	 91.47   	 -96.64		
-72.02   	-40.89   	 91.09   	 -86.47		
-70.19   	-39.37   	 90.74   	 -81.38		
-68.05   	-37.84   	 90.42   	 -76.30		
-66.22   	-37.23   	 90.11   	 -76.30		
-65.92   	-37.84   	 89.81   	 -76.30		
-66.83   	-39.37   	 89.50   	 -66.12		
-67.44   	-40.89   	 89.24   	 -71.21		
-67.14   	-41.81   	 88.95   	 -66.12		
-65.61   	-41.20   	 88.69   	 -66.12		
-64.39   	-40.28   	 88.42   	 -61.04		
-64.70   	-39.98   	 88.18   	 -61.04		
-66.53   	-41.20   	 87.93   	 -55.95		
-69.27   	-43.64   	 87.71   	 -61.04		
-72.33   	-46.69   	 87.47   	 -55.95		
-75.07   	-48.83   	 87.24   	 -55.95		
-75.99   	-48.52   	 87.02   	 -61.04		
-74.46   	-45.17   	 86.77   	 -61.04		
-70.19   	-40.28   	 86.53   	 -66.12		
-65.00   	-35.71   	 86.27   	 -71.21		
-61.65   	-34.48   	 85.98   	 -71.21		
-63.48   	-38.15   	 85.70   	 -76.30		
-69.89   	-45.47   	 85.39   	 -81.38		
-76.29   	-52.49   	 85.07   	 -91.56		
-77.51   	-54.02   	 84.70   	 -91.56		
-70.80   	-47.30   	 84.33   	 -96.64		
-58.59   	-34.79   	 83.95   	-101.73		
-47.00   	-23.19   	 83.54   	-106.82		
-42.11   	-18.92   	 83.11   	-106.82		
-45.17   	-23.19   	 82.69   	-111.90		
-52.19   	-32.04   	 82.24   	-111.90		
-57.98   	-38.76   	 81.79   	-111.90		
-59.20   	-40.28   	 81.34   	-111.90		
-57.07   	-37.54   	 80.89   	-111.90		
-53.71   	-33.57   	 80.45   	-106.82		
-51.57   	-31.13   	 80.02   	-106.82		
-50.35   	-30.21   	 79.59   	-106.82		
-50.35   	-30.52   	 79.17   	-101.73		
-50.96   	-30.82   	 78.76   	 -96.64		
-51.88   	-31.13   	 78.37   	 -91.56		
-52.80   	-31.74   	 78.01   	 -91.56		
-53.10   	-32.96   	 77.64   	 -81.38		
-53.10   	-35.10   	 77.31   	 -81.38		
-53.10   	-37.23   	 76.99   	 -76.30		
-53.10   	-38.45   	 76.68   	 -71.21		
-53.10   	-37.84   	 76.40   	 -66.12		
-52.80   	-34.79   	 76.13   	 -66.12		
-51.88   	-31.74   	 75.87   	 -66.12		
-51.57   	-30.21   	 75.60   	 -55.95		
-50.96   	-31.13   	 75.38   	 -61.04		
-50.66   	-34.48   	 75.14   	 -55.95		
-50.05   	-38.45   	 74.91   	 -55.95		
-49.44   	-41.20   	 74.69   	 -55.95		
-48.83   	-41.81   	 74.47   	 -50.86		
-48.83   	-40.28   	 74.26   	 -55.95		
-48.52   	-37.54   	 74.04   	 -50.86		
-47.30   	-34.48   	 73.83   	 -50.86		
-46.08   	-32.65   	 73.63   	 -55.95		
-44.86   	-32.65   	 73.41   	 -50.86		
-44.86   	-34.18   	 73.20   	 -45.78		
-45.17   	-35.40   	 73.02   	 -50.86		
-44.56   	-34.79   	 72.82   	 -50.86		
-41.20   	-29.60   	 72.61   	 -50.86		
-35.10   	-19.53   	 72.41   	 -45.78		
-27.77   	 -4.58   	 72.23   	 -45.78		
-21.67   	 11.90   	 72.04   	 -40.69		
-17.09   	 27.77   	 71.88   	 -45.78		
-14.04   	 39.06   	 71.70   	 -40.69		
-11.60   	 45.47   	 71.54   	 -40.69		
 -9.16   	 48.83   	 71.37   	 -40.69		
 -5.19   	 52.49   	 71.21   	 -40.69		
 -0.31   	 58.29   	 71.05   	 -40.69		
  5.49   	 65.61   	 70.88   	 -35.61		
 11.60   	 71.11   	 70.74   	 -40.69		
 16.17   	 71.72   	 70.58   	 -40.69		
 19.23   	 67.44   	 70.42   	 -40.69		
 19.84   	 61.34   	 70.25   	 -40.69		
 18.62   	 55.54   	 70.09   	 -40.69		
 15.87   	 50.35   	 69.93   	 -40.69		
 12.21   	 43.64   	 69.77   	 -45.78		
  8.54   	 34.18   	 69.58   	 -45.78		
  4.88   	 22.28   	 69.40   	 -50.86		
  0.92   	 10.07   	 69.20   	 -45.78		
 -5.19   	 -1.53   	 69.01   	 -50.86		
-13.73   	-13.12   	 68.81   	 -55.95		
-24.72   	-25.33   	 68.59   	 -50.86		
-35.40   	-39.37   	 68.38   	 -50.86		
-44.56   	-52.80   	 68.18   	 -50.86		
-50.05   	-63.17   	 67.98   	 -55.95		
-51.88   	-68.66   	 67.75   	 -50.86		
-51.27   	-70.19   	 67.55   	 -50.86		
-49.44   	-69.58   	 67.34   	 -45.78		
-48.52   	-69.58   	 67.16   	 -50.86		
-49.44   	-70.80   	 66.96   	 -45.78		
-52.49   	-74.16   	 66.77   	 -45.78		
-56.76   	-79.04   	 66.59   	 -40.69		
-61.04   	-84.23   	 66.43   	 -45.78		
-64.70   	-89.42   	 66.25   	 -45.78		
-65.61   	-92.47   	 66.06   	 -50.86		
-63.48   	-91.55   	 65.86   	 -50.86		
-58.59   	-86.67   	 65.66   	 -50.86		
-52.49   	-79.65   	 65.45   	 -61.04		
-47.30   	-72.94   	 65.21   	 -61.04		
-46.08   	-70.19   	 64.96   	 -61.04		
-48.52   	-70.80   	 64.72   	 -66.12		
-51.88   	-72.33   	 64.46   	 -66.12		
-54.63   	-70.50   	 64.19   	 -61.04		
-57.07   	-61.34   	 63.95   	 -61.04		
-64.39   	-40.28   	 63.70   	 -55.95		
-81.79   	 -5.19   	 63.48   	 -50.86		
-106.81   	 39.98   	 63.28   	 -40.69		
-125.73   	 83.62   	 63.11   	 -25.43		
-114.44   	109.25   	 63.01   	 -20.35		
-49.13   	105.29   	 62.93   	  -5.09		
 79.04   	 75.68   	 62.91(D)	   5.09		
259.70   	 27.77   	 62.93   	  15.26		
465.39   	-45.17   	 62.99   	  25.43		
661.62   	-156.56   	 63.09   	  35.61		
812.99   	-304.57   	 63.23   	  40.69		
885.01(R)	-454.71   	 63.40   	  40.69		
850.52   	-547.79   	 63.56   	  45.78		
702.82   	-542.60   	 63.74   	  45.78		
472.41   	-458.07   	 63.93   	  40.69		
224.00   	-352.17   	 64.09   	  30.52		
 27.16   	-272.22   	 64.21   	  30.52		
-77.51   	-220.95   	 64.33   	  15.26		
-94.30   	-170.90   	 64.39   	  15.26		
-62.87   	-104.06   	 64.46   	   0.00		
-26.86   	-36.01   	 64.46   	  -5.09		
 -7.93   	  1.53   	 64.44   	 -10.17		
 -7.02   	 -1.83   	 64.39   	 -15.26		
-14.65   	-27.77   	 64.33   	 -20.35		
-22.89   	-48.22   	 64.25   	 -20.35		
-28.38   	-49.44   	 64.17   	 -15.26		
-31.74   	-37.23   	 64.11   	 -15.26		
-33.26   	-23.50   	 64.05   	 -10.17		
-33.26   	-16.48   	 64.01   	 -10.17		
-32.96   	-15.26   	 63.97   	  -5.09		
-33.26   	-17.40   	 63.95   	  -5.09		
-34.79   	-21.36   	 63.93   	   0.00		
-36.93   	-25.63   	 63.93   	   0.00		
-38.15   	-28.08   	 63.93   	   5.09		
-37.54   	-26.86   	 63.95   	   5.09		
-34.79   	-22.89   	 63.97   	  10.17		
-31.43   	-18.31   	 64.01   	  20.35		
-28.69   	-14.65   	 64.09   	  30.52		
-27.77   	-12.82   	 64.21   	  40.69		
-27.16   	-12.51   	 64.37   	  55.95		
-25.02   	-12.21   	 64.60   	  71.21		
-20.14   	-10.38   	 64.88   	  86.47		
-13.73   	 -7.02   	 65.23   	 101.73		
 -8.54   	 -3.05   	 65.64   	 122.07		
 -5.49   	  0.61   	 66.12   	 137.33		
 -4.58   	  3.05   	 66.67   	 157.68		
 -4.27   	  4.27   	 67.30   	 172.94		
 -3.05   	  4.27   	 68.00   	 188.20		
 -0.31   	  4.88   	 68.75   	 198.37		
  3.05   	  6.71   	 69.54   	 213.63		
  6.10   	  9.77   	 70.40   	 223.80		
  7.93   	 12.82   	 71.29   	 228.89		
  9.46   	 15.87   	 72.21   	 233.98		
 11.60   	 18.62   	 73.14   	 233.98		
 14.95   	 21.36   	 74.08   	 233.98		
 20.14   	 23.80   	 75.01   	 233.98		
 25.63   	 25.63   	 75.95   	 223.80		
 31.43   	 27.16   	 76.85   	 213.63		
 36.32   	 29.91   	 77.70   	 208.54		
 41.81   	 35.40   	 78.53   	 193.29		
 47.91   	 43.33   	 79.31   	 183.11		
 55.24   	 52.19   	 80.04   	 172.94		
 63.78   	 59.20   	 80.73   	 172.94		
 72.33   	 63.17   	 81.42   	 162.77		
 80.87   	 64.70   	 82.07   	 162.77		
 89.72   	 66.22   	 82.73   	 162.77		
100.10   	 71.11   	 83.38   	 162.77		
111.69   	 80.87   	 84.03   	 167.85		
125.12   	 94.91   	 84.70   	 167.85		
139.77   	112.00   	 85.37   	 167.85		
155.03   	128.78   	 86.04   	 172.94		
171.20   	143.43   	 86.73   	 172.94		
187.38   	155.64   	 87.43   	 178.03		
203.86   	165.10   	 88.14   	 178.03		
218.81   	172.42   	 88.85   	 183.11		
232.54   	177.92   	 89.58   	 188.20		
244.14   	182.80   	 90.34   	 193.29		
254.52   	188.29   	 91.11   	 198.37		
264.59   	195.01   	 91.90   	 203.46		
274.05   	202.64   	 92.72   	 203.46		
282.29   	209.35   	 93.53   	 208.54		
287.17   	212.71   	 94.36   	 213.63		
286.87   	211.79   	 95.22   	 203.46		
280.15   	205.69   	 96.03   	 203.46		
267.33   	196.84   	 96.85   	 198.37		
249.63   	186.16   	 97.64   	 188.20		
226.14   	173.03   	 98.39   	 178.03		
198.67   	157.17   	 99.10   	 167.85		
168.76   	139.77   	 99.78   	 152.59		
139.16   	122.68   	100.39   	 142.42		
112.30   	106.81   	100.96   	 127.16		
 87.89   	 92.47   	101.46   	 111.90		
 64.39   	 78.13   	101.91   	 101.73		
 39.98   	 62.87   	102.32   	  91.56		
 16.48   	 48.22   	102.69   	  76.30		
 -4.27   	 35.10   	102.99   	  66.12		
-19.84   	 25.02   	103.25   	  55.95		
-31.13   	 16.48   	103.48   	  50.86		
-40.28   	  8.85   	103.68   	  45.78		
-48.22   	  1.22   	103.87   	  35.61		
-54.63   	 -5.49   	104.01   	  30.52		
-58.90   	-11.90   	104.13   	  25.43		
-61.34   	-17.70   	104.23   	  20.35		
-62.56   	-22.89   	104.31   	  15.26		
-63.78   	-27.16   	104.37   	  10.17		
-65.61   	-30.21   	104.41(S)	  -5.09		
-67.44   	-32.04   	104.39   	 -10.17		
-69.27   	-33.26   	104.35   	 -25.43		
-70.80   	-34.18   	104.25   	 -40.69		
-71.72   	-35.10   	104.09   	 -61.04		
-71.11   	-34.48   	103.84   	 -81.38		
-69.89   	-33.57   	103.52   	 -96.64		
-68.36   	-32.96   	103.13   	-127.16		
-67.75   	-34.18   	102.62   	-142.42		
-68.05   	-38.15   	102.05   	-157.68		
-68.97   	-42.72   	101.42   	-172.94		
-69.27   	-46.08   	100.73   	-183.11		
-69.27   	-47.91   	100.00   	-183.11		
-69.89   	-49.13   	 99.27   	-178.03		
-71.11   	-50.05   	 98.56   	-167.85		
-72.02   	-50.66   	 97.88   	-162.77		
-72.02   	-50.35   	 97.23   	-152.59		
-70.50   	-49.13   	 96.62   	-137.33		
-68.36   	-48.22   	 96.07   	-122.07		
-67.75   	-48.52   	 95.58   	-116.99		
-68.05   	-50.66   	 95.12   	-106.82		
-69.27   	-52.80   	 94.69   	 -96.64		
-69.58   	-53.41   	 94.30   	 -91.56		
-68.66   	-51.57   	 93.94   	 -81.38		
-66.53   	-48.22   	 93.61   	 -86.47		
-64.70   	-45.17   	 93.27   	 -81.38		
-63.17   	-43.33   	 92.94   	 -81.38		
-62.87   	-42.11   	 92.61   	 -81.38		
-62.26   	-40.89   	 92.29   	 -91.56		
-61.65   	-39.37   	 91.92   	 -91.56		
-61.04   	-38.45   	 91.56   	 -91.56		
-60.42   	-38.76   	 91.19   	-101.73		
-59.81   	-39.98   	 90.78   	-101.73		
-59.51   	-41.20   	 90.38   	-106.82		
-58.90   	-41.20   	 89.95   	-106.82		
-57.98   	-39.67   	 89.52   	-101.73		
-57.37   	-38.15   	 89.11   	-106.82		
-57.07   	-37.84   	 88.69   	 -96.64		
-56.76   	-39.06   	 88.30   	 -91.56		
-56.15   	-41.81   	 87.93   	 -86.47		
-54.93   	-43.95   	 87.59   	 -81.38		
-53.41   	-44.25   	 87.26   	 -81.38		
-52.19   	-42.42   	 86.94   	 -71.21		
-51.27   	-39.67   	 86.65   	 -66.12		
-51.57   	-37.84   	 86.39   	 -66.12		
-51.88   	-37.54   	 86.12   	 -66.12		
-51.27   	-37.54   	 85.86   	 -55.95		
-50.05   	-38.15   	 85.64   	 -55.95		
-48.83   	-38.76   	 85.41   	 -55.95		
-48.52   	-39.67   	 85.19   	 -55.95		
-49.74   	-40.59   	 84.96   	 -55.95		
-51.88   	-42.11   	 84.74   	 -50.86		
-52.80   	-43.64   	 84.54   	 -55.95		
-51.57   	-44.86   	 84.31   	 -55.95		
-49.44   	-45.78   	 84.09   	 -61.04		
-47.30   	-46.08   	 83.85   	 -66.12		
-46.39   	-44.56   	 83.58   	 -66.12		
-46.69   	-41.50   	 83.32   	 -76.30		
-47.61   	-38.15   	 83.01   	 -76.30		
-48.52   	-35.71   	 82.71   	 -86.47		
-49.13   	-36.01   	 82.36   	 -91.56		
-49.44   	-38.45   	 81.99   	 -96.64		
-50.35   	-42.42   	 81.61   	-101.73		
-51.27   	-46.08   	 81.20   	-106.82		
-52.80   	-48.83   	 80.77   	-106.82		
-54.02   	-49.44   	 80.35   	-116.99		
-54.63   	-48.52   	 79.88   	-116.99		
-53.41   	-46.08   	 79.41   	-116.99		
-50.96   	-43.03   	 78.94   	-122.07		
-48.52   	-40.28   	 78.45   	-116.99		
-47.30   	-39.06   	 77.99   	-116.99		
-48.22   	-39.06   	 77.52   	-116.99		
-50.66   	-40.28   	 77.05   	-111.90		
-53.41   	-41.50   	 76.60   	-106.82		
-55.24   	-41.81   	 76.17   	-101.73		
-54.93   	-40.28   	 75.77   	-101.73		
-53.41   	-38.15   	 75.36   	 -91.56		
-51.27   	-36.62   	 74.99   	 -81.38		
-49.44   	-36.62   	 74.67   	 -81.38		
-48.22   	-38.15   	 74.34   	 -76.30		
-47.61   	-40.28   	 74.04   	 -66.12		
-46.39   	-41.81   	 73.77   	 -61.04		
-45.17   	-41.50   	 73.53   	 -61.04		
-43.95   	-39.67   	 73.29   	 -50.86		
-43.03   	-36.32   	 73.08   	 -50.86		
-43.03   	-32.35   	 72.88   	 -50.86		
-43.64   	-30.52   	 72.68   	 -40.69		
-44.25   	-30.82   	 72.51   	 -40.69		
-44.86   	-33.57   	 72.35   	 -40.69		
-44.86   	-36.93   	 72.19   	 -40.69		
-43.95   	-38.76   	 72.02   	 -40.69		
-42.42   	-37.23   	 71.86   	 -35.61		
-39.67   	-32.35   	 71.72   	 -35.61		
-36.01   	-24.11   	 71.58   	 -35.61		
-30.52   	-12.51   	 71.43   	 -40.69		
-24.11   	  1.83   	 71.27   	 -35.61		
-17.70   	 16.78   	 71.13   	 -35.61		
-13.73   	 29.60   	 70.99   	 -35.61		
-12.51   	 37.84   	 70.84   	 -35.61		
-12.51   	 42.72   	 70.70   	 -35.61		
-11.29   	 47.00   	 70.56   	 -35.61		
 -6.41   	 54.02   	 70.42   	 -35.61		
  1.53   	 63.48   	 70.27   	 -35.61		
  9.77   	 71.72   	 70.13   	 -35.61		
 15.56   	 75.07   	 69.99   	 -35.61		
 17.40   	 72.33   	 69.85   	 -40.69		
 16.17   	 66.22   	 69.68   	 -40.69		
 13.12   	 59.51   	 69.52   	 -45.78		
  9.77   	 53.41   	 69.34   	 -40.69		
  7.02   	 47.00   	 69.18   	 -45.78		
  5.80   	 38.76   	 68.99   	 -50.86		
  5.19   	 28.69   	 68.79   	 -45.78		
  3.36   	 17.09   	 68.61   	 -50.86		
 -1.83   	  4.27   	 68.40   	 -55.95		
-11.29   	 -9.46   	 68.18   	 -50.86		
-23.80   	-24.11   	 67.98   	 -50.86		
-35.71   	-39.37   	 67.77   	 -55.95		
-44.25   	-52.80   	 67.55   	 -50.86		
-47.91   	-62.87   	 67.34   	 -50.86		
-47.61   	-69.27   	 67.14   	 -45.78		
-45.17   	-72.33   	 66.96   	 -45.78		
-43.33   	-73.55   	 66.77   	 -45.78		
-44.56   	-74.46   	 66.59   	 -40.69		
-48.22   	-75.99   	 66.43   	 -35.61		
-52.49   	-77.82   	 66.29   	 -35.61		
-55.24   	-79.35   	 66.14   	 -35.61		
-55.85   	-79.96   	 66.00   	 -35.61		
-55.54   	-79.96   	 65.86   	 -35.61		
-55.54   	-79.96   	 65.72   	 -40.69		
-56.76   	-80.26   	 65.55   	 -40.69		
-57.37   	-80.57   	 65.39   	 -45.78		
-57.07   	-79.65   	 65.21   	 -55.95		
-55.54   	-77.82   	 64.98   	 -55.95		
-54.02   	-75.68   	 64.76   	 -55.95		
-53.41   	-74.16   	 64.54   	 -61.04		
-54.02   	-73.24   	 64.29   	 -55.95		
-55.24   	-71.72   	 64.07   	 -55.95		
-58.59   	-65.61   	 63.85   	 -50.86		
-66.53   	-49.13   	 63.64   	 -50.86		
-82.70   	-17.70   	 63.44   	 -35.61		
-104.98   	 25.63   	 63.30   	 -25.43		
-120.85   	 67.44   	 63.19   	 -20.35		
-108.95   	 91.25   	 63.11   	  -5.09		
-47.00   	 85.75   	 63.09(D)	   5.09		
 74.16   	 57.07   	 63.11   	  10.17		
245.06   	 14.04   	 63.15   	  25.43		
440.37   	-48.83   	 63.26   	  25.43		
628.97   	-145.87   	 63.36   	  35.61		
777.59   	-278.02   	 63.50   	  35.61		
851.75(R)	-414.73   	 63.64   	  35.61		
822.14   	-499.27   	 63.78   	  35.61		
679.02   	-491.94   	 63.93   	  35.61		
450.74   	-409.24   	 64.07   	  25.43		
204.47   	-306.70   	 64.17   	  25.43		
 11.29   	-230.41   	 64.27   	  15.26		
-87.28   	-185.24   	 64.33   	  10.17		
-98.27   	-143.43   	 64.37   	   5.09		
-63.78   	-85.45   	 64.39   	   0.00		
-26.86   	-24.72   	 64.39   	 -10.17		
 -8.54   	 10.07   	 64.35   	 -15.26		
 -8.24   	  7.63   	 64.29   	 -15.26		
-15.87   	-16.48   	 64.23   	 -15.26		
-24.11   	-36.62   	 64.17   	 -15.26		
-29.91   	-39.67   	 64.11   	 -10.17		
-33.26   	-30.82   	 64.07   	  -5.09		
-35.10   	-21.36   	 64.05   	   0.00		
-35.40   	-17.40   	 64.05   	   0.00		
-35.10   	-17.70   	 64.05   	  10.17		
-34.79   	-18.31   	 64.09   	  10.17		
-33.57   	-17.70   	 64.13   	   5.09		
-31.43   	-15.87   	 64.15   	  15.26		
-28.99   	-13.43   	 64.21   	  10.17		
-27.16   	-11.90   	 64.25   	  10.17		
-25.94   	-10.99   	 64.29   	  15.26		
-25.02   	-10.68   	 64.35   	  20.35		
-23.50   	 -9.77   	 64.44   	  30.52		
-21.67   	 -8.24   	 64.56   	  40.69		
-19.53   	 -6.41   	 64.72   	  50.86		
-17.70   	 -4.88   	 64.92   	  66.12		
-15.87   	 -3.36   	 65.19   	  81.38		
-14.65   	 -2.44   	 65.51   	  96.64		
-13.43   	 -1.83   	 65.90   	 116.99		
-11.60   	 -0.61   	 66.37   	 137.33		
 -8.85   	  0.61   	 66.92   	 152.59		
 -5.80   	  3.05   	 67.53   	 167.85		
 -3.05   	  6.10   	 68.20   	 178.03		
  0.00   	  9.77   	 68.91   	 198.37		
  2.75   	 12.51   	 69.70   	 203.46		
  5.80   	 14.65   	 70.52   	 213.63		
  9.16   	 16.17   	 71.37   	 218.72		
 13.12   	 18.01   	 72.25   	 223.80		
 17.70   	 20.75   	 73.14   	 223.80		
 22.28   	 24.72   	 74.04   	 213.63		
 26.55   	 29.30   	 74.89   	 213.63		
 30.82   	 33.87   	 75.75   	 203.46		
 34.48   	 37.84   	 76.56   	 193.29		
 38.76   	 40.89   	 77.33   	 178.03		
 43.64   	 43.95   	 78.05   	 172.94		
 49.74   	 48.22   	 78.74   	 162.77		
 57.07   	 54.02   	 79.39   	 147.51		
 64.70   	 61.34   	 79.98   	 147.51		
 72.63   	 68.97   	 80.57   	 147.51		
 81.48   	 76.90   	 81.16   	 142.42		
 91.55   	 84.53   	 81.73   	 147.51		
102.84   	 92.16   	 82.32   	 152.59		
115.05   	100.40   	 82.93   	 157.68		
127.56   	109.56   	 83.56   	 162.77		
140.38   	119.02   	 84.21   	 167.85		
153.50   	129.09   	 84.88   	 172.94		
167.54   	139.47   	 85.57   	 183.11		
182.80   	149.84   	 86.31   	 183.11		
198.06   	160.52   	 87.04   	 193.29		
213.32   	170.90   	 87.81   	 193.29		
227.36   	181.27   	 88.59   	 198.37		
239.87   	191.04   	 89.38   	 203.46		
251.16   	199.89   	 90.19   	 208.54		
260.93   	206.60   	 91.03   	 208.54		
268.25   	210.57   	 91.86   	 208.54		
273.44   	211.18   	 92.70   	 213.63		
275.57   	208.74   	 93.55   	 218.72		
274.35   	204.77   	 94.42   	 213.63		
268.55   	198.67   	 95.28   	 208.54		
256.35   	190.73   	 96.11   	 208.54		
238.04   	180.36   	 96.95   	 193.29		
213.93   	167.54   	 97.72   	 188.20		
186.46   	152.89   	 98.47   	 172.94		
156.86   	137.33   	 99.17   	 162.77		
126.95   	121.15   	 99.82   	 152.59		
 98.27   	104.98   	100.43   	 132.25		
 71.41   	 89.11   	100.96   	 127.16		
 47.30   	 74.16   	101.46   	 106.82		
 26.55   	 60.12   	101.89   	 101.73		
  8.54   	 47.61   	102.30   	  86.47		
 -6.71   	 36.01   	102.64   	  76.30		
-19.53   	 25.02   	102.95   	  66.12		
-30.52   	 14.34   	103.21   	  61.04		
-39.98   	  3.97   	103.46   	  50.86		
-47.91   	 -4.88   	103.66   	  40.69		
-53.71   	-11.90   	103.82   	  35.61		
-58.29   	-16.78   	103.97   	  30.52		
-61.34   	-20.14   	104.09   	  25.43		
-63.78   	-22.89   	104.19   	  15.26		
-65.61   	-25.02   	104.25   	   5.09		
-66.83   	-26.86   	104.27(S)	   0.00		
-66.83   	-28.08   	104.27   	 -15.26		
-65.61   	-29.60   	104.21   	 -25.43		
-64.09   	-31.13   	104.11   	 -40.69		
-62.87   	-32.96   	103.95   	 -61.04		
-62.26   	-34.48   	103.70   	 -86.47		
-61.95   	-35.71   	103.36   	-101.73		
-61.34   	-36.93   	102.95   	-122.07		
-60.73   	-37.84   	102.46   	-142.42		
-60.42   	-39.37   	101.89   	-152.59		
-60.42   	-40.59   	101.28   	-167.85		
-61.34   	-41.81   	100.61   	-167.85		
-62.26   	-42.72   	 99.94   	-167.85		
-63.48   	-42.72   	 99.27   	-162.77		
-64.09   	-42.72   	 98.62   	-152.59		
-65.00   	-42.42   	 98.01   	-142.42		
-65.61   	-42.72   	 97.44   	-132.25		
-65.92   	-43.64   	 96.91   	-116.99		
-65.61   	-44.86   	 96.44   	-106.82		
-65.00   	-45.47   	 96.01   	-101.73		
-64.39   	-45.78   	 95.60   	 -91.56		
-64.09   	-45.47   	 95.24   	 -81.38		
-64.09   	-44.25   	 94.91   	 -81.38		
-63.78   	-41.81   	 94.59   	 -76.30		
-62.26   	-39.37   	 94.28   	 -76.30		
-59.51   	-36.93   	 93.98   	 -76.30		
-56.76   	-35.10   	 93.67   	 -76.30		
-54.63   	-34.48   	 93.37   	 -76.30		
-53.41   	-34.79   	 93.06   	 -81.38		
-53.41   	-35.40   	 92.74   	 -81.38		
-53.71   	-35.40   	 92.41   	 -91.56		
-54.02   	-35.40   	 92.04   	 -91.56		
-54.32   	-35.40   	 91.68   	-101.73		
-54.02   	-35.40   	 91.27   	-101.73		
-53.71   	-35.71   	 90.86   	-101.73		
-53.41   	-36.62   	 90.46   	-111.90		
-52.80   	-37.54   	 90.01   	-106.82		
-52.19   	-37.84   	 89.58   	-111.90		
-50.96   	-37.84   	 89.13   	-106.82		
-49.74   	-37.23   	 88.71   	-106.82		
-48.52   	-36.93   	 88.28   	-101.73		
-48.22   	-36.93   	 87.87   	 -96.64		
-48.83   	-36.93   	 87.49   	 -91.56		
-49.74   	-37.23   	 87.12   	 -91.56		
-50.96   	-37.54   	 86.75   	 -81.38		
-51.57   	-38.45   	 86.43   	 -81.38		
-51.57   	-39.98   	 86.10   	 -71.21		
-51.57   	-41.50   	 85.82   	 -76.30		
-51.88   	-42.72   	 85.51   	 -66.12		
-52.19   	-43.64   	 85.25   	 -66.12		
-52.49   	-43.64   	 84.98   	 -66.12		
-52.80   	-43.03   	 84.72   	 -66.12		
-52.49   	-42.72   	 84.46   	 -61.04		
-51.88   	-43.03   	 84.21   	 -66.12		
-50.96   	-43.64   	 83.95   	 -71.21		
-50.66   	-44.25   	 83.66   	 -66.12		
-50.66   	-44.25   	 83.40   	 -71.21		
-51.57   	-43.03   	 83.11   	 -71.21		
-52.80   	-41.50   	 82.83   	 -76.30		
-54.02   	-39.98   	 82.52   	 -76.30		
-54.93   	-39.06   	 82.22   	 -81.38		
-55.24   	-38.45   	 81.89   	 -81.38		
-54.32   	-37.54   	 81.57   	 -86.47		
-52.49   	-36.62   	 81.22   	 -91.56		
-50.96   	-35.40   	 80.85   	 -96.64		
-50.05   	-33.87   	 80.47   	 -96.64		
-50.05   	-32.96   	 80.08   	-101.73		
-51.27   	-32.65   	 79.67   	-101.73		
-53.71   	-33.26   	 79.27   	-101.73		
-56.15   	-35.10   	 78.86   	-106.82		
-57.07   	-36.93   	 78.43   	-101.73		
-54.32   	-36.62   	 78.03   	-106.82		
-48.83   	-33.26   	 77.60   	-106.82		
-43.33   	-28.69   	 77.17   	-101.73		
-40.89   	-25.63   	 76.76   	-101.73		
-43.33   	-26.86   	 76.36   	-101.73		
-47.91   	-31.13   	 75.95   	 -96.64		
-51.27   	-34.79   	 75.56   	 -96.64		
-50.35   	-35.10   	 75.18   	 -91.56		
-47.30   	-32.65   	 74.81   	 -91.56		
-44.56   	-29.60   	 74.45   	 -91.56		
-43.64   	-28.08   	 74.08   	 -86.47		
-44.56   	-28.38   	 73.73   	 -86.47		
-45.78   	-29.60   	 73.39   	 -86.47		
-46.39   	-29.91   	 73.04   	 -81.38		
-45.47   	-28.99   	 72.72   	 -76.30		
-44.25   	-27.16   	 72.41   	 -81.38		
-42.42   	-25.33   	 72.09   	 -76.30		
-40.59   	-23.50   	 71.78   	 -76.30		
-39.67   	-22.89   	 71.47   	 -76.30		
-39.06   	-22.58   	 71.17   	 -71.21		
-38.15   	-21.06   	 70.88   	 -76.30		
-35.40   	-16.48   	 70.58   	 -66.12		
-30.82   	 -7.02   	 70.32   	 -66.12		
-24.72   	  7.63   	 70.05   	 -66.12		
-18.62   	 25.02   	 69.79   	 -66.12		
-14.04   	 40.89   	 69.52   	 -61.04		
-12.21   	 51.88   	 69.28   	 -55.95		
-11.90   	 56.46   	 69.05   	 -61.04		
-12.21   	 57.37   	 68.81   	 -55.95		
-10.07   	 59.51   	 68.59   	 -55.95		
 -4.88   	 65.61   	 68.36   	 -50.86		
  2.75   	 74.77   	 68.16   	 -50.86		
 10.38   	 83.01   	 67.95   	 -50.86		
 16.48   	 85.75   	 67.75   	 -50.86		
 19.84   	 82.70   	 67.55   	 -45.78		
 19.84   	 76.90   	 67.36   	 -45.78		
 17.70   	 71.41   	 67.18   	 -45.78		
 14.34   	 67.44   	 67.00   	 -40.69		
 10.99   	 62.87   	 66.84   	 -45.78		
  8.85   	 54.63   	 66.65   	 -40.69		
  7.63   	 41.50   	 66.49   	 -40.69		
  4.88   	 25.33   	 66.33   	 -35.61		
 -0.92   	  9.77   	 66.18   	 -35.61		
-10.07   	 -3.36   	 66.04   	 -40.69		
-20.45   	-14.04   	 65.88   	 -30.52		
-28.99   	-24.72   	 65.76   	 -35.61		
-34.48   	-36.62   	 65.62   	 -30.52		
-37.23   	-48.52   	 65.49   	 -30.52		
-38.15   	-56.76   	 65.37   	 -30.52		
-38.15   	-60.42   	 65.25   	 -25.43		
-38.15   	-60.12   	 65.15   	 -25.43		
-38.45   	-60.12   	 65.05   	 -20.35		
-39.98   	-61.95   	 64.96   	 -25.43		
-42.42   	-66.53   	 64.86   	 -20.35		
-45.47   	-71.11   	 64.78   	 -20.35		
-47.91   	-73.85   	 64.70   	 -25.43		
-49.44   	-74.77   	 64.60   	 -30.52		
-50.05   	-74.16   	 64.48   	 -30.52		
-50.05   	-73.55   	 64.35   	 -40.69		
-50.05   	-73.55   	 64.19   	 -40.69		
-50.05   	-74.16   	 64.03   	 -50.86		
-50.35   	-74.46   	 63.82   	 -50.86		
-50.35   	-74.77   	 63.62   	 -55.95		
-50.05   	-74.16   	 63.40   	 -61.04		
-49.74   	-72.33   	 63.15   	 -61.04		
-50.35   	-68.36   	 62.91   	 -61.04		
-54.63   	-57.37   	 62.67   	 -61.04		
-65.92   	-33.57   	 62.42   	 -55.95		
-86.67   	  7.63   	 62.20   	 -50.86		
-112.30   	 61.65   	 61.99   	 -50.86		
-127.87   	114.14   	 61.79   	 -40.69		
-110.17   	147.09   	 61.63   	 -30.52		
-39.67   	151.06   	 61.51   	 -20.35		
 89.11   	129.70   	 61.42   	  -5.09		
262.76   	 87.59   	 61.40(D)	   0.00		
454.10   	 14.34   	 61.40   	  10.17		
633.54   	-103.45   	 61.44   	  25.43		
770.87   	-258.18   	 61.55   	  30.52		
836.49(R)	-409.55   	 61.67   	  40.69		
805.97   	-499.57   	 61.83   	  40.69		
673.22   	-497.13   	 61.99   	  45.78		
465.70   	-426.64   	 62.18   	  50.86		
243.84   	-342.71   	 62.38   	  45.78		
 69.27   	-280.46   	 62.56   	  40.69		
-23.50   	-233.76   	 62.73   	  40.69		
-41.20   	-177.00   	 62.89   	  30.52		
-21.06   	-101.93   	 63.01   	  20.35		
  0.00   	-32.04   	 63.09   	  20.35		
  5.19   	  3.05   	 63.17   	  10.17		
 -3.66   	 -2.44   	 63.21   	   0.00		
-16.78   	-26.86   	 63.21   	   0.00		
-26.86   	-43.95   	 63.21   	   0.00		
-31.74   	-42.42   	 63.21   	   0.00		
-32.65   	-29.91   	 63.21   	   5.09		
-32.35   	-18.62   	 63.23   	   0.00		
-32.35   	-14.04   	 63.23   	  10.17		
-32.96   	-15.56   	 63.28   	  10.17		
-34.48   	-18.92   	 63.32   	  15.26		
-34.79   	-21.06   	 63.38   	  20.35		
-33.87   	-20.45   	 63.46   	  25.43		
-31.74   	-17.40   	 63.56   	  40.69		
-29.91   	-13.73   	 63.72   	  50.86		
-28.69   	-10.99   	 63.93   	  61.04		
-28.38   	 -9.77   	 64.17   	  76.30		
-27.77   	 -9.46   	 64.48   	  96.64		
-26.55   	 -9.46   	 64.86   	 111.90		
-25.33   	 -8.54   	 65.31   	 127.16		
-23.80   	 -7.02   	 65.82   	 137.33		
-22.28   	 -5.19   	 66.37   	 157.68		
-20.45   	 -3.05   	 67.00   	 167.85		
-18.62   	 -1.53   	 67.67   	 178.03		
-16.48   	  0.31   	 68.38   	 188.20		
-14.04   	  2.44   	 69.14   	 198.37		
-12.21   	  4.88   	 69.93   	 208.54		
-10.99   	  7.32   	 70.76   	 208.54		
 -9.77   	  9.77   	 71.60   	 218.72		
 -8.24   	 11.60   	 72.47   	 218.72		
 -6.10   	 13.73   	 73.35   	 223.80		
 -3.66   	 15.87   	 74.24   	 223.80		
 -0.61   	 19.23   	 75.14   	 223.80		
  3.05   	 23.80   	 76.03   	 218.72		
  7.02   	 29.30   	 76.91   	 218.72		
 10.99   	 34.79   	 77.78   	 213.63		
 14.95   	 39.98   	 78.64   	 208.54		
 18.92   	 43.64   	 79.47   	 198.37		
 22.58   	 46.69   	 80.26   	 193.29		
 26.86   	 49.44   	 81.04   	 188.20		
 31.43   	 52.49   	 81.79   	 183.11		
 36.93   	 56.76   	 82.52   	 183.11		
 43.95   	 62.26   	 83.26   	 183.11		
 52.80   	 69.27   	 83.99   	 183.11		
 62.87   	 77.82   	 84.72   	 188.20		
 73.55   	 87.28   	 85.47   	 188.20		
 84.84   	 97.66   	 86.23   	 193.29		
 95.52   	108.34   	 87.00   	 198.37		
106.81   	119.02   	 87.79   	 198.37		
118.71   	129.70   	 88.59   	 203.46		
131.84   	140.38   	 89.40   	 208.54		
145.87   	150.45   	 90.23   	 213.63		
159.91   	160.22   	 91.09   	 223.80		
174.56   	169.98   	 91.98   	 228.89		
188.90   	179.75   	 92.90   	 233.98		
202.64   	189.82   	 93.83   	 239.06		
215.45   	199.28   	 94.79   	 244.15		
227.05   	207.21   	 95.77   	 249.24		
236.82   	213.32   	 96.76   	 249.24		
245.06   	217.59   	 97.76   	 249.24		
251.77   	220.03   	 98.76   	 239.06		
255.74   	220.64   	 99.71   	 233.98		
255.43   	217.90   	100.65   	 228.89		
249.94   	211.49   	101.57   	 213.63		
238.34   	201.42   	102.42   	 198.37		
220.95   	188.90   	103.21   	 193.29		
198.97   	174.56   	103.99   	 172.94		
173.65   	159.61   	104.68   	 162.77		
145.87   	143.43   	105.33   	 147.51		
117.19   	126.95   	105.92   	 132.25		
 89.11   	110.47   	106.45   	 122.07		
 63.17   	 94.30   	106.94   	 111.90		
 39.67   	 79.04   	107.39   	 101.73		
 19.23   	 64.09   	107.79   	  91.56		
  1.22   	 49.74   	108.16   	  86.47		
-14.04   	 36.32   	108.50   	  76.30		
-26.86   	 25.02   	108.81   	  76.30		
-36.62   	 15.26   	109.11   	  66.12		
-44.25   	  7.32   	109.38   	  66.12		
-50.66   	  0.00   	109.64   	  61.04		
-56.15   	 -7.02   	109.89   	  50.86		
-61.04   	-13.12   	110.09   	  50.86		
-64.70   	-18.01   	110.29   	  40.69		
-67.14   	-21.06   	110.46   	  35.61		
-68.97   	-22.58   	110.60   	  25.43		
-70.19   	-24.11   	110.70   	  15.26		
-71.72   	-25.94   	110.76   	   5.09		
-72.94   	-28.38   	110.78(S)	 -10.17		
-73.85   	-30.82   	110.74   	 -25.43		
-73.85   	-32.04   	110.64   	 -40.69		
-73.24   	-32.65   	110.48   	 -61.04		
-71.72   	-32.35   	110.23   	 -86.47		
-70.19   	-32.65   	109.89   	-101.73		
-68.97   	-33.57   	109.48   	-132.25		
-68.05   	-35.71   	108.95   	-147.51		
-67.75   	-38.15   	108.36   	-167.85		
-68.05   	-39.98   	107.69   	-183.11		
-68.05   	-41.20   	106.96   	-193.29		
-68.05   	-41.50   	106.18   	-193.29		
-67.44   	-41.20   	105.41   	-188.20		
-66.83   	-41.20   	104.66   	-178.03		
-66.53   	-40.89   	103.95   	-167.85		
-66.83   	-41.20   	103.28   	-147.51		
-66.83   	-41.20   	102.69   	-142.42		
-65.92   	-41.50   	102.12   	-127.16		
-64.39   	-41.81   	101.61   	-122.07		
-62.87   	-42.11   	101.12   	-116.99		
-62.56   	-42.42   	100.65   	-111.90		
-62.87   	-42.42   	100.20   	-116.99		
-64.09   	-42.11   	 99.74   	-122.07		
-64.70   	-41.81   	 99.25   	-122.07		
-64.70   	-41.20   	 98.76   	-132.25		
-64.09   	-40.28   	 98.23   	-132.25		
-63.78   	-39.67   	 97.70   	-137.33		
-63.48   	-38.76   	 97.15   	-142.42		
-63.78   	-37.84   	 96.58   	-142.42		
-64.39   	-36.93   	 96.01   	-137.33		
-65.00   	-35.71   	 95.46   	-137.33		
-65.61   	-33.87   	 94.91   	-132.25		
-65.31   	-32.35   	 94.38   	-127.16		
-64.39   	-30.52   	 93.88   	-116.99		
-63.78   	-29.60   	 93.41   	-106.82		
-63.78   	-28.99   	 92.98   	-101.73		
-64.70   	-28.69   	 92.57   	-101.73		
-65.92   	-28.38   	 92.17   	 -91.56		
-66.83   	-27.77   	 91.80   	 -86.47		
-66.53   	-27.47   	 91.45   	 -86.47		
-65.92   	-26.86   	 91.11   	 -86.47		
-65.00   	-26.55   	 90.76   	 -81.38		
-64.70   	-25.63   	 90.44   	 -81.38		
-65.00   	-24.41   	 90.11   	 -81.38		
-65.31   	-23.50   	 89.79   	 -81.38		
-65.31   	-23.50   	 89.46   	 -81.38		
-64.70   	-24.11   	 89.13   	 -76.30		
-64.39   	-24.11   	 88.83   	 -76.30		
-63.78   	-23.50   	 88.52   	 -71.21		
-63.48   	-21.97   	 88.24   	 -71.21		
-63.17   	-20.75   	 87.95   	 -71.21		
-62.26   	-19.84   	 87.67   	 -71.21		
-61.34   	-19.23   	 87.39   	 -66.12		
-60.12   	-18.92   	 87.12   	 -71.21		
-59.20   	-18.62   	 86.84   	 -66.12		
-58.90   	-18.01   	 86.57   	 -71.21		
-59.20   	-17.40   	 86.29   	 -76.30		
-59.81   	-16.48   	 85.98   	 -76.30		
-60.12   	-15.87   	 85.68   	 -81.38		
-59.51   	-14.65   	 85.35   	 -86.47		
-58.59   	-13.43   	 85.00   	 -91.56		
-57.68   	-12.51   	 84.64   	 -96.64		
-57.07   	-12.21   	 84.25   	 -96.64		
-57.37   	-12.82   	 83.87   	-106.82		
-58.90   	-14.34   	 83.44   	-111.90		
-60.73   	-16.17   	 82.99   	-111.90		
-62.56   	-18.01   	 82.54   	-116.99		
-62.87   	-18.92   	 82.07   	-122.07		
-61.65   	-19.23   	 81.59   	-122.07		
-59.20   	-18.62   	 81.10   	-122.07		
-56.76   	-18.31   	 80.61   	-122.07		
-55.54   	-18.01   	 80.12   	-122.07		
-56.46   	-18.31   	 79.63   	-122.07		
-58.29   	-18.62   	 79.15   	-116.99		
-59.81   	-19.23   	 78.68   	-111.90		
-60.12   	-19.53   	 78.23   	-106.82		
-59.20   	-19.53   	 77.80   	-106.82		
-57.98   	-20.14   	 77.38   	 -96.64		
-57.07   	-20.75   	 76.99   	 -91.56		
-56.76   	-21.67   	 76.62   	 -86.47		
-56.76   	-21.97   	 76.28   	 -81.38		
-56.76   	-21.97   	 75.95   	 -76.30		
-56.76   	-21.06   	 75.65   	 -71.21		
-56.46   	-19.84   	 75.36   	 -66.12		
-56.15   	-18.92   	 75.10   	 -66.12		
-55.85   	-18.62   	 74.83   	 -66.12		
-55.24   	-18.92   	 74.57   	 -61.04		
-54.63   	-19.53   	 74.32   	 -61.04		
-54.02   	-19.84   	 74.08   	 -66.12		
-52.80   	-19.84   	 73.81   	 -61.04		
-51.27   	-18.62   	 73.57   	 -61.04		
-48.83   	-15.56   	 73.33   	 -61.04		
-45.17   	 -8.85   	 73.08   	 -61.04		
-40.28   	  2.14   	 72.84   	 -66.12		
-34.79   	 16.78   	 72.57   	 -61.04		
-29.91   	 32.04   	 72.33   	 -61.04		
-26.86   	 44.25   	 72.09   	 -61.04		
-25.63   	 50.96   	 71.84   	 -61.04		
-25.33   	 54.02   	 71.60   	 -61.04		
-23.19   	 57.07   	 71.35   	 -55.95		
-18.01   	 63.78   	 71.13   	 -55.95		
-10.38   	 74.16   	 70.91   	 -50.86		
 -1.83   	 83.62   	 70.70   	 -50.86		
  4.58   	 87.59   	 70.50   	 -50.86		
  7.32   	 85.14   	 70.29   	 -45.78		
  7.02   	 79.04   	 70.11   	 -45.78		
  4.88   	 74.16   	 69.93   	 -40.69		
  2.14   	 71.41   	 69.77   	 -40.69		
 -0.31   	 68.97   	 69.60   	 -40.69		
 -1.83   	 62.87   	 69.44   	 -40.69		
 -2.75   	 50.96   	 69.28   	 -40.69		
 -4.88   	 34.18   	 69.11   	 -35.61		
-10.07   	 17.09   	 68.97   	 -35.61		
-18.92   	  2.14   	 68.83   	 -35.61		
-29.91   	-10.07   	 68.69   	 -40.69		
-40.28   	-20.45   	 68.52   	 -30.52		
-47.30   	-30.21   	 68.40   	 -35.61		
-50.96   	-39.67   	 68.26   	 -35.61		
-51.57   	-47.00   	 68.12   	 -30.52		
-50.96   	-51.27   	 68.00   	 -30.52		
-50.66   	-52.80   	 67.87   	 -25.43		
-51.57   	-53.41   	 67.77   	 -30.52		
-53.71   	-54.63   	 67.65   	 -25.43		
-56.46   	-56.46   	 67.55   	 -25.43		
-58.90   	-58.90   	 67.45   	 -30.52		
-60.73   	-61.04   	 67.32   	 -30.52		
-62.26   	-62.56   	 67.20   	 -35.61		
-63.48   	-64.39   	 67.06   	 -35.61		
-64.70   	-65.92   	 66.92   	 -40.69		
-65.31   	-67.14   	 66.75   	 -45.78		
-65.92   	-67.44   	 66.57   	 -50.86		
-66.22   	-67.14   	 66.37   	 -55.95		
-66.22   	-65.61   	 66.14   	 -61.04		
-66.22   	-63.78   	 65.90   	 -61.04		
-65.92   	-61.65   	 65.66   	 -66.12		
-66.22   	-59.20   	 65.39   	 -66.12		
-68.97   	-54.02   	 65.13   	 -66.12		
-76.60   	-39.67   	 64.86   	 -71.21		
-91.86   	 -9.77   	 64.58   	 -61.04		
-114.75   	 36.93   	 64.33   	 -61.04		
-137.02   	 90.03   	 64.09   	 -50.86		
-139.47   	132.14   	 63.89   	 -40.69		
-99.49   	147.40   	 63.72   	 -30.52		
 -1.22   	132.45   	 63.60   	 -15.26		
152.89   	 96.13   	 63.54   	  -5.09		
342.10   	 38.15   	 63.52(D)	   5.09		
535.89   	-55.24   	 63.54   	  20.35		
702.51   	-191.65   	 63.62   	  30.52		
810.55   	-348.82   	 63.74   	  35.61		
832.52(R)	-475.16   	 63.89   	  45.78		
750.43   	-518.49   	 64.07   	  45.78		
572.81   	-473.02   	 64.25   	  45.78		
345.46   	-383.91   	 64.44   	  40.69		
133.97   	-304.26   	 64.60   	  40.69		
 -7.93   	-251.77   	 64.76   	  35.61		
-62.87   	-205.69   	 64.90   	  25.43		
-55.24   	-142.21   	 65.00   	  15.26		
-27.47   	-66.53   	 65.07   	  10.17		
-10.38   	 -8.85   	 65.11   	   5.09		
-11.90   	  8.24   	 65.13   	  -5.09		
-24.72   	 -7.93   	 65.11   	  -5.09		
-38.15   	-31.13   	 65.09   	 -10.17		
-46.39   	-39.98   	 65.05   	 -10.17		
-49.44   	-32.35   	 65.00   	  -5.09		
-49.74   	-19.53   	 64.98   	  -5.09		
-49.13   	-11.29   	 64.96   	   0.00		
-48.52   	 -9.46   	 64.96   	   0.00		
-48.52   	-10.99   	 64.96   	   5.09		
-48.83   	-12.51   	 64.98   	  10.17		
-49.13   	-11.60   	 65.03   	  15.26		
-49.13   	 -8.85   	 65.09   	  20.35		
-48.52   	 -5.80   	 65.17   	  25.43		
-47.61   	 -3.97   	 65.27   	  40.69		
-46.08   	 -3.36   	 65.43   	  50.86		
-43.95   	 -3.97   	 65.64   	  61.04		
-41.81   	 -3.66   	 65.88   	  81.38		
-39.37   	 -2.44   	 66.21   	  91.56		
-36.62   	  0.00   	 66.57   	 111.90		
-34.18   	  2.75   	 67.02   	 122.07		
-32.65   	  5.19   	 67.51   	 142.42		
-31.74   	  6.71   	 68.08   	 157.68		
-31.13   	  7.63   	 68.71   	 167.85		
-30.52   	  7.63   	 69.38   	 183.11		
-28.69   	  7.93   	 70.11   	 198.37		
-26.55   	  8.54   	 70.91   	 203.46		
-23.80   	  9.77   	 71.72   	 213.63		
-21.06   	 11.90   	 72.57   	 223.80		
-18.62   	 14.04   	 73.47   	 223.80		
-16.48   	 16.48   	 74.36   	 233.98		
-14.34   	 18.62   	 75.30   	 228.89		
-11.90   	 20.45   	 76.22   	 233.98		
 -9.16   	 22.28   	 77.15   	 228.89		
 -5.49   	 25.33   	 78.07   	 228.89		
 -0.92   	 29.60   	 78.98   	 213.63		
  3.97   	 34.48   	 79.84   	 208.54		
  9.16   	 39.67   	 80.67   	 198.37		
 14.34   	 44.86   	 81.46   	 188.20		
 19.23   	 49.74   	 82.22   	 183.11		
 24.72   	 54.32   	 82.95   	 178.03		
 30.52   	 58.90   	 83.66   	 172.94		
 37.23   	 63.78   	 84.35   	 178.03		
 45.17   	 69.58   	 85.07   	 183.11		
 54.63   	 77.21   	 85.80   	 183.11		
 65.31   	 86.67   	 86.53   	 188.20		
 77.21   	 97.35   	 87.28   	 193.29		
 89.42   	108.34   	 88.06   	 198.37		
102.54   	118.41   	 88.85   	 203.46		
115.97   	127.87   	 89.66   	 208.54		
130.31   	137.33   	 90.50   	 213.63		
144.96   	147.40   	 91.35   	 218.72		
159.61   	158.08   	 92.23   	 223.80		
173.03   	168.76   	 93.12   	 228.89		
186.16   	179.14   	 94.04   	 228.89		
198.67   	188.60   	 94.95   	 239.06		
211.49   	197.14   	 95.91   	 239.06		
223.39   	203.55   	 96.87   	 244.15		
233.46   	208.44   	 97.84   	 244.15		
240.48   	210.88   	 98.82   	 239.06		
244.45   	211.79   	 99.78   	 239.06		
245.36   	211.18   	100.73   	 223.80		
243.23   	208.74   	101.63   	 218.72		
236.51   	203.55   	102.50   	 208.54		
223.39   	195.31   	103.34   	 193.29		
203.55   	183.41   	104.11   	 178.03		
178.22   	169.37   	104.82   	 162.77		
150.15   	153.81   	105.47   	 147.51		
121.15   	137.63   	106.06   	 137.33		
 92.77   	120.85   	106.61   	 127.16		
 66.22   	104.06   	107.12   	 111.90		
 40.59   	 87.28   	107.57   	 101.73		
 17.09   	 71.41   	107.98   	  91.56		
 -4.27   	 56.76   	108.34   	  91.56		
-22.28   	 43.95   	108.71   	  76.30		
-36.62   	 32.65   	109.01   	  76.30		
-48.22   	 22.58   	109.32   	  66.12		
-57.68   	 13.12   	109.58   	  66.12		
-65.92   	  3.97   	109.85   	  55.95		
-72.94   	 -4.27   	110.07   	  50.86		
-79.04   	-11.29   	110.27   	  45.78		
-83.31   	-17.09   	110.46   	  40.69		
-85.75   	-21.36   	110.62   	  30.52		
-87.28   	-24.72   	110.74   	  20.35		
-88.50   	-27.47   	110.82   	  15.26		
-90.33   	-29.91   	110.88   	   5.09		
-92.16   	-31.43   	110.90   	 -10.17		
-93.69   	-31.74   	110.86   	 -25.43		
-93.69   	-31.13   	110.76   	 -40.69		
-92.16   	-30.21   	110.60   	 -61.04		
-90.03   	-29.91   	110.36   	 -86.47		
-87.89   	-30.52   	110.01   	-101.73		
-86.36   	-32.35   	109.60   	-132.25		
-86.06   	-33.87   	109.07   	-152.59		
-86.06   	-35.40   	108.46   	-167.85		
-85.45   	-36.32   	107.79   	-183.11		
-83.92   	-36.62   	107.06   	-188.20		
-81.48   	-37.23   	106.31   	-193.29		
-79.65   	-37.84   	105.53   	-183.11		
-78.74   	-39.06   	104.80   	-178.03		
-79.04   	-40.59   	104.09   	-167.85		
-79.96   	-42.11   	103.42   	-147.51		
-80.57   	-43.33   	102.83   	-137.33		
-80.26   	-43.95   	102.28   	-127.16		
-79.04   	-44.25   	101.77   	-122.07		
-77.82   	-44.56   	101.28   	-111.90		
-76.90   	-44.86   	100.83   	-106.82		
-77.51   	-45.17   	100.41   	-106.82		
-79.04   	-45.17   	 99.98   	-111.90		
-80.87   	-44.86   	 99.53   	-116.99		
-82.70   	-44.86   	 99.06   	-116.99		
-83.62   	-44.86   	 98.60   	-127.16		
-83.31   	-44.86   	 98.09   	-127.16		
-82.70   	-44.25   	 97.58   	-137.33		
-82.40   	-42.72   	 97.03   	-132.25		
-82.09   	-40.59   	 96.50   	-137.33		
-81.79   	-37.54   	 95.95   	-132.25		
-81.48   	-34.48   	 95.42   	-127.16		
-81.18   	-32.35   	 94.91   	-127.16		
-80.87   	-31.74   	 94.40   	-111.90		
-81.48   	-32.65   	 93.96   	-111.90		
-82.40   	-33.87   	 93.51   	-101.73		
-83.31   	-35.10   	 93.10   	 -91.56		
-83.62   	-35.10   	 92.74   	 -91.56		
-83.31   	-34.18   	 92.37   	 -86.47		
-82.40   	-33.26   	 92.02   	 -81.38		
-81.48   	-32.65   	 91.70   	 -76.30		
-81.18   	-32.96   	 91.39   	 -81.38		
-81.48   	-33.26   	 91.07   	 -76.30		
-82.09   	-33.57   	 90.76   	 -81.38		
-82.70   	-32.96   	 90.44   	 -71.21		
-82.40   	-31.74   	 90.15   	 -76.30		
-81.79   	-29.91   	 89.85   	 -71.21		
-81.18   	-28.38   	 89.56   	 -71.21		
-80.87   	-27.77   	 89.28   	 -71.21		
-80.87   	-27.47   	 88.99   	 -66.12		
-80.87   	-26.86   	 88.73   	 -66.12		
-80.26   	-26.25   	 88.46   	 -61.04		
-79.04   	-25.33   	 88.22   	 -66.12		
-77.51   	-25.33   	 87.95   	 -66.12		
-76.60   	-25.94   	 87.69   	 -66.12		
-76.60   	-26.25   	 87.43   	 -66.12		
-77.21   	-26.25   	 87.16   	 -71.21		
-77.82   	-25.94   	 86.88   	  N/A		
